 key  value
8122 518.968
8123 514.968
8124 510.968
8125 506.968
8126 502.968
8127 498.968
8068 494.968
8006 490.968
8007 486.968
8008 482.968
8009 478.968
8010 474.968
8011 470.968
7942 463.968
7869 459.968
7796 455.968
7797 451.968
7724 447.968
7725 443.968
7653 439.968
7580 435.968
7509 431.968
7443 427.968
7375 423.968
7306 419.968
7240 415.968
7174 411.968
7104 407.968
7033 403.968
6959 399.968
6889 395.968
6818 391.968
6743 387.968
6665 383.968
6586 379.968
6504 375.968
6422 371.968
6344 367.968
6267 363.968
6193 359.968
6116 355.968
6036 351.968
5956 347.968
5883 343.968
5809 339.968
5734 335.968
5655 331.968
5579 327.968
5494 323.968
5404 319.968
5313 315.968
5226 311.968
5147 307.968
5066 303.968
4983 299.968
4899 295.968
4814 291.968
4727 284.968
4728 280.968
4729 276.968
9898 272.451
4643 267
4557 263
4469 259
4380 255
4289 251
4196 247
4105 243
4016 239
3928 235
3839 231
3750 227
3665 223
3582 219
3497 215
3409 211
3319 207
3225 203
3133 199
3043 195
2940 191
2840 187
2841 183
2753 179
2754 175
2755 171
2756 167
2757 163
2669 159
2670 155
2671 151
2672 147
2673 143
2674 139
2675 135
2676 131
2677 127
2678 123
2679 119
2680 115
2681 111
2682 107
2683 103
2684 99
2685 95
2686 91
2687 87
2688 83
2689 79
2690 75
2691 71
2692 67
2693 63
2694 59
2695 55
2696 51
2697 47
2612 40
2613 36
2528 32
2444 28
2359 24
2272 20
2187 16
2098 12
2008 8
1920 4
8113 554.968
8054 550.968
8055 546.968
8056 542.968
7994 538.968
7995 534.968
7996 530.968
7997 526.968
7998 522.968
7999 518.968
8000 514.968
8001 510.968
8002 506.968
8003 502.968
8004 498.968
8005 494.968
8112 558.968
8053 554.968
8115 546.968
8114 550.968
8117 538.968
8118 534.968
8059 530.968
8116 542.968
8057 538.968
8119 530.968
8060 526.968
8061 522.968
8062 518.968
8063 514.968
8064 510.968
8105 586.968
8046 582.968
8047 578.968
8048 574.968
8049 570.968
7987 566.968
7988 562.968
7989 558.968
7990 554.968
7991 550.968
7992 546.968
7993 542.968
8104 590.968
8045 586.968
8107 578.968
8106 582.968
8109 570.968
8110 566.968
8111 562.968
8108 574.968
8097 618.968
8038 614.968
7976 610.968
7977 606.968
7978 602.968
7979 598.968
7980 594.968
7981 590.968
7982 586.968
7983 582.968
7984 578.968
7985 574.968
7986 570.968
8096 622.968
8037 618.968
7975 614.968
8099 610.968
8040 606.968
8098 614.968
8039 610.968
8101 602.968
8042 598.968
8043 594.968
8100 606.968
8041 602.968
8103 594.968
8044 590.968
8102 598.968
8155 618.968
8157 610.968
8156 614.968
8159 602.968
8160 598.968
8158 606.968
8136 694.968
8137 690.968
8080 686.968
8081 682.968
8022 678.968
7960 674.968
7961 670.968
7962 666.968
7963 662.968
7964 658.968
7965 654.968
7966 650.968
7967 646.968
7968 642.968
7969 638.968
7970 634.968
7971 630.968
7972 626.968
7973 622.968
7974 618.968
8128 494.968
8069 490.968
8185 498.968
8186 494.968
8187 490.968
8188 486.968
8189 482.968
8132 478.968
8073 474.968
8184 502.968
8177 530.968
8178 526.968
8121 522.968
8176 534.968
8179 522.968
8180 518.968
8181 514.968
8183 506.968
8182 510.968
8169 562.968
8168 566.968
8171 554.968
8170 558.968
8173 546.968
8174 542.968
8175 538.968
8172 550.968
8161 594.968
8163 586.968
8164 582.968
8162 590.968
8165 578.968
8167 570.968
8166 574.968
8217 602.968
8216 606.968
8219 594.968
8220 590.968
8221 586.968
8222 582.968
8223 578.968
8224 574.968
8218 598.968
8215 610.968
8214 614.968
8241 506.968
8242 502.968
8243 498.968
8244 494.968
8240 510.968
8233 538.968
8234 534.968
8235 530.968
8232 542.968
8237 522.968
8236 526.968
8239 514.968
8238 518.968
8225 570.968
8227 562.968
8228 558.968
8226 566.968
8229 554.968
8231 546.968
8230 550.968
8281 562.968
8280 566.968
8283 554.968
8284 550.968
8282 558.968
8285 546.968
8287 538.968
8286 542.968
8273 594.968
8274 590.968
8275 586.968
8276 582.968
8277 578.968
8278 574.968
8279 570.968
8272 598.968
91 270
112 266
113 262
114 258
115 254
116 250
117 246
118 242
135 230
154 223
183 219
221 215
267 210
318 206
374 202
436 197
500 193
571 189
643 184
713 180
714 176
715 172
716 168
793 164
878 159
879 155
957 151
1029 147
1099 143
1172 138
1173 134
1257 130
1258 126
1342 122
1433 117
1434 113
1435 109
1532 105
1533 101
1534 97
1628 93
1726 88
1727 84
1818 80
1819 76
1820 72
1821 68
1822 64
1823 60
1824 56
1825 52
1826 48
1827 44
1828 40
1829 36
1830 32
1831 28
1832 24
1833 20
1834 16
1835 12
1836 8
1837 4
8269 610.968
93 262
8268 614.968
92 266
8271 602.968
8270 606.968
8319 610.968
8320 606.968
8318 614.968
8298 494.968
8245 490.968
8246 486.968
125 270
126 266
127 262
128 258
129 254
130 250
131 246
132 242
133 238
134 234
8289 530.968
8288 534.968
8291 522.968
8292 518.968
8290 526.968
8293 514.968
8294 510.968
8344 510.968
8345 506.968
8346 502.968
8347 498.968
8348 494.968
8299 490.968
8349 496.802
9963 494.837
110 274
111 270
8337 538.968
8338 534.968
8336 542.968
8339 530.968
8341 522.968
8340 526.968
8343 514.968
8342 518.968
8329 570.968
8330 566.968
8328 574.968
8331 562.968
8333 554.968
8332 558.968
8335 546.968
8334 550.968
8321 602.968
145 259
146 255
147 251
176 247
177 243
215 239
261 234
312 230
313 226
369 222
431 217
432 213
433 209
434 205
435 201
144 263
173 259
211 255
257 250
308 246
364 242
426 237
427 233
428 229
492 225
493 221
564 217
636 212
637 208
707 204
784 200
869 195
947 191
1019 187
1089 183
1162 178
1163 174
1247 170
1331 166
1422 161
1423 157
1424 153
1425 149
1522 145
1616 141
1714 136
1715 132
1716 128
1717 124
1808 120
1809 116
1810 112
1811 108
1812 104
1813 100
1814 96
1815 92
1816 88
1817 84
8323 594.968
8324 590.968
8325 586.968
8326 582.968
8322 598.968
149 243
150 239
151 235
152 231
153 227
182 223
148 247
8327 578.968
8377 574.968
8376 578.968
8379 566.968
8380 562.968
8381 558.968
8378 570.968
8383 550.968
8384 546.968
8385 542.968
8386 538.968
143 267
172 263
8382 554.968
8369 606.968
8370 602.968
8371 598.968
8372 594.968
8368 610.968
8373 590.968
8374 586.968
8375 582.968
179 235
217 231
263 226
264 222
315 218
371 214
178 239
181 227
180 231
175 251
213 247
259 242
310 238
311 234
174 255
8393 510.968
216 235
262 230
219 223
265 218
316 214
372 210
218 227
209 263
255 258
256 254
8387 534.968
210 259
8389 526.968
8388 530.968
212 251
258 246
309 242
8391 518.968
8390 522.968
214 243
260 238
8441 518.968
8442 514.968
8440 522.968
8433 550.968
8434 546.968
8432 554.968
8435 542.968
8437 534.968
8438 530.968
8439 526.968
8436 538.968
8425 582.968
8426 578.968
8427 574.968
8428 570.968
8429 566.968
8430 562.968
8431 558.968
8424 586.968
254 262
305 258
361 254
423 249
487 245
558 241
630 236
631 232
632 228
702 224
703 220
704 216
705 212
782 208
867 203
945 199
1017 195
1018 191
1088 187
1161 182
1245 178
1329 174
1420 169
1517 165
1611 161
1709 156
1800 152
1801 148
1802 144
1803 140
1804 136
1805 132
1806 128
1807 124
8419 606.968
8420 602.968
8421 598.968
8422 594.968
8423 590.968
8418 610.968
8473 582.968
8472 586.968
8475 574.968
8476 570.968
8474 578.968
8477 566.968
8479 558.968
8478 562.968
8467 606.968
8466 610.968
8469 598.968
8470 594.968
8471 590.968
8468 602.968
266 214
8499 666.968
8500 662.968
8501 658.968
8502 654.968
8503 650.968
8504 646.968
8458 642.968
8411 638.968
8412 634.968
8363 630.968
8364 626.968
8316 622.968
8317 618.968
314 222
317 210
373 206
319 205
375 201
437 196
501 192
572 188
8481 550.968
8480 554.968
8483 542.968
307 250
8482 546.968
306 254
362 250
424 245
425 241
8485 534.968
8484 538.968
8487 526.968
8488 522.968
8489 518.968
8490 514.968
8443 510.968
8394 506.968
8486 530.968
299 301
355 297
416 292
478 288
479 284
480 280
550 273
622 268
623 264
624 260
625 256
626 252
627 248
628 244
629 240
699 236
700 232
701 228
8529 546.968
8528 550.968
8531 538.968
8532 534.968
8533 530.968
8534 526.968
8530 542.968
8521 578.968
8522 574.968
8520 582.968
8523 570.968
8525 562.968
8526 558.968
8524 566.968
8527 554.968
8515 602.968
8514 606.968
8517 594.968
8516 598.968
8519 586.968
8518 590.968
8569 566.968
8570 562.968
8568 570.968
8571 558.968
8573 550.968
8574 546.968
8575 542.968
8576 538.968
8577 534.968
8578 530.968
8572 554.968
8561 598.968
8560 602.968
8563 590.968
8562 594.968
8565 582.968
8566 578.968
8564 586.968
8567 574.968
368 226
430 221
370 218
360 258
422 253
486 249
557 245
363 246
8605 598.968
8606 594.968
365 238
8604 602.968
8607 590.968
367 230
429 225
366 234
353 305
414 300
415 296
477 292
8589 662.968
8546 658.968
413 304
475 300
476 296
8588 666.968
8545 662.968
412 308
474 304
8590 658.968
8547 654.968
8632 658.968
8591 654.968
8548 650.968
8549 646.968
8550 642.968
8551 638.968
8552 634.968
8553 630.968
8554 626.968
8555 622.968
8556 618.968
8557 614.968
8558 610.968
8631 662.968
8630 666.968
8617 550.968
8618 546.968
8619 542.968
8620 538.968
8616 554.968
8609 582.968
8608 586.968
8611 574.968
8610 578.968
8613 566.968
8612 570.968
8615 558.968
8614 562.968
8671 662.968
8670 666.968
8657 558.968
8658 554.968
8656 562.968
8659 550.968
8660 546.968
8661 542.968
421 257
420 261
484 257
555 253
8649 590.968
473 308
8648 594.968
8651 582.968
8650 586.968
8653 574.968
8652 578.968
8655 566.968
8654 570.968
469 324
470 320
471 316
472 312
8647 598.968
8646 602.968
8697 558.968
8696 562.968
8699 550.968
8698 554.968
8701 542.968
8662 538.968
8663 534.968
8622 530.968
8623 526.968
8624 522.968
8581 518.968
8537 514.968
8491 510.968
8444 506.968
8445 502.968
8396 498.968
8700 546.968
8689 590.968
8690 586.968
8691 582.968
8692 578.968
8693 574.968
8694 570.968
8695 566.968
8686 602.968
497 205
498 201
499 197
570 193
642 188
712 184
789 180
874 175
952 171
1024 167
1094 163
1167 158
1251 154
1252 150
1336 146
1427 141
1428 137
1525 133
1619 129
8672 658.968
8633 654.968
8592 650.968
496 209
8729 586.968
8730 582.968
489 237
560 233
8728 590.968
488 241
559 237
8731 578.968
491 229
490 233
8733 570.968
8734 566.968
8732 574.968
8735 562.968
8736 558.968
8737 554.968
495 213
483 261
554 257
485 253
8726 598.968
8727 594.968
537 325
609 320
610 316
611 312
612 308
613 304
614 300
615 296
616 292
617 288
618 284
619 280
620 276
621 272
539 317
538 321
541 309
540 313
543 301
542 305
8711 658.968
8712 654.968
8674 650.968
8635 646.968
8636 642.968
8637 638.968
8596 634.968
8597 630.968
8710 662.968
8763 598.968
8765 590.968
8766 586.968
8764 594.968
8767 582.968
8747 662.968
8746 666.968
8748 658.968
8749 654.968
8713 650.968
8675 646.968
8739 546.968
8740 542.968
8702 538.968
8703 534.968
8664 530.968
563 221
635 216
8738 550.968
565 213
566 209
638 204
708 200
709 196
710 192
787 188
872 183
950 179
1022 175
1023 171
553 261
552 265
556 249
545 293
544 297
8787 662.968
8788 658.968
547 285
8786 666.968
546 289
551 269
8776 546.968
605 336
606 332
607 328
608 324
8780 545.331
9950 539.669
8704 534.968
8665 530.968
8769 574.968
8768 578.968
8771 566.968
8770 570.968
8773 558.968
8774 554.968
8772 562.968
8775 550.968
8827 662.968
8816 546.968
8777 542.968
8741 538.968
8809 574.968
8810 570.968
8811 566.968
8808 578.968
8813 558.968
8812 562.968
8815 550.968
8814 554.968
8801 606.968
8802 602.968
8803 598.968
8804 594.968
8805 590.968
8800 610.968
8761 606.968
8725 602.968
8687 598.968
8807 582.968
8806 586.968
8849 574.968
8850 570.968
8848 578.968
8851 566.968
8852 562.968
8853 558.968
8854 554.968
8841 606.968
8842 602.968
8843 598.968
8844 594.968
8845 590.968
8846 586.968
8847 582.968
8890 554.96
9969 551.03
8881 590.96
8882 586.96
8883 582.96
8884 578.96
8885 574.96
8886 570.96
8887 566.96
8888 562.96
8889 558.96
641 192
711 188
788 184
873 179
8880 594.96
8877 606.96
8878 602.96
8879 598.96
689 283
690 279
691 275
692 271
693 267
694 263
695 259
696 255
697 251
688 287
681 315
682 311
683 307
684 303
685 299
686 295
687 291
8920 574.96
680 319
8913 602.96
8912 606.96
8915 594.96
675 339
676 335
677 331
678 327
679 323
8914 598.96
8917 586.96
8916 590.96
8919 578.96
8918 582.96
8911 610.96
8910 614.96
8876 610.96
8953 578.96
8952 582.96
8945 610.96
8944 614.96
8947 602.96
8946 606.96
8949 594.96
8948 598.96
8951 586.96
8950 590.96
761 314
762 310
763 306
764 302
765 298
766 294
767 290
768 286
769 282
770 278
771 274
772 270
773 266
774 262
760 318
753 346
754 342
755 338
756 334
757 330
758 326
759 322
8985 582.96
8986 578.96
8987 574.96
8955 570.96
8922 566.96
8984 586.96
8977 614.96
8978 610.96
8979 606.96
8980 602.96
8976 618.96
8981 598.96
8983 590.96
8982 594.96
8975 622.96
8974 626.96
785 196
870 191
871 187
949 183
786 192
790 176
875 171
953 167
954 163
955 159
1027 155
1028 151
9017 582.96
9016 586.96
9009 614.96
9008 618.96
9011 606.96
9010 610.96
9013 598.96
9012 602.96
9015 590.96
9014 594.96
9005 630.96
9006 626.96
9007 622.96
8997 662.96
8966 658.96
8934 654.96
8901 650.96
8902 646.96
8868 642.96
8869 638.96
8870 634.96
8871 630.96
8872 626.96
8873 622.96
8874 618.96
8875 614.96
8998 658.96
8999 654.96
8968 650.96
8969 646.96
8970 642.96
8938 638.96
8905 634.96
9041 610.96
9042 606.96
9040 614.96
9043 602.96
9045 594.96
9044 598.96
9047 586.96
9048 582.96
9049 578.96
9019 574.96
8988 570.96
8989 566.96
8957 562.96
8924 558.96
9046 590.96
856 280
857 276
858 272
859 268
9037 626.96
9036 630.96
9039 618.96
9038 622.96
849 312
850 308
848 316
851 300
852 296
853 292
854 288
855 284
9029 658.96
9028 662.96
841 344
842 340
843 336
844 332
845 328
846 324
847 320
840 348
9073 598.96
9072 602.96
9075 590.96
835 368
836 364
837 360
838 356
839 352
9074 594.96
9065 630.96
9064 634.96
9067 622.96
9066 626.96
9069 614.96
9070 610.96
9068 618.96
9071 606.96
9059 654.96
9060 650.96
9061 646.96
9062 642.96
9034 638.96
9004 634.96
9058 658.96
9030 654.96
9000 650.96
9063 638.96
9113 662.96
9114 658.96
9088 654.96
9089 650.96
9090 646.96
9091 642.96
9092 638.96
9117 646.96
876 167
877 163
9119 638.96
9093 634.96
9118 642.96
9104 590.96
9105 586.96
9077 582.96
9078 578.96
9050 574.96
9020 570.96
9097 618.96
921 364
9096 622.96
920 368
9099 610.96
9100 606.96
9101 602.96
923 356
9098 614.96
922 360
924 352
925 348
9103 594.96
927 340
928 336
9102 598.96
926 344
9095 626.96
9094 630.96
9145 646.96
9144 650.96
9147 638.96
9148 634.96
9121 630.96
9122 626.96
9123 622.96
9124 618.96
9125 614.96
9126 610.96
9127 606.96
9146 642.96
9149 630.96
9150 626.96
9151 622.96
9141 662.96
9143 654.96
9116 650.96
9128 602.96
9129 598.96
9130 594.96
9131 590.96
9133 586.96
9107 582.96
9120 634.96
944 203
1016 199
946 195
951 175
9177 622.96
9152 618.96
9176 626.96
937 295
938 291
939 287
940 283
936 299
9179 614.96
9154 610.96
9178 618.96
9153 614.96
9181 606.96
9156 602.96
9180 610.96
9182 602.96
9157 598.96
9169 654.96
9170 650.96
929 332
930 328
931 324
9171 646.96
9172 642.96
9173 638.96
9174 634.96
9175 630.96
933 316
934 312
932 320
935 300.127
1010 296.127
1080 292.127
1153 287.127
1236 283.127
1319 279.127
1406 274.127
1502 267.127
1503 263.127
1597 259.127
1691 254.127
1692 250.127
1693 246.127
1694 242.127
1695 238.127
1696 234.127
1697 230.127
1698 226.127
1699 222.127
1700 218.127
1604 214.232
1605 210.232
1414 193
1511 189
1512 185
1606 181
1704 176
1705 172
1706 168
1707 164
1798 160
1799 156
9155 606.96
9201 626.96
9200 630.96
9203 618.96
9202 622.96
9205 610.96
9204 614.96
9206 606.96
9207 602.96
9208 598.96
9184 594.96
9159 590.96
9132 586.96
9106 582.96
9193 658.96
9195 650.96
9197 642.96
1021 179
1091 175
1164 170
1248 166
1249 162
1250 158
9196 646.96
9199 634.96
9198 638.96
1009 316
1008 320
1011 295.127
1081 291.127
1015 203
1085 199
1158 194
1242 190
1326 186
1417 181
1514 177
1608 173
1014 207
9241 646.96
9220 642.96
9221 638.96
1001 367
1000 371
9243 638.96
9222 634.96
1003 347
1004 343
1005 339
1006 335
9242 642.96
9245 630.96
9224 626.96
9244 634.96
9223 630.96
9247 622.96
9226 618.96
9227 614.96
1007 324
9246 626.96
9225 622.96
9228 610.96
9229 606.96
9219 646.96
1037 99
1104 95
1181 90
1182 86
1266 82
1353 78
1444 73
1541 69
1542 65
1543 61
1637 57
1735 52
1736 48
1737 44
1026 159
1084 203
1157 198
1241 194
1325 190
1416 185
1087 191
1160 186
1244 182
1328 178
1419 173
1516 169
9249 614.96
9250 610.96
1073 351
9248 618.96
1075 343
1076 339
1074 347
1077 324
1078 324
1097 151
1170 146
1254 142
1255 138
1256 134
1096 155
1169 150
1102 134
1090 179
1095 159
1168 154
1145 340.127
1229 336.127
1230 332.127
1231 328.127
1232 324.127
1233 320.127
1316 316.127
1496 308.127
1590 304.127
1684 299.127
1778 295.127
1949 287.127
1866 281.127
1780 277.127
1781 273.127
1782 269.127
1783 265.127
1784 261.127
1785 257.127
1786 253.127
1787 249.127
1788 245.127
1789 241.127
1790 237.127
1791 233.127
1792 229.127
1793 225.127
1144 345
1146 334
1147 330
1143 349
1142 353
1183 82
1267 78
1354 74
1445 69
1446 65
1447 61
1448 57
1449 53
1450 49
1547 45
1641 41
1739 36
1171 142
1165 166
1166 162
1152 291.127
1156 202
1240 198
1159 190
1243 186
9421 2143.92
9422 2045.92
9423 1947.92
9424 1849.92
9442 1674.92
9443 1575.92
9461 1440.92
9477 1334.92
9494 1227.92
9512 1095.92
9531 988.924
9551 881.924
6006 692.924
6087 687.924
6163 683.924
6238 679.924
6313 674.924
6314 670.924
6315 666.924
6316 662.924
6317 658.924
6395 651.924
6474 644.924
6555 640.924
6635 635.924
6713 631.924
6789 627.924
6862 622.924
6934 618.924
6935 614.924
7011 610.924
7082 605.924
7151 601.924
7152 597.924
7217 593.924
7284 589.924
7352 584.924
7421 580.924
7487 576.924
9982 572.983
7556 567.968
7557 563.968
7558 559.968
7631 552.968
7704 548.968
7777 544.968
7851 539.968
7852 535.968
7925 531.968
7926 527.968
7927 523.968
7928 519.968
7855 515.968
7856 511.968
7857 507.968
7858 503.968
7785 499.968
7786 495.968
7787 491.968
7714 487.968
7642 483.968
7569 479.968
7498 475.968
7432 471.968
7364 467.968
7295 463.968
7296 459.968
7230 455.968
7231 451.968
7232 447.968
7233 443.968
7234 439.968
7168 435.968
7098 431.968
7099 427.968
7028 423.968
7029 419.968
6955 415.968
6885 411.968
6886 407.968
6815 403.968
6816 399.968
6741 395.968
6663 391.968
6664 387.968
6585 383.968
6503 379.968
6421 375.968
9420 2241.92
1246 174
1235 287.127
1318 283.127
1405 278.127
1234 291.127
1225 353
1224 357
1227 344.127
1228 340.127
1226 349
1221 404
1220 400
1305 396
1392 392
1484 388
1485 384
1486 380
1393 373
1306 367
1223 360
9462 1404.42
9939 1314.01
9478 1296.1
9942 1207.22
9495 1188.92
1222 408
1264 90
1351 86
1442 81
1539 77
1633 73
1731 68
1269 70
1356 66
1259 110
1346 106
1437 101
9493 1282.92
9511 1149.92
9530 1043.92
9550 937.924
9572 808.924
5928 711.924
1253 146
1304 397
1307 364
1309 356.127
1310 352.127
1311 348.127
1308 360.127
9529 1142.92
9528 1241.92
9532 984.924
9525 2130.16
9544 2028.17
9563 1935.17
9586 1833.17
9607 1731.17
9629 1639.17
9630 1542.17
9631 1445.17
9984 1393.57
9609 1313.97
9610 1213.97
9611 1113.97
9612 1013.97
9613 913.968
9614 813.968
7873 747.968
7800 743.968
7801 739.968
7874 735.968
7875 731.968
7876 727.968
7877 723.968
7878 719.968
7879 715.968
7880 711.968
7881 707.968
7882 703.968
7883 699.968
7884 695.968
7885 691.968
7886 687.968
7887 683.968
7888 679.968
7889 675.968
7890 671.968
7891 667.968
7892 663.968
7893 659.968
7894 655.968
7895 651.968
7896 647.968
7897 643.968
7898 639.968
7899 635.968
7900 631.968
7901 627.968
7902 623.968
7903 619.968
7904 615.968
7905 611.968
7906 607.968
7907 603.968
7908 599.968
7909 595.968
7910 591.968
7911 587.968
7912 583.968
7913 579.968
7914 575.968
7915 571.968
7916 567.968
7917 563.968
7918 559.968
7919 555.968
7920 551.968
7921 547.968
7922 543.968
7923 539.968
7924 535.968
9524 2225.16
9543 2123.16
9562 2030.17
9585 1929.17
9606 1828.17
9628 1736.17
9527 1340.92
9513 1091.92
1337 142
1339 134
1430 129
1527 125
1621 121
1719 116
1338 138
1429 133
1526 129
1620 125
1718 120
1341 126
1432 121
1529 117
1623 113
1721 108
1340 130
1431 125
1343 118
9506 2326.16
1330 170
1421 165
9509 1345.92
9510 1247.92
1332 162
1335 150
1426 145
1523 141
1617 137
1334 154
9567 1298.92
9568 1200.92
9569 1102.92
9570 1004.92
9571 906.924
1327 182
1418 177
9566 1396.92
1312 344.127
1317 287.127
1404 282.127
9547 1236.92
9546 1335.92
9549 1037.92
9548 1136.92
9593 805.924
6911 753.924
6912 749.924
6913 745.924
6982 734.924
7051 729.924
7120 725.924
7121 721.924
7186 717.924
7187 713.924
7254 709.924
7322 704.924
7391 700.924
7457 696.924
7458 692.924
7459 688.924
7460 684.924
7461 680.924
7462 676.924
7463 672.924
7464 668.924
7465 664.924
7466 660.924
7467 656.924
7468 652.924
7469 648.924
7470 644.924
7471 640.924
7472 636.924
7473 632.924
7474 628.924
7475 624.924
7476 620.924
7477 616.924
7478 612.924
7479 608.924
7480 604.924
7481 600.924
7482 596.924
7483 592.924
7484 588.924
7485 584.924
7486 580.924
9592 904.924
9595 394
9574 285
3392 201
3297 194
3107 179
3011 172
2908 161
2818 153
2732 148
2562 136
2477 131
2391 126
2302 118
2215 111
2124 104
2032 97
1943 92
1942 88
1941 84
1940 80
1939 76
1856 72
1855 68
1854 64
1853 60
1852 56
1851 52
1850 48
1849 44
1848 40
1847 36
1846 32
1845 28
1844 24
1843 20
1842 16
1841 12
1840 8
1839 4
1352 82
1443 77
9594 298
5374 224
5286 220
5203 215
5202 211
5122 207
5040 203
4956 198
4955 194
4870 190
4783 186
4694 181
4693 177
4692 173
4691 169
4690 165
4604 161
4517 157
4428 153
4336 148
4244 144
4243 140
4242 136
4149 132
4059 127
4058 123
3968 119
3879 115
3791 111
3703 106
3702 102
3618 98
3617 94
3531 90
3445 85
3444 81
3359 77
3265 73
3171 68
3170 64
3076 60
2981 56
2880 52
2791 47
2705 43
2622 39
2536 34
2451 30
2365 26
2277 21
2191 17
2101 13
2010 9
1921 4
1355 70
1357 62
1359 54
1358 58
1345 110
1436 105
1347 102
1438 97
1535 93
1629 89
9589 1201.92
9590 1102.92
9591 1003.92
9588 1300.92
1349 94
1440 89
1441 85
1538 81
1632 77
1730 72
1348 98
1439 93
1536 89
1630 85
1728 80
1350 90
1401 339.127
1314 335.127
1315 331.127
1400 343.127
1403 311.127
1497 307.127
1591 303.127
1402 335.127
1395 368
1394 371
9573 333.004
4102 329.004
4287 321.004
4378 316.004
4468 309.004
4556 305.004
4726 293.004
9909 288.892
1397 360.127
1396 364.127
1399 347.127
1398 354.127
1391 396
1483 392
9617 407
9616 320
6770 246
6538 235
6456 231
6378 227
6301 222
6226 218
6150 214
6074 209
5993 205
5920 201
5846 197
5771 192
5695 188
5615 184
5538 179
5452 175
5360 171
5272 167
5189 162
5109 158
5027 154
4943 149
4858 145
4771 141
4682 136
4596 132
4509 128
4420 124
4328 119
4236 115
4143 111
4053 106
3963 102
3874 98
3786 94
3698 89
3614 85
3528 81
3442 76
3357 72
3263 68
3169 63
3075 59
2980 55
2879 51
2790 46
2704 42
2621 38
2535 33
2450 29
2364 25
2276 20
2190 16
2100 12
2009 8
9657 1055.97
9636 952.968
9656 1152.97
9635 1049.97
9658 1153.97
9661 521.756
9638 413.756
10125 399.172
9660 494
9637 386
9615 293
6896 240
6829 236
6756 232
6680 228
6603 224
6523 220
6441 216
6363 212
6287 208
6212 204
6136 200
6061 196
5980 192
5907 188
5833 184
5759 180
5683 176
5603 172
5527 168
5441 164
5349 160
5261 156
5179 152
5099 148
5017 144
4934 140
4849 136
4762 132
4674 128
4588 124
4501 120
4412 116
4321 112
4229 108
4136 104
4047 100
3957 96
3868 92
3780 88
3693 84
3609 80
3523 76
3438 72
3353 68
3259 64
3166 60
3072 56
2977 52
2876 48
2788 44
2702 40
2619 36
2534 32
2449 28
2363 24
9655 1250.97
9634 1146.97
1415 189
9654 1347.97
9633 1243.97
9639 435
9681 602
9680 1160.97
9682 629.756
1499 279.127
1500 275.127
1594 271.127
1688 266.127
1689 262.127
1690 258.127
1498 283.127
1592 279.127
1686 274.127
1687 270.127
9677 1425.44
10128 1326.03
9679 1158.97
9678 1255.97
1491 362.127
1492 358.127
1490 368.127
1493 353.127
1494 349.127
1495 312.127
9721 1353.97
9700 1249.97
9720 1351.97
1482 404
1579 400
1580 396
1581 392
1487 377
1528 121
1531 109
1530 113
9699 1346.97
9701 1251.97
1524 137
1618 133
1513 181
1515 173
9742 1531.97
9741 1432.97
1553 21
1554 17
1648 13
1746 8
1552 25
1646 21
1744 16
1745 12
1555 13
1649 9
1747 4
1556 12
1650 8
1545 53
1639 49
1544 57
1546 49
1549 37
1643 33
1741 28
1551 29
1550 33
1537 85
9782 1759.97
9781 1662.97
9761 1536.97
1593 275.127
1585 378.723
1586 374.723
1587 370.723
1588 366.723
9901 365.737
1584 381
9762 1636.97
1589 308.127
9819 1828.97
9799 1725.97
9779 1624.97
9760 1534.97
9818 1827.97
9821 1834.97
9801 1730.97
9780 1626.97
9820 1831.97
9800 1727.97
9823 1355.22
9804 1258.22
9784 1161.22
9763 1048.76
9744 951.764
9723 854.764
10126 761.03
9702 676
1583 384
9822 1870.97
9802 1766.97
1582 388
1625 105
1723 100
1724 96
1624 109
1722 104
1627 97
1725 92
1626 101
9798 1748.97
9778 1646.97
9759 1556.97
9740 1454.97
1622 117
1720 112
1609 169
1610 165
1708 160
1613 153
1711 148
1612 157
1710 152
9844 1084.27
9833 1067.21
10024 1032.55
9830 992.462
9871 942.121
9829 885.435
9912 848.523
9828 817.204
9927 774.736
9827 735.864
9897 720.143
1607 177
1657 32
1656 28
1655 24
1654 20
1751 16
1750 12
9835 1039.13
9879 1026.57
9834 1101.83
9843 1067.95
1658 36
9836 922.24
9904 881.851
9826 482.887
6240 470.968
6241 466.968
6242 462.968
6243 458.968
6244 454.968
6245 450.968
6246 446.968
6172 442.968
6095 438.968
6015 434.968
5936 430.968
5862 426.968
5788 422.968
5713 418.968
5634 414.968
5558 410.968
5473 406.968
5383 402.968
5292 398.968
5206 391.968
5127 387.968
5046 383.968
4963 379.968
4879 375.968
4794 371.968
4795 367.968
4796 363.968
4797 359.968
4798 355.968
4799 351.968
4800 347.968
4801 343.968
4802 339.968
4803 335.968
4804 331.968
4805 327.968
4806 323.968
4807 319.968
4808 315.968
4809 311.968
4810 307.968
4811 303.968
4812 299.968
4813 295.968
1651 8
1748 4
1653 16
1652 12
1749 8
9831 1086.11
10007 1034.97
9881 100.581
1640 45
1738 40
1642 37
1740 32
9885 286.566
1645 25
1743 20
1644 29
1742 24
1647 17
1635 65
1733 60
1734 56
1634 69
1732 64
1636 61
1638 53
9866 349.646
604 340
1683 300.127
1777 296.127
1865 292.127
1685 278.127
9913 280.263
1673 400
9915 328.149
4194 325.004
1675 392
9914 459.422
9825 450.519
5627 442.968
5628 438.968
5629 434.968
5630 430.968
5554 426.968
5555 422.968
5556 418.968
5557 414.968
5472 410.968
1674 396
9917 605.848
7084 600.924
7153 596.924
7218 592.924
7285 588.924
1677 385
9916 826.66
1676 388
9919 795.387
9918 297.288
1678 382.723
9905 366.939
9906 260.043
9908 71.278
3157 66.999
3158 62.999
3066 55.999
2972 51.999
10101 47.112
2783 44
2698 40
2616 36
2531 32
2447 28
2362 24
2275 20
9911 673.743
9910 388.442
9896 86.377
3340 83.999
3248 76.999
3249 72.999
9899 382.383
2823 378.567
2824 374.567
2917 370.567
2918 366.567
3020 362.567
3021 358.567
3022 354.567
3023 350.567
3024 346.567
10073 343.251
3025 341.127
2923 337.127
2739 327.127
2740 323.127
2652 319.127
2653 315.127
2654 311.127
2655 307.127
2568 303.127
2484 299.127
2398 295.127
2399 291.127
2312 284.127
2135 276.127
2044 269.127
1955 265.127
1956 261.127
1957 257.127
1873 253.127
9900 619.737
6794 616.924
7014 604.924
9903 230.36
9902 798.224
1713 140
1712 144
9893 406.499
9895 412.48
4170 405.127
3992 397.127
3993 393.127
3905 389.127
3906 385.127
3820 381.127
3733 377.127
3651 373.127
3567 369.127
3486 365.127
3400 361.127
3305 357.127
3210 353.127
3211 349.127
3117 345.127
9894 488.589
9945 258.933
9944 92.249
1769 88
1768 84
1858 80
1857 76
9946 73.999
918 72
996 68
1068 64
1134 60
1133 56
1209 52
1292 48
1378 44
1377 40
1467 36
1563 32
1562 28
1561 24
1560 20
1559 16
9949 369.44
6428 360.968
6349 356.968
6272 352.968
6197 348.968
6119 344.968
6039 340.968
5959 336.968
5886 332.968
5812 328.968
5737 324.968
5658 320.968
5582 316.968
5497 312.968
5407 308.968
5316 304.968
5229 300.968
5069 292.968
4986 288.968
4902 284.968
4817 280.968
9948 537.453
9951 590.155
9936 1266.7
9938 1211.62
9943 825.635
1702 210.104
10030 202.138
1753 24
1752 20
9928 245.824
4104 245
1754 28
9933 1220.01
1757 40
1758 44
9920 264.699
9923 56.862
9924 87.583
9926 310.665
9976 732.544
6005 696.924
6086 691.924
9979 63.911
9981 2111.41
1729 76
9968 617.819
9270 611.773
10129 610.492
9252 606.96
9231 602.96
9971 455.932
7871 451.968
7798 447.968
9973 442.911
9972 388.337
6893 385.497
10082 382.237
6747 376.968
6668 372.968
6589 368.968
6507 364.968
6425 360.968
6347 356.968
6270 352.968
6196 348.968
9975 138.329
3325 135
3326 131
3327 127
3235 123
3145 119
3146 115
3147 111
3056 107
2962 103
2862 99
2774 95
2775 91
2776 87
9974 392.415
9960 293.254
5070 289
4987 285
4903 281
4818 277
4730 273
9967 506.876
9966 122.815
3845 119
3758 115
3671 111
3588 107
3589 103
3590 99
3505 95
3420 91
3337 87
3245 83
3155 79
3064 75
2970 71
2870 67
2782 63
9952 590.986
9954 468.147
9956 179.911
5670 175.999
5511 167.999
5426 163.999
5334 159.999
5246 155.999
5164 151.999
5085 147.999
5003 143.999
4920 139.999
4835 135.999
4748 131.999
4660 127.999
4575 123.999
4489 119.999
4400 115.999
4309 111.999
4217 107.999
4124 103.999
4035 99.999
3945 95.999
3856 91.999
3769 87.999
3682 83.999
3599 79.999
3514 75.999
3429 71.999
3345 67.999
3252 63.999
3159 59.999
9959 546.921
10009 1305.3
10008 526.826
7853 523.968
7780 519.968
7707 515.968
7635 511.968
7562 507.968
7563 503.968
7492 499.968
7493 495.968
7427 491.968
7359 487.968
7290 483.968
7291 479.968
7292 475.968
7293 471.968
7227 467.968
7228 463.968
7229 459.968
1771 396
1770 92
1773 389
1772 392
1775 382.723
1679 378.723
1774 386.723
10005 169.018
1797 164
9999 105.34
964 103
10041 413.54
2478 411.162
2734 394.567
2735 390.567
2736 386.567
2737 382.567
10040 742.21
6007 690.276
6164 680.276
6239 676.276
10043 370.51
10042 391.532
3393 389.127
3299 385.127
3300 381.127
3204 377.127
3110 373.127
3111 369.127
3112 365.127
3113 361.127
3114 357.127
3115 353.127
3116 349.127
10045 1417.64
10044 46.69
10047 526.877
10046 941.23
10033 413.8
5381 410.968
5382 406.968
10032 1326.87
10035 478.005
7090 476.968
7019 471.968
6943 467.968
6944 463.968
6873 459.968
6874 455.968
6875 451.968
6804 447.968
6729 443.968
6730 439.968
6731 435.968
6732 431.968
6654 427.968
6655 423.968
6656 419.968
6657 415.968
6658 411.968
6579 407.968
6580 403.968
6498 399.968
6499 395.968
6417 391.968
6339 387.968
6340 383.968
6263 379.968
6189 375.968
6190 371.968
6113 367.968
6114 363.968
6034 359.968
5954 355.968
5881 351.968
5807 347.968
5808 343.968
10034 477.938
10037 309.41
10036 354.616
10039 2069.77
10038 345.55
10027 399.063
1861 396
10026 473.522
10029 218.575
10028 1148.37
10031 276.349
2043 273.127
1954 269.127
10072 333.907
3124 327.127
3031 323.127
2929 319.127
2832 315.127
2744 311.127
10075 275.348
1953 273.127
10074 316.891
10065 289.909
10064 230.742
3749 229
10067 397.031
4358 391.127
4359 387.127
4269 383.127
4177 379.127
4088 375.127
3999 371.127
3911 367.127
3823 363.127
3737 359.127
3655 355.127
3570 351.127
3490 347.127
3405 343.127
3310 339.127
3215 335.127
3121 331.127
3029 327.127
3030 323.127
2928 319.127
2831 315.127
2743 311.127
10066 289.624
10069 397.786
3478 395.126
10068 367.341
3828 365.127
3741 361.127
3658 356.127
3572 352.127
3491 348.127
10071 387.221
5873 383.968
5799 379.968
5800 375.968
5725 371.968
5646 367.968
5570 363.968
5485 359.968
5486 355.968
5396 351.968
5305 347.968
5218 343.968
5139 339.968
5058 335.968
5059 331.968
5060 327.968
4977 323.968
4893 319.968
4894 315.968
4895 311.968
10070 503.475
7286 499.968
7220 495.968
7155 491.968
7156 487.968
7087 483.968
7017 479.968
7018 475.968
10057 356.498
3580 353.029
3747 345.004
3835 341.004
3925 337.004
4014 333.004
1881 160
1882 156
10056 394.192
1863 389.723
1880 164
10059 81.856
1883 152
1884 148
1885 144
1886 140
1887 136
1888 132
1889 128
10061 364.861
4185 361.004
4186 357.004
4279 353.004
4370 348.004
4371 344.004
4372 340.004
4373 336.004
4374 332.004
4375 328.004
4376 324.004
4377 320.004
10060 324.316
2563 321.127
2394 311.127
2306 307.127
2307 303.127
2220 299.127
2130 295.127
2038 291.127
10063 637.706
6712 635.924
10062 646.178
6475 640.924
6556 636.924
6636 631.924
6637 627.924
6715 623.924
6791 619.924
6864 614.924
6936 610.924
7012 606.924
7083 601.924
10049 168.97
10048 345.714
10051 733.131
10050 199.144
2487 194
2403 190
2318 186
2231 182
2146 178
2057 174
1967 170
10053 508.657
7354 505.968
10055 738.76
10054 63.664
1864 296.127
1948 291.127
1860 88
1859 84
1862 393
1913 32
1912 36
1915 24
1916 20
1917 16
1918 12
1914 28
1919 8
1905 64
1904 68
1911 40
1897 96
1898 92
1899 88
1900 84
1896 100
1901 80
1903 72
1902 76
1891 120
1892 116
1893 112
1890 124
1895 104
1894 108
1945 401
1946 397
1944 401.937
1947 393.723
1951 281.127
1952 277.127
1868 273.127
1950 285.127
1929 36
1928 32
1927 28
1926 24
1925 20
1924 16
1923 12
1922 8
1930 40
1977 132
1976 136
1979 124
1978 128
1981 116
1980 120
1983 108
1982 112
1969 164
1970 160
1971 156
1972 152
1968 168
1973 148
1975 140
1974 144
1965 178
1966 174
2011 13
2013 21
2012 17
2015 29
2014 25
2001 36
2000 40
2003 28
2004 24
2005 20
2006 16
2007 12
2002 32
1992 72
1994 64
1995 60
1907 56
1908 52
1909 48
1910 44
1997 52
1999 44
1998 48
1985 100
1984 104
1987 92
1986 96
1989 84
1988 88
1991 76
1990 80
2041 281.127
2040 285.127
2042 277.127
2033 405.937
2035 401
2034 405
2037 295.127
2036 397.723
2039 289.127
2024 65
1935 60
2027 77
1938 72
1937 68
1936 64
2017 37
2016 33
2019 45
2018 41
2021 53
1932 48
1931 44
2020 49
2023 61
1934 56
1933 52
2022 57
2073 112
2072 116
2075 104
2076 100
2074 108
2077 96
2078 92
2079 88
2065 144
2066 140
2064 148
2067 136
2069 128
2070 124
2071 120
2068 132
2056 178
2059 168
2061 160
2060 164
2063 152
2062 156
2055 182
2105 29
2104 25
2107 37
2106 33
2109 45
2108 41
2110 49
2097 16
2096 20
2099 12
2103 21
2102 17
2088 52
2091 40
2093 32
2092 36
2095 24
2094 28
2081 80
2082 76
2080 84
2083 72
2084 68
2085 64
2086 60
2087 56
2143 190
2054 186
2129 299.127
2128 401.723
2131 293.127
2132 289.127
2133 285.127
2134 281.127
2125 409.937
2127 405
2126 409
2113 61
2169 88
2170 84
2171 80
2168 92
2173 72
2172 76
2175 64
2176 60
2177 56
2178 52
2179 48
2090 44
2174 68
2161 120
2162 116
2163 112
2164 108
2160 124
2165 104
2167 96
2166 100
2153 152
2154 148
2155 144
2152 156
2159 128
2158 132
2145 182
2144 186
2147 176
2148 172
2149 168
2150 164
2151 160
2201 57
2200 53
2199 49
2198 45
2197 41
2196 37
2193 25
2192 21
2195 33
2194 29
2185 24
2184 28
2186 20
2189 16
2188 16
2181 40
2182 36
2183 32
2233 176
2232 180
2235 168
2234 172
2237 160
2236 164
2239 152
2240 148
2238 156
2225 280.127
2224 284.127
2229 190
2228 194
2230 186
2217 413
2216 413.937
2219 303.127
2218 409
2221 296.127
2222 292.127
2223 288.127
2267 40
2268 36
2269 32
2266 44
2271 24
2270 28
2257 80
2258 76
2259 72
2260 68
2261 64
2262 60
2263 56
2264 52
2265 48
2256 84
2249 112
2248 116
2251 104
2250 108
2253 96
2252 100
2255 88
2254 92
2243 136
2245 128
2244 132
2247 120
2246 124
2281 37
2280 33
2283 45
2282 41
2285 53
2284 49
2286 57
2273 20
2274 20
2279 29
2278 25
2331 136
2330 140
2333 128
2332 132
2335 120
2334 124
2321 176
2320 180
2323 168
2322 172
2325 160
2326 156
2324 164
2315 198
2317 190
2316 194
2319 184
2305 413
2304 417
2309 296.127
2310 292.127
2308 300.127
2311 288.127
2361 24
2360 24
2367 34
2366 30
2353 48
2354 44
2352 52
2355 40
2357 32
2356 36
2358 28
2345 80
2344 84
2347 72
2346 76
2348 68
2337 112
2336 116
2339 104
2338 108
2341 96
2340 100
2343 88
2342 92
2393 422.162
2479 415.162
2392 417
2395 307.127
2396 303.127
2397 299.127
2387 114
2299 109
2298 105
2297 101
2296 97
2295 93
2294 89
2293 85
2292 81
2291 77
2290 73
2204 69
2203 65
2202 61
2369 42
2368 38
2371 50
2370 46
2373 58
2372 54
2375 66
2287 61
2374 62
2425 104
2424 108
2427 96
2428 92
2429 88
2426 100
2431 80
2432 76
2433 72
2434 68
2435 64
2436 60
2437 56
2430 84
2419 128
2420 124
2421 120
2423 112
2422 116
2409 168
2408 172
2401 198
2402 194
2405 184
2406 180
2404 188
2407 176
2457 54
2456 50
2455 46
2459 62
2458 58
2460 66
2448 28
2453 38
2452 34
2454 42
2441 40
2442 36
2443 32
2440 44
2445 28
2446 28
2489 188
2490 184
2488 192
2493 172
2494 168
2495 164
2411 160
2492 176
2481 311.127
2482 307.127
2483 303.127
2480 315.127
2485 299.127
2486 198
2520 64
2521 60
2522 56
2523 52
2439 48
2525 44
2526 40
2513 92
2514 88
2515 84
2516 80
2517 76
2518 72
2519 68
2512 96
2505 124
2504 128
2507 116
2508 112
2506 120
2509 108
2511 100
2510 104
2498 152
2499 148
2500 144
2416 140
2417 136
2418 132
2503 132
2502 136
2544 66
2537 38
2539 46
2538 42
2541 54
2540 50
2543 62
2542 58
2529 32
2530 32
2533 32
2532 32
2585 148
2587 140
2586 144
2501 140
2589 132
2588 136
2591 124
2590 128
2583 156
2584 152
2569 303.127
2570 304.127
2573 196
2572 198
2575 188
2574 192
2565 315.127
2564 319.127
2567 307.127
2566 311.127
2617 36
2618 36
2620 37
2623 43
2609 52
2610 48
2611 44
2615 36
2614 36
2601 84
2602 80
2603 76
2600 88
2605 68
2604 72
2606 64
2593 116
2592 120
2595 108
2596 104
2597 100
2598 96
2599 92
2594 112
2649 393.567
2650 389.567
2651 323.127
2625 51
2624 47
2627 59
2626 55
2629 67
2628 63
2630 71
2657 307.127
2656 307.127
2659 199
2660 195
2661 191
2662 187
2663 183
2664 179
2665 175
2666 171
2667 167
2668 163
2713 75
2712 71
2711 67
2707 51
2706 47
2709 59
2708 55
2710 63
2699 40
2701 40
2700 40
2703 41
2745 311.127
2747 203
2748 199
2746 311.127
2749 195
2751 187
2750 191
2741 319.127
2742 315.127
2733 398.567
2777 83
2778 79
2779 75
2780 71
2781 67
2769 115
2768 119
2771 107
2770 111
2773 99
2772 103
2761 147
2762 143
2763 139
2764 135
2765 131
2766 127
2767 123
2793 55
2792 51
2795 63
2794 59
2797 71
2796 67
2799 79
2798 75
2785 44
2784 44
2787 44
2786 44
2789 45
2845 167
2835 207
2836 203
2837 199
2838 195
2839 191
2827 331.127
2828 327.127
2829 323.127
2830 319.127
2822 382.567
2915 378.567
3017 374.567
3018 370.567
3019 366.567
2873 48
2872 48
2875 48
2874 48
2877 49
2878 50
2865 87
2864 91
2867 79
2866 83
2869 71
2868 75
2871 66.902
2857 119
2856 123
2859 111
2860 107
2861 103
2858 115
2863 95
2850 147
2851 143
2852 139
2855 127
2854 131
2909 401.567
2910 397.567
2911 393.567
3014 386.567
3015 382.567
3016 378.567
2888 84
2881 56
2883 64
2882 60
2885 72
2884 68
2887 80
2886 76
2930 319.127
2933 216
2834 209
2932 220
2935 211
2936 207
2921 349.584
2922 345.584
2925 331.127
2924 335.127
2927 323.127
2926 327.127
2913 386.567
2912 390.567
2914 382.567
2969 75
2968 79
2971 70.902
2973 52
2975 52
2974 52
2961 107
2960 111
2963 99
2964 95
2965 91
2966 87
2967 83
2952 143
2955 131
2956 127
2957 123
2958 119
2959 115
2946 167
2947 163
2948 159
2949 155
2849 151
2985 72
2984 68
2987 80
2986 76
2989 88
2988 84
2976 52
2979 54
2978 53
2983 64
2982 60
3033 323.127
3032 323.127
3035 224
3034 228
2931 224
3036 220
3039 211
3027 335.127
3026 339.127
3028 331.127
3013 404.567
3012 408.567
3065 74.902
3067 55.999
3069 56
3068 56
3071 56
3070 56
3057 103
3058 99
3059 95
3061 87
3060 91
3063 79
3062 83
3049 135
3050 131
3051 127
3053 119
3052 123
3055 111
3054 115
3040 207
3041 203
2938 199
3081 80
3080 76
3079 72
3083 88
3082 84
3084 92
3073 57
3074 58
3077 64
3078 68
3120 335.127
3127 221
3037 217
2934 213
3119 339.127
3118 343.127
3109 377.127
3108 381.127
3161 59.999
3160 59.999
3163 60
3162 60
3165 60
3164 60
3167 61
3152 91
3154 83
3156 78.902
3144 123
3149 103
3148 107
3151 95
3150 99
3141 135
3140 139
3143 127
3142 131
3177 92
3176 88
3175 84
3178 96
3168 62
3173 76
3172 72
3174 80
3231 139
3219 225
3218 228
3126 224
3220 223
3128 219
3129 215
3130 211
3131 207
3209 357.127
3208 361.127
3213 343.127
3214 339.127
3212 347.127
3203 381.127
3205 373.127
3207 365.127
3206 369.127
3257 64
3256 64
3258 64
3261 66
3260 65
3262 67
3251 66.999
3250 70.999
3253 63.999
3255 64
3254 63.999
3241 99
3240 103
3244 87
3246 82.902
3233 131
3232 135
3239 107
3238 111
3272 101
3275 113
3181 108
3180 104
3086 100
3085 96
2990 92
2889 88
2800 83
3264 69
3267 81
3266 77
3269 89
3268 85
3271 97
3270 93
3304 361.127
3307 351.127
3308 347.127
3306 353.127
3309 343.127
3298 389.127
3303 365.127
3352 68
3355 70
3354 69
3356 71
3358 73
3344 70.999
3346 67.999
3349 68
3348 67.999
3351 68
3350 68
3336 91
3339 86.902
3247 82.902
3338 86.902
3341 80.999
3342 76.999
3343 74.999
3333 103
3334 99
3242 95
3332 107
3335 95
3361 85
3360 81
3363 93
3362 89
3365 101
3364 97
3417 103
3416 107
3419 95
3418 99
3421 90.902
3423 90.902
3422 90.902
3408 215
3318 211
3224 207
3415 111
3401 357.127
3402 355.127
3404 347.127
3399 365.127
3449 101
3448 97
3447 93
3446 89
3450 105
3453 117
3368 113
3274 109
3441 75
3440 74
3443 77
3433 71.999
3432 71.999
3347 67.999
3435 72
3434 72
3437 72
3436 72
3439 73
3425 84.999
3424 87.999
3427 78.999
3428 74.999
3426 80.999
3431 71.999
3430 71.999
3481 385.127
3482 381.127
3483 377.127
3397 373.127
3302 369.127
3485 369.127
3487 359.127
3488 355.127
3489 351.127
3477 399.126
3513 78.999
3512 82.999
3515 75.999
3517 75.999
3516 75.999
3519 76
3518 75.999
3504 99
3507 94.902
3506 94.902
3509 91.999
3508 94.902
3510 88.999
3501 111
3503 103
3502 107
3492 352.127
3529 82
3530 86
3533 98
3532 94
3535 106
3534 102
3521 76
3520 76
3522 76
3525 78
3524 77
3527 80
3526 79
3579 357.029
3581 357.029
3561 206
3475 201
3390 196
3296 191
3202 186
3564 381.127
3565 377.127
3566 373.127
3608 80
3611 82
3610 81
3613 84
3612 83
3615 86
3601 79.999
3600 79.999
3603 79.999
3602 79.999
3605 80
3604 79.999
3607 80
3606 80
3593 98.902
3592 98.902
3595 92.999
3596 88.999
3511 84.999
3594 95.999
3597 86.999
3598 82.999
3586 115
3591 98.902
3624 122
3538 118
3452 113
3367 109
3273 105
3179 100
3616 90
3619 102
3620 106
3673 103
3672 107
3675 102.902
3674 102.902
3677 99.999
3676 102.902
3679 92.999
3678 96.999
3705 114
3704 110
3707 122
3623 118
3622 114
3621 110
3697 88
3696 87
3699 90
3701 98
3700 94
3689 84
3688 83.999
3691 84
3690 84
3692 84
3695 86
3694 85
3681 86.999
3680 90.999
3683 83.999
3685 83.999
3684 83.999
3687 83.999
3686 83.999
3742 365.127
3659 360.127
3730 389.127
3731 385.127
3732 381.127
3734 377.127
3652 373.127
3768 90.999
3771 87.999
3770 87.999
3773 87.999
3772 87.999
3775 87.999
3774 87.999
3761 106.902
3760 107
3763 106.902
3762 106.902
3765 100.999
3764 103.999
3767 94.999
3766 96.999
3753 227
3667 223
3583 219
3499 215
3411 211
3320 207
3752 227
3666 223
3498 215
3410 211
3759 111
3746 349.004
3748 345.004
3836 341.004
3751 227
3793 119
3792 115
3795 127
3796 131
3708 126
3785 93
3784 92
3787 95
3789 103
3788 99
3790 107
3777 88
3776 88
3779 88
3778 88
3781 89
3783 91
3782 90
3833 383.004
3921 379.004
3920 375.004
4008 371.004
4096 365.004
3834 387.004
3837 341.004
3926 337.004
3838 233
3825 363.127
3738 359.127
3656 355.127
3827 364.127
3740 360.127
3657 355.127
3571 351.127
3826 363.127
3739 359.127
3829 369.447
3819 385.127
3821 371.127
3735 367.127
3736 363.127
3865 92
3864 92
3867 92
3866 92
3869 93
3871 95
3870 94
3857 91.999
3859 91.999
3858 91.999
3861 91.999
3860 91.999
3863 91.999
3862 91.999
3849 110.902
3848 110.902
3851 107.999
3850 110.902
3853 100.999
3852 104.999
3855 94.999
3854 98.999
3841 231
3840 231
3846 115
3889 155
3888 151
3887 147
3886 143
3885 139
3797 135
3709 130
3881 123
3880 119
3883 131
3882 127
3884 135
3873 97
3872 96
3875 99
3877 107
3876 103
3878 111
3929 235
3930 235
3932 126.387
3923 387.004
3922 383.004
4010 379.004
4009 375.004
3924 338.004
4013 334.004
3915 367.127
3914 367.127
3916 368.127
3904 393.127
3818 389.127
3907 385.127
3909 375.127
3961 100
3960 99
3962 101
3965 107
3964 103
3967 115
3966 111
3953 96
3952 95.999
3955 96
3954 96
3956 96
3959 98
3958 97
3944 95.999
3947 95.999
3946 95.999
3949 95.999
3948 95.999
3951 95.999
3950 95.999
3943 98.999
3977 155
3976 151
3975 147
3979 163
3978 159
3969 123
3971 131
3970 127
3973 139
3972 135
3974 143
4024 119
3935 115
3847 111
4031 106.999
4032 102.999
4017 239
4019 239
4018 239
4023 123
4011 383.004
4001 371.127
3913 367.127
4000 371.127
4003 371.127
4005 370.004
4095 365.004
4004 371.127
4006 369.004
4057 119
4056 115
4055 111
4054 107
4061 135
4060 131
4063 143
4062 139
4049 102
4048 101
4051 104
4050 103
4052 105
4041 99.999
4040 99.999
4043 100
4042 99.999
4045 100
4044 100
4046 100
4033 99.999
4034 99.999
4037 99.999
4039 99.999
4038 99.999
4091 375.127
4002 371.127
4065 151
4064 147
4067 159
4066 155
4069 167
4068 163
4071 175
3981 171
3892 167
3891 163
3803 159
3715 154
3631 150
3630 146
3544 142
3458 137
3373 133
3279 129
3185 124
3091 120
3090 116
2995 112
2994 108
2893 104
2804 99
2803 95
2717 91
2716 87
2633 83
2547 78
2546 74
2545 70
4070 171
3980 167
4121 106.999
4123 103.999
4122 103.999
4112 127
4113 123
4106 243
4108 243
4111 131
4097 353.004
4098 349.004
4189 345.004
4190 341.004
4283 337.004
4101 333.004
4153 148
4152 144
4155 156
4154 152
4157 164
4156 160
4159 172
4158 168
4145 116
4144 112
4148 128
4151 140
4150 136
4137 105
4139 107
4138 106
4141 109
4140 108
4142 110
4131 103.999
4130 103.999
4133 104
4132 104
4135 104
4134 104
4184 365.004
4277 361.004
4368 356.004
4369 352.004
4187 353.004
4280 349.004
4188 349.004
4281 345.004
4180 379.127
4183 369.004
4276 365.004
4367 360.004
4173 395.127
4174 391.127
4085 387.127
3996 383.127
3997 379.127
3998 375.127
4172 397.127
4083 393.127
3994 389.127
4175 387.127
4176 383.127
4161 180
4160 176
4162 184
4072 179
4216 107.999
4215 107.999
4214 107.999
4203 135
4204 131
4195 249
4198 247
4107 243
4249 164
4248 160
4251 172
4250 168
4253 180
4252 176
4255 188
4254 184
4241 132
4245 148
4247 156
4246 152
4233 112
4232 111
4235 114
4234 113
4237 116
4224 107.999
4227 108
4226 108
4228 108
4231 110
4230 109
4282 341.004
4273 377.004
4364 372.004
4365 368.004
4366 364.004
4272 381.004
4363 376.004
4275 369.004
4274 373.004
4278 357.004
4265 401.127
4264 405.127
4266 399.127
4256 192
4263 409.127
4262 216
4261 212
4260 208
4259 204
4258 200
4165 196
4075 191
3985 187
3896 183
3808 179
3720 174
3719 170
3635 166
3634 162
3548 158
3462 153
3461 149
3460 145
3459 141
3374 137
3280 133
3186 128
4317 112
4225 108
4316 111.999
4319 112
4318 112
4305 111.999
4290 251
4295 135
4294 139
4345 184
4344 180
4347 192
4346 188
4348 196
4337 152
4339 160
4338 156
4341 168
4340 164
4343 176
4342 172
4329 120
4333 136
4335 144
4334 140
4320 112
4323 114
4325 116
4324 115
4327 118
4326 117
4361 384.004
4362 380.004
4360 387.127
4270 383.127
4355 407.127
4354 411.127
4357 395.127
4409 116
4408 116
4411 116
4410 116
4413 117
4415 119
4414 118
4322 113
4395 118.999
4304 114.999
4213 110.999
4394 122.999
4387 135
4296 131
4205 127
4388 134.902
4297 130.902
4206 126.902
4114 122.902
4025 118.902
3936 114.902
4441 205
4349 200
4440 201
4442 209
4350 204
4445 411.127
4444 217
4352 212
4447 395.127
4433 173
4432 169
4435 181
4434 177
4437 189
4436 185
4438 193
4429 157
4431 165
4430 161
4417 121
4416 120
4419 123
4418 122
4421 125
4465 321.004
4466 317.004
4467 313.004
4464 325.004
4459 345.004
4547 341.004
4548 337.004
4634 333.004
4635 329.004
4636 325.004
4637 321.004
4638 317.004
4639 313.004
4640 309.004
4641 305.004
4642 301.004
4461 337.004
4462 333.004
4463 329.004
4449 385.004
4450 381.004
4451 377.004
4452 373.004
4540 369.004
4626 365.004
4627 361.004
4628 357.004
4629 353.004
4630 349.004
4631 345.004
4632 341.004
4633 337.004
4448 389.004
4536 385.004
4622 381.004
4623 377.004
4624 373.004
4625 369.004
4453 369.004
4454 365.004
4542 361.004
4543 357.004
4455 361.004
4505 124
4504 123
4507 126
4506 125
4508 127
4497 120
4499 120
4498 120
4500 120
4503 122
4502 121
4488 119.999
4485 119.999
4396 115.999
4484 119.999
4487 119.999
4399 115.999
4308 111.999
4486 119.999
4398 115.999
4307 111.999
4537 381.004
4538 377.004
4539 373.004
4541 365.004
4529 205
4528 201
4439 197
4531 213
4530 209
4533 415.127
4532 217
4443 213
4351 208
4534 419.127
4521 173
4523 181
4522 177
4525 189
4524 185
4527 197
4526 193
4571 123.999
4570 123.999
4573 123.999
4572 123.999
4553 317.004
4552 321.004
4554 313.004
4546 345.004
4549 333.004
4550 329.004
4551 325.004
4593 129
4592 128
4595 131
4594 130
4587 124
4589 125
4591 127
4590 126
4576 123.999
4617 213
4616 209
4619 419.127
4618 217
4621 385.004
4609 181
4611 189
4610 185
4613 197
4612 193
4615 205
4614 201
4657 127.999
4659 127.999
4574 123.999
4658 127.999
4697 193
4699 201
4698 197
4701 209
4700 205
4702 213
4681 135
4680 134
4683 137
4597 133
4510 129
4684 141
4677 131
4676 130
4679 133
4678 132
4721 313.004
4722 309.004
4723 305.004
4724 301.004
4725 297.004
4720 317.004
4713 345.004
4714 341.004
4715 337.004
4716 333.004
4717 329.004
4718 325.004
4719 321.004
4705 377.004
4706 373.004
4707 369.004
4708 365.004
4709 361.004
4710 357.004
4711 353.004
4712 349.004
4704 381.004
4763 133
4765 135
4767 137
4766 136
4747 131.999
4746 131.999
4749 131.999
4661 127.999
4750 131.999
4662 127.999
4577 123.999
4491 119.999
4403 115.999
4312 111.999
4220 107.999
4128 103.999
4793 375.968
4792 379.968
4785 194
4696 189
4695 185
4787 202
4786 198
4789 210
4788 206
4791 218
4790 214
4769 139
4768 138
4772 142
4816 284.968
4815 288.968
4860 150
4773 146
4863 162
4776 158
4687 153
4686 149
4685 145
4853 140
4852 139
4855 142
4854 141
4843 135.999
4756 131.999
4668 127.999
4582 123.999
4495 119.999
4406 115.999
4315 111.999
4223 107.999
4839 135.999
4752 131.999
4664 127.999
4578 123.999
4889 335.968
4890 331.968
4891 327.968
4892 323.968
4888 339.968
4881 367.968
4880 371.968
4883 359.968
4884 355.968
4885 351.968
4882 363.968
4887 343.968
4873 202
4872 198
4875 210
4874 206
4877 218
4876 214
4878 379.968
4865 170
4778 166
4689 161
4688 157
4864 166
4918 139.999
4833 135.999
4897 303.968
4898 299.968
4896 307.968
4901 288.968
4900 292.968
4957 202
4959 210
4958 206
4945 154
4947 162
4862 158
4775 154
4946 158
4861 154
4774 150
4949 170
4948 166
4950 174
4937 143
4936 142
4851 138
4764 134
4675 129
4939 145
4938 144
4940 146
4942 148
4857 144
4770 140
4985 292.968
4984 296.968
4979 315.968
4978 319.968
4981 307.968
4980 311.968
4982 303.968
4968 359.968
4973 339.968
4972 343.968
4974 335.968
4961 218
4960 214
4962 383.968
4965 371.968
4964 375.968
4967 363.968
4966 367.968
5020 147
5022 149
5011 143.999
4928 139.999
5015 144
4932 140
4848 136
5051 363.968
5050 367.968
5053 355.968
5054 351.968
5055 347.968
5052 359.968
5041 207
5043 215
5042 211
5045 387.968
5044 219
5047 379.968
5048 375.968
5033 175
5032 171
5026 153
5031 167
5030 163
5065 307.968
5064 311.968
5057 339.968
5056 343.968
5061 323.968
5062 319.968
5063 315.968
5113 171
5112 167
5111 163
5029 159
5101 150
5019 146
4935 141
4850 137
5102 151
5093 147.999
5012 143.999
4929 139.999
4844 135.999
4757 131.999
4669 127.999
4583 123.999
4496 119.999
4407 115.999
5094 147.999
5145 315.968
5144 319.968
5137 347.968
5138 343.968
5136 351.968
5141 331.968
5140 335.968
5143 323.968
5142 327.968
5129 379.968
5128 383.968
5131 371.968
5132 367.968
5130 375.968
5133 363.968
5134 359.968
5135 355.968
5123 211
5125 219
5124 215
5126 223
5176 152
5097 148
5175 152
5095 148
5013 144
4930 140
4846 136
4760 132
4672 128
4586 124
5209 379.968
5208 383.968
5211 371.968
5213 363.968
5214 359.968
5212 367.968
5205 223
5204 219
5207 387.968
5193 175
5192 171
5191 167
5190 163
5110 159
5028 155
4944 150
4859 146
5194 179
5114 175
5224 319.968
5225 315.968
5217 347.968
5216 351.968
5219 339.968
5221 331.968
5220 335.968
5223 323.968
5222 327.968
5275 176
5274 172
5276 180
5304 351.968
5307 339.968
5306 343.968
5309 331.968
5310 327.968
5311 323.968
5312 319.968
5308 335.968
5296 383.968
5301 363.968
5302 359.968
5303 355.968
5295 387.968
5294 391.968
5287 224
5361 172
5273 168
5401 331.968
5402 327.968
5400 335.968
5393 363.968
5394 359.968
5392 367.968
5395 355.968
5397 347.968
5398 343.968
5399 339.968
5386 391.968
5387 387.968
5388 383.968
5389 379.968
5298 375.968
5299 371.968
5300 367.968
5380 414.968
5465 224
5464 220
5372 216
5284 212
5201 207
5200 203
5120 199
5038 195
4954 190
4869 186
4782 182
5489 343.968
5490 339.968
5488 347.968
5491 335.968
5492 331.968
5493 327.968
5483 367.968
5484 363.968
5487 351.968
5567 375.968
5482 371.968
5566 379.968
5481 375.968
5391 371.968
5585 324.968
5662 320.968
5500 312.968
5409 308.968
5317 304.968
5577 335.968
5578 331.968
5576 339.968
5580 324.968
5495 320.968
5496 316.968
5569 367.968
5568 371.968
5571 359.968
5573 351.968
5574 347.968
5575 343.968
5572 355.968
5626 225
5549 220
5463 216
5371 212
5283 208
5657 324.968
5656 328.968
5659 320.968
5583 316.968
5498 312.968
5660 320.968
5649 355.968
5650 351.968
5648 359.968
5651 347.968
5652 343.968
5643 379.968
5644 375.968
5645 371.968
5647 363.968
5724 375.968
5727 363.968
5728 359.968
5726 367.968
5736 328.968
5739 324.968
5738 324.968
5740 324.968
5729 355.968
5730 351.968
5733 339.968
5735 332.968
5789 419.968
5714 415.968
5715 411.968
5716 407.968
5637 403.968
5638 399.968
5562 395.968
5477 391.968
5811 332.968
5810 336.968
5813 328.968
5815 328.968
5814 328.968
5801 371.968
5803 363.968
5804 359.968
5805 355.968
5806 351.968
5802 367.968
5880 355.968
5882 347.968
5885 336.968
5884 340.968
5887 332.968
5872 387.968
5875 375.968
5876 371.968
5877 367.968
5874 379.968
5879 359.968
5878 363.968
5864 419.968
5865 415.968
5866 411.968
5792 407.968
5717 403.968
5863 423.968
5889 332.968
5888 332.968
5947 387.968
5949 375.968
5950 371.968
5951 367.968
5952 363.968
5939 419.968
5961 336.968
5960 336.968
5962 336.968
5953 359.968
5955 351.968
5957 344.968
5958 340.968
6001 712.924
6082 707.924
6158 703.924
6159 699.924
6160 695.924
6161 691.924
6236 687.924
6311 682.924
6312 678.924
6000 230
5999 226
5998 222
5925 218
5924 214
5850 210
5775 205
5699 201
5698 197
5618 193
5541 188
5455 184
5363 180
6003 704.924
6084 699.924
6085 695.924
6002 708.924
6083 703.924
6004 700.924
6041 340.968
6040 340.968
6033 363.968
6032 367.968
6035 355.968
6037 348.968
6038 344.968
6027 387.968
6028 383.968
6029 379.968
6030 375.968
6031 371.968
6016 431.968
5937 427.968
5938 423.968
6109 383.968
6111 375.968
6110 379.968
6081 711.924
6157 707.924
6232 703.924
6307 698.924
6308 694.924
6309 690.924
6310 686.924
6121 344.968
6120 344.968
6122 344.968
6042 340.968
6112 371.968
6115 359.968
6117 352.968
6118 348.968
6162 687.924
6155 231
6079 226
6156 711.924
6231 707.924
6306 702.924
6192 363.968
6195 352.968
6194 356.968
6198 348.968
6187 383.968
6186 387.968
6188 379.968
6191 367.968
6233 699.924
6235 691.924
6234 695.924
6237 683.924
6230 231
6229 227
6228 223
6152 219
6076 214
5995 210
5922 206
5848 202
5773 197
5697 193
5696 189
5616 185
5539 180
5453 176
6265 371.968
6264 375.968
6266 367.968
6269 356.968
6268 360.968
6271 352.968
6261 387.968
6262 383.968
6247 443.968
6248 439.968
6174 435.968
6175 431.968
6098 427.968
6018 423.968
6019 419.968
6020 415.968
6021 411.968
6022 407.968
6023 403.968
5944 399.968
5945 395.968
5946 391.968
6318 470.968
6319 466.968
6320 462.968
6305 706.924
6345 364.968
6346 360.968
6348 356.968
6351 356.968
6274 352.968
6200 348.968
6123 344.968
6043 340.968
5963 336.968
5890 332.968
5816 328.968
5741 324.968
6338 391.968
6341 379.968
6343 371.968
6342 375.968
6393 659.924
6394 655.924
6392 663.924
6385 691.924
6386 687.924
6387 683.924
6388 679.924
6389 675.924
6390 671.924
6391 667.924
6384 695.924
6381 707.924
6382 703.924
6383 699.924
6380 232
6303 227
6302 223
6227 219
6151 215
6075 210
5994 206
5921 202
5847 198
5772 193
6424 364.968
6426 360.968
6416 395.968
6418 387.968
6420 379.968
6423 368.968
6409 423.968
6410 419.968
6332 415.968
6255 411.968
6256 407.968
6257 403.968
6183 399.968
6106 395.968
6026 391.968
6411 415.968
6333 411.968
6412 411.968
6413 407.968
6335 403.968
6258 399.968
6259 395.968
6260 391.968
6415 399.968
6401 454.968
6323 450.968
6459 704.924
6540 700.924
6620 695.924
6698 691.924
6774 687.924
6847 682.924
6919 678.924
6995 674.924
7066 669.924
7135 665.924
7136 661.924
7137 657.924
7138 653.924
7139 649.924
7140 645.924
7141 641.924
7206 637.924
7207 633.924
7274 629.924
7342 624.924
7411 620.924
6458 708.924
6539 704.924
6619 699.924
6697 695.924
6773 691.924
6846 686.924
6918 682.924
6994 678.924
7065 673.924
7134 669.924
6461 696.924
6462 692.924
6543 688.924
6623 683.924
6624 679.924
6625 675.924
6703 671.924
6779 667.924
6852 662.924
6853 658.924
6854 654.924
6926 650.924
6927 646.924
6928 642.924
6929 638.924
7005 634.924
7076 629.924
7077 625.924
7078 621.924
7079 617.924
7080 613.924
7081 609.924
6460 700.924
6463 688.924
6544 684.924
6483 458.968
6484 455.968
6485 451.968
6403 447.968
6404 443.968
6326 439.968
6249 435.968
6473 648.924
6554 644.924
6634 639.924
6472 652.924
6553 648.924
6633 643.924
6711 639.924
6787 635.924
6860 630.924
6932 626.924
7008 622.924
6477 635.924
6558 631.924
6638 626.924
6716 622.924
6792 618.924
6865 613.924
6937 609.924
7013 605.924
6476 636.924
6557 632.924
6478 634.924
6559 630.924
6639 625.924
6717 621.924
6793 617.924
6866 612.924
6938 608.924
6465 680.924
6546 676.924
6626 671.924
6627 667.924
6628 663.924
6706 659.924
6707 655.924
6783 651.924
6856 646.924
6464 684.924
6545 680.924
6467 672.924
6468 668.924
6549 664.924
6629 659.924
6466 676.924
6469 664.924
6550 660.924
6630 655.924
6631 651.924
6709 647.924
6785 643.924
6858 638.924
6859 634.924
6471 656.924
6470 660.924
6551 656.924
6505 372.968
6506 368.968
6508 364.968
6497 403.968
6500 391.968
6502 383.968
6552 652.924
6632 647.924
6547 672.924
6548 668.924
6541 696.924
6621 691.924
6622 687.924
6700 683.924
6701 679.924
6777 675.924
6850 670.924
6851 666.924
6542 692.924
6584 387.968
6587 376.968
6588 372.968
6591 368.968
6590 368.968
6581 399.968
6583 391.968
6582 395.968
6575 423.968
6493 419.968
6494 415.968
6495 411.968
6496 407.968
6560 629.924
6640 624.924
6718 620.924
6565 462.968
6566 459.968
6618 703.924
6651 439.968
6652 435.968
6573 431.968
6491 427.968
6492 423.968
6644 466.968
6667 376.968
6666 380.968
6659 407.968
6660 403.968
6661 399.968
6662 395.968
6714 627.924
6790 623.924
6863 618.924
6705 663.924
6704 667.924
6780 663.924
6708 651.924
6784 647.924
6857 642.924
6710 643.924
6696 699.924
6772 695.924
6845 690.924
6699 687.924
6702 675.924
6695 703.924
6745 380.968
6744 384.968
6746 376.968
6737 411.968
6738 407.968
6736 415.968
6739 403.968
6740 399.968
6742 391.968
6733 427.968
6734 423.968
6735 419.968
6723 467.968
6645 463.968
6776 679.924
6849 674.924
6778 671.924
6781 659.924
6782 655.924
6855 650.924
6771 699.924
6844 694.924
6775 683.924
6848 678.924
6920 674.924
6996 670.924
7067 665.924
6809 427.968
6811 419.968
6810 423.968
6813 411.968
6812 415.968
6814 407.968
6798 471.968
6786 639.924
6788 631.924
6861 626.924
6933 622.924
6843 698.924
6817 395.968
6819 388.968
6821 380.968
6822 380.968
6879 435.968
6808 431.968
6869 475.968
6870 471.968
6799 467.968
6724 463.968
6646 459.968
6567 455.968
6910 757.924
6888 399.968
6890 392.968
6891 388.968
6892 384.968
6881 427.968
6880 431.968
6883 419.968
6882 423.968
6884 415.968
6887 403.968
6941 475.968
6942 471.968
6940 479.968
6931 630.924
6930 634.924
6921 670.924
6997 666.924
7068 661.924
6923 662.924
6999 658.924
7070 653.924
6922 666.924
6998 662.924
7069 657.924
6925 654.924
7001 650.924
7072 645.924
6924 658.924
7000 654.924
7071 649.924
6915 694.924
6991 690.924
7062 685.924
7131 681.924
7132 677.924
7133 673.924
6914 698.924
6917 686.924
6916 690.924
6992 686.924
7063 681.924
6953 423.968
6952 427.968
6954 419.968
6957 407.968
6958 403.968
6956 411.968
6949 439.968
6951 431.968
6950 435.968
7002 646.924
7073 641.924
7074 637.924
7075 633.924
7144 629.924
7209 625.924
7276 621.924
7344 616.924
7413 612.924
7004 638.924
7007 626.924
7006 630.924
6993 682.924
7064 677.924
6985 722.924
7054 717.924
7055 713.924
7124 709.924
7125 705.924
7126 701.924
7127 697.924
7128 693.924
7193 689.924
7194 685.924
7261 681.924
7329 676.924
7398 672.924
6984 726.924
7053 721.924
7122 717.924
7123 713.924
6987 714.924
7056 709.924
6986 718.924
6989 698.924
7060 693.924
7061 689.924
6988 710.924
7057 705.924
6990 694.924
6977 754.924
7046 749.924
7115 745.924
7116 741.924
7117 737.924
7118 733.924
7183 729.924
7250 725.924
7318 720.924
7387 716.924
7388 712.924
7454 708.924
7455 704.924
7456 700.924
6976 758.924
7045 753.924
7114 749.924
7179 745.924
7246 741.924
7314 736.924
7383 732.924
7449 728.924
7450 724.924
7451 720.924
7452 716.924
7453 712.924
6979 746.924
7048 741.924
6978 750.924
7047 745.924
6981 738.924
7050 733.924
7119 729.924
6980 742.924
7049 737.924
6983 730.924
7052 725.924
7032 407.968
7034 400.968
6960 396.968
7025 435.968
7026 431.968
7027 427.968
7024 439.968
7031 411.968
7030 415.968
7016 483.968
7023 443.968
7009 618.924
7010 614.924
7059 697.924
7058 701.924
7044 757.924
7097 435.968
7096 439.968
7101 419.968
7100 423.968
7103 411.968
7102 415.968
7089 475.968
7088 479.968
7095 443.968
7094 447.968
7085 490.968
7015 486.968
6939 482.968
6868 478.968
6797 474.968
6722 470.968
7086 487.968
7129 689.924
7130 685.924
7113 753.924
7112 757.924
7105 404.968
7163 455.968
7164 451.968
7165 447.968
7166 443.968
7167 439.968
7162 467.968
7157 483.968
7158 479.968
7159 479.968
7160 475.968
7161 471.968
7145 625.924
7210 621.924
7277 617.924
7345 612.924
7346 608.924
7347 604.924
7348 600.924
7349 596.924
7418 592.924
7419 588.924
7420 584.924
7147 617.924
7212 613.924
7279 609.924
7146 621.924
7149 609.924
7150 605.924
7215 601.924
7216 597.924
7283 593.924
7351 588.924
7148 613.924
7213 609.924
7280 605.924
7143 633.924
7142 637.924
7192 693.924
7195 681.924
7262 677.924
7330 672.924
7399 668.924
7197 673.924
7264 669.924
7332 664.924
7401 660.924
7402 656.924
7196 677.924
7263 673.924
7331 668.924
7400 664.924
7199 665.924
7200 661.924
7267 657.924
7335 652.924
7404 648.924
7198 669.924
7265 665.924
7333 660.924
7185 721.924
7252 717.924
7320 712.924
7321 708.924
7184 725.924
7251 721.924
7319 716.924
7189 705.924
7256 701.924
7324 696.924
7325 692.924
7326 688.924
7327 684.924
7328 680.924
7397 676.924
7188 709.924
7255 705.924
7323 700.924
7392 696.924
7191 697.924
7190 701.924
7257 697.924
7177 753.924
7244 749.924
7312 744.924
7381 740.924
7382 736.924
7448 732.924
7176 404.968
7106 400.968
7035 396.968
6961 392.968
6962 388.968
7178 749.924
7245 745.924
7313 740.924
7181 737.924
7248 733.924
7316 728.924
7317 724.924
7386 720.924
7180 741.924
7247 737.924
7315 732.924
7182 733.924
7249 729.924
7169 431.968
7171 423.968
7170 427.968
7173 415.968
7175 408.968
7224 479.968
7225 475.968
7226 471.968
7219 498.968
7154 494.968
7221 491.968
7223 483.968
7222 487.968
7208 629.924
7275 625.924
7343 620.924
7412 616.924
7211 617.924
7278 613.924
7214 605.924
7201 657.924
7268 653.924
7336 648.924
7337 644.924
7338 640.924
7339 636.924
7408 632.924
7409 628.924
7203 649.924
7270 645.924
7202 653.924
7269 649.924
7205 641.924
7272 637.924
7340 632.924
7341 628.924
7410 624.924
7204 645.924
7259 689.924
7258 693.924
7260 685.924
7241 412.968
7243 753.924
7311 748.924
7380 744.924
7242 408.968
7235 435.968
7236 431.968
7237 427.968
7238 423.968
7172 419.968
7289 487.968
7288 491.968
7294 467.968
7281 601.924
7282 597.924
7350 592.924
7287 495.968
7273 633.924
7266 661.924
7334 656.924
7403 652.924
7271 641.924
7305 423.968
7304 427.968
7307 416.968
7308 412.968
7310 752.924
7379 748.924
7297 455.968
7298 451.968
7299 447.968
7300 443.968
7301 439.968
7302 435.968
7303 431.968
7353 583.968
7555 571.968
7355 503.968
7356 499.968
7357 495.968
7358 491.968
7376 420.968
7369 447.968
7370 443.968
7371 439.968
7372 435.968
7373 431.968
7374 427.968
7368 451.968
7361 479.968
7360 483.968
7363 471.968
7362 475.968
7365 463.968
7367 455.968
7366 459.968
7417 596.924
7416 600.924
7423 507.968
7422 509.968
7415 604.924
7414 608.924
7405 644.924
7407 636.924
7406 640.924
7395 684.924
7394 688.924
7396 680.924
7441 435.968
7440 439.968
7442 431.968
7433 467.968
7434 463.968
7435 459.968
7436 455.968
7437 451.968
7438 447.968
7439 443.968
7425 499.968
7424 503.968
7426 495.968
7429 483.968
7430 479.968
7431 475.968
7428 487.968
7513 739.968
7514 735.968
7515 731.968
7516 727.968
7517 723.968
7518 719.968
7519 715.968
7520 711.968
7521 707.968
7522 703.968
7523 699.968
7524 695.968
7525 691.968
7526 687.968
7527 683.968
7528 679.968
7529 675.968
7530 671.968
7531 667.968
7532 663.968
7533 659.968
7534 655.968
7535 651.968
7536 647.968
7537 643.968
7538 639.968
7539 635.968
7540 631.968
7541 627.968
7542 623.968
7543 619.968
7544 615.968
7545 611.968
7546 607.968
7547 603.968
7548 599.968
7549 595.968
7550 591.968
7551 587.968
7552 583.968
7553 579.968
7554 575.968
7505 447.968
7504 451.968
7507 439.968
7506 443.968
7497 479.968
7496 483.968
7499 471.968
7500 467.968
7501 463.968
7502 459.968
7503 455.968
7489 511.968
7491 503.968
7490 507.968
7495 487.968
7494 491.968
7579 439.968
7508 435.968
7582 748.968
7655 744.968
7656 740.968
7657 736.968
7658 732.968
7659 728.968
7732 724.968
7806 719.968
7807 715.968
7568 483.968
7570 475.968
7571 471.968
7572 467.968
7573 463.968
7575 455.968
7574 459.968
7561 511.968
7560 515.968
7565 495.968
7566 491.968
7564 499.968
7567 487.968
7559 517.968
7488 513.968
7609 640.968
7682 636.968
7683 632.968
7684 628.968
7757 624.968
7831 619.968
7832 615.968
7608 644.968
7611 632.968
7610 636.968
7613 624.968
7614 620.968
7687 616.968
7688 612.968
7689 608.968
7690 604.968
7691 600.968
7692 596.968
7765 592.968
7839 587.968
7612 628.968
7615 616.968
7603 664.968
7604 660.968
7605 656.968
7678 652.968
7679 648.968
7680 644.968
7753 640.968
7827 635.968
7607 648.968
7606 652.968
7592 708.968
7665 704.968
7738 700.968
7812 695.968
7813 691.968
7641 487.968
7640 491.968
7643 479.968
7645 471.968
7646 467.968
7647 463.968
7648 459.968
7644 475.968
7633 519.968
7634 515.968
7637 503.968
7638 499.968
7636 507.968
7639 495.968
7625 576.968
7698 572.968
7699 568.968
7772 564.968
7846 559.968
7624 580.968
7627 568.968
7628 564.968
7629 560.968
7630 556.968
7626 572.968
7617 608.968
7616 612.968
7619 600.968
7618 604.968
7621 592.968
7694 588.968
7695 584.968
7768 580.968
7842 575.968
7843 571.968
7620 596.968
7623 584.968
7696 580.968
7769 576.968
7622 588.968
7677 656.968
7750 652.968
7824 647.968
7654 440.091
10081 436.055
7706 519.968
7709 507.968
7710 503.968
7708 511.968
7711 499.968
7697 576.968
7701 560.968
7774 556.968
7848 551.968
7849 547.968
7700 564.968
7703 552.968
7776 548.968
7850 543.968
7702 556.968
7775 552.968
7693 592.968
7766 588.968
7840 583.968
7841 579.968
7681 640.968
7754 636.968
7828 631.968
7829 627.968
7685 624.968
7758 620.968
7686 620.968
7759 616.968
7833 611.968
7720 463.968
7713 491.968
7712 495.968
7715 483.968
7717 475.968
7718 471.968
7716 479.968
7719 467.968
7771 568.968
7845 563.968
7770 572.968
7844 567.968
7773 560.968
7847 555.968
7761 608.968
7835 603.968
7760 612.968
7834 607.968
7763 600.968
7837 595.968
7762 604.968
7836 599.968
7764 596.968
7838 591.968
7767 584.968
7752 644.968
7826 639.968
7755 632.968
7756 628.968
7830 623.968
7751 648.968
7825 643.968
7793 467.968
7792 471.968
7784 503.968
7789 483.968
7790 479.968
7791 475.968
7788 487.968
7779 523.968
7778 540.968
7781 515.968
7783 507.968
7782 511.968
7865 475.968
7866 471.968
7867 467.968
7868 463.968
7795 459.968
7864 479.968
7859 499.968
7861 491.968
7860 495.968
7863 483.968
7862 487.968
7854 519.968
7929 515.968
7931 507.968
7930 511.968
7933 499.968
7932 503.968
7935 491.968
7934 495.968
7937 483.968
7938 479.968
7936 487.968
7941 467.968
8013 462.968
7944 455.968
7872 451.968
7726 443.968
8058 534.968
8051 562.968
8052 558.968
8050 566.968
8035 626.968
8036 622.968
8072 478.968
8074 471.968
8065 506.968
8067 498.968
8066 502.968
8120 526.968
