 key  value
8122 170.499
8063 166.499
8001 162.499
8002 158.499
8003 154.499
8004 150.499
8005 146.499
8006 142.499
8007 138.499
8008 134.499
8009 130.499
8010 126.499
8011 122.499
7942 115.499
7869 111.499
7796 107.499
7797 103.499
7724 99.499
7725 95.499
7653 91.499
7580 87.499
7509 83.499
7443 79.499
7375 75.499
7306 71.499
7240 67.499
7241 63.499
7242 59.499
7176 55.499
7106 51.499
7035 47.499
6961 43.499
6962 39.499
6892 35.499
6821 31.499
6822 27.499
6748 20.499
6670 16.499
10087 13.494
6591 12.606
6510 5.606
8125 158.499
8066 154.499
8124 162.499
8127 150.499
8068 146.499
8126 154.499
8113 206.499
8114 202.499
8115 198.499
8056 194.499
8057 190.499
8058 186.499
8059 182.499
8060 178.499
7998 174.499
7999 170.499
8000 166.499
8112 210.499
8053 206.499
8054 202.499
8055 198.499
8117 190.499
8116 194.499
8119 182.499
8118 186.499
8105 238.499
8046 234.499
7984 230.499
7985 226.499
7986 222.499
7987 218.499
7988 214.499
7989 210.499
7990 206.499
7991 202.499
7992 198.499
7993 194.499
7994 190.499
7995 186.499
7996 182.499
7997 178.499
8104 242.499
8045 238.499
7983 234.499
8107 230.499
8108 226.499
8109 222.499
8050 218.499
8051 214.499
8052 210.499
8106 234.499
8047 230.499
8048 226.499
8049 222.499
8111 214.499
8110 218.499
8097 270.499
8098 266.499
8099 262.499
8100 258.499
8101 254.499
8102 250.499
8103 246.499
8044 242.499
7982 238.499
8096 274.499
8155 270.499
8157 262.499
8156 266.499
8159 254.499
8158 258.499
8136 346.499
8137 342.499
8138 338.499
8139 334.499
8082 330.499
8083 326.499
8084 322.499
8025 318.499
8026 314.499
8027 310.499
7965 306.499
7966 302.499
7967 298.499
7968 294.499
7969 290.499
7970 286.499
7971 282.499
7972 278.499
7973 274.499
7974 270.499
7975 266.499
7976 262.499
7977 258.499
7978 254.499
7979 250.499
7980 246.499
7981 242.499
8128 146.499
8129 142.499
8130 138.499
8131 134.499
8132 130.499
8073 126.499
8185 150.499
8186 146.499
8184 154.499
8177 182.499
8178 178.499
8179 174.499
8176 186.499
8181 166.499
8182 162.499
8183 158.499
8180 170.499
8169 214.499
8168 218.499
8171 206.499
8170 210.499
8173 198.499
8172 202.499
8175 190.499
8174 194.499
8161 246.499
8160 250.499
8163 238.499
8162 242.499
8165 230.499
8164 234.499
8167 222.499
8166 226.499
8217 254.499
8216 258.499
8219 246.499
8218 250.499
8221 238.499
8222 234.499
8220 242.499
8223 230.499
8215 262.499
8214 266.499
8241 158.499
8240 162.499
8242 154.499
8233 190.499
8232 194.499
8235 182.499
8234 186.499
8237 174.499
8238 170.499
8239 166.499
8236 178.499
8225 222.499
8224 226.499
8227 214.499
8226 218.499
8229 206.499
8230 202.499
8228 210.499
8231 198.499
8281 214.499
8282 210.499
8280 218.499
8283 206.499
8285 198.499
8284 202.499
8287 190.499
8286 194.499
8273 246.499
8272 250.499
8275 238.499
8274 242.499
8277 230.499
8276 234.499
8279 222.499
8278 226.499
91 345.44
112 341.44
127 336.44
145 332.44
174 328.44
175 324.44
213 320.44
259 315.44
310 311.44
366 307.44
428 302.44
492 298.44
563 294.44
635 289.44
705 285.44
782 281.44
867 276.44
945 272.44
1017 268.44
1087 264.44
1160 259.44
1244 255.44
1328 251.44
1419 246.44
1516 242.44
1610 238.44
1707 234.44
1798 230.44
1881 226.44
1969 222.44
2059 218.44
2149 214.44
2235 210.44
2322 206.44
2408 202.44
2493 198.44
2578 194.44
2664 190.44
2752 186.44
2840 182.44
2940 178.44
3043 174.44
3133 170.44
3225 166.44
3319 162.44
3409 158.44
3497 154.44
3582 150.44
3665 146.44
3750 142.44
3839 138.44
3928 134.44
4016 130.44
4105 126.44
4196 122.44
4381 114.44
4470 110.44
4557 106.44
4643 102.44
9898 96.989
4729 92.472
4817 88.472
4902 84.472
4986 80.472
5069 76.472
5229 68.472
5316 64.472
5408 60.472
5498 56.472
5583 52.472
5660 48.472
5740 44.472
5815 40.472
5889 36.472
5962 32.472
6042 28.472
6122 24.472
6199 20.472
6273 16.472
6350 12.472
6428 8.472
8269 262.499
8270 258.499
93 340.44
114 336.44
129 331.44
147 327.44
176 323.44
214 319.44
260 314.44
311 310.44
367 306.44
429 301.44
493 297.44
564 293.44
636 288.44
706 284.44
783 280.44
868 275.44
946 271.44
1018 267.44
1088 263.44
1161 258.44
1245 254.44
1329 250.44
8268 266.499
92 341.44
113 337.44
128 332.44
146 328.44
8271 254.499
8319 262.499
8318 266.499
8298 146.499
8299 142.499
8246 138.499
8189 134.499
125 344.44
143 340.44
172 336.44
173 332.44
126 340.44
144 336.44
8289 182.499
8288 186.499
8291 174.499
115 335.44
130 330.44
148 326.44
177 322.44
215 318.44
261 313.44
312 309.44
368 305.44
430 300.44
494 296.44
565 292.44
637 287.44
707 283.44
784 279.44
869 274.44
947 270.44
1019 266.44
1089 262.44
8290 178.499
8293 166.499
8292 170.499
8294 162.499
8344 162.499
8345 158.499
8346 154.499
8347 150.499
8348 146.499
8349 148.333
9963 146.368
110 348.472
124 344.472
142 340.472
171 336.472
209 332.472
254 328.472
304 324.472
359 320.472
419 314.472
482 310.472
552 306.472
623 302.472
622 298.472
692 294.472
771 290.472
857 286.472
940 279.472
939 275.472
938 271.472
1012 267.472
1081 263.472
1153 259.472
1236 255.472
1318 251.472
1404 247.472
1499 243.472
1592 239.472
1685 235.472
1779 231.472
1866 227.472
1950 223.472
2039 219.472
2131 215.472
2222 211.472
2309 207.472
2397 203.472
2483 199.472
2567 195.472
2654 191.472
2742 187.472
2830 183.472
2927 179.472
3029 175.472
3121 171.472
3215 167.472
3310 163.472
3405 159.472
3491 154.472
3572 150.472
3658 146.472
3740 142.472
3827 138.472
3916 134.472
4005 130.472
4095 125.472
4185 121.472
4278 117.472
4369 112.472
4458 108.472
4546 104.472
4632 100.472
4715 95.472
4803 91.472
4889 87.472
4974 82.472
5058 78.472
5140 74.472
5220 69.472
5308 65.472
5400 61.472
5491 57.472
5577 52.472
5654 48.472
5734 44.472
5809 40.472
5884 36.472
5958 32.472
6039 28.472
6119 24.472
6197 20.472
6272 16.472
6349 12.472
8337 190.499
8338 186.499
8339 182.499
8340 178.499
8341 174.499
8342 170.499
8343 166.499
8336 194.499
8329 222.499
8330 218.499
8328 226.499
8331 214.499
8333 206.499
8334 202.499
8335 198.499
8332 210.499
8321 254.499
8322 250.499
8323 246.499
8324 242.499
8325 238.499
8320 258.499
149 325.44
178 321.44
216 317.44
262 312.44
313 308.44
369 304.44
431 299.44
495 295.44
566 291.44
638 286.44
708 282.44
785 278.44
8327 230.499
8326 234.499
150 324.44
179 320.44
217 316.44
263 311.44
314 307.44
370 303.44
432 298.44
496 294.44
567 290.44
8377 226.499
8376 230.499
8379 218.499
8378 222.499
8381 210.499
8382 206.499
8380 214.499
8383 202.499
8384 198.499
8385 194.499
8386 190.499
8369 258.499
8370 254.499
8368 262.499
8371 250.499
131 329.44
8373 242.499
133 327.44
151 323.44
180 319.44
218 315.44
264 310.44
315 306.44
371 302.44
8372 246.499
8375 234.499
8374 238.499
181 318.44
219 314.44
8393 162.499
8394 158.499
8395 154.499
8387 186.499
211 328.44
257 323.44
308 319.44
364 315.44
426 310.44
427 306.44
210 332.44
256 327.44
307 323.44
8389 178.499
8388 182.499
212 324.44
258 319.44
8391 170.499
8390 174.499
8441 170.499
8442 166.499
8443 162.499
8444 158.499
8440 174.499
8433 202.499
8432 206.499
8435 194.499
8434 198.499
8437 186.499
8436 190.499
8439 178.499
8438 182.499
8425 234.499
8426 230.499
8424 238.499
8427 226.499
8429 218.499
8430 214.499
8428 222.499
8431 210.499
255 331.44
8419 258.499
8418 262.499
8421 250.499
8420 254.499
8423 242.499
8422 246.499
8473 234.499
8472 238.499
8475 226.499
8476 222.499
8474 230.499
8477 218.499
8479 210.499
8478 214.499
8467 258.499
8468 254.499
8466 262.499
8469 250.499
8471 242.499
8470 246.499
266 310.44
317 306.44
373 302.44
434 298.44
498 294.44
569 290.44
640 286.44
710 282.44
786 278.44
870 274.44
948 270.44
1020 266.44
8499 318.499
8500 314.499
8501 310.499
8455 306.499
8456 302.499
8457 298.499
8410 294.499
8361 290.499
8313 286.499
8264 282.499
8211 278.499
8154 274.499
316 306.44
372 302.44
433 298.44
497 294.44
568 290.44
639 286.44
319 306.44
375 302.44
436 298.44
499 294.44
570 290.44
641 286.44
318 306.44
8481 202.499
305 328.472
8480 206.499
8483 194.499
8482 198.499
306 327.44
8485 186.499
309 315.44
8484 190.499
8487 178.499
8486 182.499
299 307.472
354 303.472
414 299.472
476 295.472
545 291.472
616 287.472
686 283.472
766 279.472
852 275.472
937 271.472
8529 198.499
8528 202.499
8531 190.499
8530 194.499
8533 182.499
8532 186.499
8521 230.499
8520 234.499
8523 222.499
8524 218.499
8525 214.499
8526 210.499
8527 206.499
8522 226.499
8515 254.499
8514 258.499
8517 246.499
8518 242.499
8516 250.499
8519 238.499
8569 218.499
8570 214.499
8571 210.499
8572 206.499
8573 202.499
8574 198.499
8575 194.499
8568 222.499
8561 250.499
8562 246.499
8563 242.499
8564 238.499
8560 254.499
8565 234.499
8567 226.499
8566 230.499
374 302.44
435 298.44
361 327.44
423 322.44
424 318.44
488 314.44
559 310.44
631 305.44
701 301.44
702 297.44
703 293.44
704 289.44
360 324.472
421 320.472
484 316.472
554 312.472
625 308.472
695 304.472
774 300.472
859 294.472
858 290.472
363 319.44
425 314.44
489 310.44
490 306.44
491 302.44
362 323.44
8605 250.499
365 311.44
8604 254.499
8607 242.499
8608 238.499
8606 246.499
353 303.472
413 299.472
474 295.472
543 291.472
614 287.472
685 283.472
765 279.472
851 275.472
935 271.472
1010 267.472
1234 255.472
1317 251.472
1498 243.472
8589 314.499
8546 310.499
8547 306.499
8503 302.499
8588 318.499
412 299.472
8590 310.499
8576 190.499
8577 186.499
8578 182.499
8579 178.499
8580 174.499
8536 170.499
8537 166.499
8491 162.499
8632 310.499
8633 306.499
8634 302.499
8635 298.499
8636 294.499
8637 290.499
8638 286.499
8597 282.499
8598 278.499
8555 274.499
8556 270.499
8512 266.499
8631 314.499
8630 318.499
8617 202.499
8618 198.499
8616 206.499
8619 194.499
8620 190.499
8621 186.499
8622 182.499
8609 234.499
8610 230.499
8611 226.499
8613 218.499
8614 214.499
8612 222.499
8615 210.499
8671 314.499
8672 310.499
8673 306.499
8670 318.499
8657 210.499
8658 206.499
8659 202.499
8656 214.499
416 299.472
478 295.472
547 291.472
618 287.472
689 283.472
768 279.472
854 275.472
8661 194.499
8662 190.499
8660 198.499
420 318.472
422 323.472
485 319.472
555 315.472
626 311.472
696 307.472
8649 242.499
473 296.472
541 292.472
612 288.472
683 284.472
762 280.472
849 276.472
933 272.472
1008 268.472
1078 264.472
1150 259.472
1316 251.472
1496 243.472
1590 239.472
1683 235.472
1864 227.472
2129 215.472
2220 211.472
2307 207.472
2395 203.472
2481 199.472
2565 195.472
2653 191.472
8648 246.499
8651 234.499
475 295.472
8650 238.499
8653 226.499
8654 222.499
477 295.472
8652 230.499
8655 218.499
469 296.472
538 292.472
609 288.472
680 284.472
760 280.472
847 276.472
932 272.472
8647 250.499
471 296.472
540 292.472
611 288.472
682 284.472
8646 254.499
8697 210.499
8698 206.499
8696 214.499
8699 202.499
8701 194.499
8702 190.499
8703 186.499
8664 182.499
8623 178.499
8700 198.499
8689 242.499
8690 238.499
8691 234.499
8692 230.499
8693 226.499
8695 218.499
8694 222.499
8686 254.499
8687 250.499
8688 246.499
8729 238.499
8730 234.499
8731 230.499
8732 226.499
8728 242.499
8733 222.499
8735 214.499
8734 218.499
483 314.472
553 310.472
487 318.44
558 314.44
630 309.44
700 305.44
8726 250.499
8727 246.499
486 322.44
537 293.472
539 292.472
610 288.472
542 292.472
8711 310.499
8710 314.499
8763 250.499
8765 242.499
8764 246.499
8767 234.499
8766 238.499
8747 314.499
8748 310.499
8712 306.499
8713 302.499
8675 298.499
8746 318.499
8737 206.499
8738 202.499
8739 198.499
8740 194.499
8741 190.499
8736 210.499
557 318.44
629 313.44
699 309.44
556 319.472
544 291.472
615 287.472
8787 314.499
8788 310.499
8749 306.499
8750 302.499
8751 298.499
8752 294.499
8753 290.499
8754 286.499
8718 282.499
8719 278.499
8720 274.499
8721 270.499
8722 266.499
8684 262.499
8645 258.499
8786 318.499
546 291.472
617 287.472
688 283.472
767 279.472
853 275.472
551 302.472
8776 198.499
605 301.472
606 297.472
677 293.472
678 289.472
679 285.472
759 281.472
8780 196.862
9950 191.2
8704 186.499
8665 182.499
607 293.472
8769 226.499
8768 230.499
8771 218.499
8772 214.499
8773 210.499
8774 206.499
8775 202.499
8770 222.499
8827 314.499
8816 198.499
8777 194.499
8809 226.499
8808 230.499
8811 218.499
8812 214.499
8810 222.499
8813 210.499
8815 202.499
8814 206.499
8801 258.499
8802 254.499
8800 262.499
624 306.472
694 302.472
773 298.472
772 294.472
8803 250.499
8804 246.499
8805 242.499
8807 234.499
8806 238.499
619 287.472
621 295.472
691 291.472
690 287.472
620 291.472
8849 226.499
8850 222.499
8848 230.499
608 289.472
8851 218.499
8853 210.499
8854 206.499
613 288.472
8852 214.499
8841 258.499
8843 250.499
8844 246.499
8845 242.499
8846 238.499
8847 234.499
8842 254.499
8890 206.491
9969 202.561
8881 242.491
8882 238.491
8883 234.491
8884 230.491
8885 226.491
8886 222.491
8887 218.491
8888 214.491
8889 210.491
8880 246.491
642 286.44
711 282.44
788 278.44
872 274.44
949 270.44
8877 258.491
8878 254.491
8879 250.491
693 298.472
681 284.472
8920 226.491
684 284.472
764 280.472
687 283.472
8913 254.491
8914 250.491
8915 246.491
8912 258.491
675 301.472
676 297.472
756 293.472
844 288.472
929 284.472
930 280.472
931 276.472
1007 272.472
8917 238.491
8916 242.491
8919 230.491
8918 234.491
8911 262.491
8910 266.491
8953 230.491
8954 226.491
8921 222.491
8952 234.491
712 282.44
8945 262.491
8944 266.491
8947 254.491
8948 250.491
8946 258.491
8949 246.491
709 282.44
8951 238.491
8950 242.491
761 280.472
848 276.472
763 284.472
753 305.472
841 300.472
926 296.472
927 292.472
928 288.472
755 297.472
843 292.472
754 301.472
842 296.472
757 289.472
845 284.472
846 280.472
758 285.472
8985 234.491
8986 230.491
8984 238.491
8977 266.491
8976 270.491
8979 258.491
8980 254.491
8981 250.491
8982 246.491
8978 262.491
8983 242.491
8975 274.491
8943 270.491
8974 278.491
787 278.44
871 274.44
789 278.44
873 274.44
950 270.44
1021 266.44
1090 262.44
1162 258.44
790 278.44
874 274.44
951 270.44
1023 266.44
1092 262.44
1164 258.44
1248 254.44
1332 250.44
1422 246.44
1519 242.44
1613 238.44
1710 234.44
1800 230.44
1883 226.44
1971 222.44
2062 218.44
2152 214.44
2237 210.44
2324 206.44
2409 202.44
9017 234.491
9016 238.491
9009 266.491
9010 262.491
9011 258.491
9012 254.491
769 283.472
855 279.472
9008 270.491
770 287.472
9013 250.491
9014 246.491
9015 242.491
9005 282.491
9007 274.491
8997 314.491
8966 310.491
8967 306.491
8968 302.491
8936 298.491
8903 294.491
8904 290.491
8870 286.491
8871 282.491
8872 278.491
8873 274.491
8874 270.491
8875 266.491
8876 262.491
8998 310.491
9041 262.491
9042 258.491
9040 266.491
9043 254.491
9044 250.491
9045 246.491
9046 242.491
9047 238.491
856 283.472
9037 278.491
9036 282.491
9039 270.491
9038 274.491
850 280.472
9029 310.491
8999 306.491
9028 314.491
840 304.472
925 300.472
9073 250.491
9072 254.491
9075 242.491
9076 238.491
9077 234.491
9078 230.491
9050 226.491
9020 222.491
8989 218.491
8957 214.491
8924 210.491
835 324.472
836 320.472
921 316.472
922 312.472
923 308.472
924 304.472
9074 246.491
837 316.472
839 308.472
838 312.472
9065 282.491
9064 286.491
9067 274.491
9068 270.491
9069 266.491
9070 262.491
9066 278.491
9071 258.491
9059 306.491
9031 302.491
9001 298.491
8970 294.491
8971 290.491
8972 286.491
8973 282.491
9058 310.491
9063 290.491
9035 286.491
9113 314.491
9114 310.491
9088 306.491
9089 302.491
9090 298.491
9062 294.491
875 274.44
952 270.44
9117 298.491
9091 294.491
876 274.44
953 270.44
1024 266.44
1094 262.44
1166 258.44
1250 254.44
1334 250.44
1424 246.44
1520 242.44
1614 238.44
1711 234.44
1802 230.44
1885 226.44
1973 222.44
2063 218.44
9119 290.491
9093 286.491
9094 282.491
9095 278.491
9096 274.491
9118 294.491
9092 290.491
9104 242.491
9097 270.491
920 320.472
9099 262.491
9100 258.491
9098 266.491
9101 254.491
9103 246.491
9102 250.491
9145 298.491
9144 302.491
9147 290.491
9148 286.491
9149 282.491
9150 278.491
9123 274.491
9146 294.491
9151 274.491
9124 270.491
9141 314.491
9143 306.491
9128 254.491
9129 250.491
9130 246.491
9131 242.491
9132 238.491
9106 234.491
954 270.44
1025 266.44
1095 262.44
1167 258.44
1251 254.44
1335 250.44
1425 246.44
1522 242.44
1616 238.44
1713 234.44
1803 230.44
9133 238.491
9107 234.491
9121 282.491
9120 286.491
944 273.44
1016 269.44
1086 265.44
1159 260.44
1243 256.44
1327 252.44
1418 247.44
1515 243.44
1609 239.44
9122 278.491
9125 266.491
9126 262.491
9127 258.491
9177 274.491
9178 270.491
9179 266.491
9180 262.491
9155 258.491
9176 278.491
936 271.472
1011 267.472
1080 263.472
1152 259.472
9181 258.491
9156 254.491
9182 254.491
9157 250.491
9158 246.491
9169 306.491
9171 298.491
9172 294.491
9173 290.491
9174 286.491
9170 302.491
9175 282.491
934 276.472
1009 272.472
9153 266.491
9154 262.491
9152 270.491
9201 278.491
9202 274.491
9203 270.491
9204 266.491
9200 282.491
9205 262.491
9206 258.491
9207 254.491
9208 250.491
9184 246.491
9159 242.491
9193 310.491
9195 302.491
9197 294.491
9198 290.491
9199 286.491
9196 298.491
1022 266.44
1091 262.44
1163 258.44
1246 254.44
1330 250.44
1420 246.44
1517 242.44
1611 238.44
1708 234.44
1799 230.44
1015 273.152
1085 269.152
1158 264.152
1242 260.152
1326 256.152
1417 251.152
1514 247.152
1608 243.152
1705 239.152
10049 235.41
1797 230.44
1880 226.44
1968 222.44
1014 274.152
1084 270.152
1157 265.152
1241 261.152
1325 257.152
1416 252.152
1513 248.152
1607 244.152
9241 298.491
9242 294.491
9243 290.491
9244 286.491
9245 282.491
9246 278.491
9247 274.491
9226 270.491
1001 319.472
1000 323.472
1003 296.732
1074 292.732
1143 288.732
1226 284.732
10048 281.059
1227 279.472
1228 275.472
1229 271.472
1230 267.472
1231 263.472
1232 259.472
1233 255.472
1005 291.472
1006 287.472
1004 295.472
9225 274.491
9224 278.491
9227 266.491
9228 262.491
9219 298.491
9220 294.491
9221 290.491
9223 282.491
9222 286.491
1037 314.44
1104 310.44
1180 306.44
1179 302.44
1262 298.44
1348 294.44
1347 290.44
1437 286.44
1533 282.44
1532 278.44
1531 274.44
1624 270.44
1721 266.44
1811 262.44
1810 258.44
1809 254.44
1808 250.44
1807 246.44
1806 242.44
1805 238.44
1887 234.44
1975 230.44
1974 226.44
2064 222.44
2153 218.44
2238 214.44
1027 266.44
1097 262.44
1169 258.44
1252 254.44
1026 266.44
1028 266.44
9249 266.491
1073 293.732
9248 270.491
1075 292.732
1144 288.732
1077 267.472
1148 263.472
1076 291.472
1096 262.44
1168 258.44
1099 262.44
1171 258.44
1254 254.44
1337 250.44
1427 246.44
1523 242.44
1102 274.44
1174 270.44
1257 266.44
1340 262.44
1430 258.44
1429 254.44
1428 250.44
1524 246.44
1617 242.44
1714 238.44
1804 234.44
1145 275.472
1146 271.472
1147 267.472
1142 292.732
1183 318.44
1266 314.44
1352 310.44
1442 306.44
1538 302.44
1631 298.44
1728 294.44
1727 290.44
1817 286.44
1816 282.44
1898 278.44
1986 274.44
2076 270.44
2165 266.44
2250 262.44
2249 258.44
2248 254.44
2247 250.44
2246 246.44
2245 242.44
2332 238.44
2331 234.44
2416 230.44
2500 226.44
2585 222.44
2584 218.44
2583 214.44
2582 210.44
2581 206.44
2580 202.44
2666 198.44
2754 194.44
2842 190.44
2942 186.44
2941 182.44
1182 314.44
1181 310.44
1170 258.44
1253 254.44
1336 250.44
1426 246.44
1173 266.44
1256 262.44
1339 258.44
1172 262.44
1255 258.44
1338 254.44
1165 258.44
1156 269.152
9421 1795.45
9422 1697.45
9423 1599.45
9424 1501.45
9442 1326.45
9443 1227.45
9461 1092.45
9477 986.455
9494 879.455
9512 747.455
9531 640.455
9551 533.455
6006 344.455
6087 339.455
6163 335.455
6238 331.455
6313 326.455
6314 322.455
6315 318.455
6316 314.455
6317 310.455
6395 303.455
6474 296.455
6555 292.455
6635 287.455
6713 283.455
6714 279.455
6790 275.455
6863 270.455
6935 266.455
7011 262.455
7082 257.455
7151 253.455
7152 249.455
7217 245.455
7284 241.455
7352 236.455
7421 232.455
7487 228.455
9982 224.514
7556 219.499
7557 215.499
7558 211.499
7631 204.499
7704 200.499
7777 196.499
7851 191.499
7924 187.499
7925 183.499
7926 179.499
7927 175.499
7928 171.499
7929 167.499
7930 163.499
7857 159.499
7858 155.499
7785 151.499
7786 147.499
7787 143.499
7714 139.499
7715 135.499
7643 131.499
7570 127.499
7571 123.499
7500 119.499
7434 115.499
7435 111.499
7436 107.499
7437 103.499
7438 99.499
7370 95.499
7371 91.499
7302 87.499
7236 83.499
7237 79.499
7238 75.499
7172 71.499
7173 67.499
7174 63.499
7175 59.499
9420 1893.45
1247 254.44
1235 255.472
1225 288.732
1224 292.732
1221 294.139
1220 290.139
1305 286.139
1392 282.139
1484 278.139
1582 274.139
1675 270.139
1772 266.139
1862 262.139
1946 258.139
2035 254.139
2127 250.139
2218 246.139
2305 242.139
2392 238.139
2478 231.201
2734 214.606
2820 209.606
2913 205.606
3015 201.606
3108 197.606
3203 192.606
3300 188.606
3395 184.606
3482 179.606
3564 175.606
3649 171.606
3732 166.606
3820 162.606
3907 158.606
3996 154.606
4086 149.606
4087 145.606
4088 141.606
4089 137.606
4090 133.606
4180 129.606
4181 125.606
4274 121.606
4365 116.606
4454 112.606
4542 108.606
4628 104.606
4711 99.606
4799 95.606
4885 91.606
4970 86.606
5054 82.606
5136 78.606
5216 73.606
5304 69.606
5396 65.606
5487 61.606
5573 56.606
5650 52.606
5730 48.606
5806 43.606
5881 39.606
5955 35.606
6036 31.606
6117 26.606
6195 22.606
6270 18.606
6348 13.606
6427 9.606
1223 295.139
1306 288.139
1393 282.139
1487 278.139
1584 274.139
1677 270.139
1773 266.139
9462 1055.95
9939 965.541
9478 947.635
9942 858.756
9495 840.455
1222 298.139
1264 306.44
1263 302.44
1269 326.44
1355 322.44
1445 318.44
1444 314.44
1443 310.44
1259 286.44
1345 282.44
1435 278.44
1434 274.44
1433 270.44
1432 266.44
1431 262.44
9493 934.455
9511 801.455
9530 695.455
9550 589.455
9572 460.455
5928 363.455
1304 287.139
1307 292.139
1309 291.472
1310 287.472
1311 283.472
1308 295.472
9529 794.455
9528 893.455
9532 636.455
9525 1781.7
9544 1679.7
9563 1586.7
9586 1484.7
9607 1382.7
9629 1290.7
9630 1193.7
9631 1096.7
9984 1045.1
9609 965.499
9610 865.499
9611 765.499
9612 665.499
9613 565.499
9614 465.499
7873 399.499
7800 395.499
7801 391.499
7874 387.499
7875 383.499
7876 379.499
7877 375.499
7878 371.499
7879 367.499
7880 363.499
7881 359.499
7882 355.499
7883 351.499
7884 347.499
7885 343.499
7886 339.499
7887 335.499
7888 331.499
7889 327.499
7890 323.499
7891 319.499
7892 315.499
7893 311.499
7894 307.499
7895 303.499
7896 299.499
7897 295.499
7898 291.499
7899 287.499
7900 283.499
7901 279.499
7902 275.499
7903 271.499
7904 267.499
7905 263.499
7906 259.499
7907 255.499
7908 251.499
7909 247.499
7910 243.499
7911 239.499
7912 235.499
7913 231.499
7914 227.499
7915 223.499
7916 219.499
7917 215.499
7918 211.499
7919 207.499
7920 203.499
7921 199.499
7922 195.499
7923 191.499
9524 1876.7
9543 1774.7
9562 1681.7
9585 1580.7
9606 1479.7
9628 1387.7
9527 992.455
9513 743.455
1341 266.44
1343 274.44
1342 270.44
9506 1977.7
9509 997.455
9510 899.455
9567 950.455
9568 852.455
9569 754.455
9570 656.455
9571 558.455
9566 1048.45
1312 279.472
1319 251.472
1405 247.472
1500 243.472
1593 239.472
1686 235.472
1781 231.472
1867 227.472
1951 223.472
2040 219.472
2132 215.472
9547 888.455
9546 987.455
9549 689.455
9548 788.455
9593 457.455
6911 405.455
6912 401.455
6913 397.455
6982 386.455
7051 381.455
7120 377.455
7121 373.455
7186 369.455
7253 365.455
7321 360.455
7390 356.455
7391 352.455
7457 348.455
7458 344.455
7459 340.455
7460 336.455
7461 332.455
7462 328.455
7463 324.455
7464 320.455
7465 316.455
7466 312.455
7467 308.455
7468 304.455
7469 300.455
7470 296.455
7471 292.455
7472 288.455
7473 284.455
7474 280.455
7475 276.455
7476 272.455
7477 268.455
7478 264.455
7479 260.455
7480 256.455
7481 252.455
7482 248.455
7483 244.455
7484 240.455
7485 236.455
7486 232.455
9592 556.455
9595 709.44
9594 610.44
5374 536.44
5286 532.44
5203 527.44
5202 523.44
5201 519.44
5121 515.44
5039 511.44
4955 506.44
4870 502.44
4869 498.44
4868 494.44
4781 490.44
4692 485.44
4691 481.44
4605 477.44
4604 473.44
4603 469.44
4516 465.44
4515 461.44
4426 457.44
4334 452.44
4333 448.44
4241 444.44
4240 440.44
4239 436.44
4146 432.44
4056 427.44
3966 423.44
3877 419.44
3876 415.44
3875 411.44
3874 407.44
3873 403.44
3872 399.44
3871 395.44
3870 391.44
3782 387.44
3694 382.44
3693 378.44
3609 374.44
3608 370.44
3607 366.44
3606 362.44
3605 358.44
3519 354.44
3433 349.44
3432 345.44
3431 341.44
3430 337.44
3429 333.44
3428 329.44
3427 325.44
3426 321.44
3425 317.44
3424 313.44
3423 309.44
3339 305.44
3338 301.44
3337 297.44
3336 293.44
3335 289.44
3334 285.44
3333 281.44
3332 277.44
3331 273.44
3330 269.44
3329 265.44
3328 261.44
3327 257.44
3326 253.44
3325 249.44
3324 245.44
3323 241.44
3229 234.44
3138 229.44
3046 225.44
3045 221.44
2949 214.44
2948 210.44
2947 206.44
2946 202.44
2945 198.44
2944 194.44
2943 190.44
1357 330.44
1447 326.44
1446 322.44
1542 318.44
1635 314.44
1732 310.44
1822 306.44
1904 302.44
1992 298.44
1991 294.44
1990 290.44
1989 286.44
1988 282.44
2078 278.44
2167 274.44
2252 270.44
2339 266.44
2424 262.44
2508 258.44
2593 254.44
2679 250.44
2767 246.44
2855 242.44
2854 238.44
2853 234.44
2953 230.44
2952 226.44
2951 222.44
2950 218.44
1359 338.44
1358 334.44
1448 330.44
1346 286.44
1436 282.44
9589 853.455
9590 754.455
9591 655.455
9588 952.455
1349 298.44
1350 302.44
1440 298.44
1536 294.44
1629 290.44
1726 286.44
1401 274.472
1314 270.472
1315 266.472
1400 278.472
1403 247.472
1497 243.472
1591 239.472
1778 231.472
1949 223.472
1402 270.472
1395 289.139
1489 285.139
1586 281.139
1679 277.139
1775 273.139
1863 266.139
1394 286.139
9573 124.472
4102 120.472
4287 112.472
4377 108.472
4466 104.472
4553 100.472
4639 96.472
4721 92.472
4809 88.472
4894 84.472
4978 80.472
5061 76.472
5142 72.472
5221 68.472
5309 64.472
5401 60.472
5492 56.472
1397 295.472
1396 293.139
1399 282.472
9574 606.44
3561 522.44
3475 517.44
3474 513.44
3473 509.44
3472 505.44
3471 501.44
3470 497.44
3469 493.44
3468 489.44
3467 485.44
3466 481.44
3465 477.44
3464 473.44
3463 469.44
3462 465.44
3461 461.44
3460 457.44
3459 453.44
3458 449.44
3457 445.44
3456 441.44
3455 437.44
3454 433.44
3453 429.44
3452 425.44
3451 421.44
3450 417.44
3449 413.44
3448 409.44
3447 405.44
3446 401.44
3445 397.44
3444 393.44
3443 389.44
3442 385.44
3441 381.44
3440 377.44
3439 373.44
3438 369.44
3437 365.44
3436 361.44
3435 357.44
3434 353.44
1398 289.472
1391 283.139
1483 279.139
1581 275.139
9617 712.44
9616 613.44
7111 548.44
7110 544.44
7109 540.44
7108 536.44
7038 528.44
7037 524.44
6967 517.44
6966 513.44
6965 509.44
6964 505.44
6896 498.44
6828 493.44
6827 489.44
6826 485.44
6753 481.44
6677 477.44
6599 472.44
6519 468.44
6437 464.44
6359 460.44
6282 455.44
6207 451.44
6131 447.44
6055 442.44
5974 438.44
5901 434.44
5827 430.44
5752 425.44
5676 421.44
5675 417.44
5595 413.44
5518 408.44
5517 404.44
5516 400.44
5430 396.44
5429 392.44
5337 388.44
5336 384.44
5335 380.44
5334 376.44
5246 372.44
5163 367.44
5083 363.44
5001 359.44
4917 354.44
4916 350.44
4831 346.44
4744 342.44
4655 337.44
4569 333.44
4482 329.44
4393 325.44
4301 320.44
4209 316.44
4116 312.44
4026 307.44
3936 303.44
3847 299.44
3759 295.44
3671 290.44
3587 286.44
3501 282.44
3415 277.44
1438 290.44
1534 286.44
1627 282.44
1724 278.44
1814 274.44
1896 270.44
1984 266.44
2074 262.44
2163 258.44
9657 707.499
9636 604.499
9656 804.499
9635 701.499
9658 805.499
9661 815.196
9638 707.196
10125 692.612
1421 246.44
1518 242.44
1612 238.44
1709 234.44
9660 743.44
9637 635.44
9615 542.44
6824 483.44
6751 479.44
6675 475.44
6598 471.44
6518 467.44
6436 463.44
6358 459.44
9655 902.499
9634 798.499
1415 256.152
1512 252.152
1606 248.152
1704 243.152
9654 999.499
9633 895.499
1414 257.544
10030 248.406
1702 240.44
1794 233.44
1879 229.44
1963 223.44
2052 219.44
2142 215.44
2228 211.44
2316 206.44
2402 202.44
2487 198.44
2572 194.44
2659 190.44
2747 186.44
2835 182.44
2936 178.44
3040 174.44
3131 170.44
3223 166.44
3318 162.44
9639 728.44
1449 334.44
9681 851.44
9680 812.499
9682 923.196
9677 1076.97
10128 977.56
9679 810.499
9678 907.499
1491 293.735
9901 290.125
1588 289.139
1587 285.139
1490 289.139
1493 288.472
1494 284.472
1492 293.472
1495 247.472
9721 1005.5
9700 901.499
9720 1003.5
1482 287.139
1579 283.139
1580 279.139
1674 274.139
1485 278.139
1583 274.139
1676 270.139
1486 278.139
1529 266.44
1528 262.44
1621 258.44
1718 254.44
1717 250.44
1716 246.44
1715 242.44
1530 270.44
9699 998.499
9701 903.499
1525 250.44
1527 258.44
1526 254.44
1619 250.44
1618 246.44
1511 256.152
9742 1183.5
9741 1084.5
1553 362.44
1552 358.44
1551 354.44
1644 350.44
1741 346.44
1831 342.44
1913 338.44
2001 334.44
2000 330.44
2090 326.44
2179 322.44
2178 318.44
2263 314.44
2350 310.44
2349 306.44
2434 302.44
2433 298.44
2432 294.44
2516 290.44
2601 286.44
2600 282.44
2599 278.44
2685 274.44
2684 270.44
2772 266.44
2771 262.44
2770 258.44
2858 254.44
2958 250.44
2957 246.44
2956 242.44
2955 238.44
2954 234.44
1555 370.44
1648 366.44
1647 362.44
1744 358.44
1743 354.44
1742 350.44
1832 346.44
1554 366.44
1556 374.44
1545 330.44
1638 326.44
1735 322.44
1734 318.44
1733 314.44
1823 310.44
1544 326.44
1637 322.44
1546 334.44
1549 346.44
1548 342.44
1641 338.44
1738 334.44
1737 330.44
1736 326.44
1550 350.44
1537 298.44
1541 314.44
1634 310.44
1731 306.44
1821 302.44
1903 298.44
9782 1411.5
9781 1314.5
9761 1188.5
1543 322.44
1585 278.139
9762 1288.5
1589 243.472
9819 1480.5
9799 1377.5
9779 1276.5
9760 1186.5
9818 1479.5
9821 1486.5
9801 1382.5
9780 1278.5
9820 1483.5
9800 1379.5
9823 1604.66
9804 1507.66
9784 1410.66
9763 1298.2
9744 1201.2
9723 1104.2
10126 1010.47
9702 925.44
9822 1522.5
9802 1418.5
1625 274.44
1626 278.44
1723 274.44
1722 270.44
1628 286.44
1630 294.44
1620 254.44
1623 266.44
1720 262.44
9798 1400.5
9778 1298.5
9759 1208.5
9740 1106.5
1622 262.44
1605 248.44
9844 735.805
9833 718.742
10024 684.083
9830 643.993
9871 593.652
9829 536.966
9912 500.054
9828 468.735
9927 426.267
9827 387.395
9897 371.674
1657 401.44
1754 397.44
1753 393.44
1752 389.44
1751 385.44
1841 381.44
1923 377.44
2011 373.44
2101 369.44
2190 365.44
2275 361.44
2274 357.44
2273 353.44
2272 349.44
2359 345.44
2358 341.44
2443 337.44
2527 333.44
2612 329.44
2697 322.44
2696 318.44
2695 314.44
2694 310.44
2693 306.44
2781 302.44
2869 298.44
2969 294.44
2968 290.44
2967 286.44
2966 282.44
2965 278.44
2964 274.44
2963 270.44
2962 266.44
2961 262.44
2960 258.44
2959 254.44
1656 397.44
1655 393.44
9835 690.665
9879 678.097
9834 753.356
9843 719.478
1658 405.44
1755 401.44
9836 573.771
9904 533.382
1649 370.44
9826 150.525
6240 138.606
6318 133.606
6319 129.606
6320 125.606
6321 121.606
6400 117.606
6483 113.606
6484 109.606
6485 105.606
6486 101.606
6487 97.606
6488 93.606
6489 89.606
6490 85.606
6491 81.606
6492 77.606
6493 73.606
6494 69.606
6495 65.606
6496 61.606
6497 57.606
6498 53.606
6499 49.606
6500 45.606
6501 41.606
6502 37.606
6503 33.606
6504 29.606
6505 25.606
6506 21.606
6507 17.606
6508 13.606
6509 9.606
1651 377.44
1650 373.44
1747 369.44
1837 365.44
1919 361.44
2007 357.44
2097 353.44
2186 349.44
2271 345.44
1653 385.44
1652 381.44
9831 737.642
10007 686.503
9881 316.021
1640 334.44
1643 346.44
1642 342.44
9885 248.936
1645 354.44
1646 358.44
1633 306.44
1730 302.44
1820 298.44
1819 294.44
1901 290.44
1900 286.44
1632 302.44
1636 318.44
1639 330.44
9866 315.118
604 305.472
1684 235.472
1777 231.472
9913 95.474
4728 92.472
4816 88.472
1673 283.139
9915 119.617
4194 116.472
9914 161.06
9825 152.157
5627 144.606
5707 140.606
5783 135.606
5784 131.606
5785 127.606
5786 123.606
5861 119.606
5936 115.606
5937 111.606
6017 107.606
6098 102.606
6176 98.606
6177 94.606
6252 90.606
6330 85.606
6331 81.606
6332 77.606
6411 73.606
9917 257.379
7084 252.455
7153 248.455
7218 244.455
7285 240.455
9916 478.191
9919 446.918
9918 229.315
1678 274.139
1774 270.139
9905 322.331
9906 112.468
4469 110.44
9909 93.076
4814 88.472
4900 84.472
4984 80.472
5068 76.472
9908 330.052
3249 327.44
3248 323.44
3340 316.44
9911 325.274
9910 117.548
5127 114.606
5207 109.606
5295 105.606
5387 101.606
5478 97.606
5564 92.606
5565 88.606
5566 84.606
5567 80.606
5568 76.606
5569 72.606
5570 68.606
5571 64.606
5572 60.606
9896 318.58
9899 207.288
2823 203.472
2824 199.472
2917 195.472
2918 191.472
3020 187.472
3113 183.472
3208 178.472
3209 174.472
3305 170.472
3306 166.472
3402 162.472
3488 157.472
3569 153.472
3655 149.472
3738 144.472
3825 140.472
3914 136.472
4003 132.472
4093 127.472
4183 123.472
4276 119.472
4367 114.472
4456 110.472
4544 106.472
4630 102.472
4713 97.472
4801 93.472
4887 89.472
4972 84.472
5056 80.472
5138 76.472
5218 71.472
5306 67.472
5398 63.472
5489 59.472
5575 54.472
5652 50.472
5732 46.472
5808 41.472
5883 37.472
5957 33.472
6038 29.472
1725 282.44
1815 278.44
1897 274.44
1985 270.44
9900 271.268
6794 268.455
7014 256.455
9903 147.517
3749 142.44
9902 449.755
1712 234.44
9893 293.638
9895 176.959
4170 169.606
4171 165.606
4172 161.606
4173 157.606
4174 153.606
4267 149.606
4358 144.606
4359 140.606
4360 136.606
4361 132.606
4450 128.606
4538 124.606
4624 120.606
4707 115.606
4708 111.606
4709 107.606
4710 103.606
1719 258.44
9894 156.227
9945 581.807
3476 521.44
9944 461.689
1769 457.44
1859 453.44
1858 449.44
1857 445.44
1939 441.44
1938 437.44
1937 433.44
2025 429.44
2024 425.44
2023 421.44
2113 417.44
2202 413.44
2287 409.44
2374 405.44
2373 401.44
2372 397.44
2457 393.44
2456 389.44
2455 385.44
2454 381.44
2538 377.44
2623 373.44
2622 369.44
2621 365.44
2620 361.44
2619 357.44
2618 353.44
2617 349.44
2616 345.44
2615 341.44
2614 337.44
2613 333.44
9946 443.439
918 441.44
917 437.44
916 433.44
915 429.44
914 425.44
913 421.44
912 417.44
911 413.44
910 409.44
988 405.44
1060 401.44
1126 397.44
1202 393.44
1285 389.44
1371 385.44
1461 381.44
1557 377.44
1706 238.44
9948 188.984
9951 241.686
9936 918.227
1699 260.335
1700 256.335
1604 252.44
9938 863.155
9943 477.166
9928 126.265
4195 122.44
4289 118.44
4380 114.44
9933 871.542
1757 409.44
1756 405.44
1758 413.44
1745 362.44
9920 303.171
9923 345.47
3159 341.44
3158 337.44
3157 333.44
1746 366.44
1749 377.44
1748 373.44
9924 317.894
9926 246.01
1750 381.44
9976 384.075
6005 348.455
6086 343.455
9979 309.431
2871 306.44
2870 302.44
1739 338.44
1829 334.44
1911 330.44
1999 326.44
2089 322.44
9981 1762.94
1740 342.44
1830 338.44
1729 298.44
9968 269.35
9270 263.304
10129 262.023
9252 258.491
9230 254.491
9971 107.463
7871 103.499
7798 99.499
9973 692.351
9972 35.722
6893 32.882
10082 29.622
9975 247.494
9974 641.855
9960 81.096
9967 158.407
8445 154.499
8396 150.499
9966 301.255
3845 297.44
3757 293.44
3586 285.44
3500 281.44
1790 265.472
1876 261.472
1960 257.472
1959 253.472
1958 249.472
2047 245.472
2046 241.472
2045 237.472
2044 233.472
2135 226.472
2312 218.472
2399 211.472
2398 207.472
9952 242.517
9954 119.678
9956 392.122
5669 387.44
5510 379.44
5424 375.44
5332 371.44
5244 367.44
5161 362.44
5081 358.44
4999 354.44
4915 349.44
4830 345.44
4743 341.44
4654 336.44
4568 332.44
4481 328.44
4392 324.44
4300 319.44
4208 315.44
4115 311.44
4025 306.44
3935 302.44
3846 298.44
3758 294.44
3670 289.44
1780 231.472
9959 198.452
10009 956.83
10008 178.357
7853 175.499
7854 171.499
7781 167.499
7708 163.499
7709 159.499
7710 155.499
7711 151.499
7712 147.499
7713 143.499
1771 267.139
1861 263.139
1770 461.44
10005 235.458
1818 290.44
9999 310.052
963 304.393
962 300.393
1035 296.393
1103 289.537
1034 282.537
1033 278.537
1032 274.539
10013 273.71
1031 270.44
1030 266.44
1813 270.44
1895 266.44
1983 262.44
2073 258.44
2162 254.44
1812 266.44
10041 233.579
1801 230.44
10040 393.741
6007 341.807
6164 331.807
6239 327.807
10043 322.982
10042 194.627
3479 191.606
3480 187.606
3481 183.606
3563 179.606
10045 1069.17
10044 352.13
2783 349.44
2698 345.44
10047 178.408
10046 592.761
10033 128.438
5381 125.606
5382 121.606
5383 117.606
5474 113.606
5560 108.606
5561 104.606
5562 100.606
5639 96.606
5719 92.606
5795 87.606
5796 83.606
5871 79.606
5872 75.606
5947 71.606
6027 67.606
6108 62.606
6109 58.606
6110 54.606
6111 50.606
6112 46.606
6113 42.606
6191 38.606
6192 34.606
6267 30.606
6345 25.606
6424 21.606
10032 978.405
10035 129.536
7090 128.499
7019 123.499
6943 119.499
6944 115.499
6873 111.499
6874 107.499
6803 103.499
6804 99.499
6805 95.499
6806 91.499
6807 87.499
6808 83.499
6809 79.499
6810 75.499
6811 71.499
6812 67.499
6813 63.499
6814 59.499
6815 55.499
6816 51.499
6817 47.499
6818 43.499
6819 39.499
6820 35.499
10034 129.469
10037 280.797
10036 289.961
10039 1721.3
10038 311.022
10027 260.801
1945 258.139
10026 139.029
1850 417.44
1849 413.44
1931 409.44
2019 405.44
2109 401.44
2198 397.44
2283 393.44
2282 389.44
2369 385.44
10029 292.015
10028 799.899
10031 227.57
1840 377.44
1922 373.44
2010 369.44
2009 365.44
2099 361.44
2188 357.44
1843 389.44
1925 385.44
2013 381.44
2103 377.44
2192 373.44
2191 369.44
1842 385.44
1845 397.44
1927 393.44
2015 389.44
2014 385.44
2104 381.44
1844 393.44
1846 401.44
10073 178.596
3025 176.472
3118 172.472
3213 167.472
3309 163.472
1833 350.44
10072 177.761
3312 171.472
3311 167.472
10075 229.784
2042 227.472
2134 223.472
2133 219.472
2223 215.472
1835 358.44
1834 354.44
1916 350.44
1915 346.44
1914 342.44
10074 253.236
1836 362.44
1918 358.44
2006 354.44
2096 350.44
2095 346.44
2184 342.44
2183 338.44
2182 334.44
2267 330.44
2354 326.44
2353 322.44
2438 318.44
2522 314.44
2607 310.44
1839 373.44
1921 369.44
1838 369.44
10065 254.254
10064 141.418
3838 138.44
10067 150.51
10066 253.969
10069 197.616
10068 139.578
3829 137.472
3917 133.472
4006 129.472
10071 70.431
5948 67.606
6028 63.606
10070 155.006
7286 151.499
7220 147.499
7155 143.499
7156 139.499
7087 135.499
7017 131.499
6941 127.499
6942 123.499
10057 147.966
3580 144.497
3747 136.472
3835 132.472
3925 128.472
4014 124.472
10056 262.516
2036 258.139
2128 254.139
10059 320.125
1882 226.44
1970 222.44
2061 218.44
2151 214.44
10061 125.329
10060 197.808
2651 191.472
2739 187.472
2827 183.472
2925 179.472
3028 175.472
3120 171.472
3214 167.472
1884 226.44
1972 222.44
10063 289.237
6712 287.455
10062 297.709
6475 292.455
6476 288.455
6557 284.455
6637 279.455
6715 275.455
6791 271.455
6864 266.455
6936 262.455
7012 258.455
7083 253.455
1886 230.44
1873 249.472
1872 245.472
1871 241.472
1955 237.472
10051 384.662
10050 200.778
2486 199.44
10053 160.188
7354 157.499
10055 390.291
10054 309.732
1865 227.472
1948 223.472
2037 219.472
2130 215.472
2221 211.472
2308 207.472
2396 203.472
1860 457.44
1912 334.44
1917 354.44
1905 306.44
1993 302.44
1899 282.44
1902 294.44
1889 242.44
1977 238.44
1976 234.44
1888 238.44
1891 250.44
1979 246.44
1978 242.44
1890 246.44
1893 258.44
1981 254.44
2071 250.44
2160 246.44
1892 254.44
1980 250.44
1894 262.44
1982 258.44
2072 254.44
2161 250.44
1944 258.139
2033 254.139
2125 250.139
2217 246.139
2304 242.139
1947 262.139
1929 401.44
2017 397.44
2016 393.44
1928 397.44
1930 405.44
2018 401.44
2108 397.44
2197 393.44
1920 365.44
2008 361.44
1924 381.44
1926 389.44
1965 222.44
2056 218.44
2145 214.44
2230 210.44
2317 206.44
2403 202.44
1967 222.44
2058 218.44
2147 214.44
2233 210.44
2320 206.44
2406 202.44
2491 198.44
2576 194.44
2663 190.44
1966 222.44
1954 234.472
2043 230.472
2012 377.44
2003 342.44
2002 338.44
2005 350.44
2004 346.44
2094 342.44
1994 306.44
1997 318.44
2087 314.44
2176 310.44
2261 306.44
2348 302.44
1998 322.44
1987 278.44
2041 223.472
2034 254.139
2038 219.472
2027 437.44
2117 433.44
2116 429.44
2205 425.44
2290 421.44
2377 417.44
2376 413.44
2375 409.44
2021 413.44
2020 409.44
2110 405.44
2199 401.44
2284 397.44
2022 417.44
2075 266.44
2077 274.44
2079 282.44
2065 226.44
2067 234.44
2066 230.44
2155 226.44
2154 222.44
2069 242.44
2158 238.44
2243 234.44
2330 230.44
2415 226.44
2499 222.44
2498 218.44
2068 238.44
2070 246.44
2057 218.44
2060 218.44
2055 218.44
2144 214.44
2105 385.44
2107 393.44
2196 389.44
2195 385.44
2194 381.44
2193 377.44
2106 389.44
2098 357.44
2187 353.44
2100 365.44
2102 373.44
2088 318.44
2091 330.44
2093 338.44
2092 334.44
2081 290.44
2080 286.44
2169 282.44
2254 278.44
2341 274.44
2340 270.44
2083 298.44
2172 294.44
2257 290.44
2256 286.44
2343 282.44
2342 278.44
2082 294.44
2171 290.44
2085 306.44
2084 302.44
2086 310.44
2175 306.44
2260 302.44
2347 298.44
2143 214.44
2229 210.44
2126 250.139
2168 278.44
2170 286.44
2173 298.44
2174 302.44
2259 298.44
2346 294.44
2431 290.44
2430 286.44
2429 282.44
2513 278.44
2598 274.44
2164 262.44
2166 270.44
2159 242.44
2146 214.44
2231 210.44
2318 206.44
2404 202.44
2489 198.44
2574 194.44
2660 190.44
2749 186.44
2837 182.44
2938 178.44
3041 174.44
3132 170.44
3224 166.44
2148 214.44
2150 214.44
2201 409.44
2286 405.44
2185 346.44
2270 342.44
2357 338.44
2442 334.44
2526 330.44
2611 326.44
2189 361.44
2181 330.44
2266 326.44
2232 210.44
2319 206.44
2234 210.44
2321 206.44
2236 210.44
2323 206.44
2239 218.44
2326 214.44
2411 210.44
2495 206.44
2225 222.472
2224 219.472
2216 247.139
2219 219.472
2269 338.44
2268 334.44
2258 294.44
2251 266.44
2253 274.44
2255 282.44
2244 238.44
2281 385.44
2368 381.44
2367 377.44
2366 373.44
2365 369.44
2364 365.44
2449 361.44
2533 357.44
2280 381.44
2285 401.44
2277 369.44
2276 365.44
2279 377.44
2278 373.44
2333 242.44
2335 250.44
2334 246.44
2325 210.44
2410 206.44
2494 202.44
2315 207.44
2401 203.44
2306 207.472
2311 215.472
2310 211.472
2361 353.44
2360 349.44
2363 361.44
2362 357.44
2352 318.44
2351 314.44
2355 330.44
2356 334.44
2345 290.44
2344 286.44
2337 258.44
2336 254.44
2421 250.44
2505 246.44
2590 242.44
2589 238.44
2588 234.44
2674 230.44
2673 226.44
2672 222.44
2671 218.44
2759 214.44
2847 210.44
2846 206.44
2845 202.44
2844 198.44
2843 194.44
2338 262.44
2393 242.201
2479 235.201
2394 203.472
2387 457.44
2386 453.44
2471 449.44
2470 445.44
2469 441.44
2553 437.44
2638 433.44
2637 429.44
2636 425.44
2635 421.44
2634 417.44
2633 413.44
2632 409.44
2631 405.44
2630 401.44
2629 397.44
2628 393.44
2627 389.44
2626 385.44
2625 381.44
2624 377.44
2371 393.44
2370 389.44
2425 266.44
2427 274.44
2426 270.44
2510 266.44
2509 262.44
2428 278.44
2419 242.44
2418 238.44
2502 234.44
2587 230.44
2586 226.44
2420 246.44
2423 258.44
2507 254.44
2592 250.44
2591 246.44
2677 242.44
2676 238.44
2764 234.44
2852 230.44
2851 226.44
2422 254.44
2405 202.44
2407 202.44
2459 401.44
2458 397.44
2460 405.44
2448 357.44
2447 353.44
2531 349.44
2451 369.44
2450 365.44
2453 377.44
2537 373.44
2452 373.44
2441 330.44
2440 326.44
2439 322.44
2445 345.44
2529 341.44
2528 337.44
2444 341.44
2446 349.44
2488 198.44
2573 194.44
2490 198.44
2575 194.44
2662 190.44
2751 186.44
2839 182.44
2492 198.44
2577 194.44
2480 199.472
2564 195.472
2482 199.472
2566 195.472
2485 207.472
2569 203.472
2568 199.472
2655 195.472
2484 203.472
2520 306.44
2519 302.44
2604 298.44
2690 294.44
2689 290.44
2777 286.44
2776 282.44
2775 278.44
2863 274.44
2862 270.44
2861 266.44
2860 262.44
2859 258.44
2523 318.44
2525 326.44
2524 322.44
2609 318.44
2608 314.44
2512 274.44
2511 270.44
2515 286.44
2514 282.44
2517 294.44
2518 298.44
2603 294.44
2504 242.44
2506 250.44
2503 238.44
2544 401.44
2536 369.44
2539 381.44
2541 389.44
2540 385.44
2543 397.44
2542 393.44
2530 345.44
2532 353.44
2535 365.44
2534 361.44
2570 207.472
2657 203.472
2656 199.472
2744 195.472
2832 191.472
2831 187.472
2928 183.472
3030 179.472
2563 195.472
2602 290.44
2605 302.44
2606 306.44
2595 262.44
2594 258.44
2597 270.44
2596 266.44
2682 262.44
2649 217.606
2735 213.606
2821 208.606
2914 204.606
3016 200.606
3109 196.606
3204 191.606
3301 187.606
3396 183.606
3483 178.606
3565 174.606
3650 170.606
2650 214.472
2737 207.472
2652 191.472
2741 187.472
2829 183.472
2681 258.44
2680 254.44
2683 266.44
2687 282.44
2686 278.44
2675 234.44
2678 246.44
2670 214.44
2669 210.44
2668 206.44
2756 202.44
2661 190.44
2713 405.44
2712 401.44
2711 397.44
2710 393.44
2705 373.44
2704 369.44
2707 381.44
2706 377.44
2709 389.44
2708 385.44
2699 349.44
2701 357.44
2700 353.44
2703 365.44
2702 361.44
2688 286.44
2691 298.44
2692 302.44
2745 199.472
2833 195.472
2746 201.472
2748 186.44
2836 182.44
2750 186.44
2838 182.44
2736 211.472
2740 187.472
2828 183.472
2743 191.472
2733 218.606
2819 213.606
2779 294.44
2778 290.44
2780 298.44
2868 294.44
2782 306.44
2769 254.44
2857 250.44
2856 246.44
2768 250.44
2773 270.44
2774 274.44
2761 222.44
2849 218.44
2848 214.44
2763 230.44
2762 226.44
2850 222.44
2765 238.44
2766 242.44
2793 385.44
2792 381.44
2795 393.44
2794 389.44
2797 401.44
2796 397.44
2799 409.44
2798 405.44
2785 353.44
2784 349.44
2787 361.44
2786 357.44
2789 369.44
2788 365.44
2791 377.44
2790 373.44
2822 207.472
2873 354.44
2872 352.44
2972 348.44
3066 344.44
2875 362.44
2874 358.44
2877 370.44
2876 366.44
2879 378.44
2878 374.44
2865 282.44
2864 278.44
2867 290.44
2866 286.44
2909 220.606
2910 216.606
2911 212.606
3014 205.606
2888 414.44
2881 386.44
2880 382.44
2883 394.44
2882 390.44
2885 402.44
2884 398.44
2887 410.44
2886 406.44
2930 191.472
3032 187.472
3124 183.472
3123 179.472
3122 175.472
3216 171.472
2933 184.44
2934 180.44
3038 176.44
3129 172.44
3222 167.44
3317 163.44
3408 159.44
2932 188.44
2935 179.44
3039 175.44
3130 171.44
2921 181.472
3024 177.472
3117 173.472
3212 168.472
3308 164.472
3404 160.472
3490 155.472
3571 151.472
3657 147.472
2923 179.472
3026 175.472
3119 171.472
2922 180.929
2924 179.472
2926 179.472
2912 209.606
2915 203.472
3017 199.472
3110 195.472
3205 190.472
3206 186.472
3207 182.472
2971 302.44
2970 298.44
2973 352.44
3067 348.44
2975 360.44
2974 356.44
2985 400.44
2984 396.44
3078 392.44
3077 388.44
3076 384.44
3075 380.44
3074 376.44
3073 372.44
3072 368.44
3071 364.44
3070 360.44
3069 356.44
3068 352.44
2987 408.44
3081 404.44
3080 400.44
3079 396.44
2986 404.44
2989 416.44
2988 412.44
2977 368.44
2976 364.44
2979 376.44
2978 372.44
2981 384.44
2980 380.44
2983 392.44
2982 388.44
3033 190.472
3035 188.44
3126 184.44
3219 179.44
3314 175.44
3315 171.44
3316 167.44
3034 192.44
3125 188.44
3218 183.44
3313 179.44
3036 184.44
3127 180.44
3220 175.44
3221 171.44
3027 175.472
3019 191.472
3018 195.472
3111 191.472
3021 183.472
3114 179.472
3022 179.472
3115 175.472
3210 170.472
3013 223.606
3012 227.606
3065 301.44
3064 297.44
3063 293.44
3062 289.44
3061 285.44
3060 281.44
3059 277.44
3058 273.44
3057 269.44
3056 265.44
3055 261.44
3054 257.44
3053 253.44
3052 249.44
3051 245.44
3050 241.44
3049 237.44
3048 233.44
3047 229.44
3083 412.44
3082 408.44
3084 416.44
3112 187.472
3116 174.472
3211 169.472
3307 165.472
3403 161.472
3489 156.472
3570 152.472
3656 148.472
3739 143.472
3826 139.472
3915 135.472
4004 131.472
4094 126.472
4184 122.472
4277 118.472
4368 113.472
4457 109.472
4545 105.472
4631 101.472
4714 96.472
4802 92.472
4888 88.472
4973 83.472
5057 79.472
5139 75.472
5219 70.472
5307 66.472
5399 62.472
5490 58.472
5576 53.472
5653 49.472
5733 45.472
3161 349.44
3160 345.44
3163 357.44
3162 353.44
3165 365.44
3164 361.44
3167 373.44
3166 369.44
3152 285.44
3155 297.44
3154 293.44
3153 289.44
3156 301.44
3145 257.44
3144 253.44
3147 265.44
3146 261.44
3149 273.44
3148 269.44
3151 281.44
3150 277.44
3141 241.44
3140 237.44
3139 233.44
3143 249.44
3142 245.44
3177 413.44
3176 409.44
3175 405.44
3174 401.44
3173 397.44
3172 393.44
3171 389.44
3170 385.44
3169 381.44
3168 377.44
3178 417.44
3231 242.44
3257 359.44
3256 355.44
3255 351.44
3254 347.44
3253 343.44
3252 339.44
3251 335.44
3250 331.44
3259 367.44
3258 363.44
3261 375.44
3260 371.44
3263 383.44
3262 379.44
3241 282.44
3240 278.44
3245 298.44
3244 294.44
3246 302.44
3233 250.44
3232 246.44
3239 274.44
3238 270.44
3272 419.44
3271 415.44
3270 411.44
3269 407.44
3268 403.44
3267 399.44
3266 395.44
3265 391.44
3264 387.44
3275 431.44
3274 427.44
3273 423.44
3304 174.472
3299 192.606
3298 196.606
3303 178.472
3353 368.44
3352 364.44
3351 360.44
3350 356.44
3349 352.44
3348 348.44
3347 344.44
3346 340.44
3345 336.44
3344 332.44
3343 328.44
3342 324.44
3341 320.44
3355 376.44
3354 372.44
3357 384.44
3356 380.44
3359 392.44
3358 388.44
3361 400.44
3360 396.44
3363 408.44
3362 404.44
3365 416.44
3364 412.44
3417 285.44
3416 281.44
3419 293.44
3418 289.44
3421 301.44
3420 297.44
3422 305.44
3401 166.472
3393 192.606
3399 178.472
3485 178.606
3567 174.606
3651 170.606
3733 166.606
3487 158.472
3568 154.472
3654 150.472
3737 145.472
3824 141.472
3913 137.472
4002 133.472
4092 128.472
4182 124.472
4275 120.472
4366 115.472
4455 111.472
4543 107.472
4629 103.472
4712 98.472
4800 94.472
4886 90.472
4971 85.472
5055 81.472
5137 77.472
5217 72.472
5305 68.472
5397 64.472
5488 60.472
5574 55.472
5651 51.472
5731 47.472
5807 42.472
5882 38.472
5956 34.472
6037 30.472
6118 25.472
6196 21.472
6271 17.472
3477 200.773
3478 198.221
3513 330.44
3512 326.44
3515 338.44
3514 334.44
3517 346.44
3516 342.44
3518 350.44
3505 298.44
3504 294.44
3507 306.44
3506 302.44
3509 314.44
3508 310.44
3510 318.44
3503 290.44
3502 286.44
3492 154.472
3529 394.44
3528 390.44
3531 402.44
3530 398.44
3533 410.44
3532 406.44
3535 418.44
3534 414.44
3521 362.44
3520 358.44
3523 370.44
3522 366.44
3525 378.44
3524 374.44
3527 386.44
3526 382.44
3579 148.497
3581 148.497
3611 382.44
3610 378.44
3613 390.44
3612 386.44
3615 398.44
3614 394.44
3601 342.44
3600 338.44
3603 350.44
3602 346.44
3604 354.44
3593 310.44
3592 306.44
3591 302.44
3590 298.44
3589 294.44
3595 318.44
3594 314.44
3597 326.44
3511 322.44
3596 322.44
3599 334.44
3598 330.44
3588 290.44
3624 434.44
3623 430.44
3537 426.44
3617 406.44
3616 402.44
3619 414.44
3618 410.44
3620 418.44
3673 298.44
3672 294.44
3675 306.44
3674 302.44
3677 314.44
3676 310.44
3679 322.44
3678 318.44
3705 426.44
3621 422.44
3704 422.44
3707 434.44
3706 430.44
3697 394.44
3696 390.44
3695 386.44
3699 402.44
3698 398.44
3701 410.44
3700 406.44
3703 418.44
3702 414.44
3689 362.44
3688 358.44
3691 370.44
3690 366.44
3692 374.44
3681 330.44
3680 326.44
3683 338.44
3682 334.44
3685 346.44
3684 342.44
3687 354.44
3686 350.44
3741 142.472
3742 142.603
3730 174.606
3818 170.606
3905 166.606
3906 162.606
3734 170.606
3769 335.44
3768 331.44
3771 343.44
3770 339.44
3773 351.44
3772 347.44
3775 359.44
3774 355.44
3761 303.44
3760 299.44
3763 311.44
3762 307.44
3765 319.44
3764 315.44
3767 327.44
3766 323.44
3753 147.44
3842 143.44
3931 139.44
4019 135.44
4108 131.44
4199 127.44
4291 123.44
4471 113.44
3752 144.44
3841 140.44
3930 136.44
4018 132.44
4107 128.44
4198 124.44
4290 120.44
3746 140.472
3748 136.472
3836 132.472
3751 144.44
3840 140.44
3793 431.44
3792 427.44
3795 439.44
3796 443.44
3708 438.44
3785 399.44
3784 395.44
3787 407.44
3786 403.44
3789 415.44
3788 411.44
3791 423.44
3790 419.44
3777 367.44
3776 363.44
3779 375.44
3778 371.44
3781 383.44
3780 379.44
3783 391.44
3833 143.472
3832 139.472
3920 135.472
4008 131.472
4096 125.472
3834 147.472
3837 132.472
3926 128.472
3828 141.792
3819 170.606
3821 150.606
3822 146.606
3911 142.606
4000 138.606
3865 371.44
3864 367.44
3863 363.44
3862 359.44
3867 379.44
3866 375.44
3869 387.44
3868 383.44
3857 339.44
3856 335.44
3855 331.44
3859 347.44
3858 343.44
3861 355.44
3860 351.44
3849 307.44
3848 303.44
3851 315.44
3850 311.44
3853 323.44
3852 319.44
3854 327.44
3889 467.44
3888 463.44
3800 459.44
3712 454.44
3711 450.44
3710 446.44
3709 442.44
3625 438.44
3881 435.44
3880 431.44
3883 443.44
3882 439.44
3794 435.44
3885 451.44
3797 447.44
3884 447.44
3887 459.44
3886 455.44
3798 451.44
3879 427.44
3878 423.44
3929 136.44
4017 132.44
4106 128.44
3932 304.827
3921 139.472
3923 147.472
4011 143.472
4010 139.472
4009 135.472
3922 143.472
3924 129.472
4013 125.472
3904 170.606
3993 166.606
4083 161.606
4084 157.606
3909 150.606
3910 146.606
3999 142.606
3961 403.44
3960 399.44
3959 395.44
3963 411.44
3962 407.44
3965 419.44
3964 415.44
3967 427.44
3953 371.44
3952 367.44
3951 363.44
3950 359.44
3949 355.44
3955 379.44
3954 375.44
3957 387.44
3956 383.44
3958 391.44
3945 339.44
3944 335.44
3947 347.44
3946 343.44
3948 351.44
3943 331.44
3942 327.44
3941 323.44
3992 170.606
4082 165.606
3977 467.44
3976 463.44
3979 475.44
3978 471.44
3969 435.44
3968 431.44
3971 443.44
3970 439.44
3973 451.44
3972 447.44
3975 459.44
3974 455.44
4024 305.44
3934 301.44
4031 327.44
4023 305.44
3933 301.44
4001 134.606
4091 129.606
4057 431.44
4059 439.44
4058 435.44
4061 447.44
4060 443.44
4063 455.44
4062 451.44
4049 399.44
4048 395.44
4047 391.44
4046 387.44
4045 383.44
4051 407.44
4050 403.44
4053 415.44
4052 411.44
4055 423.44
4054 419.44
4041 367.44
4040 363.44
4039 359.44
4043 375.44
4042 371.44
4044 379.44
4033 335.44
4032 331.44
4034 339.44
4037 351.44
4038 355.44
4065 463.44
4064 459.44
4067 471.44
4066 467.44
4069 479.44
4068 475.44
4071 487.44
4070 483.44
3980 479.44
3891 475.44
3890 471.44
4121 332.44
4123 340.44
4122 336.44
4112 309.44
4104 126.44
4111 309.44
4022 305.44
4097 122.472
4188 118.472
4281 114.472
4372 109.472
4461 105.472
4549 101.472
4635 97.472
4718 92.472
4806 88.472
4892 84.472
4976 80.472
5060 76.472
4101 124.472
4153 460.44
4152 456.44
4155 468.44
4154 464.44
4157 476.44
4156 472.44
4159 484.44
4158 480.44
4145 428.44
4144 424.44
4149 444.44
4148 440.44
4151 452.44
4150 448.44
4137 396.44
4136 392.44
4139 404.44
4138 400.44
4141 412.44
4140 408.44
4143 420.44
4142 416.44
4131 372.44
4130 368.44
4133 380.44
4132 376.44
4135 388.44
4134 384.44
4187 119.472
4280 115.472
4371 110.472
4460 106.472
4548 102.472
4634 98.472
4717 93.472
4805 89.472
4891 85.472
4186 120.472
4279 116.472
4370 111.472
4459 107.472
4547 103.472
4633 99.472
4716 94.472
4804 90.472
4890 86.472
4975 81.472
5059 77.472
5141 73.472
4189 117.472
4282 113.472
4373 108.472
4462 104.472
4550 100.472
4636 96.472
4190 116.472
4283 112.472
4177 141.606
4270 137.606
4175 149.606
4268 145.606
4161 492.44
4160 488.44
4162 496.44
4072 491.44
3982 487.44
3981 483.44
4216 344.44
4215 340.44
4214 336.44
4213 332.44
4120 328.44
4030 323.44
4029 319.44
3939 315.44
3938 311.44
3937 307.44
4203 313.44
4249 476.44
4248 472.44
4247 468.44
4251 484.44
4250 480.44
4253 492.44
4252 488.44
4255 500.44
4254 496.44
4243 452.44
4242 448.44
4245 460.44
4244 456.44
4246 464.44
4233 412.44
4232 408.44
4231 404.44
4235 420.44
4234 416.44
4237 428.44
4236 424.44
4224 376.44
4223 372.44
4222 368.44
4221 364.44
4220 360.44
4219 356.44
4126 352.44
4036 347.44
4227 388.44
4226 384.44
4225 380.44
4229 396.44
4228 392.44
4230 400.44
4273 125.606
4364 120.606
4453 116.606
4272 129.606
4363 124.606
4452 120.606
4265 165.606
4266 161.606
4264 169.606
4256 504.44
4163 500.44
4073 495.44
3983 491.44
4263 173.606
4262 528.44
4169 524.44
4079 519.44
4078 515.44
4077 511.44
3987 507.44
3986 503.44
3897 499.44
3809 495.44
3721 490.44
3637 486.44
3551 482.44
4317 384.44
4316 380.44
4319 392.44
4318 388.44
4305 336.44
4295 317.44
4294 317.44
4345 496.44
4344 492.44
4347 504.44
4346 500.44
4348 508.44
4337 464.44
4336 460.44
4339 472.44
4338 468.44
4341 480.44
4340 476.44
4343 488.44
4342 484.44
4329 432.44
4328 428.44
4335 456.44
4320 396.44
4323 408.44
4325 416.44
4324 412.44
4327 424.44
4326 420.44
4376 108.472
4465 104.472
4375 108.472
4463 104.472
4374 108.472
4362 128.606
4355 171.606
4354 175.606
4357 148.606
4409 389.44
4408 385.44
4411 397.44
4410 393.44
4413 405.44
4321 400.44
4412 401.44
4415 413.44
4414 409.44
4322 404.44
4395 333.44
4303 328.44
4211 324.44
4118 320.44
4028 315.44
4394 329.44
4302 324.44
4387 321.44
4296 317.44
4205 313.44
4113 309.44
4388 321.44
4297 317.44
4441 517.44
4349 512.44
4440 513.44
4442 521.44
4350 516.44
4445 175.606
4444 529.44
4352 524.44
4351 520.44
4447 148.606
4433 485.44
4432 481.44
4435 493.44
4434 489.44
4437 501.44
4436 497.44
4438 505.44
4429 469.44
4431 477.44
4430 473.44
4417 421.44
4416 417.44
4419 429.44
4418 425.44
4421 437.44
4420 433.44
4464 104.472
4552 100.472
4638 96.472
4720 92.472
4808 88.472
4449 132.606
4448 136.606
4536 132.606
4537 128.606
4451 124.606
4505 421.44
4504 417.44
4507 429.44
4506 425.44
4508 433.44
4497 389.44
4496 385.44
4407 381.44
4315 376.44
4499 397.44
4498 393.44
4501 405.44
4500 401.44
4503 413.44
4502 409.44
4488 353.44
4399 349.44
4307 344.44
4306 340.44
4485 341.44
4484 337.44
4483 333.44
4487 349.44
4398 345.44
4486 345.44
4397 341.44
4539 120.606
4625 116.606
4541 112.606
4540 116.606
4529 517.44
4528 513.44
4439 509.44
4531 525.44
4530 521.44
4533 179.606
4532 529.44
4443 525.44
4534 183.606
4521 485.44
4523 493.44
4522 489.44
4525 501.44
4524 497.44
4527 509.44
4526 505.44
4571 341.44
4570 337.44
4573 349.44
4572 345.44
4575 357.44
4554 100.472
4551 100.472
4637 96.472
4719 92.472
4593 429.44
4592 425.44
4591 421.44
4595 437.44
4594 433.44
4596 441.44
4587 405.44
4586 401.44
4589 413.44
4588 409.44
4590 417.44
4576 361.44
4626 112.606
4617 525.44
4619 183.606
4618 529.44
4621 132.606
4704 127.606
4792 123.606
4793 119.606
4879 115.606
4964 110.606
4965 106.606
4966 102.606
4967 98.606
4968 94.606
5052 90.606
5134 86.606
5214 81.606
5302 77.606
5303 73.606
4623 124.606
4706 119.606
4622 128.606
4705 123.606
4609 493.44
4611 501.44
4610 497.44
4613 509.44
4612 505.44
4615 517.44
4614 513.44
4657 345.44
4659 353.44
4658 349.44
4660 357.44
4574 353.44
4642 96.472
4724 92.472
4811 88.472
4897 84.472
4981 80.472
5065 76.472
5146 72.472
5225 68.472
5312 64.472
5403 60.472
5493 56.472
5578 52.472
4697 505.44
4699 513.44
4698 509.44
4701 521.44
4700 517.44
4702 525.44
4616 521.44
4681 441.44
4680 437.44
4683 449.44
4597 445.44
4510 441.44
4509 437.44
4682 445.44
4684 453.44
4598 449.44
4511 445.44
4674 413.44
4677 425.44
4676 421.44
4675 417.44
4679 433.44
4678 429.44
4730 96.472
4818 92.472
4722 92.472
4725 92.472
4813 88.472
4898 84.472
4982 80.472
4727 92.472
4726 92.472
4763 418.44
4765 426.44
4767 434.44
4766 430.44
4747 354.44
4746 350.44
4749 362.44
4748 358.44
4750 366.44
4661 361.44
4795 111.606
4881 107.606
4794 115.606
4785 506.44
4696 501.44
4787 514.44
4786 510.44
4789 522.44
4788 518.44
4791 530.44
4790 526.44
4769 442.44
4768 438.44
4771 450.44
4772 454.44
4810 88.472
4896 84.472
4980 80.472
5064 76.472
4812 88.472
4815 88.472
4901 84.472
4985 80.472
4807 88.472
4893 84.472
4977 80.472
4860 462.44
4859 458.44
4858 454.44
4863 474.44
4862 470.44
4775 466.44
4686 461.44
4600 457.44
4599 453.44
4853 434.44
4852 430.44
4855 442.44
4854 438.44
4843 394.44
4756 390.44
4667 385.44
4666 381.44
4665 377.44
4579 373.44
4492 369.44
4491 365.44
4402 361.44
4310 356.44
4309 352.44
4308 348.44
4835 362.44
4839 378.44
4752 374.44
4663 369.44
4577 365.44
4490 361.44
4401 357.44
4895 84.472
4979 80.472
5063 76.472
5144 72.472
5223 68.472
5310 64.472
5402 60.472
4880 111.606
4883 99.606
4882 103.606
4873 514.44
4872 510.44
4871 506.44
4875 522.44
4874 518.44
4877 530.44
4876 526.44
4878 119.606
4963 114.606
5047 110.606
5048 106.606
5049 102.606
5131 98.606
5211 93.606
5299 89.606
5391 85.606
5482 81.606
4865 482.44
4864 478.44
4918 358.44
4833 354.44
4899 84.472
4983 80.472
5067 76.472
5149 72.472
5228 68.472
4903 88.472
4957 514.44
4956 510.44
4959 522.44
4958 518.44
4945 466.44
4944 462.44
4947 474.44
4946 470.44
4949 482.44
4948 478.44
4950 486.44
4937 434.44
4936 430.44
4851 426.44
4850 422.44
4849 418.44
4762 414.44
4673 409.44
4672 405.44
4671 401.44
4585 397.44
4939 442.44
4938 438.44
4940 446.44
4942 454.44
4857 450.44
4770 446.44
4961 530.44
4960 526.44
4962 118.606
5046 114.606
5128 110.606
5208 105.606
5209 101.606
5297 97.606
5298 93.606
5020 435.44
5022 443.44
5011 399.44
4927 394.44
4926 390.44
4841 386.44
4754 382.44
5015 415.44
4931 410.44
4846 406.44
4845 402.44
4844 398.44
5051 94.606
5050 98.606
5132 94.606
5212 89.606
5213 85.606
5053 86.606
5135 82.606
5215 77.606
5041 519.44
5040 515.44
5043 527.44
5042 523.44
5045 118.606
5044 531.44
5033 487.44
5032 483.44
5027 463.44
4943 458.44
5026 459.44
5031 479.44
5030 475.44
5062 76.472
5113 483.44
5112 479.44
5111 475.44
5110 471.44
5028 467.44
5101 435.44
5019 431.44
4935 426.44
4934 422.44
5102 439.44
5093 403.44
5094 407.44
5145 72.472
5224 68.472
5143 72.472
5222 68.472
5129 106.606
5130 102.606
5210 97.606
5133 90.606
5123 523.44
5125 531.44
5124 527.44
5126 535.44
5176 419.44
5175 415.44
5095 411.44
5013 407.44
4929 402.44
4928 398.44
5205 535.44
5204 531.44
5206 113.606
5294 109.606
5386 105.606
5477 101.606
5563 96.606
5640 92.606
5720 88.606
5193 487.44
5192 483.44
5191 479.44
5194 491.44
5114 487.44
5275 488.44
5274 484.44
5276 492.44
5311 64.472
5296 101.606
5301 81.606
5287 536.44
5361 484.44
5360 480.44
5359 476.44
5271 472.44
5188 467.44
5187 463.44
5107 459.44
5025 455.44
4941 450.44
4856 446.44
5393 77.606
5394 73.606
5395 69.606
5486 65.606
5392 81.606
5483 77.606
5380 129.606
5471 125.606
5557 120.606
5558 116.606
5559 112.606
5465 536.44
5373 532.44
5285 528.44
5485 69.606
5484 73.606
5472 121.606
5554 132.606
5631 128.606
5711 124.606
5787 119.606
5862 115.606
5585 52.472
5661 48.472
5579 52.472
5656 48.472
5735 44.472
5810 40.472
5580 52.472
5626 537.44
5549 532.44
5548 528.44
5547 524.44
5546 520.44
5545 516.44
5459 512.44
5458 508.44
5457 504.44
5456 500.44
5364 496.44
5657 48.472
5737 44.472
5812 40.472
5886 36.472
5959 32.472
6040 28.472
6120 24.472
5659 48.472
5738 44.472
5813 40.472
5887 36.472
5961 32.472
5658 48.472
5662 48.543
5741 44.543
5816 40.543
5890 36.543
5963 32.543
6043 28.543
6123 24.543
6200 20.543
6274 16.543
6351 12.543
6429 8.543
6511 4.543
5649 56.606
5648 60.606
5728 56.606
5804 51.606
5879 47.606
5880 43.606
5954 39.606
5655 48.472
5643 80.606
5723 76.606
5799 71.606
5874 67.606
5875 63.606
5949 59.606
5950 55.606
6031 51.606
5645 72.606
5725 68.606
5801 63.606
5876 59.606
5644 76.606
5647 64.606
5727 60.606
5803 55.606
5878 51.606
5646 68.606
5726 64.606
5802 59.606
5877 55.606
5634 116.606
5714 112.606
5790 107.606
5791 103.606
5792 99.606
5867 95.606
5868 91.606
5943 87.606
5944 83.606
6024 79.606
6105 74.606
6183 70.606
6184 66.606
6185 62.606
6186 58.606
6187 54.606
6262 50.606
6340 45.606
6419 41.606
5695 497.44
5694 493.44
5693 489.44
5613 485.44
5536 480.44
5535 476.44
5449 472.44
5448 468.44
5356 464.44
5268 460.44
5185 455.44
5105 451.44
5023 447.44
5724 72.606
5800 67.606
5736 44.472
5811 40.472
5739 44.472
5814 40.472
5729 52.606
5805 47.606
5789 111.606
5788 115.606
5885 36.472
5873 73.684
5864 107.606
5865 103.606
5866 99.606
5863 111.606
5888 36.472
5951 51.606
5952 47.606
6033 43.606
6114 38.606
5939 103.606
5940 99.606
6020 95.606
6101 90.606
6179 86.606
6254 82.606
5960 32.472
5953 43.606
6034 39.606
6115 34.606
6116 30.606
6194 26.606
6001 364.455
6082 359.455
6083 355.455
6159 351.455
6160 347.455
6235 343.455
6310 338.455
6311 334.455
6312 330.455
6000 542.44
5999 538.44
5998 534.44
5997 530.44
5996 526.44
5995 522.44
5994 518.44
5921 514.44
5920 510.44
5846 506.44
5771 501.44
5770 497.44
5769 493.44
5768 489.44
5767 485.44
5766 481.44
5765 477.44
5764 473.44
5763 469.44
5762 465.44
5761 461.44
5685 457.44
5605 453.44
5528 448.44
5442 444.44
5350 440.44
5262 436.44
5179 431.44
5178 427.44
5177 423.44
6003 356.455
6084 351.455
6002 360.455
6004 352.455
6085 347.455
6041 28.472
6121 24.472
6198 20.472
6032 47.606
6035 35.606
6029 59.606
6030 55.606
6016 111.606
6097 106.606
6175 102.606
6081 363.455
6161 343.455
6236 339.455
6162 339.455
6155 543.44
6079 538.44
6157 359.455
6232 355.455
6307 350.455
6308 346.455
6309 342.455
6156 363.455
6231 359.455
6306 354.455
6158 355.455
6193 30.606
6268 26.606
6346 21.606
6347 17.606
6426 13.606
6189 46.606
6264 42.606
6342 37.606
6343 33.606
6344 29.606
6188 50.606
6263 46.606
6341 41.606
6190 42.606
6265 38.606
6233 351.455
6234 347.455
6237 335.455
6230 543.44
6229 539.44
6228 535.44
6152 531.44
6076 526.44
6075 522.44
6074 518.44
6073 514.44
6072 510.44
5991 506.44
5918 502.44
5917 498.44
5843 494.44
6266 34.606
6269 22.606
6261 54.606
6339 49.606
6418 45.606
6241 134.606
6247 110.606
6325 105.606
6326 101.606
6327 97.606
6406 93.606
6305 358.455
6338 53.606
6417 49.606
6393 311.455
6394 307.455
6392 315.455
6385 343.455
6386 339.455
6387 335.455
6388 331.455
6389 327.455
6390 323.455
6391 319.455
6384 347.455
6381 359.455
6382 355.455
6383 351.455
6380 544.44
6303 539.44
6425 17.606
6416 53.606
6421 33.606
6422 29.606
6420 37.606
6423 25.606
6409 81.606
6410 77.606
6412 69.606
6413 65.606
6415 57.606
6401 113.606
6402 109.606
6459 356.455
6460 352.455
6461 348.455
6462 344.455
6543 340.455
6623 335.455
6624 331.455
6702 327.455
6778 323.455
6851 318.455
6923 314.455
6999 310.455
7070 305.455
7139 301.455
7140 297.455
7141 293.455
7142 289.455
7143 285.455
7144 281.455
7145 277.455
7146 273.455
7211 269.455
7278 265.455
7346 260.455
7415 256.455
6458 360.455
6463 340.455
6464 336.455
6465 332.455
6466 328.455
6467 324.455
6468 320.455
6469 316.455
6470 312.455
6551 308.455
6631 303.455
6632 299.455
6710 295.455
6711 291.455
6473 300.455
6554 296.455
6634 291.455
6472 304.455
6553 300.455
6633 295.455
6477 287.455
6558 283.455
6638 278.455
6716 274.455
6792 270.455
6865 265.455
6937 261.455
7013 257.455
6478 286.455
6559 282.455
6639 277.455
6717 273.455
6793 269.455
6866 264.455
6938 260.455
6471 308.455
6552 304.455
6556 288.455
6636 283.455
6545 332.455
6625 327.455
6703 323.455
6704 319.455
6780 315.455
6853 310.455
6854 306.455
6855 302.455
6856 298.455
6857 294.455
6929 290.455
6930 286.455
7006 282.455
7077 277.455
6544 336.455
6547 324.455
6627 319.455
6628 315.455
6629 311.455
6630 307.455
6708 303.455
6784 299.455
6546 328.455
6626 323.455
6549 316.455
6548 320.455
6550 312.455
6539 356.455
6619 351.455
6697 347.455
6698 343.455
6699 339.455
6775 335.455
6848 330.455
6920 326.455
6996 322.455
7067 317.455
7136 313.455
7137 309.455
7138 305.455
6541 348.455
6621 343.455
6540 352.455
6620 347.455
6542 344.455
6622 339.455
6585 36.606
6586 32.606
6587 28.606
6588 24.606
6589 20.606
6590 16.606
6584 40.606
6579 60.606
6580 56.606
6581 52.606
6582 48.606
6583 44.606
6575 76.606
6576 72.606
6577 68.606
6578 64.606
6560 281.455
6640 276.455
6718 272.455
6565 116.606
6566 112.606
6567 108.606
6568 104.606
6569 100.606
6570 96.606
6571 92.606
6572 88.606
6573 84.606
6574 80.606
6618 355.455
6651 92.499
6652 88.499
6653 84.499
6654 80.499
6655 76.499
6656 72.499
6657 68.499
6658 64.499
6659 60.499
6660 56.499
6661 52.499
6662 48.499
6663 44.499
6664 40.499
6665 36.499
6666 32.499
6667 28.499
6668 24.499
6669 20.499
6644 120.499
6645 116.499
6646 112.499
6647 108.499
6648 104.499
6649 100.499
6650 96.499
6705 315.455
6781 311.455
6707 307.455
6783 303.455
6706 311.455
6782 307.455
6709 299.455
6785 295.455
6858 290.455
6859 286.455
6860 282.455
6861 278.455
6862 274.455
6934 270.455
6696 351.455
6701 331.455
6700 335.455
6776 331.455
6849 326.455
6921 322.455
6997 318.455
7068 313.455
6695 355.455
6771 351.455
6844 346.455
6845 342.455
6846 338.455
6918 334.455
6919 330.455
6995 326.455
7066 321.455
7135 317.455
6745 32.499
6746 28.499
6744 36.499
6737 64.499
6738 60.499
6739 56.499
6740 52.499
6736 68.499
6741 48.499
6743 40.499
6742 44.499
6733 80.499
6735 72.499
6723 120.499
6724 116.499
6725 112.499
6726 108.499
6727 104.499
6728 100.499
6777 327.455
6850 322.455
6779 319.455
6852 314.455
6770 549.44
6769 545.44
6693 541.44
6615 536.44
6535 532.44
6453 528.44
6375 524.44
6298 519.44
6297 515.44
6296 511.44
6221 507.44
6145 503.44
6069 498.44
5988 494.44
5987 490.44
5914 486.44
5840 482.44
6773 343.455
6772 347.455
6774 339.455
6847 334.455
6798 123.499
6799 119.499
6800 115.499
6801 111.499
6802 107.499
6787 287.455
6786 291.455
6789 279.455
6788 283.455
6843 350.455
6879 87.499
6869 127.499
6870 123.499
6910 409.455
6889 47.499
6888 51.499
6890 43.499
6891 39.499
6881 79.499
6882 75.499
6880 83.499
6883 71.499
6885 63.499
6884 67.499
6887 55.499
6886 59.499
6940 131.499
6931 282.455
7007 278.455
7078 273.455
7079 269.455
7080 265.455
7081 261.455
7150 257.455
6933 274.455
6932 278.455
6922 318.455
6925 306.455
7001 302.455
7072 297.455
6924 310.455
7000 306.455
7071 301.455
6927 298.455
7003 294.455
7074 289.455
6926 302.455
7002 298.455
7073 293.455
6915 346.455
6991 342.455
7062 337.455
7131 333.455
7132 329.455
7133 325.455
7134 321.455
6914 350.455
6990 346.455
7061 341.455
7130 337.455
6917 338.455
6916 342.455
6992 338.455
7063 333.455
6953 75.499
6952 79.499
6954 71.499
6955 67.499
6957 59.499
6956 63.499
6959 51.499
6958 55.499
6949 91.499
6950 87.499
6951 83.499
7005 286.455
7076 281.455
7004 290.455
7075 285.455
6993 334.455
7064 329.455
6994 330.455
7065 325.455
6998 314.455
7069 309.455
6985 374.455
7054 369.455
7123 365.455
7124 361.455
7125 357.455
7126 353.455
7127 349.455
7128 345.455
7129 341.455
6984 378.455
7053 373.455
7122 369.455
6987 366.455
7056 361.455
6986 370.455
7055 365.455
6989 350.455
7060 345.455
6988 362.455
7057 357.455
6977 406.455
7046 401.455
7115 397.455
7116 393.455
7117 389.455
7118 385.455
7119 381.455
7184 377.455
7251 373.455
7319 368.455
7388 364.455
7454 360.455
7455 356.455
7456 352.455
6976 410.455
7045 405.455
7114 401.455
6979 398.455
7048 393.455
6978 402.455
7047 397.455
6981 390.455
7050 385.455
6980 394.455
7049 389.455
6983 382.455
7052 377.455
7033 55.499
7032 59.499
7034 51.499
6960 47.499
7025 87.499
7024 91.499
7027 79.499
7028 75.499
7029 71.499
7026 83.499
7031 63.499
7030 67.499
7016 135.499
7018 127.499
7023 95.499
7009 270.455
7008 274.455
7010 266.455
7059 349.455
7058 353.455
7044 409.455
7113 405.455
7097 87.499
7096 91.499
7099 79.499
7098 83.499
7101 71.499
7100 75.499
7103 63.499
7104 59.499
7105 55.499
7102 67.499
7089 127.499
7088 131.499
7095 95.499
7094 99.499
7085 143.499
7015 139.499
7086 139.499
7112 409.455
7163 107.499
7093 103.499
7022 99.499
6948 95.499
7162 119.499
7228 115.499
7229 111.499
7165 99.499
7164 103.499
7167 91.499
7166 95.499
7157 135.499
7158 131.499
7159 131.499
7160 127.499
7161 123.499
7147 269.455
7212 265.455
7213 261.455
7214 257.455
7281 253.455
7349 248.455
7350 244.455
7351 240.455
7149 261.455
7148 265.455
7193 341.455
7194 337.455
7261 333.455
7329 328.455
7330 324.455
7399 320.455
7400 316.455
7192 345.455
7259 341.455
7327 336.455
7396 332.455
7397 328.455
7195 333.455
7262 329.455
7197 325.455
7264 321.455
7332 316.455
7401 312.455
7196 329.455
7263 325.455
7331 320.455
7199 317.455
7266 313.455
7334 308.455
7403 304.455
7404 300.455
7405 296.455
7198 321.455
7265 317.455
7333 312.455
7185 373.455
7252 369.455
7320 364.455
7389 360.455
7187 365.455
7254 361.455
7322 356.455
7323 352.455
7324 348.455
7325 344.455
7326 340.455
7189 357.455
7256 353.455
7188 361.455
7255 357.455
7191 349.455
7258 345.455
7190 353.455
7257 349.455
7177 405.455
7244 401.455
7312 396.455
7313 392.455
7382 388.455
7383 384.455
7449 380.455
7450 376.455
7451 372.455
7452 368.455
7453 364.455
7179 397.455
7246 393.455
7314 388.455
7178 401.455
7245 397.455
7181 389.455
7182 385.455
7249 381.455
7317 376.455
7318 372.455
7387 368.455
7180 393.455
7247 389.455
7315 384.455
7316 380.455
7183 381.455
7250 377.455
7169 83.499
7170 79.499
7171 75.499
7168 87.499
7224 131.499
7225 127.499
7226 123.499
7227 119.499
7231 103.499
7230 107.499
7216 249.455
7219 151.499
7221 143.499
7223 135.499
7222 139.499
7209 277.455
7210 273.455
7208 281.455
7275 277.455
7343 272.455
7344 268.455
7345 264.455
7414 260.455
7215 253.455
7201 309.455
7268 305.455
7336 300.455
7200 313.455
7267 309.455
7335 304.455
7203 301.455
7204 297.455
7271 293.455
7339 288.455
7340 284.455
7341 280.455
7342 276.455
7202 305.455
7269 301.455
7337 296.455
7338 292.455
7205 293.455
7272 289.455
7207 285.455
7206 289.455
7273 285.455
7260 337.455
7328 332.455
7248 385.455
7243 405.455
7311 400.455
7233 95.499
7232 99.499
7235 87.499
7234 91.499
7289 139.499
7290 135.499
7288 143.499
7291 131.499
7292 127.499
7293 123.499
7294 119.499
7295 115.499
7280 257.455
7348 252.455
7283 245.455
7282 249.455
7287 147.499
7274 281.455
7277 269.455
7276 273.455
7279 261.455
7347 256.455
7270 297.455
7305 75.499
7304 79.499
7307 67.499
7310 404.455
7379 400.455
7445 396.455
7446 392.455
7447 388.455
7448 384.455
7297 107.499
7296 111.499
7299 99.499
7298 103.499
7301 91.499
7300 95.499
7303 83.499
7353 235.499
7555 223.499
7355 155.499
7357 147.499
7356 151.499
7359 139.499
7358 143.499
7376 71.499
7369 99.499
7368 103.499
7373 83.499
7374 79.499
7372 87.499
7361 131.499
7360 135.499
7363 123.499
7362 127.499
7365 115.499
7367 107.499
7366 111.499
7417 248.455
7418 244.455
7419 240.455
7416 252.455
7420 236.455
7423 159.499
7424 155.499
7425 151.499
7422 161.499
7409 280.455
7410 276.455
7408 284.455
7411 272.455
7413 264.455
7412 268.455
7402 308.455
7407 288.455
7406 292.455
7395 336.455
7394 340.455
7398 324.455
7441 87.499
7442 83.499
7440 91.499
7433 119.499
7432 123.499
7439 95.499
7427 143.499
7426 147.499
7429 135.499
7430 131.499
7431 127.499
7428 139.499
7513 391.499
7514 387.499
7515 383.499
7516 379.499
7517 375.499
7518 371.499
7519 367.499
7520 363.499
7521 359.499
7522 355.499
7523 351.499
7524 347.499
7525 343.499
7526 339.499
7527 335.499
7528 331.499
7529 327.499
7530 323.499
7531 319.499
7532 315.499
7533 311.499
7534 307.499
7535 303.499
7536 299.499
7537 295.499
7538 291.499
7539 287.499
7540 283.499
7541 279.499
7542 275.499
7543 271.499
7544 267.499
7545 263.499
7546 259.499
7547 255.499
7548 251.499
7549 247.499
7550 243.499
7551 239.499
7552 235.499
7553 231.499
7554 227.499
7505 99.499
7504 103.499
7507 91.499
7506 95.499
7497 131.499
7496 135.499
7499 123.499
7498 127.499
7501 115.499
7502 111.499
7503 107.499
7489 163.499
7490 159.499
7491 155.499
7492 151.499
7493 147.499
7494 143.499
7495 139.499
7579 91.499
7582 400.499
7583 396.499
7656 392.499
7657 388.499
7730 384.499
7804 379.499
7569 131.499
7568 135.499
7573 115.499
7572 119.499
7575 107.499
7574 111.499
7561 163.499
7560 167.499
7563 155.499
7562 159.499
7565 147.499
7564 151.499
7567 139.499
7566 143.499
7559 169.499
7488 165.499
7609 292.499
7610 288.499
7611 284.499
7612 280.499
7685 276.499
7686 272.499
7687 268.499
7688 264.499
7761 260.499
7835 255.499
7608 296.499
7681 292.499
7754 288.499
7828 283.499
7613 276.499
7615 268.499
7614 272.499
7603 316.499
7676 312.499
7677 308.499
7678 304.499
7679 300.499
7752 296.499
7826 291.499
7605 308.499
7604 312.499
7607 300.499
7606 304.499
7592 360.499
7665 356.499
7666 352.499
7739 348.499
7813 343.499
7814 339.499
7641 139.499
7640 143.499
7642 135.499
7645 123.499
7646 119.499
7644 127.499
7647 115.499
7648 111.499
7633 171.499
7634 167.499
7635 163.499
7637 155.499
7638 151.499
7639 147.499
7636 159.499
7625 228.499
7698 224.499
7699 220.499
7700 216.499
7701 212.499
7774 208.499
7848 203.499
7849 199.499
7850 195.499
7624 232.499
7697 228.499
7627 220.499
7626 224.499
7629 212.499
7630 208.499
7628 216.499
7617 260.499
7618 256.499
7691 252.499
7692 248.499
7693 244.499
7694 240.499
7767 236.499
7841 231.499
7842 227.499
7843 223.499
7616 264.499
7619 252.499
7621 244.499
7620 248.499
7623 236.499
7696 232.499
7769 228.499
7622 240.499
7654 91.622
10081 87.586
7707 167.499
7706 171.499
7703 204.499
7776 200.499
7702 208.499
7775 204.499
7689 260.499
7762 256.499
7836 251.499
7690 256.499
7763 252.499
7837 247.499
7695 236.499
7768 232.499
7680 296.499
7753 292.499
7827 287.499
7683 284.499
7756 280.499
7830 275.499
7682 288.499
7755 284.499
7829 279.499
7684 280.499
7757 276.499
7831 271.499
7720 115.499
7717 127.499
7716 131.499
7719 119.499
7718 123.499
7771 220.499
7845 215.499
7770 224.499
7844 219.499
7773 212.499
7847 207.499
7772 216.499
7846 211.499
7760 264.499
7834 259.499
7765 244.499
7839 239.499
7840 235.499
7764 248.499
7838 243.499
7766 240.499
7759 268.499
7833 263.499
7758 272.499
7832 267.499
7751 300.499
7825 295.499
7793 119.499
7794 115.499
7795 111.499
7722 107.499
7723 103.499
7792 123.499
7784 155.499
7789 135.499
7790 131.499
7791 127.499
7788 139.499
7779 175.499
7778 192.499
7852 187.499
7780 171.499
7783 159.499
7782 163.499
7865 127.499
7864 131.499
7866 123.499
7856 163.499
7859 151.499
7861 143.499
7860 147.499
7863 135.499
7862 139.499
7855 167.499
7931 159.499
7933 151.499
7932 155.499
7935 143.499
7936 139.499
7937 135.499
7934 147.499
7938 131.499
7941 119.499
7868 115.499
8013 114.499
7944 107.499
8061 174.499
8062 170.499
8041 254.499
8042 250.499
8043 246.499
8040 258.499
8035 278.499
8036 274.499
8037 270.499
8038 266.499
8039 262.499
8072 130.499
8074 123.499
8065 158.499
8064 162.499
8067 150.499
8069 142.499
8121 174.499
8120 178.499
8123 166.499
