 key  value
8122 145.956
8062 140.956
8061 136.956
8060 132.956
7997 128.956
7926 124.956
7925 120.956
7924 116.956
7851 112.956
7777 107.956
7704 103.956
7631 99.956
7558 92.956
7557 88.956
7556 84.956
9982 79.941
7487 76
7421 72
7352 68
7284 63
7283 59
7282 55
7281 51
7214 47
7213 43
7148 39
7079 35
7008 30
7007 26
6931 22
6859 18
6786 13
6710 9
6632 5
8125 157.956
8065 152.956
8002 148.956
8001 144.956
8000 140.956
7929 136.956
7928 132.956
7927 128.956
8124 153.956
8064 148.956
8063 144.956
8127 165.956
8067 160.956
8004 156.956
8003 152.956
7932 148.956
7931 144.956
7930 140.956
8126 161.956
8066 156.956
8113 111
8053 106
7990 102
7919 98
7918 94
7845 90
7771 85
7770 81
7697 77
7696 73
7695 69
7622 65
7550 61
7482 56
7416 52
7347 48
7279 43
7212 39
7147 35
7078 31
8112 107
8052 102
7989 98
8115 118.956
8055 113.956
7992 109.956
7921 105.956
7848 101.956
7774 96.956
7701 92.956
7628 88.956
8114 115
8054 110
7991 106
7920 102
8117 126.956
8057 121.956
8056 117.956
7993 113.956
7922 109.956
8116 122.956
8119 133.956
8059 128.956
8058 124.956
7995 120.956
8118 129.956
8105 91
8045 86
7982 82
7911 78
7838 74
7764 69
7691 65
7618 61
7546 57
7478 52
7412 48
7343 44
7276 40
7209 36
7144 32
7075 28
7005 24
6929 20
6857 16
6785 12
6709 8
6631 4
8104 90
8044 85
7981 81
7910 77
7837 73
7763 68
7690 64
7617 60
7545 56
8107 93
8047 88
7984 84
7913 80
7840 76
7766 71
7693 67
7620 63
7548 59
7480 54
7414 50
7345 46
7277 41
7210 37
7145 33
7076 29
8106 92
8046 87
7983 83
7912 79
7839 75
7765 70
7692 66
7619 62
7547 58
7479 53
7413 49
7344 45
8109 95
8049 90
7986 86
7915 82
7842 78
7768 73
8108 94
8048 89
7985 85
7914 81
7841 77
7767 72
7694 68
7621 64
7549 60
7481 55
7415 51
7346 47
7278 42
7211 38
7146 34
7077 30
7006 25
6930 21
6858 17
8111 103
8051 98
8050 94
7987 90
7916 86
7843 82
7769 77
8110 99
8097 88
8038 84
7975 80
7904 76
7831 72
7758 68
7686 64
7613 60
7541 56
7474 52
7409 48
7340 44
7273 40
7206 36
7141 32
7072 28
7002 24
6927 20
6855 16
6783 12
6708 8
8096 88
8037 84
8099 88
8040 84
7977 80
7907 76
7834 72
7761 68
7689 64
7616 60
7544 56
7477 52
8098 88
8039 84
8101 88
8042 84
7980 80
7909 76
7836 72
8100 88
8041 84
7979 80
7908 76
8103 89
8043 84
8102 88
8155 92
8157 92
8156 92
8159 92
8158 92
8136 124
8137 120
8138 116
8139 112
8140 108
8141 104
8084 100
8025 96
8026 92
8027 88
8028 84
7966 80
7896 76
7824 72
7751 68
7679 64
7607 60
7536 56
7469 52
7404 48
7336 44
7269 40
7203 36
7139 32
7071 28
7001 24
6926 20
8128 169.956
8068 164.956
8005 160.956
7934 156.956
7933 152.956
8185 169.956
8184 165.956
8183 161.956
8182 157.956
8181 153.956
8180 149.956
8179 145.956
8178 141.956
8177 137.956
8176 133.956
8169 107
8168 103
8167 99
8171 115
8170 111
8173 122.956
8172 119
8175 130.956
8174 126.956
8161 93
8160 92
8163 95
8162 94
8165 97
8164 96
8166 98
8217 96
8216 96
8219 97
8218 96
8221 99
8220 98
8223 101
8222 100
8215 96
8214 96
8241 165.956
8240 161.956
8242 169.956
8233 134.956
8232 130.956
8235 141.956
8234 137.956
8237 149.956
8236 145.956
8239 157.956
8238 153.956
8225 103
8224 102
8227 111
8226 107
8229 119
8228 115
8231 126.956
8230 123
8281 116
8280 112
8283 124
8282 120
8285 131.956
8284 128
8287 139.956
8286 135.956
8273 102
8272 101
8275 104
8274 103
8277 106
8276 105
8279 108
8278 107
91 549.956
112 545.956
126 541.956
144 537.956
172 533.956
209 529.956
254 525.956
304 521.956
359 517.956
419 511.956
482 507.956
552 503.956
551 499.956
622 495.956
692 491.956
771 487.956
857 483.956
940 476.956
939 472.956
938 468.956
1012 464.956
1081 460.956
1153 456.956
1235 452.956
1318 448.956
1404 444.956
1499 440.956
1593 436.956
1686 432.956
1780 428.956
1867 424.956
1951 420.956
2040 416.956
2132 412.956
2222 408.956
2309 404.956
2397 400.956
2483 396.956
2567 392.956
2654 388.956
2742 384.956
2830 380.956
2927 376.956
3029 372.956
3121 368.956
3215 364.956
3310 360.956
3405 356.956
3490 352.956
3571 348.956
3657 344.956
3739 340.956
3825 336.956
3914 332.956
4003 328.956
4092 324.956
4182 320.956
4275 316.956
4365 312.956
4453 308.956
4540 304.956
4625 300.956
4707 296.956
4795 292.956
4880 288.956
4964 284.956
5048 280.956
5130 276.956
5209 272.956
5296 268.956
5387 264.956
5477 260.956
5562 256.956
5638 252.956
5717 248.956
5792 244.956
5866 240.956
5940 236.956
6019 232.956
6099 228.956
6176 224.956
6250 220.956
6327 216.956
6405 212.956
6487 208.956
6569 204.956
6648 200.956
6726 196.956
6801 192.956
6872 188.956
6943 184.956
7019 180.956
7089 176.956
7158 172.956
7223 168.956
7289 164.956
7358 160.956
7426 156.956
7492 152.956
7563 148.956
7636 144.956
7708 140.956
7781 136.956
7854 132.956
8269 100
93 549.956
113 545.956
127 541.956
8268 100
92 549.956
8271 100
8270 100
8319 104
8318 104
8298 182.956
8244 177.956
8186 173.956
125 541.956
143 537.956
8289 146.956
8288 142.956
8291 154.956
115 552.956
129 548.956
146 544.956
174 540.956
211 536.956
256 532.956
306 528.956
361 524.956
422 520.956
485 516.956
555 512.956
626 508.956
696 504.956
774 497.956
859 491.956
858 487.956
8290 150.956
114 549.956
8293 162.956
8292 158.956
8294 166.956
8344 170.956
8343 166.956
8349 190.956
8348 186.956
110 545.956
124 541.956
141 537.956
170 533.956
208 529.956
253 525.956
8337 143.956
8336 139.956
8335 135.956
8339 150.956
8338 146.956
8341 158.956
8340 154.956
8342 162.956
8329 112
8328 111
8331 120
8330 116
8333 128
8332 124
8334 132
8321 104
145 541.956
8320 104
8323 106
147 548.956
175 544.956
212 540.956
8322 105
8325 108
149 555.956
177 551.956
214 547.956
259 543.956
309 539.956
308 535.956
363 531.956
424 527.956
487 523.956
557 519.956
628 515.956
697 508.956
8324 107
148 551.956
176 547.956
213 543.956
258 539.956
8327 110
8326 109
150 559.956
8377 115
8376 114
8379 120
8378 116
8381 128
8380 124
8383 136
8382 132
8369 108
8368 108
128 545.956
8371 109
131 555.956
8370 108
130 552.956
8373 111
133 563.956
8372 110
8375 113
8374 112
179 559.956
216 555.956
261 551.956
260 547.956
178 555.956
181 567.956
218 563.956
217 559.956
180 563.956
173 537.956
210 533.956
8393 174.956
219 567.956
8385 143.956
8384 139.956
8387 150.956
8386 147.956
8389 158.956
8388 154.956
8391 166.956
8390 162.956
215 551.956
8441 170.956
8440 166.956
8439 162.956
8438 158.956
8433 140
8432 136
8431 132
8435 147.956
8434 143.956
8437 154.956
8436 151.956
8425 117
8424 116
8427 119
8426 118
8429 124
8428 120
255 529.956
305 525.956
360 521.956
421 517.956
484 513.956
554 509.956
625 505.956
695 501.956
8430 128
8419 112
8418 112
8421 113
8420 112
8423 115
8422 114
8473 122
8472 121
8475 124
8474 123
8477 129
8476 125
8479 137
8478 133
8467 116
8466 116
8469 118
8468 117
8471 120
8470 119
264 563.956
263 559.956
262 555.956
266 571.956
265 567.956
257 536.956
8499 120
8452 116
8405 112
8355 108
8306 104
8257 100
8204 96
8147 92
8089 88
8030 84
7968 80
7897 76
8500 120
8454 116
8407 112
8358 108
8310 104
8260 100
8207 96
8149 92
8091 88
8032 84
7969 80
7899 76
7826 72
7753 68
7681 64
7609 60
7537 56
7470 52
7405 48
7337 44
7270 40
7204 36
7140 32
313 555.956
312 551.956
367 547.956
366 543.956
427 539.956
490 535.956
560 531.956
631 527.956
630 523.956
629 519.956
315 563.956
314 559.956
369 555.956
368 551.956
317 571.083
372 567.083
433 563.083
496 559.083
567 555.083
638 551.083
708 547.083
785 543.083
869 539.083
947 535.083
1018 531.083
1087 527.083
1159 523.083
1242 519.083
1325 515.083
1415 511.083
1414 507.083
1605 489.851
1604 485.851
1700 481.956
1793 474.956
1792 470.956
1791 466.956
1790 462.956
1789 458.956
1875 454.956
1874 450.956
1873 446.956
1957 442.956
2046 438.956
2045 434.956
2044 430.956
2135 423.956
2312 415.956
2399 408.956
2398 404.956
316 567.956
371 563.956
432 559.956
431 555.956
430 551.956
493 547.956
492 543.956
491 539.956
319 571.083
375 567.083
436 563.083
500 559.083
570 555.083
641 551.083
710 547.083
786 543.083
870 539.083
318 571.083
373 567.083
434 563.083
497 559.083
8481 145
8480 141
8483 152.956
307 532.956
362 528.956
8482 148.956
8485 159.956
8484 156.956
8487 167.956
311 547.956
8486 163.956
310 543.956
299 504.956
354 500.956
414 496.956
476 492.956
544 488.956
615 484.956
686 480.956
766 476.956
852 472.956
936 468.956
1011 464.956
8529 152.956
8528 149
8531 160.956
8530 156.956
8533 167.956
8532 163.956
8521 127
8520 126
8523 129
8522 128
8525 137
8524 133
8527 145
8526 141
8515 121
8514 120
8517 123
8516 122
8519 125
8518 124
8569 137
8568 133
8571 145
8570 141
8573 153
8572 149
8575 160.956
8574 156.956
8561 126
8560 125
8563 128
8562 127
8565 130
8564 129
8567 132
8566 131
370 559.956
374 567.083
435 563.083
499 559.083
8605 131
365 539.956
426 535.956
425 531.956
488 527.956
558 523.956
8604 130
364 535.956
8607 133
8606 132
353 500.956
413 496.956
475 492.956
8589 128
8546 124
8502 120
8456 116
8409 112
8360 108
8311 104
8261 100
8208 96
8151 92
8094 88
8035 84
7973 80
7902 76
7829 72
7756 68
7684 64
7612 60
7540 56
7473 52
7408 48
8588 128
8545 124
8501 120
8455 116
8408 112
412 496.956
474 492.956
543 488.956
614 484.956
685 480.956
765 476.956
851 472.956
8590 128
8547 124
8503 120
8576 164.956
8632 132
8591 128
8548 124
8631 132
8630 132
8617 158
8616 154
8619 165.956
8618 161.956
8609 135
8608 134
8611 137
8610 136
8613 142
8612 138
8615 150
8614 146
429 547.956
428 543.956
8671 136
8670 136
8657 154
8656 150
8655 146
8654 142
416 496.956
477 492.956
546 488.956
617 484.956
688 480.956
768 476.956
854 472.956
8659 162
8658 158
8661 169.956
8660 165.956
420 515.956
483 511.956
553 507.956
423 524.956
8649 137
473 493.956
542 489.956
8648 136
8651 139
8650 138
8653 141
8652 140
478 492.956
469 493.956
538 489.956
609 485.956
680 481.956
760 477.956
847 473.956
932 469.956
1008 465.956
1078 461.956
1150 456.956
1316 448.956
1496 440.956
1590 436.956
1683 432.956
1864 424.956
2129 412.956
2220 408.956
2307 404.956
2395 400.956
2482 396.956
2566 392.956
2653 388.956
2741 384.956
2829 380.956
8647 135
471 493.956
540 489.956
611 485.956
682 481.956
762 477.956
849 473.956
933 469.956
8646 134
8697 158
8696 154
8699 166
8698 162
8701 173.956
8700 169.956
8689 141
8691 143
8690 142
8693 145
8692 144
8695 150
8694 146
8686 138
8672 136
498 559.083
569 555.083
640 551.083
8729 146
489 531.956
8728 145
8731 148
8730 147
8733 150
8732 149
8735 158
8734 154
495 555.956
565 551.956
636 547.956
635 543.956
634 539.956
633 535.956
632 531.956
8726 143
8687 139
486 520.956
537 490.956
539 489.956
610 485.956
541 489.956
612 485.956
8711 140
8673 136
8634 132
8593 128
8550 124
8506 120
8459 116
8412 112
8363 108
8315 104
8265 100
8212 96
8154 92
8710 140
8763 148
8765 150
8764 149
8727 144
8688 140
8767 152
8766 151
8747 144
8746 144
8748 144
8712 140
8674 136
8737 166
8736 162
8739 173.956
563 543.956
8738 170
564 547.956
566 555.083
637 551.083
706 547.083
783 543.083
867 539.083
945 535.083
1017 531.083
1086 527.083
1158 523.083
1241 519.083
556 516.956
627 512.956
545 488.956
616 484.956
8787 148
547 488.956
618 484.956
8786 148
8788 148
8749 144
8713 140
8776 178.956
605 498.956
606 494.956
607 490.956
678 486.956
679 482.956
759 478.956
8780 194.952
8779 190.956
8778 186.956
8741 181.956
8740 177.956
8769 154
8768 153
8771 159
8770 155
8773 167
8772 163
8775 175
8774 171
8827 152
8816 182.956
8809 158
8808 157
8811 163
8810 159
8813 171
8812 167
8815 179
8814 175
8801 150
8761 146
8724 141
8685 137
8645 133
8603 129
8559 124
8800 149
8760 145
8723 140
8684 136
8644 132
8602 128
624 503.956
694 499.956
773 495.956
8803 152
8805 154
8804 153
8807 156
8806 155
619 484.956
689 480.956
621 492.956
620 488.956
623 499.956
8849 162
8848 161
608 486.956
8851 167
8850 163
8853 175
8852 171
613 485.956
684 481.956
764 477.956
8854 179
8841 154
8843 156
8842 155
8802 151
8762 147
8725 142
8845 158
8844 157
8847 160
8846 159
8890 184
8881 163
8880 162
8883 165
8882 164
642 555.083
711 551.083
787 547.083
8885 167
8884 166
8887 172
8886 168
8877 159
8879 161
8878 160
691 488.956
770 484.956
856 480.956
693 495.956
681 481.956
761 477.956
848 473.956
8920 171
683 481.956
687 480.956
8913 164
8912 163
8915 166
675 498.956
676 494.956
756 490.956
844 485.956
845 481.956
930 477.956
931 473.956
8914 165
8917 168
677 490.956
757 486.956
8916 167
8919 170
8918 169
8911 162
8876 158
8840 153
8910 161
8875 157
8839 152
8799 148
8759 144
8953 174
8952 173
712 555.083
788 551.083
8945 166
8944 165
8947 168
8946 167
8949 170
709 547.083
8948 169
8951 172
8950 171
763 481.956
767 476.956
853 472.956
753 497.489
840 493.489
925 489.489
1003 485.489
1073 481.489
1142 477.489
1223 470.489
1306 463.489
1393 457.489
1487 453.489
1584 449.489
1677 445.489
1773 441.489
1862 437.489
1946 433.489
2035 429.489
2127 425.489
2218 421.489
2305 417.489
2392 413.489
2478 406.551
2734 389.956
2820 384.956
2913 380.956
3015 376.956
3108 372.956
3203 367.956
3300 363.956
3395 359.956
3482 354.956
3564 350.956
3649 346.956
3732 341.956
3820 337.956
3907 333.956
3996 329.956
4086 324.956
4176 320.956
4269 316.956
4359 312.956
4448 308.956
4536 304.956
4622 300.956
4704 296.956
4792 292.956
4962 284.956
5046 280.956
5127 276.956
5206 272.956
5294 268.956
5386 264.956
755 494.956
843 489.956
928 485.956
929 481.956
754 497.489
841 493.489
926 489.489
758 482.956
846 477.956
8985 177
8984 176
8977 169
8976 168
8943 164
8909 160
8874 156
8979 171
8978 170
8981 173
8980 172
8983 175
8982 174
8975 168
8942 164
8908 160
8873 156
8838 152
8798 148
8758 144
8722 140
8683 136
8974 168
8941 164
8907 160
8872 156
8837 152
784 543.083
868 539.083
789 555.083
790 559.083
9017 182
9016 181
9009 174
769 480.956
9008 173
9011 176
9010 175
9013 178
9012 177
9015 180
9014 179
9005 172
9007 172
8997 172
8966 168
8933 164
8899 160
8864 156
8829 152
8790 148
8750 144
8714 140
8676 136
8636 132
8594 128
8551 124
8507 120
8461 116
8414 112
8364 108
8998 172
8967 168
8934 164
8901 160
8866 156
8831 152
8791 148
8751 144
8715 140
8677 136
8638 132
8596 128
8553 124
8508 120
9041 179
9040 178
9043 181
9042 180
9045 183
9044 182
9047 185
9046 184
9037 176
9006 172
9036 176
9039 177
9038 176
850 477.956
9029 176
9028 176
855 476.956
842 493.489
9073 186
9072 185
9075 188
835 513.489
836 509.489
837 505.489
922 501.489
923 497.489
924 493.489
1002 489.489
9074 187
839 497.489
838 501.489
9065 180
9064 180
9035 176
9004 172
8973 168
9067 180
9066 180
9069 182
9068 181
9071 184
9070 183
9059 180
9031 176
9001 172
8970 168
8938 164
8904 160
8869 156
8834 152
8794 148
8754 144
8718 140
8679 136
8639 132
8597 128
8554 124
8509 120
8462 116
8415 112
8365 108
8316 104
8267 100
9058 180
9063 180
9113 188
9087 184
873 551.083
872 547.083
871 543.083
875 557.924
953 553.924
1025 549.924
1094 545.924
1166 541.924
1250 537.924
1334 533.924
1424 529.924
1520 525.924
1614 521.924
1711 517.924
1801 513.924
1883 509.924
1971 505.924
2061 501.924
2151 497.924
2237 493.924
2324 489.924
2409 485.924
2493 481.924
2578 477.924
2664 473.924
2752 469.924
2840 465.924
2940 461.924
3043 457.924
3133 453.924
3225 449.924
3319 445.924
3409 441.924
3497 437.924
3582 433.924
3665 429.924
3750 425.924
3839 421.924
3928 417.924
4016 413.924
4105 409.924
4196 405.924
4381 397.924
4470 393.924
4557 389.924
4643 385.924
9898 380.473
4729 375.956
4728 371.956
4727 367.956
4814 360.956
4899 356.956
4983 352.956
5066 348.956
5147 344.956
5226 340.956
5225 336.956
5224 332.956
5223 328.956
5222 324.956
5221 320.956
5220 316.956
5219 312.956
5218 308.956
5217 304.956
5216 300.956
5215 296.956
5214 292.956
5301 288.956
5392 284.956
5482 280.956
5567 276.956
5643 272.956
5722 268.956
5797 264.956
5796 260.956
5795 256.956
5794 252.956
5868 248.956
5867 244.956
5941 240.956
6020 236.956
874 555.083
951 551.083
1022 547.083
1091 543.083
1163 539.083
1162 535.083
1161 531.083
1244 527.083
1327 523.083
1326 519.083
9117 188
9091 184
876 557.924
9119 188
9093 184
9118 188
9092 184
9104 192
9097 185
921 505.489
9096 184
920 509.489
9099 187
9098 186
9101 189
9100 188
9103 191
927 489.956
9102 190
9095 184
9094 184
9145 192
9144 192
9147 192
9146 192
9149 192
9122 188
9148 192
9120 188
9151 193
9123 189
9150 192
9141 192
9114 188
9088 184
9060 180
9143 192
9116 188
9090 184
9062 180
9034 176
9128 194
952 553.924
1024 549.924
9130 196
954 553.924
1026 549.924
1096 545.924
1168 541.924
1251 537.924
9133 199
9106 194
9077 190
9048 186
9121 188
944 535.083
1016 531.083
946 535.083
9125 191
949 543.083
1020 539.083
1089 535.083
9124 190
9127 193
9126 192
950 547.083
9177 197
9176 196
937 468.956
9179 199
9153 195
9178 198
9152 194
9181 201
9155 197
9180 200
9154 196
9182 202
9156 198
9169 196
9171 196
9170 196
9173 196
9172 196
9175 196
935 468.956
1010 464.956
1234 452.956
1317 448.956
1498 440.956
1685 432.956
9174 196
934 473.956
1009 469.956
9201 201
9200 200
9203 203
9202 202
9205 205
9204 204
9206 206
9193 200
9195 200
1019 535.083
1088 531.083
9197 200
1021 543.083
9196 200
9199 200
9198 200
1015 531.083
1085 527.083
1157 523.083
1014 532.083
1156 524.083
1240 520.083
1324 516.083
9241 208
9219 204
1001 508.489
1000 512.489
9243 208
9221 204
9242 208
9245 208
9223 204
1005 488.956
1006 484.956
9244 208
1004 489.489
1074 485.489
9247 210
9225 206
1007 469.956
9246 209
9224 205
9227 208
9226 207
9228 209
9220 204
9222 204
1037 597.924
1104 593.924
1180 589.924
1179 585.924
1262 581.924
1348 577.924
1438 573.924
1534 569.924
1533 565.924
1626 561.924
1723 557.924
1813 553.924
1895 549.924
1983 545.924
1982 541.924
1981 537.924
2071 533.924
2070 529.924
2069 525.924
2158 521.924
2243 517.924
2242 513.924
2329 509.924
2414 505.924
2413 501.924
2412 497.924
2496 493.924
2495 489.924
2494 485.924
2579 481.924
2665 477.924
1027 549.924
1097 545.924
1169 541.924
1252 537.924
1335 533.924
1425 529.924
1522 525.924
1616 521.924
1713 517.924
1803 513.924
1885 509.924
1973 505.924
2063 501.924
2152 497.924
1028 549.924
1080 460.956
1152 456.956
1084 528.083
9249 212
9248 211
1075 489.489
1077 464.956
1148 460.956
1232 456.956
1233 452.956
1076 488.956
1099 545.924
1171 541.924
1254 537.924
1337 533.924
1427 529.924
1523 525.924
1102 557.924
1174 553.924
1173 549.924
1256 545.924
1339 541.924
1429 537.924
1525 533.924
1524 529.924
1617 525.924
1090 539.083
1095 545.924
1167 541.924
1145 472.956
1229 468.956
1230 464.956
1231 460.956
1144 485.489
1143 481.489
1146 468.956
1183 601.924
1182 597.924
1181 593.924
1170 541.924
1253 537.924
1336 533.924
1426 529.924
1172 545.924
1160 527.083
1243 523.083
1165 541.924
1249 537.924
1333 533.924
1423 529.924
1519 525.924
1613 521.924
1710 517.924
1800 513.924
1882 509.924
1970 505.924
9421 1493
9422 1395
9423 1297
9424 1199
9442 1024
9443 925
9461 790
9477 684
9494 577
9512 445
9531 338
9551 231
6006 42
6087 37
6163 33
6238 29
6313 24
6390 20
6468 16
6549 12
6550 8
6551 4
1245 531.083
9420 1591
1247 537.924
1330 533.924
1420 529.924
1517 525.924
1611 521.924
1708 517.924
1798 513.924
1880 509.924
1968 505.924
2058 501.924
2148 497.924
2234 493.924
2321 489.924
2406 485.924
2491 481.924
2576 477.924
2663 473.924
2751 469.924
2839 465.924
2939 461.924
3042 457.924
1246 535.083
1329 531.083
1328 527.083
1225 478.489
1224 474.489
1227 476.956
1228 472.956
1226 482.216
10048 478.543
1221 469.489
1220 465.489
1305 461.489
1392 457.489
1484 453.489
1582 449.489
1675 445.489
1772 441.489
9462 753.5
9939 663.086
9478 645.18
9942 556.301
9495 538
1222 473.489
1264 589.924
1263 585.924
1269 609.924
1355 605.924
1354 601.924
1444 597.924
1443 593.924
1442 589.924
1441 585.924
1440 581.924
1536 577.924
1629 573.924
1726 569.924
1725 565.924
1724 561.924
1257 549.924
1259 569.924
1345 565.924
1435 561.924
1434 557.924
1433 553.924
1432 549.924
1528 545.924
1527 541.924
1620 537.924
1717 533.924
1716 529.924
1806 525.924
1888 521.924
1976 517.924
1975 513.924
2065 509.924
2154 505.924
2153 501.924
2238 497.924
1248 537.924
1332 533.924
1422 529.924
1518 525.924
9493 632
9511 499
9530 393
9550 287
9572 158
5928 61
1255 541.924
1304 462.489
1307 467.489
1309 475.489
1308 471.489
1311 480.956
1312 476.956
1310 479.489
9529 492
9528 591
9532 334
9525 1532.2
9544 1430.2
9563 1337.2
9586 1235.2
9607 1133.2
9629 1041.2
9630 944.197
9631 847.197
9984 795.603
9609 716
9610 616
9611 516
9612 416
9613 316
9614 216
7112 137
6976 129
6977 125
6978 121
6979 117
6980 113
6981 109
6982 105
6983 101
6984 97
6985 93
6986 89
6987 85
6988 81
6695 60
6696 56
6697 52
6698 48
6621 44
6542 40
6543 36
6544 32
6545 28
6546 24
6547 20
6548 16
9524 1627.2
9543 1525.2
9562 1432.2
9585 1331.2
9606 1230.2
9628 1138.2
9527 690
9513 441
1338 537.924
1428 533.924
1341 549.924
1431 545.924
1340 545.924
1430 541.924
1343 557.924
1342 553.924
9506 1728.2
9509 695
9510 597
9567 648
9568 550
9569 452
9570 354
9571 256
9566 746
1319 448.956
1405 444.956
1500 440.956
1594 436.956
1687 432.956
1781 428.956
9547 586
9546 685
9549 387
9548 486
9593 176
6911 124
6912 120
6913 116
9592 275
9595 992.924
9594 893.924
5374 819.924
5286 815.924
5203 810.924
5202 806.924
5201 802.924
5200 798.924
5199 794.924
5119 790.924
5037 786.924
4953 781.924
4952 777.924
4867 773.924
4866 769.924
4865 765.924
4778 761.924
4689 756.924
4688 752.924
4687 748.924
4601 744.924
4600 740.924
4599 736.924
4598 732.924
4597 728.924
4596 724.924
4595 720.924
4594 716.924
4507 712.924
4418 708.924
4326 703.924
4325 699.924
4324 695.924
4323 691.924
4322 687.924
4321 683.924
4229 679.924
4228 675.924
4135 671.924
4045 666.924
4044 662.924
4043 658.924
3953 654.924
3952 650.924
3951 646.924
3950 642.924
3949 638.924
3948 634.924
3947 630.924
3946 626.924
3857 622.924
3769 618.924
3681 613.924
3680 609.924
3679 605.924
3595 601.924
3509 597.924
3423 592.924
3422 588.924
3338 584.924
3337 580.924
3336 576.924
3335 572.924
3334 568.924
3333 564.924
3332 560.924
3331 556.924
3330 552.924
3329 548.924
3328 544.924
3327 540.924
3326 536.924
3325 532.924
3324 528.924
3323 524.924
3229 517.924
3138 512.924
3046 508.924
3045 504.924
2949 497.924
2948 493.924
2947 489.924
2946 485.924
2945 481.924
2944 477.924
2943 473.924
2942 469.924
2941 465.924
1352 593.924
1357 613.924
1447 609.924
1543 605.924
1542 601.924
1635 597.924
1732 593.924
1822 589.924
1904 585.924
1992 581.924
1991 577.924
1990 573.924
2080 569.924
2169 565.924
2254 561.924
2341 557.924
2340 553.924
2339 549.924
2338 545.924
2337 541.924
2422 537.924
2421 533.924
2505 529.924
2590 525.924
2589 521.924
2588 517.924
2674 513.924
2673 509.924
2761 505.924
2849 501.924
1359 621.924
1449 617.924
1448 613.924
1358 617.924
1347 573.924
1437 569.924
1346 569.924
1436 565.924
1532 561.924
1531 557.924
1530 553.924
1623 549.924
1622 545.924
1621 541.924
1718 537.924
9589 572
9590 473
9591 374
9588 671
1349 581.924
1350 585.924
1401 471.956
1314 467.956
1315 463.956
1400 475.956
1403 444.956
1402 467.956
1395 464.489
1489 460.489
1586 456.489
1679 452.489
1775 448.489
1863 441.489
1394 461.489
1488 457.489
9573 360.956
4102 356.956
4194 352.956
4286 348.956
4285 344.956
4375 340.956
4374 336.956
4373 332.956
4461 328.956
4548 324.956
4633 320.956
4715 316.956
4802 312.956
4801 308.956
4800 304.956
4799 300.956
4798 296.956
4883 292.956
4967 288.956
5050 284.956
5131 280.956
1397 472.489
1396 468.489
1399 479.956
9574 889.924
3561 805.924
3475 800.924
3474 796.924
3473 792.924
3472 788.924
3471 784.924
3470 780.924
3469 776.924
3468 772.924
3467 768.924
3466 764.924
3465 760.924
3464 756.924
3463 752.924
3462 748.924
3461 744.924
3460 740.924
3459 736.924
3458 732.924
3457 728.924
3456 724.924
3455 720.924
3454 716.924
3453 712.924
3452 708.924
3451 704.924
3450 700.924
3449 696.924
3448 692.924
3447 688.924
3446 684.924
3445 680.924
3444 676.924
3443 672.924
3442 668.924
3441 664.924
3440 660.924
3439 656.924
3438 652.924
3437 648.924
3436 644.924
3435 640.924
3434 636.924
3433 632.924
3432 628.924
3431 624.924
3430 620.924
3429 616.924
3428 612.924
3427 608.924
3426 604.924
3425 600.924
3424 596.924
1398 477.085
1492 473.085
1491 469.085
9901 465.475
1588 464.489
1587 460.489
1391 458.489
1483 454.489
1581 450.489
9617 995.924
9616 896.924
7111 831.924
7110 827.924
7109 823.924
7108 819.924
7038 811.924
7037 807.924
6967 800.924
6966 796.924
6965 792.924
6964 788.924
6896 781.924
6828 776.924
6827 772.924
6826 768.924
6753 764.924
6677 760.924
6599 755.924
6519 751.924
6437 747.924
6359 743.924
6282 738.924
6207 734.924
6131 730.924
6055 725.924
5974 721.924
5901 717.924
5827 713.924
5752 708.924
5676 704.924
5675 700.924
5674 696.924
5673 692.924
5672 688.924
5592 684.924
5515 679.924
5514 675.924
5428 671.924
5336 667.924
5335 663.924
5247 659.924
5164 654.924
5163 650.924
5162 646.924
5082 642.924
5000 638.924
4916 633.924
4831 629.924
4744 625.924
4655 620.924
4569 616.924
4482 612.924
4393 608.924
4301 603.924
4209 599.924
4116 595.924
4026 590.924
3936 586.924
3847 582.924
3759 578.924
3671 573.924
3587 569.924
3501 565.924
3415 560.924
9657 458
9636 355
1417 519.083
1416 515.083
9656 555
9635 452
1419 527.083
1418 523.083
9658 556
9661 1098.68
9638 990.68
10125 976.096
1421 529.924
9660 1026.92
9637 918.924
9615 825.924
6824 766.924
6751 762.924
6675 758.924
6598 754.924
6518 750.924
6436 746.924
6358 742.924
9655 653
9634 549
9654 750
9633 646
9639 1011.92
9681 1134.92
9680 563
9682 1206.68
1445 601.924
1541 597.924
1634 593.924
1731 589.924
1821 585.924
1820 581.924
1819 577.924
1901 573.924
1989 569.924
1988 565.924
2078 561.924
2077 557.924
2076 553.924
2165 549.924
2250 545.924
1446 605.924
1497 440.956
9677 827.473
10128 728.061
9679 561
9678 658
1490 464.489
1493 481.085
1495 444.956
1494 481.956
9721 756
9700 652
9720 754
1482 462.489
1579 458.489
1580 454.489
1674 449.489
1485 453.489
1486 453.489
1529 549.924
9699 749
9701 654
1526 537.924
1513 519.083
1512 515.083
1511 511.083
1515 526.924
1609 522.924
1707 517.924
1514 523.083
9742 934
9741 835
1553 645.924
1552 641.924
1645 637.924
1742 633.924
1741 629.924
1740 625.924
1739 621.924
1738 617.924
1737 613.924
1736 609.924
1735 605.924
1734 601.924
1824 597.924
1823 593.924
1555 653.924
1554 649.924
1647 645.924
1744 641.924
1834 637.924
1916 633.924
1915 629.924
1914 625.924
2002 621.924
2092 617.924
2181 613.924
2266 609.924
2265 605.924
2352 601.924
2437 597.924
2521 593.924
2606 589.924
2605 585.924
2604 581.924
2603 577.924
2689 573.924
2688 569.924
2687 565.924
2775 561.924
2863 557.924
2862 553.924
2962 549.924
2961 545.924
2960 541.924
2959 537.924
2958 533.924
2957 529.924
2956 525.924
2955 521.924
2954 517.924
2953 513.924
2952 509.924
2951 505.924
2950 501.924
1556 657.924
1649 653.924
1746 649.924
1836 645.924
1918 641.924
1917 637.924
1545 613.924
1544 609.924
1546 617.924
1549 629.924
1642 625.924
1551 637.924
1550 633.924
1537 581.924
1538 585.924
1631 581.924
1728 577.924
1727 573.924
9782 1162
9781 1065
9761 939
1592 436.956
1585 453.489
1678 449.489
1774 445.489
9762 1039
1589 440.956
1591 436.956
1778 428.956
1949 420.956
2039 416.956
9819 1231
9799 1128
9779 1027
9760 937
9818 1230
9821 1237
9801 1133
9780 1029
9820 1234
9800 1130
9823 1888.15
9804 1791.15
9784 1694.15
9763 1581.69
9744 1484.69
9723 1387.69
10126 1293.95
9702 1208.92
1583 449.489
1676 445.489
9822 1273
9802 1169
1625 557.924
1722 553.924
1812 549.924
1894 545.924
1624 553.924
1627 565.924
1628 569.924
1630 577.924
1619 533.924
1618 529.924
9798 1151
9778 1049
9759 959
9740 857
1608 526.636
1705 522.636
10049 518.894
1797 513.924
1610 521.924
1612 521.924
1709 517.924
9844 433.35
9833 416.287
10024 381.628
9830 341.538
9871 291.197
9829 234.511
9912 197.599
9828 166.28
9927 123.812
9827 84.94
9897 69.219
1607 523.083
1606 519.083
1657 684.924
1754 680.924
1844 676.924
1926 672.924
1925 668.924
2013 664.924
2012 660.924
2011 656.924
2101 652.924
2190 648.924
2275 644.924
2362 640.924
2361 636.924
2360 632.924
2445 628.924
2444 624.924
2443 620.924
2527 616.924
2612 612.924
2697 605.924
2696 601.924
2695 597.924
2694 593.924
2693 589.924
2781 585.924
2869 581.924
2969 577.924
2968 573.924
2967 569.924
2966 565.924
2965 561.924
2964 557.924
2963 553.924
1656 680.924
1655 676.924
1654 672.924
1653 668.924
1652 664.924
1651 660.924
1650 656.924
1747 652.924
1837 648.924
1919 644.924
2007 640.924
2097 636.924
2186 632.924
2271 628.924
2358 624.924
9835 388.21
9879 375.642
9834 450.901
9843 417.023
1658 688.924
9836 271.316
9904 230.927
1648 649.924
9826 232.875
6240 220.956
6396 212.956
6479 208.956
6562 204.956
6641 200.956
6720 196.956
6796 192.956
6867 188.956
7015 180.956
7154 172.956
7219 168.956
7286 164.956
7355 160.956
7424 156.956
7491 152.956
7562 148.956
7635 144.956
7707 140.956
7780 136.956
7853 132.956
9831 435.187
10007 384.048
9881 599.505
1640 617.924
1643 629.924
9885 446.42
1644 633.924
1646 641.924
1633 589.924
1730 585.924
1729 581.924
1632 585.924
1637 605.924
1636 601.924
1639 613.924
1638 609.924
9866 510.589
673 501.489
1684 432.956
9913 374.206
1673 458.489
9915 356.101
9914 269.41
9825 260.507
5627 252.956
5707 248.956
5782 244.956
5856 240.956
5931 236.956
6010 232.956
6090 228.956
6167 224.956
6241 220.956
6318 216.956
9917 56.388
6938 50
6937 46
6865 42
6792 37
6716 33
6638 29
6558 24
6557 20
6556 16
6555 12
6554 8
6553 4
9916 175.736
9919 144.463
9918 426.799
9905 511.348
9906 395.952
4469 393.924
9909 365.068
4726 360.956
4813 356.956
4898 352.956
4897 348.956
4981 344.956
5064 340.956
5145 336.956
9908 613.536
3249 610.924
3248 606.924
3340 599.924
9911 22.819
6314 20
6315 16
6316 12
6393 8
6471 4
9910 279.898
1721 549.924
1720 545.924
1719 541.924
1809 537.924
1891 533.924
1979 529.924
9896 602.064
9899 386.772
2823 382.956
2916 378.956
3017 374.956
3110 370.956
3204 366.956
3301 362.956
3396 358.956
3483 353.956
3565 349.956
3650 345.956
9900 44.578
6718 41
6640 37
6560 32
6559 28
9903 431.001
3749 425.924
9902 147.3
1712 517.924
1715 525.924
1805 521.924
1887 517.924
1714 521.924
1804 517.924
9893 468.988
9895 349.309
4170 341.956
4171 337.956
4172 333.956
4173 329.956
4174 325.956
4175 321.956
4268 317.956
9894 238.577
9945 865.291
3476 804.924
9944 745.173
1769 740.924
1768 736.924
1767 732.924
1857 728.924
1939 724.924
2027 720.924
2117 716.924
2206 712.924
2205 708.924
2204 704.924
2289 700.924
2376 696.924
2461 692.924
2545 688.924
2630 684.924
2629 680.924
2628 676.924
2627 672.924
2626 668.924
2625 664.924
2624 660.924
2623 656.924
2622 652.924
2621 648.924
2620 644.924
2619 640.924
2618 636.924
2617 632.924
2616 628.924
2615 624.924
2614 620.924
2613 616.924
1704 524.083
9946 726.923
918 724.924
917 720.924
916 716.924
915 712.924
993 708.924
1065 704.924
1131 700.924
1207 696.924
1206 692.924
1205 688.924
1288 684.924
1374 680.924
1373 676.924
1463 672.924
1559 668.924
1706 521.924
9949 304.455
6510 298.849
6591 291.849
10087 290.961
6670 287.956
6748 283.956
6822 276.956
6821 272.956
6892 268.956
6891 264.956
6961 260.956
7035 256.956
7106 252.956
7105 248.956
7104 244.956
7103 240.956
7173 236.956
7172 232.956
7238 228.956
7304 224.956
7373 220.956
7372 216.956
7371 212.956
7370 208.956
7369 204.956
7437 200.956
7436 196.956
7435 192.956
7434 188.956
7433 184.956
7499 180.956
7570 176.956
7643 172.956
7642 168.956
7641 164.956
7713 160.956
7786 156.956
7785 152.956
7858 148.956
9948 191.441
8665 184.956
8664 180.956
8622 176.956
8578 171.956
9951 202.195
9107 195
9078 191
9049 187
9018 183
8986 178
9936 615.772
1699 478.956
9938 560.7
9943 246.667
7873 169
7727 161
7728 157
7656 153
7584 149
7513 145
7446 141
7447 137
7448 133
7383 129
7384 125
7385 121
7317 117
7318 113
7251 109
7252 105
7186 101
7122 97
7123 93
7055 89
7056 85
1702 497.851
1753 676.924
1843 672.924
9928 409.749
4195 405.924
4289 401.924
4380 397.924
1752 672.924
1751 668.924
1841 664.924
1923 660.924
9933 569.087
1757 692.924
1756 688.924
1755 684.924
1845 680.924
1758 696.924
1745 645.924
1835 641.924
9920 500.655
9923 628.954
3159 624.924
3158 620.924
3157 616.924
1749 660.924
1748 656.924
1838 652.924
1920 648.924
2008 644.924
9924 601.378
9926 443.494
1750 664.924
1840 660.924
1922 656.924
2010 652.924
2100 648.924
2099 644.924
2098 640.924
2187 636.924
2272 632.924
2359 628.924
9976 81.62
6005 46
6086 41
6162 37
9979 592.915
2871 589.924
2971 585.924
2970 581.924
9981 1513.44
1743 637.924
9969 187.018
9968 225.859
9270 219.813
10129 218.532
9252 215
9230 211
9207 207
9971 197.817
7870 196.956
7869 192.956
7942 188.956
7941 184.956
7940 180.956
7939 176.956
7938 172.956
7937 168.956
7936 164.956
7935 160.956
9973 975.835
9972 273.196
9975 530.978
9974 925.339
9960 365.58
5069 360.956
5229 352.956
5228 348.956
5227 344.956
9963 190.825
8299 186.956
8245 181.956
8187 177.956
9967 190.864
8445 186.956
8395 182.956
8394 178.956
9966 584.739
3845 580.924
3757 576.924
3586 568.924
3500 564.924
1777 428.956
9952 203.026
9954 187.88
8011 184.956
8010 180.956
9956 675.606
5669 670.924
5510 662.924
5424 658.924
5332 654.924
5244 650.924
5161 645.924
5081 641.924
4999 637.924
4915 632.924
4830 628.924
4743 624.924
4654 619.924
4568 615.924
4481 611.924
4392 607.924
4300 602.924
4208 598.924
4115 594.924
4025 589.924
3935 585.924
3846 581.924
3758 577.924
3670 572.924
9959 194.102
10009 692.56
10008 135.814
1771 442.489
1861 438.489
1770 744.924
10005 518.942
1817 569.924
1899 565.924
1987 561.924
1986 557.924
1985 553.924
1984 549.924
1816 565.924
1815 561.924
1814 557.924
1818 573.924
9999 593.536
963 587.877
1036 583.877
1035 579.877
1103 573.021
1034 566.021
1033 562.021
1032 558.023
10013 557.194
1031 553.924
1030 549.924
1808 533.924
1807 529.924
1811 545.924
1810 541.924
10041 408.929
10040 91.286
6007 39.352
6164 29.352
6239 25.352
10043 511.999
10042 369.977
3479 366.956
3480 362.956
3481 358.956
1802 513.924
10045 766.713
10044 635.614
2783 632.924
2698 628.924
10047 135.865
10046 290.306
10033 267.788
5381 264.956
5471 260.956
5556 256.956
5632 252.956
5712 248.956
5787 244.956
5862 240.956
5937 236.956
6017 232.956
6097 228.956
6174 224.956
6248 220.956
6325 216.956
6403 212.956
6485 208.956
6568 204.956
6647 200.956
10032 728.906
10035 181.668
10034 181.643
10037 478.281
10036 478.31
10039 1418.85
1799 513.924
10038 506.778
10027 436.151
1945 433.489
10026 222.379
1850 700.924
1849 696.924
1848 692.924
1847 688.924
1929 684.924
2017 680.924
2016 676.924
2106 672.924
2195 668.924
2280 664.924
2367 660.924
2452 656.924
2536 652.924
10029 542.915
703 539.956
10028 497.444
10031 425.054
10030 497.986
1842 668.924
1846 684.924
10073 375.08
3025 372.956
3118 368.956
3212 364.956
3308 360.956
3403 356.956
3488 352.956
3569 348.956
3655 344.956
3737 340.956
3824 336.956
3912 332.956
4001 328.956
4090 324.956
4180 320.956
4273 316.956
4363 312.956
4451 308.956
4538 304.956
4624 300.956
4706 296.956
4793 292.956
4878 288.956
1833 633.924
10072 375.245
3312 368.956
3311 364.956
1832 629.924
10075 427.268
2042 424.956
2041 420.956
2133 416.956
10074 450.72
1839 656.924
1921 652.924
2009 648.924
10065 451.738
10064 424.902
3838 421.924
10067 322.86
4358 316.956
10066 451.453
10069 372.966
1829 617.924
1911 613.924
1999 609.924
1998 605.924
1997 601.924
1996 597.924
2086 593.924
2175 589.924
2174 585.924
2173 581.924
2172 577.924
2171 573.924
2170 569.924
10068 339.062
3829 336.956
3918 332.956
4007 328.956
4096 324.956
4185 320.956
4278 316.956
4368 312.956
4456 308.956
4543 304.956
4628 300.956
4710 296.956
4797 292.956
4882 288.956
4966 284.956
5049 280.956
10071 266.34
5947 264.956
5946 260.956
6025 256.956
6024 252.956
6104 248.956
6103 244.956
6102 240.956
6179 236.956
6253 232.956
6330 228.956
6408 224.956
6490 220.956
6489 216.956
6571 212.956
6650 208.956
6649 204.956
6727 200.956
1831 625.924
1913 621.924
2001 617.924
2091 613.924
2180 609.924
10070 164.33
7354 160.956
7422 156.956
7489 152.956
7560 148.956
7633 144.956
7706 140.956
1830 621.924
10057 384.45
3580 380.981
3747 372.956
3836 368.956
3926 364.956
4014 360.956
1881 509.924
1969 505.924
2060 501.924
2149 497.924
10056 437.866
2036 433.489
2128 429.489
10059 603.609
10061 324.813
10060 395.292
2651 388.956
2740 384.956
2828 380.956
2925 376.956
3027 372.956
3119 368.956
3213 364.956
3309 360.956
3404 356.956
3489 352.956
1884 509.924
1972 505.924
2062 501.924
10063 15.719
6634 13
10062 12.037
6473 8
1886 513.924
10051 82.207
10050 484.262
2486 482.924
2572 477.924
2659 473.924
2748 469.924
2836 465.924
2936 461.924
3040 457.924
3131 453.924
3223 449.924
3318 445.924
10053 159.13
10055 87.836
10054 593.216
1865 424.956
1948 420.956
2037 416.956
2130 412.956
2221 408.956
2308 404.956
1866 424.956
1950 420.956
1860 740.924
1859 736.924
1941 732.924
2029 728.924
2119 724.924
2208 720.924
2207 716.924
1912 617.924
2000 613.924
1905 589.924
1993 585.924
1897 557.924
1896 553.924
1898 561.924
1900 569.924
1903 581.924
1902 577.924
1889 525.924
1890 529.924
1978 525.924
2068 521.924
2157 517.924
1893 541.924
1892 537.924
1980 533.924
1944 433.489
2033 429.489
2126 425.489
1947 437.489
1928 680.924
1930 688.924
2018 684.924
1924 664.924
1927 676.924
1977 521.924
1974 509.924
1965 505.924
2056 501.924
2146 497.924
2232 493.924
2319 489.924
2404 485.924
2488 481.924
2573 477.924
1967 505.924
2057 501.924
1966 505.924
1954 431.956
2043 427.956
2015 672.924
2014 668.924
2003 625.924
2005 633.924
2004 629.924
2006 637.924
2096 633.924
2185 629.924
2270 625.924
2357 621.924
2356 617.924
2355 613.924
2440 609.924
2524 605.924
2609 601.924
2608 597.924
2607 593.924
1994 589.924
2034 429.489
2038 416.956
2131 412.956
2024 708.924
2023 704.924
2022 700.924
2021 696.924
2020 692.924
2019 688.924
2073 541.924
2162 537.924
2161 533.924
2246 529.924
2333 525.924
2332 521.924
2331 517.924
2330 513.924
2072 537.924
2075 549.924
2164 545.924
2249 541.924
2336 537.924
2074 545.924
2163 541.924
2248 537.924
2335 533.924
2334 529.924
2079 565.924
2064 505.924
2067 517.924
2066 513.924
2059 501.924
2055 501.924
2144 497.924
2230 493.924
2317 489.924
2402 485.924
2487 481.924
2105 668.924
2104 664.924
2103 660.924
2192 656.924
2277 652.924
2364 648.924
2363 644.924
2448 640.924
2447 636.924
2531 632.924
2107 676.924
2109 684.924
2108 680.924
2197 676.924
2196 672.924
2110 688.924
2102 656.924
2088 601.924
2177 597.924
2262 593.924
2349 589.924
2348 585.924
2347 581.924
2346 577.924
2431 573.924
2515 569.924
2600 565.924
2599 561.924
2598 557.924
2597 553.924
2596 549.924
2595 545.924
2594 541.924
2680 537.924
2768 533.924
2767 529.924
2766 525.924
2854 521.924
2853 517.924
2852 513.924
2851 509.924
2850 505.924
2093 621.924
2095 629.924
2094 625.924
2183 621.924
2268 617.924
2081 573.924
2083 581.924
2082 577.924
2085 589.924
2084 585.924
2143 497.924
2229 493.924
2316 489.924
2134 420.956
2125 425.489
2217 421.489
2304 417.489
2113 700.924
2112 696.924
2111 692.924
2168 561.924
2253 557.924
2160 529.924
2245 525.924
2167 557.924
2252 553.924
2166 553.924
2155 509.924
2159 525.924
2145 497.924
2147 497.924
2150 497.924
2236 493.924
2323 489.924
2408 485.924
2492 481.924
2577 477.924
2201 692.924
2200 688.924
2199 684.924
2284 680.924
2371 676.924
2370 672.924
2455 668.924
2539 664.924
2193 660.924
2194 664.924
2279 660.924
2366 656.924
2365 652.924
2198 680.924
2184 625.924
2189 644.924
2274 640.924
2188 640.924
2191 652.924
2176 593.924
2182 617.924
2233 493.924
2320 489.924
2235 493.924
2322 489.924
2239 501.924
2225 419.956
2224 416.956
2311 412.956
2228 494.924
2231 493.924
2318 489.924
2216 422.489
2219 416.956
2223 412.956
2310 408.956
2267 613.924
2269 621.924
2257 573.924
2344 569.924
2343 565.924
2342 561.924
2427 557.924
2426 553.924
2510 549.924
2256 569.924
2259 581.924
2258 577.924
2345 573.924
2430 569.924
2514 565.924
2261 589.924
2260 585.924
2251 549.924
2255 565.924
2244 521.924
2247 533.924
2281 668.924
2283 676.924
2282 672.924
2369 668.924
2368 664.924
2285 684.924
2286 688.924
2373 684.924
2372 680.924
2457 676.924
2541 672.924
2540 668.924
2273 636.924
2276 648.924
2278 656.924
2325 493.924
2410 489.924
2315 490.924
2401 486.924
2306 404.956
2353 605.924
2354 609.924
2393 417.551
2479 410.551
2394 400.956
2480 396.956
2564 392.956
2396 400.956
2387 740.924
2386 736.924
2385 732.924
2384 728.924
2383 724.924
2468 720.924
2467 716.924
2551 712.924
2636 708.924
2635 704.924
2634 700.924
2633 696.924
2632 692.924
2631 688.924
2375 692.924
2374 688.924
2459 684.924
2458 680.924
2425 549.924
2424 545.924
2423 541.924
2429 565.924
2513 561.924
2428 561.924
2419 525.924
2418 521.924
2502 517.924
2587 513.924
2420 529.924
2504 525.924
2403 485.924
2405 485.924
2490 481.924
2575 477.924
2662 473.924
2407 485.924
2456 672.924
2460 688.924
2449 644.924
2451 652.924
2450 648.924
2534 644.924
2533 640.924
2453 660.924
2454 664.924
2441 613.924
2442 617.924
2446 632.924
2433 581.924
2517 577.924
2602 573.924
2601 569.924
2432 577.924
2489 481.924
2574 477.924
2661 473.924
2750 469.924
2838 465.924
2481 396.956
2565 392.956
2652 388.956
2485 404.956
2569 400.956
2656 396.956
2744 392.956
2743 388.956
2484 400.956
2520 589.924
2523 601.924
2525 609.924
2526 613.924
2611 609.924
2610 605.924
2512 557.924
2516 573.924
2519 585.924
2518 581.924
2507 537.924
2592 533.924
2678 529.924
2677 525.924
2676 521.924
2675 517.924
2763 513.924
2506 533.924
2509 545.924
2508 541.924
2593 537.924
2511 553.924
2498 501.924
2497 497.924
2503 521.924
2544 684.924
2543 680.924
2542 676.924
2537 656.924
2538 660.924
2529 624.924
2528 620.924
2530 628.924
2532 636.924
2535 648.924
2585 505.924
2584 501.924
2670 497.924
2758 493.924
2757 489.924
2756 485.924
2755 481.924
2843 477.924
2586 509.924
2672 505.924
2671 501.924
2591 529.924
2583 497.924
2669 493.924
2568 396.956
2655 392.956
2570 404.956
2563 392.956
2649 392.956
2735 388.956
2821 383.956
2914 379.956
3016 375.956
3109 371.956
2650 391.956
2736 387.956
2822 382.956
2915 378.956
2681 541.924
2683 549.924
2771 545.924
2859 541.924
2858 537.924
2857 533.924
2856 529.924
2855 525.924
2682 545.924
2685 557.924
2773 553.924
2861 549.924
2860 545.924
2684 553.924
2772 549.924
2686 561.924
2679 533.924
2657 400.956
2660 473.924
2713 688.924
2712 684.924
2711 680.924
2710 676.924
2709 672.924
2705 656.924
2704 652.924
2703 648.924
2702 644.924
2701 640.924
2700 636.924
2699 632.924
2707 664.924
2706 660.924
2708 668.924
2691 581.924
2779 577.924
2778 573.924
2866 569.924
2865 565.924
2864 561.924
2690 577.924
2692 585.924
2745 396.956
2747 469.924
2835 465.924
2746 398.956
2833 392.956
2832 388.956
2929 384.956
2928 380.956
3030 376.956
3122 372.956
3216 368.956
2749 469.924
2837 465.924
2937 461.924
2737 386.956
2739 384.956
2827 380.956
2733 393.956
2819 388.956
2912 384.956
2777 569.924
2776 565.924
2780 581.924
2782 589.924
2769 537.924
2770 541.924
2774 557.924
2762 509.924
2765 521.924
2764 517.924
2793 668.924
2792 664.924
2795 676.924
2794 672.924
2797 684.924
2796 680.924
2799 692.924
2798 688.924
2785 636.924
2784 632.924
2787 644.924
2786 640.924
2789 652.924
2788 648.924
2791 660.924
2790 656.924
2845 485.924
2844 481.924
2831 384.956
2873 637.924
2872 635.924
2972 631.924
3066 627.924
2875 645.924
2874 641.924
2877 653.924
2876 649.924
2879 661.924
2878 657.924
2867 573.924
2868 577.924
2870 585.924
2909 395.956
2910 391.956
2911 387.956
3014 380.956
2888 697.924
2881 669.924
2880 665.924
2883 677.924
2882 673.924
2885 685.924
2884 681.924
2887 693.924
2886 689.924
2930 388.956
3032 384.956
3124 380.956
3123 376.956
2933 467.924
3037 463.924
3128 459.924
3221 454.924
3316 450.924
3317 446.924
3408 442.924
2932 471.924
3036 467.924
2935 462.924
3039 458.924
3130 454.924
2921 376.956
3024 372.956
3116 368.956
3210 364.956
3306 360.956
3402 356.956
3487 352.956
3568 348.956
3654 344.956
3736 340.956
3823 336.956
2923 376.956
3026 372.956
2922 376.956
2924 376.956
2926 376.956
3028 372.956
2973 635.924
3067 631.924
2975 643.924
2974 639.924
3068 635.924
2985 683.924
3079 679.924
3078 675.924
3077 671.924
3076 667.924
3075 663.924
3074 659.924
3073 655.924
3072 651.924
3071 647.924
3070 643.924
3069 639.924
2984 679.924
2983 675.924
2987 691.924
2986 687.924
2989 699.924
2988 695.924
3082 691.924
3081 687.924
3080 683.924
2977 651.924
2976 647.924
2979 659.924
2978 655.924
2981 667.924
2980 663.924
2982 671.924
3033 387.956
3035 471.924
3034 475.924
3019 373.956
3112 369.956
3206 365.956
3302 361.956
3398 357.956
3484 353.956
3566 349.956
3651 345.956
3733 341.956
3018 374.956
3021 373.956
3114 369.956
3208 365.956
3304 361.956
3399 357.956
3485 353.956
3567 349.956
3020 373.956
3022 373.956
3115 369.956
3013 398.956
3012 402.956
3065 584.924
3064 580.924
3063 576.924
3062 572.924
3061 568.924
3060 564.924
3059 560.924
3058 556.924
3057 552.924
3056 548.924
3055 544.924
3054 540.924
3053 536.924
3052 532.924
3051 528.924
3050 524.924
3049 520.924
3048 516.924
3047 512.924
3083 695.924
3084 699.924
3120 368.956
3214 364.956
3127 463.924
3220 458.924
3113 369.956
3207 365.956
3303 361.956
3117 368.956
3211 364.956
3307 360.956
3111 370.956
3161 632.924
3160 628.924
3163 640.924
3162 636.924
3165 648.924
3164 644.924
3167 656.924
3166 652.924
3152 568.924
3151 564.924
3150 560.924
3155 580.924
3154 576.924
3156 584.924
3145 540.924
3144 536.924
3143 532.924
3142 528.924
3141 524.924
3140 520.924
3147 548.924
3146 544.924
3149 556.924
3148 552.924
3177 696.924
3176 692.924
3175 688.924
3174 684.924
3173 680.924
3172 676.924
3171 672.924
3170 668.924
3169 664.924
3168 660.924
3178 700.924
3231 525.924
3219 462.924
3314 458.924
3315 454.924
3218 466.924
3209 365.956
3205 366.956
3257 642.924
3256 638.924
3255 634.924
3254 630.924
3253 626.924
3252 622.924
3251 618.924
3250 614.924
3259 650.924
3258 646.924
3261 658.924
3260 654.924
3263 666.924
3262 662.924
3241 565.924
3240 561.924
3245 581.924
3244 577.924
3153 572.924
3246 585.924
3233 533.924
3232 529.924
3239 557.924
3238 553.924
3272 702.924
3271 698.924
3270 694.924
3269 690.924
3268 686.924
3267 682.924
3266 678.924
3265 674.924
3264 670.924
3275 714.924
3274 710.924
3273 706.924
3305 361.956
3400 357.956
3486 353.956
3299 367.956
3298 371.956
3393 367.956
3353 651.924
3352 647.924
3351 643.924
3350 639.924
3349 635.924
3348 631.924
3347 627.924
3346 623.924
3345 619.924
3344 615.924
3343 611.924
3342 607.924
3341 603.924
3355 659.924
3354 655.924
3357 667.924
3356 663.924
3359 675.924
3358 671.924
3339 588.924
3361 683.924
3360 679.924
3363 691.924
3362 687.924
3365 699.924
3364 695.924
3417 568.924
3416 564.924
3419 576.924
3418 572.924
3421 584.924
3420 580.924
3401 360.956
3477 376.123
3478 373.571
3513 613.924
3512 609.924
3515 621.924
3514 617.924
3517 629.924
3516 625.924
3519 637.924
3518 633.924
3505 581.924
3504 577.924
3507 589.924
3506 585.924
3508 593.924
3510 601.924
3503 573.924
3502 569.924
3492 352.956
3572 348.956
3658 344.956
3740 340.956
3827 336.956
3916 332.956
4005 328.956
4094 324.956
4183 320.956
3529 677.924
3528 673.924
3531 685.924
3530 681.924
3533 693.924
3532 689.924
3535 701.924
3534 697.924
3521 645.924
3520 641.924
3523 653.924
3522 649.924
3525 661.924
3524 657.924
3527 669.924
3526 665.924
3579 384.981
3581 384.981
3609 657.924
3608 653.924
3611 665.924
3610 661.924
3613 673.924
3612 669.924
3615 681.924
3614 677.924
3601 625.924
3600 621.924
3603 633.924
3602 629.924
3605 641.924
3604 637.924
3607 649.924
3606 645.924
3593 593.924
3592 589.924
3594 597.924
3597 609.924
3511 605.924
3596 605.924
3599 617.924
3598 613.924
3589 577.924
3588 573.924
3591 585.924
3590 581.924
3624 717.924
3623 713.924
3622 709.924
3536 705.924
3617 689.924
3616 685.924
3619 697.924
3618 693.924
3620 701.924
3673 581.924
3672 577.924
3675 589.924
3674 585.924
3677 597.924
3676 593.924
3678 601.924
3705 709.924
3704 705.924
3707 717.924
3697 677.924
3696 673.924
3699 685.924
3698 681.924
3701 693.924
3700 689.924
3703 701.924
3702 697.924
3689 645.924
3688 641.924
3691 653.924
3690 649.924
3693 661.924
3692 657.924
3695 669.924
3694 665.924
3683 621.924
3682 617.924
3685 629.924
3684 625.924
3687 637.924
3686 633.924
3741 340.956
3742 342.087
3730 346.956
3818 342.956
3905 338.956
3906 334.956
3995 330.956
4085 325.956
3734 345.956
3768 614.924
3771 626.924
3770 622.924
3773 634.924
3772 630.924
3775 642.924
3774 638.924
3761 586.924
3760 582.924
3763 594.924
3762 590.924
3765 602.924
3764 598.924
3767 610.924
3766 606.924
3753 430.924
3842 426.924
3931 422.924
4019 418.924
4108 414.924
4199 410.924
4291 406.924
4471 396.924
3752 427.924
3841 423.924
3930 419.924
4018 415.924
4107 411.924
4198 407.924
4290 403.924
3746 376.956
3748 372.956
3751 427.924
3793 714.924
3792 710.924
3795 722.924
3796 726.924
3708 721.924
3785 682.924
3784 678.924
3787 690.924
3786 686.924
3789 698.924
3788 694.924
3791 706.924
3790 702.924
3777 650.924
3776 646.924
3779 658.924
3778 654.924
3781 666.924
3780 662.924
3783 674.924
3782 670.924
3833 342.956
3832 338.956
3920 334.956
4008 330.956
3835 368.956
3925 364.956
3834 346.956
3837 368.956
3826 336.956
3915 332.956
3828 340.956
3819 342.956
3821 336.956
3910 332.956
3999 328.956
4088 324.956
4177 320.956
4270 316.956
4360 312.956
3865 654.924
3864 650.924
3867 662.924
3866 658.924
3869 670.924
3868 666.924
3871 678.924
3870 674.924
3856 618.924
3859 630.924
3858 626.924
3861 638.924
3860 634.924
3863 646.924
3862 642.924
3849 590.924
3848 586.924
3851 598.924
3850 594.924
3853 606.924
3852 602.924
3855 614.924
3854 610.924
3840 423.924
3929 419.924
3889 750.924
3888 746.924
3887 742.924
3799 738.924
3711 733.924
3710 729.924
3709 725.924
3625 721.924
3539 717.924
3881 718.924
3880 714.924
3879 710.924
3878 706.924
3877 702.924
3876 698.924
3875 694.924
3874 690.924
3873 686.924
3883 726.924
3882 722.924
3794 718.924
3706 713.924
3885 734.924
3797 730.924
3884 730.924
3886 738.924
3798 734.924
3872 682.924
3932 588.311
3921 338.956
3923 346.956
4011 342.956
4010 338.956
4009 334.956
3922 342.956
3924 365.956
4013 361.956
3904 342.956
3993 338.956
4083 333.956
4084 329.956
3909 332.956
3997 328.956
3961 686.924
3960 682.924
3959 678.924
3958 674.924
3963 694.924
3962 690.924
3965 702.924
3964 698.924
3967 710.924
3966 706.924
3955 662.924
3954 658.924
3957 670.924
3956 666.924
3945 622.924
3944 618.924
3943 614.924
3942 610.924
3941 606.924
3992 342.956
4082 337.956
3977 750.924
3976 746.924
3979 758.924
3978 754.924
3969 718.924
3968 714.924
3971 726.924
3970 722.924
3973 734.924
3972 730.924
3975 742.924
3974 738.924
4024 588.924
3934 584.924
4031 610.924
4030 606.924
4029 602.924
3939 598.924
3938 594.924
4017 415.924
4106 411.924
4023 588.924
4000 328.956
4089 324.956
4178 320.956
4004 328.956
4093 324.956
4006 328.956
4095 324.956
4057 714.924
4056 710.924
4059 722.924
4058 718.924
4061 730.924
4060 726.924
4063 738.924
4062 734.924
4049 682.924
4048 678.924
4047 674.924
4051 690.924
4050 686.924
4053 698.924
4052 694.924
4055 706.924
4054 702.924
4041 650.924
4040 646.924
4042 654.924
4046 670.924
4033 618.924
4032 614.924
4034 622.924
4037 634.924
4039 642.924
4038 638.924
4091 324.956
4065 746.924
4064 742.924
4067 754.924
4066 750.924
4069 762.924
4068 758.924
4071 770.924
3981 766.924
3980 762.924
3891 758.924
3803 754.924
3715 749.924
3631 745.924
3545 741.924
4070 766.924
4121 615.924
4123 623.924
4122 619.924
4112 592.924
4104 409.924
4111 592.924
4022 588.924
3933 584.924
4097 328.956
4187 324.956
4279 320.956
4369 316.956
4457 312.956
4544 308.956
4629 304.956
4711 300.956
4101 360.956
4153 743.924
4152 739.924
4155 751.924
4154 747.924
4157 759.924
4156 755.924
4159 767.924
4158 763.924
4145 711.924
4144 707.924
4149 727.924
4148 723.924
4151 735.924
4150 731.924
4137 679.924
4136 675.924
4139 687.924
4138 683.924
4141 695.924
4140 691.924
4143 703.924
4142 699.924
4131 655.924
4130 651.924
4133 663.924
4132 659.924
4134 667.924
4184 320.956
4277 316.956
4367 312.956
4455 308.956
4186 320.956
4189 332.956
4188 328.956
4280 324.956
4370 320.956
4458 316.956
4190 336.956
4282 332.956
4372 328.956
4371 324.956
4459 320.956
4161 775.924
4160 771.924
4162 779.924
4072 774.924
3982 770.924
4216 627.924
4215 623.924
4214 619.924
4203 596.924
4249 759.924
4248 755.924
4251 767.924
4250 763.924
4253 775.924
4252 771.924
4255 783.924
4254 779.924
4241 727.924
4240 723.924
4239 719.924
4146 715.924
4243 735.924
4242 731.924
4245 743.924
4244 739.924
4247 751.924
4246 747.924
4233 695.924
4232 691.924
4235 703.924
4234 699.924
4237 711.924
4236 707.924
4224 659.924
4227 671.924
4226 667.924
4225 663.924
4231 687.924
4230 683.924
4281 328.956
4283 336.956
4287 352.956
4272 316.956
4362 312.956
4450 308.956
4537 304.956
4274 316.956
4364 312.956
4276 316.956
4366 312.956
4265 337.956
4266 333.956
4264 341.956
4256 787.924
4263 345.956
4262 811.924
4169 807.924
4079 802.924
4078 798.924
4077 794.924
4076 790.924
4075 786.924
4074 782.924
3984 778.924
3983 774.924
3894 770.924
3806 766.924
3718 761.924
3717 757.924
3633 753.924
3547 749.924
4317 667.924
4316 663.924
4315 659.924
4314 655.924
4313 651.924
4221 647.924
4128 643.924
4319 675.924
4318 671.924
4305 619.924
4304 615.924
4212 611.924
4211 607.924
4210 603.924
4295 600.924
4204 596.924
4294 600.924
4345 779.924
4344 775.924
4347 787.924
4346 783.924
4348 791.924
4337 747.924
4336 743.924
4339 755.924
4338 751.924
4341 763.924
4340 759.924
4343 771.924
4342 767.924
4329 715.924
4328 711.924
4327 707.924
4333 731.924
4335 739.924
4334 735.924
4320 679.924
4377 348.956
4376 344.956
4464 340.956
4551 336.956
4636 332.956
4635 328.956
4634 324.956
4361 312.956
4355 343.956
4354 347.956
4357 320.956
4409 672.924
4408 668.924
4411 680.924
4410 676.924
4413 688.924
4412 684.924
4415 696.924
4414 692.924
4395 616.924
4303 611.924
4394 612.924
4302 607.924
4387 604.924
4296 600.924
4388 604.924
4297 600.924
4205 596.924
4113 592.924
4441 800.924
4349 795.924
4257 791.924
4164 787.924
4440 796.924
4442 804.924
4350 799.924
4258 795.924
4445 347.956
4444 812.924
4352 807.924
4260 803.924
4259 799.924
4447 320.956
4433 768.924
4432 764.924
4435 776.924
4434 772.924
4437 784.924
4436 780.924
4438 788.924
4429 752.924
4431 760.924
4430 756.924
4417 704.924
4416 700.924
4419 712.924
4421 720.924
4420 716.924
4465 344.956
4463 336.956
4550 332.956
4462 332.956
4449 308.956
4452 308.956
4505 704.924
4504 700.924
4503 696.924
4506 708.924
4508 716.924
4497 672.924
4496 668.924
4407 664.924
4499 680.924
4498 676.924
4501 688.924
4500 684.924
4502 692.924
4488 636.924
4487 632.924
4398 628.924
4306 623.924
4485 624.924
4484 620.924
4486 628.924
4539 304.956
4541 304.956
4626 300.956
4708 296.956
4529 800.924
4528 796.924
4527 792.924
4531 808.924
4530 804.924
4533 351.956
4532 812.924
4534 355.956
4521 768.924
4523 776.924
4522 772.924
4525 784.924
4524 780.924
4526 788.924
4571 624.924
4570 620.924
4483 616.924
4573 632.924
4572 628.924
4575 640.924
4574 636.924
4553 344.956
4552 340.956
4554 348.956
4546 316.956
4631 312.956
4713 308.956
4549 328.956
4593 712.924
4592 708.924
4587 688.924
4589 696.924
4591 704.924
4590 700.924
4576 644.924
4632 316.956
4714 312.956
4639 344.956
4721 340.956
4720 336.956
4807 332.956
4892 328.956
4976 324.956
5059 320.956
5140 316.956
4638 340.956
4617 808.924
4616 804.924
4619 355.956
4618 812.924
4621 301.956
4623 300.956
4705 296.956
4609 776.924
4608 772.924
4611 784.924
4610 780.924
4613 792.924
4612 788.924
4615 800.924
4614 796.924
4657 628.924
4656 624.924
4659 636.924
4658 632.924
4660 640.924
4642 356.956
4641 352.956
4723 348.956
4722 344.956
4697 788.924
4699 796.924
4698 792.924
4701 804.924
4700 800.924
4702 808.924
4681 724.924
4680 720.924
4683 732.924
4682 728.924
4684 736.924
4674 696.924
4673 692.924
4677 708.924
4676 704.924
4679 716.924
4678 712.924
4730 379.956
4725 356.956
4812 352.956
4724 352.956
4811 348.956
4896 344.956
4980 340.956
4979 336.956
4978 332.956
4977 328.956
5060 324.956
5141 320.956
4717 324.956
4716 320.956
4718 328.956
4763 701.924
4765 709.924
4767 717.924
4766 713.924
4747 637.924
4746 633.924
4749 645.924
4748 641.924
4750 649.924
4661 644.924
4794 292.956
4785 789.924
4696 784.924
4787 797.924
4786 793.924
4789 805.924
4788 801.924
4791 813.924
4790 809.924
4769 725.924
4768 721.924
4771 733.924
4772 737.924
4817 372.956
4816 368.956
4815 364.956
4818 376.956
4903 372.956
4987 368.956
5070 364.956
4809 340.956
4808 336.956
4810 344.956
4895 340.956
4803 316.956
4804 320.956
4806 328.956
4891 324.956
4975 320.956
4974 316.956
4973 312.956
4972 308.956
4971 304.956
4970 300.956
4969 296.956
4968 292.956
4860 745.924
4859 741.924
4863 757.924
4862 753.924
4775 749.924
4686 744.924
4685 740.924
4853 717.924
4852 713.924
4855 725.924
4854 721.924
4843 677.924
4842 673.924
4755 669.924
4666 664.924
4665 660.924
4664 656.924
4663 652.924
4662 648.924
4835 645.924
4839 661.924
4752 657.924
4889 316.956
4888 312.956
4893 332.956
4894 336.956
4881 288.956
4965 284.956
4887 308.956
4873 797.924
4872 793.924
4871 789.924
4784 785.924
4695 780.924
4694 776.924
4693 772.924
4692 768.924
4606 764.924
4519 760.924
4875 805.924
4874 801.924
4877 813.924
4876 809.924
4879 288.956
4963 284.956
5047 280.956
5129 276.956
5208 272.956
5295 268.956
4864 761.924
4777 757.924
4918 641.924
4917 637.924
4901 364.956
4985 360.956
4984 356.956
4900 360.956
4902 368.956
4986 364.956
4957 797.924
4956 793.924
4959 805.924
4958 801.924
4945 749.924
4944 745.924
4947 757.924
4946 753.924
4949 765.924
4948 761.924
4950 769.924
4937 717.924
4936 713.924
4851 709.924
4764 705.924
4675 700.924
4939 725.924
4938 721.924
4940 729.924
4942 737.924
4941 733.924
4856 729.924
4982 348.956
4961 813.924
4960 809.924
5020 718.924
5022 726.924
5011 682.924
4927 677.924
5015 698.924
4931 693.924
4846 689.924
4759 685.924
4670 680.924
4584 676.924
4583 672.924
5051 288.956
5053 296.956
5052 292.956
5055 304.956
5136 300.956
5041 802.924
5040 798.924
5043 810.924
5042 806.924
5045 280.956
5044 814.924
5033 770.924
5032 766.924
5027 746.924
4943 741.924
4858 737.924
5026 742.924
5031 762.924
5030 758.924
5065 344.956
5057 312.956
5056 308.956
5061 328.956
5063 336.956
5062 332.956
5143 328.956
5113 766.924
5112 762.924
5111 758.924
5029 754.924
5101 718.924
5100 714.924
5099 710.924
5098 706.924
5097 702.924
5096 698.924
5095 694.924
5013 690.924
4929 685.924
4844 681.924
4757 677.924
4668 672.924
4667 668.924
4581 664.924
4580 660.924
4493 656.924
4404 652.924
4312 647.924
4311 643.924
4219 639.924
4218 635.924
4125 631.924
4035 626.924
5102 722.924
5093 686.924
5094 690.924
5012 686.924
4928 681.924
5144 332.956
5137 304.956
5139 312.956
5138 308.956
5142 324.956
5128 276.956
5207 272.956
5133 288.956
5132 284.956
5123 806.924
5125 814.924
5124 810.924
5126 818.924
5176 702.924
5175 698.924
5211 280.956
5298 276.956
5297 272.956
5213 288.956
5300 284.956
5391 280.956
5481 276.956
5566 272.956
5565 268.956
5564 264.956
5640 260.956
5639 256.956
5212 284.956
5299 280.956
5390 276.956
5480 272.956
5205 818.924
5204 814.924
5193 770.924
5192 766.924
5191 762.924
5194 774.924
5275 771.924
5274 767.924
5276 775.924
5305 304.956
5304 300.956
5395 296.956
5485 292.956
5570 288.956
5569 284.956
5645 280.956
5724 276.956
5723 272.956
5307 312.956
5398 308.956
5397 304.956
5487 300.956
5572 296.956
5571 292.956
5647 288.956
5726 284.956
5801 280.956
5800 276.956
5799 272.956
5873 268.956
5872 264.956
5306 308.956
5309 320.956
5308 316.956
5311 328.956
5402 324.956
5492 320.956
5577 316.956
5576 312.956
5652 308.956
5731 304.956
5806 300.956
5805 296.956
5804 292.956
5803 288.956
5802 284.956
5310 324.956
5401 320.956
5491 316.956
5303 296.956
5302 292.956
5287 819.924
5361 767.924
5273 763.924
5190 758.924
5110 754.924
5109 750.924
5108 746.924
5400 316.956
5399 312.956
5393 288.956
5394 292.956
5484 288.956
5396 300.956
5380 264.956
5382 264.956
5472 260.956
5557 256.956
5634 252.956
5714 248.956
5789 244.956
5864 240.956
5939 236.956
5465 819.924
5373 815.924
5372 811.924
5371 807.924
5283 803.924
5489 308.956
5574 304.956
5573 300.956
5488 304.956
5490 312.956
5575 308.956
5493 324.956
5578 320.956
5654 316.956
5733 312.956
5808 308.956
5807 304.956
5483 284.956
5486 296.956
5554 256.956
5631 252.956
5711 248.956
5786 244.956
5860 240.956
5935 236.956
6014 232.956
6094 228.956
6172 224.956
6246 220.956
6323 216.956
6402 212.956
6484 208.956
6566 204.956
6645 200.956
6723 196.956
6798 192.956
6869 188.956
6941 184.956
7017 180.956
7087 176.956
7156 172.956
7222 168.956
7288 164.956
7357 160.956
7425 156.956
5585 346.849
5661 342.849
5740 338.849
5815 334.849
5889 330.849
5962 326.849
6042 322.849
6122 318.849
6199 314.849
6273 310.849
6350 306.849
6428 302.849
5579 324.956
5655 320.956
5734 316.956
5809 312.956
5883 308.956
5882 304.956
5881 300.956
5954 296.956
6034 292.956
6114 288.956
6191 284.956
6265 280.956
6342 276.956
6341 272.956
6340 268.956
6339 264.956
6338 260.956
6337 256.956
6415 252.956
6497 248.956
6496 244.956
6495 240.956
6577 236.956
6656 232.956
6734 228.956
6809 224.956
6880 220.956
6879 216.956
6949 212.956
7023 208.956
7094 204.956
7164 200.956
7230 196.956
7296 192.956
7295 188.956
7364 184.956
7432 180.956
7431 176.956
7497 172.956
7568 168.956
7567 164.956
7566 160.956
7565 156.956
7564 152.956
5580 328.956
5656 324.956
5735 320.956
5568 280.956
5626 820.924
5549 815.924
5463 811.924
5657 328.956
5659 336.956
5658 332.956
5660 339.849
5739 335.849
5814 331.849
5888 327.849
5961 323.849
6041 319.849
6121 315.849
6198 311.849
6272 307.849
6349 303.849
6427 299.849
6509 295.849
5662 346.849
5741 342.849
5816 338.849
5649 296.956
5648 292.956
5651 304.956
5650 300.956
5729 296.956
5644 276.956
5646 284.956
5695 780.924
5615 776.924
5538 771.924
5452 767.924
5360 763.924
5272 759.924
5189 754.924
5188 750.924
5725 280.956
5727 288.956
5737 328.956
5736 324.956
5738 332.956
5813 328.956
5887 324.956
5960 320.956
6040 316.956
6120 312.956
6119 308.956
6196 304.956
6270 300.956
6347 296.956
6425 292.956
6507 288.956
6589 284.956
6668 280.956
6667 276.956
6745 272.956
6820 268.956
6819 264.956
6818 260.956
6817 256.956
6888 252.956
6887 248.956
6886 244.956
6885 240.956
6884 236.956
6883 232.956
6882 228.956
6881 224.956
5728 292.956
5730 300.956
5788 244.956
5811 320.956
5810 316.956
5884 312.956
5812 324.956
5880 296.956
5953 292.956
6033 288.956
6113 284.956
6112 280.956
6111 276.956
6110 272.956
6109 268.956
6108 264.956
6185 260.956
6259 256.956
6336 252.956
6335 248.956
6413 244.956
5885 316.956
5886 320.956
5959 316.956
6039 312.956
5875 280.956
5874 276.956
5877 284.956
5876 280.956
5949 276.956
6029 272.956
5879 292.956
5952 288.956
5951 284.956
5950 280.956
6030 276.956
5878 288.956
5863 240.956
5955 300.956
6035 296.956
6115 292.956
6192 288.956
6266 284.956
5957 308.956
6037 304.956
6117 300.956
6194 296.956
6193 292.956
5956 304.956
6036 300.956
6116 296.956
5958 312.956
6001 62
6082 57
6158 53
6159 49
6160 45
6235 41
6310 36
6311 32
6388 28
6389 24
6000 825.924
5927 821.924
5926 817.924
5925 813.924
5851 809.924
5776 804.924
5700 800.924
5699 796.924
5698 792.924
5697 788.924
5617 784.924
5540 779.924
5454 775.924
5362 771.924
6003 54
6084 49
6085 45
6002 58
6083 53
6004 50
6032 284.956
6038 308.956
6118 304.956
6027 264.956
6026 260.956
6031 280.956
6016 232.956
6096 228.956
6173 224.956
6081 61
6157 57
6161 41
6236 37
6155 826.924
6079 821.924
5998 817.924
6156 61
6231 57
6306 52
6383 48
6461 44
6195 300.956
6197 308.956
6187 268.956
6186 264.956
6189 276.956
6188 272.956
6190 280.956
6233 49
6308 44
6309 40
6232 53
6307 48
6384 44
6462 40
6463 36
6464 32
6465 28
6466 24
6234 45
6237 33
6312 28
6230 826.924
6229 822.924
6153 818.924
6077 813.924
6076 809.924
5995 805.924
5922 801.924
5848 797.924
5773 792.924
6264 276.956
6267 288.956
6269 296.956
6346 292.956
6424 288.956
6506 284.956
6588 280.956
6268 292.956
6271 304.956
6261 264.956
6263 272.956
6262 268.956
6247 220.956
6324 216.956
6317 12
6305 56
6345 288.956
6344 284.956
6343 280.956
6348 300.956
6351 310.849
6392 12
6395 8
6472 4
6394 8
6385 40
6386 36
6387 32
6391 16
6381 56
6459 52
6460 48
6380 827.924
6303 822.924
6228 818.924
6152 814.924
6382 52
6426 296.956
6508 292.956
6417 260.956
6499 256.956
6498 252.956
6580 248.956
6659 244.956
6658 240.956
6736 236.956
6735 232.956
6416 256.956
6418 264.956
6421 276.956
6503 272.956
6585 268.956
6664 264.956
6742 260.956
6420 272.956
6419 268.956
6501 264.956
6583 260.956
6662 256.956
6740 252.956
6815 248.956
6423 284.956
6505 280.956
6587 276.956
6666 272.956
6665 268.956
6743 264.956
6422 280.956
6409 228.956
6491 224.956
6411 236.956
6410 232.956
6412 240.956
6494 236.956
6576 232.956
6655 228.956
6654 224.956
6653 220.956
6652 216.956
6651 212.956
6401 212.956
6483 208.956
6458 56
6475 16
6474 12
6477 24
6476 20
6478 28
6467 20
6469 12
6470 8
6504 276.956
6500 260.956
6502 268.956
6539 52
6540 48
6541 44
6584 264.956
6586 272.956
6590 288.956
6579 244.956
6581 252.956
6582 256.956
6661 252.956
6660 248.956
6738 244.956
6813 240.956
6575 228.956
6565 204.956
6644 200.956
6619 52
6618 56
6620 48
6623 36
6624 32
6625 28
6626 24
6622 40
6633 9
6635 17
6637 25
6636 21
6639 33
6627 20
6628 16
6629 12
6630 8
6663 260.956
6713 21
6712 17
6711 13
6715 29
6714 25
6717 37
6705 20
6706 16
6707 12
6704 24
6699 44
6701 36
6700 40
6703 28
6702 32
6744 268.956
6746 276.956
6737 240.956
6739 248.956
6741 256.956
6733 224.956
6732 220.956
6807 216.956
6878 212.956
6948 208.956
7022 204.956
7093 200.956
7163 196.956
7229 192.956
6777 36
6778 32
6779 28
6780 24
6781 20
6782 16
6776 40
6771 60
6770 832.924
6694 828.924
6616 823.924
6615 819.924
6614 815.924
6534 811.924
6452 807.924
6374 803.924
6297 798.924
6222 794.924
6146 790.924
6070 785.924
6069 781.924
6068 777.924
6067 773.924
5986 769.924
5913 765.924
5912 761.924
5838 757.924
5763 752.924
5687 748.924
5607 744.924
5530 739.924
5529 735.924
5528 731.924
5527 727.924
5526 723.924
5525 719.924
5439 715.924
5438 711.924
5437 707.924
5436 703.924
5435 699.924
5434 695.924
5342 691.924
5254 687.924
5171 682.924
5091 678.924
5009 674.924
4925 669.924
4924 665.924
6773 52
6772 56
6775 44
6774 48
6811 232.956
6810 228.956
6812 236.956
6814 244.956
6793 41
6794 45
6784 12
6787 17
6789 25
6788 21
6791 33
6790 29
6843 64
6845 56
6846 52
6847 48
6848 44
6849 40
6850 36
6851 32
6844 60
6816 252.956
6864 38
6866 46
6870 188.956
6942 184.956
6861 26
6860 22
6863 34
6862 30
6853 24
6852 28
6854 20
6910 128
6889 256.956
6890 260.956
6893 272.956
6936 42
6935 38
6934 34
6940 184.956
7016 180.956
7086 176.956
6933 30
6932 26
6921 40
6922 36
6920 44
6923 32
6925 24
6924 28
6915 64
6916 60
6917 56
6918 52
6919 48
6914 68
6953 228.956
6952 224.956
6951 220.956
7025 216.956
7096 212.956
7095 208.956
6954 232.956
6957 244.956
6956 240.956
6955 236.956
7029 232.956
7100 228.956
7099 224.956
7098 220.956
7168 216.956
7234 212.956
7300 208.956
6959 252.956
6958 248.956
6950 216.956
7000 28
7004 24
6993 56
6994 52
6995 48
6992 60
6997 40
6996 44
6999 32
6998 36
6989 72
6990 68
6991 64
7033 248.956
7032 244.956
7034 252.956
7024 212.956
7027 224.956
7026 220.956
7028 228.956
7031 240.956
7102 236.956
7101 232.956
7030 236.956
7018 180.956
7088 176.956
7157 172.956
7009 34
7011 42
7010 38
7013 50
7012 46
7014 54
7065 52
7064 56
7067 44
7066 48
7069 36
7070 32
7068 40
7057 82
7059 76
7060 72
7058 78
7061 68
7063 60
7062 64
7049 113
7050 109
7051 105
7048 117
7053 97
7052 101
7054 93
7045 129
7046 125
7047 121
7044 133
7097 216.956
7090 180.956
7159 176.956
7224 172.956
7081 43
7080 39
7083 51
7082 47
7085 176.956
7084 55
7073 28
7003 24
7074 28
7129 72
7130 68
7131 64
7132 60
7133 56
7134 52
7128 76
7135 48
7136 44
7137 40
7121 101
7120 105
7125 86
7126 82
7124 89
7127 80
7113 133
7114 129
7115 125
7117 117
7118 113
7116 121
7119 109
7162 188.956
7227 184.956
7293 180.956
7292 176.956
7361 172.956
7429 168.956
7495 164.956
7165 204.956
7167 212.956
7233 208.956
7299 204.956
7368 200.956
7166 208.956
7232 204.956
7298 200.956
7297 196.956
7153 59
7152 55
7151 51
7150 47
7149 43
7155 172.956
7221 168.956
7138 36
7143 32
7142 32
7193 76
7192 80
7195 68
7194 72
7197 60
7198 56
7199 52
7200 48
7196 64
7185 105
7184 109
7187 97
7189 90
7190 86
7188 93
7191 84
7177 137
7178 133
7176 248.956
7175 244.956
7241 240.956
7307 236.956
7376 232.956
7375 228.956
7374 224.956
7179 129
7181 121
7182 117
7183 113
7180 125
7169 220.956
7171 228.956
7237 224.956
7303 220.956
7170 224.956
7236 220.956
7302 216.956
7174 240.956
7228 188.956
7294 184.956
7363 180.956
7231 200.956
7217 59
7216 55
7218 63
7220 168.956
7208 36
7215 51
7201 44
7202 40
7205 36
7207 36
7257 88
7256 90
7259 80
7260 76
7261 72
7262 68
7263 64
7264 60
7258 84
7249 117
7250 113
7248 121
7240 236.956
7306 232.956
7243 141
7244 137
7242 244.956
7245 133
7247 125
7235 216.956
7291 172.956
7360 168.956
7428 164.956
7494 160.956
7290 168.956
7359 164.956
7280 47
7285 67
7287 164.956
7356 160.956
7272 40
7275 40
7274 40
7265 56
7266 52
7267 48
7268 44
7271 40
7323 94
7325 88
7326 84
7327 80
7328 76
7329 72
7330 68
7331 64
7319 109
7320 105
7321 101
7254 97
7305 228.956
7310 145
7301 212.956
7353 72
7349 56
7348 52
7351 64
7350 60
7339 44
7338 44
7341 44
7342 44
7333 56
7332 60
7335 48
7334 52
7362 176.956
7365 188.956
7367 196.956
7366 192.956
7417 56
7419 64
7418 60
7420 68
7423 156.956
7411 48
7410 48
7401 60
7400 64
7403 52
7402 56
7407 48
7406 48
7395 84
7396 80
7397 76
7398 72
7399 68
7394 88
7441 216.956
7507 212.956
7578 208.956
7651 204.956
7723 200.956
7796 196.956
7440 212.956
7439 208.956
7505 204.956
7576 200.956
7575 196.956
7574 192.956
7573 188.956
7572 184.956
7645 180.956
7644 176.956
7442 220.956
7508 216.956
7579 212.956
7438 204.956
7427 160.956
7493 156.956
7430 172.956
7483 60
7485 68
7484 64
7486 72
7472 52
7475 52
7476 52
7465 68
7466 64
7464 72
7467 60
7468 56
7471 52
7461 84
7463 76
7462 80
7517 129
7450 125
7504 200.956
7506 208.956
7509 220.956
7580 216.956
7496 168.956
7498 176.956
7501 188.956
7500 184.956
7503 196.956
7502 192.956
7490 152.956
7561 148.956
7551 65
7539 56
7538 56
7543 56
7542 56
7529 84
7531 76
7530 80
7533 68
7532 72
7535 60
7534 64
7582 157
7444 149
7445 145
7380 141
7312 137
7569 172.956
7553 73
7552 69
7555 81
7554 77
7559 148.956
7608 60
7611 60
7610 60
7615 60
7614 60
7603 76
7604 72
7605 68
7606 64
7592 117
7521 113
7454 109
7389 105
7640 160.956
7712 156.956
7647 188.956
7719 184.956
7792 180.956
7865 176.956
7646 184.956
7634 144.956
7637 148.956
7709 144.956
7782 140.956
7639 156.956
7638 152.956
7710 148.956
7625 77
7624 73
7623 69
7627 85
7626 81
7629 92.956
7630 96.956
7677 72
7678 68
7648 192.956
7654 216.956
7653 212.956
7725 208.956
7724 204.956
7797 200.956
7711 152.956
7699 85
7698 81
7700 89
7703 100.956
7702 96.956
7688 64
7680 64
7683 64
7682 64
7685 64
7687 64
7720 188.956
7715 168.956
7714 164.956
7717 176.956
7716 172.956
7718 180.956
7791 176.956
7790 172.956
7863 168.956
7862 164.956
7861 160.956
7773 93
7772 89
7775 100.956
7760 68
7762 68
7752 68
7755 68
7754 68
7757 68
7759 68
7793 184.956
7866 180.956
7784 148.956
7857 144.956
7856 140.956
7787 160.956
7789 168.956
7788 164.956
7776 104.956
7779 137.956
7778 111.956
7783 144.956
7833 72
7832 72
7835 72
7825 72
7827 72
7828 72
7830 72
7864 172.956
7871 201.211
10012 199.364
7859 152.956
7860 156.956
7849 105.956
7850 109.956
7852 116.956
7855 136.956
7844 86
7847 98
7846 94
7901 76
7900 76
7903 76
7923 113.956
7917 90
7905 76
7906 76
7994 117.956
7996 124.956
7999 136.956
7998 132.956
7988 94
7976 80
7978 80
7971 80
7972 80
7974 80
8008 172.956
8013 196.294
8012 192.294
10115 188.013
8007 168.956
8006 164.956
8036 84
8073 184.956
8072 180.956
8071 176.956
8074 192.307
10077 189.185
8069 168.956
8121 141.956
8120 137.956
8123 149.956
