 key  value
8122 423.968
8063 419.968
8001 415.968
8002 411.968
8003 407.968
8004 403.968
8005 399.968
8006 395.968
8007 391.968
8008 387.968
8009 383.968
8010 379.968
8011 375.968
7942 368.968
7869 364.968
7796 360.968
7797 356.968
7724 352.968
7652 348.968
7653 344.968
7580 340.968
7509 336.968
7443 332.968
7375 328.968
7306 324.968
7240 320.968
7174 316.968
7104 312.968
7033 308.968
6959 304.968
6889 300.968
6818 296.968
6743 292.968
6665 288.968
6586 284.968
6504 280.968
6422 276.968
6344 272.968
6267 268.968
6193 264.968
6116 260.968
6036 256.968
5956 252.968
5883 248.968
5809 244.968
5734 240.968
5655 236.968
5579 232.968
5494 228.968
5404 224.968
5313 220.968
5226 216.968
5147 212.968
5066 208.968
4983 204.968
4899 200.968
4814 196.968
4727 189.968
4728 185.968
4729 181.968
9898 177.451
4643 172
4557 168
4469 164
4380 160
4289 156
4196 152
4105 148
4016 144
3928 140
3839 136
3750 132
3665 128
3582 124
3497 120
3409 116
3319 112
3225 108
3133 104
3043 100
2939 96
2838 92
2750 88
2661 84
2574 80
2489 76
2404 72
2319 68
2232 64
2147 60
2058 56
1968 52
1880 48
1797 44
1707 40
1610 36
1517 32
1420 28
1330 24
1247 20
1163 16
1091 12
1021 8
949 4
8125 411.968
8066 407.968
8124 415.968
8127 403.968
8068 399.968
8126 407.968
8113 446.127
8054 442.127
8055 438.127
8056 434.127
7994 430.127
7924 426.127
7925 422.127
7926 418.127
7927 414.127
7853 410.127
7780 406.127
7706 402.127
7634 398.127
7561 394.127
7490 390.127
7423 386.127
7355 382.127
7286 378.127
7220 374.127
7155 370.127
7086 366.127
7016 362.127
6940 358.127
6869 354.127
6798 350.127
6723 346.127
6645 342.127
6566 338.127
6484 334.127
6402 330.127
6324 326.127
6247 322.127
6173 318.127
6096 314.127
6016 310.127
5937 306.127
5863 302.127
5789 298.127
5714 294.127
5635 290.127
5559 286.127
5474 282.127
5384 278.127
5293 274.127
5206 270.127
5127 266.127
5046 262.127
4963 258.127
4879 254.127
4793 250.127
4706 246.127
4624 242.127
4539 238.127
4451 234.127
4362 230.127
4272 226.127
4179 222.127
4089 218.127
4000 214.127
3912 210.127
3824 206.127
3737 202.127
3655 198.127
3570 194.127
3490 190.127
3405 186.127
3310 182.127
3215 178.127
3121 174.127
3029 170.127
3030 166.127
2928 162.127
2831 158.127
2743 154.127
2655 150.127
2568 146.127
2484 142.127
2398 138.127
2399 134.127
2312 127.127
2135 119.127
2044 112.127
2045 108.127
1956 104.127
1957 100.127
1873 96.127
1787 92.127
1788 88.127
1789 84.127
1790 80.127
1791 76.127
1792 72.127
1793 68.127
1700 61.127
1604 57.232
1605 53.232
1414 36
1415 32
1325 28
1326 24
1243 20
1160 16
1088 12
1019 8
948 4
8112 450.127
8115 438.127
8114 442.127
8117 430.127
8118 426.127
8059 422.127
7997 418.127
8116 434.127
8119 426.127
8060 422.127
7998 418.127
7928 414.127
7854 410.127
7781 406.127
7708 402.127
7635 398.127
8105 478.127
8106 474.127
8047 470.127
8048 466.127
7986 462.127
7987 458.127
7917 454.127
7918 450.127
7919 446.127
7920 442.127
7921 438.127
7922 434.127
7923 430.127
8104 482.127
8045 478.127
8046 474.127
8107 470.127
8109 462.127
8050 458.127
8051 454.127
8052 450.127
8053 446.127
8108 466.127
8049 462.127
8111 454.127
8110 458.127
8097 510.127
8038 506.127
7976 502.127
7977 498.127
7978 494.127
7908 490.127
7909 486.127
7910 482.127
7911 478.127
7912 474.127
7913 470.127
7914 466.127
7915 462.127
7916 458.127
8096 514.127
8037 510.127
7975 506.127
7905 502.127
7906 498.127
7907 494.127
8099 502.127
8040 498.127
8098 506.127
8039 502.127
8101 494.127
8042 490.127
8043 486.127
8044 482.127
8100 498.127
8103 486.127
8102 490.127
8155 510.127
8157 502.127
8158 498.127
8156 506.127
8159 494.127
8160 490.127
8161 486.127
8162 482.127
8136 586.127
8137 582.127
8138 578.127
8081 574.127
8022 570.127
8023 566.127
8024 562.127
8025 558.127
7963 554.127
7893 550.127
7894 546.127
7895 542.127
7896 538.127
7897 534.127
7898 530.127
7899 526.127
7900 522.127
7901 518.127
7902 514.127
7903 510.127
7904 506.127
8128 399.968
8129 395.968
8130 391.968
8131 387.968
8072 383.968
8073 379.968
8185 403.968
8186 399.968
8187 395.968
8184 407.968
8177 430.127
8120 426.127
8061 422.127
8176 430.127
8179 427.968
8180 423.968
8181 419.968
8182 415.968
8178 430.127
8183 411.968
8169 454.127
8170 450.127
8171 446.127
8168 458.127
8173 438.127
8172 442.127
8175 430.127
8174 434.127
8163 478.127
8165 470.127
8166 466.127
8164 474.127
8167 462.127
8217 494.127
8218 490.127
8219 486.127
8220 482.127
8216 498.127
8221 478.127
8223 470.127
8222 474.127
8215 502.127
8214 506.127
8241 411.968
8242 407.968
8243 403.968
8244 399.968
8240 415.968
8233 434.127
8232 434.127
8235 434.127
8234 434.127
8237 427.968
8238 423.968
8239 419.968
8236 431.968
8225 462.127
8226 458.127
8227 454.127
8228 450.127
8224 466.127
8229 446.127
8230 442.127
8231 438.127
8281 454.127
8280 458.127
8283 446.127
8282 450.127
8285 438.127
8284 442.127
8287 438.127
8286 438.127
8273 486.127
8272 490.127
8275 478.127
8274 482.127
8277 470.127
8278 466.127
8279 462.127
8276 474.127
91 85
92 81
93 77
114 73
129 68
130 64
148 60
149 56
150 52
179 48
217 44
263 39
314 35
370 31
432 26
496 22
567 18
639 13
709 9
786 5
8269 502.127
8268 506.127
8271 494.127
8270 498.127
8319 502.127
8320 498.127
8321 494.127
8318 506.127
8298 399.968
8299 395.968
8246 391.968
8189 387.968
8132 383.968
125 84
126 80
127 76
145 72
174 68
212 64
258 59
259 55
260 51
261 47
312 43
313 39
369 35
431 30
8289 435.968
113 77
128 72
8288 438.127
112 81
8291 427.968
115 69
8290 431.968
8293 419.968
8292 423.968
8294 415.968
8344 415.968
8345 411.968
8346 407.968
8347 403.968
8348 399.968
8349 401.802
9963 399.837
110 89
8337 442.127
8336 442.127
8339 435.968
8340 431.968
8341 427.968
8338 439.968
8343 419.968
8342 423.968
8329 462.127
8330 458.127
8331 454.127
8332 450.127
8328 466.127
8333 446.127
8334 442.127
8335 442.127
144 76
173 72
211 68
257 63
308 59
364 55
426 50
427 46
491 42
492 38
493 34
494 30
565 26
637 21
638 17
8323 486.127
8324 482.127
147 64
8322 490.127
146 68
175 64
213 60
8325 478.127
8326 474.127
8327 470.127
8377 466.127
8378 462.127
8376 470.127
8379 458.127
8380 454.127
8381 450.127
8382 446.127
8383 446.127
143 80
172 76
210 72
256 67
8369 498.127
8368 502.127
8371 490.127
8372 486.127
131 60
8370 494.127
8373 482.127
133 55
151 51
180 47
218 43
264 38
315 34
371 30
433 25
497 21
568 17
640 12
710 8
787 4
8375 474.127
8374 478.127
177 56
215 52
176 60
214 56
178 52
181 46
219 42
265 37
316 33
372 29
434 24
498 20
569 16
8393 415.968
216 48
262 43
8385 446.127
209 76
255 71
8384 446.127
8387 439.968
8388 435.968
8386 443.968
8389 431.968
8391 423.968
8392 419.968
8390 427.968
8441 423.968
8442 419.968
8440 427.968
8433 450.127
8432 450.127
8435 447.968
8436 443.968
8437 439.968
8434 450.127
8439 431.968
8438 435.968
8425 474.127
8424 478.127
8427 466.127
8428 462.127
8429 458.127
8426 470.127
8431 450.127
8430 454.127
254 75
305 71
361 67
423 62
487 58
558 54
630 49
700 45
701 41
702 37
703 33
704 29
705 25
782 21
867 16
868 12
869 8
870 4
8419 498.127
8420 494.127
8418 502.127
8421 490.127
8422 486.127
8423 482.127
8473 474.127
8474 470.127
8472 478.127
8475 466.127
8477 458.127
8478 454.127
8476 462.127
8479 454.127
8467 498.127
8468 494.127
8466 502.127
8469 490.127
8471 482.127
8470 486.127
266 36
317 32
373 28
8499 558.127
8453 554.127
8406 550.127
8407 546.127
8408 542.127
8409 538.127
8360 534.127
8312 530.127
8263 526.127
8264 522.127
8211 518.127
8154 514.127
8500 554.127
8501 550.127
8455 546.127
319 32
375 28
436 24
499 20
318 32
8481 454.127
8480 454.127
8483 447.968
307 63
8482 451.968
306 67
8485 439.968
309 55
310 51
311 47
8484 443.968
8487 431.968
8486 435.968
299 114
300 110
356 106
417 101
479 97
480 93
550 86
622 81
623 77
624 73
625 69
626 65
627 61
628 57
629 53
699 49
8529 451.968
8528 455.968
8531 443.968
8532 439.968
8533 435.968
8534 431.968
8535 427.968
8489 423.968
8530 447.968
8521 470.127
8522 466.127
8523 462.127
8520 474.127
8525 458.127
8524 458.127
8527 458.127
8526 458.127
8515 494.127
8514 498.127
8517 486.127
8516 490.127
8519 478.127
8518 482.127
8569 462.127
8568 462.127
8571 462.127
8570 462.127
8573 455.968
8574 451.968
8575 447.968
8576 443.968
8577 439.968
8572 459.968
8561 490.127
8560 494.127
8563 482.127
8564 478.127
8562 486.127
8565 474.127
8566 470.127
8567 466.127
368 39
430 34
374 28
435 24
360 71
422 66
363 59
425 54
362 63
424 58
8605 490.127
365 51
8604 494.127
8607 482.127
367 43
429 38
8606 486.127
366 47
428 42
353 118
414 113
476 109
477 105
478 101
8589 554.127
8546 550.127
8547 546.127
8548 542.127
8504 538.127
8458 534.127
8411 530.127
8412 526.127
8413 522.127
8364 518.127
8316 514.127
8267 510.127
413 117
475 113
8588 558.127
8545 554.127
412 121
8590 550.127
8591 546.127
8592 542.127
8549 538.127
8550 534.127
8551 530.127
8552 526.127
8553 522.127
8509 518.127
8510 514.127
8511 510.127
8465 506.127
8632 550.127
8633 546.127
8631 554.127
8630 558.127
8617 455.968
8618 451.968
8616 459.968
8619 447.968
8609 474.127
8608 478.127
8611 466.127
8610 470.127
8613 466.127
8612 466.127
8615 463.968
8614 466.127
8671 554.127
8672 550.127
8670 558.127
8657 463.968
8656 467.968
416 105
8659 455.968
8658 459.968
8661 447.968
8662 443.968
8621 439.968
8622 435.968
8623 431.968
8580 427.968
8581 423.968
8537 419.968
8491 415.968
8444 411.968
8445 407.968
8396 403.968
421 70
8660 451.968
420 74
484 70
485 66
486 62
8649 482.127
473 121
474 117
8648 486.127
8651 474.127
8650 478.127
8653 470.127
8652 470.127
8655 470.127
8654 470.127
469 137
470 133
471 129
472 125
8647 490.127
8646 494.127
8697 463.968
8698 459.968
8696 467.968
8699 455.968
8700 451.968
8701 447.968
8702 443.968
8703 439.968
8664 435.968
8689 482.127
8691 474.127
8690 478.127
8693 474.127
8692 474.127
8695 471.968
8694 474.127
8686 494.127
8687 490.127
8729 478.127
489 50
490 46
8728 482.127
488 54
559 50
631 45
8731 478.127
8730 478.127
8733 475.968
8734 471.968
8732 478.127
8735 467.968
495 26
483 74
554 70
8726 490.127
8727 486.127
537 138
609 133
610 129
611 125
612 121
613 117
614 113
615 109
616 105
617 101
618 97
619 93
620 89
621 85
539 130
538 134
541 122
540 126
543 114
542 118
8711 550.127
8673 546.127
8674 542.127
8635 538.127
8594 534.127
8710 554.127
8763 490.127
8765 482.127
8764 486.127
8767 482.127
8766 482.127
8747 554.127
8746 558.127
570 16
641 12
711 8
8748 550.127
8712 546.127
8713 542.127
8714 538.127
8676 534.127
8637 530.127
8596 526.127
8737 459.968
8738 455.968
8739 451.968
8736 463.968
563 34
635 29
636 25
706 21
707 17
708 13
564 30
566 22
553 74
552 78
555 66
557 58
556 62
545 106
544 110
8787 554.127
8788 550.127
8749 546.127
547 98
8786 558.127
546 102
551 82
8776 451.968
8777 447.968
8741 443.968
605 149
606 145
607 141
608 137
8780 450.331
9950 444.669
8704 439.968
8665 435.968
8769 479.968
8768 482.127
8771 471.968
8770 475.968
8773 463.968
8772 467.968
8775 455.968
8774 459.968
8827 554.127
8828 550.127
8829 546.127
8830 542.127
8831 538.127
8832 534.127
8833 530.127
8834 526.127
8835 522.127
8836 518.127
8797 514.127
8758 510.127
8722 506.127
8723 502.127
8724 498.127
8725 494.127
8816 451.968
8809 479.968
8810 475.968
8811 471.968
8812 467.968
8813 463.968
8814 459.968
8815 455.968
8808 483.968
8801 498.127
8762 494.127
8800 502.127
8803 490.127
8804 486.127
8805 486.127
8807 486.127
8806 486.127
8849 479.968
8850 475.968
8848 483.968
8851 471.968
8853 463.968
8852 467.968
8854 459.968
8841 498.127
8842 494.127
8843 490.127
8845 490.127
8844 490.127
8847 487.968
8846 490.127
8890 459.96
9969 456.03
8881 494.127
8880 494.127
8883 487.96
8884 483.96
8885 479.96
8886 475.96
8887 471.96
8888 467.96
8889 463.96
8882 491.96
642 12
8877 498.127
8879 494.127
8878 494.127
689 96
690 92
691 88
692 84
693 80
694 76
695 72
696 68
697 64
688 100
681 128
682 124
683 120
684 116
685 112
686 108
687 104
8920 479.96
680 132
8913 498.127
8912 498.127
8915 498.127
675 152
676 148
677 144
678 140
679 136
8914 498.127
8917 491.96
8918 487.96
8916 495.96
8919 483.96
8911 502.127
8910 506.127
8876 502.127
8953 483.96
8954 479.96
8955 475.96
8922 471.96
8923 467.96
8952 487.96
712 12
788 8
8945 502.127
8944 506.127
8947 502.127
8946 502.127
8949 499.96
8950 495.96
8951 491.96
8948 502.127
761 127
762 123
763 119
764 115
765 111
766 107
767 103
768 99
769 95
770 91
771 87
772 83
773 79
774 75
760 131
753 159
754 155
755 151
756 147
757 143
758 139
759 135
8985 487.96
8984 491.96
8977 506.127
8976 510.127
8979 506.127
8978 506.127
8981 503.96
8982 499.96
8983 495.96
8980 506.127
8975 514.127
8974 518.127
8942 514.127
8909 510.127
8875 506.127
8840 502.127
785 9
784 13
789 12
790 16
9017 487.96
9018 483.96
9019 479.96
9020 475.96
8989 471.96
8957 467.96
8924 463.96
9016 491.96
9009 510.127
9008 510.127
9011 510.127
9010 510.127
9013 503.96
9014 499.96
9012 507.96
9015 495.96
9005 522.127
9007 514.127
8997 554.127
8966 550.127
8967 546.127
8968 542.127
8936 538.127
8903 534.127
8904 530.127
8905 526.127
8906 522.127
8872 518.127
8837 514.127
8798 510.127
8799 506.127
8998 550.127
9041 514.127
9040 514.127
9043 507.96
9042 511.96
9045 499.96
9044 503.96
9047 491.96
9048 487.96
9049 483.96
9050 479.96
9046 495.96
856 93
857 89
858 85
859 81
9037 518.127
9038 514.127
9036 522.127
9039 514.127
849 125
850 121
848 129
851 113
852 109
853 105
854 101
855 97
9029 550.127
9030 546.127
9031 542.127
9001 538.127
8970 534.127
8971 530.127
8972 526.127
8973 522.127
8941 518.127
8908 514.127
8874 510.127
8839 506.127
9028 554.127
841 157
842 153
843 149
844 145
845 141
846 137
847 133
840 161
9073 503.96
9072 507.96
9075 495.96
9076 491.96
9077 487.96
9078 483.96
835 181
836 177
837 173
838 169
839 165
9074 499.96
9065 522.127
9064 526.127
9067 518.127
9066 518.127
9069 518.127
9068 518.127
9071 511.96
9070 515.96
9059 546.127
9058 550.127
9063 530.127
9113 554.127
9114 550.127
9088 546.127
9089 542.127
9090 538.127
9062 534.127
873 8
872 4
875 16
874 12
9117 538.127
9118 534.127
9092 530.127
876 20
9119 530.127
9093 526.127
9094 522.127
9104 495.96
9097 522.127
921 177
9096 522.127
920 181
9099 515.96
923 169
9098 519.96
922 173
9101 507.96
9102 503.96
9103 499.96
9100 511.96
924 165
927 153
928 149
929 145
930 141
926 157
9091 534.127
9095 522.127
9145 538.127
9144 542.127
9147 530.127
9120 526.127
9146 534.127
9149 530.127
9121 526.127
9148 530.127
9151 527.96
9152 523.96
9153 519.96
9126 515.96
9127 511.96
9150 530.127
9123 526.127
9141 554.127
9143 546.127
9128 507.96
952 16
951 12
9130 499.96
954 24
953 20
9133 491.96
9107 487.96
945 16
944 20
947 8
9122 526.127
946 12
9125 519.96
9124 523.96
950 8
9177 527.96
9176 531.96
937 108
938 104
939 100
940 96
936 112
9179 519.96
9154 515.96
9178 523.96
9181 511.96
9182 507.96
9183 503.96
9158 499.96
9159 495.96
9132 491.96
9106 487.96
9180 515.96
9169 546.127
9171 538.127
9172 534.127
931 137
932 133
9170 542.127
9173 534.127
933 129
9175 534.127
935 116
9174 534.127
934 125
9155 511.96
9156 507.96
9157 503.96
9201 531.96
9200 535.96
9203 523.96
9202 527.96
9205 515.96
9206 511.96
9207 507.96
9208 503.96
9184 499.96
9204 519.96
9193 550.127
1017 16
1018 12
9195 542.127
9196 538.127
9197 538.127
9199 538.127
9198 538.127
1022 12
1009 129
1008 133
1011 112
1012 108
1010 116
1015 24
1014 28
9241 546.127
9219 542.127
1001 180
1000 184
9243 543.96
9244 539.96
9245 535.96
9224 531.96
1003 160
1004 156
1005 152
1006 148
9242 546.127
9220 542.127
9247 527.96
9248 523.96
9227 519.96
9228 515.96
9229 511.96
9230 507.96
1007 137
9246 531.96
9225 527.96
9226 523.96
9221 542.127
9223 535.96
9222 539.96
1037 93.952
964 89.952
9999 87.612
963 81.953
1036 77.953
1035 73.953
1103 67.097
1034 60.097
1033 56.097
1032 52.099
10013 51.27
1031 48
1030 44
1029 40
957 36
956 32
955 28
877 24
1027 32
1026 28
1025 24
1024 20
1023 16
1028 36
1081 112
1080 116
1084 28
1087 16
9249 519.96
1073 164
1074 160
1075 156
1077 137
1076 152
1078 137
1097 36
1096 32
1095 28
1094 24
1093 20
1092 16
1099 44
1102 56.58
1089 12
1020 8
1090 12
1145 155
1229 151
1146 147
1147 143
1144 158
1143 162
1142 166
1183 110.952
1106 105.952
1039 101.952
966 97.952
965 93.952
1182 106.952
1105 101.952
1104 97.952
1169 37
1168 33
1171 45
1098 40
1170 41
1173 53
1100 48
1172 49
1161 16
1162 16
1165 21
1167 29
1166 25
1153 116
1152 120
1157 28
1085 24
1016 20
1156 32
1159 20
1158 24
1241 28
1242 24
9421 2034.08
9422 1936.08
9423 1838.08
9424 1740.08
9442 1565.08
9443 1466.08
9461 1331.08
9477 1225.08
9494 1118.08
9512 986.083
9531 879.083
9551 772.083
6006 583.083
6087 578.083
6163 574.083
6238 570.083
6313 565.083
6314 561.083
6315 557.083
6316 553.083
6317 549.083
6395 542.083
6474 535.083
6555 531.083
6635 526.083
6713 522.083
6714 518.083
6715 514.083
6791 510.083
6864 505.083
6936 501.083
7012 497.083
7083 492.083
7152 488.083
7217 484.083
7284 480.083
7352 475.083
7421 471.083
7487 467.083
9982 463.142
7556 458.127
7557 454.127
7558 450.127
7631 443.127
7704 439.127
7777 435.127
7851 430.127
1245 20
9420 2132.08
1244 20
1246 20
1235 120
1234 124
1225 166
1226 162
1224 170
1227 159
1228 155
1221 217
1220 213
1305 209
1392 205
1484 201
1485 197
1486 193
1393 186
1306 180
1223 173
9462 1294.58
9939 1204.17
9478 1186.26
9942 1097.38
9495 1079.08
1222 221
1264 105.952
1180 101.952
1269 122.952
1268 118.952
1267 114.952
1257 57
1256 53
1259 86
1345 82
1435 78
1344 73
1343 69
1342 65
1341 61
1340 57
1248 21
1164 17
1251 33
1250 29
9493 1173.08
9511 1040.08
9530 934.083
9550 828.083
9572 699.083
5928 602.083
1253 41
1252 37
1255 49
1254 45
1304 210
1307 177
1309 170
1308 174
1311 163
1310 167
9529 1033.08
9528 1132.08
9532 875.083
9525 2020.32
9544 1918.32
9563 1825.32
9586 1723.32
9607 1621.32
9629 1529.32
9630 1432.32
9631 1335.32
9984 1283.73
9609 1204.13
9610 1104.13
9611 1004.13
9612 904.127
9613 804.127
9614 704.127
7873 638.127
7800 634.127
7801 630.127
7874 626.127
7875 622.127
7876 618.127
7877 614.127
7878 610.127
7879 606.127
7880 602.127
7881 598.127
7882 594.127
7883 590.127
7884 586.127
7885 582.127
7886 578.127
7887 574.127
7888 570.127
7889 566.127
7890 562.127
7891 558.127
7892 554.127
9524 2115.32
9543 2013.32
9562 1920.32
9585 1819.32
9606 1718.32
9628 1626.32
9527 1231.08
9513 982.083
1337 45
1336 41
1339 53
1338 49
1329 24
1328 24
9506 2216.32
9509 1236.08
9510 1138.08
1332 25
1335 37
1334 33
1333 29
9567 1189.08
9568 1091.08
9569 993.083
9570 895.083
9571 797.083
1327 24
9566 1287.08
1312 159
1317 124
1319 122.127
1406 117.127
1502 110.127
1596 106.127
1690 101.127
1691 97.127
1692 93.127
1693 89.127
1694 85.127
1695 81.127
1696 77.127
1697 73.127
1698 69.127
1699 65.127
1318 124
1236 120
9547 1127.08
9546 1226.08
9549 928.083
9548 1027.08
9593 696.083
6911 644.083
6912 640.083
6913 636.083
6982 625.083
7051 620.083
7052 616.083
7053 612.083
7054 608.083
7055 604.083
7124 600.083
7125 596.083
7126 592.083
7127 588.083
7128 584.083
7129 580.083
7130 576.083
7131 572.083
7196 568.083
7197 564.083
7198 560.083
7265 556.083
7333 551.083
7402 547.083
7468 543.083
7469 539.083
7470 535.083
7471 531.083
7472 527.083
7473 523.083
7474 519.083
7475 515.083
7476 511.083
7477 507.083
7478 503.083
7479 499.083
7480 495.083
7481 491.083
7482 487.083
7483 483.083
7484 479.083
7485 475.083
7486 471.083
9592 795.083
9595 581
9574 472
3392 388
3297 381
3107 366
3011 359
2908 348
2818 340
2732 335
2562 323
2477 318
2391 313
2302 305
2215 298
2124 291
2032 284
1943 279
1942 275
1941 271
1940 267
1857 263
1766 259
1668 254
1667 250
1666 246
1572 242
1475 238
1474 234
1473 230
1472 226
1471 222
1470 218
1469 214
1468 210
1467 206
1466 202
1465 198
1464 194
1463 190
1462 186
1461 182
1460 178
1459 174
1458 170
1457 166
1456 162
1455 158
1454 154
1453 150
1452 146
1451 142
1450 138
1449 134
1448 130
1447 126
1446 122
1445 118
1444 114
1443 110
1442 106
1441 102
1440 98
1439 94
1438 90
1437 86
1436 82
1352 110
1351 106
9594 485
5374 411
5286 407
5203 402
5123 398
5041 394
4957 389
4956 385
4871 381
4870 377
4869 373
4782 369
4693 364
4607 360
4606 356
4519 352
4430 348
4338 343
4337 339
4245 335
4244 331
4151 327
4061 322
4060 318
4059 314
4058 310
4057 306
4056 302
3966 298
3877 294
3876 290
3875 286
3787 282
3699 277
3615 273
3529 269
3443 264
3358 260
3264 256
3170 251
3169 247
3075 243
2980 239
2979 235
2978 231
2977 227
2876 223
2787 218
2786 214
2700 210
2617 206
2531 201
2446 197
2445 193
2359 189
2271 184
2270 180
2269 176
2183 172
2182 168
2181 164
2091 160
2000 156
1911 151
1910 147
1909 143
1908 139
1825 135
1734 131
1636 126
1635 122
1634 118
1540 114
1355 122
1354 118
1353 114
1357 130
1356 126
1359 138
1358 134
1347 90
1346 86
9589 1092.08
9590 993.083
9591 894.083
9588 1191.08
1349 98
1348 94
1350 102
1401 157
1314 153
1315 149
1231 145
1148 141
1400 161
1403 154.127
1497 150.127
1591 146.127
1778 138.127
1949 130.127
1866 124.127
1867 120.127
1781 116.127
1782 112.127
1783 108.127
1784 104.127
1785 100.127
1786 96.127
1402 153
1405 121.127
1404 125.127
1395 181
1394 184
9573 238.004
4102 234.004
4287 226.004
4378 221.004
4468 214.004
4556 210.004
4726 198.004
9909 193.892
1397 174
1396 178
1399 165
1398 169
1391 209
9617 587
9616 488
7111 423
7110 419
7109 415
7108 411
7038 403
7037 399
6967 392
6966 388
6965 384
6964 380
6896 373
6828 368
6755 364
6679 360
6601 355
6600 351
6520 347
6519 343
6437 339
6359 335
6282 330
6207 326
6131 322
6055 317
5974 313
5901 309
5827 305
5752 300
5676 296
5675 292
5595 288
5518 283
5517 279
5431 275
5339 271
5251 267
5168 262
5088 258
5087 254
5086 250
5085 246
5003 242
4919 237
4834 233
4833 229
4746 225
4657 220
4656 216
4655 212
4569 208
4482 204
4393 200
4301 195
4209 191
4116 187
4026 182
3936 178
3847 174
3759 170
3671 165
3587 161
3501 157
3415 152
3331 148
3330 144
3237 140
3146 135
3054 131
2959 127
2858 123
2769 118
2680 114
2593 110
2507 105
2506 101
2505 97
2420 93
2419 89
2333 85
2245 80
2159 76
2069 72
1978 68
1889 63
1888 59
1887 55
1804 51
1713 47
1615 42
1521 38
1424 34
1433 70
1432 66
1434 74
1427 46
1426 42
1429 54
1428 50
1431 62
1430 58
9657 946.127
9636 843.127
1417 28
9656 1043.13
9635 940.127
1416 28
1419 28
9658 1044.13
1418 28
9661 689.756
9638 581.756
10125 567.172
1421 28
1331 24
9660 618
9637 510
9615 417
6824 358
6751 354
6675 350
6598 346
6518 342
6436 338
6358 334
9655 1141.13
9634 1037.13
9654 1238.13
9633 1134.13
9639 603
9681 726
9680 1051.13
9682 797.756
1496 151.127
1590 147.127
1684 142.127
1499 122.127
1593 118.127
1687 113.127
1688 109.127
1689 105.127
1498 126.127
9677 1315.6
10128 1216.19
1500 118.127
1594 114.127
9679 1049.13
9678 1146.13
1491 177
1492 173
1490 182
1493 171
1494 167
1495 155.127
9721 1244.13
9700 1140.13
9720 1242.13
1483 205
1482 217
1579 213
1580 209
1581 205
1582 201
1583 197
1487 190
1529 70
1528 66
1531 78
1530 74
1533 86
1532 82
1534 90
9699 1237.13
9701 1142.13
1525 54
1524 50
1523 46
1527 62
1526 58
1513 32
1512 32
1515 32
1514 32
1511 36
9742 1422.13
9741 1323.13
1553 166
1552 162
1551 158
1550 154
1549 150
1555 174
1554 170
1556 178
1545 134
1544 130
1543 126
1542 122
1541 118
1546 138
1537 102
1536 98
1535 94
1538 106
9782 1650.13
9781 1553.13
9761 1427.13
1592 122.127
1686 117.127
1585 192
1488 188
1584 194
9762 1527.13
1586 189
1489 185
1589 151.127
9819 1719.13
9799 1616.13
9779 1515.13
9760 1425.13
9818 1718.13
9821 1725.13
9801 1621.13
9780 1517.13
9820 1722.13
9800 1618.13
9823 1479.22
9804 1382.22
9784 1285.22
9763 1172.76
9744 1075.76
9723 978.764
10126 885.03
9702 800
9822 1761.13
9802 1657.13
1625 82
1624 78
1623 74
1627 90
1626 86
1628 94
1630 102
1629 98
1619 58
1618 54
1621 66
1620 62
9798 1639.13
9778 1537.13
9759 1447.13
9740 1345.13
1622 70
1609 36
1608 36
1611 36
1613 37
1519 33
1422 29
1612 36
1518 32
9844 974.433
9833 957.37
10024 922.711
9830 882.621
9871 832.28
9829 775.594
9912 738.682
9828 707.363
9927 664.895
9827 626.023
9897 610.302
1607 36
1606 36
1657 210
1563 206
1562 202
1561 198
1560 194
1559 190
1656 206
9835 929.293
9879 916.725
9834 991.984
9843 958.106
1658 214
1564 210
9836 812.399
9904 772.01
1649 178
1648 174
9826 361.046
6240 349.127
6166 345.127
6089 341.127
6090 337.127
6010 333.127
6011 329.127
5932 325.127
5858 321.127
5784 317.127
5785 313.127
5786 309.127
5787 305.127
5712 301.127
5633 297.127
5634 293.127
5558 289.127
5473 285.127
5383 281.127
5292 277.127
1651 186
1557 182
1650 182
1653 194
9831 976.27
10007 925.131
1652 190
9881 93.875
1640 142
1643 154
1642 150
1641 146
1547 142
9885 127.033
1645 162
1644 158
1647 170
1646 166
1633 114
1632 110
1631 106
1637 130
1639 138
1638 134
9866 162.646
604 153
1683 143.127
1777 139.127
1865 135.127
1685 121.127
9913 185.263
1673 213
9915 233.149
4194 230.004
1675 205
9914 337.581
9825 328.678
5627 321.127
5551 317.127
5552 313.127
5553 309.127
5468 305.127
5469 301.127
5470 297.127
5380 293.127
5381 289.127
5382 285.127
1674 209
9917 496.007
7084 491.083
7153 487.083
7218 483.083
7285 479.083
1677 198
9916 716.819
1676 201
9919 685.546
9918 140.288
1678 196
9905 179.939
9906 165.043
9908 204.612
3249 202
3248 198
3340 191
3423 184
3422 180
3421 176
3420 172
3419 168
3418 164
3334 160
3333 156
3332 152
9911 563.902
9910 264.085
5045 262.127
4962 258.127
4792 250.127
4704 246.127
4622 242.127
4536 238.127
4448 234.127
4359 230.127
4269 226.127
4177 222.127
4088 218.127
3999 214.127
3911 210.127
3823 206.127
1721 79
9896 193.14
3424 188
1720 75
9899 225.383
2823 221.567
2824 217.567
2917 213.567
3019 209.567
3020 205.567
3021 201.567
3022 197.567
3023 193.567
3024 189.567
10073 186.251
3025 184.127
2923 180.127
2739 170.127
2651 166.127
2564 162.127
2480 158.127
2481 154.127
2482 150.127
2483 146.127
1723 87
1722 83
1725 95
9900 509.896
6794 507.083
7014 495.083
1724 91
9903 135.36
1727 103
9902 688.383
1712 43
1614 38
1520 34
1423 30
1715 55
1617 50
1714 51
1616 46
9893 219.499
1717 63
1716 59
9895 255.48
4170 248.127
3992 240.127
3993 236.127
3994 232.127
3906 228.127
3820 224.127
3733 220.127
3651 216.127
3567 212.127
3486 208.127
3400 204.127
3305 200.127
3210 196.127
3116 192.127
3117 188.127
1719 71
9894 366.748
1718 67
9945 445.933
1705 40
9944 274.66
1672 270
1671 266
1670 262
1669 258
1704 40
9946 223.112
918 221.113
917 217.113
916 213.113
915 209.113
914 205.113
913 201.113
912 197.113
911 193.113
910 189.113
909 185.113
908 181.113
907 177.113
906 173.113
905 169.113
904 165.113
903 161.113
902 157.113
901 153.113
900 149.113
899 145.113
898 141.113
897 137.113
896 133.113
895 129.113
894 125.113
893 121.113
892 117.113
891 113.113
890 109.113
889 105.113
888 101.113
887 97.113
886 93.113
1706 40
9949 274.44
6428 265.968
6350 261.968
6273 257.968
6198 253.968
6120 249.968
6040 245.968
5959 241.968
5886 237.968
5812 233.968
5737 229.968
5658 225.968
5582 221.968
5497 217.968
5407 213.968
5316 209.968
5229 205.968
5069 197.968
4986 193.968
4902 189.968
4817 185.968
9948 442.453
1708 40
9951 495.155
1711 42
1710 41
9936 1156.86
9938 1101.78
9943 715.794
1702 53.104
10030 45.138
1753 207
1655 202
9928 150.824
4104 150
1752 203
1654 198
1754 211
9933 1110.17
1757 223
1659 218
1758 227
1660 222
1745 175
9920 77.699
1744 171
9923 218.862
2972 213.999
10101 209.112
2783 206
2698 202
2615 198
2529 193
2444 189
2358 185
1747 183
1746 179
1749 191
9924 192.454
1748 187
1751 199
9926 153.665
1750 195
1737 143
9976 622.703
6005 587.083
6086 582.083
6162 578.083
9979 173.307
2782 170
2781 166
2780 162
2691 158
2604 154
2518 149
2517 145
2432 141
2346 137
2258 132
2172 128
2171 124
2081 120
1990 116
1901 111
1900 107
1899 103
1898 99
1897 95
1896 91
1895 87
1894 83
1893 79
1810 75
1739 151
1738 147
9981 2001.57
1741 159
1740 155
1743 167
1742 163
1729 111
9968 522.819
9270 516.773
10129 515.492
9252 511.96
9971 360.932
7871 356.968
7798 352.968
7725 348.968
1731 119
1730 115
9973 566.911
9972 293.337
6893 290.497
10082 287.237
6747 281.968
6668 277.968
6589 273.968
6507 269.968
6425 265.968
6347 261.968
6270 257.968
6196 253.968
6119 249.968
6039 245.968
1732 123
9975 122.808
3324 120
3231 116
3140 111
3048 107
2953 103
2852 99
2763 94
2674 90
2587 86
2501 81
2416 77
2330 73
2242 68
2156 64
2066 60
1975 56
1886 51
1803 47
1735 135
9974 516.415
9960 198.254
5070 194
4987 190
4903 186
4818 182
4730 178
9967 411.876
9966 175.815
3845 172
3757 168
3586 160
3500 156
9952 495.986
9954 373.147
9956 266.682
5669 262
5510 254
5424 250
5332 246
5244 242
5161 237
5081 233
4999 229
4915 224
4830 220
4743 216
4654 211
4568 207
4481 203
4392 199
4300 194
4208 190
4115 186
4025 181
3935 177
3846 173
3758 169
3670 164
1780 120.127
9959 451.921
10009 1195.46
1769 271
10008 410.311
7779 406.127
1771 209
1772 205
1770 275
1578 266
1577 262
1576 258
1575 254
1574 250
1573 246
1773 202
1775 197
1679 193
1774 200
10005 43.723
1817 103
1726 99
1816 99
1819 111
1818 107
1821 119
1809 71
1808 67
1811 79
1813 87
1812 83
1815 95
1814 91
10041 239.235
2392 230
2305 226
2218 222
2127 218
2035 214
1946 210
1862 206
1801 45
10040 632.369
6007 580.435
6164 570.435
6239 566.435
1800 44
1709 40
10043 183.51
10042 234.532
3393 232.127
3394 228.127
3300 224.127
3301 220.127
3205 216.127
3206 212.127
3207 208.127
3113 204.127
3114 200.127
3115 196.127
1802 46
10045 1307.8
1805 55
10044 208.69
10047 410.36
1807 63
10046 831.389
1806 59
10033 291.959
10032 1217.03
10035 368.164
7090 367.127
7019 362.127
6943 358.127
6872 354.127
6801 350.127
6726 346.127
6648 342.127
6569 338.127
6487 334.127
6404 330.127
6326 326.127
6249 322.127
6175 318.127
6097 314.127
6017 310.127
10034 368.097
10037 122.41
10036 172.489
10039 1959.93
1799 44
10038 158.55
1798 44
10027 212.063
1861 209
10026 351.681
1850 235
1759 231
1661 226
10029 31.575
10028 1038.53
10031 119.349
2043 116.127
1841 199
1840 195
1843 207
1842 203
1845 215
1844 211
1846 219
1755 215
1833 167
1832 163
1831 159
10072 176.907
3124 170.127
3031 166.127
2929 162.127
2832 158.127
2744 154.127
10075 118.348
1953 116.127
1869 112.127
1835 175
10074 150.301
1233 146
1150 142
1834 171
1837 183
1836 179
1839 191
1838 187
10065 125.417
10064 135.742
3749 134
10067 240.031
4358 234.127
10066 125.161
10069 240.786
3478 238.126
1829 151
10068 210.341
3828 208.127
3741 204.127
3658 199.127
3572 195.127
3491 191.127
10071 292.221
5873 288.968
5799 284.968
5724 280.968
5725 276.968
5646 272.968
5570 268.968
5485 264.968
5395 260.968
5304 256.968
5217 252.968
5138 248.968
5139 244.968
5140 240.968
5141 236.968
5142 232.968
5143 228.968
5144 224.968
5145 220.968
5064 216.968
4981 212.968
4897 208.968
4898 204.968
10070 381.634
1830 155
10057 261.498
3580 258.029
3747 250.004
3836 246.004
3925 242.004
4014 238.004
1881 48
10056 208.469
1863 204
10059 194.685
1883 48
1882 48
10061 224.039
4095 220.127
4005 215.127
3916 211.127
3827 207.127
3740 203.127
3657 198.127
3571 194.127
1885 50
10060 167.316
2563 164.127
2394 154.127
2306 150.127
2307 146.127
2220 142.127
2130 138.127
2038 134.127
1884 49
10063 527.865
6712 526.083
10062 536.337
6475 531.083
6476 527.083
6557 523.083
6637 518.083
10049 43.742
10048 160.587
10051 623.29
10050 83.144
2487 78
2403 74
2318 70
2231 66
2146 62
2057 58
1967 54
10053 386.816
7354 384.127
10055 628.919
10054 173.35
1864 139.127
1948 134.127
1860 275
1859 271
1858 267
1767 263
1913 159
1912 155
1915 167
1914 163
1917 175
1916 171
1919 183
1918 179
1905 127
1904 123
1903 119
1820 115
1902 115
1891 71
1890 67
1892 75
1945 214
1944 214.937
1947 208
1951 124.127
1950 128.127
1939 263
1938 259
1855 255
1764 251
1929 223
1928 219
1930 227
1921 191
1920 187
1923 199
1922 195
1925 207
1924 203
1927 215
1926 211
1977 64
1976 60
1979 72
1981 80
1980 76
1983 88
1982 84
1969 52
1971 52
1970 52
1973 54
1972 53
1974 55
1965 62
1966 58
1954 112.127
1870 108.127
1871 104.127
1872 100.127
2009 192
2008 188
2011 200
2010 196
2013 208
2012 204
2015 216
2014 212
2001 160
2003 168
2002 164
2005 176
2004 172
2007 184
2006 180
1992 124
1994 132
1997 144
1999 152
1998 148
1985 96
1984 92
1987 104
1986 100
1989 112
1988 108
1991 120
2041 124.127
1952 120.127
1868 116.127
2040 128.127
2042 120.127
2033 218.937
2034 218
2037 138.127
2036 212
2039 132.127
2024 252
1935 247
1852 243
1761 239
1663 234
1569 230
1568 226
1567 222
2027 264
2017 224
2016 220
2019 232
2018 228
2021 240
1932 235
1849 231
1848 227
2020 236
1931 231
2023 248
1934 243
1933 239
2022 244
2073 88
2072 84
2075 96
2074 92
2077 104
2076 100
2079 112
2078 108
2065 59
2064 58
2067 64
2068 68
2071 80
2070 76
2056 62
2059 56
2061 56
2060 56
2063 57
2062 56
2055 66
2105 216
2104 212
2107 224
2106 220
2109 232
2108 228
2110 236
2097 184
2096 180
2099 192
2098 188
2101 200
2100 196
2103 208
2102 204
2088 148
2087 144
1996 140
1907 135
1824 131
1733 127
2093 168
2092 164
2095 176
2094 172
2080 116
2083 128
2082 124
2085 136
2084 132
1993 128
2086 140
2143 74
2054 70
2129 142.127
2128 216
2131 136.127
2132 132.127
2133 128.127
2134 124.127
2125 222.937
2126 222
2113 248
2169 116
2168 112
2167 108
2170 120
2173 132
2175 140
2174 136
2161 84
2160 80
2163 92
2162 88
2165 100
2164 96
2166 104
2153 61
2152 60
2155 63
2154 62
2158 72
2157 68
2145 66
2144 70
2148 60
2151 60
2150 60
2201 244
2200 240
2199 236
2198 232
2193 212
2192 208
2191 204
2195 220
2194 216
2197 228
2196 224
2185 180
2184 176
2187 188
2186 184
2189 196
2188 192
2190 200
2176 144
2233 64
2235 64
2234 64
2237 64
2236 64
2239 65
2238 64
2225 123.127
2224 127.127
2229 74
2230 70
2228 78
2217 226
2216 226.937
2219 146.127
2221 139.127
2222 135.127
2223 131.127
2267 168
2266 164
2265 160
2179 156
2089 152
2268 172
2257 128
2256 124
2255 120
2254 116
2253 112
2252 108
2259 136
2261 144
2260 140
2249 96
2248 92
2251 104
2250 100
2243 72
2244 76
2247 88
2246 84
2281 224
2280 220
2279 216
2278 212
2277 208
2283 232
2282 228
2285 240
2284 236
2286 244
2273 192
2272 188
2275 200
2274 196
2276 204
2331 77
2332 81
2335 93
2334 89
2321 68
2320 68
2323 68
2322 68
2325 68
2324 68
2315 82
2316 78
2317 74
2304 230
2309 139.127
2308 143.127
2311 131.127
2310 135.127
2361 197
2360 193
2363 205
2362 201
2365 213
2364 209
2367 221
2366 217
2353 165
2352 161
2264 156
2263 152
2177 148
2355 173
2354 169
2357 181
2356 177
2345 133
2344 129
2347 141
2348 145
2337 101
2336 97
2339 109
2338 105
2341 117
2340 113
2343 125
2342 121
2393 247.938
2479 240.938
2478 236.938
2395 150.127
2396 146.127
2397 142.127
2387 301
2299 296
2298 292
2297 288
2296 284
2210 280
2120 276
2029 272
2369 229
2368 225
2371 237
2370 233
2373 245
2372 241
2375 253
2287 248
2374 249
2425 113
2424 109
2423 105
2422 101
2427 121
2426 117
2429 129
2428 125
2431 137
2430 133
2421 97
2409 72
2408 72
2401 82
2402 78
2405 72
2407 72
2406 72
2457 241
2456 237
2455 233
2454 229
2459 249
2458 245
2460 253
2449 209
2448 205
2451 217
2450 213
2453 225
2452 221
2441 177
2440 173
2443 185
2442 181
2447 201
2433 145
2488 76
2490 76
2493 76
2492 76
2495 76
2411 72
2485 142.127
2486 82
2520 157
2435 153
2349 149
2523 169
2522 165
2521 161
2525 177
2526 181
2513 129
2512 125
2515 137
2514 133
2516 141
2519 153
2434 149
2504 93
2509 113
2508 109
2511 121
2510 117
2498 78
2413 74
2327 70
2503 89
2418 85
2502 85
2417 81
2544 253
2537 225
2536 221
2539 233
2538 229
2541 241
2540 237
2543 249
2542 245
2528 189
2530 197
2533 209
2532 205
2535 217
2534 213
2585 84
2499 79
2414 75
2328 71
2240 66
2586 85
2500 80
2415 76
2329 72
2241 67
2589 94
2588 90
2591 102
2590 98
2583 82
2497 77
2412 73
2326 69
2569 146.127
2570 147.127
2573 80
2572 82
2575 80
2565 158.127
2567 150.127
2566 154.127
2616 202
2619 214
2618 210
2621 222
2620 218
2623 230
2622 226
2609 174
2612 186
2614 194
2601 142
2600 138
2603 150
2602 146
2605 158
2606 162
2592 106
2595 118
2594 114
2597 126
2596 122
2599 134
2598 130
2649 236.567
2650 232.567
2737 225.567
2653 158.127
2654 154.127
2652 162.127
2625 238
2624 234
2627 246
2626 242
2629 254
2628 250
2630 258
2681 118
2683 126
2682 122
2685 134
2684 130
2687 142
2686 138
2673 89
2672 88
2675 94
2677 102
2676 98
2679 110
2678 106
2671 87
2584 83
2670 86
2657 150.127
2656 150.127
2659 84
2660 84
2662 84
2713 262
2712 258
2711 254
2710 250
2709 246
2705 230
2704 226
2707 238
2706 234
2708 242
2699 206
2701 214
2703 222
2702 218
2689 150
2688 146
2690 154
2693 166
2692 162
2694 170
2607 166
2745 154.127
2747 88
2746 154.127
2749 88
2748 88
2751 88
2663 84
2576 80
2491 76
2736 229.567
2741 162.127
2742 158.127
2740 166.127
2733 241.567
2734 237.567
2735 233.567
2777 150
2776 146
2775 142
2779 158
2778 154
2768 114
2771 126
2770 122
2773 134
2772 130
2774 138
2761 92
2762 93
2765 102
2764 98
2767 110
2766 106
2793 242
2792 238
2795 250
2794 246
2797 258
2796 254
2799 266
2798 262
2785 210
2784 206
2789 226
2788 222
2791 234
2790 230
2840 92
2752 88
2664 84
2578 80
2845 92
2757 88
2668 84
2581 80
2496 76
2835 92
2837 92
2836 92
2839 92
2827 174.127
2829 166.127
2828 170.127
2830 162.127
2822 225.567
2915 221.567
3017 217.567
3018 213.567
2873 211
2872 210
2875 219
2874 215
2877 227
2879 235
2878 231
2865 151
2864 147
2867 159
2866 155
2869 167
2868 163
2871 175
2870 171
2857 119
2856 115
2859 127
2861 135
2860 131
2863 143
2862 139
2850 97
2855 111
2854 107
2909 244.567
2910 240.567
2911 236.567
3014 229.567
3015 225.567
3016 221.567
2888 271
2881 243
2880 239
2883 251
2882 247
2885 259
2884 255
2887 267
2886 263
2930 162.127
2933 101
2834 94
2932 105
2935 96
2921 192.584
2922 188.584
2925 174.127
2926 170.127
2924 178.127
2927 166.127
2913 229.567
2912 233.567
2914 225.567
2969 167
2968 163
2967 159
2966 155
2971 175
2970 171
2973 214
2975 219
2974 215
2961 135
2960 131
2963 143
2962 139
2965 151
2964 147
2952 102
2851 98
2955 111
2957 119
2956 115
2958 123
2946 96
2985 259
2984 255
2983 251
2987 267
2986 263
2989 275
2988 271
2976 223
2981 243
2982 247
3033 166.127
3032 166.127
3035 109
3036 105
3034 113
2931 109
3039 100
3027 178.127
3028 174.127
3026 182.127
3013 247.567
3012 251.567
3065 175
3064 171
3067 217.999
3066 217.999
3069 219
3068 218
3071 227
3070 223
3057 143
3056 139
3055 135
3059 151
3058 147
3061 159
3060 155
3063 167
3062 163
3049 111
3051 119
3050 115
3053 127
3052 123
3040 100
2937 96
3081 267
3080 263
3079 259
3078 255
3083 275
3082 271
3084 279
3073 235
3072 231
3074 239
3077 251
3076 247
3120 178.127
3127 106
3037 102
2934 98
3112 208.127
3119 182.127
3118 186.127
3109 220.127
3110 216.127
3111 212.127
3108 224.127
3161 221.999
3160 220
3159 216
3158 212
3157 208
3163 223
3162 222
3165 231
3164 227
3167 239
3166 235
3152 159
3151 155
3150 151
3155 171
3154 167
3156 175
3145 131
3144 127
3143 123
3147 139
3149 147
3148 143
3141 115
3142 119
3177 279
3176 275
3178 283
3168 243
3171 255
3173 263
3172 259
3175 271
3174 267
3219 110
3218 113
3126 109
3220 108
3128 104
3038 100
3209 200.127
3208 204.127
3211 192.127
3213 186.127
3214 182.127
3212 190.127
3203 224.127
3204 220.127
3257 228
3256 227
3259 236
3258 232
3261 244
3260 240
3263 252
3262 248
3251 210
3250 206
3253 218
3252 214
3255 226
3254 222
3241 156
3240 152
3245 172
3244 168
3153 163
3246 176
3233 124
3232 120
3239 148
3238 144
3272 288
3275 300
3181 295
3180 291
3086 287
3085 283
3265 260
3267 268
3266 264
3269 276
3268 272
3271 284
3270 280
3325 124
3304 204.127
3307 194.127
3308 190.127
3309 186.127
3306 196.127
3299 228.127
3298 232.127
3303 208.127
3353 240
3352 236
3351 232
3355 248
3354 244
3357 256
3356 252
3359 264
3345 211
3344 207
3343 203
3342 199
3341 195
3346 215
3349 227
3348 223
3347 219
3350 231
3337 172
3336 168
3243 164
3339 180
3338 176
3335 164
3242 160
3361 272
3360 268
3363 280
3362 276
3365 288
3364 284
3417 160
3416 156
3408 116
3318 112
3223 108
3131 104
3041 100
3401 200.127
3402 198.127
3403 194.127
3404 190.127
3399 208.127
3449 288
3448 284
3450 292
3453 304
3452 300
3367 296
3273 292
3179 287
3441 256
3440 252
3439 248
3438 244
3442 260
3445 272
3444 268
3447 280
3446 276
3433 224
3432 220
3431 216
3430 212
3429 208
3428 204
3427 200
3426 196
3425 192
3435 232
3434 228
3437 240
3436 236
3481 228.127
3482 224.127
3483 220.127
3397 216.127
3302 212.127
3485 212.127
3487 202.127
3477 242.126
3513 205
3512 201
3515 213
3514 209
3517 221
3516 217
3519 229
3518 225
3505 173
3504 169
3507 181
3506 177
3509 189
3508 185
3510 193
3503 165
3502 161
3492 195.127
3528 265
3531 277
3530 273
3533 285
3532 281
3535 293
3534 289
3521 237
3520 233
3523 245
3522 241
3525 253
3524 249
3527 261
3526 257
3579 262.029
3581 262.029
3561 393
3475 388
3390 383
3296 378
3202 373
3564 224.127
3565 220.127
3484 216.127
3398 212.127
3609 249
3608 245
3607 241
3606 237
3611 257
3610 253
3613 265
3612 261
3614 269
3601 217
3600 213
3603 225
3602 221
3605 233
3604 229
3593 185
3592 181
3595 193
3594 189
3597 201
3596 197
3599 209
3598 205
3589 169
3588 165
3591 177
3590 173
3624 309
3623 305
3622 301
3621 297
3617 281
3616 277
3619 289
3618 285
3620 293
3673 173
3672 169
3675 181
3674 177
3677 189
3676 185
3679 197
3678 193
3705 301
3704 297
3703 293
3702 289
3707 309
3697 269
3696 265
3698 273
3701 285
3700 281
3689 237
3688 233
3691 245
3690 241
3693 253
3692 249
3695 261
3694 257
3681 205
3680 201
3683 213
3682 209
3685 221
3684 217
3687 229
3686 225
3742 208.127
3659 203.127
3573 199.127
3730 232.127
3731 228.127
3732 224.127
3734 220.127
3652 216.127
3769 210
3768 206
3771 218
3770 214
3773 226
3772 222
3775 234
3774 230
3761 178
3760 174
3763 186
3762 182
3765 194
3764 190
3767 202
3766 198
3753 132
3667 128
3584 124
3499 120
3411 116
3321 112
3226 108
3134 104
3752 132
3666 128
3498 120
3410 116
3746 254.004
3748 250.004
3751 132
3793 306
3792 302
3795 314
3796 318
3708 313
3785 274
3784 270
3786 278
3789 290
3788 286
3791 298
3790 294
3777 242
3776 238
3779 250
3778 246
3781 258
3780 254
3783 266
3782 262
3833 228.127
3832 224.127
3745 220.127
3662 215.127
3576 211.127
3575 207.127
3494 203.127
3493 199.127
3835 246.004
3834 232.127
3837 246.004
3926 242.004
3838 138
3825 206.127
3738 202.127
3656 198.127
3826 206.127
3739 202.127
3829 212.447
3819 228.127
3821 214.127
3735 210.127
3736 206.127
3865 246
3864 242
3863 238
3867 254
3866 250
3869 262
3868 258
3871 270
3870 266
3857 214
3856 210
3859 222
3858 218
3861 230
3860 226
3862 234
3849 182
3848 178
3851 190
3850 186
3853 198
3852 194
3855 206
3854 202
3841 136
3840 136
3889 342
3801 338
3713 333
3712 329
3628 325
3542 321
3456 316
3371 312
3277 308
3183 303
3182 299
3088 295
2993 291
2892 287
2803 282
2717 278
2634 274
2548 269
2547 265
2462 261
2461 257
3881 310
3880 306
3883 318
3882 314
3794 310
3706 305
3885 326
3884 322
3887 334
3799 330
3711 325
3627 321
3626 317
3625 313
3886 330
3798 326
3710 321
3873 278
3872 274
3874 282
3879 302
3878 298
3929 140
3930 140
3932 179.387
3921 228.127
3923 236.127
3922 232.127
3924 243.004
4013 239.004
3915 210.127
3914 210.127
3904 236.127
3818 232.127
3907 228.127
3909 218.127
3910 214.127
3822 210.127
3961 278
3960 274
3959 270
3958 266
3957 262
3963 286
3962 282
3965 294
3964 290
3967 302
3953 246
3952 242
3955 254
3954 250
3956 258
3945 214
3944 210
3943 206
3947 222
3946 218
3949 230
3948 226
3951 238
3950 234
3977 342
3976 338
3979 350
3890 346
3802 342
3714 337
3978 346
3969 310
3968 306
3971 318
3970 314
3973 326
3972 322
3975 334
3974 330
4024 180
3934 176
4031 202
3941 198
3940 194
3939 190
4017 144
4019 144
3931 140
3842 136
4018 144
4023 180
3933 176
4011 236.127
4010 232.127
4009 228.127
3920 224.127
3831 220.127
3744 216.127
3661 211.127
3660 207.127
4001 214.127
4003 214.127
4004 214.127
4006 219.127
4063 330
4062 326
4049 274
4048 270
4047 266
4051 282
4050 278
4053 290
4052 286
4055 298
4054 294
4041 242
4040 238
4039 234
4043 250
4042 246
4045 258
4044 254
4046 262
4033 210
4032 206
4034 214
4037 226
4038 230
4091 218.127
4002 214.127
4065 338
4064 334
4067 346
4066 342
4069 354
4068 350
4071 362
4070 358
4121 207
4123 215
4122 211
4112 184
4106 148
4108 148
4111 184
4022 180
4097 236.127
4187 232.127
4186 228.127
4185 224.127
4096 224.127
4101 238.004
4153 335
4152 331
4155 343
4154 339
4157 351
4156 347
4159 359
4158 355
4145 303
4144 299
4149 319
4148 315
4150 323
4137 271
4136 267
4139 279
4138 275
4141 287
4140 283
4143 295
4142 291
4131 247
4130 243
4133 255
4132 251
4135 263
4134 259
4184 223.127
4094 219.127
4189 240.127
4188 236.127
4190 244.127
4180 222.127
4183 222.127
4093 218.127
4173 238.127
4084 234.127
4085 230.127
4086 226.127
4087 222.127
4172 240.127
4083 236.127
4175 230.127
4176 226.127
4161 367
4160 363
4162 371
4072 366
3982 362
3893 358
3892 354
3891 350
4216 219
4215 215
4214 211
4203 188
4195 154
4198 152
4107 148
4249 351
4248 347
4247 343
4251 359
4250 355
4253 367
4252 363
4255 375
4254 371
4241 319
4243 327
4242 323
4246 339
4233 287
4232 283
4231 279
4230 275
4235 295
4234 291
4237 303
4236 299
4224 251
4227 263
4226 259
4229 271
4228 267
4281 240.127
4280 236.127
4279 232.127
4278 228.127
4283 242.004
4374 237.004
4375 233.004
4376 229.004
4377 225.004
4282 244.127
4273 226.127
4275 226.127
4274 226.127
4182 222.127
4092 218.127
4277 227.127
4276 226.127
4265 244.127
4264 248.127
4266 242.127
4256 379
4163 375
4073 370
4263 252.127
4262 403
4169 399
4079 394
4078 390
4077 386
3987 382
3898 378
3810 374
3722 369
3721 365
3637 361
3636 357
3635 353
3634 349
3548 345
3462 340
3461 336
3376 332
3375 328
3374 324
3280 320
3186 315
3185 311
3091 307
2996 303
2895 299
2806 294
2805 290
2804 286
4317 259
4316 255
4319 267
4318 263
4305 211
4304 207
4303 203
4302 199
4290 156
4295 192
4204 188
4294 192
4345 371
4344 367
4343 363
4347 379
4346 375
4348 383
4336 335
4339 347
4341 355
4340 351
4342 359
4329 307
4328 303
4327 299
4326 295
4333 323
4335 331
4334 327
4320 271
4323 283
4322 279
4325 291
4324 287
4371 241.127
4373 241.004
4372 245.004
4361 230.127
4271 226.127
4178 222.127
4360 230.127
4270 226.127
4363 230.127
4365 230.127
4364 230.127
4366 230.127
4355 250.127
4354 254.127
4357 238.127
4267 234.127
4409 264
4408 260
4411 272
4410 268
4413 280
4321 275
4412 276
4415 288
4414 284
4395 208
4394 204
4387 196
4296 192
4388 196
4297 192
4206 188
4113 184
4441 392
4349 387
4257 383
4164 379
4074 374
4440 388
4442 396
4350 391
4258 387
4165 383
4075 378
3985 374
3984 370
3983 366
4445 254.127
4444 404
4352 399
4351 395
4259 391
4447 238.127
4433 360
4432 356
4435 368
4434 364
4437 376
4436 372
4438 380
4429 344
4431 352
4417 296
4416 292
4419 304
4418 300
4421 312
4420 308
4465 226.004
4553 222.004
4639 218.004
4640 214.004
4641 210.004
4642 206.004
4464 230.004
4459 241.127
4458 237.127
4369 233.127
4461 242.004
4462 238.004
4550 234.004
4551 230.004
4637 226.004
4638 222.004
4463 234.004
4449 234.127
4450 234.127
4453 234.127
4452 234.127
4455 234.127
4505 296
4504 292
4507 304
4506 300
4508 308
4497 264
4496 260
4495 256
4406 252
4314 247
4313 243
4312 239
4311 235
4219 231
4126 227
4036 222
4035 218
4499 272
4498 268
4501 280
4500 276
4503 288
4502 284
4488 228
4487 224
4398 220
4306 215
4485 216
4484 212
4486 220
4397 216
4537 238.127
4538 238.127
4541 238.127
4540 238.127
4529 392
4528 388
4527 384
4526 380
4531 400
4530 396
4533 258.127
4532 404
4443 400
4534 262.127
4521 360
4523 368
4522 364
4525 376
4524 372
4571 216
4570 212
4483 208
4573 224
4572 220
4575 232
4574 228
4552 226.004
4554 218.004
4546 241.127
4549 238.004
4635 234.004
4636 230.004
4548 242.004
4634 238.004
4593 304
4592 300
4595 312
4594 308
4596 316
4509 312
4587 280
4589 288
4591 296
4590 292
4576 236
4633 242.004
4632 245.127
4625 242.127
4626 242.127
4617 400
4616 396
4619 262.127
4618 404
4621 242.127
4623 242.127
4609 368
4608 364
4611 376
4610 372
4613 384
4612 380
4615 392
4614 388
4659 228
4658 224
4660 232
4697 380
4696 376
4699 388
4698 384
4701 396
4700 392
4702 400
4681 316
4680 312
4683 324
4682 320
4684 328
4598 324
4511 320
4422 316
4330 311
4674 288
4588 284
4677 300
4676 296
4679 308
4678 304
4721 218.004
4722 214.004
4723 210.004
4724 206.004
4725 202.004
4720 222.004
4713 248.127
4630 243.127
4544 239.127
4456 235.127
4367 231.127
4715 242.004
4716 238.004
4717 234.004
4718 230.004
4719 226.004
4714 246.004
4705 246.127
4707 246.127
4708 246.127
4763 293
4765 301
4767 309
4766 305
4747 229
4749 237
4748 233
4750 241
4661 236
4795 250.127
4794 250.127
4785 381
4787 389
4786 385
4789 397
4788 393
4791 405
4790 401
4769 317
4768 313
4771 325
4772 329
4816 189.968
4809 216.968
4810 212.968
4811 208.968
4812 204.968
4813 200.968
4808 220.968
4815 193.968
4801 248.968
4802 244.968
4803 240.968
4804 236.968
4805 232.968
4806 228.968
4807 224.968
4800 251.127
4712 247.127
4629 242.127
4543 238.127
4860 337
4859 333
4858 329
4863 349
4862 345
4775 341
4686 336
4600 332
4513 328
4424 324
4332 319
4331 315
4239 311
4238 307
4853 309
4852 305
4851 301
4850 297
4849 293
4848 289
4847 285
4846 281
4759 277
4670 272
4584 268
4855 317
4854 313
4843 269
4842 265
4841 261
4754 257
4665 252
4664 248
4578 244
4577 240
4490 236
4401 232
4309 227
4308 223
4835 237
4839 253
4838 249
4837 245
4889 240.968
4888 244.968
4891 232.968
4893 224.968
4894 220.968
4895 216.968
4892 228.968
4881 254.127
4880 254.127
4883 254.127
4798 250.127
4711 246.127
4882 254.127
4796 250.127
4887 248.968
4873 389
4872 385
4875 397
4874 393
4877 405
4876 401
4878 254.127
4865 357
4778 353
4689 348
4688 344
4602 340
4601 336
4864 353
4777 349
4918 233
4917 229
4916 225
4831 221
4744 217
4896 212.968
4901 193.968
4900 197.968
4959 397
4958 393
4945 341
4947 349
4946 345
4949 357
4948 353
4950 361
4937 309
4936 305
4939 317
4938 313
4940 321
4942 329
4941 325
4985 197.968
4984 201.968
4977 228.968
4978 224.968
4979 220.968
4980 216.968
4982 208.968
4968 258.127
4884 254.127
4973 244.968
4972 248.968
4974 240.968
4890 236.968
4961 405
4960 401
4965 258.127
4964 258.127
4967 258.127
4966 258.127
5020 310
5022 318
5011 274
4927 269
4926 265
4925 261
4924 257
4923 253
5015 290
4931 285
5051 262.127
5050 262.127
5053 260.968
4970 256.968
4886 252.968
5052 262.127
5055 252.968
5040 390
5043 402
5042 398
5044 406
5047 262.127
5033 362
5032 358
5027 338
4943 333
5026 334
5031 354
5030 350
5065 212.968
5057 244.968
5056 248.968
5059 236.968
5060 232.968
5061 228.968
5063 220.968
5062 224.968
5113 358
5112 354
5101 310
5100 306
5018 302
4934 297
5102 314
5093 278
5092 274
5010 270
5094 282
5137 252.968
5136 256.968
5129 266.127
5128 266.127
5131 266.127
5049 262.127
5130 266.127
5048 262.127
5133 266.127
5132 266.127
5125 406
5124 402
5126 410
5176 294
5096 290
5014 286
4930 281
4845 277
4844 273
4757 269
4668 264
4582 260
5175 290
5174 286
5173 282
5209 270.127
5208 270.127
5211 270.127
5213 268.968
5214 264.968
5135 260.968
5212 270.127
5205 410
5204 406
5207 270.127
5193 362
5192 358
5194 366
5224 224.968
5216 256.968
5219 244.968
5218 248.968
5221 236.968
5220 240.968
5223 228.968
5222 232.968
5275 363
5274 359
5191 354
5190 350
5110 346
5028 342
4944 337
5276 367
5305 252.968
5306 248.968
5307 244.968
5308 240.968
5309 236.968
5310 232.968
5311 228.968
5312 224.968
5296 274.127
5301 268.968
5303 260.968
5302 264.968
5295 274.127
5294 274.127
5287 411
5361 359
5273 355
5401 236.968
5400 240.968
5402 232.968
5393 268.968
5394 264.968
5392 272.968
5397 252.968
5398 248.968
5399 244.968
5396 256.968
5386 278.127
5465 411
5464 407
5463 403
5371 399
5370 395
5282 391
5199 386
5198 382
5197 378
5117 374
5116 370
5034 366
5489 248.968
5490 244.968
5488 252.968
5491 240.968
5493 232.968
5403 228.968
5492 236.968
5483 272.968
5484 268.968
5487 256.968
5486 260.968
5472 289.127
5567 280.968
5482 276.968
5566 284.968
5481 280.968
5391 276.968
5554 305.127
5585 229.968
5661 225.968
5584 221.968
5499 217.968
5409 213.968
5317 209.968
5577 240.968
5578 236.968
5576 244.968
5580 229.968
5495 225.968
5496 221.968
5569 272.968
5568 276.968
5571 264.968
5573 256.968
5574 252.968
5575 248.968
5572 260.968
5626 412
5549 407
5548 403
5547 399
5546 395
5545 391
5459 387
5367 383
5279 379
5196 374
5195 370
5657 229.968
5656 233.968
5659 225.968
5583 221.968
5498 217.968
5660 225.968
5662 225.968
5500 217.968
5649 260.968
5650 256.968
5651 252.968
5648 264.968
5652 248.968
5643 284.968
5645 276.968
5644 280.968
5647 268.968
5695 372
5694 368
5693 364
5613 360
5536 355
5535 351
5534 347
5533 343
5532 339
5446 335
5445 331
5353 327
5265 323
5182 318
5727 268.968
5728 264.968
5729 260.968
5730 256.968
5731 252.968
5732 248.968
5733 244.968
5654 240.968
5726 272.968
5736 233.968
5739 229.968
5738 229.968
5740 229.968
5735 237.968
5788 301.127
5713 297.127
5808 248.968
5811 237.968
5810 241.968
5813 233.968
5815 233.968
5814 233.968
5801 276.968
5802 272.968
5803 268.968
5800 280.968
5805 260.968
5804 264.968
5806 256.968
5807 252.968
5881 256.968
5880 260.968
5882 252.968
5885 241.968
5884 245.968
5887 237.968
5872 292.968
5875 280.968
5874 284.968
5877 272.968
5878 268.968
5879 264.968
5876 276.968
5864 302.127
5862 305.127
5889 237.968
5888 237.968
5947 292.968
5949 280.968
5950 276.968
5951 272.968
5939 306.127
5961 241.968
5960 241.968
5962 241.968
5953 264.968
5954 260.968
5952 268.968
5955 256.968
5957 249.968
5958 245.968
6001 603.083
6082 598.083
6083 594.083
6084 590.083
6160 586.083
6161 582.083
6000 417
5927 413
5926 409
5925 405
5851 401
5776 396
5775 392
5774 388
5698 384
5618 380
5541 375
5540 371
5539 367
5538 363
5452 359
5451 355
5359 351
5358 347
5357 343
5269 339
5186 334
5106 330
5105 326
5104 322
6003 595.083
6002 599.083
6004 591.083
6085 586.083
6041 245.968
6033 268.968
6034 264.968
6035 260.968
6032 272.968
6037 253.968
6038 249.968
6027 292.968
6028 288.968
6029 284.968
6030 280.968
6031 276.968
6109 288.968
6110 284.968
6111 280.968
6112 276.968
6081 602.083
6157 598.083
6232 594.083
6307 589.083
6308 585.083
6309 581.083
6310 577.083
6311 573.083
6312 569.083
6121 249.968
6122 249.968
6042 245.968
6113 272.968
6115 264.968
6114 268.968
6117 257.968
6118 253.968
6155 418
6079 413
6078 409
5997 405
5996 401
5923 397
5849 393
6156 602.083
6159 590.083
6158 594.083
6233 590.083
6192 268.968
6195 257.968
6194 261.968
6197 253.968
6187 288.968
6186 292.968
6189 280.968
6190 276.968
6188 284.968
6191 272.968
6235 582.083
6234 586.083
6237 574.083
6236 578.083
6231 598.083
6306 593.083
6230 418
6154 414
6265 276.968
6266 272.968
6264 280.968
6269 261.968
6268 265.968
6271 257.968
6261 292.968
6263 284.968
6262 288.968
6241 345.127
6167 341.127
6318 349.127
6319 345.127
6320 341.127
6321 337.127
6244 333.127
6170 329.127
6093 325.127
6094 321.127
6095 317.127
6015 313.127
5936 309.127
6305 597.083
6345 269.968
6346 265.968
6348 261.968
6351 261.968
6274 257.968
6200 253.968
6339 292.968
6338 296.968
6341 284.968
6340 288.968
6343 276.968
6342 280.968
6393 550.083
6394 546.083
6392 554.083
6385 582.083
6386 578.083
6387 574.083
6388 570.083
6389 566.083
6390 562.083
6391 558.083
6384 586.083
6381 598.083
6382 594.083
6383 590.083
6380 419
6303 414
6302 410
6301 406
6226 402
6225 398
6149 394
6073 389
5992 385
5919 381
5845 377
5770 372
5769 368
6424 269.968
6426 265.968
6417 296.968
6416 300.968
6418 292.968
6419 288.968
6421 280.968
6420 284.968
6423 273.968
6409 328.968
6331 324.968
6254 320.968
6180 316.968
6181 312.968
6182 308.968
6183 304.968
6184 300.968
6185 296.968
6411 320.968
6333 316.968
6256 312.968
6412 316.968
6334 312.968
6257 308.968
6415 304.968
6401 333.127
6323 329.127
6246 325.127
6172 321.127
6459 595.083
6540 591.083
6620 586.083
6621 582.083
6622 578.083
6700 574.083
6776 570.083
6849 565.083
6850 561.083
6922 557.083
6998 553.083
7069 548.083
7070 544.083
7071 540.083
7140 536.083
7205 532.083
7206 528.083
7207 524.083
7208 520.083
7275 516.083
7343 511.083
7344 507.083
7345 503.083
7346 499.083
7347 495.083
7416 491.083
6458 599.083
6539 595.083
6619 590.083
6697 586.083
6773 582.083
6846 577.083
6847 573.083
6848 569.083
6920 565.083
6996 561.083
7067 556.083
7068 552.083
6461 587.083
6542 583.083
6460 591.083
6541 587.083
6463 579.083
6464 575.083
6465 571.083
6546 567.083
6626 562.083
6704 558.083
6780 554.083
6853 549.083
6925 545.083
6926 541.083
6927 537.083
7003 533.083
7074 528.083
7143 524.083
7144 520.083
7145 516.083
7210 512.083
7277 508.083
6462 583.083
6543 579.083
6623 574.083
6624 570.083
6625 566.083
6483 337.127
6473 539.083
6472 543.083
6477 526.083
6558 522.083
6638 517.083
6716 513.083
6792 509.083
6865 504.083
6937 500.083
7013 496.083
6478 525.083
6559 521.083
6639 516.083
6717 512.083
6793 508.083
6866 503.083
6938 499.083
6467 563.083
6468 559.083
6469 555.083
6550 551.083
6630 546.083
6708 542.083
6709 538.083
6785 534.083
6858 529.083
6930 525.083
6931 521.083
7007 517.083
7078 512.083
7079 508.083
7080 504.083
7081 500.083
7150 496.083
7215 492.083
7216 488.083
6466 567.083
6547 563.083
6627 558.083
6628 554.083
6629 550.083
6707 546.083
6783 542.083
6856 537.083
6857 533.083
6929 529.083
6471 547.083
6552 543.083
6632 538.083
6710 534.083
6786 530.083
6859 525.083
6860 521.083
6861 517.083
6862 513.083
6934 509.083
7010 505.083
6470 551.083
6551 547.083
6631 542.083
6505 277.968
6506 273.968
6508 269.968
6497 308.968
6499 300.968
6500 296.968
6501 292.968
6498 304.968
6502 288.968
6503 284.968
6553 539.083
6633 534.083
6634 530.083
6554 535.083
6556 527.083
6636 522.083
6545 571.083
6544 575.083
6549 555.083
6548 559.083
6585 288.968
6584 292.968
6587 281.968
6588 277.968
6591 273.968
6590 273.968
6579 312.968
6580 308.968
6581 304.968
6582 300.968
6583 296.968
6575 328.968
6493 324.968
6494 320.968
6495 316.968
6496 312.968
6560 520.083
6640 515.083
6718 511.083
6565 341.127
6618 594.083
6651 342.127
6572 338.127
6490 334.127
6408 330.127
6329 326.127
6252 322.127
6178 318.127
6101 314.127
6021 310.127
5941 306.127
5867 302.127
5792 298.127
5717 294.127
5638 290.127
5562 286.127
5477 282.127
6644 345.127
6664 292.968
6667 281.968
6666 285.968
6659 312.968
6658 316.968
6661 304.968
6660 308.968
6663 296.968
6662 300.968
6705 554.083
6781 550.083
6854 545.083
6706 550.083
6782 546.083
6855 541.083
6711 530.083
6696 590.083
6699 578.083
6698 582.083
6774 578.083
6701 570.083
6777 566.083
6703 562.083
6702 566.083
6778 562.083
6851 557.083
6852 553.083
6695 594.083
6745 285.968
6746 281.968
6744 289.968
6737 316.968
6736 320.968
6739 308.968
6738 312.968
6741 300.968
6740 304.968
6742 296.968
6733 332.968
6734 328.968
6656 324.968
6657 320.968
6735 324.968
6779 558.083
6771 590.083
6844 585.083
6845 581.083
6917 577.083
6993 573.083
7064 568.083
7065 564.083
7134 560.083
7135 556.083
7200 552.083
7201 548.083
7268 544.083
7336 539.083
7337 535.083
7338 531.083
7339 527.083
7408 523.083
7409 519.083
7410 515.083
6770 424
6769 420
6693 416
6615 411
6614 407
6534 403
6452 399
6374 395
6297 390
6222 386
6146 382
6070 377
5989 373
5916 369
5842 365
5767 360
5766 356
5765 352
5689 348
5609 344
6772 586.083
6775 574.083
6809 332.968
6811 324.968
6810 328.968
6813 316.968
6812 320.968
6815 308.968
6816 304.968
6814 312.968
6784 538.083
6787 526.083
6789 518.083
6788 522.083
6790 514.083
6863 509.083
6843 589.083
6817 300.968
6819 293.968
6821 285.968
6822 285.968
6879 340.968
6880 336.968
6870 354.127
6799 350.127
6724 346.127
6646 342.127
6567 338.127
6910 648.083
6888 304.968
6890 297.968
6892 289.968
6881 332.968
6883 324.968
6884 320.968
6885 316.968
6886 312.968
6887 308.968
6882 328.968
6941 358.127
6933 513.083
6932 517.083
7008 513.083
6935 505.083
7011 501.083
7082 496.083
7151 492.083
6921 561.083
6997 557.083
6923 553.083
6999 549.083
6924 549.083
6915 585.083
6916 581.083
6992 577.083
7063 572.083
6914 589.083
6990 585.083
7061 580.083
6919 569.083
6995 565.083
7066 560.083
6918 573.083
6994 569.083
6953 328.968
6952 332.968
6954 324.968
6957 312.968
6956 316.968
6958 308.968
6949 344.968
6951 336.968
6950 340.968
7001 541.083
7072 536.083
7073 532.083
7142 528.083
7000 545.083
7002 537.083
7005 525.083
7076 520.083
7004 529.083
7075 524.083
7006 521.083
7077 516.083
6985 613.083
6984 617.083
6987 605.083
7056 600.083
6986 609.083
6989 589.083
7060 584.083
6988 601.083
7057 596.083
6991 581.083
7062 576.083
6977 645.083
7046 640.083
7115 636.083
7116 632.083
7117 628.083
7118 624.083
7183 620.083
7184 616.083
7251 612.083
7319 607.083
7388 603.083
7454 599.083
7455 595.083
7456 591.083
7457 587.083
7458 583.083
7459 579.083
7460 575.083
7461 571.083
7462 567.083
7463 563.083
7464 559.083
7465 555.083
7466 551.083
7467 547.083
6976 649.083
7045 644.083
7114 640.083
6979 637.083
7048 632.083
6978 641.083
7047 636.083
6981 629.083
7050 624.083
6980 633.083
7049 628.083
6983 621.083
7032 312.968
7034 305.968
7035 301.968
6961 297.968
6962 293.968
7025 340.968
7024 344.968
7027 332.968
7028 328.968
7026 336.968
7029 324.968
6955 320.968
7031 316.968
7030 320.968
7017 362.127
7018 362.127
7023 348.968
7009 509.083
7059 588.083
7058 592.083
7044 648.083
7097 340.968
7096 344.968
7099 332.968
7098 336.968
7101 324.968
7100 328.968
7103 316.968
7102 320.968
7089 366.127
7088 366.127
7095 348.968
7094 352.968
7085 369.127
7015 365.127
6939 361.127
6868 357.127
6797 353.127
6722 349.127
7087 366.127
7133 564.083
7132 568.083
7121 612.083
7186 608.083
7253 604.083
7321 599.083
7322 595.083
7391 591.083
7120 616.083
7185 612.083
7123 604.083
7122 608.083
7187 604.083
7188 600.083
7255 596.083
7323 591.083
7324 587.083
7393 583.083
7394 579.083
7395 575.083
7396 571.083
7113 644.083
7112 648.083
7177 644.083
7178 640.083
7245 636.083
7313 631.083
7314 627.083
7383 623.083
7384 619.083
7385 615.083
7451 611.083
7452 607.083
7453 603.083
7119 620.083
7105 309.968
7163 360.968
7164 356.968
7162 372.968
7228 368.968
7229 364.968
7165 352.968
7167 344.968
7168 340.968
7169 336.968
7166 348.968
7157 370.127
7156 370.127
7159 370.127
7158 370.127
7147 508.083
7148 504.083
7213 500.083
7280 496.083
7348 491.083
7349 487.083
7350 483.083
7351 479.083
7146 512.083
7211 508.083
7278 504.083
7149 500.083
7214 496.083
7137 548.083
7138 544.083
7139 540.083
7204 536.083
7136 552.083
7141 532.083
7193 580.083
7194 576.083
7261 572.083
7329 567.083
7330 563.083
7331 559.083
7332 555.083
7192 584.083
7195 572.083
7199 556.083
7266 552.083
7334 547.083
7335 543.083
7189 596.083
7256 592.083
7191 588.083
7190 592.083
7257 588.083
7325 583.083
7176 309.968
7106 305.968
7179 636.083
7246 632.083
7181 628.083
7248 624.083
7316 619.083
7180 632.083
7182 624.083
7249 620.083
7317 615.083
7318 611.083
7171 328.968
7172 324.968
7170 332.968
7173 320.968
7175 313.968
7224 374.127
7227 372.968
7231 356.968
7230 360.968
7219 377.127
7154 373.127
7221 374.127
7223 374.127
7222 374.127
7209 516.083
7276 512.083
7212 504.083
7203 540.083
7270 536.083
7202 544.083
7269 540.083
7259 580.083
7327 575.083
7328 571.083
7258 584.083
7326 579.083
7260 576.083
7263 564.083
7262 568.083
7250 616.083
7252 608.083
7320 603.083
7241 317.968
7243 644.083
7311 639.083
7380 635.083
7381 631.083
7447 627.083
7448 623.083
7449 619.083
7450 615.083
7242 313.968
7244 640.083
7312 635.083
7247 628.083
7315 623.083
7233 348.968
7234 344.968
7235 340.968
7236 336.968
7237 332.968
7238 328.968
7239 324.968
7232 352.968
7289 378.127
7288 378.127
7291 378.127
7290 378.127
7293 376.968
7294 372.968
7292 378.127
7225 374.127
7295 368.968
7296 364.968
7281 492.083
7283 484.083
7282 488.083
7287 378.127
7273 524.083
7341 519.083
7342 515.083
7411 511.083
7272 528.083
7340 523.083
7274 520.083
7279 500.083
7264 560.083
7267 548.083
7271 532.083
7305 328.968
7304 332.968
7307 321.968
7310 643.083
7379 639.083
7297 360.968
7298 356.968
7299 352.968
7300 348.968
7301 344.968
7303 336.968
7302 340.968
7353 474.127
7555 462.127
7357 382.127
7356 382.127
7359 382.127
7358 382.127
7376 325.968
7369 352.968
7370 348.968
7368 356.968
7371 344.968
7373 336.968
7372 340.968
7361 382.127
7360 382.127
7363 376.968
7362 380.968
7365 368.968
7367 360.968
7366 364.968
7417 487.083
7419 479.083
7418 483.083
7420 475.083
7422 388.127
7413 503.083
7414 499.083
7412 507.083
7415 495.083
7401 551.083
7400 555.083
7403 543.083
7405 535.083
7404 539.083
7407 527.083
7406 531.083
7397 567.083
7398 563.083
7399 559.083
7441 340.968
7440 344.968
7442 336.968
7433 372.968
7432 376.968
7435 364.968
7434 368.968
7437 356.968
7438 352.968
7436 360.968
7439 348.968
7425 386.127
7424 386.127
7427 386.127
7426 386.127
7429 386.127
7428 386.127
7431 380.968
7430 384.968
7513 630.127
7514 626.127
7515 622.127
7516 618.127
7517 614.127
7518 610.127
7519 606.127
7520 602.127
7521 598.127
7522 594.127
7523 590.127
7524 586.127
7525 582.127
7526 578.127
7527 574.127
7528 570.127
7529 566.127
7530 562.127
7531 558.127
7532 554.127
7533 550.127
7534 546.127
7535 542.127
7536 538.127
7537 534.127
7538 530.127
7539 526.127
7540 522.127
7541 518.127
7542 514.127
7543 510.127
7544 506.127
7545 502.127
7546 498.127
7547 494.127
7548 490.127
7549 486.127
7550 482.127
7551 478.127
7552 474.127
7553 470.127
7554 466.127
7505 352.968
7506 348.968
7507 344.968
7504 356.968
7497 384.968
7496 388.968
7499 376.968
7498 380.968
7501 368.968
7502 364.968
7503 360.968
7489 390.127
7491 390.127
7493 390.127
7492 390.127
7495 390.127
7494 390.127
7579 344.968
7582 639.127
7583 635.127
7656 631.127
7657 627.127
7730 623.127
7804 618.127
7805 614.127
7569 384.968
7568 388.968
7570 380.968
7573 368.968
7574 364.968
7572 372.968
7575 360.968
7560 394.127
7563 394.127
7562 394.127
7565 394.127
7564 394.127
7567 392.968
7566 394.127
7559 396.127
7488 392.127
7609 531.127
7682 527.127
7755 523.127
7829 518.127
7830 514.127
7608 535.127
7681 531.127
7611 523.127
7684 519.127
7685 515.127
7758 511.127
7832 506.127
7610 527.127
7613 515.127
7686 511.127
7687 507.127
7688 503.127
7689 499.127
7690 495.127
7691 491.127
7692 487.127
7693 483.127
7766 479.127
7840 474.127
7612 519.127
7615 507.127
7614 511.127
7603 555.127
7676 551.127
7677 547.127
7678 543.127
7679 539.127
7680 535.127
7605 547.127
7604 551.127
7607 539.127
7606 543.127
7592 599.127
7665 595.127
7666 591.127
7739 587.127
7813 582.127
7641 392.968
7640 396.968
7643 384.968
7644 380.968
7645 376.968
7642 388.968
7647 368.968
7646 372.968
7633 398.127
7637 398.127
7636 398.127
7639 398.127
7638 398.127
7625 467.127
7698 463.127
7771 459.127
7845 454.127
7846 450.127
7847 446.127
7624 471.127
7627 459.127
7700 455.127
7701 451.127
7702 447.127
7703 443.127
7626 463.127
7629 451.127
7630 447.127
7628 455.127
7617 499.127
7616 503.127
7619 491.127
7618 495.127
7621 483.127
7622 479.127
7623 475.127
7696 471.127
7769 467.127
7843 462.127
7844 458.127
7620 487.127
7648 364.968
7649 360.968
7576 356.968
7654 345.091
10081 341.055
7707 402.127
7709 402.127
7711 402.127
7710 402.127
7697 467.127
7770 463.127
7699 459.127
7772 455.127
7695 475.127
7768 471.127
7842 466.127
7694 479.127
7767 475.127
7841 470.127
7683 523.127
7756 519.127
7720 368.968
7713 396.968
7712 400.968
7715 388.968
7714 392.968
7717 380.968
7716 384.968
7719 372.968
7718 376.968
7773 451.127
7775 443.127
7849 438.127
7850 434.127
7774 447.127
7848 442.127
7761 499.127
7835 494.127
7760 503.127
7834 498.127
7763 491.127
7837 486.127
7762 495.127
7836 490.127
7765 483.127
7839 478.127
7764 487.127
7838 482.127
7753 531.127
7827 526.127
7752 535.127
7826 530.127
7754 527.127
7828 522.127
7757 515.127
7831 510.127
7759 507.127
7833 502.127
7751 539.127
7825 534.127
7793 372.968
7794 368.968
7795 364.968
7792 376.968
7785 404.968
7784 406.127
7787 396.968
7788 392.968
7789 388.968
7790 384.968
7791 380.968
7786 400.968
7776 439.127
7778 431.127
7852 426.127
7783 406.127
7782 406.127
7865 380.968
7866 376.968
7864 384.968
7857 410.127
7856 410.127
7859 404.968
7860 400.968
7861 396.968
7858 408.968
7863 388.968
7862 392.968
7855 410.127
7929 414.127
7931 412.968
7932 408.968
7930 414.127
7933 404.968
7935 396.968
7936 392.968
7937 388.968
7938 384.968
7934 400.968
7941 372.968
7868 368.968
7993 434.127
7992 438.127
7995 426.127
7996 422.127
7999 418.127
7985 466.127
7984 470.127
7989 450.127
7990 446.127
7988 454.127
7991 442.127
7979 490.127
7981 482.127
7982 478.127
7980 486.127
7983 474.127
7971 522.127
7972 518.127
7973 514.127
7974 510.127
8013 367.968
7944 360.968
8000 418.127
8057 430.127
8058 426.127
8062 422.127
8041 494.127
8035 518.127
8036 514.127
8074 376.968
8065 411.968
8064 415.968
8067 403.968
8069 395.968
8070 391.968
8121 426.127
8123 419.968
