 key  value
8122 549.968
8123 545.968
8124 541.968
8125 537.968
8126 533.968
8127 529.968
8128 525.968
8129 521.968
8070 517.968
8008 513.968
8009 509.968
8010 505.968
8011 501.968
7942 494.968
7869 490.968
7796 486.968
7723 482.968
7651 478.968
7652 474.968
7653 470.968
7580 466.968
7509 462.968
7443 458.968
7375 454.968
7306 450.968
7240 446.968
7174 442.968
7104 438.968
7033 434.968
6959 430.968
6889 426.968
6818 422.968
6743 418.968
6665 414.968
6586 410.968
6504 406.968
6422 402.968
6344 398.968
6267 394.968
6193 390.968
6116 386.968
6036 382.968
5956 378.968
5883 374.968
5809 370.968
5734 366.968
5655 362.968
5579 358.968
5494 354.968
5404 350.968
5313 346.968
5226 342.968
5147 338.968
5066 334.968
4983 330.968
4899 326.968
4814 322.968
4727 315.968
4728 311.968
4729 307.968
9898 303.451
4643 298
4557 294
4469 290
4380 286
4289 282
4196 278
4105 274
4016 270
3928 266
3839 262
3750 258
3665 254
3582 250
3497 246
3409 242
3319 238
3225 234
3133 230
3043 226
2940 222
2941 218
2942 214
2943 210
2944 206
2945 202
2946 198
2947 194
2948 190
2949 186
3045 179
3137 175
3138 171
3229 166
3323 159
3324 155
3325 151
3326 147
3327 143
3328 139
3329 135
3330 131
3331 127
3332 123
3333 119
3417 115
3503 110
3504 106
3505 102
3591 98
3675 94
3763 89
3764 85
3765 81
3766 77
3854 73
3855 69
3944 65
4034 61
4124 56
4125 52
4126 48
4127 44
4128 40
4129 36
4130 32
4131 28
4132 24
4133 20
4134 16
4135 12
4136 8
4137 4
8113 585.968
8054 581.968
8055 577.968
7993 573.968
7994 569.968
7995 565.968
7996 561.968
7997 557.968
7998 553.968
7999 549.968
8000 545.968
8001 541.968
8002 537.968
8003 533.968
8004 529.968
8005 525.968
8006 521.968
8007 517.968
8112 589.968
8053 585.968
8115 577.968
8056 573.968
8057 569.968
8058 565.968
8059 561.968
8114 581.968
8117 569.968
8118 565.968
8119 561.968
8060 557.968
8116 573.968
8105 617.968
8046 613.968
8047 609.968
8048 605.968
7986 601.968
7987 597.968
7988 593.968
7989 589.968
7990 585.968
7991 581.968
7992 577.968
8104 621.968
8045 617.968
7983 613.968
7984 609.968
7985 605.968
8107 609.968
8106 613.968
8109 601.968
8110 597.968
8051 593.968
8052 589.968
8108 605.968
8049 601.968
8111 593.968
8097 649.968
8098 645.968
8099 641.968
8040 637.968
8041 633.968
7979 629.968
7980 625.968
7981 621.968
7982 617.968
8096 653.968
8101 633.968
8042 629.968
8043 625.968
8044 621.968
8100 637.968
8103 625.968
8102 629.968
8155 649.968
8157 641.968
8158 637.968
8159 633.968
8156 645.968
8136 725.968
8137 721.968
8138 717.968
8139 713.968
8140 709.968
8141 705.968
8142 701.968
8085 697.968
8086 693.968
8087 689.968
8028 685.968
8029 681.968
8030 677.968
8031 673.968
8032 669.968
8033 665.968
8034 661.968
8035 657.968
8036 653.968
7974 649.968
7975 645.968
7976 641.968
7977 637.968
7978 633.968
8185 529.968
8184 533.968
8177 561.968
8120 557.968
8121 553.968
8176 565.968
8179 553.968
8178 557.968
8181 545.968
8180 549.968
8183 537.968
8182 541.968
8169 593.968
8170 589.968
8171 585.968
8168 597.968
8173 577.968
8174 573.968
8175 569.968
8172 581.968
8161 625.968
8160 629.968
8163 617.968
8164 613.968
8165 609.968
8162 621.968
8167 601.968
8166 605.968
8217 633.968
8218 629.968
8216 637.968
8219 625.968
8221 617.968
8222 613.968
8223 609.968
8224 605.968
8225 601.968
8226 597.968
8227 593.968
8228 589.968
8220 621.968
8215 641.968
8214 645.968
8241 537.968
8240 541.968
8242 533.968
8233 569.968
8234 565.968
8232 573.968
8235 561.968
8236 557.968
8237 553.968
8238 549.968
8239 545.968
8229 585.968
8230 581.968
8231 577.968
8281 593.968
8280 597.968
8283 585.968
8284 581.968
8285 577.968
8286 573.968
8287 569.968
8282 589.968
8273 625.968
8272 629.968
8275 617.968
8274 621.968
8277 609.968
8276 613.968
8279 601.968
8278 605.968
91 358
92 354
113 350
128 345
146 341
175 337
213 333
259 328
310 324
366 320
428 315
492 311
563 307
635 302
705 298
782 294
867 289
945 285
1017 281
1087 277
1160 272
1244 268
1328 264
1419 259
1516 255
1610 251
1708 246
1799 242
1882 238
1971 233
2062 229
2152 225
2238 221
2326 216
2412 212
2497 208
2583 203
2670 199
2759 195
2848 190
8269 641.968
8270 637.968
8271 633.968
93 350
94 346
115 342
116 338
117 334
118 330
135 318
154 311
183 307
221 303
267 298
318 294
374 290
436 285
500 281
571 277
643 272
713 268
790 264
875 259
876 255
877 251
878 247
956 243
1028 239
1098 235
1171 230
1255 226
1256 222
1340 218
1431 213
1528 209
1529 205
1530 201
1531 197
1625 193
1723 188
1724 184
1725 180
1816 176
1899 172
1988 167
2079 163
2169 159
2255 155
2343 150
2344 146
2430 142
2431 138
2432 134
2433 130
2518 126
2604 121
2605 117
2606 113
2607 109
2608 105
2609 101
2610 97
2611 93
2612 89
2613 85
2614 81
2615 77
2698 73
2784 69
2873 64
2974 60
3069 56
3163 52
3257 47
3258 43
3352 39
3437 35
3523 30
3609 26
3693 22
3781 17
3869 13
3958 9
4048 5
8268 645.968
8319 641.968
8318 645.968
8298 525.968
8299 521.968
8246 517.968
8189 513.968
8132 509.968
8073 505.968
125 357
126 353
127 349
145 345
8289 561.968
8288 565.968
112 354
8291 553.968
8290 557.968
114 346
8293 545.968
8292 549.968
8294 541.968
8344 541.968
8295 537.968
8349 527.802
9963 525.837
110 362
8337 569.968
8336 573.968
8339 561.968
8340 557.968
8341 553.968
8342 549.968
8343 545.968
8338 565.968
8329 601.968
8328 605.968
8331 593.968
8330 597.968
8333 585.968
8334 581.968
8332 589.968
8335 577.968
8321 633.968
8322 629.968
8323 625.968
8324 621.968
8320 637.968
144 349
147 338
148 334
177 330
215 326
261 321
312 317
368 313
430 308
494 304
565 300
637 295
707 291
784 287
869 282
947 278
1019 274
1089 270
1162 265
1246 261
1330 257
1421 252
1518 248
1612 244
1710 239
1801 235
1884 231
1973 226
2064 222
2154 218
2240 214
2328 209
2414 205
2499 201
2585 196
2672 192
2761 188
2850 183
2951 179
3046 175
8325 617.968
149 331
150 327
179 323
217 319
263 314
264 310
265 306
266 302
8327 609.968
8326 613.968
8377 605.968
8376 609.968
8379 597.968
8378 601.968
8381 589.968
8382 585.968
8380 593.968
8383 581.968
143 353
8369 637.968
8370 633.968
129 342
130 338
8368 641.968
8371 629.968
8372 625.968
131 334
132 330
133 326
134 322
8373 621.968
8374 617.968
8375 613.968
176 334
178 327
216 323
262 318
313 314
369 310
431 305
495 301
566 297
638 292
708 288
785 284
870 279
948 275
949 271
950 267
951 263
952 259
1024 255
1094 251
1167 246
1168 242
1169 238
1170 234
1254 230
181 315
182 311
220 307
180 319
173 345
211 341
257 336
258 332
309 328
172 349
174 341
212 337
8393 541.968
8394 537.968
8395 533.968
8396 529.968
8348 525.968
219 311
218 315
8385 573.968
8386 569.968
8387 565.968
209 349
255 344
256 340
307 336
363 332
425 327
426 323
490 319
561 315
633 310
703 306
704 302
8384 577.968
210 345
8389 557.968
8390 553.968
8391 549.968
8392 545.968
8388 561.968
214 330
260 325
311 321
8441 549.968
8440 553.968
8433 581.968
8434 577.968
8435 573.968
8436 569.968
8437 565.968
8438 561.968
8432 585.968
8439 557.968
8425 613.968
8426 609.968
8424 617.968
8427 605.968
8429 597.968
8430 593.968
8431 589.968
8428 601.968
254 348
8419 637.968
8420 633.968
8421 629.968
8418 641.968
8423 621.968
8422 625.968
8473 613.968
8472 617.968
8475 605.968
8474 609.968
8477 597.968
8476 601.968
8479 589.968
8478 593.968
8467 637.968
8466 641.968
8469 629.968
8468 633.968
8471 621.968
8470 625.968
8499 697.968
8500 693.968
8501 689.968
8455 685.968
8408 681.968
8409 677.968
8360 673.968
8312 669.968
8263 665.968
8264 661.968
8211 657.968
8154 653.968
315 306
371 302
433 297
434 293
435 289
499 285
314 310
370 306
432 301
496 297
567 293
639 288
640 284
710 280
787 276
872 271
317 298
373 294
316 302
372 298
319 293
375 289
437 284
501 280
572 276
8481 581.968
305 344
361 340
423 335
487 331
488 327
559 323
631 318
632 314
702 310
8480 585.968
8483 573.968
8482 577.968
306 340
362 336
424 331
8485 565.968
8484 569.968
308 332
8487 557.968
8486 561.968
299 387
355 383
416 378
478 374
479 370
480 366
550 359
622 354
623 350
624 346
625 342
626 338
627 334
628 330
629 326
630 322
700 318
701 314
8529 577.968
8528 581.968
8531 569.968
8532 565.968
8530 573.968
8533 561.968
8521 609.968
8520 613.968
8523 601.968
8524 597.968
8525 593.968
8522 605.968
8527 585.968
8526 589.968
8515 633.968
8514 637.968
8517 625.968
8518 621.968
8516 629.968
8519 617.968
8569 597.968
8568 601.968
8571 589.968
8572 585.968
8573 581.968
8574 577.968
8575 573.968
8576 569.968
8570 593.968
8561 629.968
8560 633.968
8563 621.968
8564 617.968
8565 613.968
8566 609.968
8567 605.968
8562 625.968
360 344
422 339
8605 629.968
8606 625.968
365 324
427 319
491 315
8604 633.968
364 328
8607 621.968
367 317
429 312
353 391
414 386
415 382
477 378
8589 693.968
8590 689.968
8547 685.968
8548 681.968
8504 677.968
8505 673.968
8459 669.968
8412 665.968
8413 661.968
8364 657.968
8365 653.968
8366 649.968
8367 645.968
413 390
8588 697.968
8545 693.968
8546 689.968
412 394
474 390
475 386
476 382
8632 689.968
8633 685.968
8634 681.968
8635 677.968
8636 673.968
8637 669.968
8638 665.968
8597 661.968
8554 657.968
8510 653.968
8464 649.968
8417 645.968
8631 693.968
8630 697.968
8617 581.968
8618 577.968
8616 585.968
8619 573.968
8609 613.968
8608 617.968
8611 605.968
8612 601.968
8613 597.968
8614 593.968
8615 589.968
8610 609.968
8671 693.968
8672 689.968
8670 697.968
8657 589.968
8658 585.968
8656 593.968
8659 581.968
8661 573.968
8662 569.968
8663 565.968
8622 561.968
8623 557.968
8624 553.968
8581 549.968
8537 545.968
8491 541.968
8444 537.968
421 343
8660 577.968
420 347
8649 621.968
8650 617.968
473 394
8648 625.968
8651 613.968
8652 609.968
8653 605.968
8655 597.968
8654 601.968
469 410
470 406
471 402
472 398
8647 629.968
8646 633.968
8697 589.968
8696 593.968
8699 581.968
8700 577.968
8701 573.968
8702 569.968
8703 565.968
8664 561.968
8698 585.968
8689 621.968
8691 613.968
8690 617.968
8693 605.968
8694 601.968
8695 597.968
8692 609.968
8686 633.968
497 293
498 289
8729 617.968
489 323
560 319
8728 621.968
8731 609.968
8732 605.968
8733 601.968
8734 597.968
8735 593.968
8736 589.968
8737 585.968
8738 581.968
8739 577.968
8740 573.968
8730 613.968
483 347
554 343
485 339
556 335
484 343
8726 629.968
8688 625.968
486 335
557 331
537 411
609 406
610 402
611 398
612 394
613 390
614 386
615 382
616 378
617 374
618 370
619 366
620 362
621 358
539 403
538 407
541 395
540 399
543 387
542 391
8711 689.968
8712 685.968
8674 681.968
8710 693.968
8763 629.968
8727 625.968
8765 621.968
8764 625.968
8767 613.968
8766 617.968
8747 693.968
8746 697.968
570 281
642 276
712 272
789 268
874 263
8748 689.968
564 304
636 299
553 347
552 351
555 339
545 379
544 383
8787 693.968
547 371
8786 697.968
546 375
8788 689.968
8749 685.968
8713 681.968
8675 677.968
551 355
8776 577.968
605 422
606 418
607 414
608 410
8780 576.331
9950 570.669
8704 565.968
8665 561.968
8769 605.968
8770 601.968
8771 597.968
8772 593.968
8773 589.968
8768 609.968
8775 581.968
8774 585.968
8827 693.968
8828 689.968
8829 685.968
8790 681.968
8791 677.968
8792 673.968
8793 669.968
8754 665.968
8718 661.968
8680 657.968
8641 653.968
8600 649.968
8601 645.968
8602 641.968
8603 637.968
8816 577.968
8777 573.968
8741 569.968
8809 605.968
8808 609.968
8811 597.968
8810 601.968
8813 589.968
8814 585.968
8815 581.968
8812 593.968
8801 637.968
8762 633.968
8800 641.968
8803 629.968
8805 621.968
8806 617.968
8807 613.968
8804 625.968
8849 605.968
8850 601.968
8851 597.968
8852 593.968
8853 589.968
8848 609.968
8854 585.968
8841 637.968
8842 633.968
8843 629.968
8844 625.968
8845 621.968
8846 617.968
8847 613.968
8890 585.96
9969 582.03
8881 621.96
8882 617.96
8883 613.96
8884 609.96
8885 605.96
8886 601.96
8887 597.96
8888 593.96
8889 589.96
641 280
8880 625.96
8877 637.96
8878 633.96
8879 629.96
689 369
690 365
691 361
692 357
693 353
694 349
695 345
696 341
697 337
688 373
681 401
682 397
683 393
684 389
685 385
686 381
687 377
8920 605.96
8921 601.96
8922 597.96
680 405
8913 633.96
8914 629.96
8912 637.96
8915 625.96
8916 621.96
8917 617.96
675 425
676 421
677 417
678 413
679 409
8919 609.96
8918 613.96
8911 641.96
8910 645.96
8876 641.96
8953 609.96
8954 605.96
8952 613.96
8945 641.96
8944 645.96
8947 633.96
8946 637.96
8949 625.96
8950 621.96
709 284
786 280
871 275
8948 629.96
8951 617.96
711 276
761 400
762 396
763 392
764 388
765 384
766 380
767 376
768 372
769 368
770 364
771 360
772 356
773 352
774 348
760 404
753 432
754 428
755 424
756 420
757 416
758 412
759 408
8985 613.96
8986 609.96
8987 605.96
8988 601.96
8956 597.96
8957 593.96
8924 589.96
8984 617.96
8977 645.96
8978 641.96
8979 637.96
8976 649.96
8981 629.96
8982 625.96
8983 621.96
8980 633.96
8975 653.96
8974 657.96
8942 653.96
8909 649.96
788 272
873 267
9017 613.96
9016 617.96
9009 645.96
9010 641.96
9008 649.96
9011 637.96
9013 629.96
9012 633.96
9015 621.96
9014 625.96
9005 661.96
9006 657.96
9007 653.96
8997 693.96
8966 689.96
8967 685.96
8935 681.96
8936 677.96
8903 673.96
8869 669.96
8870 665.96
8871 661.96
8872 657.96
8873 653.96
8874 649.96
8875 645.96
8998 689.96
9041 641.96
9040 645.96
9043 633.96
9044 629.96
9045 625.96
9046 621.96
9047 617.96
9042 637.96
856 366
857 362
858 358
859 354
9037 657.96
9038 653.96
9039 649.96
9036 661.96
849 398
850 394
848 402
851 386
852 382
853 378
854 374
855 370
9029 689.96
9030 685.96
9031 681.96
9001 677.96
8970 673.96
8971 669.96
8972 665.96
8940 661.96
8907 657.96
9028 693.96
841 430
842 426
843 422
844 418
845 414
846 410
847 406
840 434
9073 629.96
9074 625.96
9072 633.96
9075 621.96
835 454
836 450
837 446
838 442
839 438
9065 661.96
9066 657.96
9064 665.96
9067 653.96
9068 649.96
9069 645.96
9070 641.96
9071 637.96
9059 685.96
9058 689.96
9063 669.96
9113 693.96
9114 689.96
9115 685.96
9116 681.96
9090 677.96
9062 673.96
9034 669.96
9004 665.96
8973 661.96
8941 657.96
8908 653.96
9117 677.96
9118 673.96
9092 669.96
9119 669.96
9120 665.96
9121 661.96
9122 657.96
9123 653.96
9124 649.96
9125 645.96
9099 641.96
9100 637.96
9104 621.96
9105 617.96
9077 613.96
9049 609.96
9019 605.96
9097 649.96
9098 645.96
921 450
922 446
923 442
9096 653.96
920 454
9101 633.96
9102 629.96
924 438
925 434
926 430
9103 625.96
927 426
928 422
9091 673.96
9093 665.96
9094 661.96
9095 657.96
9145 677.96
9144 681.96
9147 669.96
9148 665.96
9149 661.96
9146 673.96
9151 653.96
9150 657.96
9141 693.96
9142 689.96
9143 685.96
9128 633.96
9130 625.96
9131 621.96
9132 617.96
9106 613.96
9078 609.96
9050 605.96
9020 601.96
8989 597.96
954 251
1026 247
1096 243
9133 617.96
9107 613.96
9079 609.96
9051 605.96
944 289
946 282
1018 278
9127 637.96
9126 641.96
9177 653.96
9152 649.96
9176 657.96
937 381
938 377
939 373
940 369
936 385
9179 645.96
9180 641.96
9181 637.96
9182 633.96
9157 629.96
9158 625.96
9178 649.96
9169 685.96
929 418
930 414
9171 677.96
9172 673.96
9173 669.96
931 410
932 406
9170 681.96
933 402
934 398
9175 661.96
935 386.127
1010 382.127
1080 378.127
1153 373.127
1236 369.127
1319 365.127
1406 360.127
1502 353.127
1596 349.127
1690 344.127
1691 340.127
1692 336.127
1693 332.127
1694 328.127
1695 324.127
1696 320.127
1697 316.127
1698 312.127
1699 308.127
1700 304.127
1604 300.232
1605 296.232
1414 279
1511 275
1512 271
1606 267
1704 262
1705 258
1706 254
1707 250
1798 246
9174 665.96
9153 645.96
9154 641.96
9155 637.96
9156 633.96
9201 657.96
9200 661.96
9203 649.96
9204 645.96
9205 641.96
9206 637.96
9207 633.96
9183 629.96
9202 653.96
9193 689.96
9195 681.96
9197 673.96
1021 267
1091 263
1164 258
1248 254
1332 250
1423 245
1520 241
1521 237
1522 233
1616 229
1714 224
1715 220
1806 216
1889 212
1978 207
1979 203
2070 199
2160 195
2246 191
2334 186
2335 182
2336 178
2422 174
2507 170
2593 165
2594 161
2595 157
2682 153
2771 149
2860 144
2961 140
3056 136
3148 132
3239 127
9196 677.96
9199 665.96
9198 669.96
1022 263
1023 259
1093 255
1166 250
1009 402
1008 406
1011 381.127
1081 377.127
1015 289
1085 285
1158 280
1159 276
1014 293
1084 289
1157 284
9241 677.96
9242 673.96
9243 669.96
9222 665.96
1001 453
1000 457
1003 433
1004 429
1005 425
1006 421
9245 661.96
9246 657.96
9225 653.96
9244 665.96
9223 661.96
9247 653.96
9226 649.96
1007 410
9224 657.96
9227 645.96
9228 641.96
9219 677.96
9220 673.96
9221 669.96
1037 187
1038 183
1105 179
1182 174
1266 170
1353 166
1444 161
1541 157
1635 153
1733 148
1824 144
1907 140
1996 135
1997 131
1998 127
2089 123
2179 119
2265 115
2353 110
2439 106
2440 102
2441 98
2442 94
2527 90
1027 243
9249 645.96
1073 437
9248 649.96
1075 429
1076 425
1074 433
1077 410
1078 410
1097 239
1099 231
1172 226
1173 222
1257 218
1341 214
1432 209
1433 205
1434 201
1102 222
1258 214
1342 210
1088 274
1161 269
1245 265
1329 261
1420 256
1090 267
1163 262
1247 258
1095 247
1145 426.127
1229 422.127
1230 418.127
1231 414.127
1232 410.127
1233 406.127
1316 402.127
1496 394.127
1590 390.127
1684 385.127
1778 381.127
1949 373.127
1866 367.127
1867 363.127
1868 359.127
1782 355.127
1783 351.127
1784 347.127
1785 343.127
1786 339.127
1787 335.127
1788 331.127
1789 327.127
1790 323.127
1791 319.127
1792 315.127
1793 311.127
1144 431
1146 420
1147 416
1143 435
1142 439
1183 170
1267 166
1354 162
1445 157
1446 153
1447 149
1544 145
1638 141
1736 136
1737 132
1828 128
1829 124
1830 120
1913 116
2002 111
2093 107
2094 103
2184 99
2185 95
2271 91
2359 86
2445 82
2530 78
2616 73
2699 69
2785 65
2874 60
2975 56
3070 52
3164 48
1165 254
1152 377.127
1235 373.127
1156 288
1240 284
1324 280
1415 275
1416 271
1417 267
1418 263
1241 280
1325 276
1243 272
1242 276
1326 272
9421 2174.92
9422 2076.92
9423 1978.92
9424 1880.92
9442 1705.92
9443 1606.92
9461 1471.92
9477 1365.92
9494 1258.92
9512 1126.92
9531 1019.92
9551 912.924
6006 723.924
6087 718.924
6163 714.924
6238 710.924
6313 705.924
6314 701.924
6315 697.924
6316 693.924
6317 689.924
6395 682.924
6474 675.924
6555 671.924
6635 666.924
6713 662.924
6789 658.924
6862 653.924
6934 649.924
6935 645.924
6936 641.924
7012 637.924
7083 632.924
7152 628.924
7217 624.924
7284 620.924
7352 615.924
7421 611.924
7487 607.924
9982 603.983
7556 598.968
7557 594.968
7558 590.968
7631 583.968
7704 579.968
7777 575.968
7851 570.968
7924 566.968
7925 562.968
7926 558.968
7927 554.968
7928 550.968
7855 546.968
7782 542.968
7783 538.968
7784 534.968
7785 530.968
7786 526.968
7787 522.968
7714 518.968
7642 514.968
7643 510.968
7570 506.968
7499 502.968
7500 498.968
7501 494.968
7435 490.968
7367 486.968
7298 482.968
7299 478.968
7300 474.968
7301 470.968
7302 466.968
7236 462.968
7170 458.968
7100 454.968
7029 450.968
6955 446.968
6885 442.968
6814 438.968
6739 434.968
6661 430.968
6582 426.968
6583 422.968
6584 418.968
6585 414.968
9420 2272.92
1234 377.127
1225 439
1224 443
1227 430.127
1228 426.127
1226 435
1221 490
1220 486
1305 482
1392 478
1484 474
1485 470
1486 466
1393 459
1306 453
1223 446
9462 1435.42
9939 1345.01
9478 1327.1
9942 1238.22
9495 1219.92
1222 494
1264 178
1351 174
1442 169
1539 165
1540 161
1634 157
1732 152
1269 158
1270 154
1357 150
1448 145
1545 141
1639 137
1259 198
1260 194
1347 190
1438 185
1535 181
1629 177
1727 172
1728 168
1819 164
1902 160
1991 155
1992 151
2083 147
2173 143
2259 139
2347 134
1251 242
1335 238
1426 233
1427 229
1428 225
1429 221
1430 217
1527 213
1250 246
9493 1313.92
9511 1180.92
9530 1074.92
9550 968.924
9572 839.924
5928 742.924
1253 234
1252 238
1304 483
1307 450
1309 442.127
1310 438.127
1311 434.127
1312 430.127
1308 446.127
9529 1173.92
9528 1272.92
9532 1015.92
9525 2161.16
9544 2059.16
9563 1966.17
9586 1864.17
9607 1762.17
9629 1670.17
9630 1573.17
9631 1476.17
9984 1424.57
9609 1344.97
9610 1244.97
9611 1144.97
9612 1044.97
9613 944.968
9614 844.968
7873 778.968
7800 774.968
7801 770.968
7802 766.968
7803 762.968
7876 758.968
7877 754.968
7878 750.968
7879 746.968
7880 742.968
7881 738.968
7882 734.968
7883 730.968
7884 726.968
7885 722.968
7886 718.968
7887 714.968
7888 710.968
7889 706.968
7890 702.968
7891 698.968
7892 694.968
7893 690.968
7894 686.968
7895 682.968
7896 678.968
7897 674.968
7898 670.968
7899 666.968
7900 662.968
7901 658.968
7902 654.968
7903 650.968
7904 646.968
7905 642.968
7906 638.968
7907 634.968
7908 630.968
7909 626.968
7910 622.968
7911 618.968
7912 614.968
7913 610.968
7914 606.968
7915 602.968
7916 598.968
7917 594.968
7918 590.968
7919 586.968
7920 582.968
7921 578.968
7922 574.968
7923 570.968
9524 2256.16
9543 2154.16
9562 2061.16
9585 1960.17
9606 1859.17
9628 1767.17
9527 1371.92
9513 1122.92
1337 230
1336 234
1339 222
1338 226
1343 206
9506 2357.16
9509 1376.92
9510 1278.92
1334 242
1425 237
9567 1329.92
9568 1231.92
9569 1133.92
9570 1035.92
9571 937.924
1327 268
9566 1427.92
1317 373.127
1404 368.127
1405 364.127
1318 369.127
9547 1267.92
9546 1366.92
9549 1068.92
9548 1167.92
9593 836.924
6911 784.924
6912 780.924
6913 776.924
6982 765.924
7051 760.924
7120 756.924
7185 752.924
7252 748.924
7320 743.924
7321 739.924
7390 735.924
7391 731.924
7457 727.924
7458 723.924
7459 719.924
7460 715.924
7461 711.924
7462 707.924
7463 703.924
7464 699.924
7465 695.924
7466 691.924
7467 687.924
7468 683.924
7469 679.924
7470 675.924
7471 671.924
7472 667.924
7473 663.924
7474 659.924
7475 655.924
7476 651.924
7477 647.924
7478 643.924
7479 639.924
7480 635.924
7481 631.924
7482 627.924
7483 623.924
7484 619.924
7485 615.924
7486 611.924
9592 935.924
9595 309
9594 210
5374 136
5373 132
5372 128
5284 124
5201 119
5121 115
5039 111
4955 106
4954 102
4869 98
4782 94
4693 89
4692 85
4606 81
4605 77
4604 73
4517 69
4428 65
4336 60
4244 56
4151 52
4150 48
4149 44
4148 40
4147 36
4146 32
4145 28
4144 24
4143 20
4142 16
4141 12
4140 8
4139 4
1352 170
1443 165
1355 158
1359 142
1450 137
1547 133
1641 129
1739 124
1358 146
1449 141
1546 137
1640 133
1738 128
1345 198
1436 193
1437 189
1346 194
9589 1232.92
9590 1133.92
9591 1034.92
9588 1331.92
1349 182
1440 177
1441 173
1538 169
1348 186
1439 181
1350 178
1401 425.127
1314 421.127
1315 417.127
1400 429.127
1403 397.127
1497 393.127
1591 389.127
1402 421.127
1395 454
1394 457
9573 364.004
4102 360.004
4287 352.004
4378 347.004
4468 340.004
4556 336.004
4726 324.004
9909 319.892
1397 446.127
1396 450.127
1399 433.127
9574 215
4262 128
4261 124
4260 120
4259 116
4258 112
4257 108
4256 104
4163 100
4162 96
4161 92
4160 88
4159 84
4158 80
4157 76
4156 72
4155 68
4154 64
4153 60
4152 56
1398 440.127
1391 482
9617 319
9616 220
6909 150
6841 145
6768 141
6692 137
6614 132
6613 128
6533 124
6451 120
6373 116
6296 111
6221 107
6145 103
6069 98
5988 94
5915 90
5841 86
5766 81
5690 77
5610 73
5533 68
5447 64
5355 60
5267 56
5184 51
5104 47
5022 43
4938 38
4853 34
4766 30
4677 25
4591 21
4504 17
4415 13
4323 8
4231 4
1435 197
1424 241
9657 1086.97
9636 983.968
9656 1183.97
9635 1080.97
9658 1184.97
9661 421.756
9638 313.756
10125 299.172
9660 390
9637 282
9615 189
6896 136
6829 132
6757 128
6682 124
6605 120
6525 116
6443 112
6365 108
6289 104
6214 100
6138 96
6063 92
5982 88
5909 84
5835 80
5761 76
5685 72
5605 68
5529 64
5443 60
5351 56
5263 52
5181 48
5101 44
5019 40
4936 36
4851 32
4764 28
4676 24
4590 20
4503 16
4414 12
9655 1281.97
9634 1177.97
9654 1378.97
9633 1274.97
9639 335
9681 498
9680 1191.97
9682 529.756
1499 365.127
1593 361.127
1687 356.127
1688 352.127
1689 348.127
1498 369.127
9677 1456.44
10128 1357.03
1500 361.127
1501 357.127
1595 353.127
9679 1189.97
9678 1286.97
1491 448.127
1492 444.127
1490 454.127
1493 439.127
1494 435.127
1495 398.127
9721 1384.97
9700 1280.97
9720 1382.97
1483 478
1482 490
1579 486
1580 482
1581 478
1582 474
1583 470
1487 463
1533 189
1627 185
1532 193
1534 185
1628 181
1726 176
1817 172
1818 168
9699 1377.97
9701 1282.97
1525 221
1619 217
1717 212
1718 208
1719 204
1720 200
1811 196
1812 192
1895 188
1984 183
1985 179
1986 175
2077 171
2167 167
2168 163
2254 159
2342 154
1524 225
1618 221
1716 216
1526 217
1513 267
1607 263
1515 259
1514 263
1517 252
9742 1562.97
9741 1463.97
1553 121
1647 117
1745 112
1836 108
1919 104
2008 99
2099 95
2189 91
2275 87
2363 82
2449 78
2534 74
2620 69
2703 65
2789 61
2878 56
2979 52
3074 48
3168 44
3261 40
3355 36
3440 32
3525 28
3611 24
3695 20
3782 16
3870 12
3959 8
4049 4
1552 122
1646 118
1744 113
1835 109
1918 105
2007 100
2098 96
2188 92
2274 88
2362 83
2448 79
2533 75
2619 70
2702 66
2788 62
2877 57
2978 53
3073 49
3167 45
1555 119
1649 115
1747 110
1838 106
1921 102
2010 97
2101 93
2191 89
2277 85
2365 80
2451 76
2536 72
2621 68
2704 64
2790 60
1554 120
1648 116
1746 111
1837 107
1920 103
2009 98
2100 94
2190 90
2276 86
2364 81
2450 77
2535 73
1556 118
1650 114
1748 109
1839 105
1922 101
2011 96
2102 92
2192 88
2278 84
1549 125
1643 121
1741 116
1832 112
1915 108
2004 103
2095 99
1551 123
1645 119
1743 114
1834 110
1917 106
2006 101
2097 97
2187 93
2273 89
2361 84
2447 80
2532 76
2618 71
2701 67
2787 63
2876 58
2977 54
3072 50
3166 46
3260 41
3354 37
3439 33
1550 124
1644 120
1742 115
1833 111
1916 107
2005 102
2096 98
2186 94
2272 90
2360 85
2446 81
2531 77
2617 72
2700 68
2786 64
2875 59
2976 55
3071 51
3165 47
3259 42
3353 38
3438 34
3524 29
3610 25
3694 21
1537 173
1536 177
1630 173
9782 1790.97
9781 1693.97
9761 1567.97
1543 149
1542 153
1592 365.127
1686 360.127
1585 464.723
1586 460.723
1587 456.723
1588 452.723
9901 451.737
1584 467
9762 1667.97
1589 394.127
9819 1859.97
9799 1756.97
9779 1655.97
9760 1565.97
9818 1858.97
9821 1865.97
9801 1761.97
9780 1657.97
9820 1862.97
9800 1758.97
9823 1251.22
9804 1154.22
9784 1057.22
9763 944.764
9744 847.764
9723 750.764
10126 657.03
9702 572
9822 1901.97
9802 1797.97
1624 197
1722 192
1813 188
1896 184
1626 189
1621 209
1620 213
1623 201
1721 196
9798 1779.97
9778 1677.97
9759 1587.97
9740 1485.97
1622 205
1609 255
1608 259
1611 248
1709 243
1613 241
1711 236
1712 232
1713 228
1804 224
1887 220
1976 215
1977 211
9844 1115.27
9833 1098.21
10024 1063.55
9830 1023.46
9871 973.121
9829 916.435
9912 879.523
9828 848.204
9927 805.736
9827 766.864
9897 751.143
1657 112
1754 108
1844 104
1927 100
2015 96
2105 92
2194 88
2280 84
2367 80
2453 76
2537 72
2622 68
2705 64
1656 112
1753 108
9835 1070.13
9879 1057.57
9834 1132.83
9843 1098.95
1658 112
1755 108
1845 104
9836 953.24
9904 912.851
9826 513.887
6240 501.968
6166 497.968
6167 493.968
6168 489.968
6091 485.968
6011 481.968
6012 477.968
6013 473.968
5934 469.968
5860 465.968
5786 461.968
5787 457.968
5788 453.968
5713 449.968
5634 445.968
5558 441.968
5473 437.968
5383 433.968
5292 429.968
5206 422.968
5127 418.968
5128 414.968
5129 410.968
5048 406.968
4965 402.968
4966 398.968
4967 394.968
4968 390.968
4969 386.968
4885 382.968
4800 378.968
4801 374.968
4802 370.968
4803 366.968
4804 362.968
4805 358.968
4806 354.968
4807 350.968
4808 346.968
4809 342.968
4810 338.968
4811 334.968
4812 330.968
4813 326.968
1651 113
1749 108
1840 104
1923 100
1653 112
1750 108
1841 104
1924 100
2012 96
2103 92
2193 88
2279 84
2366 80
2452 76
9831 1117.11
10007 1065.97
1652 112
9881 188.581
1642 125
1740 120
1831 116
1914 112
2003 107
9885 372.566
1633 161
1731 156
1822 152
1905 148
1994 143
1995 139
1632 165
1730 160
1821 156
1904 152
1993 147
1637 145
1735 140
1636 149
1734 144
9866 435.646
604 426
1683 386.127
1777 382.127
1865 378.127
1685 364.127
9913 311.263
1673 486
9915 359.149
4194 356.004
1675 478
9914 490.422
9825 481.519
5627 473.968
5628 469.968
5552 465.968
5553 461.968
5468 457.968
5378 453.968
5379 449.968
5380 445.968
5381 441.968
5382 437.968
1674 482
9917 636.848
7084 631.924
7153 627.924
7218 623.924
7285 619.924
1677 471
9916 857.66
1676 474
9919 826.387
9918 383.288
1678 468.723
9905 452.939
9906 291.043
9908 79.108
3250 75
3344 71
3345 67
3430 63
3516 58
3602 54
3603 50
3687 46
3775 41
3776 37
3777 33
3778 29
3866 25
3955 21
3956 17
3957 13
9911 704.743
9910 419.442
5046 414.968
4963 410.968
4879 406.968
4794 402.968
4795 398.968
4796 394.968
4797 390.968
4798 386.968
4799 382.968
9896 89.378
3340 87
3425 83
3511 78
3512 74
3513 70
3514 66
3515 62
3601 58
9899 468.383
2823 464.567
2824 460.567
2917 456.567
2918 452.567
3020 448.567
3021 444.567
3022 440.567
3023 436.567
3024 432.567
10073 429.251
3025 427.127
2923 423.127
2739 413.127
2740 409.127
2741 405.127
2653 401.127
2566 397.127
2482 393.127
2483 389.127
2484 385.127
2398 381.127
2399 377.127
2312 370.127
2135 362.127
2044 355.127
1955 351.127
1956 347.127
1872 343.127
9900 650.737
6794 647.924
7014 635.924
9903 261.36
9902 829.224
9893 492.499
9895 459.357
4170 452.004
4171 448.004
4172 444.004
4173 440.004
4174 436.004
4267 432.004
4358 427.004
4359 423.004
4360 419.004
4361 415.004
4362 411.004
4363 407.004
4364 403.004
4365 399.004
4366 395.004
4367 391.004
4368 387.004
4369 383.004
4370 379.004
4371 375.004
4372 371.004
4373 367.004
4374 363.004
4375 359.004
4376 355.004
4377 351.004
9894 519.589
9945 216.367
3476 156
3475 152
3560 148
3559 144
3558 140
3557 136
3556 132
3555 128
3554 124
3553 120
3552 116
3551 112
3550 108
3549 104
3634 100
3633 96
3632 92
3631 88
3630 84
3629 80
3712 76
3799 72
3886 68
3885 64
3884 60
3883 56
3882 52
3881 48
3880 44
3879 40
3878 36
3877 32
3876 28
3964 24
4053 20
4052 16
4051 12
4050 8
9944 116.249
1769 112
1859 108
1858 104
1940 100
2028 96
2118 92
2207 88
2292 84
2379 80
2464 76
2548 72
2633 68
2715 64
2800 60
2888 56
2988 52
3082 48
3175 44
3268 40
3361 36
3445 32
3530 28
3615 24
3698 20
3785 16
3872 12
3960 8
9946 149.999
918 148
996 144
1068 140
1135 136
1211 132
1295 128
1382 124
1472 120
1568 116
1662 112
1759 108
1849 104
1932 100
2020 96
2110 92
2200 88
2286 84
2373 80
2459 76
2544 72
2629 68
2712 64
2798 60
2886 56
2987 52
9949 400.44
6428 391.968
6350 387.968
6273 383.968
6199 379.968
6122 375.968
6042 371.968
5962 367.968
5889 363.968
5814 359.968
5739 355.968
5660 351.968
5583 347.968
5498 343.968
5408 339.968
5317 335.968
5229 331.968
5069 323.968
4986 319.968
4902 315.968
4817 311.968
9948 568.453
9951 621.155
9936 1297.7
9938 1242.62
9943 856.635
1702 290
1794 283
1879 279
1963 273
2052 269
2142 265
2228 261
2316 256
2402 252
2403 248
2488 244
2574 239
2661 235
2750 231
2839 226
9928 276.824
4104 276
1752 108
1843 104
1926 100
2014 96
2104 92
9933 1251.01
1757 108
1847 104
1930 100
2018 96
2108 92
2197 88
2282 84
2369 80
2454 76
2538 72
2623 68
1758 108
9920 350.699
9923 69.626
3066 68
3067 64
3161 60
3255 55
3256 51
9924 90.584
1751 108
9926 396.665
9976 763.544
6005 727.924
6086 722.924
9979 112.911
2694 108
2695 104
2696 100
2697 96
9981 2142.41
1729 164
9968 648.819
9270 642.773
10129 641.492
9252 637.96
9230 633.96
9208 629.96
9184 625.96
9159 621.96
9971 486.932
7871 482.968
7798 478.968
7725 474.968
9973 338.911
9972 419.337
6893 416.497
10082 413.237
6747 407.968
6668 403.968
6589 399.968
6507 395.968
6425 391.968
6347 387.968
6270 383.968
6196 379.968
6119 375.968
6039 371.968
5959 367.968
5886 363.968
5812 359.968
5737 355.968
5658 351.968
5582 347.968
5497 343.968
5407 339.968
5316 335.968
9975 154.329
9974 288.415
9960 324.254
5070 320
4987 316
4903 312
4818 308
4730 304
9967 537.876
8445 533.968
9966 112.641
3933 109
3934 105
3935 101
4025 97
4115 92
4116 88
4117 84
4118 80
4119 76
4120 72
4121 68
4122 64
4123 60
9952 621.986
9954 499.147
1781 359.127
9956 96.397
5670 92.485
10084 88.043
5589 86
5513 80
5514 76
5429 72
5338 68
5251 64
5169 60
5170 56
5171 52
5092 48
5011 44
4928 40
4929 36
4845 32
4759 28
4671 24
4586 20
4500 16
4412 12
4321 8
4230 4
1780 363.127
9959 577.921
10009 1336.3
10008 557.826
7853 554.968
7780 550.968
7781 546.968
1771 482
1772 478
1770 116
1773 475
1775 468.723
1679 464.723
1774 472.723
10005 255.018
1797 250
9999 193.34
964 191
1809 204
1892 200
1981 195
1982 191
2073 187
2163 183
2249 179
2337 174
2338 170
2339 166
2425 162
2510 158
2596 153
2597 149
2684 145
2685 141
2774 137
2863 132
2964 128
3059 124
3151 120
3242 115
3243 111
3336 107
3420 103
3506 98
3507 94
3593 90
3677 86
1808 208
1891 204
1980 199
1810 200
1815 180
1814 184
10041 499.54
2478 497.162
2734 480.567
2735 476.567
2736 472.567
2737 468.567
10040 773.21
6007 721.276
6164 711.276
6239 707.276
1800 239
10043 456.51
1803 228
10042 477.025
3479 474.004
3480 470.004
3481 466.004
3563 462.004
3564 458.004
3649 454.004
3732 449.004
3820 445.004
3907 441.004
3996 437.004
4086 432.004
4087 428.004
4088 424.004
4178 420.004
4271 416.004
1802 232
1885 228
1974 223
1975 219
10045 1448.64
1805 220
1888 216
10044 71.424
2872 68
2973 64
3068 60
3162 56
10047 557.877
1807 212
10046 972.23
10033 444.8
10032 1357.87
10035 509.005
7090 507.968
7019 502.968
6943 498.968
6944 494.968
6873 490.968
6802 486.968
6803 482.968
6728 478.968
6729 474.968
6730 470.968
6652 466.968
6573 462.968
6491 458.968
6492 454.968
6410 450.968
6411 446.968
6412 442.968
6334 438.968
6257 434.968
6183 430.968
6106 426.968
6026 422.968
6027 418.968
6028 414.968
6029 410.968
5949 406.968
5876 402.968
5877 398.968
5878 394.968
5879 390.968
5805 386.968
5730 382.968
5731 378.968
5652 374.968
5576 370.968
5491 366.968
5401 362.968
5310 358.968
5311 354.968
5224 350.968
5225 346.968
10034 508.938
10037 395.41
10036 440.616
10039 2100.77
10038 431.55
10027 485.063
1861 482
10026 504.522
1850 104
10029 304.575
10028 1179.37
10031 362.349
2043 359.127
1954 355.127
10030 288.138
1842 104
1846 104
1928 100
2016 96
2106 92
2195 88
10072 419.907
3124 413.127
3032 409.127
2930 405.127
2832 401.127
2744 397.127
2656 393.127
2569 389.127
2485 385.127
10075 361.348
1953 359.127
10074 402.891
10065 375.909
10064 261.742
3749 260
10067 432.908
10066 375.624
10069 480.014
10068 410.11
3829 408.004
3918 404.004
4007 400.004
4096 396.004
4185 392.004
4186 388.004
4279 384.004
10071 418.221
5873 414.968
5799 410.968
5800 406.968
5801 402.968
5802 398.968
5803 394.968
5804 390.968
10070 534.475
7286 530.968
7220 526.968
7155 522.968
7086 518.968
7016 514.968
6940 510.968
6869 506.968
6798 502.968
6723 498.968
6645 494.968
6566 490.968
6484 486.968
6402 482.968
6324 478.968
6247 474.968
6248 470.968
6249 466.968
6250 462.968
6251 458.968
6177 454.968
6178 450.968
6101 446.968
6021 442.968
5942 438.968
5868 434.968
5794 430.968
5795 426.968
5796 422.968
5721 418.968
5722 414.968
5723 410.968
5724 406.968
5725 402.968
5646 398.968
5570 394.968
5485 390.968
5395 386.968
5304 382.968
5217 378.968
5138 374.968
5139 370.968
5058 366.968
4975 362.968
4891 358.968
4892 354.968
10057 387.498
3580 384.029
3747 376.004
3836 372.004
3926 368.004
4014 364.004
1881 242
1970 237
10056 480.192
1863 475.723
1880 246
1969 241
2060 237
2061 233
10059 87.816
3341 83
3342 79
3343 75
1883 235
1972 230
2063 226
10061 395.861
10060 410.316
2563 407.127
2394 397.127
2395 393.127
2307 389.127
2220 385.127
2130 381.127
2038 377.127
10063 668.706
6712 666.924
10062 677.178
6475 671.924
6556 667.924
6636 662.924
6714 658.924
6790 654.924
6863 649.924
6864 645.924
1886 224
10049 254.97
1873 339.127
10048 431.714
10051 764.131
10050 253.144
2487 248
2573 243
2660 239
2749 235
2838 230
10053 539.657
7354 536.968
10055 769.76
10054 112.664
1864 382.127
1948 377.127
1860 112
1862 479
1912 120
2001 115
1911 124
2000 119
1897 180
1898 176
1987 171
2078 167
1901 164
1990 159
2081 155
2171 151
2172 147
2258 143
2346 138
1900 168
1989 163
2080 159
2170 155
2256 151
1903 156
1890 208
1893 196
1894 192
1983 187
1945 487
1946 483
1944 487.937
1947 479.723
1951 367.127
1950 371.127
1939 100
2027 96
2117 92
1929 100
2017 96
1925 100
2013 96
1968 245
1965 257
1966 253
1967 249
1999 123
2090 119
2091 115
2092 111
2182 107
2268 103
2356 98
2041 367.127
2042 363.127
2040 371.127
2033 491.937
2035 487
2034 491
2037 381.127
2036 483.723
2039 375.127
2024 96
2114 92
2204 88
2290 84
2377 80
2462 76
2547 72
2632 68
2714 64
2799 60
2887 56
2019 96
2021 96
2112 92
2202 88
2288 84
2375 80
2460 76
2545 72
2630 68
2713 64
2023 96
2022 96
2072 191
2075 179
2165 175
2166 171
2074 183
2076 175
2065 219
2155 215
2241 211
2329 206
2415 202
2500 198
2586 193
2673 189
2674 185
2763 181
2852 176
2953 172
3048 168
3140 164
3231 159
3232 155
3233 151
2067 211
2068 207
2158 203
2244 199
2332 194
2418 190
2503 186
2589 181
2590 177
2591 173
2592 169
2679 165
2680 161
2769 157
2858 152
2959 148
3054 144
3055 140
2066 215
2069 203
2071 195
2161 191
2247 187
2057 249
2058 245
2148 241
2234 237
2322 232
2408 228
2493 224
2579 219
2580 215
2667 211
2668 207
2757 203
2846 198
2056 253
2146 249
2232 245
2320 240
2321 236
2059 241
2055 257
2107 92
2196 88
2109 92
2199 88
2285 84
2372 80
2458 76
2543 72
2628 68
2710 64
2795 60
2883 56
2984 52
3079 48
3173 44
3266 40
3359 36
3444 32
3529 28
3614 24
2088 127
2082 151
2085 139
2175 135
2176 131
2262 127
2350 122
2436 118
2437 114
2438 110
2084 143
2086 135
2143 261
2229 257
2317 252
2129 385.127
2128 487.723
2131 379.127
2132 375.127
2133 371.127
2134 367.127
2125 495.937
2127 491
2126 495
2113 92
2174 139
2162 187
2164 179
2153 222
2159 199
2145 253
2144 257
2230 253
2318 248
2319 244
2147 245
2151 229
2150 233
2201 88
2198 88
2283 84
2370 80
2455 76
2540 72
2625 68
2708 64
2794 60
2882 56
2982 52
3077 48
3171 44
3264 40
3357 36
3442 32
3527 28
3612 24
3696 20
3783 16
3871 12
2181 111
2183 103
2233 241
2235 233
2323 228
2409 224
2494 220
2237 225
2325 220
2411 216
2236 229
2324 224
2239 218
2327 213
2225 366.127
2224 370.127
2231 249
2217 499
2216 499.937
2219 389.127
2218 495
2221 382.127
2222 378.127
2223 374.127
2267 107
2355 102
2266 111
2354 106
2269 99
2357 94
2443 90
2528 86
2270 95
2358 90
2257 147
2345 142
2261 131
2349 126
2260 135
2348 130
2434 126
2435 122
2248 183
2251 171
2250 175
2253 163
2341 158
2427 154
2512 150
2598 145
2252 167
2340 162
2243 203
2331 198
2245 195
2333 190
2419 186
2504 182
2281 84
2368 80
2284 84
2371 80
2456 76
2541 72
2626 68
2709 64
2330 202
2315 260
2401 256
2305 499
2304 503
2306 393.127
2309 382.127
2310 378.127
2311 374.127
2308 386.127
2352 114
2393 508.162
2479 501.162
2392 503
2397 385.127
2396 389.127
2387 112
2386 108
2385 104
2384 100
2383 96
2382 92
2381 88
2380 84
2465 80
2374 80
2424 166
2426 158
2429 146
2428 150
2421 178
2420 182
2505 178
2423 170
2508 166
2405 240
2406 236
2491 232
2577 227
2664 223
2753 219
2842 214
2843 210
2844 206
2404 244
2489 240
2575 235
2576 231
2407 232
2492 228
2578 223
2457 76
2444 86
2490 236
2495 216
2581 211
2481 397.127
2480 401.127
2486 252
2572 247
2659 243
2748 239
2837 234
2938 230
2939 226
2520 118
2523 106
2525 98
2526 94
2513 146
2599 141
2686 137
2775 133
2864 128
2865 124
2966 120
3061 116
3153 112
3244 107
3245 103
3338 99
3422 95
3508 90
3509 86
3510 82
2515 138
2601 133
2602 129
2689 125
2778 121
2867 116
2968 112
3063 108
3155 104
3246 99
3339 95
3423 91
2514 142
2600 137
2517 130
2603 125
2516 134
2519 122
2506 174
2509 162
2511 154
2498 205
2584 200
2502 190
2588 185
2675 181
2764 177
2853 172
2854 168
2955 164
3050 160
3142 156
2539 72
2624 68
2706 64
2792 60
2880 56
2980 52
3075 48
3169 44
3262 40
2542 72
2627 68
2529 82
2587 189
2568 389.127
2570 390.127
2565 401.127
2564 405.127
2567 393.127
2649 479.567
2650 475.567
2651 409.127
2652 405.127
2655 393.127
2654 397.127
2681 157
2770 153
2859 148
2683 149
2687 133
2776 129
2677 173
2678 169
2767 165
2856 160
2957 156
3052 152
3144 148
3235 143
2676 177
2671 196
2760 192
2849 187
2657 393.127
2662 231
2751 227
2840 222
2707 64
2711 64
2797 60
2885 56
2986 52
3080 48
2688 129
2691 120
2692 116
2693 112
2690 124
2779 120
2868 115
2969 111
3064 107
3156 103
2745 397.127
2747 243
2836 238
2746 397.127
2743 397.127
2742 401.127
2733 484.567
2777 125
2866 120
2781 116
2780 119
2783 73
2782 112
2768 161
2857 156
2773 141
2862 136
2772 145
2861 140
2962 136
3057 132
3149 128
3240 123
2762 185
2851 180
2765 173
2766 169
2855 164
2793 60
2881 56
2796 60
2884 56
2791 60
2879 56
2845 202
2835 242
2936 238
2937 234
2827 417.127
2828 413.127
2829 409.127
2831 401.127
2830 405.127
2822 468.567
2915 464.567
3017 460.567
3018 456.567
3019 452.567
2869 115
2871 115
2971 111
3065 107
3247 99
2870 115
2909 487.567
2910 483.567
2911 479.567
3014 472.567
3015 468.567
3016 464.567
2928 405.127
2933 250
2934 246
2935 242
2932 254
2921 435.584
2922 431.584
2925 417.127
2924 421.127
2927 409.127
2926 413.127
2913 472.567
2912 476.567
2914 468.567
2970 111
2972 68
2960 144
2963 132
2965 124
2967 116
2952 176
3047 172
3139 168
3230 163
2956 160
2958 152
2985 52
2989 56
3083 52
2981 52
2983 52
3033 409.127
3035 258
3034 262
2931 258
3036 254
3039 242
3027 421.127
3026 425.127
3028 417.127
3029 413.127
3030 409.127
3013 490.567
3012 494.567
3058 128
3060 120
3062 112
3154 108
3049 164
3051 156
3053 148
3040 238
3081 48
3174 44
3267 40
3360 36
3084 56
3076 48
3078 48
3121 417.127
3120 421.127
3127 254
3128 250
3129 246
3130 242
3131 238
3132 234
3042 230
3113 447.127
3114 443.127
3115 439.127
3116 435.127
3117 431.127
3112 451.127
3119 425.127
3118 429.127
3109 463.127
3110 459.127
3111 455.127
3108 467.127
3160 64
3254 59
3348 55
3349 51
3434 47
3520 42
3606 38
3690 34
3152 116
3159 68
3253 63
3158 72
3252 67
3346 63
3431 59
3517 54
3518 50
3519 46
3145 144
3236 139
3147 136
3238 131
3146 140
3237 135
3150 124
3241 119
3141 160
3143 152
3234 147
3177 52
3270 48
3363 44
3447 40
3532 36
3531 32
3616 28
3699 24
3176 48
3269 44
3178 56
3271 52
3170 44
3263 40
3172 44
3265 40
3219 258
3218 262
3126 258
3220 254
3221 250
3222 246
3223 242
3209 443.127
3208 447.127
3211 435.127
3210 439.127
3213 429.127
3212 433.127
3203 467.127
3204 463.127
3205 459.127
3207 451.127
3206 455.127
3249 79
3251 71
3272 56
3275 68
3274 64
3273 60
3305 443.127
3306 439.127
3304 447.127
3307 437.127
3308 433.127
3309 429.127
3310 425.127
3215 421.127
3216 417.127
3122 413.127
3299 471.127
3298 475.127
3300 467.127
3301 463.127
3303 451.127
3356 36
3358 36
3351 43
3350 47
3337 103
3335 111
3334 115
3362 40
3365 52
3364 48
3416 119
3502 114
3588 110
3672 106
3760 101
3761 97
3762 93
3419 107
3418 111
3421 99
3408 246
3318 242
3415 123
3501 118
3587 114
3401 443.004
3402 439.004
3488 434.004
3569 430.004
3570 426.004
3571 422.004
3657 418.004
3740 413.004
3827 409.004
3916 405.004
4005 401.004
4095 396.004
3405 429.127
3404 431.004
3490 426.004
3393 475.004
3399 451.127
3400 447.127
3449 48
3534 44
3533 40
3448 44
3450 52
3535 48
3453 64
3538 60
3537 56
3536 52
3441 32
3526 28
3443 32
3528 28
3446 36
3433 51
3432 55
3435 43
3521 38
3522 34
3436 39
3424 87
3427 75
3426 79
3429 67
3428 71
3485 455.127
3486 451.127
3487 438.004
3568 434.004
3477 483.171
3478 480.619
3492 425.004
3573 421.004
3659 417.004
3741 413.004
3579 388.029
3581 388.029
3561 152
3608 30
3613 24
3600 62
3684 58
3772 53
3860 49
3949 45
4039 41
3605 42
3604 46
3607 34
3592 94
3595 82
3679 78
3767 73
3594 86
3678 82
3597 74
3681 70
3769 65
3857 61
3858 57
3859 53
3596 78
3680 74
3768 69
3599 66
3683 62
3771 57
3598 70
3586 118
3589 106
3673 102
3590 102
3624 60
3623 56
3622 52
3621 48
3620 44
3619 40
3618 36
3617 32
3674 98
3676 90
3671 110
3759 105
3847 101
3848 97
3937 93
4027 89
3651 453.004
3733 449.004
3705 48
3792 44
3791 40
3790 36
3789 32
3788 28
3787 24
3874 20
3873 16
3961 12
3704 44
3707 56
3794 52
3793 48
3697 20
3784 16
3701 32
3700 28
3703 40
3702 36
3689 38
3688 42
3691 30
3779 25
3780 21
3868 17
3692 26
3682 66
3770 61
3685 54
3773 49
3774 45
3686 50
3742 413.135
3730 457.004
3818 453.004
3905 449.004
3994 445.004
4084 440.004
3734 453.004
3753 258
3667 254
3584 250
3499 246
3411 242
3321 238
3226 234
3134 230
3752 258
3666 254
3498 246
3410 242
3746 380.004
3748 376.004
3751 258
3795 56
3796 60
3786 20
3833 414.004
3921 410.004
4009 406.004
4008 402.004
3835 372.004
3925 368.004
3834 418.004
3922 414.004
3837 372.004
3838 264
3825 417.004
3826 413.004
3828 412.324
3819 453.004
3821 433.004
3910 429.004
3999 425.004
4089 420.004
4090 416.004
4091 412.004
4181 408.004
4274 404.004
3865 29
3954 25
4044 21
3864 33
3867 21
3856 65
3861 45
3862 41
3951 37
4041 33
3863 37
3849 93
3938 89
3939 85
4029 81
3851 85
3940 81
4030 77
3850 89
3853 77
3852 81
3941 77
4031 73
3841 262
3840 262
3845 109
3846 105
3889 80
3888 76
3976 72
3975 68
4064 64
4063 60
4062 56
3887 72
3875 24
3929 266
3930 266
3932 113
3923 418.004
4011 414.004
4010 410.004
3924 369.004
4013 365.004
3915 409.004
4004 405.004
4094 400.004
4184 396.004
3914 413.004
3904 453.004
3909 433.004
3963 20
3962 16
3965 28
3967 36
4056 32
4055 28
3966 32
3953 29
4043 25
3952 33
3945 61
3946 57
3947 53
3948 49
3950 41
3943 69
3992 453.004
4082 448.004
3977 76
3979 84
3978 80
3969 44
3968 40
3971 52
3970 48
3973 60
3972 56
3974 64
4024 101
4114 96
4017 270
4019 270
3931 266
4018 270
4023 105
4113 100
4001 417.004
4000 421.004
4003 409.004
4093 404.004
4183 400.004
4006 400.004
4057 36
4059 44
4058 40
4061 52
4060 48
4054 24
4040 37
4042 29
4045 17
4047 9
4046 13
4033 65
4032 69
4037 49
4038 45
4065 68
4067 76
4066 72
4069 84
4068 80
4071 92
4070 88
4112 104
4106 274
4108 274
4111 108
4097 384.004
4098 380.004
4099 376.004
4190 372.004
4283 368.004
4101 364.004
4187 384.004
4188 380.004
4189 376.004
4282 372.004
4177 424.004
4180 412.004
4273 408.004
4175 432.004
4268 428.004
4216 60
4215 64
4214 68
4203 112
4204 108
4205 104
4195 280
4198 278
4107 274
4249 76
4248 72
4251 84
4250 80
4253 92
4252 88
4255 100
4254 96
4241 44
4240 40
4239 36
4243 52
4242 48
4245 60
4247 68
4246 64
4233 12
4232 8
4235 20
4234 16
4237 28
4236 24
4224 28
4225 24
4227 16
4226 20
4229 8
4228 12
4281 376.004
4280 380.004
4272 412.004
4275 400.004
4277 392.004
4276 396.004
4278 388.004
4265 448.004
4264 452.004
4266 444.004
4263 456.004
4317 24
4316 28
4319 16
4320 12
4318 20
4305 72
4306 68
4307 64
4308 60
4309 56
4310 52
4311 48
4312 44
4313 40
4314 36
4315 32
4290 282
4295 112
4296 108
4297 104
4298 100
4299 96
4300 92
4301 88
4302 84
4303 80
4304 76
4213 72
4294 116
4345 96
4344 92
4343 88
4347 104
4346 100
4348 108
4337 64
4339 72
4338 68
4341 80
4340 76
4342 84
4329 32
4328 28
4327 24
4333 48
4332 44
4335 56
4334 52
4325 16
4324 12
4326 20
4355 454.004
4354 458.004
4357 431.004
4409 24
4408 28
4411 16
4410 20
4413 12
4322 8
4395 80
4394 84
4387 112
4388 108
4441 117
4349 112
4440 113
4442 121
4350 116
4445 458.004
4444 129
4352 124
4351 120
4447 431.004
4433 85
4432 81
4435 93
4434 89
4437 101
4436 97
4438 105
4429 69
4431 77
4430 73
4417 21
4416 17
4419 29
4418 25
4421 37
4420 33
4465 352.004
4553 348.004
4554 344.004
4640 340.004
4641 336.004
4642 332.004
4464 356.004
4552 352.004
4459 376.004
4460 372.004
4461 368.004
4462 364.004
4463 360.004
4449 416.004
4450 412.004
4538 408.004
4539 404.004
4540 400.004
4541 396.004
4627 392.004
4628 388.004
4629 384.004
4630 380.004
4631 376.004
4632 372.004
4633 368.004
4634 364.004
4635 360.004
4636 356.004
4637 352.004
4638 348.004
4639 344.004
4448 420.004
4536 416.004
4622 412.004
4623 408.004
4624 404.004
4625 400.004
4626 396.004
4451 408.004
4452 404.004
4453 400.004
4455 392.004
4543 388.004
4505 21
4507 29
4506 25
4508 33
4497 28
4499 20
4498 24
4501 16
4502 16
4488 64
4400 60
4485 76
4486 72
4398 68
4484 80
4396 76
4487 68
4399 64
4537 412.004
4529 117
4528 113
4527 109
4531 125
4530 121
4533 462.004
4532 129
4443 125
4534 466.004
4521 85
4520 81
4519 77
4523 93
4522 89
4525 101
4524 97
4526 105
4571 80
4572 76
4570 84
4573 72
4574 68
4575 64
4576 60
4490 56
4491 52
4403 48
4404 44
4546 376.004
4549 364.004
4548 368.004
4551 356.004
4550 360.004
4593 29
4592 25
4595 37
4594 33
4596 41
4509 37
4587 20
4589 20
4617 125
4616 121
4619 466.004
4618 129
4621 416.004
4609 93
4611 101
4610 97
4613 109
4612 105
4615 117
4614 113
4657 80
4658 76
4659 72
4660 68
4661 64
4662 60
4663 56
4578 52
4492 48
4697 105
4696 101
4695 97
4694 93
4699 113
4698 109
4701 121
4700 117
4702 125
4681 41
4680 37
4679 33
4683 49
4597 45
4510 41
4682 45
4684 53
4598 49
4511 45
4422 41
4330 36
4674 24
4588 20
4678 29
4721 344.004
4722 340.004
4723 336.004
4724 332.004
4725 328.004
4720 348.004
4713 376.004
4714 372.004
4715 368.004
4716 364.004
4717 360.004
4718 356.004
4719 352.004
4705 408.004
4706 404.004
4707 400.004
4708 396.004
4709 392.004
4710 388.004
4711 384.004
4712 380.004
4704 412.004
4763 28
4675 24
4765 29
4767 34
4747 76
4748 72
4749 68
4750 64
4751 60
4746 80
4793 406.968
4792 410.968
4785 106
4787 114
4786 110
4789 122
4788 118
4791 130
4790 126
4769 42
4768 38
4771 50
4772 54
4816 315.968
4815 319.968
4860 62
4773 58
4863 74
4776 70
4687 65
4686 61
4685 57
4852 33
4855 42
4854 38
4843 40
4844 36
4758 32
4835 72
4836 68
4839 56
4840 52
4754 48
4666 44
4667 40
4668 36
4669 32
4584 28
4585 24
4889 366.968
4890 362.968
4888 370.968
4893 350.968
4895 342.968
4896 338.968
4894 346.968
4881 398.968
4882 394.968
4883 390.968
4884 386.968
4880 402.968
4887 374.968
4873 114
4872 110
4875 122
4874 118
4877 130
4876 126
4878 410.968
4865 82
4778 78
4689 73
4688 69
4864 78
4777 74
4918 80
4919 76
4920 72
4897 334.968
4898 330.968
4901 319.968
4900 323.968
4957 114
4956 110
4959 122
4958 118
4945 66
4947 74
4946 70
4861 66
4774 62
4949 82
4948 78
4950 86
4937 37
4939 42
4940 46
4942 54
4857 50
4770 46
4985 323.968
4984 327.968
4977 354.968
4979 346.968
4980 342.968
4981 338.968
4982 334.968
4978 350.968
4973 370.968
4972 374.968
4974 366.968
4961 130
4960 126
4962 414.968
4964 406.968
5020 41
5015 40
4932 36
4848 32
4762 28
5051 394.968
5050 398.968
5053 386.968
5054 382.968
4971 378.968
5052 390.968
5055 378.968
5041 119
5040 115
5043 127
5042 123
5045 418.968
5044 131
5047 410.968
5033 87
5032 83
5027 63
4943 58
4858 54
5026 59
5031 79
5030 75
5065 338.968
5064 342.968
5057 370.968
5056 374.968
5059 362.968
4976 358.968
5061 354.968
5060 358.968
5063 346.968
5062 350.968
5113 83
5112 79
5111 75
5110 71
5028 67
4944 62
5102 45
5093 44
5012 40
5094 44
5013 40
4930 36
4846 32
5145 346.968
5146 342.968
5144 350.968
5137 378.968
5136 382.968
5141 362.968
5142 358.968
5143 354.968
5140 366.968
5131 402.968
5130 406.968
5049 402.968
5133 394.968
5134 390.968
5132 398.968
5123 123
5122 119
5125 131
5124 127
5126 135
5176 48
5096 44
5175 48
5209 410.968
5208 414.968
5211 402.968
5213 394.968
5212 398.968
5214 390.968
5215 386.968
5216 382.968
5203 127
5205 135
5204 131
5207 418.968
5193 87
5192 83
5194 91
5114 87
5219 370.968
5220 366.968
5221 362.968
5218 374.968
5223 354.968
5222 358.968
5275 88
5274 84
5191 79
5190 75
5276 92
5305 378.968
5307 370.968
5306 374.968
5309 362.968
5308 366.968
5296 414.968
5301 394.968
5303 386.968
5302 390.968
5295 418.968
5294 422.968
5287 136
5361 84
5273 80
5400 366.968
5402 358.968
5403 354.968
5393 394.968
5394 390.968
5392 398.968
5397 378.968
5398 374.968
5396 382.968
5399 370.968
5386 422.968
5387 418.968
5465 136
5489 374.968
5488 378.968
5490 370.968
5493 358.968
5492 362.968
5483 398.968
5484 394.968
5487 382.968
5486 386.968
5472 441.968
5567 406.968
5482 402.968
5566 410.968
5481 406.968
5554 457.968
5555 453.968
5556 449.968
5471 445.968
5585 355.968
5661 351.968
5584 347.968
5499 343.968
5409 339.968
5577 366.968
5580 355.968
5581 351.968
5569 398.968
5568 402.968
5571 390.968
5572 386.968
5573 382.968
5574 378.968
5575 374.968
5626 137
5549 132
5548 128
5547 124
5461 120
5369 116
5368 112
5280 108
5197 103
5117 99
5116 95
5115 91
5657 355.968
5656 359.968
5659 351.968
5662 351.968
5500 343.968
5649 386.968
5648 390.968
5651 378.968
5650 382.968
5643 410.968
5645 402.968
5644 406.968
5647 394.968
5695 97
5694 93
5693 89
5613 85
5536 80
5450 76
5358 72
5270 68
5187 63
5186 59
5185 55
5105 51
5727 394.968
5726 398.968
5736 359.968
5738 355.968
5740 355.968
5729 386.968
5728 390.968
5733 370.968
5735 363.968
5789 450.968
5714 446.968
5715 442.968
5636 438.968
5560 434.968
5475 430.968
5476 426.968
5477 422.968
5478 418.968
5479 414.968
5389 410.968
5298 406.968
5299 402.968
5300 398.968
5808 374.968
5811 363.968
5810 367.968
5813 359.968
5815 359.968
5806 382.968
5881 382.968
5807 378.968
5732 374.968
5880 386.968
5882 378.968
5885 367.968
5884 371.968
5887 363.968
5872 418.968
5875 406.968
5874 410.968
5864 450.968
5865 446.968
5866 442.968
5867 438.968
5793 434.968
5863 454.968
5862 457.968
5888 363.968
5947 418.968
5951 398.968
5950 402.968
5939 450.968
5940 446.968
5961 367.968
5960 367.968
5953 390.968
5954 386.968
5955 382.968
5952 394.968
5957 375.968
5958 371.968
6001 743.924
6082 738.924
6158 734.924
6233 730.924
6308 725.924
6309 721.924
6310 717.924
6311 713.924
6312 709.924
6000 142
5999 138
5926 134
5925 130
5851 126
5776 121
5775 117
5699 113
5619 109
5542 104
5541 100
5455 96
5363 92
6003 735.924
6084 730.924
6085 726.924
6002 739.924
6083 734.924
6004 731.924
6041 371.968
6040 371.968
6033 394.968
6034 390.968
6035 386.968
6032 398.968
6037 379.968
6038 375.968
6031 402.968
6030 406.968
6016 462.968
6017 458.968
6018 454.968
6019 450.968
6020 446.968
6109 414.968
6110 410.968
6111 406.968
6081 742.924
6121 375.968
6120 375.968
6113 398.968
6112 402.968
6115 390.968
6114 394.968
6117 383.968
6118 379.968
6161 722.924
6236 718.924
6160 726.924
6235 722.924
6162 718.924
6155 143
6079 138
6078 134
5997 130
5996 126
5923 122
5849 118
5774 113
5773 109
5772 105
5771 101
5770 97
5769 93
6157 738.924
6156 742.924
6159 730.924
6234 726.924
6192 394.968
6195 383.968
6194 387.968
6197 379.968
6198 379.968
6187 414.968
6188 410.968
6189 406.968
6190 402.968
6186 418.968
6191 398.968
6232 734.924
6307 729.924
6237 714.924
6231 738.924
6306 733.924
6230 143
6154 139
6265 402.968
6266 398.968
6264 406.968
6269 387.968
6268 391.968
6271 383.968
6261 418.968
6262 414.968
6263 410.968
6241 497.968
6318 501.968
6319 497.968
6242 493.968
6305 737.924
6345 395.968
6346 391.968
6348 387.968
6351 387.968
6274 383.968
6200 379.968
6339 418.968
6338 422.968
6341 410.968
6340 414.968
6343 402.968
6342 406.968
6393 690.924
6394 686.924
6392 694.924
6385 722.924
6386 718.924
6387 714.924
6388 710.924
6389 706.924
6390 702.924
6391 698.924
6384 726.924
6381 738.924
6382 734.924
6383 730.924
6380 144
6303 139
6302 135
6227 131
6151 127
6075 122
5994 118
5921 114
5920 110
5846 106
6424 395.968
6426 391.968
6417 422.968
6416 426.968
6418 418.968
6421 406.968
6420 410.968
6423 399.968
6409 454.968
6415 430.968
6401 485.968
6323 481.968
6246 477.968
6172 473.968
6095 469.968
6015 465.968
5936 461.968
6459 735.924
6460 731.924
6541 727.924
6621 722.924
6699 718.924
6700 714.924
6701 710.924
6702 706.924
6703 702.924
6779 698.924
6852 693.924
6924 689.924
7000 685.924
7071 680.924
7140 676.924
7141 672.924
7206 668.924
7273 664.924
7341 659.924
7410 655.924
6458 739.924
6461 727.924
6542 723.924
6622 718.924
6463 719.924
6544 715.924
6624 710.924
6462 723.924
6543 719.924
6623 714.924
6483 489.968
6473 679.924
6554 675.924
6634 670.924
6472 683.924
6477 666.924
6558 662.924
6638 657.924
6716 653.924
6792 649.924
6865 644.924
6937 640.924
7013 636.924
6476 667.924
6557 663.924
6637 658.924
6715 654.924
6791 650.924
6478 665.924
6559 661.924
6639 656.924
6717 652.924
6793 648.924
6866 643.924
6938 639.924
6465 711.924
6546 707.924
6626 702.924
6627 698.924
6628 694.924
6629 690.924
6707 686.924
6783 682.924
6856 677.924
6928 673.924
6929 669.924
6930 665.924
6931 661.924
6932 657.924
6933 653.924
6464 715.924
6545 711.924
6625 706.924
6467 703.924
6468 699.924
6469 695.924
6470 691.924
6551 687.924
6631 682.924
6632 678.924
6710 674.924
6786 670.924
6859 665.924
6860 661.924
6861 657.924
6466 707.924
6471 687.924
6552 683.924
6505 403.968
6506 399.968
6508 395.968
6497 434.968
6498 430.968
6499 426.968
6500 422.968
6502 414.968
6503 410.968
6553 679.924
6633 674.924
6547 703.924
6549 695.924
6548 699.924
6550 691.924
6630 686.924
6539 735.924
6619 730.924
6697 726.924
6773 722.924
6846 717.924
6918 713.924
6919 709.924
6995 705.924
7066 700.924
7067 696.924
7068 692.924
7069 688.924
7070 684.924
6540 731.924
6620 726.924
6587 407.968
6588 403.968
6591 399.968
6590 399.968
6579 438.968
6581 430.968
6580 434.968
6575 454.968
6576 450.968
6577 446.968
6578 442.968
6560 660.924
6640 655.924
6718 651.924
6565 493.968
6618 734.924
6651 470.968
6572 466.968
6644 497.968
6664 418.968
6667 407.968
6666 411.968
6659 438.968
6658 442.968
6660 434.968
6663 422.968
6662 426.968
6705 694.924
6781 690.924
6854 685.924
6926 681.924
6927 677.924
6704 698.924
6706 690.924
6782 686.924
6855 681.924
6709 678.924
6785 674.924
6858 669.924
6708 682.924
6784 678.924
6857 673.924
6711 670.924
6696 730.924
6698 722.924
6695 734.924
6745 411.968
6744 415.968
6746 407.968
6737 442.968
6738 438.968
6736 446.968
6741 426.968
6742 422.968
6740 430.968
6733 458.968
6734 454.968
6735 450.968
6777 706.924
6850 701.924
6851 697.924
6776 710.924
6849 705.924
6921 701.924
6997 697.924
6778 702.924
6780 694.924
6853 689.924
6771 730.924
6844 725.924
6845 721.924
6770 149
6769 145
6772 726.924
6775 714.924
6848 709.924
6774 718.924
6847 713.924
6809 458.968
6811 450.968
6810 454.968
6813 442.968
6812 446.968
6815 434.968
6816 430.968
6817 426.968
6787 666.924
6788 662.924
6843 729.924
6819 419.968
6821 411.968
6822 411.968
6879 466.968
6808 462.968
6870 502.968
6799 498.968
6724 494.968
6725 490.968
6647 486.968
6648 482.968
6649 478.968
6650 474.968
6571 470.968
6910 788.924
6888 430.968
6890 423.968
6891 419.968
6820 415.968
6892 415.968
6881 458.968
6880 462.968
6883 450.968
6884 446.968
6882 454.968
6887 434.968
6886 438.968
6941 506.968
6920 705.924
6923 693.924
6922 697.924
6925 685.924
7001 681.924
7072 676.924
7073 672.924
7142 668.924
7207 664.924
7274 660.924
7342 655.924
7343 651.924
7412 647.924
6915 725.924
6916 721.924
6917 717.924
6914 729.924
6990 725.924
7061 720.924
7130 716.924
7131 712.924
7196 708.924
7197 704.924
7198 700.924
7265 696.924
7333 691.924
7334 687.924
7403 683.924
7404 679.924
6953 454.968
6954 450.968
6952 458.968
6957 438.968
6956 442.968
6958 434.968
6949 470.968
6951 462.968
6950 466.968
7002 677.924
7005 665.924
7076 660.924
7145 656.924
7210 652.924
7277 648.924
7345 643.924
7346 639.924
7415 635.924
7004 669.924
7075 664.924
7007 657.924
7078 652.924
7079 648.924
7080 644.924
7149 640.924
7214 636.924
7281 632.924
7349 627.924
7350 623.924
7351 619.924
7006 661.924
7077 656.924
6993 713.924
7064 708.924
7065 704.924
7134 700.924
7135 696.924
7200 692.924
7201 688.924
7268 684.924
7336 679.924
7405 675.924
6992 717.924
7063 712.924
6994 709.924
6996 701.924
6999 689.924
6998 693.924
6985 753.924
7054 748.924
7055 744.924
7056 740.924
7125 736.924
7126 732.924
7127 728.924
7128 724.924
7129 720.924
6984 757.924
7053 752.924
7122 748.924
7187 744.924
7188 740.924
7255 736.924
7323 731.924
7392 727.924
7393 723.924
7394 719.924
7395 715.924
7396 711.924
6987 745.924
6986 749.924
6989 729.924
7060 724.924
6988 741.924
7057 736.924
6991 721.924
7062 716.924
6977 785.924
7046 780.924
7115 776.924
7116 772.924
7117 768.924
7118 764.924
7119 760.924
6976 789.924
7045 784.924
6979 777.924
7048 772.924
6978 781.924
7047 776.924
6981 769.924
7050 764.924
6980 773.924
7049 768.924
6983 761.924
7052 756.924
7032 438.968
7034 431.968
7035 427.968
6961 423.968
7025 466.968
7024 470.968
7027 458.968
7026 462.968
7028 454.968
7031 442.968
7030 446.968
7017 510.968
7018 506.968
7023 474.968
7009 649.924
7008 653.924
7011 641.924
7082 636.924
7151 632.924
7010 645.924
7081 640.924
7059 728.924
7058 732.924
7044 788.924
7097 466.968
7098 462.968
7096 470.968
7099 458.968
7101 450.968
7103 442.968
7102 446.968
7089 506.968
7088 510.968
7095 474.968
7094 478.968
7085 521.968
7015 517.968
6939 513.968
6868 509.968
6797 505.968
6722 501.968
7087 514.968
7074 668.924
7133 704.924
7132 708.924
7121 752.924
7186 748.924
7123 744.924
7124 740.924
7113 784.924
7178 780.924
7245 776.924
7313 771.924
7314 767.924
7315 763.924
7316 759.924
7317 755.924
7318 751.924
7319 747.924
7388 743.924
7454 739.924
7455 735.924
7456 731.924
7112 788.924
7177 784.924
7244 780.924
7312 775.924
7114 780.924
7105 435.968
7163 486.968
7093 482.968
7022 478.968
6948 474.968
6878 470.968
7162 498.968
7228 494.968
7229 490.968
7165 478.968
7164 482.968
7167 470.968
7168 466.968
7166 474.968
7157 514.968
7158 510.968
7156 518.968
7159 510.968
7160 506.968
7161 502.968
7144 660.924
7147 648.924
7212 644.924
7213 640.924
7146 652.924
7211 648.924
7278 644.924
7148 644.924
7150 636.924
7215 632.924
7216 628.924
7137 688.924
7138 684.924
7203 680.924
7204 676.924
7271 672.924
7339 667.924
7340 663.924
7136 692.924
7139 680.924
7143 664.924
7193 720.924
7194 716.924
7261 712.924
7329 707.924
7398 703.924
7192 724.924
7259 720.924
7327 715.924
7328 711.924
7397 707.924
7195 712.924
7199 696.924
7266 692.924
7184 756.924
7251 752.924
7189 736.924
7256 732.924
7324 727.924
7191 728.924
7190 732.924
7257 728.924
7325 723.924
7326 719.924
7176 435.968
7106 431.968
7179 776.924
7246 772.924
7181 768.924
7248 764.924
7180 772.924
7247 768.924
7183 760.924
7250 756.924
7182 764.924
7249 760.924
7169 462.968
7171 454.968
7173 446.968
7175 439.968
7224 510.968
7225 506.968
7226 502.968
7227 498.968
7231 482.968
7232 478.968
7233 474.968
7230 486.968
7219 529.968
7154 525.968
7221 522.968
7222 518.968
7223 514.968
7209 656.924
7208 660.924
7275 656.924
7202 684.924
7269 680.924
7337 675.924
7338 671.924
7407 667.924
7205 672.924
7272 668.924
7258 724.924
7260 716.924
7263 704.924
7331 699.924
7332 695.924
7262 708.924
7330 703.924
7241 443.968
7242 439.968
7243 784.924
7311 779.924
7235 466.968
7234 470.968
7237 458.968
7238 454.968
7172 450.968
7289 518.968
7290 514.968
7291 510.968
7292 506.968
7293 502.968
7294 498.968
7295 494.968
7296 490.968
7297 486.968
7288 522.968
7280 636.924
7348 631.924
7283 624.924
7282 628.924
7287 526.968
7276 652.924
7344 647.924
7279 640.924
7347 635.924
7264 700.924
7267 688.924
7335 683.924
7270 676.924
7305 454.968
7304 458.968
7307 447.968
7310 783.924
7303 462.968
7353 614.968
7555 602.968
7355 534.968
7356 530.968
7357 526.968
7358 522.968
7359 518.968
7376 451.968
7369 478.968
7368 482.968
7371 470.968
7370 474.968
7373 462.968
7372 466.968
7361 510.968
7360 514.968
7363 502.968
7362 506.968
7365 494.968
7366 490.968
7417 627.924
7418 623.924
7416 631.924
7419 619.924
7420 615.924
7423 538.968
7422 540.968
7409 659.924
7408 663.924
7411 651.924
7413 643.924
7414 639.924
7401 691.924
7402 687.924
7400 695.924
7406 671.924
7399 699.924
7441 466.968
7442 462.968
7440 470.968
7433 498.968
7432 502.968
7364 498.968
7434 494.968
7437 482.968
7438 478.968
7436 486.968
7439 474.968
7425 530.968
7424 534.968
7427 522.968
7426 526.968
7429 514.968
7430 510.968
7431 506.968
7428 518.968
7513 770.968
7514 766.968
7515 762.968
7516 758.968
7517 754.968
7518 750.968
7519 746.968
7520 742.968
7521 738.968
7522 734.968
7523 730.968
7524 726.968
7525 722.968
7526 718.968
7527 714.968
7528 710.968
7529 706.968
7530 702.968
7531 698.968
7532 694.968
7533 690.968
7534 686.968
7535 682.968
7536 678.968
7537 674.968
7538 670.968
7539 666.968
7540 662.968
7541 658.968
7542 654.968
7543 650.968
7544 646.968
7545 642.968
7546 638.968
7547 634.968
7548 630.968
7549 626.968
7550 622.968
7551 618.968
7552 614.968
7553 610.968
7554 606.968
7505 478.968
7504 482.968
7507 470.968
7506 474.968
7497 510.968
7496 514.968
7498 506.968
7503 486.968
7502 490.968
7489 542.968
7491 534.968
7490 538.968
7493 526.968
7494 522.968
7495 518.968
7492 530.968
7579 470.968
7508 466.968
7582 779.968
7655 775.968
7656 771.968
7657 767.968
7658 763.968
7659 759.968
7660 755.968
7661 751.968
7734 747.968
7808 742.968
7809 738.968
7569 510.968
7568 514.968
7573 494.968
7572 498.968
7575 486.968
7574 490.968
7561 542.968
7562 538.968
7563 534.968
7560 546.968
7565 526.968
7564 530.968
7567 518.968
7566 522.968
7559 548.968
7488 544.968
7609 671.968
7682 667.968
7683 663.968
7684 659.968
7685 655.968
7758 651.968
7832 646.968
7833 642.968
7608 675.968
7611 663.968
7610 667.968
7613 655.968
7686 651.968
7687 647.968
7688 643.968
7689 639.968
7762 635.968
7836 630.968
7612 659.968
7615 647.968
7614 651.968
7603 695.968
7604 691.968
7677 687.968
7678 683.968
7679 679.968
7680 675.968
7753 671.968
7827 666.968
7605 687.968
7607 679.968
7606 683.968
7592 739.968
7593 735.968
7666 731.968
7667 727.968
7740 723.968
7814 718.968
7641 518.968
7640 522.968
7645 502.968
7646 498.968
7644 506.968
7647 494.968
7648 490.968
7649 486.968
7650 482.968
7633 550.968
7634 546.968
7635 542.968
7637 534.968
7636 538.968
7639 526.968
7638 530.968
7625 607.968
7698 603.968
7699 599.968
7772 595.968
7846 590.968
7624 611.968
7697 607.968
7627 599.968
7628 595.968
7629 591.968
7630 587.968
7703 583.968
7626 603.968
7617 639.968
7618 635.968
7691 631.968
7764 627.968
7838 622.968
7616 643.968
7619 631.968
7620 627.968
7693 623.968
7766 619.968
7840 614.968
7841 610.968
7621 623.968
7694 619.968
7695 615.968
7768 611.968
7842 606.968
7843 602.968
7844 598.968
7623 615.968
7696 611.968
7622 619.968
7654 471.091
10081 467.055
7707 546.968
7706 550.968
7709 538.968
7708 542.968
7711 530.968
7712 526.968
7710 534.968
7701 591.968
7774 587.968
7848 582.968
7849 578.968
7700 595.968
7773 591.968
7847 586.968
7702 587.968
7690 635.968
7763 631.968
7837 626.968
7692 627.968
7765 623.968
7839 618.968
7681 671.968
7754 667.968
7828 662.968
7829 658.968
7720 494.968
7721 490.968
7713 522.968
7715 514.968
7717 506.968
7718 502.968
7716 510.968
7719 498.968
7769 607.968
7771 599.968
7845 594.968
7770 603.968
7775 583.968
7761 639.968
7835 634.968
7760 643.968
7834 638.968
7767 615.968
7752 675.968
7826 670.968
7755 663.968
7757 655.968
7831 650.968
7756 659.968
7830 654.968
7759 647.968
7751 679.968
7825 674.968
7793 498.968
7794 494.968
7792 502.968
7789 514.968
7790 510.968
7791 506.968
7788 518.968
7776 579.968
7850 574.968
7779 554.968
7778 571.968
7852 566.968
7865 506.968
7866 502.968
7864 510.968
7857 538.968
7858 534.968
7859 530.968
7856 542.968
7861 522.968
7860 526.968
7863 514.968
7862 518.968
7854 550.968
7929 546.968
7931 538.968
7932 534.968
7930 542.968
7933 530.968
7935 522.968
7936 518.968
7934 526.968
7937 514.968
7938 510.968
7941 498.968
7971 661.968
7972 657.968
7973 653.968
8013 493.968
7944 486.968
7872 482.968
7726 474.968
8061 553.968
8063 545.968
8064 541.968
8062 549.968
8050 597.968
8037 649.968
8039 641.968
8038 645.968
8072 509.968
8074 502.968
8065 537.968
8067 529.968
8068 525.968
8069 521.968
8066 533.968
