 key  value
8122 415.968
8063 411.968
8001 407.968
8002 403.968
8003 399.968
8004 395.968
8005 391.968
8006 387.968
8007 383.968
8008 379.968
8009 375.968
8010 371.968
8011 367.968
7942 360.968
7869 356.968
7796 352.968
7723 348.968
7651 344.968
7578 340.968
7579 336.968
7580 332.968
7509 328.968
7443 324.968
7375 320.968
7306 316.968
7240 312.968
7174 308.968
7104 304.968
7033 300.968
6959 296.968
6889 292.968
6818 288.968
6743 284.968
6665 280.968
6586 276.968
6504 272.968
6422 268.968
6344 264.968
6267 260.968
6193 256.968
6116 252.968
6036 248.968
5956 244.968
5883 240.968
5809 236.968
5734 232.968
5655 228.968
5579 224.968
5494 220.968
5404 216.968
5313 212.968
5226 208.968
5147 204.968
5066 200.968
4983 196.968
4899 192.968
4814 188.968
4727 181.968
4728 177.968
4729 173.968
9898 169.451
4643 164
4557 160
4470 156
4380 152
4289 148
4196 144
4105 140
4016 136
3928 132
3839 128
3750 124
3665 120
3582 116
3497 112
3409 108
3318 104
3223 100
3131 96
3040 92
2936 88
2836 84
2748 80
2660 76
2574 72
2489 68
2405 64
2320 60
2233 56
2148 52
2059 48
1969 44
1881 40
1799 36
1709 32
1612 28
1519 24
1423 20
1333 16
1250 12
1167 8
1095 4
8125 403.968
8066 399.968
8124 407.968
8065 403.968
8127 395.968
8128 391.968
8129 387.968
8070 383.968
8126 399.968
8113 451.968
8054 447.968
8055 443.968
7993 439.968
7994 435.968
7995 431.968
7996 427.968
7997 423.968
7998 419.968
7999 415.968
8000 411.968
8112 455.968
8053 451.968
8115 443.968
8116 439.968
8057 435.968
8058 431.968
8114 447.968
8117 435.968
8119 427.968
8120 423.968
8061 419.968
8062 415.968
8118 431.968
8059 427.968
8105 483.968
8046 479.968
8047 475.968
8048 471.968
7986 467.968
7987 463.968
7988 459.968
7989 455.968
7990 451.968
7991 447.968
7992 443.968
8104 487.968
8107 475.968
8106 479.968
8109 467.968
8050 463.968
8051 459.968
8052 455.968
8108 471.968
8049 467.968
8111 459.968
8110 463.968
8097 515.968
8038 511.968
8039 507.968
7977 503.968
7978 499.968
7979 495.968
7980 491.968
7981 487.968
7982 483.968
7983 479.968
7984 475.968
7985 471.968
8096 519.968
8037 515.968
7975 511.968
7976 507.968
8099 507.968
8040 503.968
8041 499.968
8042 495.968
8043 491.968
8044 487.968
8045 483.968
8098 511.968
8101 499.968
8102 495.968
8103 491.968
8100 503.968
8155 515.968
8156 511.968
8157 507.968
8158 503.968
8159 499.968
8160 495.968
8136 591.968
8137 587.968
8080 583.968
8021 579.968
8022 575.968
8023 571.968
8024 567.968
7962 563.968
7963 559.968
7964 555.968
7965 551.968
7966 547.968
7967 543.968
7968 539.968
7969 535.968
7970 531.968
7971 527.968
7972 523.968
7973 519.968
7974 515.968
8185 395.968
8186 391.968
8184 399.968
8177 427.968
8176 431.968
8179 419.968
8178 423.968
8181 411.968
8180 415.968
8183 403.968
8182 407.968
8169 459.968
8168 463.968
8171 451.968
8170 455.968
8173 443.968
8174 439.968
8175 435.968
8172 447.968
8161 491.968
8163 483.968
8162 487.968
8165 475.968
8164 479.968
8167 467.968
8166 471.968
8217 499.968
8218 495.968
8219 491.968
8220 487.968
8221 483.968
8222 479.968
8223 475.968
8224 471.968
8225 467.968
8216 503.968
8215 507.968
8214 511.968
8241 403.968
8242 399.968
8243 395.968
8240 407.968
8233 435.968
8232 439.968
8235 427.968
8236 423.968
8234 431.968
8237 419.968
8238 415.968
8239 411.968
8227 459.968
8228 455.968
8229 451.968
8230 447.968
8231 443.968
8226 463.968
8281 459.968
8280 463.968
8283 451.968
8282 455.968
8285 443.968
8286 439.968
8284 447.968
8287 435.968
8288 431.968
8289 427.968
8290 423.968
8291 419.968
8292 415.968
8293 411.968
8294 407.968
8295 403.968
8273 491.968
8274 487.968
8275 483.968
8276 479.968
8277 475.968
8278 471.968
8272 495.968
8279 467.968
91 111
112 107
113 103
114 99
115 95
116 91
117 87
118 83
135 71
154 64
183 60
221 56
267 51
318 47
374 43
436 38
500 34
571 30
643 25
713 21
714 17
791 13
876 8
954 4
8269 507.968
93 103
94 99
8268 511.968
92 107
8271 499.968
8270 503.968
8319 507.968
8320 503.968
8318 511.968
8298 391.968
8299 387.968
8246 383.968
8189 379.968
8132 375.968
8073 371.968
125 111
126 107
127 103
128 99
129 95
130 91
131 87
132 83
133 79
134 75
8344 407.968
8349 393.802
9963 391.837
110 115
111 111
8337 435.968
8336 439.968
8339 427.968
8340 423.968
8341 419.968
8338 431.968
8343 411.968
8342 415.968
8329 467.968
8330 463.968
8328 471.968
8331 459.968
8333 451.968
8332 455.968
8335 443.968
8334 447.968
8321 499.968
145 100
146 96
175 92
213 88
259 83
310 79
366 75
428 70
492 66
563 62
635 57
705 53
782 49
867 44
868 40
869 36
870 32
948 28
949 24
1021 20
1022 16
1023 12
1024 8
1025 4
144 104
8323 491.968
147 92
148 88
177 84
215 80
261 75
262 71
263 67
264 63
265 59
266 55
8322 495.968
8325 483.968
149 84
178 80
216 76
8324 487.968
8327 475.968
8326 479.968
150 80
151 76
152 72
153 68
8377 471.968
8376 475.968
8379 463.968
8380 459.968
8381 455.968
8378 467.968
8383 447.968
8384 443.968
143 108
8382 451.968
8369 503.968
8368 507.968
8371 495.968
8370 499.968
8373 487.968
8374 483.968
8372 491.968
8375 479.968
176 88
179 76
217 72
181 68
182 64
180 72
218 68
173 100
211 96
257 91
258 87
309 83
365 79
427 74
172 104
174 96
8393 407.968
8394 403.968
8346 399.968
8297 395.968
8244 391.968
8245 387.968
8188 383.968
219 64
8385 439.968
209 104
255 99
256 95
307 91
308 87
8387 431.968
8388 427.968
8386 435.968
210 100
8389 423.968
212 92
8391 415.968
8390 419.968
214 84
260 79
311 75
312 71
368 67
430 62
431 58
432 54
496 50
497 46
568 42
640 37
710 33
787 29
872 24
950 20
8441 415.968
8442 411.968
8440 419.968
8433 447.968
8432 451.968
8435 439.968
8436 435.968
8434 443.968
8437 431.968
8439 423.968
8438 427.968
8425 479.968
8426 475.968
8427 471.968
8428 467.968
8429 463.968
8430 459.968
8424 483.968
8431 455.968
254 103
8419 503.968
8420 499.968
8418 507.968
8421 495.968
8422 491.968
8423 487.968
8473 479.968
8472 483.968
8475 471.968
8476 467.968
8477 463.968
8474 475.968
8479 455.968
8480 451.968
8481 447.968
8478 459.968
8467 503.968
8466 507.968
8469 495.968
8470 491.968
8468 499.968
8471 487.968
8499 563.968
8453 559.968
8406 555.968
8357 551.968
8358 547.968
8310 543.968
8261 539.968
8208 535.968
8209 531.968
8152 527.968
8095 523.968
8500 559.968
8454 555.968
8407 551.968
313 67
369 63
315 59
371 55
433 50
314 63
370 59
317 51
316 55
319 46
375 42
437 37
501 33
572 29
305 99
361 95
423 90
487 86
488 82
489 78
560 74
632 69
702 65
703 61
704 57
8483 439.968
8482 443.968
306 95
8485 431.968
8484 435.968
8487 423.968
8488 419.968
8486 427.968
299 142
300 138
301 134
357 130
418 125
480 121
550 114
622 109
623 105
624 101
625 97
626 93
627 89
628 85
629 81
630 77
700 73
701 69
8529 443.968
8528 447.968
8531 435.968
8532 431.968
8533 427.968
8530 439.968
8521 475.968
8522 471.968
8520 479.968
8523 467.968
8525 459.968
8524 463.968
8527 451.968
8526 455.968
8515 499.968
8516 495.968
8514 503.968
8517 491.968
8519 483.968
8518 487.968
8569 463.968
8568 467.968
8571 455.968
8570 459.968
8573 447.968
8572 451.968
8575 439.968
8576 435.968
8577 431.968
8578 427.968
8579 423.968
8535 419.968
8536 415.968
8537 411.968
8491 407.968
8444 403.968
8445 399.968
8396 395.968
8348 391.968
8574 443.968
8561 495.968
8560 499.968
8563 487.968
8562 491.968
8565 479.968
8564 483.968
8567 471.968
8566 475.968
373 47
435 42
372 51
434 46
360 99
422 94
363 87
425 82
426 78
490 74
561 70
633 65
362 91
424 86
8605 495.968
8606 491.968
8604 499.968
364 83
8607 487.968
367 71
429 66
493 62
564 58
636 53
637 49
638 45
639 41
353 146
414 141
415 137
477 133
478 129
479 125
8589 559.968
8590 555.968
8547 551.968
8548 547.968
8549 543.968
8505 539.968
8459 535.968
8412 531.968
8413 527.968
8414 523.968
8365 519.968
8366 515.968
413 145
8588 563.968
8545 559.968
8546 555.968
412 149
8632 555.968
8591 551.968
8592 547.968
8631 559.968
8630 563.968
8617 447.968
8618 443.968
8616 451.968
8619 439.968
8609 479.968
8608 483.968
8611 471.968
8610 475.968
8613 463.968
8612 467.968
8615 455.968
8614 459.968
8671 559.968
8672 555.968
8633 551.968
8670 563.968
8657 455.968
8656 459.968
416 133
417 129
8659 447.968
8660 443.968
8661 439.968
8662 435.968
8663 431.968
8622 427.968
8658 451.968
421 98
485 94
556 90
420 102
484 98
8649 487.968
473 149
474 145
475 141
476 137
8648 491.968
8651 479.968
8652 475.968
8650 483.968
8653 471.968
8654 467.968
8655 463.968
469 165
470 161
471 157
472 153
8647 495.968
8646 499.968
8697 455.968
8698 451.968
8699 447.968
8700 443.968
8701 439.968
8696 459.968
8689 487.968
8691 479.968
8690 483.968
8693 471.968
8692 475.968
8695 463.968
8694 467.968
8686 499.968
499 38
498 42
569 38
641 33
642 29
8729 483.968
8730 479.968
8731 475.968
8732 471.968
8733 467.968
8734 463.968
8728 487.968
491 70
8735 459.968
8736 455.968
8737 451.968
8738 447.968
8739 443.968
495 54
483 102
8726 495.968
8727 491.968
486 90
537 166
609 161
610 157
611 153
612 149
613 145
614 141
615 137
616 133
617 129
618 125
619 121
620 117
621 113
539 158
538 162
541 150
540 154
543 142
542 146
8711 555.968
8712 551.968
8674 547.968
8635 543.968
8636 539.968
8637 535.968
8596 531.968
8553 527.968
8554 523.968
8555 519.968
8556 515.968
8512 511.968
8710 559.968
8763 495.968
8765 487.968
8766 483.968
8767 479.968
8768 475.968
8764 491.968
8747 559.968
8746 563.968
570 34
8748 555.968
565 54
566 50
553 102
552 106
555 94
554 98
557 86
545 134
544 138
8787 559.968
8788 555.968
8789 551.968
8790 547.968
8791 543.968
8792 539.968
8753 535.968
8717 531.968
8718 527.968
8680 523.968
8641 519.968
8642 515.968
8643 511.968
8602 507.968
8559 503.968
547 126
8786 563.968
546 130
551 110
8776 443.968
8740 439.968
8741 435.968
8703 431.968
8664 427.968
8623 423.968
8580 419.968
605 177
606 173
607 169
608 165
8780 442.331
9950 436.669
8704 431.968
8769 471.968
8771 463.968
8772 459.968
8770 467.968
8773 455.968
8774 451.968
8775 447.968
8827 559.968
8816 443.968
8777 439.968
8809 471.968
8810 467.968
8808 475.968
8811 463.968
8813 455.968
8812 459.968
8815 447.968
8814 451.968
8801 503.968
8802 499.968
8803 495.968
8804 491.968
8805 487.968
8806 483.968
8800 507.968
8807 479.968
8849 471.968
8850 467.968
8848 475.968
8851 463.968
8853 455.968
8852 459.968
8854 451.968
8841 503.968
8842 499.968
8843 495.968
8844 491.968
8845 487.968
8847 479.968
8846 483.968
8890 451.96
9969 448.03
8881 487.96
8882 483.96
8883 479.96
8884 475.96
8885 471.96
8886 467.96
8887 463.96
8888 459.96
8889 455.96
8880 491.96
8877 503.96
8878 499.96
8879 495.96
689 124
690 120
691 116
692 112
693 108
694 104
695 100
696 96
697 92
688 128
681 156
682 152
683 148
684 144
685 140
686 136
687 132
8920 471.96
8921 467.96
8922 463.96
680 160
8913 499.96
8912 503.96
8915 491.96
8916 487.96
675 180
676 176
677 172
678 168
679 164
8914 495.96
8917 483.96
8919 475.96
8918 479.96
8911 507.96
8910 511.96
8876 507.96
8953 475.96
8954 471.96
8952 479.96
712 25
789 21
874 16
952 12
8945 507.96
8946 503.96
8944 511.96
8947 499.96
8949 491.96
709 37
786 33
871 28
8948 495.96
708 41
785 37
8951 483.96
711 29
788 25
873 20
8950 487.96
761 155
762 151
763 147
764 143
765 139
766 135
767 131
768 127
769 123
770 119
771 115
772 111
773 107
774 103
760 159
753 187
754 183
755 179
756 175
757 171
758 167
759 163
8985 479.96
8986 475.96
8984 483.96
8977 511.96
8976 515.96
8979 503.96
8980 499.96
8981 495.96
8978 507.96
8983 487.96
8982 491.96
8975 519.96
8974 523.96
8942 519.96
8909 515.96
8875 511.96
784 41
790 17
875 12
9017 479.96
9016 483.96
9009 511.96
9008 515.96
9011 503.96
9012 499.96
9010 507.96
9013 495.96
9015 487.96
9014 491.96
9005 527.96
9007 519.96
8997 559.96
8966 555.96
8934 551.96
8901 547.96
8902 543.96
8868 539.96
8869 535.96
8870 531.96
8871 527.96
8872 523.96
8873 519.96
8874 515.96
8998 555.96
8999 551.96
8968 547.96
8969 543.96
8970 539.96
8971 535.96
8972 531.96
8973 527.96
8941 523.96
9041 507.96
9042 503.96
9043 499.96
9044 495.96
9045 491.96
9040 511.96
9047 483.96
9048 479.96
9049 475.96
9019 471.96
8988 467.96
8989 463.96
8957 459.96
8924 455.96
9046 487.96
856 121
857 117
858 113
859 109
9037 523.96
9038 519.96
9036 527.96
9006 523.96
9039 515.96
849 153
850 149
848 157
851 141
852 137
853 133
854 129
855 125
9029 555.96
9028 559.96
841 185
842 181
843 177
844 173
845 169
846 165
847 161
840 189
9073 495.96
9072 499.96
9075 487.96
835 209
836 205
837 201
838 197
839 193
9074 491.96
9065 527.96
9064 531.96
9067 519.96
9068 515.96
9069 511.96
9070 507.96
9066 523.96
9071 503.96
9059 551.96
9060 547.96
9061 543.96
9033 539.96
9034 535.96
9035 531.96
9058 555.96
9063 535.96
9113 559.96
9087 555.96
9088 551.96
9089 547.96
9090 543.96
9091 539.96
9117 543.96
9119 535.96
9120 531.96
9094 527.96
9095 523.96
9118 539.96
9092 535.96
9093 531.96
9104 487.96
9105 483.96
9077 479.96
9078 475.96
9050 471.96
9020 467.96
9097 515.96
9098 511.96
9099 507.96
9100 503.96
9101 499.96
921 205
922 201
923 197
9096 519.96
920 209
924 193
925 189
9103 491.96
927 181
928 177
9102 495.96
926 185
9145 543.96
9146 539.96
9147 535.96
9144 547.96
9149 527.96
9122 523.96
9148 531.96
9151 519.96
9152 515.96
9153 511.96
9126 507.96
9150 523.96
9141 559.96
9142 555.96
9143 551.96
9116 547.96
9128 499.96
9129 495.96
9130 491.96
9131 487.96
9133 483.96
9107 479.96
9079 475.96
9051 471.96
9121 527.96
945 40
946 36
947 32
944 44
1016 40
1017 36
1018 32
1019 28
1020 24
9123 519.96
9125 511.96
9124 515.96
9127 503.96
951 16
9177 519.96
9178 515.96
9176 523.96
937 136
938 132
939 128
940 124
936 140
9179 511.96
9180 507.96
9155 503.96
9181 503.96
9156 499.96
9182 499.96
9183 495.96
9158 491.96
9169 551.96
9170 547.96
9171 543.96
929 173
931 165
932 161
933 157
934 153
930 169
9173 535.96
9174 531.96
9175 527.96
9172 539.96
935 144
9154 507.96
9201 523.96
9200 527.96
9203 515.96
9202 519.96
9205 507.96
9206 503.96
9207 499.96
9204 511.96
9193 555.96
9194 551.96
9195 547.96
9197 539.96
9198 535.96
9196 543.96
9199 531.96
1009 157
1008 161
1011 140
1010 144
1015 44
1014 48
9241 543.96
9242 539.96
9221 535.96
9222 531.96
1001 208
1000 212
9243 535.96
1003 188
1004 184
1005 180
1006 176
9245 527.96
9246 523.96
9225 519.96
9244 531.96
9223 527.96
9247 519.96
9248 515.96
9227 511.96
9228 507.96
1007 165
9224 523.96
9226 515.96
9219 543.96
9220 539.96
1037 65.952
964 61.952
9999 59.612
963 53.953
1036 49.953
1035 45.953
1103 39.097
1034 32.097
1033 28.097
1032 24.099
10013 23.27
1031 20
1030 16
1029 12
1028 8
1027 4
1081 140
1012 136
1080 144
1084 48
1085 44
1086 40
1087 36
1088 32
1089 28
9249 511.96
1073 192
1074 188
1075 184
1076 180
1077 165
1078 165
1097 8
1096 4
1099 16
1098 12
1102 28.58
1090 24
1145 183
1229 179
1146 175
1147 171
1144 186
1143 190
1142 194
1183 82.952
1106 77.952
1105 73.952
1038 69.952
965 65.952
1182 78.952
1169 9
1168 8
1171 17
1170 13
1173 25
1100 20
1172 21
1161 32
1160 36
1163 24
1164 20
1165 16
1166 12
1162 28
1153 144
1152 148
1157 48
1156 52
1159 40
1158 44
1241 48
1243 40
1242 44
9421 2040.92
9422 1942.92
9423 1844.92
9424 1746.92
9442 1571.92
9443 1472.92
9461 1337.92
9477 1231.92
9494 1124.92
9512 992.924
9531 885.924
9551 778.924
6006 589.924
6087 584.924
6163 580.924
6238 576.924
6313 571.924
6314 567.924
6315 563.924
6316 559.924
6317 555.924
6395 548.924
6474 541.924
6555 537.924
6635 532.924
6636 528.924
6714 524.924
6790 520.924
6863 515.924
6935 511.924
7011 507.924
7082 502.924
7151 498.924
7152 494.924
7217 490.924
7284 486.924
7352 481.924
7421 477.924
7487 473.924
9982 469.983
7556 464.968
7557 460.968
7558 456.968
7631 449.968
7704 445.968
7777 441.968
7851 436.968
7852 432.968
7925 428.968
7926 424.968
7927 420.968
7854 416.968
7781 412.968
7782 408.968
7709 404.968
7710 400.968
7638 396.968
7565 392.968
7566 388.968
7495 384.968
7429 380.968
7361 376.968
7292 372.968
7293 368.968
7294 364.968
7295 360.968
7296 356.968
7297 352.968
7231 348.968
7165 344.968
7095 340.968
7024 336.968
7025 332.968
7026 328.968
6952 324.968
6882 320.968
6811 316.968
6812 312.968
6737 308.968
6659 304.968
6660 300.968
6581 296.968
6582 292.968
6500 288.968
6418 284.968
6340 280.968
6263 276.968
6264 272.968
6265 268.968
6191 264.968
6192 260.968
1245 32
1246 28
1247 24
9420 2138.92
1244 36
1235 148
1234 152
1225 194
1226 190
1224 198
1227 187
1228 183
1221 245
1220 241
1305 237
1392 233
1484 229
1485 225
1486 221
1393 214
1306 208
1223 201
9462 1301.42
9939 1211.01
9478 1193.1
9942 1104.22
9495 1085.92
1222 249
1264 77.952
1180 73.952
1104 69.952
1269 94.952
1268 90.952
1267 86.952
1266 82.952
1265 78.952
1181 74.952
1257 29
1256 25
1255 21
1254 17
1253 13
1259 58
1345 54
1435 50
1344 45
1343 41
1342 37
1258 33
1174 29
1101 24
1248 20
1251 12
9493 1179.92
9511 1046.92
9530 940.924
9550 834.924
9572 705.924
5928 608.924
1252 12
1304 238
1307 205
1309 198
1308 202
1311 191
1312 187
1310 195
9529 1039.92
9528 1138.92
9532 881.924
9525 2027.16
9544 1925.16
9563 1832.16
9586 1730.16
9607 1628.16
9629 1536.16
9630 1439.16
9631 1342.16
9984 1290.57
9609 1210.97
9610 1110.97
9611 1010.97
9612 910.968
9613 810.968
9614 710.968
7873 644.968
7800 640.968
7801 636.968
7802 632.968
7875 628.968
7876 624.968
7877 620.968
7878 616.968
7879 612.968
7880 608.968
7881 604.968
7882 600.968
7883 596.968
7884 592.968
7885 588.968
7886 584.968
7887 580.968
7888 576.968
7889 572.968
7890 568.968
7891 564.968
7892 560.968
7893 556.968
7894 552.968
7895 548.968
7896 544.968
7897 540.968
7898 536.968
7899 532.968
7900 528.968
7901 524.968
7902 520.968
7903 516.968
7904 512.968
7905 508.968
7906 504.968
7907 500.968
7908 496.968
7909 492.968
7910 488.968
7911 484.968
7912 480.968
7913 476.968
7914 472.968
7915 468.968
7916 464.968
7917 460.968
7918 456.968
7919 452.968
7920 448.968
7921 444.968
7922 440.968
7923 436.968
7924 432.968
9524 2122.16
9543 2020.16
9562 1927.16
9585 1826.16
9606 1725.16
9628 1633.16
9527 1237.92
9513 988.924
1337 17
1336 16
1339 25
1338 21
1341 33
1340 29
1329 32
1328 36
9506 2223.16
1330 28
9509 1242.92
9510 1144.92
1332 20
1249 16
1335 16
1334 16
1325 48
1326 44
9567 1195.92
9568 1097.92
9569 999.924
9570 901.924
9571 803.924
1327 40
9566 1293.92
1317 150.127
1404 145.127
1405 141.127
1406 137.127
1502 130.127
1503 126.127
1504 122.127
1598 118.127
1692 113.127
1693 109.127
1694 105.127
1695 101.127
1696 97.127
1697 93.127
1698 89.127
1699 85.127
1700 81.127
1604 77.232
1605 73.232
1414 56
1415 52
1319 142.127
1318 146.127
9547 1133.92
9546 1232.92
9549 934.924
9548 1033.92
9593 702.924
6911 650.924
6912 646.924
6913 642.924
6982 631.924
7051 626.924
7120 622.924
7185 618.924
7252 614.924
7320 609.924
7389 605.924
7390 601.924
7391 597.924
7457 593.924
7458 589.924
7459 585.924
7460 581.924
7461 577.924
7462 573.924
7463 569.924
7464 565.924
7465 561.924
7466 557.924
7467 553.924
7468 549.924
7469 545.924
7470 541.924
7471 537.924
7472 533.924
7473 529.924
7474 525.924
7475 521.924
7476 517.924
7477 513.924
7478 509.924
7479 505.924
7480 501.924
7481 497.924
7482 493.924
7483 489.924
7484 485.924
7485 481.924
7486 477.924
9592 801.924
9595 553
9574 444
3392 360
3297 353
3107 338
3011 331
2908 320
2818 312
2732 307
2562 295
2477 290
2391 285
2302 277
2215 270
2124 263
2032 256
1943 251
1942 247
1941 243
1940 239
1939 235
1938 231
1855 227
1764 223
1666 218
1572 214
1475 210
1474 206
1473 202
1472 198
1471 194
1470 190
1469 186
1468 182
1467 178
1466 174
1465 170
1464 166
1463 162
1462 158
1461 154
1460 150
1459 146
1458 142
1457 138
1456 134
1455 130
1454 126
1453 122
1452 118
1451 114
1450 110
1449 106
1448 102
1447 98
1446 94
1445 90
1444 86
1443 82
1442 78
1441 74
1440 70
1439 66
1438 62
1437 58
1436 54
1352 82
9594 457
5374 383
5286 379
5203 374
5202 370
5201 366
5200 362
5199 358
5119 354
5118 350
5117 346
5035 342
4951 337
4950 333
4865 329
4864 325
4777 321
4688 316
4687 312
4686 308
4600 304
4513 300
4424 296
4332 291
4331 287
4239 283
4146 279
4056 274
3966 270
3877 266
3876 262
3788 258
3700 253
3699 249
3698 245
3614 241
3613 237
3612 233
3611 229
3525 225
3439 220
3354 216
3260 212
3166 207
3165 203
3071 199
2976 195
2975 191
2874 187
2785 182
2699 178
2616 174
2530 169
2529 165
2444 161
2358 157
2270 152
2269 148
2183 144
2182 140
2181 136
2091 132
2090 128
2089 124
1998 120
1909 115
1826 111
1735 107
1637 102
1636 98
1635 94
1541 90
1355 94
1354 90
1357 102
1356 98
1359 110
1358 106
1347 62
1346 58
9589 1098.92
9590 999.924
9591 900.924
9588 1197.92
1349 70
1348 66
1350 74
1401 185
1314 181
1315 177
1231 173
1148 169
1400 189
1403 174.127
1497 170.127
1591 166.127
1778 158.127
1949 150.127
1866 144.127
1780 140.127
1781 136.127
1782 132.127
1783 128.127
1784 124.127
1785 120.127
1786 116.127
1787 112.127
1788 108.127
1789 104.127
1790 100.127
1791 96.127
1792 92.127
1793 88.127
1402 181
1395 209
1394 212
9573 230.004
4102 226.004
4287 218.004
4378 213.004
4468 206.004
4556 202.004
4726 190.004
9909 185.892
1397 202
1396 206
1399 193
1398 197
1391 237
9617 559
9616 460
7111 395
7110 391
7109 387
7108 383
7038 375
7037 371
6967 364
6966 360
6965 356
6964 352
6896 345
6828 340
6827 336
6826 332
6753 328
6677 324
6599 319
6519 315
6437 311
6359 307
6282 302
6207 298
6131 294
6055 289
5974 285
5973 281
5900 277
5826 273
5751 268
5675 264
5674 260
5594 256
5517 251
5516 247
5430 243
5338 239
5337 235
5249 231
5166 226
5165 222
5164 218
5163 214
5083 210
5082 206
5000 202
4916 197
4831 193
4744 189
4655 184
4569 180
4482 176
4393 172
4301 167
4209 163
4116 159
4026 154
3936 150
3847 146
3759 142
3671 137
3587 133
3501 129
3415 124
3331 120
3238 116
3147 111
3055 107
2960 103
2859 99
2770 94
2681 90
2594 86
2508 81
2423 77
2337 73
2249 68
2163 64
2073 60
1982 56
1893 51
1892 47
1891 43
1808 39
1717 35
1619 30
1525 26
1428 22
1433 42
1432 38
1434 46
1424 20
1427 21
1426 20
1429 26
1431 34
1430 30
9657 952.968
9636 849.968
1417 44
9656 1049.97
9635 946.968
1416 48
1419 36
9658 1050.97
1418 40
9661 661.756
9638 553.756
10125 539.172
1421 28
1331 24
9660 590
9637 482
9615 389
6824 330
6751 326
6675 322
6598 318
6518 314
6436 310
6358 306
1420 32
9655 1147.97
9634 1043.97
9654 1244.97
9633 1140.97
9639 575
9681 698
9680 1057.97
9682 769.756
1496 171.127
1590 167.127
1684 162.127
1499 142.127
1500 138.127
1501 134.127
1498 146.127
9677 1322.44
10128 1223.03
9679 1055.97
9678 1152.97
1491 205
1492 201
1490 210
1493 199
1494 195
1495 175.127
9721 1250.97
9700 1146.97
9720 1248.97
1483 233
1482 245
1579 241
1580 237
1581 233
1582 229
1487 218
1529 42
1528 38
1531 50
1530 46
1533 58
1532 54
1534 62
9699 1243.97
9701 1148.97
1524 25
1527 34
1526 30
1513 48
1514 44
1515 40
1512 52
1517 32
1511 56
9742 1428.97
9741 1329.97
1553 138
1552 134
1551 130
1550 126
1555 146
1554 142
1556 150
1545 106
1544 102
1543 98
1546 110
1549 122
1548 118
1537 74
1536 70
1538 78
9782 1656.97
9781 1559.97
9761 1433.97
1542 94
1593 138.127
1687 133.127
1688 129.127
1689 125.127
1690 121.127
1691 117.127
1592 142.127
1686 137.127
1585 220
1488 216
1584 222
9762 1533.97
1586 217
1489 213
1589 171.127
9819 1725.97
9799 1622.97
9779 1521.97
9760 1431.97
9818 1724.97
9821 1731.97
9801 1627.97
9780 1523.97
9820 1728.97
9800 1624.97
9823 1451.22
9804 1354.22
9784 1257.22
9763 1144.76
9744 1047.76
9723 950.764
10126 857.03
9702 772
1583 225
9822 1767.97
9802 1663.97
1625 54
1624 50
1627 62
1626 58
1628 66
1630 74
1629 70
1618 29
1621 38
1620 34
1623 46
9798 1645.97
9778 1543.97
9759 1453.97
9740 1351.97
1622 42
1609 40
1610 36
1608 44
1611 32
1518 28
1613 28
1520 24
9844 981.274
9833 964.211
10024 929.552
9830 889.462
9871 839.121
9829 782.435
9912 745.523
9828 714.204
9927 671.736
9827 632.864
9897 617.143
1607 48
1606 52
1657 182
1563 178
1562 174
1656 178
9835 936.134
9879 923.566
9834 998.825
9843 964.947
1658 186
9836 819.24
9904 778.851
1649 150
1648 146
1647 142
9826 379.887
6240 367.968
6166 363.968
6089 359.968
6009 355.968
5930 351.968
5856 347.968
5782 343.968
5707 339.968
5708 335.968
5709 331.968
5630 327.968
5631 323.968
5632 319.968
5556 315.968
5471 311.968
5472 307.968
5473 303.968
5383 299.968
5292 295.968
5206 288.968
5127 284.968
5128 280.968
5129 276.968
5130 272.968
5131 268.968
5050 264.968
4967 260.968
4968 256.968
4969 252.968
4970 248.968
4971 244.968
4887 240.968
4888 236.968
4803 232.968
4804 228.968
4805 224.968
4806 220.968
4807 216.968
4808 212.968
4809 208.968
4810 204.968
4811 200.968
4812 196.968
4813 192.968
1651 158
1650 154
1653 166
1559 162
9831 983.111
10007 931.972
1652 162
9881 65.875
1640 114
1643 126
1642 122
1641 118
9885 149.566
1645 134
1644 130
1646 138
1633 86
1632 82
1631 78
1634 90
1639 110
1638 106
9866 190.646
604 181
1683 163.127
1777 159.127
1865 155.127
1685 141.127
9913 177.263
1673 241
9915 225.149
4194 222.004
1675 233
9914 356.422
9825 347.519
5627 339.968
5551 335.968
5466 331.968
5376 327.968
5377 323.968
5378 319.968
5379 315.968
5380 311.968
5381 307.968
5382 303.968
1674 237
9917 502.848
7084 497.924
7153 493.924
7218 489.924
7285 485.924
1677 226
9916 723.66
1676 229
9919 692.387
9918 160.288
1678 224
9905 207.939
9906 157.043
9908 176.612
3249 174
3248 170
3340 163
3423 156
3339 152
3246 148
3155 143
3063 139
2968 135
2867 131
2778 126
2777 122
2688 118
2687 114
2686 110
2599 106
2513 101
2512 97
2511 93
2510 89
2425 85
2339 81
2251 76
2165 72
2075 68
2074 64
1983 60
1894 55
1811 51
1720 47
9911 570.743
9910 284.085
5045 282.127
4962 278.127
4792 270.127
4704 266.127
4622 262.127
4537 258.127
4450 254.127
4361 250.127
4271 246.127
4178 242.127
4089 238.127
4000 234.127
3911 230.127
3823 226.127
3737 222.127
3655 218.127
3570 214.127
3490 210.127
3405 206.127
3310 202.127
3311 198.127
3216 194.127
3122 190.127
3030 186.127
2928 182.127
2831 178.127
2743 174.127
2655 170.127
2568 166.127
2484 162.127
2398 158.127
2399 154.127
2312 147.127
2135 139.127
2044 132.127
1955 128.127
1871 124.127
1721 51
9896 165.14
3424 160
9899 245.383
2823 241.567
2824 237.567
2917 233.567
2918 229.567
3020 225.567
3021 221.567
3022 217.567
3023 213.567
3024 209.567
10073 206.251
3025 204.127
2923 200.127
2739 190.127
2651 186.127
2652 182.127
2565 178.127
2566 174.127
2567 170.127
1723 59
1722 55
1725 67
9900 516.737
6794 513.924
7014 501.924
1724 63
9903 127.36
1727 75
9902 695.224
1713 32
1616 28
1523 24
1712 32
1615 28
1521 24
1425 20
1715 33
1617 28
1714 32
9893 247.499
1716 34
9895 275.48
4170 268.127
3992 260.127
3993 256.127
3994 252.127
3906 248.127
3820 244.127
3733 240.127
3651 236.127
3567 232.127
3486 228.127
3400 224.127
3305 220.127
3210 216.127
3116 212.127
3117 208.127
1719 43
9894 385.589
1718 39
9945 417.933
1705 48
9944 246.66
1672 242
1671 238
1670 234
1669 230
1668 226
1667 222
1704 52
1707 40
9946 195.112
918 193.113
917 189.113
916 185.113
915 181.113
914 177.113
913 173.113
912 169.113
911 165.113
910 161.113
909 157.113
908 153.113
907 149.113
906 145.113
905 141.113
904 137.113
903 133.113
902 129.113
901 125.113
900 121.113
899 117.113
898 113.113
897 109.113
896 105.113
895 101.113
894 97.113
893 93.113
892 89.113
891 85.113
890 81.113
889 77.113
888 73.113
887 69.113
886 65.113
1706 44
9949 266.44
6428 257.968
6350 253.968
6273 249.968
6198 245.968
6121 241.968
6041 237.968
5961 233.968
5887 229.968
5813 225.968
5738 221.968
5659 217.968
5582 213.968
5497 209.968
5407 205.968
5316 201.968
5229 197.968
5069 189.968
4986 185.968
4902 181.968
4817 177.968
9948 434.453
8665 427.968
1708 36
9951 487.155
1711 32
1614 28
1710 32
9936 1163.7
9938 1108.62
9943 722.635
1702 73.104
10030 65.138
1753 179
1655 174
1561 170
9928 142.824
4104 142
1752 175
1654 170
1754 183
9933 1117.01
1757 195
1659 190
1565 186
1564 182
1758 199
1660 194
1745 147
9920 105.699
1744 143
9923 190.862
2972 185.999
10101 181.112
2783 178
2698 174
2615 170
1747 155
1746 151
1749 163
9924 164.454
1748 159
1751 171
9926 173.665
1750 167
1737 115
9976 629.544
6005 593.924
6086 588.924
6162 584.924
9979 145.307
2782 142
2781 138
2692 134
2605 130
2519 125
2518 121
2517 117
2432 113
2346 109
2258 104
2172 100
2082 96
1991 92
1902 87
1819 83
1818 79
1817 75
1726 71
1739 123
1738 119
9981 2008.41
1741 131
1740 127
1743 139
1742 135
1729 83
9968 514.819
9270 508.773
10129 507.492
9252 503.96
9231 499.96
9208 495.96
9184 491.96
9159 487.96
9132 483.96
9106 479.96
9971 352.932
7871 348.968
7798 344.968
7725 340.968
7653 336.968
1731 91
1730 87
9973 538.911
9972 285.337
6893 282.497
10082 279.237
6747 273.968
6669 269.968
6590 265.968
6507 261.968
6425 257.968
6347 253.968
6270 249.968
6196 245.968
6119 241.968
6039 237.968
5959 233.968
5886 229.968
5812 225.968
5737 221.968
5658 217.968
1732 95
9975 109.808
3324 107
3231 103
3140 98
3048 94
2953 90
2852 86
2763 81
2674 77
2587 73
2501 68
2416 64
2330 60
2243 56
2157 52
2067 48
1976 44
1888 40
1805 36
9974 488.415
1734 103
9960 190.254
5070 186
4987 182
4903 178
4818 174
4730 170
9967 403.876
9966 147.815
3845 144
3757 140
3586 132
3500 128
9952 487.986
9954 365.147
9956 238.682
5669 234
5510 226
5424 222
5332 218
5244 214
5161 209
5081 205
4999 201
4915 196
4830 192
4743 188
4654 183
4568 179
4481 175
4392 171
4300 166
4208 162
4115 158
4025 153
3935 149
3846 145
3758 141
3670 136
9959 443.921
10009 1202.3
1769 243
10008 423.826
7853 420.968
1771 237
1770 247
1578 238
1577 234
1576 230
1575 226
1574 222
1477 218
1476 214
1773 230
1772 233
1775 225
1679 221
1774 228
10005 48.417
1816 71
1815 67
1821 91
1820 87
1809 43
1810 47
1813 59
1812 55
1814 63
10041 267.235
2392 258
2305 254
2218 250
2127 246
2035 242
1946 238
1862 234
1801 36
10040 639.21
6007 587.276
6164 577.276
6239 573.276
1800 36
10043 211.51
1803 36
10042 254.532
3393 252.127
3394 248.127
3300 244.127
3301 240.127
3205 236.127
3111 232.127
3112 228.127
3113 224.127
3114 220.127
3115 216.127
1802 36
10045 1314.64
10044 180.69
1804 36
10047 423.877
1807 38
10046 838.23
1806 37
10033 310.8
10032 1223.87
10035 375.005
7090 373.968
7019 368.968
6943 364.968
6944 360.968
6873 356.968
6802 352.968
6727 348.968
6728 344.968
6650 340.968
6571 336.968
6489 332.968
6490 328.968
6491 324.968
6409 320.968
6331 316.968
6332 312.968
6333 308.968
6256 304.968
6257 300.968
6258 296.968
6184 292.968
6107 288.968
6027 284.968
6028 280.968
6029 276.968
5949 272.968
5876 268.968
5877 264.968
5878 260.968
5879 256.968
5880 252.968
5881 248.968
5882 244.968
10034 374.938
10037 150.41
1797 44
10036 200.489
10039 1966.77
10038 186.55
1798 40
10027 240.063
1861 237
10026 370.522
1850 207
1849 203
1848 199
1847 195
1756 191
10029 59.575
10028 1045.37
10031 139.349
2043 136.127
1954 132.127
1841 171
1840 167
1839 163
1843 179
1842 175
1845 187
1844 183
1846 191
1755 187
1833 139
1832 135
1831 131
1830 127
10072 196.907
3124 190.127
3032 186.127
2930 182.127
2832 178.127
2744 174.127
2656 170.127
2569 166.127
2485 162.127
10075 138.348
1953 136.127
1835 147
1834 143
10074 178.301
1233 174
1150 170
1837 155
1836 151
1838 159
10065 152.909
10064 127.742
3749 126
10067 260.031
4358 254.127
4359 250.127
4269 246.127
4177 242.127
4088 238.127
3999 234.127
10066 152.624
10069 260.786
3478 258.126
1829 123
10068 230.341
3828 228.127
3741 224.127
3658 219.127
3572 215.127
3491 211.127
10071 284.221
5873 280.968
5799 276.968
5724 272.968
5645 268.968
5646 264.968
5647 260.968
5571 256.968
5486 252.968
5396 248.968
5397 244.968
5306 240.968
5307 236.968
5220 232.968
5221 228.968
5222 224.968
5223 220.968
5224 216.968
5225 212.968
10070 400.475
7286 396.968
7220 392.968
7155 388.968
7156 384.968
7157 380.968
7088 376.968
7089 372.968
10057 253.498
3580 250.029
3747 242.004
3836 238.004
3925 234.004
4014 230.004
10056 236.469
1863 232
1880 44
10059 166.685
1883 40
1882 40
10061 244.039
4095 240.127
4005 235.127
3916 231.127
3827 227.127
3740 223.127
3657 218.127
3571 214.127
1885 40
10060 187.316
2563 184.127
2394 174.127
2306 170.127
2307 166.127
2220 162.127
2130 158.127
2038 154.127
1884 40
10063 534.706
6712 532.924
6788 528.924
6861 523.924
6933 519.924
7009 515.924
7080 510.924
7149 506.924
7150 502.924
1887 40
10062 543.178
6475 537.924
6476 533.924
6557 529.924
6637 524.924
6715 520.924
6791 516.924
6864 511.924
6936 507.924
7012 503.924
7083 498.924
1886 40
10049 48.389
1873 116.127
1874 112.127
10048 188.587
10051 630.131
10050 79.144
2487 74
2403 70
2318 66
2231 62
2146 58
2057 54
1967 50
10053 405.657
7354 402.968
10055 635.76
10054 145.35
1864 159.127
1948 154.127
1860 247
1859 243
1858 239
1767 235
1913 131
1912 127
1911 123
1828 119
1827 115
1915 139
1914 135
1917 147
1916 143
1919 155
1918 151
1905 99
1904 95
1903 91
1897 67
1896 63
1899 75
1898 71
1901 83
1900 79
1889 41
1890 42
1895 59
1945 242
1944 242.937
1947 236
1951 144.127
1952 140.127
1868 136.127
1950 148.127
1929 195
1928 191
1927 187
1926 183
1925 179
1924 175
1923 171
1922 167
1930 199
1921 163
1920 159
1977 45
1979 47
1978 46
1981 52
1980 48
1968 48
1971 44
1970 44
1973 44
1972 44
1975 44
1974 44
1965 58
1966 54
2009 164
2008 160
2011 172
2010 168
2013 180
2012 176
2015 188
2014 184
2001 132
2000 128
2003 140
2002 136
2005 148
2004 144
2007 156
2006 152
1992 96
1994 104
1997 116
1908 111
1825 107
1824 103
1733 99
1999 124
1910 119
1985 68
1984 64
1987 76
1986 72
1989 84
1988 80
1990 88
2041 144.127
2042 140.127
2040 148.127
2033 246.937
2034 246
2037 158.127
2036 240
2039 152.127
2024 224
1935 219
1934 215
1851 211
1760 207
1662 202
1661 198
1567 194
2027 236
2017 196
2016 192
2019 204
2018 200
2021 212
1932 207
1931 203
2020 208
2023 220
2022 216
1933 211
2072 56
2077 76
2076 72
2079 84
2078 80
2065 48
2064 48
2066 48
2069 50
2068 49
2071 52
2070 51
2056 58
2061 48
2060 48
2063 48
2062 48
2055 62
2105 188
2104 184
2107 196
2106 192
2109 204
2108 200
2110 208
2097 156
2096 152
2095 148
2094 144
2093 140
2099 164
2098 160
2101 172
2100 168
2103 180
2102 176
2088 120
2087 116
2086 112
1995 108
1906 103
2092 136
2081 92
2080 88
2083 100
2085 108
2084 104
2143 70
2054 66
1964 62
2129 162.127
2128 244
2131 156.127
2133 148.127
2132 152.127
2134 144.127
2125 250.937
2126 250
2113 220
2112 216
2169 88
2168 84
2167 80
2171 96
2170 92
2173 104
2175 112
2174 108
2161 56
2160 55
2162 60
2164 68
2166 76
2153 52
2152 52
2155 52
2154 52
2159 54
2158 53
2145 62
2144 66
2147 56
2058 52
2151 52
2150 52
2201 216
2200 212
2199 208
2193 184
2192 180
2195 192
2194 188
2197 200
2196 196
2198 204
2185 152
2184 148
2187 160
2186 156
2189 168
2188 164
2191 176
2190 172
2176 116
2232 60
2235 56
2149 52
2234 56
2237 56
2236 56
2239 56
2238 56
2225 143.127
2224 147.127
2229 70
2228 74
2230 66
2217 254
2216 254.937
2219 166.127
2221 159.127
2222 155.127
2223 151.127
2267 140
2266 136
2180 132
2268 144
2271 156
2257 100
2256 96
2255 92
2259 108
2261 116
2260 112
2248 64
2247 60
2250 72
2253 84
2252 80
2254 88
2245 58
2244 57
2246 59
2281 196
2280 192
2283 204
2282 200
2285 212
2284 208
2286 216
2273 164
2272 160
2275 172
2274 168
2277 180
2276 176
2279 188
2278 184
2331 61
2333 63
2332 62
2335 65
2334 64
2321 60
2323 60
2322 60
2325 60
2324 60
2315 78
2317 70
2316 74
2319 64
2304 258
2309 159.127
2308 163.127
2311 151.127
2310 155.127
2361 169
2360 165
2363 177
2362 173
2365 185
2364 181
2367 193
2366 189
2353 137
2265 132
2179 128
2352 133
2264 128
2263 124
2177 120
2355 145
2354 141
2357 153
2356 149
2359 161
2345 105
2344 101
2347 113
2348 117
2336 69
2338 77
2341 89
2340 85
2343 97
2342 93
2393 275.938
2479 268.938
2478 264.938
2395 170.127
2397 162.127
2396 166.127
2387 273
2299 268
2298 264
2297 260
2296 256
2210 252
2120 248
2029 244
2369 201
2368 197
2371 209
2370 205
2373 217
2372 213
2375 225
2287 220
2374 221
2424 81
2427 93
2426 89
2429 101
2428 97
2431 109
2430 105
2419 67
2421 69
2420 68
2422 73
2409 64
2408 64
2401 78
2402 74
2404 68
2407 64
2406 64
2457 213
2456 209
2455 205
2454 201
2459 221
2458 217
2460 225
2449 181
2448 177
2451 189
2450 185
2453 197
2452 193
2441 149
2440 145
2439 141
2438 137
2443 157
2442 153
2445 165
2447 173
2446 169
2433 117
2488 72
2490 68
2493 68
2492 68
2495 68
2411 64
2481 174.127
2482 170.127
2480 178.127
2483 166.127
2486 78
2520 129
2435 125
2434 121
2523 141
2525 149
2524 145
2526 153
2515 109
2514 105
2516 113
2505 72
2504 71
2507 77
2506 73
2509 85
2498 68
2413 64
2327 60
2240 56
2503 70
2418 66
2502 69
2417 65
2544 225
2537 197
2536 193
2535 189
2539 205
2538 201
2541 213
2540 209
2543 221
2542 217
2528 161
2531 173
2533 181
2532 177
2534 185
2585 72
2500 68
2415 64
2329 60
2242 56
2586 72
2589 75
2588 74
2591 77
2590 76
2583 72
2570 167.127
2573 76
2572 78
2575 72
2564 182.127
2617 178
2619 186
2618 182
2621 194
2620 190
2623 202
2622 198
2609 146
2612 158
2614 166
2601 114
2600 110
2603 122
2602 118
2604 126
2606 134
2593 82
2592 78
2595 90
2597 98
2596 94
2598 102
2649 256.567
2650 252.567
2737 245.567
2653 178.127
2654 174.127
2625 210
2624 206
2627 218
2626 214
2629 226
2628 222
2630 230
2680 86
2679 82
2683 98
2682 94
2685 106
2684 102
2673 76
2672 76
2675 78
2677 80
2676 79
2678 81
2671 76
2670 76
2657 170.127
2659 80
2661 76
2662 76
2713 234
2712 230
2705 202
2704 198
2703 194
2702 190
2707 210
2706 206
2709 218
2708 214
2711 226
2710 222
2701 186
2700 182
2689 122
2691 130
2690 126
2693 138
2694 142
2745 174.127
2747 84
2746 174.127
2749 80
2751 80
2663 76
2577 72
2750 80
2736 249.567
2741 182.127
2740 186.127
2742 178.127
2733 261.567
2734 257.567
2735 253.567
2776 118
2775 114
2779 130
2780 134
2769 90
2768 86
2771 98
2773 106
2772 102
2774 110
2761 80
2762 80
2765 83
2764 82
2767 85
2766 84
2793 214
2792 210
2795 222
2794 218
2797 230
2796 226
2799 238
2798 234
2784 178
2787 190
2786 186
2789 198
2788 194
2791 206
2790 202
2840 84
2752 80
2664 76
2845 84
2757 80
2669 76
2582 72
2497 68
2835 88
2837 84
2839 84
2838 84
2827 194.127
2829 186.127
2830 182.127
2828 190.127
2822 245.567
2915 241.567
3017 237.567
3018 233.567
3019 229.567
2873 183
2872 182
2875 191
2877 199
2876 195
2879 207
2878 203
2865 123
2864 119
2866 127
2869 139
2868 135
2871 147
2870 143
2857 91
2856 90
2858 95
2861 107
2860 103
2863 115
2862 111
2850 84
2855 89
2854 88
2909 264.567
2910 260.567
2911 256.567
3014 249.567
3015 245.567
3016 241.567
2888 243
2881 215
2880 211
2883 223
2882 219
2885 231
2884 227
2887 239
2886 235
2933 97
2834 90
2932 101
2935 92
2921 212.584
2922 208.584
2925 194.127
2926 190.127
2927 186.127
2924 198.127
2913 249.567
2912 253.567
2914 245.567
2969 139
2971 147
2970 143
2973 186
2974 187
2961 107
2963 115
2962 111
2965 123
2964 119
2967 131
2966 127
2952 89
2851 85
2955 92
2957 94
2956 93
2959 99
2958 95
2946 88
2985 231
2984 227
2987 239
2986 235
2989 247
2988 243
2977 199
2979 207
2978 203
2981 215
2980 211
2983 223
2982 219
3033 186.127
3035 105
3036 101
3034 109
3039 92
3027 198.127
3026 202.127
3028 194.127
3013 267.567
3012 271.567
3065 147
3064 143
3067 189.999
3066 189.999
3069 191
3068 190
3070 195
3057 115
3056 111
3059 123
3058 119
3061 131
3060 127
3062 135
3049 95
2954 91
2853 87
3051 97
3050 96
3053 99
3052 98
3054 103
3081 239
3080 235
3083 247
3082 243
3084 251
3073 207
3072 203
3075 215
3074 211
3077 223
3076 219
3079 231
3078 227
3121 194.127
3120 198.127
3127 102
3037 98
2934 94
3119 202.127
3118 206.127
3109 240.127
3110 236.127
3108 244.127
3161 193.999
3160 192
3159 188
3158 184
3157 180
3163 195
3162 194
3164 199
3167 211
3152 131
3151 127
3150 123
3149 119
3148 115
3154 139
3153 135
3156 147
3145 103
3144 102
3146 107
3141 99
3143 101
3142 100
3177 251
3176 247
3175 243
3178 255
3169 219
3168 215
3171 227
3170 223
3173 235
3172 231
3174 239
3219 106
3218 109
3126 105
3220 104
3221 100
3129 96
3209 220.127
3208 224.127
3211 212.127
3213 206.127
3214 202.127
3215 198.127
3212 210.127
3203 244.127
3204 240.127
3207 228.127
3206 232.127
3257 200
3256 199
3259 208
3258 204
3261 216
3263 224
3262 220
3251 182
3250 178
3253 190
3252 186
3255 198
3254 194
3241 128
3240 124
3245 144
3244 140
3233 105
3232 104
3239 120
3272 260
3275 272
3181 267
3087 263
2992 259
2991 255
2890 251
2801 246
2800 242
2714 238
3265 232
3264 228
3267 240
3266 236
3269 248
3268 244
3271 256
3270 252
3325 108
3304 224.127
3307 214.127
3308 210.127
3309 206.127
3306 216.127
3299 248.127
3298 252.127
3303 228.127
3353 212
3352 208
3355 220
3357 228
3356 224
3359 236
3358 232
3345 183
3344 179
3343 175
3342 171
3341 167
3346 187
3349 199
3348 195
3347 191
3351 204
3350 203
3337 144
3336 140
3335 136
3242 132
3338 148
3333 128
3332 124
3334 132
3361 244
3360 240
3363 252
3362 248
3365 260
3364 256
3417 132
3416 128
3419 140
3418 136
3421 148
3420 144
3422 152
3408 108
3317 104
3401 220.127
3402 218.127
3403 214.127
3404 210.127
3399 228.127
3449 260
3448 256
3450 264
3453 276
3368 272
3274 268
3180 263
3086 259
3441 228
3440 224
3443 236
3442 232
3445 244
3444 240
3447 252
3446 248
3433 196
3432 192
3431 188
3430 184
3429 180
3428 176
3427 172
3426 168
3425 164
3435 204
3434 200
3437 212
3436 208
3438 216
3481 248.127
3395 244.127
3485 232.127
3487 222.127
3488 218.127
3489 214.127
3477 262.126
3513 177
3512 173
3515 185
3514 181
3517 193
3516 189
3519 201
3518 197
3505 145
3504 141
3507 153
3506 149
3509 161
3508 157
3510 165
3503 137
3502 133
3492 215.127
3529 241
3528 237
3531 249
3530 245
3533 257
3532 253
3535 265
3534 261
3521 209
3520 205
3523 217
3522 213
3524 221
3527 233
3526 229
3579 254.029
3581 254.029
3561 365
3475 360
3390 355
3296 350
3202 345
3564 244.127
3565 240.127
3566 236.127
3609 221
3608 217
3610 225
3615 245
3601 189
3600 185
3603 197
3602 193
3605 205
3604 201
3607 213
3606 209
3593 157
3592 153
3595 165
3594 161
3597 173
3511 169
3596 169
3599 181
3598 177
3589 141
3588 137
3591 149
3590 145
3624 281
3538 277
3452 272
3451 268
3617 253
3616 249
3619 261
3618 257
3620 265
3673 145
3672 141
3675 153
3674 149
3677 161
3676 157
3679 169
3678 165
3705 273
3704 269
3703 265
3702 261
3701 257
3707 281
3706 277
3697 241
3696 237
3695 233
3689 209
3688 205
3691 217
3690 213
3693 225
3692 221
3694 229
3681 177
3680 173
3683 185
3682 181
3685 193
3684 189
3687 201
3686 197
3742 228.127
3659 223.127
3730 252.127
3731 248.127
3649 244.127
3650 240.127
3734 240.127
3652 236.127
3769 182
3768 178
3771 190
3770 186
3773 198
3772 194
3775 206
3774 202
3761 150
3760 146
3763 158
3762 154
3765 166
3764 162
3767 174
3766 170
3753 124
3667 120
3584 116
3499 112
3411 108
3320 104
3225 100
3133 96
3042 92
2938 88
3752 124
3666 120
3498 112
3410 108
3746 246.004
3748 242.004
3751 124
3793 278
3792 274
3795 286
3796 290
3708 285
3785 246
3784 242
3787 254
3786 250
3789 262
3791 270
3790 266
3777 214
3776 210
3779 222
3778 218
3781 230
3780 226
3783 238
3782 234
3833 248.127
3832 244.127
3745 240.127
3662 235.127
3661 231.127
3575 227.127
3574 223.127
3573 219.127
3835 238.004
3834 252.127
3837 238.004
3926 234.004
3838 130
3825 226.127
3739 222.127
3826 226.127
3829 232.447
3819 248.127
3732 244.127
3821 234.127
3735 230.127
3736 226.127
3654 222.127
3569 218.127
3865 218
3864 214
3867 226
3866 222
3869 234
3868 230
3871 242
3870 238
3857 186
3856 182
3859 194
3858 190
3861 202
3860 198
3863 210
3862 206
3849 154
3848 150
3851 162
3850 158
3853 170
3852 166
3855 178
3854 174
3841 128
3840 128
3889 314
3888 310
3887 306
3799 302
3711 297
3710 293
3626 289
3625 285
3881 282
3880 278
3883 290
3882 286
3794 282
3885 298
3797 294
3709 289
3884 294
3886 302
3873 250
3872 246
3875 258
3874 254
3879 274
3878 270
3929 132
3930 132
3932 151.387
3921 248.127
3923 256.127
3922 252.127
3924 235.004
4013 231.004
3915 230.127
3914 230.127
3904 256.127
3905 252.127
3907 248.127
3909 238.127
3910 234.127
3961 250
3960 246
3959 242
3963 258
3962 254
3965 266
3964 262
3967 274
3953 218
3952 214
3951 210
3955 226
3954 222
3957 234
3956 230
3958 238
3945 186
3944 182
3943 178
3942 174
3947 194
3946 190
3949 202
3948 198
3950 206
3977 314
3976 310
3979 322
3890 318
3802 314
3714 309
3630 305
3544 301
3458 296
3457 292
3456 288
3371 284
3370 280
3276 276
3182 271
3978 318
3969 282
3968 278
3971 290
3970 286
3973 298
3972 294
3975 306
3974 302
4024 152
3934 148
4031 174
4030 170
4029 166
3939 162
3938 158
3937 154
4017 136
4019 136
4018 136
4023 152
4011 256.127
4010 252.127
4009 248.127
3920 244.127
3831 240.127
3744 236.127
4001 234.127
3912 230.127
3824 226.127
4003 234.127
4004 234.127
4006 239.127
4057 278
4059 286
4058 282
4061 294
4060 290
4063 302
4062 298
4049 246
4048 242
4047 238
4051 254
4050 250
4053 262
4052 258
4055 270
4054 266
4041 214
4040 210
4039 206
4038 202
4043 222
4042 218
4045 230
4044 226
4046 234
4033 182
4032 178
4034 186
4037 198
4036 194
4091 238.127
4002 234.127
4065 310
4064 306
4067 318
4066 314
4069 326
4068 322
4071 334
3981 330
3980 326
3891 322
3803 318
3715 313
3631 309
3545 305
3459 300
4070 330
4121 179
4123 187
4122 183
4112 156
4106 140
4108 140
4111 156
4022 152
3933 148
4097 250.004
4188 246.004
4281 242.004
4372 237.004
4373 233.004
4374 229.004
4375 225.004
4376 221.004
4377 217.004
4096 244.127
4101 230.004
4153 307
4152 303
4155 315
4154 311
4157 323
4156 319
4159 331
4158 327
4145 275
4144 271
4149 291
4148 287
4151 299
4150 295
4137 243
4136 239
4139 251
4138 247
4141 259
4140 255
4143 267
4142 263
4131 219
4130 215
4133 227
4132 223
4135 235
4134 231
4185 244.127
4184 243.127
4094 239.127
4187 250.004
4280 246.004
4371 241.004
4186 248.127
4189 242.004
4282 238.004
4190 238.004
4191 234.004
4192 230.004
4285 226.004
4180 242.127
4090 238.127
4183 242.127
4093 238.127
4173 258.127
4174 254.127
4175 250.127
4086 246.127
3997 242.127
3998 238.127
4172 260.127
4083 256.127
4161 339
4160 335
4162 343
4072 338
4216 191
4215 187
4214 183
4213 179
4120 175
4203 160
4195 146
4198 144
4249 323
4248 319
4251 331
4250 327
4253 339
4252 335
4255 347
4254 343
4241 291
4243 299
4242 295
4245 307
4244 303
4247 315
4246 311
4233 259
4232 255
4235 267
4234 263
4237 275
4236 271
4224 223
4223 219
4227 235
4226 231
4229 243
4228 239
4231 251
4230 247
4283 234.004
4273 246.127
4272 246.127
4179 242.127
4275 246.127
4182 242.127
4274 246.127
4277 247.127
4276 246.127
4279 250.004
4370 245.004
4278 248.127
4265 264.127
4264 268.127
4266 262.127
4256 351
4163 347
4073 342
3983 338
3894 334
3806 330
3718 325
3717 321
3716 317
3632 313
3546 309
3460 304
3375 300
3374 296
3373 292
3279 288
3185 283
3091 279
2996 275
2995 271
2994 267
2893 263
2804 258
2718 254
2635 250
2549 245
2464 241
2378 237
2290 232
2289 228
2203 224
2202 220
4263 272.127
4262 375
4261 371
4260 367
4167 363
4077 358
3987 354
3898 350
3810 346
3722 341
3721 337
3637 333
3636 329
3550 325
3464 320
3463 316
3378 312
3284 308
3190 303
3189 299
3095 295
3000 291
2999 287
2998 283
2897 279
2808 274
2807 270
2806 266
2805 262
2719 258
2636 254
2550 249
4317 231
4316 227
4315 223
4314 219
4313 215
4312 211
4220 207
4127 203
4319 239
4318 235
4305 183
4304 179
4212 175
4119 171
4290 148
4295 164
4204 160
4294 164
4345 343
4344 339
4343 335
4347 351
4346 347
4348 355
4337 311
4336 307
4335 303
4339 319
4338 315
4341 327
4340 323
4342 331
4329 279
4328 275
4327 271
4333 295
4334 299
4320 243
4323 255
4322 251
4321 247
4325 263
4324 259
4326 267
4360 250.127
4270 246.127
4363 250.127
4362 250.127
4365 250.127
4364 250.127
4366 250.127
4355 270.127
4354 274.127
4357 258.127
4267 254.127
4409 236
4408 232
4411 244
4410 240
4413 252
4412 248
4415 260
4414 256
4395 180
4303 175
4302 171
4394 176
4387 168
4296 164
4205 160
4113 156
4388 168
4297 164
4441 364
4349 359
4440 360
4442 368
4350 363
4445 274.127
4444 376
4352 371
4447 258.127
4433 332
4432 328
4435 340
4434 336
4437 348
4436 344
4438 352
4429 316
4431 324
4430 320
4417 268
4416 264
4419 276
4418 272
4421 284
4420 280
4465 218.004
4553 214.004
4554 210.004
4555 206.004
4641 202.004
4642 198.004
4464 222.004
4459 242.004
4547 238.004
4633 234.004
4634 230.004
4635 226.004
4636 222.004
4637 218.004
4638 214.004
4639 210.004
4640 206.004
4461 234.004
4549 230.004
4550 226.004
4551 222.004
4463 226.004
4462 230.004
4449 254.127
4448 254.127
4451 254.127
4453 254.127
4452 254.127
4455 254.127
4505 268
4504 264
4507 276
4506 272
4508 280
4497 236
4499 244
4498 240
4501 252
4500 248
4503 260
4502 256
4488 200
4399 196
4307 191
4485 188
4484 184
4487 196
4486 192
4536 258.127
4539 258.127
4538 258.127
4541 258.127
4454 254.127
4540 258.127
4529 364
4528 360
4439 356
4531 372
4530 368
4533 278.127
4532 376
4534 282.127
4521 332
4520 328
4519 324
4523 340
4522 336
4525 348
4524 344
4527 356
4526 352
4571 188
4570 184
4573 196
4572 192
4575 204
4552 218.004
4546 242.004
4548 234.004
4593 276
4592 272
4595 284
4594 280
4596 288
4509 284
4587 252
4586 248
4589 260
4588 256
4591 268
4590 264
4576 208
4632 238.004
4625 262.127
4624 262.127
4626 262.004
4627 258.004
4628 254.004
4629 250.004
4630 246.004
4631 242.004
4617 372
4619 282.127
4618 376
4621 262.127
4623 262.127
4609 340
4608 336
4607 332
4611 348
4610 344
4613 356
4612 352
4615 364
4614 360
4657 192
4659 200
4658 196
4660 204
4697 352
4696 348
4699 360
4698 356
4701 368
4700 364
4702 372
4616 368
4681 288
4680 284
4679 280
4683 296
4682 292
4684 300
4598 296
4511 292
4510 288
4674 260
4677 272
4676 268
4678 276
4721 210.004
4722 206.004
4723 202.004
4724 198.004
4725 194.004
4720 214.004
4713 242.004
4714 238.004
4715 234.004
4716 230.004
4717 226.004
4718 222.004
4719 218.004
4705 266.127
4707 266.004
4708 262.004
4709 258.004
4710 254.004
4711 250.004
4712 246.004
4706 266.127
4763 265
4765 273
4767 281
4766 277
4747 201
4746 197
4749 209
4748 205
4750 213
4661 208
4793 270.127
4795 264.968
4796 260.968
4797 256.968
4798 252.968
4799 248.968
4800 244.968
4801 240.968
4802 236.968
4794 268.968
4785 353
4787 361
4786 357
4789 369
4788 365
4791 377
4790 373
4769 289
4768 285
4771 297
4772 301
4816 181.968
4815 185.968
4860 309
4859 305
4863 321
4776 317
4853 281
4852 277
4851 273
4850 269
4855 289
4854 285
4843 241
4842 237
4841 233
4754 229
4665 224
4579 220
4578 216
4491 212
4490 208
4401 204
4309 199
4308 195
4835 209
4839 225
4838 221
4751 217
4662 212
4889 232.968
4890 228.968
4891 224.968
4893 216.968
4894 212.968
4892 220.968
4895 208.968
4881 264.968
4882 260.968
4883 256.968
4884 252.968
4885 248.968
4880 268.968
4873 361
4872 357
4871 353
4784 349
4695 344
4875 369
4874 365
4877 377
4876 373
4879 272.968
4878 274.127
4918 205
4917 201
4897 200.968
4898 196.968
4896 204.968
4901 185.968
4900 189.968
4957 361
4959 369
4958 365
4945 313
4947 321
4862 317
4775 313
4946 317
4949 329
4948 325
4937 281
4936 277
4935 273
4934 269
4933 265
4932 261
4931 257
4930 253
4929 249
4928 245
4939 289
4938 285
4940 293
4942 301
4857 297
4856 293
4985 189.968
4984 193.968
4977 220.968
4978 216.968
4979 212.968
4980 208.968
4981 204.968
4982 200.968
4973 236.968
4972 240.968
4974 232.968
4961 377
4960 373
4963 276.968
4965 268.968
4964 272.968
4966 264.968
5020 282
5022 290
5011 246
4927 241
5015 262
5051 260.968
5053 252.968
5052 256.968
5055 244.968
5056 240.968
5041 366
5040 362
4956 357
5043 374
5042 370
5044 378
5047 276.968
5048 272.968
5046 280.968
5033 334
5032 330
5027 310
4943 305
5026 306
5031 326
5030 322
5065 204.968
5064 208.968
5057 236.968
5058 232.968
5059 228.968
5060 224.968
5061 220.968
5063 212.968
5062 216.968
5113 330
5112 326
5101 282
5019 278
5102 286
5093 250
5094 254
5012 250
5145 212.968
5146 208.968
5144 216.968
5137 244.968
5136 248.968
5139 236.968
5140 232.968
5138 240.968
5141 228.968
5143 220.968
5142 224.968
5133 260.968
5132 264.968
5123 370
5125 378
5124 374
5126 382
5176 266
5096 262
5014 258
5175 262
5174 258
5173 254
5209 276.968
5208 280.968
5211 268.968
5213 260.968
5134 256.968
5135 252.968
5212 264.968
5214 256.968
5205 382
5204 378
5207 284.968
5193 334
5192 330
5194 338
5217 244.968
5216 248.968
5219 236.968
5218 240.968
5275 335
5274 331
5191 326
5190 322
5110 318
5028 314
4944 309
5276 339
5305 244.968
5304 248.968
5309 228.968
5310 224.968
5311 220.968
5308 232.968
5296 280.968
5297 276.968
5298 272.968
5301 260.968
5302 256.968
5215 252.968
5303 252.968
5295 284.968
5294 288.968
5287 383
5361 331
5273 327
5401 228.968
5402 224.968
5400 232.968
5393 260.968
5392 264.968
5395 252.968
5394 256.968
5399 236.968
5398 240.968
5386 288.968
5465 383
5464 379
5372 375
5284 371
5489 240.968
5488 244.968
5491 232.968
5490 236.968
5493 224.968
5492 228.968
5483 264.968
5484 260.968
5485 256.968
5487 248.968
5567 272.968
5568 268.968
5569 264.968
5570 260.968
5566 276.968
5481 272.968
5482 268.968
5554 323.968
5469 319.968
5585 221.968
5661 217.968
5584 213.968
5499 209.968
5408 205.968
5577 232.968
5578 228.968
5576 236.968
5580 221.968
5581 217.968
5573 248.968
5572 252.968
5575 240.968
5574 244.968
5626 384
5549 379
5548 375
5547 371
5546 367
5545 363
5544 359
5458 355
5457 351
5365 347
5277 343
5657 221.968
5656 225.968
5660 217.968
5583 213.968
5498 209.968
5662 217.968
5500 209.968
5409 205.968
5317 201.968
5649 252.968
5648 256.968
5651 244.968
5650 248.968
5652 240.968
5653 236.968
5643 276.968
5644 272.968
5634 311.968
5558 307.968
5695 344
5615 340
5538 335
5537 331
5451 327
5359 323
5358 319
5270 315
5187 310
5186 306
5106 302
5024 298
5725 268.968
5727 260.968
5726 264.968
5736 225.968
5739 221.968
5740 221.968
5729 252.968
5728 256.968
5730 248.968
5731 244.968
5732 240.968
5733 236.968
5654 232.968
5735 229.968
5789 316.968
5790 312.968
5715 308.968
5636 304.968
5637 300.968
5638 296.968
5562 292.968
5477 288.968
5387 284.968
5788 319.968
5713 315.968
5808 240.968
5811 229.968
5810 233.968
5815 225.968
5814 225.968
5801 268.968
5800 272.968
5803 260.968
5804 256.968
5802 264.968
5805 252.968
5806 248.968
5807 244.968
5885 233.968
5884 237.968
5872 284.968
5875 272.968
5874 276.968
5864 316.968
5865 312.968
5791 308.968
5716 304.968
5863 320.968
5862 323.968
5889 229.968
5888 229.968
5947 284.968
5951 264.968
5952 260.968
5953 256.968
5950 268.968
5939 316.968
5960 233.968
5962 233.968
5955 248.968
5954 252.968
5957 241.968
5958 237.968
6001 609.924
6082 604.924
6083 600.924
6084 596.924
6085 592.924
6000 389
5927 385
5926 381
5925 377
5851 373
5776 368
5700 364
5620 360
5543 355
6003 601.924
6002 605.924
6004 597.924
6040 237.968
6033 260.968
6032 264.968
6035 252.968
6034 256.968
6037 245.968
6038 241.968
6031 268.968
6030 272.968
6016 328.968
5937 324.968
6109 280.968
6111 272.968
6110 276.968
6081 608.924
6120 241.968
6122 241.968
6042 237.968
6113 264.968
6112 268.968
6115 256.968
6114 260.968
6117 249.968
6118 245.968
6161 588.924
6236 584.924
6311 579.924
6312 575.924
6160 592.924
6155 390
6079 385
5998 381
6157 604.924
6232 600.924
6307 595.924
6308 591.924
6309 587.924
6310 583.924
6156 608.924
6159 596.924
6234 592.924
6158 600.924
6233 596.924
6195 249.968
6194 253.968
6197 245.968
6187 280.968
6188 276.968
6186 284.968
6189 272.968
6190 268.968
6235 588.924
6237 580.924
6231 604.924
6306 599.924
6230 390
6154 386
6078 381
6077 377
5996 373
5923 369
5849 365
5774 360
5698 356
5697 352
5617 348
5540 343
5539 339
6266 264.968
6269 253.968
6268 257.968
6271 249.968
6261 284.968
6262 280.968
6241 363.968
6167 359.968
6168 355.968
6169 351.968
6092 347.968
6093 343.968
6094 339.968
6095 335.968
6015 331.968
5936 327.968
6247 340.968
6248 336.968
6174 332.968
6097 328.968
6098 324.968
6018 320.968
6318 367.968
6305 603.924
6345 261.968
6346 257.968
6348 253.968
6351 253.968
6274 249.968
6199 245.968
6339 284.968
6338 288.968
6341 276.968
6343 268.968
6342 272.968
6393 556.924
6394 552.924
6392 560.924
6385 588.924
6386 584.924
6387 580.924
6388 576.924
6389 572.924
6390 568.924
6391 564.924
6384 592.924
6381 604.924
6382 600.924
6383 596.924
6380 391
6303 386
6228 382
6227 378
6151 374
6075 369
6074 365
6073 361
6072 357
5991 353
5990 349
5917 345
5843 341
5768 336
5767 332
5766 328
5690 324
5610 320
5533 315
5447 311
5446 307
5354 303
5353 299
5265 295
5182 290
6424 261.968
6426 257.968
6417 288.968
6416 292.968
6421 272.968
6420 276.968
6423 265.968
6411 312.968
6412 308.968
6334 304.968
6415 296.968
6337 292.968
6260 288.968
6401 351.968
6323 347.968
6246 343.968
6172 339.968
6459 601.924
6460 597.924
6461 593.924
6462 589.924
6463 585.924
6544 581.924
6624 576.924
6625 572.924
6626 568.924
6627 564.924
6628 560.924
6629 556.924
6630 552.924
6631 548.924
6709 544.924
6710 540.924
6711 536.924
6458 605.924
6539 601.924
6619 596.924
6697 592.924
6773 588.924
6846 583.924
6918 579.924
6919 575.924
6995 571.924
7066 566.924
7135 562.924
7200 558.924
7201 554.924
7202 550.924
7203 546.924
7204 542.924
7271 538.924
7339 533.924
7340 529.924
7341 525.924
7342 521.924
7343 517.924
7412 513.924
7413 509.924
6483 355.968
6484 352.968
6485 348.968
6486 344.968
6404 340.968
6326 336.968
6327 332.968
6250 328.968
6176 324.968
6177 320.968
6100 316.968
6020 312.968
6021 308.968
6022 304.968
6023 300.968
6024 296.968
6025 292.968
5946 288.968
6473 545.924
6472 549.924
6477 532.924
6558 528.924
6638 523.924
6716 519.924
6792 515.924
6865 510.924
6937 506.924
7013 502.924
6478 531.924
6559 527.924
6639 522.924
6717 518.924
6793 514.924
6866 509.924
6938 505.924
6465 577.924
6466 573.924
6467 569.924
6468 565.924
6469 561.924
6550 557.924
6464 581.924
6471 553.924
6470 557.924
6505 269.968
6506 265.968
6508 261.968
6497 300.968
6499 292.968
6498 296.968
6502 280.968
6553 545.924
6633 540.924
6634 536.924
6552 549.924
6632 544.924
6554 541.924
6556 533.924
6545 577.924
6547 569.924
6546 573.924
6549 561.924
6548 565.924
6551 553.924
6541 593.924
6621 588.924
6622 584.924
6623 580.924
6701 576.924
6777 572.924
6850 567.924
6922 563.924
6923 559.924
6924 555.924
6925 551.924
6926 547.924
7002 543.924
7073 538.924
7074 534.924
7075 530.924
7144 526.924
7145 522.924
7146 518.924
7211 514.924
7212 510.924
7279 506.924
7347 501.924
7416 497.924
6540 597.924
6620 592.924
6543 585.924
6542 589.924
6585 280.968
6584 284.968
6587 273.968
6589 265.968
6588 269.968
6591 265.968
6579 304.968
6580 300.968
6583 288.968
6575 320.968
6493 316.968
6560 526.924
6640 521.924
6718 517.924
6565 359.968
6566 356.968
6567 352.968
6568 348.968
6569 344.968
6570 340.968
6488 336.968
6618 600.924
6651 336.968
6572 332.968
6644 363.968
6664 284.968
6667 273.968
6668 269.968
6666 277.968
6658 308.968
6661 296.968
6663 288.968
6662 292.968
6713 528.924
6789 524.924
6862 519.924
6934 515.924
6705 560.924
6781 556.924
6854 551.924
6855 547.924
6927 543.924
6928 539.924
7004 535.924
6704 564.924
6707 552.924
6783 548.924
6856 543.924
6706 556.924
6782 552.924
6708 548.924
6784 544.924
6857 539.924
6858 535.924
6859 531.924
6860 527.924
6696 596.924
6699 584.924
6700 580.924
6698 588.924
6774 584.924
6847 579.924
6703 568.924
6779 564.924
6852 559.924
6853 555.924
6702 572.924
6695 600.924
6771 596.924
6844 591.924
6916 587.924
6917 583.924
6745 277.968
6744 281.968
6746 273.968
6736 312.968
6739 300.968
6740 296.968
6741 292.968
6742 288.968
6738 304.968
6733 324.968
6734 320.968
6656 316.968
6577 312.968
6578 308.968
6735 316.968
6723 364.968
6645 360.968
6646 356.968
6776 576.924
6849 571.924
6778 568.924
6851 563.924
6780 560.924
6770 396
6694 392
6616 387
6536 383
6535 379
6453 375
6375 371
6298 366
6297 362
6296 358
6221 354
6220 350
6219 346
6143 342
6067 337
6066 333
6065 329
6064 325
6063 321
6062 317
5981 313
5980 309
5979 305
5978 301
5905 297
5831 293
5756 288
5755 284
5754 280
5678 276
5598 272
5521 267
5435 263
5343 259
5255 255
5172 250
5171 246
5091 242
5090 238
5008 234
4924 229
6772 592.924
6845 587.924
6775 580.924
6848 575.924
6920 571.924
6996 567.924
7067 562.924
7068 558.924
7069 554.924
7070 550.924
7071 546.924
7072 542.924
6809 324.968
6810 320.968
6813 308.968
6814 304.968
6815 300.968
6816 296.968
6817 292.968
6798 368.968
6799 364.968
6800 360.968
6801 356.968
6726 352.968
6785 540.924
6787 532.924
6786 536.924
6843 595.924
6915 591.924
6819 285.968
6821 277.968
6822 277.968
6879 332.968
6808 328.968
6869 372.968
6870 368.968
6910 654.924
6888 296.968
6890 289.968
6892 281.968
6881 324.968
6880 328.968
6883 316.968
6885 308.968
6884 312.968
6887 300.968
6886 304.968
6941 372.968
6940 376.968
6929 535.924
7005 531.924
7076 526.924
6931 527.924
7007 523.924
7078 518.924
7147 514.924
6930 531.924
7006 527.924
7077 522.924
6932 523.924
7008 519.924
7079 514.924
7148 510.924
6921 567.924
6914 595.924
6953 320.968
6954 316.968
6955 312.968
6956 308.968
6957 304.968
6958 300.968
6949 336.968
6951 328.968
6950 332.968
7001 547.924
7000 551.924
6993 579.924
7064 574.924
7133 570.924
7134 566.924
6992 583.924
7063 578.924
7132 574.924
6994 575.924
7065 570.924
6997 563.924
6999 555.924
6998 559.924
6985 619.924
7054 614.924
7055 610.924
7056 606.924
7057 602.924
7058 598.924
7127 594.924
7128 590.924
7129 586.924
7194 582.924
7261 578.924
7329 573.924
7330 569.924
7331 565.924
7332 561.924
7333 557.924
7402 553.924
7403 549.924
6984 623.924
7053 618.924
6987 611.924
6986 615.924
6989 595.924
7060 590.924
7061 586.924
7062 582.924
6988 607.924
6991 587.924
6990 591.924
6977 651.924
7046 646.924
7115 642.924
7116 638.924
7117 634.924
7118 630.924
7119 626.924
6976 655.924
7045 650.924
7114 646.924
6979 643.924
7048 638.924
6978 647.924
7047 642.924
6981 635.924
7050 630.924
6980 639.924
7049 634.924
6983 627.924
7052 622.924
7032 304.968
7034 297.968
6960 293.968
6961 289.968
6891 285.968
7027 324.968
7028 320.968
7029 316.968
7030 312.968
7031 308.968
7017 376.968
7018 372.968
7016 380.968
7023 340.968
7010 511.924
7081 506.924
7059 594.924
7044 654.924
7113 650.924
7097 332.968
7098 328.968
7099 324.968
7096 336.968
7101 316.968
7100 320.968
7103 308.968
7102 312.968
7094 344.968
7085 387.968
7015 383.968
6939 379.968
6868 375.968
6797 371.968
6722 367.968
7087 380.968
7086 384.968
7131 578.924
7196 574.924
7197 570.924
7264 566.924
7130 582.924
7121 618.924
7122 614.924
7187 610.924
7188 606.924
7255 602.924
7323 597.924
7392 593.924
7123 610.924
7125 602.924
7190 598.924
7257 594.924
7325 589.924
7326 585.924
7327 581.924
7328 577.924
7124 606.924
7189 602.924
7126 598.924
7112 654.924
7177 650.924
7244 646.924
7312 641.924
7381 637.924
7447 633.924
7448 629.924
7449 625.924
7450 621.924
7451 617.924
7452 613.924
7453 609.924
7454 605.924
7455 601.924
7456 597.924
7105 301.968
7163 352.968
7164 348.968
7162 364.968
7228 360.968
7229 356.968
7230 352.968
7167 336.968
7166 340.968
7159 376.968
7158 376.968
7137 554.924
7136 558.924
7139 546.924
7138 550.924
7141 538.924
7206 534.924
7207 530.924
7274 526.924
7140 542.924
7205 538.924
7143 530.924
7142 534.924
7193 586.924
7192 590.924
7259 586.924
7195 578.924
7262 574.924
7199 562.924
7198 566.924
7184 622.924
7251 618.924
7319 613.924
7186 614.924
7191 594.924
7258 590.924
7176 301.968
7106 297.968
7035 293.968
7179 642.924
7246 638.924
7314 633.924
7315 629.924
7316 625.924
7317 621.924
7386 617.924
7178 646.924
7245 642.924
7313 637.924
7181 634.924
7248 630.924
7180 638.924
7247 634.924
7183 626.924
7250 622.924
7318 617.924
7182 630.924
7249 626.924
7169 328.968
7168 332.968
7171 320.968
7170 324.968
7173 312.968
7175 305.968
7224 376.968
7225 372.968
7226 368.968
7227 364.968
7216 494.924
7219 395.968
7154 391.968
7221 388.968
7223 380.968
7222 384.968
7209 522.924
7276 518.924
7344 513.924
7208 526.924
7210 518.924
7277 514.924
7345 509.924
7346 505.924
7213 506.924
7280 502.924
7348 497.924
7349 493.924
7350 489.924
7351 485.924
7420 481.924
7215 498.924
7214 502.924
7256 598.924
7324 593.924
7260 582.924
7263 570.924
7241 309.968
7243 650.924
7311 645.924
7380 641.924
7242 305.968
7233 340.968
7232 344.968
7235 332.968
7234 336.968
7237 324.968
7236 328.968
7238 320.968
7172 316.968
7289 384.968
7288 388.968
7291 376.968
7290 380.968
7281 498.924
7283 490.924
7282 494.924
7287 392.968
7273 530.924
7272 534.924
7275 522.924
7278 510.924
7265 562.924
7267 554.924
7335 549.924
7336 545.924
7337 541.924
7338 537.924
7266 558.924
7334 553.924
7269 546.924
7268 550.924
7270 542.924
7305 320.968
7304 324.968
7307 313.968
7310 649.924
7379 645.924
7299 344.968
7298 348.968
7301 336.968
7300 340.968
7303 328.968
7302 332.968
7353 480.968
7555 468.968
7355 400.968
7357 392.968
7356 396.968
7359 384.968
7358 388.968
7376 317.968
7369 344.968
7368 348.968
7371 336.968
7372 332.968
7370 340.968
7373 328.968
7374 324.968
7360 380.968
7363 368.968
7362 372.968
7365 360.968
7367 352.968
7366 356.968
7417 493.924
7418 489.924
7419 485.924
7423 404.968
7424 400.968
7425 396.968
7426 392.968
7427 388.968
7422 406.968
7409 525.924
7408 529.924
7411 517.924
7410 521.924
7415 501.924
7414 505.924
7401 557.924
7400 561.924
7405 541.924
7404 545.924
7407 533.924
7406 537.924
7395 581.924
7394 585.924
7397 573.924
7396 577.924
7399 565.924
7398 569.924
7441 332.968
7442 328.968
7440 336.968
7433 364.968
7432 368.968
7364 364.968
7435 356.968
7436 352.968
7434 360.968
7437 348.968
7438 344.968
7439 340.968
7428 384.968
7431 372.968
7430 376.968
7513 636.968
7514 632.968
7515 628.968
7516 624.968
7517 620.968
7518 616.968
7519 612.968
7520 608.968
7521 604.968
7522 600.968
7523 596.968
7524 592.968
7525 588.968
7526 584.968
7527 580.968
7528 576.968
7529 572.968
7530 568.968
7531 564.968
7532 560.968
7533 556.968
7534 552.968
7535 548.968
7536 544.968
7537 540.968
7538 536.968
7539 532.968
7540 528.968
7541 524.968
7542 520.968
7543 516.968
7544 512.968
7545 508.968
7546 504.968
7547 500.968
7548 496.968
7549 492.968
7550 488.968
7551 484.968
7552 480.968
7553 476.968
7554 472.968
7505 344.968
7504 348.968
7507 336.968
7506 340.968
7497 376.968
7496 380.968
7499 368.968
7498 372.968
7501 360.968
7502 356.968
7503 352.968
7489 408.968
7490 404.968
7491 400.968
7492 396.968
7493 392.968
7494 388.968
7582 645.968
7655 641.968
7728 637.968
7569 376.968
7570 372.968
7571 368.968
7500 364.968
7568 380.968
7573 360.968
7572 364.968
7575 352.968
7576 348.968
7577 344.968
7574 356.968
7561 408.968
7560 412.968
7563 400.968
7562 404.968
7564 396.968
7567 384.968
7559 414.968
7488 410.968
7609 537.968
7682 533.968
7683 529.968
7684 525.968
7685 521.968
7686 517.968
7687 513.968
7688 509.968
7689 505.968
7690 501.968
7691 497.968
7692 493.968
7693 489.968
7766 485.968
7840 480.968
7608 541.968
7611 529.968
7610 533.968
7613 521.968
7612 525.968
7615 513.968
7614 517.968
7603 561.968
7676 557.968
7677 553.968
7750 549.968
7824 544.968
7605 553.968
7606 549.968
7607 545.968
7680 541.968
7753 537.968
7827 532.968
7604 557.968
7592 605.968
7593 601.968
7666 597.968
7667 593.968
7740 589.968
7814 584.968
7815 580.968
7816 576.968
7641 384.968
7640 388.968
7643 376.968
7642 380.968
7645 368.968
7646 364.968
7644 372.968
7647 360.968
7648 356.968
7649 352.968
7633 416.968
7635 408.968
7634 412.968
7637 400.968
7636 404.968
7639 392.968
7625 473.968
7698 469.968
7699 465.968
7772 461.968
7846 456.968
7847 452.968
7624 477.968
7697 473.968
7627 465.968
7628 461.968
7629 457.968
7630 453.968
7626 469.968
7617 505.968
7616 509.968
7619 497.968
7618 501.968
7621 489.968
7622 485.968
7695 481.968
7696 477.968
7620 493.968
7623 481.968
7679 545.968
7752 541.968
7826 536.968
7678 549.968
7751 545.968
7825 540.968
7654 337.091
10081 333.055
7707 412.968
7708 408.968
7706 416.968
7711 396.968
7701 457.968
7774 453.968
7848 448.968
7700 461.968
7773 457.968
7703 449.968
7702 453.968
7694 485.968
7767 481.968
7841 476.968
7842 472.968
7843 468.968
7844 464.968
7681 537.968
7720 360.968
7721 356.968
7713 388.968
7714 384.968
7715 380.968
7712 392.968
7717 372.968
7718 368.968
7716 376.968
7719 364.968
7769 473.968
7768 477.968
7771 465.968
7845 460.968
7770 469.968
7775 449.968
7849 444.968
7761 505.968
7835 500.968
7760 509.968
7834 504.968
7763 497.968
7837 492.968
7762 501.968
7836 496.968
7765 489.968
7839 484.968
7764 493.968
7838 488.968
7755 529.968
7829 524.968
7754 533.968
7828 528.968
7757 521.968
7831 516.968
7832 512.968
7756 525.968
7830 520.968
7759 513.968
7833 508.968
7758 517.968
7793 364.968
7792 368.968
7785 396.968
7786 392.968
7784 400.968
7787 388.968
7789 380.968
7790 376.968
7791 372.968
7788 384.968
7776 445.968
7850 440.968
7779 420.968
7778 437.968
7780 416.968
7783 404.968
7865 372.968
7866 368.968
7864 376.968
7857 404.968
7858 400.968
7859 396.968
7856 408.968
7861 388.968
7860 392.968
7863 380.968
7862 384.968
7855 412.968
7929 412.968
7930 408.968
7931 404.968
7932 400.968
7933 396.968
7928 416.968
7935 388.968
7936 384.968
7937 380.968
7938 376.968
7939 372.968
7934 392.968
7941 364.968
8013 359.968
7944 352.968
7872 348.968
7726 340.968
8056 439.968
8060 423.968
8035 523.968
8036 519.968
8072 375.968
8074 368.968
8064 407.968
8067 395.968
8068 391.968
8069 387.968
8121 419.968
8123 411.968
