 key  value
8122 208
8063 204
8001 200
7931 196
7858 192
7785 188
7712 184
7639 180
7565 176
7494 172
7427 168
7358 164
7289 160
7223 156
7158 152
7089 148
7019 144
6943 140
6872 136
6801 132
6726 128
6727 124
6649 120
6570 116
6488 112
6406 108
6328 104
6251 100
6177 96
6100 92
6020 88
5941 84
5867 80
5793 76
5718 72
5639 68
5563 64
5478 60
5388 56
5297 52
5210 48
5131 44
5050 40
4967 36
4883 32
4798 28
4711 24
4629 20
4544 16
4457 12
4369 8
4279 4
8125 204
8066 200
8004 196
7933 192
7860 188
7787 184
7714 180
7642 176
7569 172
7498 168
7432 164
7364 160
7295 156
7229 152
7163 148
7093 144
7022 140
6948 136
6878 132
6807 128
6731 124
6653 120
6574 116
6491 112
6408 108
6329 104
6252 100
6178 96
6101 92
6021 88
5942 84
5868 80
8124 204
8065 200
8003 196
8127 204
8068 200
8005 196
7934 192
8126 204
8067 200
8113 228
8054 224
8055 220
8056 216
7994 212
7924 208
7925 204
7926 200
7927 196
7854 192
7781 188
7708 184
7636 180
7563 176
7492 172
7426 168
8112 232
8053 228
8115 220
8114 224
8117 212
8058 208
7996 204
8116 216
8119 208
8060 204
7998 200
8118 208
8059 204
7997 200
8105 260
8046 256
8047 252
7985 248
7915 244
7916 240
7917 236
7918 232
7919 228
7920 224
7921 220
7922 216
7923 212
8104 264
8107 252
8048 248
7986 244
7987 240
7988 236
8106 256
8109 244
8110 240
8051 236
8052 232
8108 248
8049 244
8050 240
8111 236
8097 292
8098 288
8099 284
8040 280
8041 276
8042 272
8043 268
8044 264
8045 260
8096 296
8101 276
8100 280
8103 268
8102 272
8155 292
8156 288
8157 284
8158 280
8159 276
8160 272
8161 268
8162 264
8136 368
8137 364
8080 360
8021 356
8022 352
8023 348
8024 344
8025 340
8026 336
7964 332
7965 328
7895 324
7896 320
7897 316
7898 312
7899 308
7900 304
7901 300
7902 296
7903 292
7904 288
7905 284
7906 280
7907 276
7908 272
7909 268
7910 264
7911 260
7912 256
7913 252
7914 248
8128 204
8069 200
8007 196
7936 192
7863 188
7790 184
7717 180
7644 176
7570 172
7499 168
7433 164
8185 208
8184 208
8177 212
8120 208
8061 204
7999 200
7929 196
7855 192
7782 188
7709 184
8176 212
8179 212
8121 208
8062 204
8178 212
8181 208
8180 212
8183 208
8182 208
8169 236
8168 240
8171 228
8172 224
8170 232
8173 220
8174 216
8175 212
8163 260
8164 256
8165 252
8166 248
8167 244
8217 276
8218 272
8219 268
8216 280
8221 260
8222 256
8223 252
8224 248
8220 264
8215 284
8214 288
8241 212
8240 212
8242 212
8233 216
8232 216
8235 216
8234 216
8237 216
8236 216
8239 212
8238 212
8225 244
8227 236
8228 232
8229 228
8230 224
8231 220
8226 240
8281 236
8280 240
8283 228
8282 232
8285 220
8284 224
8287 220
8286 220
8273 268
8272 272
8275 260
8274 264
8277 252
8276 256
8279 244
8278 248
91 239
112 235
126 231
143 227
172 223
209 219
254 215
304 211
359 207
419 201
482 197
481 193
550 186
621 182
620 178
690 174
769 170
768 166
854 162
938 158
1012 154
1081 150
1153 146
1235 142
1318 138
1404 134
1498 130
1685 122
1780 118
1866 114
1950 110
2040 106
2132 102
2222 98
2309 94
2397 90
2483 86
2567 82
2654 78
2742 74
2830 70
2927 66
3029 62
3121 58
3215 54
3310 50
3405 46
3491 41
3572 37
3658 33
3740 29
3827 25
3916 21
4005 17
4095 12
4185 8
4186 4
8269 284
93 239
113 235
127 231
144 227
8268 288
92 239
8271 276
8270 280
8319 284
8320 280
8321 276
8318 288
8298 216
8245 212
8187 208
8130 204
8071 200
8009 196
7939 192
7865 188
7792 184
7719 180
7646 176
7572 172
7501 168
7434 164
7365 160
7296 156
7230 152
7164 148
125 231
142 227
170 223
208 219
253 215
8289 220
8288 220
8291 216
115 242
129 238
146 234
174 230
211 226
256 222
306 218
361 214
422 210
485 206
555 202
626 198
696 194
774 187
859 181
858 177
857 173
940 166
939 162
8290 220
114 239
128 235
8293 216
8292 216
8294 216
8344 220
8295 216
8349 221.834
9963 219.869
8299 216
8246 212
8189 208
8131 204
8072 200
110 235
124 231
8337 224
8336 224
8339 224
8338 224
8341 220
8340 220
8343 220
8342 220
8329 244
8328 248
8331 236
8332 232
8330 240
8333 228
8335 224
8334 224
145 231
173 227
8323 268
8324 264
8325 260
8326 256
147 238
8322 272
149 245
177 241
214 237
259 233
258 229
308 225
363 221
424 217
487 213
557 209
628 205
697 198
148 241
176 237
213 233
8327 252
150 249
8377 248
8378 244
8379 240
8380 236
8381 232
8382 228
8376 252
8383 228
8369 280
8368 284
8371 272
8372 268
131 245
8370 276
130 242
8373 264
8374 260
133 253
8375 256
179 249
178 245
181 257
180 253
217 249
262 245
261 241
260 237
175 234
212 230
8393 224
8345 220
216 245
219 257
264 253
314 249
313 245
312 241
311 237
366 233
427 229
490 225
489 221
488 217
558 213
629 209
218 253
263 249
8385 228
8384 228
8387 228
8386 228
210 223
255 219
8389 224
8388 224
8391 224
215 241
8390 224
8441 228
8392 224
8440 228
8433 232
8432 232
8435 232
8434 232
8437 228
8436 232
8439 228
8438 228
8425 256
8426 252
8427 248
8428 244
8429 240
8430 236
8431 232
8424 260
8419 280
8420 276
8421 272
8418 284
8423 264
8422 268
8473 256
8474 252
8475 248
8472 260
8477 240
8478 236
8476 244
8479 236
8467 280
8466 284
8469 272
8468 276
8471 264
8470 268
266 261
316 257
371 253
432 249
495 245
565 241
564 237
635 233
634 229
633 225
632 221
631 217
630 213
257 226
307 222
8499 340
8500 336
8454 332
8407 328
8358 324
8359 320
8360 316
8361 312
8362 308
8314 304
8315 300
8266 296
8213 292
315 253
317 260.127
373 256.127
434 252.127
497 248.127
567 244.127
638 240.127
708 236.127
784 232.127
868 228.127
946 224.127
1018 220.127
1087 216.127
1159 212.127
1242 208.127
1325 204.127
1415 200.127
1414 196.127
1605 178.895
1604 174.895
1700 171
1793 164
1792 160
1791 156
1790 152
1876 148
1960 144
1959 140
2048 136
2047 132
2046 128
2045 124
2044 120
2135 113
2312 105
2399 98
2398 94
2484 90
2568 86
2655 82
2743 78
2831 74
319 260.127
374 256.127
435 252.127
499 248.127
569 244.127
640 240.127
709 236.127
786 232.127
870 228.127
947 224.127
318 260.127
8481 236
305 215
360 211
8480 236
8483 236
8482 236
8485 232
309 229
364 225
8484 232
8487 232
8486 232
310 233
365 229
426 225
299 194
354 190
414 186
475 182
544 178
615 174
686 170
766 166
852 162
937 158
8529 240
8530 236
8528 240
8531 236
8533 236
8532 236
8521 252
8520 256
8523 244
8524 240
8522 248
8525 240
8527 240
8526 240
8515 276
8516 272
8514 280
8517 268
8519 260
8518 264
8569 244
8568 244
8571 244
8570 244
8573 244
8572 244
8575 240
8574 240
8561 272
8560 276
8563 264
8564 260
8562 268
8565 256
8567 248
8566 252
369 245
430 241
429 237
428 233
368 241
370 249
431 245
494 241
372 256.127
433 252.127
375 256.127
436 252.127
362 218
8605 272
8604 276
8607 264
367 237
8606 268
353 190
413 186
474 182
543 178
614 174
685 170
765 166
851 162
935 158
1010 154
1234 142
1317 138
8589 336
8546 332
8547 328
8503 324
8457 320
8410 316
8411 312
8588 340
8545 336
412 186
8590 332
8576 240
8632 332
8591 328
8548 324
8549 320
8505 316
8459 312
8412 308
8413 304
8414 300
8415 296
8416 292
8417 288
8631 336
8630 340
8617 244
8616 248
8619 244
8618 244
8609 256
8610 252
8611 248
8608 260
8613 248
8612 248
8615 248
8614 248
425 221
8671 336
8670 340
8657 252
8656 252
416 186
478 182
547 178
618 174
689 170
8659 248
8658 248
8661 248
421 207
484 203
554 199
625 195
695 191
8660 248
420 205
423 214
8649 264
8650 260
8651 256
8652 252
473 183
542 179
8648 268
8653 252
477 182
546 178
617 174
688 170
767 166
853 162
476 182
8655 252
8654 252
469 183
538 179
609 175
680 171
760 167
847 163
932 159
1008 155
1078 151
1150 146
1316 138
1496 130
1590 126
1683 122
1864 114
2129 102
2220 98
2307 94
2396 90
8647 272
471 183
540 179
611 175
682 171
762 167
849 163
933 159
8646 276
8697 252
8696 256
8699 252
8698 252
8701 252
8700 252
8689 264
8690 260
8691 256
8693 256
8692 256
8695 256
8694 256
8686 276
8687 272
8688 268
8672 332
8673 328
8634 324
8635 320
8636 316
8595 312
8552 308
8553 304
8509 300
8510 296
8511 292
8465 288
496 248.127
498 248.127
8729 260
8728 264
8731 260
491 229
8730 260
8733 260
8732 260
492 233
562 229
8735 256
8734 260
483 201
553 197
552 193
551 189
622 185
692 181
771 177
8726 272
8727 268
486 210
537 180
539 179
610 175
541 179
612 175
683 171
8711 332
8712 328
8713 324
8675 320
8710 336
8763 272
8765 264
8764 268
8767 264
8766 264
8747 336
8746 340
570 244.127
641 240.127
710 236.127
8748 332
8737 256
8736 256
8739 256
563 233
8738 256
566 244.127
637 240.127
706 236.127
783 232.127
867 228.127
944 224.127
1016 220.127
1085 216.127
1157 212.127
1241 208.127
556 206
545 178
616 174
687 170
8787 336
8788 332
8789 328
8750 324
8751 320
8752 316
8753 312
8754 308
8755 304
8756 300
8757 296
8758 292
8759 288
8723 284
8685 280
8786 340
8776 260
8740 256
605 188
676 184
677 180
757 176
845 171
846 167
931 163
1007 159
8780 262.363
9950 256.701
8704 252
8665 248
8623 244
8580 240
8536 236
8490 232
8443 228
8394 224
607 180
608 176
679 172
759 168
606 184
8769 264
8768 264
8771 260
8770 264
8773 260
8772 260
8775 260
8774 260
8827 336
8828 332
8816 264
8809 268
8808 268
8811 264
8810 264
8813 264
8812 264
636 237
8815 264
8814 264
8801 280
8802 276
8803 272
8800 284
8761 280
8725 276
624 193
623 189
8805 268
8804 268
8807 268
8806 268
619 174
8849 268
8848 272
8851 268
8850 268
8853 268
613 175
8852 268
8854 268
8841 280
8842 276
8843 272
8845 272
8844 272
8847 272
8846 272
8890 271.992
9969 268.062
8881 276
8880 276
8883 276
8882 276
642 244.127
711 240.127
787 236.127
8885 272
8884 272
8887 272
8886 272
8877 280
8879 276
8878 276
691 178
693 185
694 189
773 185
681 171
8920 276
684 171
764 167
8913 280
8912 280
8915 280
675 188
8914 280
8917 280
8916 280
8919 276
8918 276
678 176
8911 284
8910 288
8876 284
8953 280
8952 280
712 244.127
8945 284
8944 288
8947 284
8946 284
8949 284
8948 284
8951 280
8950 284
761 167
848 163
763 171
753 192
841 187
926 183
927 179
928 175
929 171
930 167
755 184
843 179
754 188
842 183
756 180
844 175
758 172
8985 284
8984 284
8977 288
8976 292
8979 288
8978 288
8981 288
8980 288
8983 284
8982 288
8975 296
8943 292
8974 300
785 232.127
869 228.127
789 244.127
873 240.127
872 236.127
949 232.127
1020 228.127
1019 224.127
788 240.127
790 248.127
9017 288
8986 284
8954 280
8921 276
9016 288
9009 292
9008 292
9011 292
9010 292
770 174
9013 292
9012 292
9015 288
9014 288
9005 304
9006 300
9007 296
8997 336
8966 332
8967 328
8968 324
8969 320
8937 316
8904 312
8870 308
8871 304
8836 300
8797 296
8998 332
9041 296
9040 296
9043 296
9042 296
9045 292
9044 292
9047 292
9046 292
856 170
9037 300
9038 296
9036 304
9039 296
850 167
9029 332
8999 328
9028 336
855 166
840 191
925 187
9073 296
9072 296
9075 296
835 211
920 207
921 203
922 199
923 195
924 191
9074 296
837 203
838 199
839 195
836 207
9065 304
9064 308
9067 300
9066 300
9069 300
9068 300
9071 300
9070 300
9059 328
9031 324
9001 320
8970 316
8938 312
8905 308
9058 332
9063 312
9113 336
9087 332
875 248.127
952 244.127
951 240.127
1022 236.127
1091 232.127
1090 228.127
1089 224.127
1161 220.127
1160 216.127
1243 212.127
874 244.127
9117 320
9091 316
9092 312
876 252.127
9119 312
9093 308
9118 316
9104 300
871 232.127
948 228.127
9097 304
9096 304
9099 304
9098 304
9101 300
9100 300
9103 300
9102 300
9095 304
9094 304
9145 320
9146 316
9144 324
9147 312
9120 308
9149 312
9121 308
9148 312
9151 312
9123 308
9150 312
9141 336
9114 332
9088 328
9089 324
9090 320
9143 328
9116 324
9128 304
9130 304
954 252.127
1025 248.127
1024 244.127
1093 240.127
1092 236.127
9133 303.992
9107 299.992
9078 295.992
9050 291.992
9020 287.992
8989 283.992
8957 279.992
8924 275.992
945 224.127
9122 308
9125 308
9124 308
9127 304
9126 304
950 236.127
9177 316
9176 316
936 158
1011 154
1080 150
1152 146
9179 312
9153 308
9178 312
9181 312
9156 308
9129 304
9180 312
9155 308
9182 312
9169 328
9170 324
9171 320
9173 316
9172 316
9175 316
9174 316
934 163
9152 312
9154 308
9201 320
9200 320
9203 316
9202 316
9205 316
9204 316
9206 316
9193 332
1017 220.127
9195 324
9197 320
1021 232.127
9196 320
9199 320
9198 320
1009 159
1015 220.127
1014 221.127
1156 213.127
1240 209.127
1324 205.127
9241 328
9220 324
1001 206
1000 210
9243 328
9222 324
1003 183.26
1074 179.26
1143 175.26
1226 171.26
10048 167.587
1227 166
1228 162
1229 158
1230 154
1231 150
1232 146
1233 142
9242 328
9221 324
9245 324
9224 320
1005 178
1006 174
9244 328
9223 324
1004 182
9247 324
9225 320
9246 324
9227 320
9226 320
9228 320
9219 324
1037 298.004
1104 294.004
1180 290.004
1179 286.004
1262 282.004
1348 278.004
1438 274.004
1437 270.004
1533 266.004
1626 262.004
1723 258.004
1722 254.004
1721 250.004
1811 246.004
1810 242.004
1892 238.004
1891 234.004
1979 230.004
2069 226.004
2068 222.004
2157 218.004
2156 214.004
2155 210.004
2154 206.004
2153 202.004
2238 198.004
2237 194.004
2324 190.004
2409 186.004
2493 182.004
2578 178.004
2664 174.004
2752 170.004
2840 166.004
2940 162.004
3043 158.004
3133 154.004
3225 150.004
3319 146.004
3409 142.004
3497 138.004
3582 134.004
3665 130.004
3750 126.004
3839 122.004
3928 118.004
4016 114.004
4105 110.004
4196 106.004
4381 98.004
4470 94.004
4557 90.004
4643 86.004
9898 80.553
4729 76.036
4728 72.036
4727 68.036
9909 64.112
4726 60
4556 48
4468 44
4378 37
4287 32
4286 28
4193 24
4192 20
4191 16
4190 12
4189 8
4188 4
1027 250.004
1096 246.004
1168 242.004
1251 238.004
1334 234.004
1424 230.004
1521 226.004
1615 222.004
1712 218.004
1803 214.004
1885 210.004
1973 206.004
2063 202.004
2152 198.004
1026 250.004
1028 250.004
1097 246.004
1169 242.004
1253 238.004
1336 234.004
1426 230.004
1522 226.004
1084 217.127
9249 324
1073 180.26
9248 324
1075 179.26
1144 175.26
1077 154
1148 150
1076 178
1099 246.004
1171 242.004
1254 238.004
1337 234.004
1427 230.004
1523 226.004
1616 222.004
1713 218.004
1102 258.004
1174 254.004
1173 250.004
1256 246.004
1339 242.004
1429 238.004
1525 234.004
1618 230.004
1715 226.004
1805 222.004
1804 218.004
1886 214.004
1088 220.127
1095 246.004
1167 242.004
1250 238.004
1145 162
1146 158
1147 154
1142 179.26
1183 302.004
1266 298.004
1352 294.004
1442 290.004
1441 286.004
1440 282.004
1439 278.004
1535 274.004
1628 270.004
1725 266.004
1724 262.004
1182 298.004
1181 294.004
1170 242.004
1172 246.004
1163 228.127
1162 224.127
1165 236.127
1164 232.127
1247 228.127
1330 224.127
1329 220.127
1419 216.127
1418 212.127
1417 208.127
1416 204.127
1166 240.127
1249 236.127
1332 232.127
1422 228.127
1421 224.127
1420 220.127
1158 212.127
9421 1815.96
9422 1717.96
9423 1619.96
9424 1521.96
9442 1346.96
9443 1247.96
9461 1112.96
9477 1006.96
9494 899.956
9512 767.956
9531 660.956
9551 553.956
6006 364.956
6087 359.956
6163 355.956
6238 351.956
6313 346.956
6314 342.956
6315 338.956
6316 334.956
6317 330.956
6395 323.956
6474 316.956
6475 312.956
6556 308.956
6636 303.956
6714 299.956
6715 295.956
6791 291.956
6864 286.956
6936 282.956
7012 278.956
7083 273.956
7152 269.956
7217 265.956
7284 261.956
7352 256.956
7421 252.956
7487 248.956
9982 245.015
7556 240
7557 236
7558 232
7631 225
7704 221
7777 217
7851 212
1245 220.127
1244 216.127
9420 1913.96
1246 224.127
1225 175.26
1224 179.26
1221 191.533
1220 187.533
1305 183.533
1392 179.533
1484 175.533
1582 171.533
1675 167.533
1772 163.533
1862 159.533
1946 155.533
2035 151.533
2127 147.533
2218 143.533
2305 139.533
2392 135.533
2478 128.595
2734 112
2735 108
2736 104
2737 100
2824 92
2917 88
3019 84
3112 80
3207 75
3208 71
3304 67
3305 63
3306 59
3402 55
3488 50
3489 46
3570 42
3571 38
3657 34
1223 183.26
9462 1076.46
9939 986.042
9478 968.136
9942 879.257
9495 860.956
1222 195.533
1264 290.004
1350 286.004
1269 310.004
1268 306.004
1354 302.004
1353 298.004
1443 294.004
1539 290.004
1538 286.004
1631 282.004
1728 278.004
1818 274.004
1900 270.004
1988 266.004
1987 262.004
1986 258.004
1985 254.004
1984 250.004
1983 246.004
1982 242.004
1981 238.004
1980 234.004
2070 230.004
1257 250.004
1259 270.004
1345 266.004
1435 262.004
1531 258.004
1624 254.004
1248 232.127
9493 954.956
9511 821.956
9530 715.956
9550 609.956
9572 480.956
5928 383.956
1252 238.004
1255 242.004
1338 238.004
1428 234.004
1524 230.004
1617 226.004
1714 222.004
1304 184.533
1307 186
1308 182
1309 178
1310 174
1311 170
1312 166
1306 185.533
1393 179.533
1487 175.533
1584 171.533
1677 167.533
1773 163.533
9529 814.956
9528 913.956
9532 656.956
9525 1802.2
9544 1700.2
9563 1607.2
9586 1505.2
9607 1403.2
9629 1311.2
9630 1214.2
9631 1117.2
9984 1065.6
9609 986
9610 886
9611 786
9612 686
9613 586
9614 486
7873 420
7800 416
7801 412
7874 408
7875 404
7876 400
7877 396
7878 392
7879 388
7880 384
7881 380
7882 376
7883 372
7884 368
7885 364
7886 360
7887 356
7888 352
7889 348
7890 344
7891 340
7892 336
7893 332
7894 328
9524 1897.2
9543 1795.2
9562 1702.2
9585 1601.2
9606 1500.2
9628 1408.2
9527 1012.96
9513 763.956
1341 250.004
1431 246.004
1527 242.004
1620 238.004
1717 234.004
1716 230.004
1806 226.004
1340 246.004
1430 242.004
1526 238.004
1343 258.004
1433 254.004
1432 250.004
1528 246.004
1621 242.004
1342 254.004
1328 216.127
9506 1998.2
9509 1017.96
9510 919.956
1335 234.004
1425 230.004
9567 970.956
9568 872.956
9569 774.956
9570 676.956
9571 578.956
1327 212.127
9566 1068.96
1326 208.127
1319 138
1405 134
1500 130
1594 126
1687 122
1781 118
1867 114
1951 110
9547 908.956
9546 1007.96
9549 709.956
9548 808.956
9593 477.956
6911 425.956
6912 421.956
6913 417.956
6982 406.956
7051 401.956
7052 397.956
7053 393.956
7122 389.956
7187 385.956
7188 381.956
7255 377.956
7323 372.956
7324 368.956
7325 364.956
7326 360.956
7395 356.956
7396 352.956
7397 348.956
7463 344.956
7464 340.956
7465 336.956
7466 332.956
7467 328.956
7468 324.956
7469 320.956
7470 316.956
7471 312.956
7472 308.956
7473 304.956
7474 300.956
7475 296.956
7476 292.956
7477 288.956
7478 284.956
7479 280.956
7480 276.956
7481 272.956
7482 268.956
7483 264.956
7484 260.956
7485 256.956
7486 252.956
9592 576.956
9595 693.004
9594 594.004
5374 520.004
5373 516.004
5285 512.004
5202 507.004
5122 503.004
5040 499.004
4956 494.004
4871 490.004
4870 486.004
4869 482.004
4782 478.004
4693 473.004
4692 469.004
4606 465.004
4605 461.004
4518 457.004
4429 453.004
4337 448.004
4336 444.004
4335 440.004
4243 436.004
4242 432.004
4241 428.004
4148 424.004
4058 419.004
4057 415.004
3967 411.004
3878 407.004
3877 403.004
3876 399.004
3788 395.004
3700 390.004
3616 386.004
3530 382.004
3444 377.004
3443 373.004
3442 369.004
3441 365.004
3440 361.004
3439 357.004
3438 353.004
3437 349.004
3436 345.004
3435 341.004
3434 337.004
3433 333.004
3432 329.004
3431 325.004
3430 321.004
3429 317.004
3428 313.004
3427 309.004
3426 305.004
3425 301.004
3424 297.004
3423 293.004
3339 289.004
3338 285.004
3337 281.004
3336 277.004
3335 273.004
3334 269.004
3333 265.004
3332 261.004
3331 257.004
3330 253.004
3329 249.004
3328 245.004
3327 241.004
3326 237.004
3325 233.004
3324 229.004
3323 225.004
3229 218.004
3138 213.004
3046 209.004
3045 205.004
2949 198.004
2948 194.004
2947 190.004
2946 186.004
2945 182.004
2944 178.004
2943 174.004
2942 170.004
2941 166.004
1355 306.004
1357 314.004
1356 310.004
1359 322.004
1358 318.004
1347 274.004
1346 270.004
1436 266.004
9589 873.956
9590 774.956
9591 675.956
9588 972.956
1349 282.004
1401 161
1314 157
1315 153
1400 165
1403 134
1497 130
1402 157
1395 186.533
1489 182.533
1586 178.533
1679 174.533
1775 170.533
1863 163.533
1947 159.533
2036 155.533
2128 151.533
1394 183.533
9573 40
4102 36
4194 32
1397 182
1396 186
1399 169
9574 590.004
3561 506.004
3475 501.004
3474 497.004
3473 493.004
3472 489.004
3471 485.004
3470 481.004
3469 477.004
3468 473.004
3467 469.004
3466 465.004
3465 461.004
3464 457.004
3463 453.004
3462 449.004
3461 445.004
3460 441.004
3459 437.004
3458 433.004
3457 429.004
3456 425.004
3455 421.004
3454 417.004
3453 413.004
3452 409.004
3451 405.004
3450 401.004
3449 397.004
3448 393.004
3447 389.004
3446 385.004
3445 381.004
1398 176
1391 180.533
1483 176.533
1581 172.533
9617 696.004
9616 597.004
7111 532.004
7110 528.004
7109 524.004
7108 520.004
7038 512.004
7037 508.004
6967 501.004
6966 497.004
6965 493.004
6964 489.004
6896 482.004
6828 477.004
6755 473.004
6754 469.004
6753 465.004
6677 461.004
6599 456.004
6519 452.004
6437 448.004
6359 444.004
6282 439.004
6207 435.004
6131 431.004
6055 426.004
5974 422.004
5901 418.004
5900 414.004
5826 410.004
5751 405.004
5750 401.004
5674 397.004
5594 393.004
5517 388.004
5516 384.004
5430 380.004
5429 376.004
5428 372.004
5336 368.004
5335 364.004
5247 360.004
5164 355.004
5084 351.004
5002 347.004
4918 342.004
4833 338.004
4746 334.004
4657 329.004
4656 325.004
4655 321.004
4569 317.004
4482 313.004
4393 309.004
4301 304.004
4209 300.004
4116 296.004
4026 291.004
3936 287.004
3847 283.004
3759 279.004
3671 274.004
3587 270.004
3501 266.004
3415 261.004
1434 258.004
9657 728
9636 625
9656 825
9635 722
9658 826
9661 798.76
9638 690.76
10125 676.176
9660 727.004
9637 619.004
9615 526.004
6824 467.004
6751 463.004
6675 459.004
6598 455.004
6518 451.004
6436 447.004
6358 443.004
9655 923
9634 819
9654 1020
9633 916
9639 712.004
1449 318.004
1448 314.004
1447 310.004
1543 306.004
1542 302.004
1541 298.004
1540 294.004
9681 835.004
9680 833
9682 906.76
1445 302.004
1444 298.004
1446 306.004
1499 130
1593 126
1686 122
9677 1097.47
10128 998.061
9679 831
9678 928
1491 184
1492 180
1490 186.533
1493 175
1494 171
1495 134
9721 1026
9700 922
9720 1024
1482 184.533
1579 180.533
1580 176.533
1674 171.533
1485 175.533
1486 175.533
1529 250.004
1530 254.004
1623 250.004
1720 246.004
1532 262.004
1534 270.004
9699 1019
9701 924
1513 208.127
1512 204.127
1515 216.127
1514 212.127
1517 224.127
1511 200.127
9742 1204
9741 1105
1553 346.004
1646 342.004
1743 338.004
1833 334.004
1832 330.004
1831 326.004
1913 322.004
1912 318.004
1911 314.004
1910 310.004
1909 306.004
1997 302.004
1996 298.004
2086 294.004
2085 290.004
2174 286.004
2259 282.004
2346 278.004
2431 274.004
2515 270.004
2600 266.004
2686 262.004
2685 258.004
2684 254.004
2772 250.004
2860 246.004
2960 242.004
2959 238.004
2958 234.004
2957 230.004
2956 226.004
2955 222.004
2954 218.004
2953 214.004
2952 210.004
2951 206.004
2950 202.004
1552 342.004
1551 338.004
1644 334.004
1741 330.004
1555 354.004
1648 350.004
1647 346.004
1744 342.004
1834 338.004
1554 350.004
1556 358.004
1545 314.004
1544 310.004
1546 318.004
1549 330.004
1548 326.004
1641 322.004
1738 318.004
1828 314.004
1550 334.004
1643 330.004
1740 326.004
1830 322.004
1829 318.004
1537 282.004
1630 278.004
1727 274.004
1726 270.004
1536 278.004
9782 1432
9781 1335
9761 1209
1592 126
1585 175.533
9762 1309
1589 130
1591 126
1778 118
1949 110
2038 106
2131 102
2221 98
2308 94
9819 1501
9799 1398
9779 1297
9760 1207
9818 1500
9821 1507
9801 1403
9780 1299
9820 1504
9800 1400
9823 1588.23
9804 1491.23
9784 1394.23
9763 1281.77
9744 1184.77
9723 1087.77
10126 994.034
9702 909.004
1583 171.533
1676 167.533
9822 1543
9802 1439
1625 258.004
1627 266.004
1619 234.004
9798 1421
9778 1319
9759 1229
9740 1127
1622 246.004
1719 242.004
1809 238.004
1609 220.127
1608 216.127
1611 222.004
1708 218.004
1799 214.004
1882 210.004
1970 206.004
2060 202.004
2150 198.004
2236 194.004
2323 190.004
2408 186.004
1610 222.004
1707 218.004
1797 214.004
1880 210.004
1968 206.004
2059 202.004
2149 198.004
2235 194.004
2322 190.004
1613 222.004
1710 218.004
1801 214.004
1884 210.004
1972 206.004
2062 202.004
2151 198.004
1612 222.004
1709 218.004
9844 756.306
9833 739.243
10024 704.584
9830 664.494
9871 614.153
9829 557.467
9912 520.555
9828 489.236
9927 446.768
9827 407.896
9897 392.175
1607 212.127
1606 208.127
1657 385.004
1754 381.004
1753 377.004
1752 373.004
1751 369.004
1750 365.004
1840 361.004
1922 357.004
1921 353.004
2009 349.004
2008 345.004
2007 341.004
2097 337.004
2186 333.004
2271 329.004
2358 325.004
2443 321.004
2527 317.004
2612 313.004
2697 306.004
2696 302.004
2695 298.004
2694 294.004
2782 290.004
2870 286.004
2869 282.004
2868 278.004
2867 274.004
2866 270.004
2865 266.004
2864 262.004
2863 258.004
2862 254.004
2962 250.004
2961 246.004
1656 381.004
9835 711.166
9879 698.598
9834 773.857
9843 739.979
1658 389.004
1755 385.004
9836 594.272
9904 553.883
1649 354.004
9826 154.919
6240 143
6166 139
6089 135
6090 131
6010 127
5931 123
5857 119
5858 115
5784 111
5709 107
5630 103
5631 99
5632 95
5633 91
5634 87
5558 83
5473 79
5383 75
5292 71
5206 64
5127 60
5128 56
5129 52
5048 48
4965 44
4881 40
4882 36
4797 32
1651 361.004
1650 357.004
1747 353.004
1837 349.004
1919 345.004
1653 369.004
1652 365.004
9831 758.143
10007 707.004
9881 299.585
1640 318.004
1737 314.004
1827 310.004
1642 326.004
9885 135.464
1645 338.004
1742 334.004
1633 290.004
1730 286.004
1729 282.004
1632 286.004
1635 298.004
1634 294.004
1731 290.004
1637 306.004
1734 302.004
1733 298.004
1823 294.004
1905 290.004
1904 286.004
1903 282.004
1902 278.004
1901 274.004
1636 302.004
1639 314.004
1736 310.004
1826 306.004
1825 302.004
1824 298.004
1638 310.004
1735 306.004
9866 201.646
604 192
1684 122
9913 74.286
1673 180.533
9915 35.145
9914 131.454
9825 122.551
5627 115
5551 111
5466 107
5376 103
5377 99
5378 95
5379 91
5380 87
5381 83
5382 79
9917 277.88
7084 272.956
7153 268.956
7218 264.956
7285 260.956
9916 498.692
9919 467.419
9918 115.843
1678 171.533
1774 167.533
9905 208.859
9906 96.032
4469 94.004
9908 313.616
3249 311.004
3248 307.004
3340 300.004
9911 345.775
9910 60.474
5046 56
4963 52
4879 48
4880 44
9896 302.144
9899 99.816
2823 96
9900 291.769
6794 288.956
7014 276.956
9903 131.081
3749 126.004
9902 470.256
9893 191.032
9895 75.353
4170 68
4171 64
4172 60
4173 56
4174 52
4175 48
4176 44
4177 40
4178 36
4179 32
4180 28
4181 24
4182 20
4183 16
4184 12
9894 160.621
1718 238.004
9945 565.371
3476 505.004
1705 217.127
9944 445.253
1769 441.004
1768 437.004
1767 433.004
1766 429.004
1765 425.004
1855 421.004
1937 417.004
2025 413.004
2024 409.004
2023 405.004
2022 401.004
2021 397.004
2020 393.004
2019 389.004
2018 385.004
2017 381.004
2016 377.004
2015 373.004
2014 369.004
2104 365.004
2193 361.004
2278 357.004
2365 353.004
2450 349.004
2449 345.004
2448 341.004
2447 337.004
2446 333.004
2530 329.004
2615 325.004
2614 321.004
2613 317.004
1704 213.127
9946 427.003
918 425.004
917 421.004
916 417.004
915 413.004
914 409.004
913 405.004
991 401.004
990 397.004
989 393.004
1061 389.004
1127 385.004
1203 381.004
1202 377.004
1285 373.004
1371 369.004
1461 365.004
1557 361.004
1706 221.127
9949 119.472
6428 111
6349 107
6271 102
6196 98
6118 94
6037 89
5956 85
5882 81
5807 77
5731 72
5651 68
5574 64
5489 60
5398 56
5306 52
5218 48
5139 44
5057 40
4973 36
4889 32
4803 28
4715 24
4633 20
4547 16
4459 12
4370 8
4280 4
9948 254.485
9951 307.187
1711 218.004
1802 214.004
9936 938.728
1699 168
9938 883.656
9943 497.667
1702 186.895
9928 109.829
4195 106.004
4289 102.004
4380 98.004
9933 892.043
1757 393.004
1756 389.004
1758 397.004
1745 346.004
9920 189.699
9923 329.034
3159 325.004
3158 321.004
3157 317.004
1746 350.004
1749 361.004
1839 357.004
9924 301.458
1748 357.004
9926 132.538
9976 404.576
6005 368.956
6086 363.956
9979 292.995
2871 290.004
1739 322.004
9981 1783.44
9968 334.851
9270 328.805
10129 327.524
9252 323.992
9231 319.992
9208 315.992
9184 311.992
9159 307.992
9132 303.992
9106 299.992
9971 189.861
7870 189
7796 184
7723 180
7650 176
7576 172
7505 168
7439 164
7370 160
7301 156
7235 152
7168 148
7098 144
7027 140
6952 136
6882 132
6811 128
6735 124
6656 120
6577 116
6495 112
6413 108
6334 104
6257 100
6183 96
6105 92
6025 88
5945 84
5870 80
5795 76
5720 72
5640 68
5564 64
5479 60
5389 56
5298 52
5211 48
5132 44
5051 40
4968 36
4884 32
9973 675.915
9972 135.369
6893 132.529
10082 129.269
6747 124
6669 120
6590 116
6508 112
6425 108
6346 104
6269 100
6194 96
6116 92
6036 88
5955 84
5881 80
5806 76
1732 294.004
9975 231.058
9974 625.419
9960 81.624
5069 77
4985 73
4900 68
4814 64
9967 231.908
8445 228
8396 224
8348 220
9966 284.819
3845 281.004
3757 277.004
3586 269.004
3500 265.004
1777 118
9952 308.018
9954 195.134
7941 192
7868 188
7795 184
7721 180
7649 176
9956 375.686
5669 371.004
5510 363.004
5424 359.004
5332 355.004
5244 351.004
5161 346.004
5081 342.004
4999 338.004
4915 333.004
4830 329.004
4743 325.004
4654 320.004
4568 316.004
4481 312.004
4392 308.004
4300 303.004
4208 299.004
4115 295.004
4025 290.004
3935 286.004
3846 282.004
3758 278.004
3670 273.004
9959 263.953
10009 977.331
10008 198.858
7853 196
7780 192
1771 164.533
1861 160.533
1770 445.004
10005 219.022
1817 270.004
1816 266.004
1815 262.004
1814 258.004
1813 254.004
1812 250.004
1819 278.004
1821 286.004
1820 282.004
9999 293.616
963 287.957
962 283.957
1035 279.957
1103 273.101
1034 266.101
1033 262.101
1032 258.103
10013 257.274
1031 254.004
1100 250.004
1808 234.004
1890 230.004
1978 226.004
10041 130.973
10040 414.242
6007 362.308
6164 352.308
6239 348.308
1800 214.004
10043 209.51
10042 93.021
3479 90
3480 86
3481 82
3563 78
3564 74
3649 70
3732 65
3820 61
3907 57
3996 53
4086 48
4087 44
4088 40
10045 1089.67
10044 335.694
2783 333.004
2698 329.004
10047 198.909
1807 230.004
10046 613.262
10033 85.832
10032 998.906
10035 150.037
7090 149
10034 149.97
10037 167.325
10036 176.489
10039 1741.8
10038 197.55
1798 214.004
10027 158.195
1945 155.533
2034 151.533
2126 147.533
10026 145.554
1850 401.004
1849 397.004
1931 393.004
10029 231.959
703 229
10028 820.4
10031 114.098
10030 187.03
1841 365.004
1843 373.004
1925 369.004
2013 365.004
2012 361.004
2102 357.004
2101 353.004
2100 349.004
2099 345.004
2188 341.004
2273 337.004
2360 333.004
2359 329.004
2444 325.004
2528 321.004
1842 369.004
1845 381.004
1844 377.004
1926 373.004
1846 385.004
1928 381.004
10073 65.124
3025 63
3118 59
3213 54
3309 50
10072 64.289
3312 58
3311 54
10075 116.312
2042 114
2041 110
2133 106
1835 342.004
10074 139.764
1836 346.004
1838 353.004
10065 140.782
10064 124.982
3838 122.004
10067 57.904
4358 52
4268 48
4269 44
4270 40
4271 36
4272 32
4273 28
10066 140.497
10069 96.01
10068 26.106
3829 24
3917 20
4006 16
10071 83.253
5873 80
5798 76
5723 72
5643 68
5566 64
5481 60
5391 56
5299 52
10070 175.507
7286 172
7287 168
7288 164
10057 63.494
3580 60.025
3747 52
3836 48
3926 44
4014 40
1881 210.004
1969 206.004
10056 159.91
10059 303.689
1883 210.004
1971 206.004
10061 11.857
10060 84.336
2651 78
2739 74
2827 70
2924 66
3026 62
3119 58
10063 309.738
6712 307.956
6713 303.956
6789 299.956
6862 294.956
6934 290.956
7010 286.956
7081 281.956
7082 277.956
1887 218.004
10062 318.21
10049 218.974
1873 136
1957 132
1956 128
1955 124
10051 405.163
10050 184.342
2486 183.004
2572 178.004
2659 174.004
2747 170.004
2835 166.004
2936 162.004
3040 158.004
3131 154.004
3223 150.004
3318 146.004
10053 180.689
7354 178
10055 410.792
10054 293.296
1865 114
1948 110
2037 106
1860 441.004
1859 437.004
1858 433.004
1857 429.004
1856 425.004
1938 421.004
2026 417.004
1915 330.004
1914 326.004
1917 338.004
1916 334.004
1918 342.004
1897 258.004
1896 254.004
1895 250.004
1894 246.004
1899 266.004
1898 262.004
1889 226.004
1977 222.004
2067 218.004
1888 222.004
1976 218.004
2066 214.004
2065 210.004
2064 206.004
1893 242.004
1944 155.533
1939 425.004
1929 385.004
1930 389.004
1920 349.004
1923 361.004
1924 365.004
1927 377.004
1975 214.004
1974 210.004
1965 206.004
2056 202.004
2146 198.004
2231 194.004
2318 190.004
2403 186.004
2487 182.004
1967 206.004
2057 202.004
1966 206.004
1954 121
2043 117
2011 357.004
2010 353.004
2001 318.004
2000 314.004
2090 310.004
2179 306.004
2264 302.004
2263 298.004
2350 294.004
2435 290.004
2519 286.004
2604 282.004
2603 278.004
2602 274.004
2688 270.004
2776 266.004
2003 326.004
2093 322.004
2182 318.004
2267 314.004
2354 310.004
2439 306.004
2523 302.004
2608 298.004
2607 294.004
2606 290.004
2692 286.004
2691 282.004
2690 278.004
2778 274.004
2777 270.004
2002 322.004
2092 318.004
2181 314.004
2266 310.004
2353 306.004
2438 302.004
2522 298.004
2005 334.004
2004 330.004
2094 326.004
2183 322.004
2268 318.004
2355 314.004
2440 310.004
2524 306.004
2006 338.004
2096 334.004
2185 330.004
2270 326.004
2357 322.004
2356 318.004
2441 314.004
2525 310.004
1992 282.004
1991 278.004
2081 274.004
2170 270.004
2255 266.004
2254 262.004
2341 258.004
2340 254.004
2339 250.004
2338 246.004
2423 242.004
2422 238.004
2421 234.004
2420 230.004
2504 226.004
2589 222.004
2588 218.004
2587 214.004
2586 210.004
2585 206.004
2584 202.004
2583 198.004
2669 194.004
2757 190.004
2845 186.004
2844 182.004
2843 178.004
1994 290.004
1993 286.004
1999 310.004
2089 306.004
2178 302.004
1998 306.004
2088 302.004
2177 298.004
2262 294.004
2349 290.004
2348 286.004
2347 282.004
1989 270.004
1990 274.004
2033 151.533
2039 106
2027 421.004
2073 242.004
2072 238.004
2161 234.004
2160 230.004
2159 226.004
2244 222.004
2243 218.004
2242 214.004
2329 210.004
2328 206.004
2413 202.004
2497 198.004
2582 194.004
2668 190.004
2667 186.004
2755 182.004
2075 250.004
2164 246.004
2249 242.004
2336 238.004
2074 246.004
2163 242.004
2248 238.004
2247 234.004
2246 230.004
2245 226.004
2077 258.004
2166 254.004
2251 250.004
2076 254.004
2165 250.004
2250 246.004
2337 242.004
2079 266.004
2078 262.004
2167 258.004
2071 234.004
2061 202.004
2055 202.004
2145 198.004
2105 369.004
2107 377.004
2106 373.004
2109 385.004
2198 381.004
2197 377.004
2282 373.004
2369 369.004
2368 365.004
2453 361.004
2452 357.004
2536 353.004
2621 349.004
2620 345.004
2619 341.004
2618 337.004
2617 333.004
2616 329.004
2108 381.004
2110 389.004
2199 385.004
2284 381.004
2371 377.004
2370 373.004
2455 369.004
2539 365.004
2624 361.004
2623 357.004
2622 353.004
2098 341.004
2103 361.004
2091 314.004
2095 330.004
2080 270.004
2083 282.004
2172 278.004
2257 274.004
2344 270.004
2429 266.004
2513 262.004
2598 258.004
2082 278.004
2084 286.004
2173 282.004
2258 278.004
2143 198.004
2229 194.004
2316 190.004
2402 186.004
2130 102
2134 110
2125 147.533
2217 143.533
2304 139.533
2113 401.004
2202 397.004
2287 393.004
2374 389.004
2373 385.004
2458 381.004
2457 377.004
2456 373.004
2169 266.004
2168 262.004
2171 274.004
2175 290.004
2162 238.004
2158 222.004
2144 198.004
2147 198.004
2232 194.004
2319 190.004
2405 186.004
2489 182.004
2574 178.004
2661 174.004
2750 170.004
2838 166.004
2939 162.004
2148 198.004
2234 194.004
2321 190.004
2406 186.004
2491 182.004
2576 178.004
2663 174.004
2201 393.004
2200 389.004
2285 385.004
2372 381.004
2192 357.004
2277 353.004
2364 349.004
2363 345.004
2362 341.004
2361 337.004
2195 369.004
2194 365.004
2196 373.004
2281 369.004
2184 326.004
2187 337.004
2189 345.004
2191 353.004
2276 349.004
2190 349.004
2275 345.004
2176 294.004
2261 290.004
2233 194.004
2320 190.004
2239 202.004
2225 109
2224 106
2223 102
2228 195.004
2230 194.004
2317 190.004
2216 144.533
2219 106
2269 322.004
2256 270.004
2260 286.004
2253 258.004
2252 254.004
2280 365.004
2279 361.004
2283 377.004
2286 389.004
2272 333.004
2274 341.004
2331 218.004
2330 214.004
2415 210.004
2499 206.004
2498 202.004
2333 226.004
2332 222.004
2335 234.004
2334 230.004
2325 194.004
2315 191.004
2401 187.004
2306 94
2394 90
2481 86
2565 82
2652 78
2741 74
2829 70
2926 66
2311 102
2310 98
2367 361.004
2366 357.004
2352 302.004
2351 298.004
2436 294.004
2520 290.004
2605 286.004
2345 274.004
2430 270.004
2514 266.004
2599 262.004
2343 266.004
2428 262.004
2512 258.004
2597 254.004
2683 250.004
2771 246.004
2859 242.004
2342 262.004
2393 139.595
2479 132.595
2395 90
2387 441.004
2386 437.004
2385 433.004
2384 429.004
2383 425.004
2382 421.004
2381 417.004
2380 413.004
2379 409.004
2378 405.004
2377 401.004
2376 397.004
2461 393.004
2545 389.004
2544 385.004
2543 381.004
2542 377.004
2627 373.004
2626 369.004
2625 365.004
2375 393.004
2425 250.004
2509 246.004
2594 242.004
2593 238.004
2592 234.004
2591 230.004
2590 226.004
2424 246.004
2427 258.004
2511 254.004
2510 250.004
2426 254.004
2419 226.004
2503 222.004
2404 186.004
2407 186.004
2459 385.004
2460 389.004
2451 353.004
2454 365.004
2442 318.004
2445 329.004
2433 282.004
2432 278.004
2488 182.004
2573 178.004
2490 182.004
2575 178.004
2662 174.004
2492 182.004
2577 178.004
2495 190.004
2580 186.004
2666 182.004
2754 178.004
2842 174.004
2480 86
2564 82
2482 86
2566 82
2653 78
2485 94
2526 314.004
2517 278.004
2516 274.004
2518 282.004
2505 230.004
2507 238.004
2506 234.004
2508 242.004
2502 218.004
2537 357.004
2538 361.004
2541 373.004
2540 369.004
2529 325.004
2531 333.004
2533 341.004
2532 337.004
2535 349.004
2534 345.004
2569 90
2656 86
2570 94
2563 82
2609 302.004
2601 270.004
2595 246.004
2596 250.004
2682 246.004
2770 242.004
2858 238.004
2649 111
2650 107
2629 381.004
2628 377.004
2630 385.004
2681 242.004
2680 238.004
2768 234.004
2767 230.004
2855 226.004
2854 222.004
2853 218.004
2852 214.004
2851 210.004
2850 206.004
2687 266.004
2673 210.004
2672 206.004
2671 202.004
2670 198.004
2758 194.004
2675 218.004
2763 214.004
2674 214.004
2677 226.004
2676 222.004
2679 234.004
2678 230.004
2657 90
2660 174.004
2748 170.004
2836 166.004
2713 389.004
2712 385.004
2711 381.004
2710 377.004
2705 357.004
2704 353.004
2707 365.004
2706 361.004
2709 373.004
2708 369.004
2699 333.004
2701 341.004
2700 337.004
2703 349.004
2702 345.004
2689 274.004
2693 290.004
2745 86
2833 82
2832 78
2746 88
2749 170.004
2837 166.004
2937 162.004
3041 158.004
2751 170.004
2839 166.004
2740 74
2828 70
2733 116
2779 278.004
2781 286.004
2780 282.004
2769 238.004
2773 254.004
2775 262.004
2774 258.004
2761 206.004
2849 202.004
2848 198.004
2847 194.004
2762 210.004
2765 222.004
2764 218.004
2766 226.004
2793 369.004
2792 365.004
2795 377.004
2794 373.004
2797 385.004
2796 381.004
2799 393.004
2798 389.004
2785 337.004
2784 333.004
2787 345.004
2786 341.004
2789 353.004
2788 349.004
2791 361.004
2790 357.004
2822 100
2915 96
3017 92
3018 88
2873 338.004
2872 336.004
2972 332.004
3066 328.004
2875 346.004
2874 342.004
2877 354.004
2876 350.004
2879 362.004
2878 358.004
2857 234.004
2856 230.004
2861 250.004
2909 119
2910 115
2911 111
3014 104
3015 100
3016 96
2888 398.004
2881 370.004
2880 366.004
2883 378.004
2882 374.004
2885 386.004
2884 382.004
2887 394.004
2886 390.004
2928 70
3030 66
2930 78
3032 74
3124 70
3123 66
3122 62
3216 58
2933 168.004
3037 164.004
3128 160.004
3221 155.004
3222 151.004
3317 147.004
3408 143.004
2932 172.004
2935 163.004
3039 159.004
3130 155.004
2921 68
3024 64
3117 60
3212 55
3308 51
3404 47
3490 42
2923 66
2922 67.457
2925 66
3028 62
2913 104
2914 100
2912 108
2969 278.004
2968 274.004
2967 270.004
2966 266.004
2965 262.004
2964 258.004
2963 254.004
2971 286.004
2970 282.004
2973 336.004
2975 344.004
2974 340.004
2985 384.004
3079 380.004
3078 376.004
3077 372.004
3076 368.004
3075 364.004
3074 360.004
3073 356.004
3072 352.004
3071 348.004
3070 344.004
3069 340.004
3068 336.004
3067 332.004
2984 380.004
2987 392.004
2986 388.004
3080 384.004
2989 400.004
2988 396.004
2977 352.004
2976 348.004
2979 360.004
2978 356.004
2981 368.004
2980 364.004
2983 376.004
2982 372.004
3033 77
3035 172.004
3126 168.004
3219 163.004
3314 159.004
3315 155.004
3316 151.004
3034 176.004
3125 172.004
3218 167.004
3313 163.004
3036 168.004
3127 164.004
3220 159.004
3027 62
3021 76
3022 72
3115 68
3210 63
3020 80
3113 76
3013 122
3012 126
3065 285.004
3064 281.004
3063 277.004
3062 273.004
3061 269.004
3060 265.004
3059 261.004
3058 257.004
3057 253.004
3056 249.004
3055 245.004
3054 241.004
3053 237.004
3052 233.004
3051 229.004
3050 225.004
3049 221.004
3048 217.004
3047 213.004
3081 388.004
3083 396.004
3082 392.004
3084 400.004
3120 58
3214 54
3114 72
3209 67
3116 64
3211 59
3109 92
3204 87
3205 83
3206 79
3302 75
3303 71
3108 96
3203 91
3300 87
3395 83
3482 78
3111 84
3110 88
3161 333.004
3160 329.004
3163 341.004
3162 337.004
3165 349.004
3164 345.004
3167 357.004
3166 353.004
3152 269.004
3155 281.004
3154 277.004
3153 273.004
3156 285.004
3145 241.004
3144 237.004
3143 233.004
3142 229.004
3147 249.004
3146 245.004
3149 257.004
3148 253.004
3151 265.004
3150 261.004
3141 225.004
3140 221.004
3177 397.004
3176 393.004
3175 389.004
3174 385.004
3173 381.004
3172 377.004
3171 373.004
3170 369.004
3169 365.004
3168 361.004
3178 401.004
3231 226.004
3257 343.004
3256 339.004
3255 335.004
3254 331.004
3253 327.004
3252 323.004
3251 319.004
3250 315.004
3259 351.004
3258 347.004
3261 359.004
3260 355.004
3263 367.004
3262 363.004
3241 266.004
3240 262.004
3245 282.004
3244 278.004
3246 286.004
3233 234.004
3232 230.004
3239 258.004
3238 254.004
3272 403.004
3271 399.004
3270 395.004
3269 391.004
3268 387.004
3267 383.004
3266 379.004
3265 375.004
3264 371.004
3275 415.004
3274 411.004
3273 407.004
3307 55
3403 51
3299 91
3298 95
3353 352.004
3352 348.004
3351 344.004
3350 340.004
3349 336.004
3348 332.004
3347 328.004
3346 324.004
3345 320.004
3344 316.004
3343 312.004
3342 308.004
3341 304.004
3355 360.004
3354 356.004
3357 368.004
3356 364.004
3359 376.004
3358 372.004
3361 384.004
3360 380.004
3363 392.004
3362 388.004
3365 400.004
3364 396.004
3417 269.004
3416 265.004
3419 277.004
3418 273.004
3421 285.004
3420 281.004
3422 289.004
3401 59
3393 91
3399 71
3400 67
3485 75
3487 54
3477 99.167
3478 96.615
3513 314.004
3512 310.004
3515 322.004
3514 318.004
3517 330.004
3516 326.004
3519 338.004
3518 334.004
3505 282.004
3504 278.004
3507 290.004
3506 286.004
3509 298.004
3508 294.004
3510 302.004
3503 274.004
3502 270.004
3492 41
3529 378.004
3528 374.004
3531 386.004
3533 394.004
3532 390.004
3535 402.004
3534 398.004
3521 346.004
3520 342.004
3523 354.004
3522 350.004
3525 362.004
3524 358.004
3527 370.004
3526 366.004
3579 64.025
3581 64.025
3609 358.004
3608 354.004
3611 366.004
3610 362.004
3613 374.004
3612 370.004
3615 382.004
3614 378.004
3601 326.004
3600 322.004
3603 334.004
3602 330.004
3605 342.004
3604 338.004
3607 350.004
3606 346.004
3593 294.004
3592 290.004
3591 286.004
3595 302.004
3594 298.004
3597 310.004
3511 306.004
3596 306.004
3599 318.004
3598 314.004
3589 278.004
3588 274.004
3590 282.004
3624 418.004
3538 414.004
3617 390.004
3619 398.004
3618 394.004
3620 402.004
3673 282.004
3672 278.004
3675 290.004
3674 286.004
3677 298.004
3676 294.004
3679 306.004
3678 302.004
3651 69
3733 65
3705 410.004
3704 406.004
3707 418.004
3623 414.004
3537 410.004
3697 378.004
3696 374.004
3699 386.004
3698 382.004
3701 394.004
3703 402.004
3702 398.004
3689 346.004
3688 342.004
3691 354.004
3690 350.004
3693 362.004
3692 358.004
3695 370.004
3694 366.004
3681 314.004
3680 310.004
3683 322.004
3682 318.004
3685 330.004
3684 326.004
3687 338.004
3686 334.004
3741 29
3742 29.131
3730 73
3731 69
3734 69
3769 319.004
3768 315.004
3771 327.004
3770 323.004
3773 335.004
3772 331.004
3775 343.004
3774 339.004
3761 287.004
3760 283.004
3763 295.004
3762 291.004
3765 303.004
3764 299.004
3767 311.004
3766 307.004
3753 131.004
3842 127.004
3931 123.004
4019 119.004
4108 115.004
4199 111.004
4291 107.004
4471 97.004
3752 128.004
3841 124.004
3930 120.004
4018 116.004
4107 112.004
4198 108.004
4290 104.004
3746 56
3748 52
3751 128.004
3793 415.004
3792 411.004
3795 423.004
3796 427.004
3708 422.004
3785 383.004
3784 379.004
3787 391.004
3786 387.004
3789 399.004
3791 407.004
3790 403.004
3777 351.004
3776 347.004
3779 359.004
3778 355.004
3781 367.004
3780 363.004
3783 375.004
3782 371.004
3833 30
3921 26
4009 22
4008 18
4096 12
3835 48
3925 44
3834 34
3837 48
3825 33
3914 29
3915 25
3826 29
3828 28.32
3819 69
3905 65
3906 61
3995 57
4085 52
3821 49
3822 45
3911 41
3912 37
4001 33
4091 28
4092 24
4093 20
4094 16
3865 355.004
3864 351.004
3863 347.004
3862 343.004
3867 363.004
3866 359.004
3869 371.004
3868 367.004
3871 379.004
3870 375.004
3857 323.004
3856 319.004
3855 315.004
3859 331.004
3858 327.004
3861 339.004
3860 335.004
3849 291.004
3848 287.004
3851 299.004
3850 295.004
3853 307.004
3852 303.004
3854 311.004
3840 124.004
3929 120.004
3889 451.004
3801 447.004
3713 442.004
3712 438.004
3628 434.004
3542 430.004
3881 419.004
3880 415.004
3883 427.004
3882 423.004
3794 419.004
3706 414.004
3622 410.004
3621 406.004
3885 435.004
3884 431.004
3887 443.004
3799 439.004
3711 434.004
3710 430.004
3626 426.004
3540 422.004
3886 439.004
3798 435.004
3873 387.004
3872 383.004
3875 395.004
3874 391.004
3879 411.004
3932 288.391
3923 34
3922 30
3924 45
4013 41
3904 69
3909 49
3998 45
3961 387.004
3960 383.004
3959 379.004
3958 375.004
3963 395.004
3962 391.004
3965 403.004
3964 399.004
3966 407.004
3953 355.004
3952 351.004
3955 363.004
3954 359.004
3957 371.004
3956 367.004
3945 323.004
3944 319.004
3943 315.004
3942 311.004
3941 307.004
3940 303.004
3939 299.004
3947 331.004
3946 327.004
3949 339.004
3948 335.004
3951 347.004
3950 343.004
3992 69
4082 64
3977 451.004
3888 447.004
3976 447.004
3979 459.004
3978 455.004
3969 419.004
3968 415.004
3971 427.004
3970 423.004
3973 435.004
3972 431.004
3975 443.004
3974 439.004
4024 289.004
3934 285.004
4031 311.004
4017 116.004
4106 112.004
4023 289.004
4011 30
4010 26
4000 37
4090 32
4003 25
4004 21
4056 411.004
4059 423.004
4061 431.004
4060 427.004
4063 439.004
4062 435.004
4049 383.004
4048 379.004
4047 375.004
4046 371.004
4051 391.004
4050 387.004
4053 399.004
4052 395.004
4055 407.004
4054 403.004
4041 351.004
4040 347.004
4039 343.004
4038 339.004
4037 335.004
4036 331.004
4035 327.004
4034 323.004
4043 359.004
4042 355.004
4045 367.004
4044 363.004
4033 319.004
4032 315.004
4065 447.004
4064 443.004
4067 455.004
4066 451.004
4069 463.004
4068 459.004
4071 471.004
4070 467.004
4121 316.004
4123 324.004
4122 320.004
4112 293.004
4104 110.004
4111 293.004
4022 289.004
3933 285.004
4097 4
4101 40
4153 444.004
4152 440.004
4155 452.004
4154 448.004
4157 460.004
4156 456.004
4159 468.004
4158 464.004
4145 412.004
4144 408.004
4149 428.004
4151 436.004
4150 432.004
4137 380.004
4136 376.004
4139 388.004
4138 384.004
4141 396.004
4140 392.004
4143 404.004
4142 400.004
4131 356.004
4130 352.004
4133 364.004
4132 360.004
4135 372.004
4134 368.004
4161 476.004
4160 472.004
4162 480.004
4072 475.004
3982 471.004
3981 467.004
3980 463.004
3891 459.004
3803 455.004
3715 450.004
3714 446.004
4216 328.004
4215 324.004
4214 320.004
4203 297.004
4249 460.004
4248 456.004
4247 452.004
4246 448.004
4245 444.004
4244 440.004
4251 468.004
4250 464.004
4253 476.004
4252 472.004
4255 484.004
4254 480.004
4233 396.004
4232 392.004
4231 388.004
4230 384.004
4235 404.004
4234 400.004
4237 412.004
4236 408.004
4224 360.004
4227 372.004
4226 368.004
4229 380.004
4228 376.004
4281 8
4283 16
4282 12
4275 20
4274 24
4277 12
4276 16
4278 8
4265 64
4264 68
4266 60
4256 488.004
4163 484.004
4073 479.004
3983 475.004
4263 72
4262 512.004
4261 508.004
4260 504.004
4259 500.004
4258 496.004
4165 492.004
4075 487.004
4074 483.004
4317 368.004
4316 364.004
4315 360.004
4314 356.004
4222 352.004
4129 348.004
4319 376.004
4318 372.004
4305 320.004
4304 316.004
4303 312.004
4302 308.004
4210 304.004
4117 300.004
4027 295.004
3937 291.004
4295 301.004
4294 301.004
4345 480.004
4344 476.004
4347 488.004
4346 484.004
4348 492.004
4339 456.004
4338 452.004
4341 464.004
4340 460.004
4343 472.004
4342 468.004
4329 416.004
4328 412.004
4333 432.004
4334 436.004
4320 380.004
4323 392.004
4325 400.004
4324 396.004
4327 408.004
4326 404.004
4377 33
4376 29
4285 24
4371 9
4373 17
4372 13
4375 25
4284 20
4374 21
4361 40
4360 44
4363 32
4362 36
4365 24
4364 28
4366 20
4367 16
4355 70
4354 74
4357 56
4409 373.004
4408 369.004
4411 381.004
4410 377.004
4413 389.004
4321 384.004
4412 385.004
4415 397.004
4414 393.004
4322 388.004
4395 317.004
4394 313.004
4387 305.004
4296 301.004
4205 297.004
4113 293.004
4388 305.004
4297 301.004
4441 501.004
4349 496.004
4257 492.004
4164 488.004
4440 497.004
4442 505.004
4350 500.004
4445 74
4444 513.004
4352 508.004
4447 56
4433 469.004
4432 465.004
4435 477.004
4434 473.004
4437 485.004
4436 481.004
4438 489.004
4431 461.004
4430 457.004
4417 405.004
4416 401.004
4419 413.004
4418 409.004
4421 421.004
4420 417.004
4465 33
4464 29
4463 25
4462 21
4461 17
4449 44
4448 48
4451 36
4450 40
4453 28
4454 24
4455 20
4452 32
4505 405.004
4504 401.004
4503 397.004
4507 413.004
4506 409.004
4508 417.004
4497 373.004
4496 369.004
4407 365.004
4499 381.004
4498 377.004
4501 389.004
4500 385.004
4502 393.004
4488 337.004
4487 333.004
4398 329.004
4306 324.004
4485 325.004
4484 321.004
4483 317.004
4486 329.004
4397 325.004
4537 44
4538 40
4536 48
4539 36
4540 32
4541 28
4542 24
4529 501.004
4528 497.004
4439 493.004
4531 509.004
4530 505.004
4533 78
4532 513.004
4443 509.004
4351 504.004
4534 82
4521 469.004
4523 477.004
4522 473.004
4525 485.004
4524 481.004
4527 493.004
4526 489.004
4571 325.004
4570 321.004
4573 333.004
4572 329.004
4575 341.004
4574 337.004
4553 37
4552 33
4554 41
4546 16
4458 12
4549 21
4548 17
4460 13
4551 29
4550 25
4593 413.004
4592 409.004
4595 421.004
4594 417.004
4596 425.004
4587 389.004
4586 385.004
4589 397.004
4591 405.004
4590 401.004
4576 345.004
4632 20
4635 25
4634 21
4639 41
4638 37
4625 36
4626 32
4624 40
4617 509.004
4619 82
4618 513.004
4621 52
4622 48
4623 44
4609 477.004
4611 485.004
4610 481.004
4613 493.004
4612 489.004
4615 501.004
4614 497.004
4659 337.004
4658 333.004
4660 341.004
4642 52
4697 489.004
4696 485.004
4695 481.004
4699 497.004
4698 493.004
4701 505.004
4700 501.004
4702 509.004
4616 505.004
4681 425.004
4680 421.004
4679 417.004
4683 433.004
4597 429.004
4510 425.004
4682 429.004
4684 437.004
4674 397.004
4673 393.004
4672 389.004
4677 409.004
4676 405.004
4675 401.004
4678 413.004
4730 80.036
4721 42
4720 38
4637 33
4722 46
4725 57
4724 54
4641 49
4640 45
4713 24
4631 20
4714 24
4717 26
4716 25
4718 30
4705 48
4706 44
4704 52
4707 40
4708 36
4763 402.004
4765 410.004
4767 418.004
4766 414.004
4747 338.004
4749 346.004
4748 342.004
4750 350.004
4661 345.004
4793 48
4792 52
4795 40
4796 36
4794 44
4785 490.004
4787 498.004
4786 494.004
4789 506.004
4788 502.004
4791 514.004
4790 510.004
4769 426.004
4768 422.004
4771 434.004
4772 438.004
4817 76
4816 72
4815 68
4818 80
4809 46
4808 42
4807 38
4806 34
4811 54
4810 50
4813 61
4812 58
4801 28
4800 28
4802 28
4804 29
4860 446.004
4859 442.004
4863 458.004
4776 454.004
4687 449.004
4686 445.004
4600 441.004
4513 437.004
4424 433.004
4332 428.004
4331 424.004
4239 420.004
4146 416.004
4853 418.004
4852 414.004
4851 410.004
4764 406.004
4855 426.004
4854 422.004
4843 378.004
4756 374.004
4667 369.004
4581 365.004
4494 361.004
4405 357.004
4313 352.004
4221 348.004
4128 344.004
4835 346.004
4839 362.004
4838 358.004
4837 354.004
4888 32
4891 34
4805 30
4893 42
4892 38
4895 50
4894 46
4887 32
4873 498.004
4872 494.004
4875 506.004
4874 502.004
4877 514.004
4876 510.004
4878 52
4865 466.004
4778 462.004
4689 457.004
4603 453.004
4516 449.004
4427 445.004
4864 462.004
4777 458.004
4688 453.004
4602 449.004
4515 445.004
4426 441.004
4897 58
4896 54
4899 65
4898 62
4901 72
4903 80
4902 76
4957 498.004
4959 506.004
4958 502.004
4945 450.004
4947 458.004
4862 454.004
4775 450.004
4946 454.004
4949 466.004
4948 462.004
4950 470.004
4937 418.004
4936 414.004
4939 426.004
4938 422.004
4940 430.004
4942 438.004
4857 434.004
4770 430.004
4984 70
4986 77
4977 43
4979 51
4978 47
4981 59
4980 55
4983 67
4982 63
4972 36
4974 37
4961 514.004
4960 510.004
4962 56
4964 48
4966 40
5020 419.004
5022 427.004
5011 383.004
4927 378.004
4842 374.004
4755 370.004
4666 365.004
4580 361.004
4493 357.004
4404 353.004
4312 348.004
4311 344.004
4219 340.004
4126 336.004
5015 399.004
4931 394.004
4930 390.004
4929 386.004
4928 382.004
5053 40
4970 36
4886 32
5052 40
5055 40
4971 36
5041 503.004
5043 511.004
5042 507.004
5045 60
5044 515.004
5047 52
5033 471.004
5032 467.004
5027 447.004
4943 442.004
5026 443.004
5031 463.004
5030 459.004
5065 63
5064 59
5063 55
5056 40
5059 42
4975 38
4890 33
5061 47
5060 43
4976 39
5062 51
5113 467.004
5112 463.004
5101 419.004
5019 415.004
4935 410.004
4934 406.004
4933 402.004
4848 398.004
4761 394.004
5102 423.004
5093 387.004
5094 391.004
5012 387.004
5145 59
5144 55
5137 44
5136 44
5138 44
5141 46
5140 45
5058 41
5143 51
5142 47
5130 48
5133 44
5123 507.004
5125 515.004
5124 511.004
5126 519.004
5176 403.004
5096 399.004
5095 395.004
5175 399.004
5174 395.004
5209 52
5208 56
5213 48
5134 44
5212 48
5214 48
5135 44
5203 511.004
5205 519.004
5204 515.004
5207 60
5193 471.004
5192 467.004
5194 475.004
5224 60
5217 48
5216 48
5219 49
5221 51
5220 50
5223 56
5222 52
5275 472.004
5274 468.004
5191 463.004
5111 459.004
5029 455.004
5276 476.004
5305 52
5304 52
5307 53
5309 55
5308 54
5311 60
5310 56
5296 56
5301 52
5303 52
5302 52
5215 48
5295 60
5294 64
5287 520.004
5361 468.004
5360 464.004
5359 460.004
5271 456.004
5188 451.004
5187 447.004
5107 443.004
5106 439.004
5105 435.004
5104 431.004
5401 59
5400 58
5402 60
5393 56
5392 56
5300 52
5395 56
5394 56
5397 56
5396 56
5399 57
5386 64
5465 520.004
5488 60
5491 62
5490 61
5493 64
5492 63
5483 60
5485 60
5484 60
5487 60
5486 60
5472 83
5567 64
5482 60
5554 99
5469 95
5585 97
5661 93
5660 89
5659 85
5658 81
5657 77
5580 73
5494 68
5403 64
5577 67
5576 66
5579 69
5569 64
5568 64
5571 64
5570 64
5573 64
5572 64
5575 65
5626 521.004
5549 516.004
5463 512.004
5462 508.004
5461 504.004
5369 500.004
5281 496.004
5198 491.004
5197 487.004
5196 483.004
5195 479.004
5115 475.004
5656 73
5662 97
5649 68
5648 68
5650 68
5652 69
5655 72
5578 68
5645 68
5644 68
5647 68
5646 68
5695 481.004
5615 477.004
5538 472.004
5537 468.004
5451 464.004
5725 72
5724 72
5727 72
5726 72
5737 81
5736 77
5739 89
5738 85
5740 93
5729 72
5728 72
5730 72
5733 74
5653 70
5735 76
5734 75
5654 71
5789 92
5790 88
5791 84
5792 80
5788 95
5713 91
5809 79
5808 78
5732 73
5811 81
5810 80
5813 86
5812 82
5815 94
5814 90
5801 76
5800 76
5803 76
5802 76
5805 76
5804 76
5799 76
5880 80
5883 82
5885 84
5884 83
5887 86
5886 85
5872 80
5875 80
5874 80
5877 80
5876 80
5879 80
5878 80
5864 92
5863 96
5862 99
5889 94
5888 90
5947 84
5949 84
5951 84
5950 84
5939 92
5865 88
5961 90
5960 89
5962 94
5953 84
5952 84
5954 84
5957 86
5959 88
5958 87
6001 384.956
6082 379.956
6083 375.956
6084 371.956
6085 367.956
6000 526.004
5999 522.004
5926 518.004
5852 514.004
5777 509.004
5776 505.004
5700 501.004
5620 497.004
5543 492.004
5457 488.004
5365 484.004
5277 480.004
6003 376.956
6002 380.956
6004 372.956
6041 93
6040 92
6033 88
6032 88
6035 88
6034 88
6039 91
6038 90
6027 88
6029 88
6031 88
6030 88
6016 104
6017 100
5938 96
6109 92
6111 92
6110 92
6081 383.956
6121 97
6120 96
6122 98
6113 92
6112 92
6115 92
6114 92
6117 93
6119 95
6161 363.956
6236 359.956
6311 354.956
6312 350.956
6160 367.956
6235 363.956
6310 358.956
6162 359.956
6237 355.956
6155 527.004
6079 522.004
5998 518.004
5925 514.004
5924 510.004
5923 506.004
5849 502.004
5774 497.004
5773 493.004
5697 489.004
5617 485.004
5540 480.004
5454 476.004
5362 472.004
6157 379.956
6158 375.956
6233 371.956
6308 366.956
6309 362.956
6156 383.956
6231 379.956
6306 374.956
6307 370.956
6159 371.956
6234 367.956
6193 96
6192 96
6195 97
6197 99
6198 100
6187 96
6186 96
6189 96
6188 96
6191 96
6190 96
6232 375.956
6230 527.004
6229 523.004
6153 519.004
6077 514.004
5996 510.004
6265 100
6264 100
6267 100
6266 100
6268 100
6270 101
6261 100
6263 100
6262 100
6241 139
6242 135
6168 131
6169 127
6170 123
6093 119
6094 115
6095 111
6015 107
5936 103
6247 116
6173 112
6096 108
6318 143
6319 139
6305 378.956
6345 104
6344 104
6347 105
6348 106
6351 109
6273 104
6339 104
6338 104
6341 104
6340 104
6343 104
6342 104
6393 331.956
6394 327.956
6392 335.956
6385 363.956
6386 359.956
6387 355.956
6388 351.956
6389 347.956
6390 343.956
6391 339.956
6384 367.956
6381 379.956
6382 375.956
6383 371.956
6380 528.004
6303 523.004
6302 519.004
6301 515.004
6300 511.004
6299 507.004
6298 503.004
6297 499.004
6222 495.004
6146 491.004
6070 486.004
6069 482.004
6068 478.004
5987 474.004
5986 470.004
5985 466.004
5912 462.004
5838 458.004
5763 453.004
5687 449.004
5607 445.004
5530 440.004
5529 436.004
5528 432.004
5442 428.004
5441 424.004
5440 420.004
5439 416.004
5438 412.004
5437 408.004
5436 404.004
5435 400.004
5434 396.004
5433 392.004
5432 388.004
5431 384.004
6424 108
6426 109
6417 108
6416 108
6337 104
6260 100
6185 96
6107 92
6418 108
6421 108
6420 108
6423 108
6422 108
6409 108
6330 104
6253 100
6179 96
6411 108
6332 104
6255 100
6181 96
6103 92
6023 88
5943 84
6412 108
6415 108
6401 127
6323 123
6246 119
6172 115
6459 376.956
6540 372.956
6620 367.956
6698 363.956
6699 359.956
6700 355.956
6701 351.956
6777 347.956
6850 342.956
6922 338.956
6923 334.956
6924 330.956
6925 326.956
7001 322.956
7072 317.956
7141 313.956
7142 309.956
7207 305.956
7208 301.956
7275 297.956
7343 292.956
7412 288.956
7413 284.956
7414 280.956
7415 276.956
7416 272.956
7417 268.956
7418 264.956
6458 380.956
6539 376.956
6619 371.956
6697 367.956
6773 363.956
6846 358.956
6918 354.956
6919 350.956
6995 346.956
7066 341.956
7135 337.956
7200 333.956
7267 329.956
7335 324.956
7404 320.956
6461 368.956
6542 364.956
6622 359.956
6623 355.956
6460 372.956
6463 360.956
6464 356.956
6545 352.956
6625 347.956
6626 343.956
6627 339.956
6628 335.956
6706 331.956
6707 327.956
6783 323.956
6856 318.956
6928 314.956
6929 310.956
6930 306.956
7006 302.956
7077 297.956
7078 293.956
7079 289.956
7080 285.956
6462 364.956
6543 360.956
6483 131
6484 128
6402 124
6324 120
6325 116
6248 112
6249 108
6175 104
6176 100
6099 96
6019 92
6473 320.956
6554 316.956
6634 311.956
6635 307.956
6472 324.956
6553 320.956
6633 315.956
6477 307.956
6558 303.956
6638 298.956
6716 294.956
6792 290.956
6865 285.956
6937 281.956
7013 277.956
6476 308.956
6557 304.956
6637 299.956
6478 306.956
6559 302.956
6639 297.956
6717 293.956
6793 289.956
6866 284.956
6938 280.956
6465 352.956
6546 348.956
6467 344.956
6548 340.956
6466 348.956
6547 344.956
6469 336.956
6470 332.956
6551 328.956
6631 323.956
6709 319.956
6785 315.956
6858 310.956
6468 340.956
6549 336.956
6629 331.956
6630 327.956
6708 323.956
6471 328.956
6552 324.956
6632 319.956
6505 112
6504 112
6507 112
6506 112
6497 112
6414 108
6336 104
6259 100
6499 112
6498 112
6500 112
6502 112
6555 312.956
6544 356.956
6624 351.956
6550 332.956
6541 368.956
6621 363.956
6585 116
6503 112
6584 116
6501 112
6587 116
6586 116
6589 116
6588 116
6591 116
6579 116
6581 116
6580 116
6583 116
6582 116
6575 116
6493 112
6560 301.956
6640 296.956
6718 292.956
6565 135
6566 132
6618 375.956
6696 371.956
6651 120
6572 116
6489 112
6644 139
6665 120
6664 120
6667 120
6666 120
6659 120
6658 120
6661 120
6660 120
6663 120
6662 120
6705 335.956
6704 339.956
6780 335.956
6853 330.956
6711 311.956
6787 307.956
6860 302.956
6932 298.956
6933 294.956
6710 315.956
6703 343.956
6779 339.956
6852 334.956
6702 347.956
6778 343.956
6851 338.956
6695 375.956
6771 371.956
6844 366.956
6845 362.956
6917 358.956
6745 124
6744 124
6746 124
6668 120
6737 124
6736 124
6739 124
6738 124
6741 124
6740 124
6743 124
6742 124
6733 124
6654 120
6723 140
6724 136
6725 132
6647 128
6568 124
6569 120
6776 351.956
6849 346.956
6781 331.956
6854 326.956
6855 322.956
6927 318.956
6782 327.956
6770 533.004
6694 529.004
6616 524.004
6536 520.004
6454 516.004
6453 512.004
6375 508.004
6772 367.956
6775 355.956
6848 350.956
6774 359.956
6847 354.956
6809 128
6810 128
6813 128
6812 128
6815 128
6814 128
6798 144
6784 319.956
6857 314.956
6786 311.956
6859 306.956
6788 303.956
6861 298.956
6790 295.956
6863 290.956
6843 370.956
6817 128
6816 128
6819 128
6818 128
6821 128
6822 128
6879 132
6808 128
6869 148
6870 144
6799 140
6910 429.956
6889 132
6888 132
6890 132
6892 132
6881 132
6880 132
6883 132
6885 132
6884 132
6887 132
6886 132
6941 148
6942 144
6871 140
6800 136
6940 152
6931 302.956
7007 298.956
6935 286.956
6921 342.956
6997 338.956
7068 333.956
7137 329.956
7138 325.956
7203 321.956
7204 317.956
7205 313.956
7272 309.956
7340 304.956
7341 300.956
7410 296.956
6920 346.956
6996 342.956
7067 337.956
7136 333.956
6926 322.956
7002 318.956
7073 313.956
6915 366.956
6991 362.956
7062 357.956
7063 353.956
7064 349.956
7065 345.956
6914 370.956
6990 366.956
7061 361.956
6916 362.956
6953 136
6954 136
6957 136
6956 136
6959 136
6958 136
6949 136
6951 136
6950 136
7000 326.956
7071 321.956
7140 317.956
7005 306.956
7076 301.956
7004 310.956
7075 305.956
6993 354.956
6992 358.956
6994 350.956
6999 330.956
7070 325.956
7139 321.956
6998 334.956
7069 329.956
6985 394.956
7054 389.956
7123 385.956
6984 398.956
6987 386.956
7056 381.956
7057 377.956
7058 373.956
7059 369.956
7060 365.956
6986 390.956
7055 385.956
6989 370.956
6988 382.956
6977 426.956
7046 421.956
7115 417.956
7116 413.956
7117 409.956
7118 405.956
7183 401.956
7250 397.956
7318 392.956
7319 388.956
7320 384.956
7321 380.956
7322 376.956
7391 372.956
7457 368.956
7458 364.956
7459 360.956
7460 356.956
7461 352.956
7462 348.956
6976 430.956
7045 425.956
7114 421.956
6979 418.956
7048 413.956
6978 422.956
7047 417.956
6981 410.956
7050 405.956
6980 414.956
7049 409.956
6983 402.956
7033 140
7032 140
7034 140
7025 140
7024 140
7026 140
7029 140
7028 140
7031 140
7030 140
6955 136
7017 152
7018 148
7016 156
7023 140
7009 290.956
7008 294.956
7011 282.956
7044 429.956
7113 425.956
7097 144
7096 144
7099 144
7101 144
7100 144
7103 144
7102 144
7088 152
7095 144
7094 144
7085 163
7015 159
6939 155
6868 151
6797 147
6722 143
7087 156
7086 160
7074 309.956
7129 361.956
7194 357.956
7261 353.956
7329 348.956
7330 344.956
7331 340.956
7332 336.956
7401 332.956
7128 365.956
7193 361.956
7260 357.956
7328 352.956
7131 353.956
7196 349.956
7197 345.956
7198 341.956
7265 337.956
7333 332.956
7334 328.956
7403 324.956
7130 357.956
7195 353.956
7133 345.956
7132 349.956
7134 341.956
7199 337.956
7121 393.956
7186 389.956
7120 397.956
7185 393.956
7125 377.956
7190 373.956
7257 369.956
7124 381.956
7189 377.956
7127 369.956
7192 365.956
7259 361.956
7327 356.956
7126 373.956
7191 369.956
7112 429.956
7119 401.956
7184 397.956
7105 144
7104 144
7162 160
7228 156
7165 148
7167 148
7166 148
7155 164
7157 156
7156 160
7159 152
7145 297.956
7210 293.956
7277 289.956
7345 284.956
7346 280.956
7347 276.956
7348 272.956
7144 301.956
7209 297.956
7276 293.956
7344 288.956
7147 289.956
7148 285.956
7213 281.956
7280 277.956
7146 293.956
7211 289.956
7278 285.956
7149 281.956
7150 277.956
7215 273.956
7216 269.956
7151 273.956
7143 305.956
7177 425.956
7244 421.956
7312 416.956
7313 412.956
7382 408.956
7383 404.956
7384 400.956
7385 396.956
7386 392.956
7387 388.956
7453 384.956
7454 380.956
7455 376.956
7456 372.956
7176 148
7106 144
7035 140
6961 136
6891 132
6820 128
7179 417.956
7246 413.956
7314 408.956
7178 421.956
7245 417.956
7181 409.956
7248 405.956
7316 400.956
7180 413.956
7247 409.956
7315 404.956
7182 405.956
7249 401.956
7317 396.956
7169 148
7171 148
7170 148
7173 148
7175 148
7174 148
7224 156
7227 160
7231 152
7219 171
7154 167
7221 164
7220 168
7222 160
7212 285.956
7214 277.956
7201 329.956
7268 325.956
7336 320.956
7405 316.956
7202 325.956
7269 321.956
7337 316.956
7406 312.956
7407 308.956
7408 304.956
7206 309.956
7273 305.956
7256 373.956
7258 365.956
7263 345.956
7262 349.956
7252 389.956
7241 152
7240 152
7243 425.956
7311 420.956
7242 152
7233 152
7232 152
7234 152
7237 152
7236 152
7238 152
7172 148
7291 160
7290 160
7293 161
7226 157
7160 153
7292 160
7225 156
7294 160
7281 273.956
7349 268.956
7283 265.956
7351 260.956
7282 269.956
7350 264.956
7274 301.956
7342 296.956
7411 292.956
7279 281.956
7264 341.956
7266 333.956
7271 313.956
7339 308.956
7270 317.956
7338 312.956
7305 156
7304 156
7307 156
7306 156
7310 424.956
7297 156
7299 156
7298 156
7300 156
7303 156
7302 156
7353 256
7555 244
7355 176
7357 168
7356 172
7359 164
7376 160
7369 160
7368 160
7371 160
7373 160
7372 160
7361 164
7360 164
7363 164
7362 165
7367 160
7366 160
7419 260.956
7420 256.956
7423 180
7424 176
7425 172
7422 182
7409 300.956
7400 336.956
7402 328.956
7394 360.956
7399 340.956
7398 344.956
7441 164
7440 164
7442 164
7435 164
7437 164
7436 164
7438 164
7429 168
7428 168
7431 168
7430 168
7513 412
7514 408
7515 404
7516 400
7517 396
7518 392
7519 388
7520 384
7521 380
7522 376
7523 372
7524 368
7525 364
7526 360
7527 356
7528 352
7529 348
7530 344
7531 340
7532 336
7533 332
7534 328
7535 324
7536 320
7537 316
7538 312
7539 308
7540 304
7541 300
7542 296
7543 292
7544 288
7545 284
7546 280
7547 276
7548 272
7549 268
7550 264
7551 260
7552 256
7553 252
7554 248
7504 168
7507 168
7506 168
7509 168
7443 164
7375 160
7497 172
7496 172
7503 168
7502 168
7489 184
7490 180
7491 176
7493 172
7495 172
7579 172
7508 168
7580 172
7582 421
7583 417
7584 413
7657 409
7658 405
7731 401
7805 396
7568 176
7573 172
7575 172
7574 172
7561 184
7560 188
7562 180
7564 176
7567 176
7566 176
7559 190
7488 186
7609 313
7682 309
7683 305
7684 301
7685 297
7758 293
7832 288
7833 284
7834 280
7608 317
7681 313
7611 305
7610 309
7613 297
7614 293
7687 289
7688 285
7689 281
7690 277
7763 273
7837 268
7838 264
7839 260
7612 301
7615 289
7603 337
7676 333
7677 329
7678 325
7751 321
7825 316
7605 329
7604 333
7607 321
7680 317
7606 325
7592 381
7665 377
7666 373
7667 369
7668 365
7669 361
7670 357
7671 353
7672 349
7673 345
7674 341
7747 337
7821 332
7641 180
7640 180
7643 176
7645 176
7647 176
7633 192
7635 184
7634 188
7637 180
7638 180
7625 249
7626 245
7627 241
7700 237
7773 233
7847 228
7848 224
7849 220
7624 253
7697 249
7770 245
7844 240
7845 236
7846 232
7629 233
7702 229
7775 225
7628 237
7630 229
7617 281
7618 277
7619 273
7692 269
7693 265
7694 261
7767 257
7841 252
7616 285
7621 265
7620 269
7623 257
7622 261
7695 257
7768 253
7842 248
7679 321
7752 317
7826 312
7648 176
7654 176.123
10081 172.087
7707 188
7706 192
7711 184
7710 184
7696 253
7699 241
7772 237
7698 245
7771 241
7701 233
7774 229
7703 225
7776 221
7850 216
7691 273
7686 293
7759 289
7720 180
7713 184
7715 180
7716 180
7718 180
7769 249
7843 244
7761 281
7835 276
7836 272
7760 285
7762 277
7765 265
7764 269
7766 261
7840 256
7753 313
7827 308
7755 305
7829 300
7754 309
7828 304
7757 297
7831 292
7756 301
7830 296
7793 184
7784 188
7786 188
7789 184
7788 184
7791 184
7779 196
7778 213
7852 208
7783 188
7864 188
7866 188
7871 188
7798 184
7725 180
7653 176
7857 192
7856 192
7859 192
7861 188
7862 188
7928 196
7930 196
7932 196
7935 192
7937 192
7938 192
7942 192
7993 216
7992 220
7995 208
7984 252
7989 232
7991 224
7990 228
7977 280
7976 284
7979 272
7980 268
7981 264
7978 276
7983 256
7982 260
7971 304
7972 300
7973 296
7974 292
7975 288
8008 196
8013 197.51
7943 193.51
10089 189.861
8000 200
8002 200
8006 196
8057 212
8035 300
8036 296
8037 292
8038 288
8039 284
8073 200
8010 196
8074 200
8064 204
8123 208
