 key  value
8122 465.549
8123 461.549
8064 457.549
8002 453.549
8003 449.549
8004 445.549
8005 441.549
8006 437.549
8007 433.549
8008 429.549
8009 425.549
8010 421.549
8011 417.549
7942 410.549
7869 406.549
7796 402.549
7797 398.549
7724 394.549
7725 390.549
7653 386.549
7580 382.549
7509 378.549
7443 374.549
7375 370.549
7306 366.549
7240 362.549
7174 358.549
7104 354.549
7033 350.549
6959 346.549
6889 342.549
6818 338.549
6743 334.549
6665 330.549
6586 326.549
6504 322.549
6422 318.549
6344 314.549
6267 310.549
6193 306.549
6116 302.549
6036 298.549
5956 294.549
5883 290.549
5809 286.549
5734 282.549
5655 278.549
5579 274.549
5494 270.549
5404 266.549
5313 262.549
5226 258.549
5147 254.549
5066 250.549
4983 246.549
4899 242.549
4814 238.549
4727 231.549
4728 227.549
4729 223.549
9898 219.032
4643 213.581
4557 209.581
4469 205.581
4380 201.581
4289 197.581
4196 193.581
4105 189.581
4016 185.581
3928 181.581
3839 177.581
3750 173.581
3665 169.581
3582 165.581
3497 161.581
3409 157.581
3319 153.581
3225 149.581
3133 145.581
3043 141.581
2940 137.581
2840 133.581
2752 129.581
2753 125.581
2754 121.581
2755 117.581
2756 113.581
2757 109.581
2758 105.581
2670 101.581
2584 97.581
2499 93.581
2415 89.581
2416 85.581
2417 81.581
2332 77.581
2333 73.581
2246 69.581
2247 65.581
2248 61.581
2163 57.581
2164 53.581
2075 49.581
1985 45.581
1897 41.581
1815 37.581
1725 33.581
1628 29.581
1535 25.581
1439 21.581
1349 17.581
1263 13.581
1180 9.581
1104 5.581
1037 1.581
8125 453.549
8066 449.549
8067 445.549
8068 441.549
8124 457.549
8065 453.549
8127 445.549
8126 449.549
8113 501.549
8114 497.549
8115 493.549
8056 489.549
8057 485.549
8058 481.549
8059 477.549
7997 473.549
7998 469.549
7999 465.549
8000 461.549
8001 457.549
8112 505.549
8117 485.549
8116 489.549
8119 477.549
8060 473.549
8118 481.549
8105 533.549
8046 529.549
8047 525.549
8048 521.549
8049 517.549
7987 513.549
7988 509.549
7989 505.549
7990 501.549
7991 497.549
7992 493.549
7993 489.549
7994 485.549
7995 481.549
7996 477.549
8104 537.549
8045 533.549
8107 525.549
8108 521.549
8106 529.549
8109 517.549
8050 513.549
8111 509.549
8052 505.549
8110 513.549
8051 509.549
8097 565.549
8098 561.549
8099 557.549
8100 553.549
8101 549.549
8042 545.549
7980 541.549
7981 537.549
7982 533.549
7983 529.549
7984 525.549
7985 521.549
7986 517.549
8096 569.549
8037 565.549
7975 561.549
7976 557.549
7977 553.549
7978 549.549
7979 545.549
8103 541.549
8102 545.549
8155 565.549
8157 557.549
8158 553.549
8156 561.549
8159 549.549
8160 545.549
8136 641.549
8137 637.549
8138 633.549
8139 629.549
8140 625.549
8141 621.549
8142 617.549
8143 613.549
8144 609.549
8145 605.549
8088 601.549
8089 597.549
8030 593.549
8031 589.549
8032 585.549
8033 581.549
8034 577.549
8035 573.549
7973 569.549
7974 565.549
8128 441.549
8129 437.549
8070 433.549
8071 429.549
8185 445.549
8186 441.549
8187 437.549
8188 433.549
8189 429.549
8132 425.549
8073 421.549
8184 449.549
8177 477.549
8120 473.549
8061 469.549
8176 481.549
8179 469.549
8178 473.549
8181 461.549
8180 465.549
8183 453.549
8182 457.549
8169 509.549
8170 505.549
8171 501.549
8168 513.549
8173 493.549
8174 489.549
8172 497.549
8175 485.549
8161 541.549
8163 533.549
8164 529.549
8165 525.549
8162 537.549
8167 517.549
8166 521.549
8217 549.549
8216 553.549
8219 541.549
8220 537.549
8221 533.549
8222 529.549
8218 545.549
8223 525.549
8215 557.549
8214 561.549
8241 453.549
8242 449.549
8240 457.549
8233 485.549
8234 481.549
8235 477.549
8236 473.549
8232 489.549
8237 469.549
8239 461.549
8238 465.549
8225 517.549
8226 513.549
8227 509.549
8224 521.549
8229 501.549
8230 497.549
8231 493.549
8228 505.549
8281 509.549
8280 513.549
8283 501.549
8284 497.549
8282 505.549
8285 493.549
8286 489.549
8287 485.549
8288 481.549
8273 541.549
8272 545.549
8275 533.549
8274 537.549
8277 525.549
8278 521.549
8279 517.549
8276 529.549
91 176.875
92 172.875
93 168.875
94 164.875
95 160.875
116 156.875
117 152.875
118 148.875
135 136.875
154 129.875
183 125.875
221 121.875
267 116.875
318 112.875
374 108.875
436 103.875
500 99.875
571 95.875
643 90.875
713 86.875
714 82.875
715 78.875
716 74.875
717 70.875
718 66.875
719 62.875
796 58.875
881 53.875
959 49.875
1031 45.875
10013 42.605
1032 41.776
1033 37.778
1034 33.778
1103 26.778
1035 19.922
1036 15.922
963 11.922
9999 6.263
964 3.923
8269 557.549
8268 561.549
8271 549.549
8270 553.549
8319 557.549
8320 553.549
8318 561.549
8298 441.549
8299 437.549
8246 433.549
125 176.875
126 172.875
127 168.875
128 164.875
129 160.875
130 156.875
131 152.875
132 148.875
133 144.875
134 140.875
8289 477.549
113 168.875
114 164.875
115 160.875
112 172.875
8291 469.549
8290 473.549
8293 461.549
8294 457.549
8292 465.549
8344 457.549
8345 453.549
8296 449.549
8243 445.549
8349 443.383
9963 441.418
110 180.875
111 176.875
8337 485.549
8336 489.549
8339 477.549
8340 473.549
8341 469.549
8338 481.549
8343 461.549
8342 465.549
8329 517.549
8330 513.549
8331 509.549
8328 521.549
8333 501.549
8332 505.549
8335 493.549
8334 497.549
8321 549.549
8322 545.549
8323 541.549
145 165.875
174 161.875
212 157.875
258 152.875
259 148.875
310 144.875
311 140.875
367 136.875
429 131.875
430 127.875
494 123.875
495 119.875
566 115.875
638 110.875
639 106.875
640 102.875
641 98.875
711 94.875
712 90.875
144 169.875
147 157.875
176 153.875
214 149.875
260 144.875
146 161.875
8325 533.549
8326 529.549
8327 525.549
149 149.875
150 145.875
151 141.875
180 137.875
181 133.875
182 129.875
8324 537.549
148 153.875
8377 521.549
8376 525.549
8379 513.549
8380 509.549
8381 505.549
8378 517.549
8383 497.549
8384 493.549
8385 489.549
8386 485.549
8387 481.549
143 173.875
8382 501.549
8369 553.549
8368 557.549
8371 545.549
8372 541.549
8373 537.549
8374 533.549
8370 549.549
8375 529.549
177 149.875
215 145.875
261 140.875
312 136.875
313 132.875
314 128.875
370 124.875
432 119.875
433 115.875
434 111.875
498 107.875
499 103.875
570 99.875
642 94.875
179 141.875
178 145.875
216 141.875
262 136.875
173 165.875
172 169.875
210 165.875
256 160.875
307 156.875
363 152.875
425 147.875
489 143.875
560 139.875
632 134.875
633 130.875
703 126.875
704 122.875
705 118.875
706 114.875
707 110.875
784 106.875
869 101.875
870 97.875
871 93.875
872 89.875
950 85.875
1022 81.875
1023 77.875
1024 73.875
1025 69.875
1026 65.875
1027 61.875
1028 57.875
1029 53.875
1030 49.875
175 157.875
213 153.875
8393 457.549
8394 453.549
8395 449.549
8347 445.549
8348 441.549
217 137.875
263 132.875
219 129.875
265 124.875
316 120.875
317 116.875
218 133.875
264 128.875
315 124.875
209 169.875
255 164.875
306 160.875
211 161.875
257 156.875
8389 473.549
8388 477.549
8391 465.549
8392 461.549
8390 469.549
8441 465.549
8442 461.549
8443 457.549
8444 453.549
8445 449.549
8396 445.549
8440 469.549
8433 497.549
8434 493.549
8432 501.549
8435 489.549
8437 481.549
8436 485.549
8439 473.549
8438 477.549
8425 529.549
8426 525.549
8424 533.549
8427 521.549
8428 517.549
8429 513.549
8431 505.549
8430 509.549
254 168.875
8419 553.549
8420 549.549
8421 545.549
8422 541.549
8423 537.549
8418 557.549
8473 529.549
8472 533.549
8475 521.549
8474 525.549
8477 513.549
8476 517.549
8479 505.549
8478 509.549
8467 553.549
8468 549.549
8466 557.549
8469 545.549
8471 537.549
8470 541.549
266 120.875
8499 613.549
8500 609.549
8501 605.549
8455 601.549
8408 597.549
8409 593.549
8410 589.549
8361 585.549
8313 581.549
8314 577.549
8265 573.549
8266 569.549
8213 565.549
319 111.875
375 107.875
437 102.875
501 98.875
572 94.875
8481 497.549
305 164.875
361 160.875
423 155.875
424 151.875
8480 501.549
8483 489.549
8484 485.549
8482 493.549
8485 481.549
309 148.875
365 144.875
427 139.875
428 135.875
308 152.875
364 148.875
426 143.875
8487 473.549
8488 469.549
8489 465.549
8486 477.549
299 207.875
300 203.875
301 199.875
357 195.875
418 190.875
480 186.875
550 179.875
622 174.875
623 170.875
624 166.875
625 162.875
626 158.875
627 154.875
628 150.875
698 146.875
699 142.875
700 138.875
701 134.875
702 130.875
8529 493.549
8528 497.549
8531 485.549
8530 489.549
8533 477.549
8534 473.549
8532 481.549
8521 525.549
8522 521.549
8523 517.549
8520 529.549
8525 509.549
8526 505.549
8524 513.549
8527 501.549
8515 549.549
8516 545.549
8517 541.549
8514 553.549
8519 533.549
8518 537.549
8569 513.549
8570 509.549
8568 517.549
8571 505.549
8573 497.549
8572 501.549
8575 489.549
8576 485.549
8577 481.549
8578 477.549
8574 493.549
8561 545.549
8562 541.549
8563 537.549
8564 533.549
8560 549.549
8565 529.549
8567 521.549
8566 525.549
369 128.875
431 123.875
368 132.875
371 120.875
373 112.875
435 107.875
372 116.875
360 164.875
422 159.875
486 155.875
487 151.875
558 147.875
630 142.875
362 156.875
8605 545.549
8606 541.549
8604 549.549
8607 537.549
366 140.875
353 211.875
414 206.875
415 202.875
477 198.875
478 194.875
479 190.875
8589 609.549
8546 605.549
8547 601.549
8548 597.549
8504 593.549
8458 589.549
8411 585.549
8412 581.549
8363 577.549
8364 573.549
8316 569.549
8317 565.549
413 210.875
475 206.875
476 202.875
8588 613.549
412 214.875
474 210.875
8590 605.549
8591 601.549
8592 597.549
8593 593.549
8594 589.549
8595 585.549
8596 581.549
8597 577.549
8554 573.549
8510 569.549
8511 565.549
8465 561.549
8632 605.549
8633 601.549
8631 609.549
8630 613.549
8617 497.549
8616 501.549
8619 489.549
8620 485.549
8618 493.549
8609 529.549
8608 533.549
8611 521.549
8612 517.549
8613 513.549
8614 509.549
8615 505.549
8610 525.549
8671 609.549
8670 613.549
8657 505.549
8658 501.549
8656 509.549
416 198.875
8659 497.549
8660 493.549
8661 489.549
421 163.875
485 159.875
420 167.875
8649 537.549
473 214.875
8648 541.549
8651 529.549
8650 533.549
8653 521.549
8652 525.549
8655 513.549
8654 517.549
469 230.875
470 226.875
471 222.875
472 218.875
8647 545.549
8646 549.549
8697 505.549
8698 501.549
8699 497.549
8700 493.549
8696 509.549
8701 489.549
8702 485.549
8663 481.549
8664 477.549
8623 473.549
8580 469.549
8581 465.549
8537 461.549
8491 457.549
8689 537.549
8691 529.549
8690 533.549
8693 521.549
8692 525.549
8695 513.549
8694 517.549
8686 549.549
497 111.875
8672 605.549
8673 601.549
8674 597.549
8635 593.549
496 115.875
8729 533.549
8730 529.549
8731 525.549
8732 521.549
8733 517.549
8734 513.549
8735 509.549
8728 537.549
488 147.875
559 143.875
631 138.875
491 135.875
562 131.875
634 126.875
490 139.875
492 131.875
563 127.875
635 122.875
483 167.875
554 163.875
484 163.875
555 159.875
8726 545.549
8727 541.549
537 231.875
609 226.875
610 222.875
611 218.875
612 214.875
613 210.875
614 206.875
615 202.875
616 198.875
617 194.875
618 190.875
619 186.875
620 182.875
621 178.875
539 223.875
538 227.875
541 215.875
540 219.875
543 207.875
542 211.875
8711 605.549
8710 609.549
8763 545.549
8765 537.549
8766 533.549
8764 541.549
8767 529.549
8768 525.549
8769 521.549
8770 517.549
8747 609.549
8746 613.549
8748 605.549
8712 601.549
8713 597.549
8714 593.549
8676 589.549
8677 585.549
8678 581.549
8679 577.549
8680 573.549
8641 569.549
8642 565.549
8601 561.549
8602 557.549
8559 553.549
8737 501.549
8736 505.549
8739 493.549
8740 489.549
8738 497.549
565 119.875
637 114.875
564 123.875
636 118.875
553 167.875
552 171.875
557 151.875
629 146.875
556 155.875
545 199.875
544 203.875
8787 609.549
547 191.875
8786 613.549
546 195.875
8788 605.549
8789 601.549
8750 597.549
551 175.875
8776 493.549
605 242.875
606 238.875
607 234.875
608 230.875
8780 491.912
9950 486.25
8704 481.549
8665 477.549
8771 513.549
8773 505.549
8772 509.549
8775 497.549
8774 501.549
8827 609.549
8828 605.549
8829 601.549
8830 597.549
8791 593.549
8792 589.549
8753 585.549
8717 581.549
8816 493.549
8777 489.549
8741 485.549
8703 481.549
8809 521.549
8810 517.549
8811 513.549
8808 525.549
8813 505.549
8814 501.549
8812 509.549
8815 497.549
8801 553.549
8802 549.549
8803 545.549
8804 541.549
8805 537.549
8800 557.549
8761 553.549
8725 549.549
8807 529.549
8806 533.549
8849 521.549
8848 525.549
8851 513.549
8852 509.549
8853 505.549
8850 517.549
8854 501.549
8841 553.549
8842 549.549
8843 545.549
8845 537.549
8846 533.549
8847 529.549
8844 541.549
8890 501.541
9969 497.611
8881 537.541
8882 533.541
8883 529.541
8884 525.541
8885 521.541
8886 517.541
8887 513.541
8888 509.541
8889 505.541
8880 541.541
8877 553.541
8878 549.541
8879 545.541
689 189.875
690 185.875
691 181.875
692 177.875
693 173.875
694 169.875
695 165.875
696 161.875
697 157.875
688 193.875
681 221.875
682 217.875
683 213.875
684 209.875
685 205.875
686 201.875
687 197.875
8920 521.541
8921 517.541
8922 513.541
680 225.875
8913 549.541
8912 553.541
8915 541.541
675 245.875
676 241.875
677 237.875
678 233.875
679 229.875
8914 545.541
8917 533.541
8918 529.541
8916 537.541
8919 525.541
8911 557.541
8910 561.541
8953 525.541
8954 521.541
8952 529.541
8945 557.541
8944 561.541
8947 549.541
8948 545.541
8946 553.541
8949 541.541
709 102.875
786 98.875
708 106.875
8951 533.541
8950 537.541
710 98.875
761 220.875
762 216.875
763 212.875
764 208.875
765 204.875
766 200.875
767 196.875
768 192.875
769 188.875
770 184.875
771 180.875
772 176.875
773 172.875
774 168.875
760 224.875
753 252.875
754 248.875
755 244.875
756 240.875
757 236.875
758 232.875
759 228.875
8985 529.541
8986 525.541
8987 521.541
8955 517.541
8956 513.541
8923 509.541
8924 505.541
8984 533.541
8977 561.541
8978 557.541
8979 553.541
8980 549.541
8976 565.541
8981 545.541
8982 541.541
8983 537.541
8975 569.541
8974 573.541
785 102.875
787 94.875
789 86.875
874 81.875
875 77.875
953 73.875
788 90.875
873 85.875
951 81.875
790 82.875
9017 529.541
9016 533.541
9009 561.541
9008 565.541
9011 553.541
9010 557.541
9013 545.541
9014 541.541
9012 549.541
9015 537.541
9005 577.541
9006 573.541
9007 569.541
8997 609.541
8966 605.541
8967 601.541
8968 597.541
8936 593.541
8937 589.541
8938 585.541
8905 581.541
8906 577.541
8872 573.541
8873 569.541
8874 565.541
8875 561.541
8876 557.541
8998 605.541
8999 601.541
9041 557.541
9042 553.541
9040 561.541
9043 549.541
9044 545.541
9045 541.541
9046 537.541
9047 533.541
856 186.875
857 182.875
858 178.875
859 174.875
9037 573.541
9038 569.541
9036 577.541
9039 565.541
849 218.875
850 214.875
848 222.875
851 206.875
852 202.875
853 198.875
854 194.875
855 190.875
9029 605.541
9028 609.541
841 250.875
842 246.875
843 242.875
844 238.875
845 234.875
846 230.875
847 226.875
840 254.875
9073 545.541
9074 541.541
9075 537.541
9076 533.541
9077 529.541
9078 525.541
9050 521.541
9020 517.541
8989 513.541
8957 509.541
9072 549.541
835 274.875
836 270.875
837 266.875
838 262.875
839 258.875
9065 577.541
9064 581.541
9067 569.541
9066 573.541
9069 561.541
9068 565.541
9071 553.541
9070 557.541
9059 601.541
9031 597.541
9001 593.541
8970 589.541
9058 605.541
9030 601.541
9000 597.541
8969 593.541
9063 585.541
9035 581.541
9113 609.541
9087 605.541
9117 593.541
9118 589.541
9119 585.541
9093 581.541
876 73.875
877 69.875
955 65.875
9104 537.541
9097 565.541
9098 561.541
9099 557.541
9100 553.541
921 270.875
9096 569.541
920 274.875
923 262.875
924 258.875
922 266.875
9101 549.541
9102 545.541
9103 541.541
927 246.875
926 250.875
9091 589.541
9092 585.541
9095 573.541
9094 577.541
9145 593.541
9144 597.541
9147 585.541
9148 581.541
9121 577.541
9146 589.541
9149 577.541
9150 573.541
9123 569.541
9124 565.541
9125 561.541
9151 569.541
9152 565.541
9141 609.541
9114 605.541
9088 601.541
9089 597.541
9090 593.541
9143 601.541
9128 549.541
952 77.875
9130 541.541
954 69.875
9133 533.541
9107 529.541
9079 525.541
9051 521.541
945 105.875
1017 101.875
1018 97.875
1019 93.875
1020 89.875
1021 85.875
9120 581.541
944 109.875
947 97.875
948 93.875
949 89.875
9122 573.541
946 101.875
9127 553.541
9126 557.541
9177 569.541
9176 573.541
937 201.875
938 197.875
939 193.875
940 189.875
936 205.875
9179 561.541
9180 557.541
9181 553.541
9182 549.541
9183 545.541
9184 541.541
9159 537.541
9132 533.541
9106 529.541
9178 565.541
9153 561.541
9154 557.541
9155 553.541
9156 549.541
9129 545.541
9169 601.541
929 238.875
928 242.875
9171 593.541
931 230.875
9170 597.541
930 234.875
9173 585.541
933 222.875
934 218.875
9172 589.541
932 226.875
9175 577.541
935 209.875
9174 581.541
9201 573.541
9200 577.541
9203 565.541
9204 561.541
9202 569.541
9205 557.541
9206 553.541
9193 605.541
9195 597.541
9197 589.541
9196 593.541
9199 581.541
9198 585.541
1009 222.875
1008 226.875
1011 205.875
1010 209.875
1015 109.875
1016 105.875
1014 113.875
9241 593.541
9220 589.541
1001 273.875
1000 277.875
9243 585.541
9222 581.541
1003 253.875
1004 249.875
1005 245.875
1006 241.875
9242 589.541
9245 577.541
9246 573.541
9247 569.541
9226 565.541
9244 581.541
9223 577.541
1007 230.875
9225 569.541
9224 573.541
9227 561.541
9228 557.541
9229 553.541
9207 549.541
9219 593.541
9221 585.541
1081 205.875
1012 201.875
1080 209.875
1084 113.875
1087 101.875
1088 97.875
1089 93.875
1090 89.875
9249 561.541
9250 557.541
9251 553.541
9230 549.541
9208 545.541
1073 257.875
9248 565.541
1075 249.875
1074 253.875
1077 230.875
1076 245.875
1078 230.875
1097 61.875
1098 57.875
1096 65.875
1099 53.875
1100 49.875
1102 46.257
1095 69.875
1145 248.875
1229 244.875
1146 240.875
1147 236.875
1144 251.875
1143 255.875
1142 259.875
1183 18.581
1106 13.581
1105 9.581
1182 14.581
1169 65.875
1170 61.875
1171 57.875
1172 53.875
1168 69.875
1173 50.011
1101 46.011
10015 43.483
1161 97.875
1160 101.875
1163 89.875
1164 85.875
1092 81.875
1162 93.875
1165 81.875
1166 77.875
1167 73.875
1153 209.875
1152 213.875
1157 113.875
1158 109.875
1086 105.875
1156 117.875
1159 105.875
1241 113.875
1243 105.875
1244 101.875
1245 97.875
1246 93.875
1242 109.875
9421 2090.51
9422 1992.51
9423 1894.51
9424 1796.51
9442 1621.51
9443 1522.51
9461 1387.51
9477 1281.51
9494 1174.51
9512 1042.51
9531 935.505
9551 828.505
6006 639.505
6087 634.505
6163 630.505
6238 626.505
6313 621.505
6314 617.505
6315 613.505
6316 609.505
6317 605.505
6395 598.505
6474 591.505
6555 587.505
6635 582.505
6713 578.505
6714 574.505
6790 570.505
6863 565.505
6935 561.505
7011 557.505
7082 552.505
7151 548.505
7152 544.505
7217 540.505
7284 536.505
7352 531.505
7421 527.505
7487 523.505
9982 519.564
7556 514.549
7557 510.549
7558 506.549
7631 499.549
7704 495.549
7777 491.549
7851 486.549
7852 482.549
7925 478.549
7926 474.549
7927 470.549
7928 466.549
7929 462.549
7930 458.549
7857 454.549
7784 450.549
7711 446.549
7639 442.549
7566 438.549
7567 434.549
7496 430.549
7497 426.549
7498 422.549
7499 418.549
7500 414.549
7434 410.549
7435 406.549
7436 402.549
7368 398.549
7299 394.549
7300 390.549
7301 386.549
7302 382.549
7303 378.549
7304 374.549
7305 370.549
7239 366.549
7173 362.549
9420 2188.51
1247 89.875
1248 85.875
1249 81.875
1235 213.875
1234 217.875
1225 259.875
1226 255.875
1224 263.875
1227 252.875
1228 248.875
1221 310.875
1220 306.875
1305 302.875
1392 298.875
1484 294.875
1485 290.875
1486 286.875
1393 279.875
1306 273.875
1223 266.875
9462 1351
9939 1260.59
9478 1242.68
9942 1153.81
9495 1135.51
1222 314.875
1264 13.581
1269 30.581
1268 26.581
1267 22.581
1257 54.011
1256 54.011
1259 29.581
1260 25.581
1261 21.581
1262 17.581
1179 13.581
1251 73.875
1250 77.875
9493 1229.51
9511 1096.51
9530 990.505
9550 884.505
9572 755.505
5928 658.505
1253 65.875
1252 69.875
1255 57.875
1254 61.875
1304 303.875
1307 270.875
1309 263.875
1308 267.875
1311 256.875
1312 252.875
1310 260.875
9529 1089.51
9528 1188.51
9532 931.505
9525 2076.75
9544 1974.75
9563 1881.75
9586 1779.75
9607 1677.75
9629 1585.75
9630 1488.75
9631 1391.75
9984 1340.15
9609 1260.55
9610 1160.55
9611 1060.55
9612 960.549
9613 860.549
9614 760.549
7873 694.549
7800 690.549
7801 686.549
7874 682.549
7875 678.549
7876 674.549
7877 670.549
7878 666.549
7879 662.549
7880 658.549
7881 654.549
7882 650.549
7883 646.549
7884 642.549
7885 638.549
7886 634.549
7887 630.549
7888 626.549
7889 622.549
7890 618.549
7891 614.549
7892 610.549
7893 606.549
7894 602.549
7895 598.549
7896 594.549
7897 590.549
7898 586.549
7899 582.549
7900 578.549
7901 574.549
7902 570.549
7903 566.549
7904 562.549
7905 558.549
7906 554.549
7907 550.549
7908 546.549
7909 542.549
7910 538.549
7911 534.549
7912 530.549
7913 526.549
7914 522.549
7915 518.549
7916 514.549
7917 510.549
7918 506.549
7919 502.549
7920 498.549
7921 494.549
7922 490.549
7923 486.549
7924 482.549
9524 2171.75
9543 2069.75
9562 1976.75
9585 1875.75
9606 1774.75
9628 1682.75
9527 1287.51
9513 1038.51
1337 65.875
1338 61.875
1336 69.875
1339 58.011
1341 54.581
1432 49.581
1433 45.581
1434 41.581
1435 37.581
1345 33.581
1340 58.011
1343 46.581
1342 50.581
1329 97.875
1328 101.875
9506 2272.75
1330 93.875
9509 1292.51
9510 1194.51
1332 85.875
1335 73.875
1334 77.875
1325 113.875
1326 109.875
1327 105.875
9567 1245.51
9568 1147.51
9569 1049.51
9570 951.505
9571 853.505
9566 1343.51
1317 215.708
1404 210.708
1405 206.708
1406 202.708
1502 195.708
1503 191.708
1597 187.708
1691 182.708
1692 178.708
1693 174.708
1694 170.708
1695 166.708
1696 162.708
1697 158.708
1698 154.708
1699 150.708
1700 146.708
1604 142.813
1605 138.813
1414 121.581
1415 117.581
1416 113.581
1417 109.581
1418 105.581
1419 101.581
1420 97.581
1421 93.581
1422 89.581
1423 85.581
1424 81.581
1425 77.581
1426 73.581
1427 69.581
1428 65.581
1429 61.581
1430 57.581
1431 53.581
1319 207.708
1318 211.708
9547 1183.51
9546 1282.51
9549 984.505
9548 1083.51
9593 752.505
6911 700.505
6912 696.505
6913 692.505
6982 681.505
7051 676.505
7120 672.505
7121 668.505
7122 664.505
7123 660.505
7124 656.505
7189 652.505
7190 648.505
7257 644.505
7325 639.505
7326 635.505
7395 631.505
7396 627.505
7462 623.505
7463 619.505
7464 615.505
7465 611.505
7466 607.505
7467 603.505
7468 599.505
7469 595.505
7470 591.505
7471 587.505
7472 583.505
7473 579.505
7474 575.505
7475 571.505
7476 567.505
7477 563.505
7478 559.505
7479 555.505
7480 551.505
7481 547.505
7482 543.505
7483 539.505
7484 535.505
7485 531.505
7486 527.505
9592 851.505
9595 494.581
9574 385.581
3392 301.581
3297 294.581
3107 279.581
3011 272.581
2908 261.581
2818 253.581
2732 248.581
2562 236.581
2477 231.581
2391 226.581
2302 218.581
2215 211.581
2124 204.581
2032 197.581
1943 192.581
1942 188.581
1941 184.581
1940 180.581
1857 176.581
1766 172.581
1668 167.581
1667 163.581
1573 159.581
1572 155.581
1475 151.581
1384 146.581
1383 142.581
1296 138.581
1295 134.581
1294 130.581
1293 126.581
1292 122.581
1208 118.581
1131 113.581
1130 109.581
1063 105.581
1062 101.581
1061 97.581
1060 93.581
1059 89.581
1058 85.581
1057 81.581
1056 77.581
1055 73.581
1054 69.581
1053 65.581
1052 61.581
1051 57.581
1050 53.581
1049 49.581
1048 45.581
1047 41.581
1046 37.581
1045 33.581
1044 29.581
1043 25.581
1042 21.581
1041 17.581
1040 13.581
1039 9.581
1038 5.581
1352 18.581
1265 14.581
1181 10.581
9594 398.581
5374 324.581
5373 320.581
5372 316.581
5284 312.581
5201 307.581
5121 303.581
5039 299.581
4955 294.581
4954 290.581
4869 286.581
4782 282.581
4693 277.581
4607 273.581
4520 269.581
4431 265.581
4339 260.581
4247 256.581
4154 252.581
4064 247.581
4063 243.581
4062 239.581
4061 235.581
4060 231.581
3970 227.581
3881 223.581
3793 219.581
3705 214.581
3704 210.581
3620 206.581
3619 202.581
3533 198.581
3447 193.581
3362 189.581
3268 185.581
3174 180.581
3080 176.581
2985 172.581
2884 168.581
2795 163.581
2794 159.581
2793 155.581
2792 151.581
2791 147.581
2705 143.581
2704 139.581
2703 135.581
2702 131.581
2619 127.581
2533 122.581
2532 118.581
2531 114.581
2446 110.581
2445 106.581
2359 102.581
2271 97.581
2185 93.581
2095 89.581
2004 85.581
1915 80.581
1832 76.581
1831 72.581
1830 68.581
1829 64.581
1738 60.581
1640 55.581
1639 51.581
1638 47.581
1637 43.581
1636 39.581
1542 35.581
1541 31.581
1444 27.581
1353 22.581
1355 30.581
1357 38.581
1356 34.581
1359 46.581
1358 42.581
1347 25.581
1348 21.581
1346 29.581
9589 1148.51
9590 1049.51
9591 950.505
9588 1247.51
1350 17.581
1401 250.875
1314 246.875
1315 242.875
1231 238.875
1148 234.875
1400 254.875
1403 239.708
1497 235.708
1591 231.708
1778 223.708
1949 215.708
1866 209.708
1780 205.708
1781 201.708
1782 197.708
1783 193.708
1784 189.708
1785 185.708
1786 181.708
1787 177.708
1788 173.708
1789 169.708
1790 165.708
1791 161.708
1792 157.708
1793 153.708
1402 246.875
1395 274.875
1394 277.875
9573 279.585
4102 275.585
4287 267.585
4378 262.585
4468 255.585
4556 251.585
4726 239.585
9909 235.473
1397 267.875
1396 271.875
1399 258.875
1398 262.875
1391 302.875
9617 506.581
9616 407.581
7111 342.581
7042 337.581
6973 333.581
6906 329.581
6838 324.581
6765 320.581
6689 316.581
6611 311.581
6531 307.581
6449 303.581
6371 299.581
6294 294.581
6219 290.581
6143 286.581
6067 281.581
5986 277.581
5913 273.581
5839 269.581
5764 264.581
5688 260.581
5608 256.581
5531 251.581
5445 247.581
5353 243.581
5265 239.581
5182 234.581
5102 230.581
5020 226.581
4936 221.581
4851 217.581
4764 213.581
4675 208.581
4589 204.581
4502 200.581
4413 196.581
4321 191.581
4229 187.581
4136 183.581
4046 178.581
3956 174.581
3867 170.581
3779 166.581
3691 161.581
3607 157.581
3521 153.581
3435 148.581
3350 144.581
3256 140.581
3162 135.581
3068 131.581
2973 127.581
2872 123.581
2784 119.581
2698 115.581
2615 111.581
2529 106.581
2444 102.581
2358 98.581
2270 93.581
2184 89.581
2094 85.581
2003 81.581
1914 76.581
1437 29.581
1436 33.581
1438 25.581
9657 1002.55
9636 899.549
9656 1099.55
9635 996.549
9658 1100.55
9661 609.337
9638 501.337
10125 486.753
9660 546.581
9637 438.581
9615 345.581
6824 286.581
6751 282.581
6675 278.581
6598 274.581
6518 270.581
6436 266.581
6358 262.581
6282 258.581
6207 254.581
6131 250.581
6055 245.581
5974 241.581
5901 237.581
5827 233.581
5752 228.581
5676 224.581
5596 220.581
5519 215.581
5433 211.581
5341 207.581
5253 203.581
5170 198.581
5090 194.581
5008 190.581
4924 185.581
4839 181.581
4752 177.581
4663 172.581
4577 168.581
4490 164.581
4401 160.581
4309 155.581
4217 151.581
4124 147.581
4034 142.581
3944 138.581
3855 134.581
3767 130.581
3679 125.581
3595 121.581
3509 117.581
3423 112.581
3339 108.581
3246 104.581
3155 99.581
3063 95.581
2968 91.581
2867 87.581
2778 82.581
2689 78.581
2602 74.581
2516 69.581
2431 65.581
2345 61.581
2258 57.581
2172 53.581
2082 49.581
1991 45.581
1903 41.581
1820 37.581
1729 33.581
1632 29.581
1538 25.581
1441 21.581
1351 17.581
9655 1197.55
9634 1093.55
9654 1294.55
9633 1190.55
9639 522.581
1449 47.581
1448 43.581
9681 654.581
9680 1107.55
9682 717.337
1445 31.581
1354 26.581
1447 39.581
1446 35.581
1496 236.708
1590 232.708
1684 227.708
1499 207.708
1500 203.708
1594 199.708
1688 194.708
1689 190.708
1690 186.708
1498 211.708
9677 1372.02
10128 1272.61
9679 1105.55
9678 1202.55
1491 270.875
1492 266.875
1490 275.875
1493 264.875
1494 260.875
1495 240.708
9721 1300.55
9700 1196.55
9720 1298.55
1483 298.875
1482 310.875
1579 306.875
1580 302.875
1487 283.875
1529 49.581
1530 45.581
1528 53.581
1531 41.581
1533 33.581
1532 37.581
1534 29.581
9699 1293.55
9701 1198.55
1525 65.581
1526 61.581
1527 57.581
1524 69.581
1513 113.581
1514 109.581
1512 117.581
1515 105.581
1516 101.581
1517 97.581
1518 93.581
1519 89.581
1520 85.581
1521 81.581
1522 77.581
1523 73.581
1511 121.581
9742 1478.55
9741 1379.55
1553 79.581
1456 75.581
1365 70.581
1278 66.581
1194 62.581
1117 57.581
1116 53.581
1552 75.581
1455 71.581
1364 66.581
1363 62.581
1276 58.581
1192 54.581
1115 49.581
1114 45.581
1113 41.581
1112 37.581
1111 33.581
1555 87.581
1458 83.581
1367 78.581
1280 74.581
1279 70.581
1554 83.581
1556 91.581
1545 47.581
1544 43.581
1543 39.581
1546 51.581
1549 63.581
1548 59.581
1451 55.581
1360 50.581
1273 46.581
1189 42.581
1551 71.581
1550 67.581
1453 63.581
1362 58.581
1361 54.581
1274 50.581
1190 46.581
1537 25.581
1536 25.581
1440 21.581
9782 1706.55
9781 1609.55
9761 1483.55
1593 203.708
1687 198.708
1592 207.708
1686 202.708
1585 285.875
1488 281.875
1584 287.875
9762 1583.55
1586 282.875
1489 278.875
1589 236.708
9819 1775.55
9799 1672.55
9779 1571.55
9760 1481.55
9818 1774.55
9821 1781.55
9801 1677.55
9780 1573.55
1581 298.875
1582 294.875
9820 1778.55
9800 1674.55
9823 1407.8
9804 1310.8
9784 1213.8
9763 1101.35
9744 1004.35
9723 907.345
10126 813.611
9702 728.581
1583 290.875
9822 1817.55
9802 1713.55
1625 41.581
1624 45.581
1627 33.581
1626 37.581
1630 29.581
1619 65.581
1618 69.581
1621 57.581
1622 53.581
1623 49.581
1620 61.581
9798 1695.55
9778 1593.55
9759 1503.55
9740 1401.55
1609 105.581
1608 109.581
1611 97.581
1612 93.581
1610 101.581
1613 89.581
1614 85.581
1615 81.581
1616 77.581
1617 73.581
9844 1030.86
9833 1013.79
10024 979.133
9830 939.043
9871 888.702
9829 832.016
9912 795.104
9828 763.785
9927 721.317
9827 682.445
9897 666.724
1607 113.581
1606 117.581
1657 123.581
1656 119.581
1655 115.581
1654 111.581
1560 107.581
1463 103.581
1372 98.581
1285 94.581
1284 90.581
1283 86.581
1199 82.581
1122 77.581
9835 985.715
9879 973.147
9834 1048.41
9843 1014.53
1658 127.581
9836 868.821
9904 828.432
1649 91.581
1648 87.581
9826 429.468
6240 417.549
6241 413.549
6242 409.549
6168 405.549
6091 401.549
6011 397.549
6012 393.549
6013 389.549
5934 385.549
5860 381.549
5861 377.549
5862 373.549
5788 369.549
5713 365.549
5634 361.549
5558 357.549
5473 353.549
5383 349.549
5292 345.549
5206 338.549
5127 334.549
5128 330.549
5129 326.549
5048 322.549
4965 318.549
4881 314.549
4882 310.549
4883 306.549
4884 302.549
4799 298.549
4800 294.549
4801 290.549
4802 286.549
4803 282.549
4804 278.549
4805 274.549
4806 270.549
4807 266.549
4808 262.549
4809 258.549
4810 254.549
4811 250.549
4812 246.549
4813 242.549
1651 99.581
1557 95.581
1460 91.581
1369 86.581
1282 82.581
1198 78.581
1121 73.581
1650 95.581
1653 107.581
1652 103.581
9831 1032.69
10007 981.553
1643 67.581
1642 63.581
1641 59.581
9885 215.147
1645 75.581
1644 71.581
1647 83.581
1646 79.581
1633 30.581
1539 26.581
1442 22.581
1635 35.581
1634 31.581
1540 27.581
1443 23.581
9866 256.521
604 246.875
1683 228.708
1777 224.708
1865 220.708
1685 206.708
9913 226.844
1673 306.875
9915 274.73
4194 271.585
1675 298.875
9914 406.003
9825 397.1
5627 389.549
5628 385.549
5629 381.549
5553 377.549
5468 373.549
5378 369.549
5379 365.549
5380 361.549
5381 357.549
5382 353.549
1674 302.875
9917 552.429
7084 547.505
7153 543.505
7218 539.505
7285 535.505
1677 291.875
9916 773.241
1676 294.875
9919 741.968
9918 225.869
1678 289.875
9905 273.814
9906 206.624
9908 133.193
3249 130.581
3248 126.581
3340 119.581
9911 620.324
9910 335.023
5046 330.549
5047 326.549
1721 49.581
9896 121.721
3424 116.581
1720 53.581
9899 310.964
2823 307.148
2824 303.148
2917 299.148
3019 295.148
3020 291.148
3021 287.148
3022 283.148
3023 279.148
3024 275.148
10073 271.832
3025 269.708
2923 265.708
2739 255.708
2740 251.708
2741 247.708
2653 243.708
2654 239.708
2567 235.708
2483 231.708
2397 227.708
2398 223.708
2399 219.708
2312 212.708
2135 204.708
2044 197.708
1955 193.708
1871 189.708
1872 185.708
1723 41.581
1724 37.581
1722 45.581
9900 566.318
6794 563.505
7014 551.505
9903 176.941
1727 33.581
9902 744.805
1713 81.581
1712 85.581
1715 73.581
1714 77.581
9893 313.374
1717 65.581
1716 69.581
9895 341.061
4170 333.708
3992 325.708
3993 321.708
3905 317.708
3819 313.708
3732 309.708
3650 305.708
3651 301.708
3567 297.708
3486 293.708
3400 289.708
3305 285.708
3210 281.708
3211 277.708
3117 273.708
1719 57.581
9894 435.17
1718 61.581
9945 359.514
1705 113.581
9944 188.241
1672 183.581
1671 179.581
1670 175.581
1669 171.581
1704 117.581
1707 105.581
9946 135.047
918 133.048
996 129.048
995 125.048
994 121.048
993 117.048
992 113.048
991 109.048
990 105.048
989 101.048
988 97.048
987 93.048
986 89.048
985 85.048
984 81.048
983 77.048
982 73.048
981 69.048
980 65.048
979 61.048
978 57.048
977 53.048
976 49.048
975 45.048
974 41.048
973 37.048
972 33.048
971 29.048
970 25.048
969 21.048
968 17.048
967 13.048
966 9.048
965 5.048
1706 109.581
9949 316.021
6428 307.549
6350 303.549
6273 299.549
6198 295.549
6120 291.549
6040 287.549
5960 283.549
5886 279.549
5812 275.549
5737 271.549
5658 267.549
5582 263.549
5497 259.549
5407 255.549
5316 251.549
5229 247.549
5069 239.549
4986 235.549
4902 231.549
4817 227.549
9948 484.034
1708 101.581
9951 536.736
1711 89.581
1710 93.581
9936 1213.28
9938 1158.21
9943 772.216
1702 138.685
10030 130.719
1753 120.581
9928 192.405
4104 191.581
1752 116.581
1754 124.581
9933 1166.59
1757 136.581
1659 131.581
1758 140.581
1660 135.581
1566 131.581
1469 127.581
1378 122.581
1291 118.581
1207 114.581
1745 88.581
9920 171.574
1744 84.581
9923 132.443
2972 127.58
10101 122.693
2783 119.581
1747 96.581
1746 92.581
1749 104.581
9924 121.035
1748 100.581
1751 112.581
9926 239.246
1750 108.581
1737 56.581
9976 679.125
6005 643.505
6086 638.505
6162 634.505
9979 88.492
2694 83.581
2607 79.581
2521 74.581
2436 70.581
2350 66.581
2262 61.581
2176 57.581
2086 53.581
1995 49.581
1906 44.581
1823 40.581
1732 36.581
1739 64.581
9981 2057.99
1741 72.581
1740 68.581
1743 80.581
1742 76.581
9968 564.4
9270 558.354
10129 557.073
9252 553.541
9231 549.541
9971 402.513
7871 398.549
7798 394.549
1731 35.581
1730 34.581
9973 495.492
9972 334.918
6893 332.078
10082 328.818
6747 323.549
6668 319.549
6589 315.549
6507 311.549
6425 307.549
6347 303.549
6270 299.549
6196 295.549
6119 291.549
6039 287.549
5959 283.549
9975 108.389
3324 105.581
3232 101.581
3142 97.581
3050 93.581
2955 89.581
2854 85.581
2766 81.581
2677 77.581
2591 73.581
2506 69.581
2421 65.581
2336 61.581
2249 57.581
1735 48.581
9974 444.996
1734 44.581
9960 239.835
5070 235.581
4987 231.581
4903 227.581
4818 223.581
4730 219.581
9967 453.457
9966 133.396
3845 129.581
3757 125.581
3586 117.581
3501 113.581
3416 109.581
3332 105.581
3239 101.581
3149 97.581
3057 93.581
2962 89.581
2861 85.581
2773 81.581
2684 77.581
2597 73.581
2512 69.581
2428 65.581
2342 61.581
2255 57.581
2170 53.581
2081 49.581
1990 45.581
1902 41.581
1819 37.581
9952 537.567
9954 414.728
9956 219.263
5669 214.581
5510 206.581
5424 202.581
5332 198.581
5244 194.581
5161 189.581
5081 185.581
4999 181.581
4916 177.581
4831 173.581
4744 169.581
4656 165.581
4570 161.581
4483 157.581
4394 153.581
4303 149.581
4211 145.581
4118 141.581
4029 137.581
3939 133.581
3850 129.581
3762 125.581
3675 121.581
3591 117.581
3505 113.581
3420 109.581
3336 105.581
3243 101.581
3153 97.581
3061 93.581
2966 89.581
2865 85.581
2777 81.581
2688 77.581
2601 73.581
9959 493.502
10009 1251.88
1769 184.581
10008 473.407
7853 470.549
7780 466.549
7781 462.549
7708 458.549
7709 454.549
7710 450.549
7638 446.549
7565 442.549
1771 302.875
1772 298.875
1770 188.581
1481 174.581
1219 160.581
1141 152.581
1140 148.581
1072 141.581
1071 137.581
1070 133.581
1069 129.581
1068 125.581
1067 121.581
1066 117.581
1065 113.581
1064 109.581
1773 295.875
1775 290.875
1679 286.875
1774 293.875
10005 113.998
1817 37.581
1726 33.581
1629 29.581
1816 37.581
1818 37.581
1821 38.581
1809 61.581
1810 57.581
1808 65.581
1811 53.581
1813 45.581
1812 49.581
1814 41.581
10041 333.11
2392 323.875
2305 319.875
2218 315.875
2127 311.875
2035 307.875
1946 303.875
1862 299.875
1801 93.581
10040 688.791
6007 636.857
6164 626.857
6239 622.857
1800 97.581
10043 277.385
1803 85.581
10042 320.113
3393 317.708
3394 313.708
3300 309.708
3204 305.708
3110 301.708
3111 297.708
3112 293.708
3113 289.708
3114 285.708
3115 281.708
3116 277.708
1802 89.581
10045 1364.22
1805 77.581
10044 122.271
1804 81.581
10047 473.458
1807 69.581
10046 887.811
1806 73.581
10033 360.381
10032 1273.45
10035 424.586
7090 423.549
7019 418.549
6943 414.549
6944 410.549
6873 406.549
6874 402.549
6803 398.549
6728 394.549
6650 390.549
6651 386.549
6652 382.549
6653 378.549
6574 374.549
6575 370.549
6576 366.549
6577 362.549
6578 358.549
6579 354.549
6580 350.549
6581 346.549
6499 342.549
6417 338.549
6418 334.549
6340 330.549
6341 326.549
6342 322.549
6265 318.549
6191 314.549
6192 310.549
6115 306.549
6035 302.549
10034 424.519
10037 216.285
1797 109.581
1798 105.581
1799 101.581
10036 266.364
10039 2016.35
10038 252.425
10027 305.938
1861 302.875
10026 420.103
1850 148.581
1849 144.581
10029 125.45
10028 1094.95
10031 204.93
2043 201.708
1841 112.581
1840 108.581
1839 104.581
1843 120.581
1842 116.581
1845 128.581
1844 124.581
1846 132.581
1755 128.581
1833 80.581
10072 262.488
3124 255.708
3031 251.708
2928 247.708
2831 243.708
2743 239.708
2655 235.708
2568 231.708
2484 227.708
10075 203.929
1953 201.708
1869 197.708
1870 193.708
1835 88.581
10074 244.176
1233 239.875
1150 235.875
1834 84.581
1837 96.581
1836 92.581
1838 100.581
10065 218.49
10064 177.323
3749 175.581
10067 325.612
4358 319.708
4359 315.708
4269 311.708
4177 307.708
4088 303.708
3999 299.708
3911 295.708
3823 291.708
3737 287.708
3655 283.708
3570 279.708
3490 275.708
3405 271.708
3310 267.708
3311 263.708
3216 259.708
3122 255.708
3030 251.708
10066 218.205
10069 326.367
3478 323.707
10068 295.922
3828 293.708
3741 289.708
3658 284.708
3572 280.708
3491 276.708
10071 333.802
5873 330.549
5799 326.549
5724 322.549
5725 318.549
5646 314.549
5570 310.549
5485 306.549
5395 302.549
5304 298.549
5217 294.549
5138 290.549
5057 286.549
5058 282.549
5059 278.549
5060 274.549
5061 270.549
4978 266.549
4979 262.549
4895 258.549
10070 450.056
7286 446.549
7220 442.549
7155 438.549
7086 434.549
7016 430.549
6940 426.549
6869 422.549
6798 418.549
6723 414.549
6645 410.549
6566 406.549
6484 402.549
6485 398.549
6403 394.549
6325 390.549
6326 386.549
6249 382.549
6250 378.549
6251 374.549
6177 370.549
6178 366.549
6179 362.549
6102 358.549
6022 354.549
5943 350.549
5869 346.549
5870 342.549
5796 338.549
5721 334.549
5642 330.549
5566 326.549
5481 322.549
5391 318.549
5300 314.549
5301 310.549
5214 306.549
5135 302.549
5054 298.549
4971 294.549
4972 290.549
4973 286.549
4889 282.549
4890 278.549
10057 303.079
3580 299.61
3747 291.585
3836 287.585
3926 283.585
4014 279.585
1881 105.581
1882 101.581
1883 97.581
1884 93.581
1885 89.581
1886 85.581
1887 81.581
10056 302.344
1863 297.875
1880 109.581
10059 123.266
10061 309.62
4095 305.708
4005 300.708
3916 296.708
3827 292.708
3740 288.708
3657 283.708
3571 279.708
10060 252.897
2563 249.708
2394 239.708
2395 235.708
2307 231.708
2220 227.708
2130 223.708
2038 219.708
10063 584.287
6712 582.505
10062 592.759
6475 587.505
6556 583.505
6636 578.505
10049 113.97
1873 181.708
10048 254.462
10051 679.712
10050 144.725
2487 139.581
2403 135.581
2318 131.581
2231 127.581
2146 123.581
2057 119.581
1967 115.581
10053 455.238
7354 452.549
10055 685.341
10054 88.245
1864 224.708
1948 219.708
1860 188.581
1859 184.581
1858 180.581
1913 72.581
1912 68.581
1917 88.581
1916 84.581
1919 96.581
1918 92.581
1905 43.581
1822 39.581
1904 42.581
1911 64.581
1828 60.581
1827 56.581
1826 52.581
1896 45.581
1899 41.581
1898 41.581
1901 41.581
1900 41.581
1889 73.581
1890 69.581
1891 65.581
1892 61.581
1888 77.581
1893 57.581
1895 49.581
1894 53.581
1945 307.875
1944 308.812
1947 301.875
1951 209.708
1952 205.708
1868 201.708
1950 213.708
1939 176.581
1856 172.581
1765 168.581
1929 136.581
1928 132.581
1927 128.581
1926 124.581
1930 140.581
1921 104.581
1920 100.581
1923 112.581
1922 108.581
1925 120.581
1924 116.581
1977 77.581
1978 73.581
1979 69.581
1976 81.581
1981 61.581
1980 65.581
1983 53.581
1984 49.581
1982 57.581
1969 109.581
1970 105.581
1971 101.581
1972 97.581
1968 113.581
1973 93.581
1975 85.581
1974 89.581
1965 123.581
1966 119.581
1954 197.708
2009 105.581
2008 101.581
2011 113.581
2010 109.581
2013 121.581
2012 117.581
2015 129.581
2014 125.581
2001 73.581
2000 69.581
2002 77.581
2005 89.581
2007 97.581
2006 93.581
1992 46.581
1994 48.581
1997 57.581
1908 52.581
1825 48.581
1824 44.581
1999 65.581
1910 60.581
1909 56.581
1998 61.581
1987 45.581
1986 45.581
1989 45.581
1988 45.581
2041 209.708
2040 213.708
2042 205.708
2033 312.812
2034 311.875
2037 223.708
2036 305.875
2039 217.708
2024 165.581
1935 160.581
1934 156.581
1933 152.581
2027 177.581
1938 172.581
1855 168.581
1764 164.581
1666 159.581
2017 137.581
2016 133.581
2019 145.581
2018 141.581
2021 153.581
1932 148.581
2020 149.581
1931 144.581
1848 140.581
2023 161.581
2022 157.581
2073 57.581
2074 53.581
2072 61.581
2077 49.581
2076 49.581
2079 49.581
2078 49.581
2065 89.581
2066 85.581
2064 93.581
2067 81.581
2068 77.581
2069 73.581
2071 65.581
2070 69.581
2056 123.581
2059 113.581
2060 109.581
2061 105.581
2062 101.581
2063 97.581
2055 127.581
2105 129.581
2104 125.581
2107 137.581
2106 133.581
2109 145.581
2108 141.581
2110 149.581
2097 97.581
2096 93.581
2099 105.581
2098 101.581
2101 113.581
2100 109.581
2103 121.581
2102 117.581
2088 61.581
2087 57.581
2091 73.581
2090 69.581
2089 65.581
2093 81.581
2092 77.581
2080 49.581
2083 50.581
2085 52.581
2084 51.581
1993 47.581
2143 135.581
2144 131.581
2145 127.581
2129 227.708
2128 309.875
2131 221.708
2132 217.708
2133 213.708
2134 209.708
2125 316.812
2126 315.875
2113 161.581
2112 157.581
2111 153.581
2169 53.581
2168 53.581
2171 53.581
2173 54.581
2175 56.581
2174 55.581
2161 65.581
2160 69.581
2162 61.581
2165 53.581
2167 53.581
2166 53.581
2153 97.581
2152 101.581
2155 89.581
2154 93.581
2159 73.581
2158 77.581
2147 121.581
2148 117.581
2149 113.581
2151 105.581
2150 109.581
2201 157.581
2200 153.581
2193 125.581
2192 121.581
2191 117.581
2195 133.581
2194 129.581
2197 141.581
2196 137.581
2199 149.581
2198 145.581
2187 101.581
2186 97.581
2189 109.581
2188 105.581
2190 113.581
2181 77.581
2183 85.581
2182 81.581
2233 121.581
2232 125.581
2235 113.581
2236 109.581
2234 117.581
2237 105.581
2238 101.581
2239 97.581
2240 93.581
2225 208.708
2224 212.708
2229 135.581
2228 139.581
2230 131.581
2217 319.875
2216 320.812
2219 231.708
2221 224.708
2222 220.708
2223 216.708
2267 81.581
2266 77.581
2265 73.581
2179 69.581
2269 89.581
2268 85.581
2257 57.581
2256 57.581
2259 58.581
2261 60.581
2260 59.581
2251 57.581
2250 57.581
2253 57.581
2252 57.581
2254 57.581
2243 81.581
2244 77.581
2245 73.581
2281 137.581
2280 133.581
2283 145.581
2282 141.581
2285 153.581
2284 149.581
2286 157.581
2273 105.581
2272 101.581
2275 113.581
2274 109.581
2277 121.581
2276 117.581
2279 129.581
2278 125.581
2331 81.581
2330 85.581
2335 65.581
2334 69.581
2321 121.581
2322 117.581
2320 125.581
2323 113.581
2325 105.581
2324 109.581
2315 143.581
2317 135.581
2316 139.581
2319 129.581
2304 323.875
2306 235.708
2309 224.708
2310 220.708
2311 216.708
2308 228.708
2361 110.581
2360 106.581
2363 118.581
2362 114.581
2365 126.581
2364 122.581
2367 134.581
2366 130.581
2353 78.581
2352 74.581
2264 69.581
2178 65.581
2355 86.581
2354 82.581
2357 94.581
2356 90.581
2344 61.581
2347 63.581
2346 62.581
2348 64.581
2337 61.581
2339 61.581
2338 61.581
2341 61.581
2340 61.581
2343 61.581
2393 341.813
2479 334.813
2478 330.813
2396 231.708
2387 214.581
2299 209.581
2298 205.581
2297 201.581
2296 197.581
2295 193.581
2294 189.581
2208 185.581
2118 181.581
2369 142.581
2368 138.581
2371 150.581
2370 146.581
2373 158.581
2372 154.581
2375 166.581
2287 161.581
2374 162.581
2425 65.581
2424 65.581
2427 65.581
2426 65.581
2429 65.581
2430 65.581
2419 73.581
2420 69.581
2423 65.581
2422 65.581
2409 113.581
2410 109.581
2408 117.581
2401 143.581
2402 139.581
2405 129.581
2406 125.581
2407 121.581
2404 133.581
2457 154.581
2456 150.581
2455 146.581
2459 162.581
2458 158.581
2460 166.581
2449 122.581
2448 118.581
2451 130.581
2450 126.581
2453 138.581
2452 134.581
2454 142.581
2441 90.581
2440 86.581
2443 98.581
2442 94.581
2447 114.581
2433 67.581
2432 66.581
2489 133.581
2490 129.581
2491 125.581
2488 137.581
2493 117.581
2494 113.581
2492 121.581
2495 109.581
2496 105.581
2497 101.581
2413 97.581
2414 93.581
2481 239.708
2480 243.708
2482 235.708
2485 227.708
2486 143.581
2520 73.581
2435 69.581
2349 65.581
2523 82.581
2522 78.581
2437 74.581
2351 70.581
2263 65.581
2525 90.581
2526 94.581
2513 69.581
2515 69.581
2514 69.581
2517 70.581
2519 72.581
2434 68.581
2518 71.581
2505 69.581
2504 73.581
2507 69.581
2509 69.581
2508 69.581
2511 69.581
2510 69.581
2498 97.581
2503 77.581
2502 81.581
2418 77.581
2544 166.581
2537 138.581
2536 134.581
2539 146.581
2538 142.581
2541 154.581
2540 150.581
2543 162.581
2542 158.581
2528 102.581
2530 110.581
2535 130.581
2534 126.581
2585 93.581
2500 89.581
2587 85.581
2586 89.581
2501 85.581
2589 77.581
2588 81.581
2590 73.581
2583 101.581
2569 231.708
2570 232.708
2573 141.581
2574 137.581
2572 143.581
2575 133.581
2565 243.708
2564 247.708
2566 239.708
2617 119.581
2616 115.581
2618 123.581
2621 135.581
2620 131.581
2623 143.581
2622 139.581
2609 87.581
2612 99.581
2614 107.581
2600 73.581
2603 75.581
2605 77.581
2604 76.581
2606 78.581
2593 73.581
2592 73.581
2595 73.581
2594 73.581
2596 73.581
2599 73.581
2598 73.581
2649 322.148
2650 318.148
2737 311.148
2651 251.708
2652 247.708
2625 151.581
2624 147.581
2627 159.581
2626 155.581
2629 167.581
2628 163.581
2630 171.581
2681 77.581
2680 77.581
2683 77.581
2682 77.581
2685 77.581
2687 77.581
2686 77.581
2673 89.581
2672 93.581
2675 81.581
2674 85.581
2676 77.581
2679 77.581
2678 77.581
2671 97.581
2657 235.708
2656 235.708
2659 145.581
2661 137.581
2662 133.581
2576 129.581
2660 141.581
2713 175.581
2712 171.581
2707 151.581
2706 147.581
2709 159.581
2708 155.581
2711 167.581
2710 163.581
2699 119.581
2701 127.581
2700 123.581
2691 80.581
2690 79.581
2693 82.581
2692 81.581
2745 239.708
2747 149.581
2746 239.708
2749 141.581
2750 137.581
2748 145.581
2751 133.581
2736 315.148
2742 243.708
2733 327.148
2734 323.148
2735 319.148
2776 81.581
2779 83.581
2781 85.581
2780 84.581
2782 86.581
2769 81.581
2768 81.581
2771 81.581
2770 81.581
2772 81.581
2775 81.581
2774 81.581
2761 93.581
2763 85.581
2762 89.581
2765 81.581
2764 81.581
2767 81.581
2797 171.581
2796 167.581
2799 179.581
2798 175.581
2785 123.581
2787 131.581
2786 127.581
2789 139.581
2788 135.581
2790 143.581
2845 113.581
2835 153.581
2837 145.581
2838 141.581
2836 149.581
2839 137.581
2827 259.708
2829 251.708
2828 255.708
2830 247.708
2822 311.148
2915 307.148
3017 303.148
3018 299.148
2873 124.581
2875 132.581
2874 128.581
2877 140.581
2876 136.581
2879 148.581
2878 144.581
2864 85.581
2866 86.581
2869 89.581
2868 88.581
2871 91.483
2870 90.581
2857 85.581
2856 85.581
2859 85.581
2858 85.581
2860 85.581
2863 85.581
2862 85.581
2850 93.581
2855 85.581
2909 330.148
2910 326.148
2911 322.148
3014 315.148
3015 311.148
3016 307.148
2888 184.581
2881 156.581
2880 152.581
2883 164.581
2882 160.581
2885 172.581
2887 180.581
2886 176.581
2930 247.708
2832 243.708
2744 239.708
2933 162.581
2834 155.581
2932 166.581
2935 157.581
2921 278.165
2922 274.165
2925 259.708
2926 255.708
2927 251.708
2924 263.708
2913 315.148
2912 319.148
2914 311.148
2969 92.581
2971 94.581
2970 93.581
2975 132.581
2974 128.581
2961 89.581
2960 89.581
2963 89.581
2965 89.581
2964 89.581
2967 90.581
2952 89.581
2852 85.581
2957 89.581
2956 89.581
2959 89.581
2958 89.581
2946 113.581
2846 109.581
2984 168.581
2987 180.581
2986 176.581
2989 188.581
2988 184.581
2977 140.581
2976 136.581
2979 148.581
2978 144.581
2981 156.581
2980 152.581
2983 164.581
2982 160.581
3033 251.708
3032 251.708
2929 247.708
3035 170.581
3034 174.581
2931 170.581
3036 166.581
3039 157.581
3040 153.581
3041 149.581
2938 145.581
3027 263.708
3028 259.708
3026 267.708
3013 333.148
3012 337.148
3065 97.581
3064 96.581
3067 131.58
3066 131.58
3069 132.581
3071 140.581
3070 136.581
3056 93.581
3059 93.581
3058 93.581
3060 93.581
3062 94.581
3049 93.581
2954 89.581
3051 93.581
3053 93.581
3052 93.581
3055 93.581
3054 93.581
3081 180.581
3083 188.581
3082 184.581
3084 192.581
3073 148.581
3072 144.581
3075 156.581
3074 152.581
3077 164.581
3076 160.581
3079 172.581
3078 168.581
3121 259.708
3120 263.708
3127 167.581
3037 163.581
2934 159.581
3119 267.708
3118 271.708
3109 305.708
3108 309.708
3161 135.58
3160 135.58
3163 136.581
3165 144.581
3164 140.581
3167 152.581
3166 148.581
3152 97.581
3154 98.581
3156 100.581
3159 135.58
3158 138.58
3145 97.581
3144 97.581
3147 97.581
3146 97.581
3148 97.581
3151 97.581
3150 97.581
3141 97.581
3140 97.581
3143 97.581
3177 192.581
3176 188.581
3175 184.581
3178 196.581
3169 160.581
3168 156.581
3171 168.581
3170 164.581
3173 176.581
3172 172.581
3231 101.581
3219 171.581
3218 174.581
3126 170.581
3220 169.581
3128 165.581
3038 161.581
3209 285.708
3208 289.708
3213 271.708
3214 267.708
3212 275.708
3203 309.708
3205 301.708
3207 293.708
3206 297.708
3257 141.581
3259 149.581
3258 145.581
3261 157.581
3260 153.581
3263 165.581
3262 161.581
3251 138.581
3250 134.581
3253 139.58
3252 139.58
3255 139.581
3254 139.58
3241 101.581
3240 101.581
3245 103.581
3244 102.581
3233 101.581
3238 101.581
3272 201.581
3275 213.581
3181 208.581
3180 204.581
3086 200.581
2991 196.581
2890 192.581
2801 187.581
2715 183.581
2632 179.581
2546 174.581
2461 170.581
3265 173.581
3264 169.581
3267 181.581
3266 177.581
3269 189.581
3271 197.581
3270 193.581
3325 105.581
3304 289.708
3307 279.708
3308 275.708
3309 271.708
3306 281.708
3299 313.708
3298 317.708
3303 293.708
3353 153.581
3352 149.581
3351 145.581
3355 161.581
3354 157.581
3357 169.581
3356 165.581
3359 177.581
3358 173.581
3345 139.581
3344 135.581
3343 131.581
3342 127.581
3341 123.581
3346 143.58
3349 143.581
3348 143.58
3337 106.581
3338 107.581
3333 105.581
3335 105.581
3334 105.581
3361 185.581
3360 181.581
3363 193.581
3365 201.581
3364 197.581
3417 109.581
3419 109.581
3418 109.581
3421 110.581
3422 111.581
3408 161.581
3415 109.581
3331 105.581
3401 285.708
3402 283.708
3404 275.708
3399 293.708
3449 201.581
3448 197.581
3450 205.581
3453 217.581
3368 213.581
3274 209.581
3441 169.581
3440 165.581
3439 161.581
3438 157.581
3437 153.581
3443 177.581
3442 173.581
3445 185.581
3444 181.581
3446 189.581
3433 147.58
3432 147.58
3434 147.581
3436 149.581
3425 120.581
3427 128.581
3426 124.581
3429 136.581
3428 132.581
3431 144.581
3430 140.581
3481 313.708
3482 309.708
3483 305.708
3397 301.708
3302 297.708
3485 297.708
3487 287.708
3488 283.708
3489 279.708
3477 327.707
3513 133.581
3512 129.581
3515 141.581
3514 137.581
3517 149.581
3516 145.581
3519 151.581
3518 151.58
3504 113.581
3507 115.581
3506 114.581
3508 116.581
3510 121.581
3503 113.581
3502 113.581
3492 280.708
3529 182.581
3528 178.581
3531 190.581
3530 186.581
3532 194.581
3535 206.581
3534 202.581
3520 152.581
3523 158.581
3522 154.581
3525 166.581
3524 162.581
3527 174.581
3526 170.581
3579 303.61
3581 303.61
3561 306.581
3475 301.581
3390 296.581
3296 291.581
3202 286.581
3564 309.708
3609 162.581
3608 158.581
3611 170.581
3610 166.581
3613 178.581
3612 174.581
3615 186.581
3614 182.581
3601 145.581
3600 141.581
3603 153.581
3602 149.581
3605 155.581
3604 155.58
3606 156.581
3593 119.581
3592 118.581
3594 120.581
3597 129.581
3511 125.581
3596 125.581
3599 137.581
3598 133.581
3589 117.581
3588 117.581
3590 117.581
3624 222.581
3538 218.581
3452 213.581
3451 209.581
3366 205.581
3617 194.581
3616 190.581
3618 198.581
3673 121.581
3672 121.581
3674 121.581
3677 123.581
3676 122.581
3678 124.581
3671 121.581
3707 222.581
3706 218.581
3697 182.581
3696 178.581
3695 174.581
3699 190.581
3698 186.581
3701 198.581
3700 194.581
3703 206.581
3702 202.581
3689 159.581
3688 159.58
3690 160.581
3693 166.581
3692 162.581
3694 170.581
3681 133.581
3680 129.581
3683 141.581
3682 137.581
3685 149.581
3684 145.581
3687 157.581
3686 153.581
3742 293.708
3659 288.708
3730 317.708
3648 313.708
3649 309.708
3733 305.708
3734 305.708
3652 301.708
3769 138.581
3768 134.581
3771 146.581
3770 142.581
3773 154.581
3772 150.581
3775 162.581
3774 158.581
3761 125.581
3760 125.581
3763 126.581
3765 128.581
3764 127.581
3766 129.581
3753 173.581
3667 169.581
3584 165.581
3499 161.581
3411 157.581
3320 153.581
3226 149.581
3134 145.581
3752 173.581
3666 169.581
3498 161.581
3410 157.581
3759 125.581
3746 295.585
3748 291.585
3751 173.581
3792 215.581
3795 227.581
3796 231.581
3708 226.581
3785 187.581
3784 183.581
3787 195.581
3786 191.581
3789 203.581
3788 199.581
3791 211.581
3790 207.581
3777 164.581
3776 163.581
3778 165.581
3781 171.581
3780 167.581
3783 179.581
3782 175.581
3833 313.708
3832 309.708
3745 305.708
3662 300.708
3576 296.708
3575 292.708
3494 288.708
3493 284.708
3835 287.585
3925 283.585
3834 317.708
3837 287.585
3838 179.581
3825 291.708
3738 287.708
3656 283.708
3826 291.708
3739 287.708
3829 298.028
3821 299.708
3735 295.708
3736 291.708
3654 287.708
3865 168.581
3864 167.581
3866 169.581
3869 175.581
3868 171.581
3871 183.581
3870 179.581
3857 142.581
3856 138.581
3859 150.581
3858 146.581
3861 158.581
3860 154.581
3863 166.581
3862 162.581
3849 129.581
3848 129.581
3851 130.581
3853 132.581
3852 131.581
3854 133.581
3841 177.581
3840 177.581
3846 129.581
3889 255.581
3888 251.581
3800 247.581
3712 242.581
3628 238.581
3542 234.581
3456 229.581
3371 225.581
3277 221.581
3183 216.581
3089 212.581
2994 208.581
2993 204.581
2992 200.581
3880 219.581
3879 215.581
3883 231.581
3882 227.581
3885 239.581
3797 235.581
3709 230.581
3884 235.581
3887 247.581
3886 243.581
3798 239.581
3710 234.581
3873 191.581
3872 187.581
3875 199.581
3874 195.581
3877 207.581
3876 203.581
3878 211.581
3929 181.581
3930 181.581
3932 136.968
3921 313.708
3923 321.708
3922 317.708
3924 284.585
4013 280.585
3915 295.708
3914 295.708
3904 321.708
3907 313.708
3909 303.708
3910 299.708
3961 191.581
3960 187.581
3959 183.581
3958 179.581
3957 175.581
3963 199.581
3962 195.581
3965 207.581
3964 203.581
3967 215.581
3966 211.581
3953 171.581
3952 170.581
3951 166.581
3950 162.581
3955 173.581
3954 172.581
3945 142.581
3947 150.581
3946 146.581
3949 158.581
3948 154.581
3943 137.581
3977 255.581
3976 251.581
3975 247.581
3974 243.581
3973 239.581
3972 235.581
3979 263.581
3890 259.581
3802 255.581
3714 250.581
3630 246.581
3544 242.581
3458 237.581
3457 233.581
3978 259.581
3969 223.581
3968 219.581
3971 231.581
4024 137.581
3934 133.581
4031 139.581
3941 135.581
4017 185.581
4019 185.581
3931 181.581
3842 177.581
4018 185.581
4023 137.581
3933 133.581
4011 321.708
4010 317.708
4009 313.708
3920 309.708
3831 305.708
3744 301.708
3661 296.708
3660 292.708
4001 299.708
3912 295.708
3824 291.708
4000 299.708
4003 299.708
4004 299.708
4006 304.708
4057 219.581
4056 215.581
4059 227.581
4058 223.581
4049 187.581
4048 183.581
4047 179.581
4051 195.581
4050 191.581
4053 203.581
4052 199.581
4055 211.581
4054 207.581
4041 170.581
4040 166.581
4043 175.581
4042 174.581
4045 177.581
4044 176.581
4033 141.581
4032 140.581
3942 136.581
4037 154.581
4039 162.581
4038 158.581
4091 303.708
4002 299.708
4065 251.581
4067 259.581
4066 255.581
4069 267.581
4068 263.581
4071 275.581
4070 271.581
3980 267.581
3891 263.581
4121 144.581
4123 146.581
4122 145.581
4112 141.581
4106 189.581
4108 189.581
4111 141.581
4022 137.581
4097 299.585
4188 295.585
4189 291.585
4282 287.585
4373 282.585
4374 278.585
4375 274.585
4376 270.585
4377 266.585
4096 309.708
4101 279.585
4153 248.581
4152 244.581
4155 256.581
4157 264.581
4156 260.581
4159 272.581
4158 268.581
4145 216.581
4144 212.581
4149 232.581
4148 228.581
4151 240.581
4150 236.581
4137 184.581
4139 192.581
4138 188.581
4141 200.581
4140 196.581
4143 208.581
4142 204.581
4131 175.581
4130 171.581
4133 180.581
4132 179.581
4135 182.581
4134 181.581
4185 307.585
4186 303.585
4279 299.585
4370 294.585
4371 290.585
4372 286.585
4184 308.708
4094 304.708
4187 299.585
4280 295.585
4190 287.585
4283 283.585
4180 307.708
4183 307.708
4093 303.708
4173 323.708
4084 319.708
4085 315.708
4086 311.708
4087 307.708
4172 325.708
4083 321.708
3994 317.708
3906 313.708
3820 309.708
4175 315.708
4161 280.581
4160 276.581
4162 284.581
4072 279.581
3982 275.581
3893 271.581
3805 267.581
3717 262.581
3716 258.581
3632 254.581
3631 250.581
3545 246.581
3459 241.581
4216 150.581
4215 149.581
4214 148.581
4203 145.581
4195 195.581
4198 193.581
4107 189.581
4249 264.581
4248 260.581
4251 272.581
4250 268.581
4253 280.581
4252 276.581
4255 288.581
4254 284.581
4241 232.581
4243 240.581
4242 236.581
4245 248.581
4244 244.581
4246 252.581
4233 200.581
4232 196.581
4231 192.581
4230 188.581
4235 208.581
4234 204.581
4237 216.581
4236 212.581
4224 179.581
4227 185.581
4226 184.581
4228 186.581
4281 291.585
4273 311.708
4181 307.708
4272 311.708
4179 307.708
4089 303.708
4275 311.708
4274 311.708
4182 307.708
4092 303.708
4277 307.585
4368 302.585
4369 298.585
4276 311.585
4367 306.585
4278 303.585
4265 329.708
4264 333.708
4171 329.708
4266 327.708
4256 292.581
4263 337.708
4262 316.581
4261 312.581
4168 308.581
4078 303.581
4077 299.581
4076 295.581
4075 291.581
4074 287.581
3984 283.581
3983 279.581
4317 187.581
4225 183.581
4316 183.581
4319 189.581
4318 188.581
4305 151.581
4213 147.581
4120 143.581
4030 138.581
3940 134.581
4290 197.581
4295 149.581
4204 145.581
4294 149.581
4345 284.581
4344 280.581
4347 292.581
4346 288.581
4348 296.581
4337 252.581
4336 248.581
4338 256.581
4341 268.581
4340 264.581
4343 276.581
4342 272.581
4329 220.581
4328 216.581
4333 236.581
4332 232.581
4331 228.581
4330 224.581
4335 244.581
4334 240.581
4320 190.581
4323 196.581
4322 192.581
4325 204.581
4324 200.581
4327 212.581
4326 208.581
4361 315.708
4271 311.708
4178 307.708
4360 315.708
4270 311.708
4363 315.708
4362 315.708
4365 314.585
4366 310.585
4364 315.708
4355 335.708
4354 339.708
4357 323.708
4409 192.581
4408 188.581
4411 194.581
4410 193.581
4412 195.581
4415 201.581
4414 197.581
4395 154.581
4387 153.581
4296 149.581
4388 153.581
4297 149.581
4205 145.581
4441 305.581
4349 300.581
4257 296.581
4440 301.581
4442 309.581
4350 304.581
4445 339.708
4444 317.581
4352 312.581
4351 308.581
4259 304.581
4166 300.581
4447 323.708
4433 273.581
4432 269.581
4435 281.581
4434 277.581
4437 289.581
4436 285.581
4438 293.581
4429 257.581
4430 261.581
4417 209.581
4416 205.581
4419 217.581
4418 213.581
4421 225.581
4420 221.581
4465 267.585
4466 263.585
4467 259.585
4555 255.585
4641 251.585
4642 247.585
4464 271.585
4552 267.585
4638 263.585
4639 259.585
4640 255.585
4459 291.585
4460 287.585
4461 283.585
4462 279.585
4550 275.585
4551 271.585
4463 275.585
4449 319.708
4448 319.708
4451 319.708
4450 319.708
4453 315.585
4541 311.585
4542 307.585
4628 303.585
4629 299.585
4630 295.585
4631 291.585
4632 287.585
4633 283.585
4634 279.585
4635 275.585
4636 271.585
4637 267.585
4452 319.585
4455 307.585
4543 303.585
4544 299.585
4505 209.581
4504 205.581
4503 201.581
4507 217.581
4506 213.581
4508 221.581
4497 192.581
4499 197.581
4498 196.581
4501 199.581
4500 198.581
4488 162.581
4399 158.581
4307 153.581
4485 159.581
4396 155.581
4304 150.581
4212 146.581
4119 142.581
4484 158.581
4487 161.581
4398 157.581
4306 152.581
4486 160.581
4397 156.581
4537 323.708
4536 323.708
4539 319.585
4625 315.585
4626 311.585
4627 307.585
4538 323.585
4624 319.585
4540 315.585
4529 305.581
4528 301.581
4527 297.581
4531 313.581
4530 309.581
4533 343.708
4532 317.581
4534 347.708
4521 273.581
4523 281.581
4522 277.581
4525 289.581
4524 285.581
4526 293.581
4571 162.581
4573 164.581
4572 163.581
4575 166.581
4553 263.585
4554 259.585
4546 291.585
4547 287.585
4549 279.585
4548 283.585
4593 217.581
4592 213.581
4591 209.581
4595 225.581
4594 221.581
4596 229.581
4587 202.581
4590 205.581
4576 167.581
4489 163.581
4400 159.581
4308 154.581
4617 313.581
4619 347.708
4618 317.581
4621 327.708
4623 323.585
4622 327.585
4609 281.581
4611 289.581
4610 285.581
4613 297.581
4612 293.581
4615 305.581
4614 301.581
4657 166.581
4659 168.581
4658 167.581
4660 169.581
4574 165.581
4697 293.581
4696 289.581
4699 301.581
4698 297.581
4701 309.581
4700 305.581
4702 313.581
4681 229.581
4680 225.581
4683 237.581
4597 233.581
4682 233.581
4684 241.581
4674 207.581
4588 203.581
4677 213.581
4676 209.581
4679 221.581
4678 217.581
4721 259.585
4722 255.585
4723 251.585
4724 247.585
4725 243.585
4720 263.585
4713 291.585
4714 287.585
4715 283.585
4716 279.585
4717 275.585
4718 271.585
4719 267.585
4705 323.585
4706 319.585
4707 315.585
4708 311.585
4709 307.585
4710 303.585
4711 299.585
4712 295.585
4704 327.585
4763 212.581
4765 214.581
4767 222.581
4766 218.581
4747 172.581
4746 171.581
4749 174.581
4748 173.581
4750 175.581
4661 170.581
4793 322.549
4794 318.549
4795 314.549
4796 310.549
4797 306.549
4798 302.549
4792 326.549
4785 294.581
4787 302.581
4786 298.581
4789 310.581
4788 306.581
4791 318.581
4790 314.581
4769 230.581
4768 226.581
4771 238.581
4772 242.581
4816 231.549
4815 235.549
4860 250.581
4859 246.581
4863 262.581
4776 258.581
4687 253.581
4601 249.581
4600 245.581
4599 241.581
4512 237.581
4423 233.581
4853 222.581
4852 218.581
4855 230.581
4854 226.581
4843 197.581
4842 193.581
4755 189.581
4666 184.581
4580 180.581
4579 176.581
4578 172.581
4491 168.581
4402 164.581
4310 159.581
4835 177.581
4888 286.549
4891 274.549
4893 266.549
4892 270.549
4894 262.549
4880 318.549
4887 290.549
4873 302.581
4872 298.581
4871 294.581
4784 290.581
4695 285.581
4875 310.581
4874 306.581
4877 318.581
4876 314.581
4879 322.549
4878 326.549
4865 270.581
4778 266.581
4689 261.581
4688 257.581
4602 253.581
4515 249.581
4426 245.581
4864 266.581
4918 179.581
4833 175.581
4897 250.549
4898 246.549
4896 254.549
4901 235.549
4900 239.549
4957 302.581
4959 310.581
4958 306.581
4945 254.581
4947 262.581
4862 258.581
4775 254.581
4686 249.581
4685 245.581
4946 258.581
4861 254.581
4774 250.581
4949 270.581
4948 266.581
4950 274.581
4937 222.581
4939 230.581
4938 226.581
4940 234.581
4942 242.581
4857 238.581
4770 234.581
4985 239.549
4984 243.549
4977 270.549
4981 254.549
4980 258.549
4982 250.549
4968 306.549
4969 302.549
4885 298.549
4886 294.549
4974 282.549
4961 318.581
4960 314.581
4963 326.549
4962 330.549
4964 322.549
4967 310.549
4966 314.549
5022 231.581
5011 202.581
4927 197.581
5015 218.581
4931 213.581
4846 209.581
4759 205.581
4670 200.581
4669 196.581
4583 192.581
4582 188.581
4495 184.581
4406 180.581
4314 175.581
4222 171.581
4221 167.581
4128 163.581
5051 310.549
5050 314.549
5053 302.549
5052 306.549
5055 294.549
5056 290.549
5041 307.581
5040 303.581
4956 298.581
5043 315.581
5042 311.581
5045 334.549
5044 319.581
5033 275.581
5032 271.581
5027 251.581
4943 246.581
5026 247.581
5031 267.581
5030 263.581
5065 254.549
5064 258.549
5063 262.549
5062 266.549
5113 271.581
5112 267.581
5111 263.581
5110 259.581
5109 255.581
5108 251.581
5101 229.581
5019 225.581
4935 220.581
4850 216.581
5093 206.581
5094 210.581
5145 262.549
5144 266.549
5137 294.549
5136 298.549
5139 286.549
5141 278.549
5140 282.549
5143 270.549
5142 274.549
5131 318.549
5132 314.549
5130 322.549
5133 310.549
5123 311.581
5125 319.581
5124 315.581
5126 323.581
5176 222.581
5096 218.581
5095 214.581
5175 218.581
5209 326.549
5208 330.549
5211 318.549
5213 310.549
5212 314.549
5203 315.581
5205 323.581
5204 319.581
5207 334.549
5193 275.581
5192 271.581
5194 279.581
5114 275.581
5224 266.549
5216 298.549
5219 286.549
5218 290.549
5221 278.549
5222 274.549
5223 270.549
5220 282.549
5275 276.581
5274 272.581
5191 267.581
5276 280.581
5305 294.549
5307 286.549
5308 282.549
5309 278.549
5310 274.549
5306 290.549
5311 270.549
5312 266.549
5296 330.549
5303 302.549
5302 306.549
5215 302.549
5295 334.549
5294 338.549
5287 324.581
5361 272.581
5273 268.581
5190 263.581
5401 278.549
5400 282.549
5402 274.549
5393 310.549
5392 314.549
5394 306.549
5397 294.549
5398 290.549
5399 286.549
5396 298.549
5386 338.549
5465 324.581
5489 290.549
5490 286.549
5491 282.549
5488 294.549
5493 274.549
5403 270.549
5492 278.549
5483 314.549
5484 310.549
5487 298.549
5486 302.549
5472 357.549
5567 322.549
5482 318.549
5554 373.549
5469 369.549
5585 271.549
5662 267.549
5500 259.549
5409 255.549
5317 251.549
5577 282.549
5578 278.549
5576 286.549
5580 271.549
5495 267.549
5405 263.549
5406 259.549
5569 314.549
5568 318.549
5571 306.549
5572 302.549
5573 298.549
5575 290.549
5574 294.549
5626 325.581
5549 320.581
5548 316.581
5462 312.581
5461 308.581
5369 304.581
5281 300.581
5198 295.581
5118 291.581
5117 287.581
5116 283.581
5115 279.581
5657 271.549
5656 275.549
5659 267.549
5583 263.549
5498 259.549
5660 267.549
5584 263.549
5499 259.549
5649 302.549
5648 306.549
5651 294.549
5652 290.549
5653 286.549
5650 298.549
5643 326.549
5645 318.549
5644 322.549
5647 310.549
5695 285.581
5615 281.581
5538 276.581
5537 272.581
5536 268.581
5450 264.581
5358 260.581
5357 256.581
5269 252.581
5186 247.581
5185 243.581
5105 239.581
5023 235.581
5727 310.549
5728 306.549
5726 314.549
5736 275.549
5739 271.549
5738 271.549
5740 271.549
5729 302.549
5730 298.549
5733 286.549
5735 279.549
5789 366.549
5714 362.549
5715 358.549
5716 354.549
5717 350.549
5718 346.549
5719 342.549
5720 338.549
5641 334.549
5808 290.549
5811 279.549
5810 283.549
5813 275.549
5815 275.549
5814 275.549
5801 318.549
5800 322.549
5803 310.549
5802 314.549
5805 302.549
5804 306.549
5806 298.549
5807 294.549
5881 298.549
5882 294.549
5880 302.549
5885 283.549
5884 287.549
5887 279.549
5872 334.549
5798 330.549
5723 326.549
5875 322.549
5876 318.549
5877 314.549
5878 310.549
5879 306.549
5874 326.549
5864 366.549
5865 362.549
5866 358.549
5792 354.549
5863 370.549
5889 279.549
5888 279.549
5947 334.549
5949 322.549
5951 314.549
5952 310.549
5950 318.549
5939 366.549
5961 283.549
5962 283.549
5953 306.549
5955 298.549
5954 302.549
5957 291.549
5958 287.549
6001 659.505
6082 654.505
6158 650.505
6233 646.505
6308 641.505
6309 637.505
6310 633.505
6311 629.505
6312 625.505
6000 330.581
5927 326.581
5853 322.581
5778 317.581
5702 313.581
5622 309.581
5545 304.581
5459 300.581
5367 296.581
5279 292.581
5196 287.581
6003 651.505
6084 646.505
6085 642.505
6161 638.505
6236 634.505
6002 655.505
6083 650.505
6004 647.505
6041 287.549
6033 310.549
6032 314.549
6034 306.549
6037 295.549
6038 291.549
6027 334.549
6028 330.549
6029 326.549
6030 322.549
6031 318.549
6016 378.549
6017 374.549
6018 370.549
6109 330.549
6111 322.549
6110 326.549
6081 658.505
6121 291.549
6122 291.549
6042 287.549
6113 314.549
6112 318.549
6114 310.549
6117 299.549
6118 295.549
6160 642.505
6155 331.581
6079 326.581
6078 322.581
5997 318.581
5924 314.581
5923 310.581
5849 306.581
5774 301.581
5698 297.581
5697 293.581
5696 289.581
6157 654.505
6232 650.505
6307 645.505
6156 658.505
6231 654.505
6306 649.505
6159 646.505
6234 642.505
6195 299.549
6194 303.549
6197 295.549
6187 330.549
6188 326.549
6189 322.549
6186 334.549
6190 318.549
6235 638.505
6237 630.505
6230 331.581
6154 327.581
6264 322.549
6266 314.549
6269 303.549
6268 307.549
6271 299.549
6261 334.549
6263 326.549
6262 330.549
6247 390.549
6173 386.549
6174 382.549
6175 378.549
6098 374.549
6318 417.549
6305 653.505
6345 311.549
6346 307.549
6348 303.549
6351 303.549
6274 299.549
6200 295.549
6339 334.549
6338 338.549
6343 318.549
6393 606.505
6394 602.505
6392 610.505
6385 638.505
6386 634.505
6387 630.505
6388 626.505
6389 622.505
6390 618.505
6391 614.505
6384 642.505
6381 654.505
6382 650.505
6383 646.505
6380 332.581
6303 327.581
6302 323.581
6301 319.581
6226 315.581
6150 311.581
6074 306.581
6073 302.581
6072 298.581
6071 294.581
6070 290.581
5989 286.581
5916 282.581
5842 278.581
5767 273.581
5691 269.581
5611 265.581
5534 260.581
5533 256.581
5447 252.581
5355 248.581
5354 244.581
5266 240.581
5183 235.581
5103 231.581
5021 227.581
6424 311.549
6426 307.549
6416 342.549
6421 322.549
6420 326.549
6423 315.549
6409 370.549
6331 366.549
6254 362.549
6255 358.549
6181 354.549
6104 350.549
6024 346.549
5945 342.549
5871 338.549
6411 362.549
6333 358.549
6256 354.549
6257 350.549
6183 346.549
6106 342.549
6026 338.549
6412 358.549
6334 354.549
6415 346.549
6337 342.549
6260 338.549
6401 401.549
6323 397.549
6246 393.549
6172 389.549
6095 385.549
6015 381.549
5936 377.549
6459 651.505
6460 647.505
6461 643.505
6542 639.505
6622 634.505
6623 630.505
6624 626.505
6625 622.505
6626 618.505
6627 614.505
6705 610.505
6781 606.505
6854 601.505
6926 597.505
6927 593.505
6928 589.505
7004 585.505
7075 580.505
7144 576.505
7145 572.505
7146 568.505
7147 564.505
7148 560.505
7149 556.505
7150 552.505
6458 655.505
6539 651.505
6619 646.505
6620 642.505
6621 638.505
6463 635.505
6544 631.505
6462 639.505
6483 405.549
6473 595.505
6472 599.505
6477 582.505
6558 578.505
6638 573.505
6716 569.505
6792 565.505
6865 560.505
6937 556.505
7013 552.505
6476 583.505
6557 579.505
6637 574.505
6715 570.505
6791 566.505
6864 561.505
6936 557.505
7012 553.505
7083 548.505
6478 581.505
6559 577.505
6639 572.505
6717 568.505
6793 564.505
6866 559.505
6938 555.505
6465 627.505
6466 623.505
6467 619.505
6548 615.505
6628 610.505
6629 606.505
6707 602.505
6783 598.505
6856 593.505
6464 631.505
6469 611.505
6550 607.505
6630 602.505
6708 598.505
6784 594.505
6857 589.505
6858 585.505
6859 581.505
6860 577.505
6861 573.505
6933 569.505
7009 565.505
7080 560.505
6468 615.505
6549 611.505
6471 603.505
6552 599.505
6632 594.505
6710 590.505
6711 586.505
6470 607.505
6551 603.505
6631 598.505
6505 319.549
6506 315.549
6508 311.549
6497 350.549
6498 346.549
6500 338.549
6502 330.549
6503 326.549
6553 595.505
6633 590.505
6554 591.505
6634 586.505
6545 627.505
6547 619.505
6546 623.505
6541 643.505
6540 647.505
6543 635.505
6585 330.549
6584 334.549
6587 323.549
6588 319.549
6591 315.549
6590 315.549
6583 338.549
6582 342.549
6560 576.505
6640 571.505
6718 567.505
6565 409.549
6618 650.505
6644 413.549
6664 334.549
6667 323.549
6666 327.549
6659 354.549
6658 358.549
6661 346.549
6660 350.549
6663 338.549
6662 342.549
6704 614.505
6780 610.505
6853 605.505
6706 606.505
6782 602.505
6855 597.505
6709 594.505
6785 590.505
6697 642.505
6773 638.505
6846 633.505
6918 629.505
6919 625.505
6920 621.505
6996 617.505
7067 612.505
7136 608.505
7137 604.505
7138 600.505
7139 596.505
7140 592.505
7141 588.505
7142 584.505
7143 580.505
6696 646.505
6699 634.505
6775 630.505
6848 625.505
6849 621.505
6921 617.505
6922 613.505
6998 609.505
7069 604.505
6698 638.505
6774 634.505
6847 629.505
6701 626.505
6777 622.505
6850 617.505
6700 630.505
6703 618.505
6779 614.505
6852 609.505
6924 605.505
7000 601.505
7071 596.505
6702 622.505
6778 618.505
6851 613.505
6695 650.505
6771 646.505
6844 641.505
6916 637.505
6992 633.505
7063 628.505
7064 624.505
7065 620.505
7134 616.505
7199 612.505
7266 608.505
7334 603.505
7335 599.505
7336 595.505
7337 591.505
7338 587.505
7339 583.505
7408 579.505
7409 575.505
6745 327.549
6744 331.549
6746 323.549
6737 358.549
6736 362.549
6739 350.549
6738 354.549
6741 342.549
6742 338.549
6740 346.549
6733 374.549
6734 370.549
6735 366.549
6657 362.549
6776 626.505
6770 337.581
6694 333.581
6616 328.581
6615 324.581
6614 320.581
6613 316.581
6612 312.581
6532 308.581
6450 304.581
6372 300.581
6295 295.581
6220 291.581
6144 287.581
6068 282.581
5987 278.581
5914 274.581
5840 270.581
5765 265.581
5689 261.581
5609 257.581
5532 252.581
5446 248.581
6772 642.505
6845 637.505
6917 633.505
6809 374.549
6810 370.549
6811 366.549
6812 362.549
6813 358.549
6814 354.549
6815 350.549
6816 346.549
6817 342.549
6787 582.505
6786 586.505
6789 574.505
6862 569.505
6934 565.505
6788 578.505
6843 645.505
6819 335.549
6820 331.549
6821 327.549
6822 327.549
6879 382.549
6880 378.549
6881 374.549
6882 370.549
6870 418.549
6871 414.549
6872 410.549
6910 704.505
6888 346.549
6890 339.549
6892 331.549
6883 366.549
6885 358.549
6884 362.549
6887 350.549
6886 354.549
6941 422.549
6942 418.549
6929 585.505
7005 581.505
7076 576.505
6931 577.505
7007 573.505
7078 568.505
6930 581.505
7006 577.505
7077 572.505
6932 573.505
7008 569.505
7079 564.505
6923 609.505
6925 601.505
7001 597.505
7072 592.505
6915 641.505
6914 645.505
6990 641.505
7061 636.505
7130 632.505
7131 628.505
7132 624.505
7197 620.505
7264 616.505
7332 611.505
7333 607.505
6953 370.549
6954 366.549
6952 374.549
6957 354.549
6958 350.549
6956 358.549
6949 386.549
6951 378.549
6950 382.549
7002 593.505
7073 588.505
6993 629.505
6995 621.505
7066 616.505
7135 612.505
6994 625.505
6997 613.505
7068 608.505
6999 605.505
7070 600.505
6985 669.505
7054 664.505
6984 673.505
7053 668.505
6987 661.505
7056 656.505
7125 652.505
6986 665.505
7055 660.505
6989 645.505
7060 640.505
6988 657.505
7057 652.505
7126 648.505
7191 644.505
7192 640.505
7259 636.505
7327 631.505
6991 637.505
7062 632.505
6977 701.505
7046 696.505
7115 692.505
7116 688.505
7117 684.505
7118 680.505
7119 676.505
6976 705.505
7045 700.505
7114 696.505
6979 693.505
7048 688.505
6978 697.505
7047 692.505
6981 685.505
7050 680.505
6980 689.505
7049 684.505
6983 677.505
7052 672.505
7032 354.549
7034 347.549
6960 343.549
7025 382.549
7024 386.549
7027 374.549
7028 370.549
7029 366.549
7030 362.549
7031 358.549
7026 378.549
7017 426.549
7018 422.549
7023 390.549
7010 561.505
7081 556.505
7059 644.505
7058 648.505
7044 704.505
7113 700.505
7097 382.549
7096 386.549
7099 374.549
7098 378.549
7101 366.549
7102 362.549
7100 370.549
7103 358.549
7089 422.549
7088 426.549
7095 390.549
7094 394.549
7085 437.549
7015 433.549
6939 429.549
6868 425.549
6797 421.549
6722 417.549
7087 430.549
7074 584.505
7129 636.505
7194 632.505
7261 628.505
7329 623.505
7330 619.505
7331 615.505
7400 611.505
7128 640.505
7133 620.505
7198 616.505
7127 644.505
7112 704.505
7105 351.549
7163 402.549
7093 398.549
7022 394.549
6948 390.549
7162 414.549
7228 410.549
7229 406.549
7230 402.549
7164 398.549
7165 394.549
7166 390.549
7167 386.549
7157 430.549
7158 426.549
7156 434.549
7159 426.549
7160 422.549
7226 418.549
7227 414.549
7193 636.505
7260 632.505
7328 627.505
7397 623.505
7195 628.505
7262 624.505
7196 624.505
7185 668.505
7186 664.505
7253 660.505
7321 655.505
7322 651.505
7391 647.505
7457 643.505
7458 639.505
7459 635.505
7460 631.505
7461 627.505
7184 672.505
7251 668.505
7319 663.505
7388 659.505
7389 655.505
7455 651.505
7456 647.505
7187 660.505
7254 656.505
7188 656.505
7177 700.505
7244 696.505
7312 691.505
7313 687.505
7314 683.505
7383 679.505
7384 675.505
7385 671.505
7386 667.505
7452 663.505
7453 659.505
7454 655.505
7176 351.549
7106 347.549
7035 343.549
6961 339.549
6891 335.549
7179 692.505
7246 688.505
7178 696.505
7245 692.505
7181 684.505
7248 680.505
7316 675.505
7317 671.505
7318 667.505
7180 688.505
7247 684.505
7315 679.505
7183 676.505
7250 672.505
7182 680.505
7249 676.505
7169 378.549
7170 374.549
7171 370.549
7172 366.549
7168 382.549
7175 355.549
7224 426.549
7225 422.549
7231 398.549
7232 394.549
7216 544.505
7283 540.505
7351 535.505
7420 531.505
7219 445.549
7154 441.549
7221 438.549
7223 430.549
7222 434.549
7209 572.505
7276 568.505
7344 563.505
7413 559.505
7208 576.505
7275 572.505
7343 567.505
7412 563.505
7211 564.505
7278 560.505
7346 555.505
7347 551.505
7348 547.505
7417 543.505
7418 539.505
7419 535.505
7210 568.505
7277 564.505
7345 559.505
7213 556.505
7280 552.505
7212 560.505
7279 556.505
7215 548.505
7214 552.505
7201 604.505
7268 600.505
7200 608.505
7203 596.505
7204 592.505
7205 588.505
7206 584.505
7273 580.505
7341 575.505
7410 571.505
7411 567.505
7202 600.505
7207 580.505
7274 576.505
7342 571.505
7256 648.505
7324 643.505
7258 640.505
7263 620.505
7252 664.505
7320 659.505
7241 359.549
7243 700.505
7311 695.505
7380 691.505
7446 687.505
7447 683.505
7448 679.505
7449 675.505
7450 671.505
7451 667.505
7242 355.549
7233 390.549
7234 386.549
7235 382.549
7237 374.549
7236 378.549
7238 370.549
7289 434.549
7290 430.549
7291 426.549
7292 422.549
7288 438.549
7293 418.549
7295 410.549
7294 414.549
7281 548.505
7349 543.505
7282 544.505
7350 539.505
7287 442.549
7272 584.505
7340 579.505
7265 612.505
7267 604.505
7269 596.505
7271 588.505
7270 592.505
7323 647.505
7307 363.549
7310 699.505
7379 695.505
7297 402.549
7298 398.549
7296 406.549
7353 530.549
7555 518.549
7355 450.549
7356 446.549
7357 442.549
7359 434.549
7358 438.549
7376 367.549
7369 394.549
7370 390.549
7371 386.549
7372 382.549
7373 378.549
7361 426.549
7360 430.549
7363 418.549
7364 414.549
7365 410.549
7362 422.549
7367 402.549
7366 406.549
7416 547.505
7423 454.549
7424 450.549
7425 446.549
7422 456.549
7415 551.505
7414 555.505
7401 607.505
7402 603.505
7403 599.505
7405 591.505
7404 595.505
7407 583.505
7406 587.505
7394 635.505
7399 615.505
7398 619.505
7441 382.549
7440 386.549
7442 378.549
7433 414.549
7432 418.549
7437 398.549
7438 394.549
7439 390.549
7427 438.549
7426 442.549
7429 430.549
7428 434.549
7431 422.549
7430 426.549
7513 686.549
7514 682.549
7515 678.549
7516 674.549
7517 670.549
7518 666.549
7519 662.549
7520 658.549
7521 654.549
7522 650.549
7523 646.549
7524 642.549
7525 638.549
7526 634.549
7527 630.549
7528 626.549
7529 622.549
7530 618.549
7531 614.549
7532 610.549
7533 606.549
7534 602.549
7535 598.549
7536 594.549
7537 590.549
7538 586.549
7539 582.549
7540 578.549
7541 574.549
7542 570.549
7543 566.549
7544 562.549
7545 558.549
7546 554.549
7547 550.549
7548 546.549
7549 542.549
7550 538.549
7551 534.549
7552 530.549
7553 526.549
7554 522.549
7505 394.549
7506 390.549
7504 398.549
7507 386.549
7501 410.549
7502 406.549
7503 402.549
7489 458.549
7491 450.549
7490 454.549
7493 442.549
7492 446.549
7495 434.549
7494 438.549
7579 386.549
7508 382.549
7582 695.549
7655 691.549
7656 687.549
7729 683.549
7803 678.549
7804 674.549
7805 670.549
7569 426.549
7568 430.549
7570 422.549
7573 410.549
7572 414.549
7575 402.549
7574 406.549
7561 458.549
7562 454.549
7560 462.549
7563 450.549
7564 446.549
7559 464.549
7488 460.549
7609 587.549
7682 583.549
7683 579.549
7684 575.549
7757 571.549
7831 566.549
7832 562.549
7608 591.549
7681 587.549
7611 579.549
7610 583.549
7613 571.549
7686 567.549
7759 563.549
7833 558.549
7612 575.549
7615 563.549
7688 559.549
7689 555.549
7762 551.549
7836 546.549
7614 567.549
7603 611.549
7604 607.549
7605 603.549
7606 599.549
7679 595.549
7680 591.549
7753 587.549
7827 582.549
7607 595.549
7592 655.549
7665 651.549
7666 647.549
7667 643.549
7668 639.549
7741 635.549
7815 630.549
7816 626.549
7641 434.549
7642 430.549
7643 426.549
7644 422.549
7571 418.549
7640 438.549
7645 418.549
7646 414.549
7647 410.549
7633 466.549
7634 462.549
7635 458.549
7637 450.549
7636 454.549
7625 523.549
7698 519.549
7699 515.549
7700 511.549
7773 507.549
7847 502.549
7848 498.549
7849 494.549
7624 527.549
7697 523.549
7770 519.549
7844 514.549
7845 510.549
7846 506.549
7627 515.549
7628 511.549
7629 507.549
7630 503.549
7703 499.549
7626 519.549
7617 555.549
7618 551.549
7691 547.549
7764 543.549
7838 538.549
7839 534.549
7616 559.549
7619 547.549
7620 543.549
7693 539.549
7694 535.549
7695 531.549
7768 527.549
7842 522.549
7621 539.549
7623 531.549
7622 535.549
7677 603.549
7750 599.549
7824 594.549
7678 599.549
7751 595.549
7825 590.549
7826 586.549
7648 406.549
7649 402.549
7576 398.549
7654 386.672
10081 382.636
7707 462.549
7706 466.549
7696 527.549
7769 523.549
7843 518.549
7701 507.549
7774 503.549
7702 503.549
7690 551.549
7763 547.549
7837 542.549
7692 543.549
7765 539.549
7685 571.549
7758 567.549
7687 563.549
7760 559.549
7834 554.549
7835 550.549
7720 410.549
7721 406.549
7713 438.549
7714 434.549
7712 442.549
7715 430.549
7717 422.549
7718 418.549
7719 414.549
7716 426.549
7771 515.549
7772 511.549
7775 499.549
7761 555.549
7767 531.549
7841 526.549
7766 535.549
7840 530.549
7752 591.549
7755 579.549
7829 574.549
7754 583.549
7828 578.549
7756 575.549
7830 570.549
7793 414.549
7792 418.549
7785 446.549
7786 442.549
7787 438.549
7788 434.549
7789 430.549
7791 422.549
7790 426.549
7776 495.549
7850 490.549
7779 470.549
7778 487.549
7783 454.549
7782 458.549
7865 422.549
7866 418.549
7867 414.549
7868 410.549
7864 426.549
7856 458.549
7859 446.549
7858 450.549
7861 438.549
7860 442.549
7863 430.549
7862 434.549
7855 462.549
7854 466.549
7931 454.549
7932 450.549
7933 446.549
7934 442.549
7935 438.549
7937 430.549
7938 426.549
7939 422.549
7940 418.549
7941 414.549
7936 434.549
7971 577.549
7972 573.549
8013 409.549
7944 402.549
7872 398.549
7726 390.549
8063 461.549
8062 465.549
8053 501.549
8054 497.549
8055 493.549
8041 549.549
8040 553.549
8043 541.549
8044 537.549
8036 569.549
8039 557.549
8038 561.549
8072 425.549
8074 418.549
8069 437.549
8121 469.549
