 key  value
8122 195
8063 191
8001 187
8002 183
8003 179
8004 175
8005 171
8006 167
8007 163
8008 159
8009 155
8010 151
8011 147
7942 140
7869 136
7796 132
7723 128
7651 124
7578 120
7579 116
7508 112
7442 108
7374 104
7305 100
7239 96
7240 92
7174 88
7175 84
7105 80
7034 76
6960 72
6890 68
6819 64
6744 60
6666 56
6587 52
6505 48
6423 44
6345 40
6268 36
6194 32
6117 28
6037 24
5957 20
5884 16
5810 12
5735 8
5656 4
8125 183
8066 179
8124 187
8127 175
8068 171
8126 179
8113 231
8054 227
8055 223
8056 219
7994 215
7995 211
7996 207
7997 203
7998 199
7999 195
8000 191
8112 235
8053 231
8115 223
8114 227
8117 215
8058 211
8116 219
8119 207
8060 203
8061 199
8118 211
8059 207
8105 263
8046 259
8047 255
7985 251
7986 247
7987 243
7988 239
7989 235
7990 231
7991 227
7992 223
7993 219
8104 267
8045 263
8107 255
8108 251
8109 247
8110 243
8051 239
8052 235
8106 259
8111 239
8097 295
8098 291
8039 287
8040 283
8041 279
8042 275
8043 271
8044 267
8096 299
8037 295
8038 291
7976 287
7977 283
7978 279
7979 275
7980 271
7981 267
7982 263
7983 259
7984 255
8099 287
8101 279
8102 275
8100 283
8103 271
8155 295
8157 287
8156 291
8159 279
8158 283
8136 371
8137 367
8138 363
8081 359
8022 355
7960 351
7961 347
7962 343
7963 339
7964 335
7965 331
7966 327
7967 323
7968 319
7969 315
7970 311
7971 307
7972 303
7973 299
7974 295
7975 291
8128 171
8129 167
8130 163
8131 159
8072 155
8073 151
8185 175
8186 171
8187 167
8188 163
8189 159
8132 155
8184 179
8177 207
8178 203
8121 199
8062 195
8176 211
8179 199
8181 191
8182 187
8183 183
8180 195
8123 191
8064 187
8169 239
8170 235
8168 243
8171 231
8173 223
8174 219
8172 227
8175 215
8161 271
8162 267
8163 263
8164 259
8165 255
8166 251
8167 247
8160 275
8217 279
8218 275
8219 271
8220 267
8221 263
8222 259
8223 255
8216 283
8215 287
8214 291
8241 183
8240 187
8242 179
8233 215
8234 211
8235 207
8236 203
8237 199
8238 195
8239 191
8232 219
8225 247
8224 251
8227 239
8228 235
8229 231
8230 227
8231 223
8226 243
8281 239
8280 243
8283 231
8282 235
8285 223
8286 219
8287 215
8284 227
8273 271
8272 275
8275 263
8274 267
8277 255
8276 259
8279 247
8278 251
91 300.968
92 296.968
113 292.968
128 287.968
146 283.968
175 279.968
213 275.968
259 270.968
310 266.968
366 262.968
428 257.968
492 253.968
563 249.968
635 244.968
705 240.968
782 236.968
867 231.968
945 227.968
1017 223.968
1087 219.968
1160 214.968
1244 210.968
1328 206.968
1419 201.968
1516 197.968
1610 193.968
1707 189.968
1798 185.968
1880 181.968
1968 177.968
2059 173.968
2148 169.968
2234 165.968
2321 161.968
2406 157.968
2491 153.968
2576 149.968
2663 145.968
2752 141.968
2840 137.968
2940 133.968
3043 129.968
3133 125.968
3225 121.968
3319 117.968
3409 113.968
3497 109.968
3582 105.968
3665 101.968
3750 97.968
3839 93.968
3928 89.968
4016 85.968
4105 81.968
4196 77.968
4381 69.968
4470 65.968
4557 61.968
4643 57.968
9898 52.517
4729 48
4817 44
4902 40
4901 36
4985 32
4984 28
5067 24
5148 20
5227 16
5314 12
5405 8
5495 4
8269 287
93 295.968
114 291.968
129 286.968
147 282.968
176 278.968
214 274.968
260 269.968
311 265.968
367 261.968
429 256.968
493 252.968
564 248.968
636 243.968
706 239.968
783 235.968
868 230.968
946 226.968
1018 222.968
1088 218.968
1161 213.968
1245 209.968
1329 205.968
8268 291
8271 279
8270 283
8319 287
8318 291
8298 171
8245 167
8246 163
125 299.968
126 295.968
144 291.968
173 287.968
211 283.968
257 278.968
308 274.968
309 270.968
127 291.968
8289 207
8288 211
112 296.968
8291 199
115 290.968
130 285.968
148 281.968
177 277.968
215 273.968
261 268.968
312 264.968
368 260.968
430 255.968
494 251.968
565 247.968
637 242.968
707 238.968
784 234.968
869 229.968
947 225.968
1019 221.968
1089 217.968
8290 203
8293 191
8292 195
8294 187
8295 183
8344 187
8349 172.834
9963 170.869
8299 167
110 304.968
8337 215
8336 219
8339 207
8340 203
8338 211
8341 199
8342 195
8343 191
8329 247
8328 251
8331 239
8330 243
8333 231
8334 227
8335 223
8332 235
8321 279
8322 275
145 287.968
8320 283
8323 271
8324 267
8325 263
149 280.968
178 276.968
216 272.968
262 267.968
313 263.968
369 259.968
431 254.968
495 250.968
566 246.968
638 241.968
708 237.968
785 233.968
8327 255
8326 259
150 279.968
179 275.968
217 271.968
263 266.968
314 262.968
370 258.968
432 253.968
496 249.968
567 245.968
8377 251
8376 255
8379 243
8378 247
8381 235
8380 239
8383 227
143 295.968
172 291.968
8382 231
8369 283
8368 287
8371 275
131 284.968
8370 279
8373 267
133 282.968
151 278.968
180 274.968
218 270.968
264 265.968
315 261.968
371 257.968
8372 271
8375 259
8374 263
181 273.968
219 269.968
174 283.968
8393 187
8394 183
8346 179
8347 175
8385 219
8386 215
8387 211
8388 207
8389 203
8390 199
209 291.968
255 286.968
256 282.968
8384 223
210 287.968
212 279.968
258 274.968
8391 195
8441 195
8442 191
8443 187
8444 183
8445 179
8396 175
8348 171
8440 199
8433 227
8432 231
8435 219
8434 223
8437 211
8438 207
8439 203
8436 215
8425 259
8426 255
8424 263
8427 251
8428 247
8429 243
8430 239
8431 235
254 288
304 284
359 280
419 274
482 270
481 266
550 259
621 255
691 251
770 247
769 243
768 239
854 235
938 231
1012 227
1081 223
1153 219
1236 215
1319 211
1405 207
1500 203
1594 199
1687 195
1781 191
1867 187
1951 183
2040 179
2132 175
2222 171
2309 167
2397 163
2483 159
2567 155
2654 151
2742 147
2830 143
2927 139
3029 135
3121 131
3215 127
3310 123
3405 119
3491 114
3572 110
3658 106
3740 102
3827 98
3916 94
4005 90
4095 85
4185 81
4186 77
4187 73
4188 69
4281 65
4372 60
4461 56
4549 52
4635 48
4718 43
4806 39
4892 35
4977 30
5061 26
5143 22
5223 17
5311 13
5403 9
5494 5
8419 283
8420 279
8421 275
8422 271
8418 287
8423 267
8473 259
8472 263
8475 251
8476 247
8474 255
8477 243
8479 235
8478 239
8467 283
8466 287
8469 275
8468 279
8471 267
8470 271
266 265.968
317 261.968
373 257.968
434 253.968
498 249.968
568 245.968
639 241.968
8499 343
8453 339
8406 335
8407 331
8358 327
8310 323
8261 319
8208 315
8151 311
8152 307
8153 303
8154 299
8500 339
8501 335
8502 331
8503 327
8457 323
8458 319
8459 315
8412 311
8363 307
8364 303
8365 299
8317 295
316 261.968
372 257.968
433 253.968
319 261.968
374 257.968
435 253.968
499 249.968
570 245.968
641 241.968
710 237.968
787 233.968
871 229.968
949 225.968
1021 221.968
1091 217.968
1163 213.968
1246 209.968
1330 205.968
1420 201.968
1517 197.968
1611 193.968
1708 189.968
1799 185.968
1882 181.968
1970 177.968
2060 173.968
2150 169.968
2236 165.968
2323 161.968
2408 157.968
2492 153.968
2577 149.968
318 261.968
8481 227
305 286.968
361 282.968
423 277.968
487 273.968
558 269.968
630 264.968
631 260.968
632 256.968
702 252.968
703 248.968
704 244.968
8480 231
8483 219
307 278.968
8482 223
306 282.968
362 278.968
424 273.968
488 269.968
489 265.968
560 261.968
8485 211
8486 207
8484 215
8487 203
299 267
355 263
415 259
477 255
546 251
617 247
688 243
8529 223
8528 227
8531 215
8532 211
8530 219
8533 207
8534 203
8535 199
8489 195
8521 255
8522 251
8520 259
8523 247
8524 243
8525 239
8526 235
8527 231
8515 279
8516 275
8517 271
8514 283
8519 263
8518 267
8569 243
8570 239
8571 235
8572 231
8573 227
8574 223
8575 219
8576 215
8568 247
8561 275
8562 271
8560 279
8563 267
8565 259
8566 255
8564 263
8567 251
375 257.968
436 253.968
360 284
421 280
484 276
554 272
625 268
695 264
774 260
859 254
858 250
857 246
940 239
939 235
363 274.968
425 269.968
8605 275
365 266.968
427 261.968
491 257.968
562 253.968
634 248.968
8604 279
364 270.968
426 265.968
8607 267
8608 263
8606 271
353 263
413 259
474 255
543 251
614 247
685 243
765 239
851 235
936 231
1011 227
8589 339
8546 335
8547 331
8588 343
412 259
8590 335
414 259
476 255
544 251
615 247
8632 335
8633 331
8634 327
8593 323
8594 319
8595 315
8596 311
8553 307
8509 303
8463 299
8416 295
8367 291
8631 339
8630 343
8617 227
8618 223
8616 231
8619 219
8609 259
8611 251
8610 255
8613 243
8612 247
8615 235
8614 239
8671 339
8672 335
8670 343
8657 235
8658 231
8659 227
8656 239
416 259
478 255
8661 219
8662 215
8663 211
8622 207
8623 203
8624 199
8581 195
8537 191
8491 187
8660 223
420 278
483 274
553 270
624 266
694 262
773 258
422 281.968
8649 267
8650 263
473 256
542 252
8648 271
8651 259
8652 255
8653 251
8654 247
475 255
8655 243
469 256
538 252
609 248
680 244
760 240
847 236
932 232
1008 228
1078 224
1150 219
1316 211
1496 203
1590 199
1683 195
1864 187
2129 175
2220 171
2307 167
2396 163
2482 159
2566 155
8647 275
471 256
540 252
611 248
682 244
762 240
849 236
933 232
8646 279
8697 235
8698 231
8699 227
8700 223
8701 219
8696 239
8689 267
8690 263
8691 259
8693 251
8694 247
8695 243
8692 255
8686 279
8687 275
497 249.968
8729 263
8728 267
8731 255
8732 251
8733 247
8734 243
8735 239
8736 235
8730 259
490 261.968
485 279
555 275
626 271
696 267
8726 275
8727 271
486 277.968
557 273.968
629 268.968
537 253
539 252
610 248
541 252
612 248
8711 335
8712 331
8674 327
8635 323
8710 339
8763 275
8765 267
8764 271
8767 259
8768 255
8769 251
8770 247
8771 243
8772 239
8773 235
8774 231
8738 227
8766 263
8747 339
8746 343
8748 335
8749 331
8713 327
8675 323
8636 319
8737 231
8739 223
552 266
551 262
622 258
692 254
771 250
556 277.968
628 272.968
698 268.968
699 264.968
700 260.968
701 256.968
545 251
616 247
686 243
8787 339
8788 335
547 251
618 247
689 243
8786 343
8776 223
8740 219
8702 215
605 261
606 257
607 253
608 249
679 245
759 241
8780 221.363
9950 215.701
8704 211
8665 207
8775 227
8827 339
8828 335
8829 331
8830 327
8831 323
8792 319
8793 315
8754 311
8718 307
8680 303
8681 299
8682 295
8683 291
8684 287
8645 283
8816 223
8777 219
8741 215
8703 211
8664 207
8809 251
8810 247
8808 255
8811 243
8812 239
8813 235
8815 227
8814 231
8801 283
8762 279
8800 287
8761 283
8803 275
8804 271
8805 267
8806 263
8807 259
619 247
620 251
623 262
693 258
8849 251
8850 247
8851 243
8848 255
8853 235
613 248
683 244
8852 239
8854 231
8841 283
8842 279
8843 275
8845 267
8846 263
8847 259
8844 271
8890 230.992
9969 227.062
8881 266.992
8882 262.992
8883 258.992
8884 254.992
8885 250.992
8886 246.992
8887 242.992
8888 238.992
8889 234.992
8880 270.992
642 241.968
712 237.968
789 233.968
873 229.968
950 225.968
1022 221.968
1092 217.968
1164 213.968
1248 209.968
1332 205.968
1422 201.968
1519 197.968
1613 193.968
1710 189.968
1800 185.968
8877 282.992
8878 278.992
8879 274.992
681 244
8920 250.992
8921 246.992
8922 242.992
684 244
764 240
687 243
766 239
852 235
8913 278.992
8912 282.992
8915 270.992
675 261
755 257
843 252
844 248
845 244
846 240
8914 274.992
8917 262.992
8918 258.992
677 253
757 249
8916 266.992
676 257
756 253
8919 254.992
678 249
8911 286.992
8910 290.992
8953 254.992
8954 250.992
8952 258.992
8945 286.992
8944 290.992
8947 278.992
8948 274.992
8949 270.992
8950 266.992
8946 282.992
709 237.968
8951 262.992
711 237.968
761 240
848 236
763 244
767 239
853 235
937 231
753 265
841 260
926 256
927 252
928 248
929 244
930 240
931 236
1007 232
754 261
842 256
758 245
8985 258.992
8984 262.992
8977 290.992
8978 286.992
8976 294.992
8979 282.992
8980 278.992
8981 274.992
8982 270.992
8983 266.992
8975 298.992
8943 294.992
8974 302.992
8942 298.992
786 233.968
870 229.968
788 233.968
872 229.968
790 233.968
874 229.968
951 225.968
9017 258.992
8986 254.992
8987 250.992
8955 246.992
8956 242.992
8923 238.992
8924 234.992
9016 262.992
9009 290.992
9008 294.992
9011 282.992
9012 278.992
9013 274.992
9010 286.992
9015 266.992
9014 270.992
9005 306.992
9007 298.992
8997 338.992
8998 334.992
8967 330.992
8935 326.992
8902 322.992
8868 318.992
8869 314.992
8870 310.992
8871 306.992
8872 302.992
8873 298.992
8874 294.992
8875 290.992
8876 286.992
9041 286.992
9042 282.992
9040 290.992
9043 278.992
9044 274.992
9045 270.992
9047 262.992
9048 258.992
9049 254.992
9019 250.992
8988 246.992
9046 266.992
856 243
855 239
9037 302.992
9036 306.992
9039 294.992
9038 298.992
850 240
934 236
9029 334.992
8999 330.992
8968 326.992
8969 322.992
8937 318.992
8938 314.992
8905 310.992
8906 306.992
8907 302.992
8908 298.992
9028 338.992
840 264
925 260
9073 274.992
9072 278.992
9075 266.992
9076 262.992
835 284
836 280
837 276
838 272
923 268
924 264
9074 270.992
839 268
9065 306.992
9064 310.992
9067 298.992
9066 302.992
9069 290.992
9068 294.992
9071 282.992
9070 286.992
9059 330.992
9060 326.992
9032 322.992
9002 318.992
9003 314.992
8972 310.992
8940 306.992
8941 302.992
9058 334.992
9063 314.992
9035 310.992
9113 338.992
9114 334.992
9088 330.992
9089 326.992
9090 322.992
9062 318.992
9034 314.992
9004 310.992
8973 306.992
875 229.968
952 225.968
1024 221.968
1094 217.968
1166 213.968
1249 209.968
1333 205.968
1423 201.968
1520 197.968
9117 322.992
9091 318.992
9092 314.992
9093 310.992
9094 306.992
9095 302.992
876 229.968
954 225.968
1026 221.968
1096 217.968
1168 213.968
1251 209.968
1335 205.968
1425 201.968
1521 197.968
1615 193.968
1712 189.968
1802 185.968
1884 181.968
1972 177.968
2062 173.968
2152 169.968
2237 165.968
2324 161.968
2409 157.968
2493 153.968
2578 149.968
2664 145.968
9119 314.992
9118 318.992
9104 266.992
9097 294.992
9098 290.992
9099 286.992
921 276
922 272
9096 298.992
920 280
9101 278.992
9100 282.992
9103 270.992
9102 274.992
9145 322.992
9146 318.992
9144 326.992
9147 314.992
9148 310.992
9149 306.992
9150 302.992
9123 298.992
9151 298.992
9124 294.992
9141 338.992
9142 334.992
9143 330.992
9128 278.992
9130 270.992
9133 262.992
9107 258.992
9078 254.992
9050 250.992
9020 246.992
8989 242.992
8957 238.992
9121 306.992
9120 310.992
944 228.968
1016 224.968
1086 220.968
1159 215.968
1243 211.968
1327 207.968
1418 202.968
1515 198.968
1609 194.968
9122 302.992
9125 290.992
9127 282.992
9126 286.992
9177 298.992
9178 294.992
9153 290.992
9176 302.992
9179 290.992
9180 286.992
9181 282.992
9182 278.992
9183 274.992
9158 270.992
9159 266.992
9132 262.992
9106 258.992
9169 330.992
9171 322.992
9170 326.992
9173 314.992
9172 318.992
9175 306.992
935 231
1010 227
1234 215
1317 211
1498 203
1685 195
1779 191
1866 187
1950 183
9174 310.992
9152 294.992
9155 282.992
9154 286.992
9201 302.992
9200 306.992
9203 294.992
9204 290.992
9205 286.992
9206 282.992
9202 298.992
9193 334.992
9195 326.992
9197 318.992
9198 314.992
9199 310.992
9196 322.992
1009 232
1015 228.68
1085 224.68
1158 219.68
1242 215.68
1326 211.68
1417 206.68
1514 202.68
1608 198.68
1705 194.68
10049 190.938
1797 185.968
1014 229.68
1084 225.68
1157 220.68
1241 216.68
1325 212.68
1416 207.68
1513 203.68
1607 199.68
9241 322.992
9220 318.992
1001 279
1000 283
9243 314.992
9222 310.992
9223 306.992
9224 302.992
9225 298.992
1003 256.26
1074 252.26
1143 248.26
1226 244.26
10048 240.587
1227 239
1228 235
1229 231
1230 227
1231 223
1232 219
1233 215
9242 318.992
9245 306.992
1005 251
1006 247
9244 310.992
1004 255
9247 298.992
9248 294.992
9249 290.992
9250 286.992
9229 282.992
9230 278.992
9208 274.992
9184 270.992
9246 302.992
9227 290.992
9226 294.992
9228 286.992
9219 322.992
9221 314.992
1037 269.968
1104 265.968
1180 261.968
1179 257.968
1262 253.968
1261 249.968
1347 245.968
1346 241.968
1345 237.968
1435 233.968
1531 229.968
1624 225.968
1721 221.968
1811 217.968
1893 213.968
1981 209.968
1980 205.968
1979 201.968
2069 197.968
2158 193.968
2243 189.968
2330 185.968
2415 181.968
2499 177.968
2584 173.968
2583 169.968
2582 165.968
2668 161.968
2756 157.968
2755 153.968
2843 149.968
2842 145.968
2942 141.968
2941 137.968
1027 221.968
1097 217.968
1169 213.968
1253 209.968
1336 205.968
1426 201.968
1523 197.968
1616 193.968
1713 189.968
1803 185.968
1885 181.968
1973 177.968
2063 173.968
1028 221.968
1080 223
1152 219
1073 253.26
1075 252.26
1144 248.26
1077 227
1148 223
1076 251
1099 217.968
1171 213.968
1254 209.968
1337 205.968
1427 201.968
1102 229.968
1174 225.968
1173 221.968
1172 217.968
1090 217.968
1162 213.968
1095 217.968
1167 213.968
1145 235
1146 231
1147 227
1142 252.26
1183 273.968
1182 269.968
1265 265.968
1351 261.968
1441 257.968
1440 253.968
1439 249.968
1535 245.968
1628 241.968
1725 237.968
1815 233.968
1897 229.968
1985 225.968
1984 221.968
1983 217.968
2073 213.968
2162 209.968
2247 205.968
2334 201.968
2419 197.968
2503 193.968
2588 189.968
2674 185.968
2762 181.968
2761 177.968
2849 173.968
2848 169.968
2847 165.968
2947 161.968
2946 157.968
2945 153.968
2944 149.968
2943 145.968
1170 213.968
1165 213.968
1156 224.68
1240 220.68
1324 216.68
1415 211.68
9421 1819.96
9422 1721.96
9423 1623.96
9424 1525.96
9442 1350.96
9443 1251.96
9461 1116.96
9477 1010.96
9494 903.956
9512 771.956
9531 664.956
9551 557.956
6006 368.956
6087 363.956
6163 359.956
6238 355.956
6313 350.956
6314 346.956
6315 342.956
6316 338.956
6317 334.956
6395 327.956
6474 320.956
6475 316.956
6556 312.956
6636 307.956
6637 303.956
6715 299.956
6791 295.956
6864 290.956
6936 286.956
7012 282.956
7083 277.956
7152 273.956
7217 269.956
7284 265.956
7352 260.956
7421 256.956
7487 252.956
9982 249.015
7556 244
7557 240
7558 236
7631 229
7704 225
7777 221
7851 216
7852 212
7925 208
7926 204
7927 200
7928 196
7855 192
7856 188
7857 184
7858 180
7859 176
7860 172
7787 168
7714 164
7642 160
7569 156
7498 152
7499 148
7433 144
7365 140
7366 136
7297 132
7298 128
7299 124
7300 120
7301 116
7235 112
7236 108
7237 104
7238 100
9420 1917.96
1247 209.968
1235 215
1318 211
1404 207
1499 203
1592 199
1225 248.26
1224 252.26
1221 264.533
1220 260.533
1305 256.533
1392 252.533
1484 248.533
1582 244.533
1675 240.533
1772 236.533
1862 232.533
1946 228.533
2035 224.533
2127 220.533
2218 216.533
2305 212.533
2392 208.533
2478 201.595
2734 185
2735 181
2736 177
2737 173
2824 165
2917 161
2918 157
3020 153
3113 149
3208 144
3304 140
3305 136
3306 132
3402 128
3488 123
3489 119
3570 115
3571 111
3657 107
1223 256.26
9462 1080.46
9939 990.042
9478 972.136
9942 883.257
9495 864.956
1222 268.533
1264 261.968
1263 257.968
1269 281.968
1355 277.968
1354 273.968
1444 269.968
1540 265.968
1633 261.968
1730 257.968
1729 253.968
1819 249.968
1901 245.968
1989 241.968
2079 237.968
2168 233.968
2253 229.968
2252 225.968
2339 221.968
2338 217.968
2337 213.968
2336 209.968
2421 205.968
2505 201.968
2590 197.968
2676 193.968
2675 189.968
2763 185.968
1257 221.968
1256 217.968
1339 213.968
1429 209.968
1525 205.968
1618 201.968
1715 197.968
1714 193.968
1804 189.968
1886 185.968
1974 181.968
2064 177.968
2153 173.968
1259 241.968
1250 209.968
9493 958.956
9511 825.956
9530 719.956
9550 613.956
9572 484.956
5928 387.956
1252 209.968
1255 213.968
1304 257.533
1307 259
1308 255
1309 251
1310 247
1311 243
1306 258.533
1393 252.533
1487 248.533
1584 244.533
1677 240.533
1773 236.533
9529 818.956
9528 917.956
9532 660.956
9525 1806.2
9544 1704.2
9563 1611.2
9586 1509.2
9607 1407.2
9629 1315.2
9630 1218.2
9631 1121.2
9984 1069.6
9609 990
9610 890
9611 790
9612 690
9613 590
9614 490
7873 424
7800 420
7801 416
7874 412
7875 408
7876 404
7877 400
7878 396
7879 392
7880 388
7881 384
7882 380
7883 376
7884 372
7885 368
7886 364
7887 360
7888 356
7889 352
7890 348
7891 344
7892 340
7893 336
7894 332
7895 328
7896 324
7897 320
7898 316
7899 312
7900 308
7901 304
7902 300
7903 296
7904 292
7905 288
7906 284
7907 280
7908 276
7909 272
7910 268
7911 264
7912 260
7913 256
7914 252
7915 248
7916 244
7917 240
7918 236
7919 232
7920 228
7921 224
7922 220
7923 216
7924 212
9524 1901.2
9543 1799.2
9562 1706.2
9585 1605.2
9606 1504.2
9628 1412.2
9527 1016.96
9513 767.956
1338 209.968
1341 221.968
1431 217.968
1430 213.968
1526 209.968
1619 205.968
1716 201.968
1340 217.968
1343 229.968
1433 225.968
1432 221.968
1528 217.968
1621 213.968
1718 209.968
1717 205.968
1342 225.968
9506 2002.2
9509 1021.96
9510 923.956
1334 205.968
1424 201.968
9567 974.956
9568 876.956
9569 778.956
9570 680.956
9571 582.956
9566 1072.96
1312 239
9547 912.956
9546 1011.96
9549 713.956
9548 812.956
9593 481.956
6911 429.956
6912 425.956
6913 421.956
6982 410.956
7051 405.956
7120 401.956
7121 397.956
7186 393.956
7187 389.956
7254 385.956
7322 380.956
7391 376.956
7457 372.956
7458 368.956
7459 364.956
7460 360.956
7461 356.956
7462 352.956
7463 348.956
7464 344.956
7465 340.956
7466 336.956
7467 332.956
7468 328.956
7469 324.956
7470 320.956
7471 316.956
7472 312.956
7473 308.956
7474 304.956
7475 300.956
7476 296.956
7477 292.956
7478 288.956
7479 284.956
7480 280.956
7481 276.956
7482 272.956
7483 268.956
7484 264.956
7485 260.956
7486 256.956
9592 580.956
9595 664.968
9594 565.968
5374 491.968
5286 487.968
5203 482.968
5202 478.968
5201 474.968
5121 470.968
5120 466.968
5038 462.968
4954 457.968
4869 453.968
4782 449.968
4693 444.968
4692 440.968
4691 436.968
4690 432.968
4604 428.968
4517 424.968
4428 420.968
4336 415.968
4244 411.968
4151 407.968
4061 402.968
4060 398.968
3970 394.968
3969 390.968
3880 386.968
3879 382.968
3878 378.968
3790 374.968
3702 369.968
3618 365.968
3617 361.968
3616 357.968
3530 353.968
3444 348.968
3443 344.968
3442 340.968
3441 336.968
3440 332.968
3439 328.968
3438 324.968
3437 320.968
3436 316.968
3435 312.968
3434 308.968
3433 304.968
3432 300.968
3431 296.968
3430 292.968
3429 288.968
3428 284.968
3427 280.968
3426 276.968
3425 272.968
3424 268.968
3423 264.968
3422 260.968
3421 256.968
3420 252.968
3336 248.968
3335 244.968
3334 240.968
3333 236.968
3332 232.968
3331 228.968
3330 224.968
3329 220.968
3328 216.968
3327 212.968
3326 208.968
3325 204.968
3324 200.968
3323 196.968
3229 189.968
3138 184.968
3046 180.968
3045 176.968
2949 169.968
2948 165.968
1352 265.968
1357 285.968
1447 281.968
1543 277.968
1636 273.968
1733 269.968
1823 265.968
1822 261.968
1904 257.968
1903 253.968
1991 249.968
2081 245.968
2080 241.968
1359 293.968
1449 289.968
1545 285.968
1638 281.968
1735 277.968
1734 273.968
1824 269.968
1358 289.968
1448 285.968
9589 877.956
9590 778.956
9591 679.956
9588 976.956
1349 253.968
1348 249.968
1350 257.968
1401 234
1314 230
1315 226
1400 238
1403 207
1402 230
1395 259.533
1489 255.533
1586 251.533
1679 247.533
1775 243.533
1863 236.533
1394 256.533
9573 72
4102 68
4287 60
4377 56
4465 52
4553 48
4639 44
4721 40
4809 36
4895 32
4979 28
5063 24
5145 20
5224 16
5312 12
5404 8
1397 255
1396 259
1399 242
9574 561.968
3561 477.968
3475 472.968
3474 468.968
3473 464.968
3472 460.968
3471 456.968
3470 452.968
3469 448.968
3468 444.968
3467 440.968
3466 436.968
3465 432.968
3464 428.968
3463 424.968
3462 420.968
3461 416.968
3460 412.968
3459 408.968
3458 404.968
3457 400.968
3456 396.968
3455 392.968
3454 388.968
3453 384.968
3452 380.968
3451 376.968
3450 372.968
3449 368.968
3448 364.968
3447 360.968
3446 356.968
3445 352.968
1398 249
1391 253.533
1483 249.533
1581 245.533
9617 667.968
9616 568.968
7111 503.968
7110 499.968
7109 495.968
7108 491.968
7038 483.968
7037 479.968
6967 472.968
6966 468.968
6965 464.968
6964 460.968
6896 453.968
6828 448.968
6827 444.968
6754 440.968
6678 436.968
6600 431.968
6599 427.968
6519 423.968
6437 419.968
6359 415.968
6282 410.968
6207 406.968
6131 402.968
6055 397.968
5974 393.968
5901 389.968
5827 385.968
5752 380.968
5676 376.968
5596 372.968
5519 367.968
5518 363.968
5517 359.968
5516 355.968
5515 351.968
5514 347.968
5513 343.968
5427 339.968
5426 335.968
5425 331.968
5333 327.968
5245 323.968
5162 318.968
5082 314.968
5000 310.968
4916 305.968
4831 301.968
4744 297.968
4655 292.968
4569 288.968
4482 284.968
4393 280.968
4301 275.968
4209 271.968
4116 267.968
4026 262.968
3936 258.968
3847 254.968
3759 250.968
3671 245.968
3587 241.968
3501 237.968
3415 232.968
1434 229.968
1530 225.968
1623 221.968
1720 217.968
1719 213.968
1437 241.968
1436 237.968
1532 233.968
1438 245.968
1534 241.968
1627 237.968
1724 233.968
1723 229.968
1722 225.968
1428 205.968
9657 732
9636 629
9656 829
9635 726
9658 830
9661 770.724
9638 662.724
10125 648.14
1421 201.968
9660 698.968
9637 590.968
9615 497.968
6824 438.968
6751 434.968
6675 430.968
6598 426.968
6518 422.968
6436 418.968
6358 414.968
9655 927
9634 823
9654 1024
9633 920
1414 213.072
10030 203.934
1702 195.968
1794 188.968
1879 184.968
1963 178.968
2052 174.968
2142 170.968
2228 166.968
2316 161.968
2402 157.968
2487 153.968
2572 149.968
2659 145.968
2748 141.968
2836 137.968
2937 133.968
3040 129.968
3131 125.968
3223 121.968
3318 117.968
9639 683.968
9681 806.968
9680 837
9682 878.724
1445 273.968
1446 277.968
1542 273.968
1635 269.968
1732 265.968
1497 203
9677 1101.47
10128 1002.06
9679 835
9678 932
1491 257
1492 253
1490 259.533
1493 248
1494 244
1495 207
9721 1030
9700 926
9720 1028
1482 257.533
1579 253.533
1580 249.533
1674 244.533
1485 248.533
1486 248.533
1583 244.533
1676 240.533
1529 221.968
1533 237.968
9699 1023
9701 928
1524 201.968
1527 213.968
1512 207.68
1606 203.68
1704 198.68
1511 211.68
9742 1208
9741 1109
1553 317.968
1552 313.968
1551 309.968
1644 305.968
1741 301.968
1831 297.968
1830 293.968
1912 289.968
2000 285.968
1999 281.968
1998 277.968
1997 273.968
1996 269.968
2086 265.968
2085 261.968
2084 257.968
2173 253.968
2172 249.968
2171 245.968
2170 241.968
2255 237.968
2342 233.968
2427 229.968
2511 225.968
2596 221.968
2595 217.968
2681 213.968
2769 209.968
2857 205.968
2856 201.968
2855 197.968
2854 193.968
2954 189.968
2953 185.968
2952 181.968
2951 177.968
2950 173.968
1555 325.968
1648 321.968
1745 317.968
1744 313.968
1834 309.968
1916 305.968
2004 301.968
2094 297.968
2183 293.968
2182 289.968
2267 285.968
2354 281.968
2353 277.968
2352 273.968
2351 269.968
2436 265.968
2520 261.968
2605 257.968
2604 253.968
2603 249.968
2602 245.968
2688 241.968
2776 237.968
2864 233.968
2964 229.968
2963 225.968
2962 221.968
2961 217.968
2960 213.968
2959 209.968
2958 205.968
2957 201.968
2956 197.968
2955 193.968
1554 321.968
1647 317.968
1556 329.968
1649 325.968
1746 321.968
1836 317.968
1918 313.968
2006 309.968
2005 305.968
2095 301.968
1544 281.968
1546 289.968
1549 301.968
1548 297.968
1547 293.968
1640 289.968
1737 285.968
1736 281.968
1826 277.968
1825 273.968
1550 305.968
1537 253.968
1630 249.968
1727 245.968
1726 241.968
1816 237.968
1898 233.968
1986 229.968
2076 225.968
2165 221.968
2250 217.968
1536 249.968
1538 257.968
1541 269.968
9782 1436
9781 1339
9761 1213
1593 199
1686 195
1585 248.533
1678 244.533
9762 1313
1589 203
1591 199
1778 191
1949 183
2039 179
9819 1505
9799 1402
9779 1301
9760 1211
9818 1504
9821 1511
9801 1407
9780 1303
9820 1508
9800 1404
9823 1560.19
9804 1463.19
9784 1366.19
9763 1253.73
9744 1156.73
9723 1059.73
10126 965.998
9702 880.968
9822 1547
9802 1443
1625 229.968
1626 233.968
1620 209.968
9798 1425
9778 1323
9759 1233
9740 1131
1622 217.968
1612 193.968
1709 189.968
1605 203.968
9844 760.306
9833 743.243
10024 708.584
9830 668.494
9871 618.153
9829 561.467
9912 524.555
9828 493.236
9927 450.768
9827 411.896
9897 396.175
1657 356.968
1754 352.968
1753 348.968
1752 344.968
1751 340.968
1841 336.968
1923 332.968
2011 328.968
2101 324.968
2100 320.968
2189 316.968
2274 312.968
2361 308.968
2360 304.968
2359 300.968
2444 296.968
2528 292.968
2613 288.968
2612 284.968
2697 277.968
2696 273.968
2695 269.968
2694 265.968
2782 261.968
2870 257.968
2970 253.968
2969 249.968
2968 245.968
2967 241.968
2966 237.968
2965 233.968
1656 352.968
9835 715.166
9879 702.598
9834 777.857
9843 743.979
1658 360.968
9836 598.272
9904 557.883
9826 159.919
6240 148
6166 144
6089 140
6009 136
6010 132
6011 128
6012 124
6013 120
6014 116
6015 112
5936 108
5937 104
5863 100
5789 96
5790 92
5715 88
5636 84
5560 80
5561 76
5562 72
5563 68
5564 64
5565 60
5566 56
5567 52
5568 48
5569 44
5570 40
5571 36
5572 32
5573 28
5574 24
5575 20
5576 16
5577 12
5578 8
5579 4
1651 332.968
1650 328.968
1747 324.968
1837 320.968
1919 316.968
2007 312.968
2097 308.968
2186 304.968
2271 300.968
2358 296.968
2443 292.968
2527 288.968
1653 340.968
1652 336.968
9831 762.143
10007 711.004
9881 271.549
1643 301.968
1740 297.968
1739 293.968
1738 289.968
1642 297.968
9885 208.464
1645 309.968
1646 313.968
1743 309.968
1742 305.968
1632 257.968
1634 265.968
1637 277.968
1639 285.968
9866 274.646
604 265
1684 195
9913 46.25
4727 40
4815 36
4900 32
1673 253.533
9915 67.145
4194 64
4286 60
4376 56
9914 136.454
9825 127.551
5627 120
5628 116
5629 112
5630 108
5554 104
5555 100
5556 96
5557 92
5558 88
5559 84
9917 281.88
7084 276.956
7153 272.956
7218 268.956
7285 264.956
9916 502.692
9919 471.419
9918 188.843
9905 281.859
9906 67.996
4469 65.968
9909 40.604
4814 36
4899 32
4983 28
5066 24
9908 285.58
3249 282.968
3248 278.968
3340 271.968
9911 349.775
9910 88.942
5127 86
5207 81
5208 77
5209 73
5297 69
5298 65
5390 61
5391 57
5392 53
5483 49
9896 274.108
9899 172.816
2823 169
9900 295.769
6794 292.956
7014 280.956
9903 103.045
3749 97.968
3838 93.968
9902 474.256
9893 264.032
9895 148.353
4170 141
4171 137
4172 133
4173 129
4174 125
4267 121
4358 116
4359 112
4448 108
4536 104
4622 100
4705 95
4706 91
4794 87
4795 83
4881 79
4966 74
5050 70
5132 66
5212 61
5300 57
9894 165.621
9945 537.335
3476 476.968
9944 417.217
1769 412.968
1768 408.968
1767 404.968
1766 400.968
1765 396.968
1764 392.968
1763 388.968
1853 384.968
1852 380.968
1934 376.968
2022 372.968
2112 368.968
2201 364.968
2200 360.968
2285 356.968
2284 352.968
2371 348.968
2456 344.968
2540 340.968
2625 336.968
2624 332.968
2623 328.968
2622 324.968
2621 320.968
2620 316.968
2619 312.968
2618 308.968
2617 304.968
2616 300.968
2615 296.968
2614 292.968
9946 398.967
918 396.968
917 392.968
916 388.968
915 384.968
914 380.968
992 376.968
1064 372.968
1130 368.968
1206 364.968
1205 360.968
1204 356.968
1287 352.968
1373 348.968
1372 344.968
1462 340.968
1461 336.968
1557 332.968
1706 193.968
9949 52.472
6428 44
6349 40
6272 36
6198 32
6120 28
6040 24
5959 20
5885 16
9948 213.485
9951 266.187
1711 189.968
1801 185.968
9936 942.728
1699 215.863
1700 211.863
1604 207.968
9938 887.656
9943 501.667
9928 81.793
4195 77.968
4288 73.968
4379 69.968
9933 896.043
1757 364.968
1847 360.968
1846 356.968
1845 352.968
1927 348.968
2015 344.968
2014 340.968
2104 336.968
2103 332.968
2192 328.968
2191 324.968
2276 320.968
2363 316.968
2362 312.968
2447 308.968
2531 304.968
2530 300.968
1758 368.968
1848 364.968
1930 360.968
2018 356.968
2108 352.968
2197 348.968
2282 344.968
2369 340.968
2454 336.968
2453 332.968
2537 328.968
2536 324.968
9920 262.699
9923 300.998
3159 296.968
3158 292.968
3157 288.968
1749 332.968
1748 328.968
9924 273.422
9926 205.538
1750 336.968
9976 408.576
6005 372.956
6086 367.956
6162 363.956
6237 359.956
6312 354.956
9979 264.959
2871 261.968
2971 257.968
9981 1787.44
9968 293.851
9270 287.805
10129 286.524
9252 282.992
9971 131.964
7871 128
7798 124
7725 120
7653 116
7580 112
7509 108
7443 104
7375 100
7306 96
1731 261.968
9973 647.879
9972 71.369
6893 68.529
10082 65.269
6747 60
6668 56
6589 52
6506 48
9975 203.022
9974 597.383
9960 36.624
5069 32
5229 24
5316 20
5315 16
5406 12
5496 8
9967 182.908
9966 256.783
3845 252.968
3757 248.968
3586 240.968
3500 236.968
1790 225
1876 221
1875 217
1874 213
1873 209
1957 205
1956 201
1955 197
2044 193
2135 186
2312 178
2399 171
2398 167
2484 163
2568 159
2655 155
1777 191
1865 187
1948 183
2037 179
2130 175
2221 171
2308 167
9952 267.018
9954 144.179
9956 347.65
5669 342.968
5510 334.968
5424 330.968
5332 326.968
5244 322.968
5161 317.968
5081 313.968
4999 309.968
4915 304.968
4830 300.968
4743 296.968
4654 291.968
4568 287.968
4481 283.968
4392 279.968
4300 274.968
4208 270.968
4115 266.968
4025 261.968
3935 257.968
3846 253.968
3758 249.968
3670 244.968
1780 191
9959 222.953
10009 981.331
10008 202.858
7853 200
7780 196
7781 192
7782 188
7783 184
7710 180
7711 176
7639 172
7640 168
7567 164
7496 160
7497 156
7431 152
7363 148
7294 144
7295 140
7296 136
1771 237.533
1861 233.533
1770 416.968
1774 240.533
10005 190.986
1817 241.968
1818 245.968
1900 241.968
1988 237.968
1987 233.968
2077 229.968
1821 257.968
9999 265.58
963 259.921
962 255.921
1035 251.921
1103 245.065
1034 238.065
1033 234.065
1032 230.067
10013 229.238
1031 225.968
1100 221.968
1809 209.968
1891 205.968
1808 205.968
1890 201.968
1978 197.968
1977 193.968
2067 189.968
2156 185.968
2241 181.968
2328 177.968
2327 173.968
2412 169.968
2411 165.968
2495 161.968
2494 157.968
1810 213.968
1813 225.968
1812 221.968
1814 229.968
10041 203.973
10040 418.242
6007 366.308
6164 356.308
6239 352.308
10043 282.51
10042 166.021
3479 163
3480 159
3481 155
3482 151
3564 147
3649 143
3732 138
3820 134
3907 130
3996 126
4086 121
4087 117
4088 113
4089 109
4090 105
4180 101
4273 97
4364 92
4453 88
4541 84
4627 80
4710 75
4711 71
4799 67
4885 63
4970 58
5054 54
5055 50
5056 46
5138 42
5218 37
5306 33
5398 29
5399 25
5490 21
10045 1093.67
1805 193.968
10044 307.658
2783 304.968
2698 300.968
10047 202.909
1807 201.968
1889 197.968
10046 617.262
1806 197.968
1888 193.968
1976 189.968
1975 185.968
10033 99.832
5381 97
5472 93
10032 1002.91
10035 154.037
7090 153
7019 148
6943 144
6944 140
6873 136
6802 132
6803 128
6804 124
6729 120
6651 116
6572 112
6490 108
6408 104
6330 100
6253 96
6254 92
6180 88
6103 84
6023 80
6024 76
6025 72
6026 68
5947 64
5873 60
5799 56
5724 52
5645 48
10034 153.97
10037 240.325
10036 249.489
10039 1745.8
10038 270.55
10027 231.195
1945 228.533
10026 150.554
1850 372.968
1932 368.968
2020 364.968
2110 360.968
2199 356.968
10029 247.543
10028 824.4
10031 187.098
1840 332.968
1839 328.968
1921 324.968
2009 320.968
2099 316.968
2188 312.968
2273 308.968
1843 344.968
1925 340.968
2013 336.968
1842 340.968
1844 348.968
10073 138.124
3025 136
3118 132
3213 127
3309 123
1833 305.968
1832 301.968
10072 137.289
3312 131
3311 127
10075 189.312
2042 187
2134 183
2224 179
2223 175
1835 313.968
10074 212.764
1838 324.968
1920 320.968
2008 316.968
10065 213.782
10064 96.946
10067 121.904
10066 213.497
10069 169.01
1829 289.968
1911 285.968
10068 99.106
3829 97
3917 93
4006 89
10071 63.253
10070 179.507
7286 176
7220 172
7155 168
7156 164
7157 160
7158 156
7089 152
10057 95.494
3580 92.025
3747 84
3835 80
3925 76
4014 72
1881 181.968
1969 177.968
10056 232.91
2036 228.533
2128 224.533
10059 275.653
1883 181.968
1971 177.968
10061 84.857
10060 157.336
2651 151
2739 147
2827 143
2925 139
3028 135
3120 131
3214 127
10063 313.738
6712 311.956
6788 307.956
6861 302.956
6862 298.956
6934 294.956
7010 290.956
7081 285.956
7082 281.956
1887 189.968
10062 322.21
10051 409.163
10050 156.306
2486 154.968
10053 184.689
7354 182
10055 414.792
10054 265.26
1860 412.968
1859 408.968
1858 404.968
1857 400.968
1856 396.968
1855 392.968
1854 388.968
1936 384.968
2024 380.968
2114 376.968
2203 372.968
2288 368.968
2375 364.968
2460 360.968
2544 356.968
2543 352.968
2542 348.968
2627 344.968
2626 340.968
1913 293.968
2001 289.968
1915 301.968
2003 297.968
2002 293.968
1914 297.968
1917 309.968
1905 261.968
1896 225.968
1899 237.968
1902 249.968
1892 209.968
1895 221.968
1894 217.968
1982 213.968
1944 228.533
2034 224.533
1947 232.533
1939 396.968
2027 392.968
2026 388.968
2025 384.968
1929 356.968
2017 352.968
2016 348.968
1928 352.968
1922 328.968
1924 336.968
1926 344.968
1965 177.968
2055 173.968
2145 169.968
2231 165.968
2318 161.968
2404 157.968
2489 153.968
2574 149.968
2661 145.968
2749 141.968
2837 137.968
2938 133.968
3042 129.968
3132 125.968
3224 121.968
1967 177.968
2057 173.968
2147 169.968
2233 165.968
2320 161.968
1966 177.968
1954 194
2043 190
2010 324.968
2012 332.968
1992 253.968
1994 261.968
1993 257.968
1990 245.968
2041 183
2033 224.533
2125 220.533
2217 216.533
2304 212.533
2038 179
2131 175
2019 360.968
2109 356.968
2021 368.968
2023 376.968
2072 209.968
2161 205.968
2246 201.968
2333 197.968
2332 193.968
2331 189.968
2416 185.968
2075 221.968
2164 217.968
2249 213.968
2074 217.968
2078 233.968
2065 181.968
2066 185.968
2068 193.968
2071 205.968
2160 201.968
2245 197.968
2070 201.968
2056 173.968
2061 173.968
2105 340.968
2107 348.968
2106 344.968
2195 340.968
2194 336.968
2279 332.968
2366 328.968
2365 324.968
2364 320.968
2449 316.968
2533 312.968
2532 308.968
2096 305.968
2098 312.968
2102 328.968
2088 273.968
2177 269.968
2176 265.968
2175 261.968
2174 257.968
2091 285.968
2090 281.968
2179 277.968
2264 273.968
2093 293.968
2092 289.968
2181 285.968
2180 281.968
2083 253.968
2082 249.968
2143 169.968
2229 165.968
2133 179
2126 220.533
2113 372.968
2169 237.968
2163 213.968
2167 229.968
2166 225.968
2251 221.968
2155 181.968
2154 177.968
2159 197.968
2144 169.968
2146 169.968
2151 169.968
2193 332.968
2196 344.968
2198 352.968
2185 301.968
2184 297.968
2187 308.968
2190 320.968
2232 165.968
2319 161.968
2235 165.968
2322 161.968
2407 157.968
2239 173.968
2326 169.968
2238 169.968
2325 165.968
2225 182
2230 165.968
2317 161.968
2403 157.968
2488 153.968
2573 149.968
2216 217.533
2219 179
2266 281.968
2269 293.968
2356 289.968
2355 285.968
2268 289.968
2270 297.968
2357 293.968
2442 289.968
2526 285.968
2611 281.968
2257 245.968
2344 241.968
2343 237.968
2256 241.968
2259 253.968
2346 249.968
2345 245.968
2258 249.968
2261 261.968
2348 257.968
2347 253.968
2260 257.968
2248 209.968
2254 233.968
2244 193.968
2281 340.968
2368 336.968
2280 336.968
2367 332.968
2452 328.968
2283 348.968
2286 360.968
2272 304.968
2275 316.968
2277 324.968
2278 328.968
2335 205.968
2315 162.968
2401 158.968
2306 167
2395 163
2481 159
2565 155
2653 151
2741 147
2829 143
2311 175
2310 171
2341 229.968
2340 225.968
2393 212.595
2479 205.595
2394 163
2387 412.968
2386 408.968
2471 404.968
2470 400.968
2469 396.968
2553 392.968
2638 388.968
2637 384.968
2636 380.968
2635 376.968
2634 372.968
2633 368.968
2632 364.968
2631 360.968
2630 356.968
2629 352.968
2628 348.968
2370 344.968
2455 340.968
2373 356.968
2458 352.968
2372 352.968
2457 348.968
2374 360.968
2425 221.968
2509 217.968
2594 213.968
2593 209.968
2592 205.968
2591 201.968
2677 197.968
2424 217.968
2508 213.968
2426 225.968
2510 221.968
2429 237.968
2513 233.968
2598 229.968
2597 225.968
2428 233.968
2431 245.968
2430 241.968
2514 237.968
2420 201.968
2504 197.968
2589 193.968
2423 213.968
2507 209.968
2422 209.968
2405 157.968
2459 356.968
2448 312.968
2451 324.968
2535 320.968
2450 320.968
2441 285.968
2525 281.968
2610 277.968
2609 273.968
2608 269.968
2607 265.968
2606 261.968
2440 281.968
2439 277.968
2438 273.968
2437 269.968
2521 265.968
2445 300.968
2446 304.968
2433 253.968
2432 249.968
2490 153.968
2575 149.968
2480 159
2564 155
2652 151
2485 167
2523 273.968
2512 229.968
2515 241.968
2517 249.968
2516 245.968
2601 241.968
2687 237.968
2775 233.968
2863 229.968
2862 225.968
2519 257.968
2518 253.968
2506 205.968
2498 173.968
2502 189.968
2587 185.968
2673 181.968
2539 336.968
2538 332.968
2541 344.968
2529 296.968
2534 316.968
2585 177.968
2586 181.968
2569 163
2570 167
2657 163
2745 159
2833 155
2832 151
2929 147
2928 143
3030 139
2563 155
2600 237.968
2599 233.968
2685 229.968
2773 225.968
2861 221.968
2649 184
2650 180
2680 209.968
2679 205.968
2767 201.968
2683 221.968
2682 217.968
2770 213.968
2858 209.968
2684 225.968
2772 221.968
2860 217.968
2859 213.968
2686 233.968
2672 177.968
2671 173.968
2670 169.968
2758 165.968
2757 161.968
2678 201.968
2656 159
2660 145.968
2662 145.968
2751 141.968
2839 137.968
2713 360.968
2712 356.968
2705 328.968
2704 324.968
2703 320.968
2707 336.968
2706 332.968
2709 344.968
2708 340.968
2711 352.968
2710 348.968
2699 304.968
2701 312.968
2700 308.968
2702 316.968
2689 245.968
2691 253.968
2690 249.968
2693 261.968
2781 257.968
2869 253.968
2868 249.968
2867 245.968
2866 241.968
2865 237.968
2692 257.968
2780 253.968
2747 141.968
2835 137.968
2936 133.968
2746 161
2750 141.968
2838 137.968
2740 147
2828 143
2743 151
2831 147
2733 189
2777 241.968
2779 249.968
2778 245.968
2768 205.968
2771 217.968
2774 229.968
2765 193.968
2853 189.968
2852 185.968
2851 181.968
2764 189.968
2766 197.968
2793 340.968
2792 336.968
2791 332.968
2795 348.968
2794 344.968
2797 356.968
2796 352.968
2799 364.968
2798 360.968
2785 308.968
2784 304.968
2787 316.968
2786 312.968
2789 324.968
2788 320.968
2790 328.968
2845 157.968
2822 173
2873 309.968
2872 307.968
2972 303.968
3066 299.968
2875 317.968
2874 313.968
2877 325.968
2876 321.968
2879 333.968
2878 329.968
2850 177.968
2909 192
2910 188
2911 184
3014 177
3015 173
3016 169
3109 165
3204 160
3205 156
3206 152
3302 148
3303 144
2888 369.968
2881 341.968
2880 337.968
2883 349.968
2882 345.968
2885 357.968
2884 353.968
2887 365.968
2886 361.968
2930 151
3032 147
3124 143
3123 139
3122 135
3216 131
2933 139.968
2934 135.968
3038 131.968
3129 127.968
3222 122.968
3317 118.968
3408 114.968
2932 143.968
2935 134.968
3039 130.968
3130 126.968
2921 141
3024 137
3117 133
3212 128
3308 124
3404 120
3490 115
2923 139
3026 135
3119 131
2922 140.457
2924 139
2926 139
2913 177
2914 173
2912 181
2915 169
3017 165
3110 161
2973 307.968
2975 315.968
2974 311.968
3068 307.968
3067 303.968
2985 355.968
2984 351.968
2983 347.968
2982 343.968
2981 339.968
3075 335.968
3074 331.968
3073 327.968
3072 323.968
3071 319.968
3070 315.968
3069 311.968
2987 363.968
3081 359.968
3080 355.968
3079 351.968
3078 347.968
3077 343.968
3076 339.968
2986 359.968
2989 371.968
3083 367.968
3082 363.968
2988 367.968
2977 323.968
2976 319.968
2979 331.968
2978 327.968
2980 335.968
3033 150
3035 143.968
3126 139.968
3219 134.968
3314 130.968
3315 126.968
3316 122.968
3034 147.968
3125 143.968
3218 138.968
3313 134.968
3036 139.968
3127 135.968
3220 130.968
3221 126.968
3027 135
3019 157
3112 153
3207 148
3018 161
3021 149
3114 145
3209 140
3210 136
3022 145
3023 141
3116 137
3211 132
3013 195
3012 199
3065 256.968
3064 252.968
3063 248.968
3062 244.968
3061 240.968
3060 236.968
3059 232.968
3058 228.968
3057 224.968
3056 220.968
3055 216.968
3054 212.968
3053 208.968
3052 204.968
3051 200.968
3050 196.968
3049 192.968
3048 188.968
3047 184.968
3084 371.968
3108 169
3203 164
3300 160
3395 156
3111 157
3161 304.968
3160 300.968
3163 312.968
3162 308.968
3165 320.968
3164 316.968
3167 328.968
3166 324.968
3152 240.968
3155 252.968
3154 248.968
3156 256.968
3145 212.968
3144 208.968
3143 204.968
3147 220.968
3146 216.968
3149 228.968
3148 224.968
3151 236.968
3150 232.968
3141 196.968
3140 192.968
3142 200.968
3177 368.968
3176 364.968
3175 360.968
3174 356.968
3173 352.968
3172 348.968
3171 344.968
3170 340.968
3169 336.968
3168 332.968
3178 372.968
3231 197.968
3257 314.968
3256 310.968
3255 306.968
3254 302.968
3253 298.968
3252 294.968
3251 290.968
3250 286.968
3259 322.968
3258 318.968
3261 330.968
3260 326.968
3263 338.968
3262 334.968
3241 237.968
3240 233.968
3245 253.968
3244 249.968
3153 244.968
3246 257.968
3233 205.968
3232 201.968
3239 229.968
3238 225.968
3272 374.968
3271 370.968
3270 366.968
3269 362.968
3268 358.968
3267 354.968
3266 350.968
3265 346.968
3264 342.968
3275 386.968
3274 382.968
3273 378.968
3307 128
3299 164
3298 168
3393 164
3353 323.968
3352 319.968
3351 315.968
3350 311.968
3349 307.968
3348 303.968
3347 299.968
3346 295.968
3345 291.968
3344 287.968
3343 283.968
3342 279.968
3341 275.968
3355 331.968
3354 327.968
3357 339.968
3356 335.968
3359 347.968
3358 343.968
3337 252.968
3339 260.968
3338 256.968
3361 355.968
3360 351.968
3363 363.968
3362 359.968
3365 371.968
3364 367.968
3417 240.968
3416 236.968
3419 248.968
3418 244.968
3401 132
3399 144
3400 140
3485 148
3487 127
3568 123
3654 119
3737 114
3738 110
3825 106
3826 102
3477 172.167
3478 169.615
3513 285.968
3512 281.968
3515 293.968
3514 289.968
3517 301.968
3516 297.968
3519 309.968
3518 305.968
3505 253.968
3504 249.968
3507 261.968
3506 257.968
3509 269.968
3508 265.968
3510 273.968
3503 245.968
3502 241.968
3492 114
3573 110
3529 349.968
3528 345.968
3531 357.968
3533 365.968
3532 361.968
3535 373.968
3534 369.968
3521 317.968
3520 313.968
3523 325.968
3522 321.968
3525 333.968
3524 329.968
3527 341.968
3526 337.968
3579 96.025
3581 96.025
3609 329.968
3608 325.968
3611 337.968
3610 333.968
3613 345.968
3612 341.968
3615 353.968
3614 349.968
3601 297.968
3600 293.968
3599 289.968
3603 305.968
3602 301.968
3605 313.968
3604 309.968
3607 321.968
3606 317.968
3593 265.968
3592 261.968
3591 257.968
3590 253.968
3595 273.968
3594 269.968
3597 281.968
3596 277.968
3598 285.968
3589 249.968
3588 245.968
3624 389.968
3623 385.968
3537 381.968
3619 369.968
3620 373.968
3673 253.968
3672 249.968
3675 261.968
3674 257.968
3677 269.968
3676 265.968
3679 277.968
3678 273.968
3651 142
3733 138
3705 381.968
3621 377.968
3704 377.968
3707 389.968
3697 349.968
3696 345.968
3699 357.968
3698 353.968
3701 365.968
3700 361.968
3703 373.968
3689 317.968
3688 313.968
3687 309.968
3691 325.968
3690 321.968
3693 333.968
3692 329.968
3695 341.968
3694 337.968
3681 285.968
3680 281.968
3683 293.968
3682 289.968
3685 301.968
3684 297.968
3686 305.968
3741 102
3742 102.131
3730 146
3731 142
3734 142
3769 290.968
3768 286.968
3771 298.968
3770 294.968
3773 306.968
3772 302.968
3775 314.968
3774 310.968
3761 258.968
3760 254.968
3763 266.968
3762 262.968
3765 274.968
3764 270.968
3767 282.968
3766 278.968
3753 102.968
3842 98.968
3931 94.968
4019 90.968
4108 86.968
4199 82.968
4291 78.968
4471 68.968
3752 99.968
3841 95.968
3930 91.968
4018 87.968
4107 83.968
4198 79.968
4290 75.968
3746 88
3748 84
3836 80
3926 76
3751 99.968
3840 95.968
3929 91.968
4017 87.968
4106 83.968
3793 386.968
3792 382.968
3795 394.968
3796 398.968
3708 393.968
3785 354.968
3784 350.968
3787 362.968
3786 358.968
3789 370.968
3788 366.968
3791 378.968
3777 322.968
3776 318.968
3779 330.968
3778 326.968
3781 338.968
3780 334.968
3783 346.968
3782 342.968
3833 103
3832 99
3920 95
4008 91
4096 85
3834 107
3837 80
3828 101.32
3819 142
3821 122
3910 118
3999 114
3865 326.968
3864 322.968
3867 334.968
3866 330.968
3869 342.968
3868 338.968
3871 350.968
3870 346.968
3857 294.968
3856 290.968
3859 302.968
3858 298.968
3861 310.968
3860 306.968
3863 318.968
3862 314.968
3849 262.968
3848 258.968
3851 270.968
3850 266.968
3853 278.968
3852 274.968
3855 286.968
3854 282.968
3889 422.968
3888 418.968
3800 414.968
3712 409.968
3711 405.968
3627 401.968
3541 397.968
3881 390.968
3883 398.968
3882 394.968
3794 390.968
3706 385.968
3885 406.968
3797 402.968
3709 397.968
3884 402.968
3887 414.968
3799 410.968
3886 410.968
3873 358.968
3872 354.968
3875 366.968
3874 362.968
3877 374.968
3876 370.968
3932 260.355
3921 99
4009 95
3923 107
4011 103
4010 99
3922 103
3924 77
4013 73
3915 98
3914 102
4003 98
4093 93
4183 89
4276 85
4367 80
4456 76
4544 72
4630 68
4713 63
4801 59
4802 55
4803 51
4889 47
4974 42
5058 38
5059 34
5060 30
3904 142
3905 138
3994 134
4084 129
4085 125
4175 121
4176 117
4177 113
4270 109
4361 104
4450 100
4538 96
4624 92
4707 87
3909 122
3998 118
3961 358.968
3960 354.968
3963 366.968
3962 362.968
3965 374.968
3964 370.968
3967 382.968
3966 378.968
3953 326.968
3952 322.968
3955 334.968
3954 330.968
3957 342.968
3956 338.968
3959 350.968
3958 346.968
3945 294.968
3944 290.968
3947 302.968
3946 298.968
3949 310.968
3948 306.968
3951 318.968
3950 314.968
3943 286.968
3942 282.968
3992 142
4082 137
4083 133
3977 422.968
3976 418.968
3979 430.968
3978 426.968
3968 386.968
3971 398.968
3973 406.968
3972 402.968
3975 414.968
3974 410.968
4024 260.968
3934 256.968
4031 282.968
4030 278.968
3940 274.968
4023 260.968
4001 106
4091 101
4092 97
4182 93
4275 89
4366 84
4455 80
4000 110
4004 94
4094 89
4184 85
4277 81
4368 76
4457 72
4545 68
4631 64
4714 59
4057 386.968
4056 382.968
4059 394.968
4058 390.968
4063 410.968
4062 406.968
4049 354.968
4048 350.968
4051 362.968
4050 358.968
4053 370.968
4052 366.968
4055 378.968
4054 374.968
4041 322.968
4040 318.968
4039 314.968
4043 330.968
4042 326.968
4045 338.968
4044 334.968
4047 346.968
4046 342.968
4033 290.968
4032 286.968
4034 294.968
4037 306.968
4036 302.968
4035 298.968
4038 310.968
4065 418.968
4064 414.968
4067 426.968
4066 422.968
4069 434.968
4068 430.968
4071 442.968
3981 438.968
3892 434.968
3804 430.968
3716 425.968
3632 421.968
3546 417.968
4070 438.968
4121 287.968
4123 295.968
4122 291.968
4112 264.968
4104 81.968
4111 264.968
4022 260.968
3933 256.968
4097 73
4101 72
4153 415.968
4152 411.968
4155 423.968
4154 419.968
4157 431.968
4156 427.968
4159 439.968
4158 435.968
4145 383.968
4144 379.968
4149 399.968
4148 395.968
4150 403.968
4137 351.968
4136 347.968
4139 359.968
4138 355.968
4141 367.968
4140 363.968
4143 375.968
4142 371.968
4131 327.968
4130 323.968
4133 335.968
4132 331.968
4135 343.968
4134 339.968
4189 68
4282 64
4373 59
4462 55
4550 51
4636 47
4719 42
4807 38
4893 34
4978 29
5062 25
5144 21
4190 67
4283 63
4374 58
4463 54
4551 50
4637 46
4720 41
4808 37
4894 33
4161 447.968
4160 443.968
4162 451.968
4072 446.968
3982 442.968
4216 299.968
4215 295.968
4214 291.968
4213 287.968
4212 283.968
4119 279.968
4029 274.968
4028 270.968
4027 266.968
4203 268.968
4249 431.968
4248 427.968
4247 423.968
4251 439.968
4250 435.968
4253 447.968
4252 443.968
4255 455.968
4254 451.968
4241 399.968
4243 407.968
4242 403.968
4245 415.968
4246 419.968
4233 367.968
4232 363.968
4231 359.968
4235 375.968
4234 371.968
4237 383.968
4236 379.968
4224 331.968
4227 343.968
4226 339.968
4225 335.968
4229 351.968
4228 347.968
4230 355.968
4280 69
4371 64
4272 101
4363 96
4274 93
4365 88
4279 73
4370 68
4459 64
4547 60
4548 56
4278 77
4369 72
4265 137
4266 133
4264 141
4256 459.968
4263 145
4262 483.968
4169 479.968
4079 474.968
4078 470.968
4077 466.968
4076 462.968
4075 458.968
4074 454.968
3984 450.968
3895 446.968
3807 442.968
3719 437.968
3718 433.968
3634 429.968
3633 425.968
4317 339.968
4316 335.968
4319 347.968
4318 343.968
4305 291.968
4289 73.968
4380 69.968
4295 272.968
4204 268.968
4294 272.968
4345 451.968
4344 447.968
4347 459.968
4346 455.968
4348 463.968
4337 419.968
4339 427.968
4338 423.968
4341 435.968
4340 431.968
4343 443.968
4342 439.968
4329 387.968
4328 383.968
4327 379.968
4333 403.968
4335 411.968
4334 407.968
4320 351.968
4323 363.968
4325 371.968
4324 367.968
4326 375.968
4375 57
4464 53
4552 49
4638 45
4360 108
4362 100
4451 96
4539 92
4625 88
4708 83
4709 79
4797 75
4883 71
4968 66
5052 62
5053 58
4355 143
4354 147
4357 120
4409 344.968
4408 340.968
4411 352.968
4410 348.968
4413 360.968
4321 355.968
4412 356.968
4415 368.968
4414 364.968
4322 359.968
4395 288.968
4303 283.968
4211 279.968
4210 275.968
4394 284.968
4302 279.968
4387 276.968
4296 272.968
4388 276.968
4297 272.968
4206 268.968
4113 264.968
4441 472.968
4349 467.968
4440 468.968
4442 476.968
4350 471.968
4258 467.968
4165 463.968
4445 147
4444 484.968
4352 479.968
4260 475.968
4167 471.968
4447 120
4433 440.968
4432 436.968
4435 448.968
4434 444.968
4437 456.968
4436 452.968
4438 460.968
4429 424.968
4431 432.968
4430 428.968
4417 376.968
4416 372.968
4419 384.968
4418 380.968
4421 392.968
4420 388.968
4449 104
4452 92
4505 376.968
4504 372.968
4503 368.968
4502 364.968
4501 360.968
4507 384.968
4506 380.968
4508 388.968
4497 344.968
4499 352.968
4498 348.968
4500 356.968
4488 308.968
4399 304.968
4307 299.968
4306 295.968
4485 296.968
4396 292.968
4304 287.968
4484 292.968
4487 304.968
4398 300.968
4486 300.968
4537 100
4540 88
4529 472.968
4528 468.968
4439 464.968
4531 480.968
4530 476.968
4533 151
4532 484.968
4534 155
4521 440.968
4520 436.968
4523 448.968
4522 444.968
4525 456.968
4524 452.968
4527 464.968
4526 460.968
4571 296.968
4570 292.968
4573 304.968
4572 300.968
4575 312.968
4554 48
4640 44
4722 40
4546 64
4593 384.968
4592 380.968
4591 376.968
4590 372.968
4589 368.968
4588 364.968
4595 392.968
4594 388.968
4596 396.968
4509 392.968
4587 360.968
4576 316.968
4633 56
4716 51
4717 47
4805 43
4891 39
4976 34
4632 60
4715 55
4634 52
4626 84
4617 480.968
4619 155
4618 484.968
4621 104
4704 99
4623 96
4609 448.968
4611 456.968
4610 452.968
4613 464.968
4612 460.968
4615 472.968
4614 468.968
4657 300.968
4656 296.968
4659 308.968
4658 304.968
4660 312.968
4574 308.968
4642 44
4724 40
4812 36
4898 32
4982 28
4697 460.968
4696 456.968
4695 452.968
4699 468.968
4698 464.968
4701 476.968
4700 472.968
4702 480.968
4616 476.968
4681 396.968
4680 392.968
4679 388.968
4683 404.968
4682 400.968
4684 408.968
4598 404.968
4597 400.968
4674 368.968
4677 380.968
4676 376.968
4675 372.968
4678 384.968
4728 44
4816 40
4730 52
4818 48
4725 40
4726 40
4763 373.968
4765 381.968
4767 389.968
4766 385.968
4747 309.968
4746 305.968
4749 317.968
4748 313.968
4750 321.968
4661 316.968
4793 91
4879 87
4964 82
4965 78
5049 74
4792 95
4878 91
4963 86
4785 461.968
4787 469.968
4786 465.968
4789 477.968
4788 473.968
4791 485.968
4790 481.968
4769 397.968
4768 393.968
4771 405.968
4772 409.968
4811 36
4896 32
4980 28
5064 24
5146 20
5225 16
5313 12
4810 36
4813 36
4800 63
4804 47
4860 417.968
4859 413.968
4858 409.968
4863 429.968
4776 425.968
4687 420.968
4601 416.968
4514 412.968
4425 408.968
4853 389.968
4852 385.968
4851 381.968
4764 377.968
4855 397.968
4854 393.968
4843 349.968
4756 345.968
4667 340.968
4666 336.968
4665 332.968
4579 328.968
4578 324.968
4491 320.968
4490 316.968
4401 312.968
4309 307.968
4308 303.968
4835 317.968
4834 313.968
4839 333.968
4838 329.968
4751 325.968
4662 320.968
4888 51
4973 46
4880 83
4882 75
4967 70
5051 66
4887 55
4972 50
4873 469.968
4872 465.968
4875 477.968
4874 473.968
4877 485.968
4876 481.968
4865 437.968
4864 433.968
4777 429.968
4688 424.968
4918 313.968
4833 309.968
4897 32
4981 28
4903 44
4957 469.968
4959 477.968
4958 473.968
4945 421.968
4947 429.968
4862 425.968
4775 421.968
4686 416.968
4600 412.968
4513 408.968
4424 404.968
4332 399.968
4331 395.968
4330 391.968
4946 425.968
4949 437.968
4948 433.968
4950 441.968
4937 389.968
4936 385.968
4939 397.968
4938 393.968
4940 401.968
4942 409.968
4857 405.968
4856 401.968
4986 36
4961 485.968
4960 481.968
4962 90
5020 390.968
5022 398.968
5011 354.968
4927 349.968
4926 345.968
4841 341.968
4754 337.968
5015 370.968
4931 365.968
4846 361.968
4845 357.968
4844 353.968
4757 349.968
4668 344.968
4582 340.968
4495 336.968
4406 332.968
4314 327.968
4313 323.968
4221 319.968
4128 315.968
5041 474.968
5040 470.968
4956 465.968
4871 461.968
4784 457.968
5043 482.968
5042 478.968
5045 90
5046 86
5047 82
5129 78
5044 486.968
5033 442.968
5032 438.968
5027 418.968
4943 413.968
5026 414.968
5031 434.968
5030 430.968
5065 24
5057 42
5113 438.968
5112 434.968
5101 390.968
5019 386.968
4935 381.968
4850 377.968
5102 394.968
5093 358.968
5092 354.968
5010 350.968
5094 362.968
5137 46
5217 41
5305 37
5136 50
5216 45
5139 38
5219 33
5220 29
5308 25
5400 21
5401 17
5402 13
5141 30
5221 25
5222 21
5310 17
5140 34
5142 26
5128 82
5131 70
5211 65
5299 61
5130 74
5210 69
5133 62
5213 57
5214 53
5302 49
5394 45
5395 41
5486 37
5123 478.968
5125 486.968
5124 482.968
5126 490.968
5176 374.968
5096 370.968
5014 366.968
4930 361.968
4929 357.968
5175 370.968
5174 366.968
5173 362.968
5172 358.968
5171 354.968
5170 350.968
5090 346.968
5089 342.968
5088 338.968
5006 334.968
4922 329.968
4921 325.968
4836 321.968
5205 490.968
5204 486.968
5206 85
5193 442.968
5192 438.968
5194 446.968
5275 443.968
5274 439.968
5191 434.968
5111 430.968
5110 426.968
5109 422.968
5108 418.968
5107 414.968
5106 410.968
5105 406.968
5104 402.968
5103 398.968
5276 447.968
5304 41
5396 37
5487 33
5307 29
5309 21
5296 73
5301 53
5303 45
5295 77
5387 73
5478 69
5294 81
5386 77
5477 73
5287 491.968
5361 439.968
5360 435.968
5272 431.968
5189 426.968
5393 49
5484 45
5397 33
5380 101
5471 97
5382 93
5473 89
5465 491.968
5464 487.968
5372 483.968
5371 479.968
5283 475.968
5200 470.968
5199 466.968
5198 462.968
5118 458.968
5036 454.968
4952 449.968
4951 445.968
5489 25
5488 29
5491 17
5493 9
5492 13
5485 41
5585 24
5661 20
5660 16
5659 12
5582 8
5581 4
5626 492.968
5549 487.968
5548 483.968
5547 479.968
5461 475.968
5369 471.968
5368 467.968
5280 463.968
5197 458.968
5196 454.968
5116 450.968
5034 446.968
5657 4
5658 8
5662 24
5649 32
5648 36
5651 24
5650 28
5652 20
5655 8
5643 56
5644 52
5647 40
5646 44
5634 92
5695 452.968
5694 448.968
5693 444.968
5613 440.968
5536 435.968
5535 431.968
5534 427.968
5533 423.968
5447 419.968
5446 415.968
5445 411.968
5353 407.968
5265 403.968
5182 398.968
5725 48
5727 40
5726 44
5737 8
5736 8
5739 16
5738 12
5740 20
5729 32
5730 28
5731 24
5728 36
5733 16
5734 12
5788 100
5809 16
5808 20
5811 12
5813 13
5812 12
5815 21
5814 17
5801 48
5800 52
5803 40
5802 44
5805 32
5804 36
5806 28
5881 28
5807 24
5732 20
5653 16
5880 32
5883 20
5882 24
5887 16
5886 16
5872 64
5875 52
5874 56
5877 44
5876 48
5879 36
5878 40
5864 96
5862 104
5889 21
5888 17
5949 52
5950 48
5951 44
5952 40
5939 96
5940 92
5866 88
5792 84
5717 80
5718 76
5719 72
5640 68
5961 20
5960 20
5962 21
5953 36
5954 32
5955 28
5956 24
5958 20
6001 388.956
6082 383.956
6158 379.956
6233 375.956
6308 370.956
6309 366.956
6310 362.956
6311 358.956
6000 497.968
5999 493.968
5998 489.968
5997 485.968
5924 481.968
5923 477.968
5849 473.968
5774 468.968
5773 464.968
5697 460.968
5617 456.968
5540 451.968
5454 447.968
5453 443.968
6003 380.956
6084 375.956
6160 371.956
6235 367.956
6002 384.956
6083 379.956
6159 375.956
6004 376.956
6085 371.956
6041 24
6033 40
6034 36
6035 32
6036 28
6032 44
6039 24
6038 24
6027 64
6028 60
6029 56
6030 52
6031 48
6016 108
6109 60
6111 52
6112 48
6110 56
6081 387.956
6157 383.956
6232 379.956
6307 374.956
6121 28
6122 28
6042 24
6113 44
6115 36
6116 32
6114 40
6119 28
6118 28
6161 367.956
6155 498.968
6079 493.968
6156 387.956
6231 383.956
6306 378.956
6193 36
6192 40
6195 32
6197 32
6196 32
6187 60
6188 56
6186 64
6189 52
6191 44
6190 48
6234 371.956
6236 363.956
6230 498.968
6154 494.968
6078 489.968
6077 485.968
6076 481.968
6075 477.968
6074 473.968
5993 469.968
5920 465.968
5846 461.968
5771 456.968
5770 452.968
6265 48
6264 52
6267 40
6266 44
6269 36
6271 36
6270 36
6261 64
6263 56
6262 60
6241 144
6242 140
6243 136
6244 132
6245 128
6246 124
6247 120
6173 116
6174 112
6097 108
6017 104
6018 100
6318 148
6305 382.956
6344 44
6347 40
6346 40
6348 40
6351 40
6274 36
6200 32
6339 64
6338 68
6341 56
6340 60
6343 48
6342 52
6393 335.956
6394 331.956
6392 339.956
6385 367.956
6386 363.956
6387 359.956
6388 355.956
6389 351.956
6390 347.956
6391 343.956
6384 371.956
6381 383.956
6382 379.956
6383 375.956
6380 499.968
6303 494.968
6228 490.968
6227 486.968
6151 482.968
6425 44
6424 44
6426 44
6417 68
6418 64
6416 72
6421 52
6420 56
6422 48
6409 100
6410 96
6332 92
6255 88
6256 84
6257 80
6258 76
6259 72
6185 68
6411 92
6412 88
6334 84
6415 76
6337 72
6260 68
6401 132
6323 128
6459 380.956
6540 376.956
6620 371.956
6621 367.956
6622 363.956
6623 359.956
6624 355.956
6702 351.956
6778 347.956
6851 342.956
6852 338.956
6853 334.956
6854 330.956
6926 326.956
7002 322.956
7073 317.956
7142 313.956
7143 309.956
7144 305.956
7145 301.956
7146 297.956
7147 293.956
7148 289.956
7149 285.956
7150 281.956
7215 277.956
7282 273.956
7350 268.956
7419 264.956
7420 260.956
6458 384.956
6539 380.956
6619 375.956
6461 372.956
6462 368.956
6463 364.956
6544 360.956
6460 376.956
6483 136
6484 132
6485 128
6403 124
6325 120
6248 116
6473 324.956
6554 320.956
6634 315.956
6472 328.956
6477 311.956
6558 307.956
6638 302.956
6716 298.956
6792 294.956
6865 289.956
6937 285.956
7013 281.956
6476 312.956
6557 308.956
6478 310.956
6559 306.956
6639 301.956
6717 297.956
6793 293.956
6866 288.956
6938 284.956
6465 356.956
6546 352.956
6626 347.956
6704 343.956
6780 339.956
6464 360.956
6467 348.956
6548 344.956
6628 339.956
6706 335.956
6782 331.956
6855 326.956
6856 322.956
6857 318.956
6858 314.956
6859 310.956
6860 306.956
6466 352.956
6469 340.956
6470 336.956
6551 332.956
6631 327.956
6632 323.956
6710 319.956
6786 315.956
6468 344.956
6549 340.956
6629 335.956
6707 331.956
6708 327.956
6784 323.956
6471 332.956
6504 52
6507 48
6508 48
6497 80
6498 76
6499 72
6500 68
6502 60
6503 56
6553 324.956
6633 319.956
6552 328.956
6555 316.956
6635 311.956
6713 307.956
6789 303.956
6545 356.956
6625 351.956
6703 347.956
6547 348.956
6627 343.956
6550 336.956
6630 331.956
6541 372.956
6543 364.956
6542 368.956
6585 60
6584 64
6586 56
6588 52
6591 52
6509 48
6590 52
6579 84
6580 80
6581 76
6583 68
6582 72
6575 100
6576 96
6577 92
6495 88
6496 84
6414 80
6560 305.956
6640 300.956
6718 296.956
6565 140
6566 136
6567 132
6618 379.956
6644 144
6665 60
6664 64
6667 56
6659 84
6658 88
6661 76
6660 80
6663 68
6662 72
6714 303.956
6705 339.956
6709 323.956
6711 315.956
6787 311.956
6697 371.956
6773 367.956
6846 362.956
6918 358.956
6919 354.956
6995 350.956
7066 345.956
7067 341.956
7136 337.956
7137 333.956
7138 329.956
7203 325.956
7270 321.956
7338 316.956
7407 312.956
7408 308.956
7409 304.956
7410 300.956
6696 375.956
6699 363.956
6775 359.956
6848 354.956
6849 350.956
6921 346.956
6922 342.956
6923 338.956
6924 334.956
6925 330.956
7001 326.956
7072 321.956
7141 317.956
6698 367.956
6774 363.956
6847 358.956
6701 355.956
6700 359.956
6776 355.956
6695 379.956
6745 60
6746 60
6737 88
6738 84
6739 80
6736 92
6741 72
6740 76
6743 64
6742 68
6733 104
6655 100
6735 96
6723 144
6724 140
6725 136
6647 132
6568 128
6569 124
6570 120
6488 116
6406 112
6328 108
6251 104
6252 100
6777 351.956
6850 346.956
6779 343.956
6781 335.956
6783 327.956
6771 375.956
6844 370.956
6845 366.956
6770 504.968
6769 500.968
6693 496.968
6615 491.968
6535 487.968
6534 483.968
6452 479.968
6451 475.968
6373 471.968
6296 466.968
6295 462.968
6220 458.968
6144 454.968
6068 449.968
5987 445.968
5914 441.968
5840 437.968
5765 432.968
5689 428.968
5609 424.968
5532 419.968
6772 371.956
6809 104
6810 100
6811 96
6812 92
6813 88
6814 84
6815 80
6816 76
6798 148
6799 144
6800 140
6801 136
6785 319.956
6790 299.956
6863 294.956
6843 374.956
6817 72
6818 68
6821 64
6822 64
6879 112
6808 108
6869 152
6870 148
6871 144
6910 433.956
6889 72
6888 76
6892 68
6881 104
6882 100
6880 108
6883 96
6885 88
6884 92
6887 80
6886 84
6941 152
6940 156
6929 314.956
6930 310.956
7006 306.956
7077 301.956
6931 306.956
7007 302.956
7078 297.956
7079 293.956
7080 289.956
6933 298.956
6932 302.956
7008 298.956
6935 290.956
6920 350.956
6996 346.956
6927 322.956
7003 318.956
7074 313.956
7075 309.956
6915 370.956
6916 366.956
6917 362.956
6914 374.956
6990 370.956
7061 365.956
7062 361.956
7063 357.956
7064 353.956
7133 349.956
7134 345.956
7199 341.956
7200 337.956
7267 333.956
7335 328.956
7404 324.956
6953 100
6952 104
6954 96
6955 92
6956 88
6957 84
6959 76
6958 80
6949 116
6950 112
6951 108
7000 330.956
7071 325.956
7140 321.956
7205 317.956
7272 313.956
7340 308.956
7005 310.956
7076 305.956
7004 314.956
6993 358.956
6992 362.956
6994 354.956
7065 349.956
6997 342.956
7068 337.956
7069 333.956
6999 334.956
7070 329.956
7139 325.956
6998 338.956
6985 398.956
7054 393.956
7055 389.956
7056 385.956
7057 381.956
7058 377.956
7127 373.956
7128 369.956
7193 365.956
7194 361.956
7195 357.956
7262 353.956
7330 348.956
7399 344.956
6984 402.956
7053 397.956
6987 390.956
6986 394.956
6989 374.956
7060 369.956
6988 386.956
6991 366.956
6977 430.956
7046 425.956
7115 421.956
7116 417.956
7117 413.956
7182 409.956
7249 405.956
7317 400.956
7386 396.956
7387 392.956
7388 388.956
7454 384.956
7455 380.956
7456 376.956
6976 434.956
7045 429.956
7114 425.956
7179 421.956
7246 417.956
7314 412.956
7315 408.956
7384 404.956
7450 400.956
7451 396.956
7452 392.956
7453 388.956
6979 422.956
7048 417.956
7049 413.956
7118 409.956
7119 405.956
6978 426.956
7047 421.956
6981 414.956
7050 409.956
6980 418.956
6983 406.956
7052 401.956
7033 80
7032 84
7025 112
7024 116
7027 104
7026 108
7029 96
7028 100
7031 88
7030 92
7017 156
7016 160
7018 152
6942 148
7023 120
7009 294.956
7011 286.956
7059 373.956
7044 433.956
7097 112
7096 116
7099 104
7098 108
7101 96
7102 92
7100 100
7103 88
7088 156
7095 120
7094 124
7085 168
7015 164
6939 160
6868 156
7087 160
7086 164
7129 365.956
7131 357.956
7196 353.956
7263 349.956
7331 344.956
7332 340.956
7333 336.956
7334 332.956
7403 328.956
7130 361.956
7132 353.956
7135 341.956
7123 389.956
7188 385.956
7189 381.956
7256 377.956
7324 372.956
7325 368.956
7394 364.956
7122 393.956
7125 381.956
7126 377.956
7124 385.956
7113 429.956
7178 425.956
7245 421.956
7313 416.956
7382 412.956
7448 408.956
7449 404.956
7112 433.956
7177 429.956
7244 425.956
7312 420.956
7381 416.956
7104 84
7163 132
7164 128
7165 124
7162 144
7228 140
7229 136
7230 132
7231 128
7167 116
7166 120
7159 156
7160 152
7226 148
7227 144
7151 277.956
7192 369.956
7259 365.956
7327 360.956
7328 356.956
7329 352.956
7398 348.956
7197 349.956
7264 345.956
7198 345.956
7185 397.956
7252 393.956
7320 388.956
7321 384.956
7390 380.956
7184 401.956
7251 397.956
7319 392.956
7191 373.956
7258 369.956
7326 364.956
7395 360.956
7396 356.956
7190 377.956
7257 373.956
7176 84
7106 80
7035 76
7181 413.956
7248 409.956
7316 404.956
7180 417.956
7247 413.956
7183 405.956
7250 401.956
7318 396.956
7169 108
7170 104
7171 100
7172 96
7173 92
7168 112
7224 156
7225 152
7216 273.956
7219 176
7221 168
7222 164
7223 160
7209 301.956
7276 297.956
7344 292.956
7413 288.956
7414 284.956
7415 280.956
7416 276.956
7417 272.956
7208 305.956
7275 301.956
7343 296.956
7412 292.956
7211 293.956
7278 289.956
7346 284.956
7210 297.956
7277 293.956
7345 288.956
7213 285.956
7280 281.956
7348 276.956
7212 289.956
7214 281.956
7281 277.956
7349 272.956
7201 333.956
7202 329.956
7204 321.956
7207 309.956
7206 313.956
7273 309.956
7341 304.956
7342 300.956
7261 357.956
7260 361.956
7241 88
7243 429.956
7311 424.956
7242 88
7233 120
7232 124
7234 116
7289 164
7290 160
7288 168
7291 156
7292 152
7293 148
7283 269.956
7351 264.956
7287 172
7274 305.956
7279 285.956
7347 280.956
7265 341.956
7266 337.956
7269 325.956
7337 320.956
7406 316.956
7268 329.956
7336 324.956
7271 317.956
7339 312.956
7323 376.956
7304 104
7307 92
7310 428.956
7303 108
7302 112
7353 260
7555 248
7355 180
7356 176
7357 172
7359 164
7358 168
7376 96
7369 124
7368 128
7371 116
7370 120
7373 108
7372 112
7361 156
7362 152
7360 160
7367 132
7418 268.956
7423 184
7424 180
7425 176
7426 172
7427 168
7422 186
7411 296.956
7401 336.956
7400 340.956
7402 332.956
7405 320.956
7397 352.956
7441 112
7440 116
7432 148
7435 136
7436 132
7437 128
7434 140
7439 120
7438 124
7429 160
7428 164
7430 156
7513 416
7514 412
7515 408
7516 404
7517 400
7518 396
7519 392
7520 388
7521 384
7522 380
7523 376
7524 372
7525 368
7526 364
7527 360
7528 356
7529 352
7530 348
7531 344
7532 340
7533 336
7534 332
7535 328
7536 324
7537 320
7538 316
7539 312
7540 308
7541 304
7542 300
7543 296
7544 292
7545 288
7546 284
7547 280
7548 276
7549 272
7550 268
7551 264
7552 260
7553 256
7554 252
7505 124
7504 128
7507 116
7506 120
7501 140
7502 136
7503 132
7489 188
7490 184
7491 180
7492 176
7493 172
7495 164
7494 168
7582 425
7655 421
7656 417
7729 413
7803 408
7804 404
7568 160
7570 152
7573 140
7572 144
7575 132
7576 128
7574 136
7561 188
7560 192
7563 180
7564 176
7562 184
7565 172
7566 168
7559 194
7488 190
7609 317
7682 313
7755 309
7829 304
7830 300
7831 296
7832 292
7608 321
7681 317
7754 313
7828 308
7611 309
7612 305
7613 301
7686 297
7759 293
7833 288
7610 313
7615 293
7688 289
7689 285
7690 281
7691 277
7692 273
7765 269
7839 264
7840 260
7841 256
7842 252
7614 297
7603 341
7676 337
7749 333
7823 328
7824 324
7605 333
7606 329
7607 325
7604 337
7677 333
7750 329
7592 385
7665 381
7738 377
7812 372
7641 164
7643 156
7644 152
7571 148
7500 144
7645 148
7647 140
7646 144
7633 196
7634 192
7635 188
7636 184
7637 180
7638 176
7625 253
7626 249
7627 245
7628 241
7629 237
7630 233
7703 229
7776 225
7850 220
7624 257
7617 285
7616 289
7619 277
7618 281
7621 269
7622 265
7623 261
7696 257
7769 253
7843 248
7620 273
7679 325
7752 321
7826 316
7678 329
7751 325
7825 320
7648 136
7649 132
7654 116.123
10081 112.087
7707 192
7708 188
7706 196
7709 184
7697 253
7770 249
7844 244
7845 240
7699 245
7772 241
7846 236
7698 249
7771 245
7701 237
7774 233
7848 228
7849 224
7700 241
7773 237
7847 232
7702 233
7775 229
7693 269
7694 265
7767 261
7695 261
7680 321
7753 317
7827 312
7683 309
7756 305
7685 301
7684 305
7757 301
7687 293
7760 289
7834 284
7720 140
7721 136
7713 168
7712 172
7715 160
7716 156
7717 152
7718 148
7719 144
7768 257
7761 285
7835 280
7836 276
7763 277
7837 272
7762 281
7764 273
7838 268
7766 265
7758 297
7793 144
7794 140
7795 136
7792 148
7785 176
7786 172
7784 180
7789 160
7790 156
7791 152
7788 164
7779 200
7778 217
7865 152
7864 156
7866 148
7861 168
7862 164
7863 160
7854 196
7929 192
7930 188
7931 184
7933 176
7932 180
7935 168
7934 172
7937 160
7938 156
7936 164
7941 144
8013 139
7944 132
7872 128
7726 120
8057 215
8049 247
8050 243
8048 251
8035 303
8036 299
8074 148
8065 183
8067 175
8069 167
8120 203
