 key  value
8122 624.968
8123 620.968
8064 616.968
8065 612.968
8003 608.968
8004 604.968
8005 600.968
8006 596.968
8007 592.968
8008 588.968
8009 584.968
8010 580.968
8011 576.968
7942 569.968
7869 565.968
7796 561.968
7723 557.968
7651 553.968
7578 549.968
7507 545.968
7441 541.968
7442 537.968
7374 533.968
7305 529.968
7306 525.968
7240 521.968
7174 517.968
7104 513.968
7033 509.968
6959 505.968
6889 501.968
6818 497.968
6743 493.968
6665 489.968
6586 485.968
6504 481.968
6422 477.968
6344 473.968
6267 469.968
6193 465.968
6116 461.968
6036 457.968
5956 453.968
5883 449.968
5809 445.968
5734 441.968
5655 437.968
5579 433.968
5494 429.968
5404 425.968
5313 421.968
5226 417.968
5147 413.968
5066 409.968
4983 405.968
4899 401.968
4814 397.968
4727 390.968
4728 386.968
4729 382.968
9898 378.451
4643 373
4557 369
4469 365
4380 361
4289 357
4196 353
4105 349
4016 345
3928 341
3839 337
3750 333
3665 329
3582 325
3497 321
3409 317
3319 313
3225 309
3133 305
3043 301
2940 297
2941 293
2942 289
2943 285
2944 281
2945 277
2946 273
2947 269
2948 265
2949 261
3045 254
3046 250
3138 246
3229 241
3323 234
3324 230
3325 226
3326 222
3327 218
3328 214
3329 210
3330 206
3331 202
3332 198
3333 194
3417 190
3503 185
3504 181
3590 177
3591 173
3675 169
3763 164
3764 160
3852 156
3853 152
3854 148
3855 144
3944 140
4034 136
4035 132
4036 128
4037 124
4038 120
4039 116
4040 112
4041 108
4042 104
4043 100
4044 96
4045 92
4046 88
4047 84
4048 80
4049 76
4050 72
4051 68
4052 64
4053 60
4054 56
4055 52
4056 48
4057 44
4058 40
4059 36
4060 32
4061 28
4062 24
4063 20
4064 16
4065 12
4066 8
4067 4
8125 612.968
8126 608.968
8127 604.968
8068 600.968
8124 616.968
8113 660.968
8054 656.968
8055 652.968
7993 648.968
7994 644.968
7995 640.968
7996 636.968
7997 632.968
7998 628.968
7999 624.968
8000 620.968
8001 616.968
8002 612.968
8112 664.968
8053 660.968
8115 652.968
8116 648.968
8057 644.968
8114 656.968
8117 644.968
8118 640.968
8119 636.968
8120 632.968
8121 628.968
8105 692.968
8106 688.968
8107 684.968
8108 680.968
8109 676.968
8110 672.968
8051 668.968
8052 664.968
8104 696.968
8045 692.968
8046 688.968
8047 684.968
8048 680.968
8049 676.968
8050 672.968
8111 668.968
8097 724.968
8038 720.968
7976 716.968
7977 712.968
7978 708.968
7979 704.968
7980 700.968
7981 696.968
7982 692.968
7983 688.968
7984 684.968
7985 680.968
7986 676.968
7987 672.968
7988 668.968
7989 664.968
7990 660.968
7991 656.968
7992 652.968
8096 728.968
8037 724.968
7975 720.968
8099 716.968
8040 712.968
8041 708.968
8098 720.968
8039 716.968
8101 708.968
8042 704.968
8043 700.968
8044 696.968
8100 712.968
8103 700.968
8102 704.968
8155 724.968
8157 716.968
8158 712.968
8159 708.968
8160 704.968
8156 720.968
8136 800.968
8137 796.968
8080 792.968
8021 788.968
8022 784.968
8023 780.968
7961 776.968
7962 772.968
7963 768.968
7964 764.968
7965 760.968
7966 756.968
7967 752.968
7968 748.968
7969 744.968
7970 740.968
7971 736.968
7972 732.968
7973 728.968
7974 724.968
8128 600.968
8129 596.968
8130 592.968
8131 588.968
8072 584.968
8073 580.968
8185 604.968
8186 600.968
8187 596.968
8184 608.968
8177 636.968
8178 632.968
8179 628.968
8176 640.968
8181 620.968
8180 624.968
8183 612.968
8182 616.968
8169 668.968
8170 664.968
8171 660.968
8172 656.968
8173 652.968
8168 672.968
8175 644.968
8174 648.968
8161 700.968
8162 696.968
8163 692.968
8165 684.968
8164 688.968
8167 676.968
8166 680.968
8217 708.968
8216 712.968
8219 700.968
8220 696.968
8218 704.968
8221 692.968
8223 684.968
8222 688.968
8215 716.968
8214 720.968
8241 612.968
8240 616.968
8242 608.968
8243 604.968
8233 644.968
8232 648.968
8235 636.968
8234 640.968
8237 628.968
8238 624.968
8236 632.968
8239 620.968
8225 676.968
8226 672.968
8227 668.968
8224 680.968
8229 660.968
8230 656.968
8228 664.968
8231 652.968
8281 668.968
8280 672.968
8283 660.968
8282 664.968
8285 652.968
8284 656.968
8287 644.968
8286 648.968
8273 700.968
8272 704.968
8275 692.968
8274 696.968
8277 684.968
8278 680.968
8279 676.968
8276 688.968
91 433
112 429
127 424
128 420
146 416
175 412
213 408
259 403
310 399
366 395
428 390
492 386
563 382
635 377
705 373
782 369
867 364
945 360
1017 356
1087 352
1160 347
1244 343
1328 339
1419 334
1516 330
1610 326
1708 321
1799 317
1882 313
1971 308
2062 304
2152 300
2238 296
2326 291
2412 287
2497 283
2583 278
2670 274
2759 270
2848 265
8269 716.968
8270 712.968
8271 708.968
93 425
94 421
95 417
96 413
117 409
118 405
135 393
154 386
183 382
221 378
267 373
318 369
374 365
436 360
500 356
571 352
643 347
713 343
790 339
875 334
876 330
877 326
878 322
956 318
1028 314
1029 310
1030 306
1100 302
1173 297
1257 293
1258 289
1342 285
1433 280
1530 276
1531 272
1625 268
1723 263
1724 259
1815 255
1898 251
1987 246
1988 242
1989 238
1990 234
1991 230
2082 226
2083 222
2084 218
2085 214
2086 210
2176 206
2177 202
2263 198
2351 193
2437 189
2438 185
2439 181
2524 177
2610 172
2611 168
2612 164
2613 160
2614 156
2615 152
2616 148
2699 144
2785 140
2874 135
2875 131
2876 127
2977 123
2978 119
2979 115
2980 111
2981 107
2982 103
3077 99
3171 95
3265 90
3266 86
3267 82
3268 78
3269 74
3363 70
3364 66
3365 62
3366 58
3367 54
3452 50
3538 45
3539 41
3625 37
3626 33
3627 29
3628 25
3629 21
3713 17
3801 12
3889 8
3978 4
8268 720.968
92 429
113 425
8319 716.968
8318 720.968
8298 600.968
8299 596.968
8246 592.968
8189 588.968
8132 584.968
125 432
143 428
172 424
173 420
174 416
212 412
258 407
126 428
144 424
8289 636.968
8288 640.968
8291 628.968
115 417
116 413
8290 632.968
114 421
8293 620.968
8294 616.968
8295 612.968
8296 608.968
8297 604.968
8292 624.968
8344 616.968
8349 602.802
9963 600.837
110 437
8337 644.968
8336 648.968
8339 636.968
8340 632.968
8341 628.968
8342 624.968
8338 640.968
8343 620.968
8329 676.968
8330 672.968
8328 680.968
8331 668.968
8333 660.968
8332 664.968
8335 652.968
8334 656.968
8321 708.968
8322 704.968
145 420
8320 712.968
8323 700.968
147 413
176 409
214 405
260 400
311 396
367 392
429 387
430 383
494 379
565 375
637 370
707 366
784 362
869 357
947 353
1019 349
1089 345
1162 340
1246 336
1330 332
1421 327
1518 323
1612 319
1710 314
1801 310
1884 306
1973 301
2064 297
2154 293
2240 289
2328 284
2414 280
2499 276
2585 271
2672 267
2761 263
2850 258
2951 254
8325 692.968
149 406
150 402
179 398
180 394
181 390
182 386
8324 696.968
148 409
177 405
215 401
261 396
312 392
368 388
8327 684.968
8326 688.968
8377 680.968
8378 676.968
8376 684.968
8379 672.968
8380 668.968
8381 664.968
8382 660.968
8383 656.968
8369 712.968
129 417
8368 716.968
8371 704.968
8372 700.968
131 409
132 405
133 401
134 397
8370 708.968
130 413
8373 696.968
8374 692.968
8375 688.968
178 402
8393 616.968
8345 612.968
217 394
263 389
264 385
265 381
316 377
372 373
434 368
435 364
499 360
216 398
262 393
219 386
218 390
8385 648.968
209 424
255 419
306 415
307 411
363 407
425 402
489 398
490 394
561 390
633 385
634 381
8384 652.968
8387 640.968
8388 636.968
211 416
257 411
8386 644.968
210 420
256 415
8389 632.968
8390 628.968
8391 624.968
8392 620.968
8441 624.968
8440 628.968
8433 656.968
8434 652.968
8435 648.968
8436 644.968
8437 640.968
8438 636.968
8439 632.968
8432 660.968
8425 688.968
8426 684.968
8424 692.968
8427 680.968
8428 676.968
8429 672.968
8431 664.968
8430 668.968
254 423
8419 712.968
8420 708.968
8421 704.968
8422 700.968
8423 696.968
8418 716.968
8473 688.968
8472 692.968
8475 680.968
8474 684.968
8477 672.968
8476 676.968
8479 664.968
8478 668.968
8467 712.968
8468 708.968
8466 716.968
8469 704.968
8471 696.968
8470 700.968
266 377
317 373
8499 772.968
8453 768.968
8406 764.968
8407 760.968
8358 756.968
8310 752.968
8261 748.968
8262 744.968
8263 740.968
8264 736.968
8265 732.968
8266 728.968
8213 724.968
8500 768.968
8501 764.968
8455 760.968
8408 756.968
8359 752.968
8311 748.968
313 389
369 385
431 380
495 376
566 372
638 367
708 363
709 359
786 355
871 350
949 346
950 342
1022 338
1092 334
1165 329
1249 325
1250 321
1334 317
1425 312
1426 308
1427 304
1428 300
1525 296
1526 292
1620 288
1718 283
1719 279
1720 275
1721 271
1812 267
1813 263
1814 259
1897 255
1986 250
2077 246
2167 242
2168 238
2254 234
2342 229
2343 225
2429 221
2430 217
2515 213
2601 208
2688 204
2777 200
2866 195
2867 191
2968 187
3063 183
3155 179
3246 174
3339 170
3423 166
3509 161
3595 157
3596 153
3597 149
3681 145
3769 140
3770 136
3858 132
3947 128
315 381
371 377
433 372
314 385
370 381
432 376
319 368
375 364
437 359
501 355
572 351
8481 656.968
305 419
361 415
423 410
424 406
488 402
559 398
631 393
632 389
8480 660.968
8483 648.968
8484 644.968
8485 640.968
8486 636.968
8482 652.968
309 403
308 407
364 403
426 398
8487 632.968
8488 628.968
8489 624.968
8490 620.968
8491 616.968
8444 612.968
8445 608.968
8396 604.968
8348 600.968
299 462
355 458
416 453
417 449
479 445
480 441
550 434
622 429
623 425
624 421
625 417
626 413
627 409
628 405
698 401
699 397
700 393
701 389
702 385
703 381
704 377
8529 652.968
8528 656.968
8531 644.968
8530 648.968
8533 636.968
8534 632.968
8532 640.968
8521 684.968
8522 680.968
8523 676.968
8524 672.968
8525 668.968
8526 664.968
8527 660.968
8520 688.968
8515 708.968
8514 712.968
8517 700.968
8516 704.968
8519 692.968
8518 696.968
8569 672.968
8570 668.968
8571 664.968
8572 660.968
8568 676.968
8573 656.968
8574 652.968
8575 648.968
8576 644.968
8577 640.968
8561 704.968
8560 708.968
8563 696.968
8564 692.968
8565 688.968
8562 700.968
8567 680.968
8566 684.968
373 369
360 419
422 414
362 411
8605 704.968
8606 700.968
8607 696.968
365 399
427 394
8604 708.968
353 466
414 461
415 457
477 453
478 449
8589 768.968
8590 764.968
8547 760.968
8548 756.968
8549 752.968
8505 748.968
8459 744.968
8412 740.968
8363 736.968
8315 732.968
413 465
8588 772.968
8545 768.968
8546 764.968
412 469
474 465
475 461
476 457
8632 764.968
8633 760.968
8592 756.968
8631 768.968
8630 772.968
8617 656.968
8616 660.968
8619 648.968
8618 652.968
8609 688.968
8608 692.968
8611 680.968
8610 684.968
8613 672.968
8612 676.968
8615 664.968
8614 668.968
8671 768.968
8672 764.968
8670 772.968
8657 664.968
8658 660.968
8659 656.968
8660 652.968
8661 648.968
8620 644.968
8656 668.968
421 418
420 422
8649 696.968
473 469
8648 700.968
8651 688.968
8650 692.968
8653 680.968
8654 676.968
8655 672.968
8652 684.968
469 485
470 481
471 477
472 473
8647 704.968
8646 708.968
8697 664.968
8696 668.968
8699 656.968
8700 652.968
8701 648.968
8702 644.968
8703 640.968
8664 636.968
8623 632.968
8580 628.968
8581 624.968
8537 620.968
8698 660.968
8689 696.968
8691 688.968
8692 684.968
8690 692.968
8693 680.968
8695 672.968
8694 676.968
8686 708.968
8687 704.968
497 368
568 364
640 359
641 355
711 351
712 347
496 372
498 364
569 360
8729 692.968
8730 688.968
8731 684.968
8732 680.968
8733 676.968
8734 672.968
8735 668.968
8736 664.968
8737 660.968
8738 656.968
8739 652.968
8740 648.968
8728 696.968
491 390
562 386
483 422
484 418
485 414
486 410
557 406
629 401
630 397
487 406
8726 704.968
8727 700.968
537 486
609 481
610 477
611 473
612 469
613 465
614 461
615 457
616 453
617 449
618 445
619 441
620 437
621 433
539 478
538 482
541 470
540 474
543 462
542 466
8711 764.968
8712 760.968
8713 756.968
8714 752.968
8676 748.968
8637 744.968
8596 740.968
8553 736.968
8554 732.968
8555 728.968
8556 724.968
8557 720.968
8513 716.968
8710 768.968
8763 704.968
8764 700.968
8765 696.968
8766 692.968
8767 688.968
8747 768.968
8746 772.968
570 356
642 351
8748 764.968
564 379
636 374
706 370
783 366
868 361
946 357
553 422
552 426
555 414
554 418
556 410
545 454
544 458
8787 768.968
8788 764.968
8789 760.968
8750 756.968
547 446
8786 772.968
546 450
551 430
8776 652.968
605 497
606 493
607 489
608 485
8780 651.331
9950 645.669
8704 640.968
8769 680.968
8768 684.968
8771 672.968
8772 668.968
8773 664.968
8770 676.968
8775 656.968
8774 660.968
8827 768.968
8828 764.968
8816 652.968
8777 648.968
8741 644.968
8809 680.968
8810 676.968
8811 672.968
8808 684.968
8813 664.968
8814 660.968
8812 668.968
8815 656.968
8801 712.968
8762 708.968
8800 716.968
8761 712.968
8725 708.968
8803 704.968
8805 696.968
8806 692.968
8804 700.968
8807 688.968
8849 680.968
8848 684.968
8851 672.968
8850 676.968
8853 664.968
8852 668.968
8854 660.968
8841 712.968
8842 708.968
8843 704.968
8844 700.968
8845 696.968
8846 692.968
8847 688.968
8890 660.96
9969 657.03
8881 696.96
8882 692.96
8883 688.96
8884 684.96
8885 680.96
8886 676.96
8887 672.96
8888 668.96
8889 664.96
8880 700.96
8877 712.96
8878 708.96
8879 704.96
689 444
690 440
691 436
692 432
693 428
694 424
695 420
696 416
697 412
688 448
681 476
682 472
683 468
684 464
685 460
686 456
687 452
8920 680.96
680 480
8913 708.96
8912 712.96
8915 700.96
8916 696.96
675 500
676 496
677 492
678 488
679 484
8914 704.96
8917 692.96
8919 684.96
8918 688.96
8911 716.96
8910 720.96
8953 684.96
8952 688.96
8945 716.96
8946 712.96
8944 720.96
8947 708.96
8949 700.96
8948 704.96
8951 692.96
8950 696.96
710 355
761 475
762 471
763 467
764 463
765 459
766 455
767 451
768 447
769 443
770 439
771 435
772 431
773 427
774 423
760 479
753 507
754 503
755 499
756 495
757 491
758 487
759 483
8985 688.96
8986 684.96
8987 680.96
8955 676.96
8956 672.96
8957 668.96
8924 664.96
8984 692.96
8977 720.96
8978 716.96
8976 724.96
8979 712.96
8980 708.96
8981 704.96
8982 700.96
8983 696.96
8975 728.96
8943 724.96
8974 732.96
785 359
870 354
948 350
787 351
872 346
789 343
874 338
952 334
1024 330
1094 326
1167 321
1251 317
1252 313
1253 309
1254 305
1255 301
1339 297
1430 292
1431 288
1432 284
788 347
873 342
951 338
9017 688.96
9018 684.96
9016 692.96
9009 720.96
9008 724.96
9011 712.96
9012 708.96
9013 704.96
9014 700.96
9015 696.96
9010 716.96
9005 736.96
9006 732.96
9007 728.96
8997 768.96
8966 764.96
8967 760.96
8968 756.96
8969 752.96
8937 748.96
8904 744.96
8905 740.96
8906 736.96
8872 732.96
8873 728.96
8874 724.96
8875 720.96
8876 716.96
8998 764.96
9041 716.96
9040 720.96
9043 708.96
9042 712.96
9045 700.96
9044 704.96
9047 692.96
9046 696.96
856 441
857 437
858 433
859 429
9037 732.96
9038 728.96
9036 736.96
9039 724.96
849 473
850 469
848 477
851 461
852 457
853 453
854 449
855 445
9029 764.96
9030 760.96
9000 756.96
9001 752.96
9002 748.96
8971 744.96
8939 740.96
9028 768.96
841 505
842 501
843 497
844 493
845 489
846 485
847 481
840 509
9073 704.96
9074 700.96
9075 696.96
9072 708.96
835 529
836 525
837 521
838 517
839 513
9065 736.96
9066 732.96
9067 728.96
9068 724.96
9064 740.96
9069 720.96
9070 716.96
9071 712.96
9059 760.96
9031 756.96
9058 764.96
9063 744.96
9113 768.96
9087 764.96
9117 752.96
9091 748.96
9092 744.96
9119 744.96
9093 740.96
9118 748.96
9104 696.96
9076 692.96
9077 688.96
9078 684.96
9050 680.96
9020 676.96
8989 672.96
9097 724.96
9098 720.96
921 525
922 521
923 517
9096 728.96
920 529
9099 716.96
9100 712.96
9101 708.96
9102 704.96
924 513
9103 700.96
927 501
928 497
926 505
9095 732.96
9094 736.96
9145 752.96
9146 748.96
9147 744.96
9148 740.96
9149 736.96
9150 732.96
9123 728.96
9144 756.96
9151 728.96
9152 724.96
9125 720.96
9141 768.96
9142 764.96
9115 760.96
9089 756.96
9090 752.96
9143 760.96
9116 756.96
9128 708.96
9130 700.96
954 326
1026 322
1096 318
1169 313
9133 692.96
9107 688.96
9121 736.96
9120 740.96
944 364
1016 360
9122 732.96
9124 724.96
9127 712.96
9126 716.96
9177 728.96
9176 732.96
937 456
938 452
939 448
940 444
936 460
9179 720.96
9180 716.96
9181 712.96
9182 708.96
9157 704.96
9178 724.96
9169 760.96
929 493
930 489
9171 752.96
9172 748.96
931 485
9170 756.96
9173 744.96
9174 740.96
9175 736.96
933 477
932 481
935 461.127
1010 457.127
1080 453.127
1153 448.127
1236 444.127
1319 440.127
1406 435.127
1502 428.127
1596 424.127
1690 419.127
1691 415.127
1692 411.127
1693 407.127
1694 403.127
1695 399.127
1696 395.127
1697 391.127
1698 387.127
1699 383.127
1700 379.127
1604 375.232
1605 371.232
1414 354
1511 350
1512 346
1513 342
1514 338
1608 334
1706 329
1707 325
1798 321
1881 317
1970 312
934 473
9153 720.96
9154 716.96
9155 712.96
9201 732.96
9200 736.96
9203 724.96
9204 720.96
9202 728.96
9205 716.96
9206 712.96
9193 764.96
9195 756.96
9196 752.96
1018 353
1088 349
1161 344
9197 748.96
1021 342
9199 740.96
9198 744.96
1009 477
1008 481
1011 456.127
1081 452.127
1015 364
1085 360
1158 355
1242 351
1326 347
1417 342
1014 368
1084 364
1157 359
1241 355
1325 351
1416 346
9241 752.96
9242 748.96
9243 744.96
9222 740.96
1001 528
1000 532
1003 508
1004 504
1005 500
1006 496
9245 736.96
9224 732.96
9244 740.96
9223 736.96
9247 728.96
9226 724.96
1007 485
9246 732.96
9225 728.96
9227 720.96
9228 716.96
9229 712.96
9207 708.96
9208 704.96
9184 700.96
9159 696.96
9132 692.96
9106 688.96
9219 752.96
9221 744.96
9220 748.96
1037 262
1038 258
1105 254
1182 249
1183 245
1184 241
1185 237
1186 233
1187 229
1188 225
1189 221
1190 217
1191 213
1192 209
1193 205
1277 201
1278 197
1365 193
1456 188
1457 184
1554 180
1648 176
1746 171
1837 167
1920 163
2009 158
2010 154
2101 150
2191 146
2277 142
2365 137
2451 133
2536 129
2622 124
2705 120
2791 116
2880 111
1027 318
9249 720.96
9250 716.96
1073 512
9248 724.96
1075 504
1076 500
1074 508
1077 485
1078 485
1097 314
1170 309
1171 305
1099 306
1172 301
1102 297
1090 342
1163 337
1247 333
1248 329
1332 325
1423 320
1520 316
1614 312
1712 307
1803 303
1804 299
1805 295
1806 291
1889 287
1978 282
1979 278
1980 274
1981 270
1982 266
1983 262
1984 258
2075 254
2076 250
2166 246
2252 242
2340 237
2341 233
1095 322
1168 317
1145 501.127
1229 497.127
1230 493.127
1231 489.127
1232 485.127
1233 481.127
1316 477.127
1496 469.127
1590 465.127
1684 460.127
1778 456.127
1949 448.127
1866 442.127
1867 438.127
1781 434.127
1782 430.127
1783 426.127
1784 422.127
1785 418.127
1786 414.127
1787 410.127
1788 406.127
1789 402.127
1790 398.127
1791 394.127
1792 390.127
1793 386.127
1144 506
1146 495
1147 491
1143 510
1142 514
1166 325
1152 452.127
1235 448.127
1156 363
1159 351
1243 347
1327 343
1418 338
9421 2249.92
9422 2151.92
9423 2053.92
9424 1955.92
9442 1780.92
9443 1681.92
9461 1546.92
9477 1440.92
9494 1333.92
9512 1201.92
9531 1094.92
9551 987.924
6006 798.924
6087 793.924
6163 789.924
6238 785.924
6313 780.924
6314 776.924
6315 772.924
6316 768.924
6317 764.924
6395 757.924
6474 750.924
6475 746.924
6556 742.924
6636 737.924
6714 733.924
6790 729.924
6863 724.924
6935 720.924
7011 716.924
7082 711.924
7151 707.924
7152 703.924
7217 699.924
7284 695.924
7352 690.924
7421 686.924
7487 682.924
9982 678.983
7556 673.968
7557 669.968
7558 665.968
7631 658.968
7704 654.968
7777 650.968
7851 645.968
7852 641.968
7925 637.968
7926 633.968
7927 629.968
7928 625.968
7855 621.968
7782 617.968
7783 613.968
7784 609.968
7711 605.968
7639 601.968
7566 597.968
7495 593.968
7496 589.968
7497 585.968
7431 581.968
7432 577.968
7433 573.968
7365 569.968
7296 565.968
7297 561.968
7298 557.968
7232 553.968
7166 549.968
7167 545.968
7097 541.968
7026 537.968
7027 533.968
7028 529.968
6954 525.968
6955 521.968
6956 517.968
6886 513.968
6887 509.968
6888 505.968
6817 501.968
6742 497.968
6664 493.968
6585 489.968
6503 485.968
6421 481.968
6343 477.968
6266 473.968
6192 469.968
1245 340
9420 2347.92
1234 452.127
1225 514
1224 518
1227 505.127
1228 501.127
1226 510
1221 565
1220 561
1305 557
1392 553
1484 549
1485 545
1486 541
1393 534
1306 528
1223 521
9462 1510.42
9939 1420.01
9478 1402.1
9942 1313.22
9495 1294.92
1222 569
1264 253
1265 249
1352 245
1443 240
1540 236
1634 232
1732 227
1733 223
1734 219
1735 215
1826 211
1827 207
1828 203
1911 199
2000 194
2091 190
2092 186
2182 182
2268 178
2356 173
2442 169
2527 165
1269 233
1356 229
1447 224
1544 220
1638 216
1736 211
1256 297
1259 273
1346 269
1437 264
1438 260
1439 256
1536 252
1537 248
1538 244
1632 240
1730 235
1821 231
1904 227
1993 222
9493 1388.92
9511 1255.92
9530 1149.92
9550 1043.92
9572 914.924
5928 817.924
1304 558
1307 525
1309 517.127
1310 513.127
1311 509.127
1312 505.127
1308 521.127
9529 1248.92
9528 1347.92
9532 1090.92
9525 2236.16
9544 2134.16
9563 2041.17
9586 1939.17
9607 1837.17
9629 1745.17
9630 1648.17
9631 1551.17
9984 1499.57
9609 1419.97
9610 1319.97
9611 1219.97
9612 1119.97
9613 1019.97
9614 919.968
7873 853.968
7800 849.968
7801 845.968
7802 841.968
7803 837.968
7876 833.968
7877 829.968
7878 825.968
7879 821.968
7880 817.968
7881 813.968
7882 809.968
7883 805.968
7884 801.968
7885 797.968
7886 793.968
7887 789.968
7888 785.968
7889 781.968
7890 777.968
7891 773.968
7892 769.968
7893 765.968
7894 761.968
7895 757.968
7896 753.968
7897 749.968
7898 745.968
7899 741.968
7900 737.968
7901 733.968
7902 729.968
7903 725.968
7904 721.968
7905 717.968
7906 713.968
7907 709.968
7908 705.968
7909 701.968
7910 697.968
7911 693.968
7912 689.968
7913 685.968
7914 681.968
7915 677.968
7916 673.968
7917 669.968
7918 665.968
7919 661.968
7920 657.968
7921 653.968
7922 649.968
7923 645.968
7924 641.968
9524 2331.16
9543 2229.16
9562 2136.16
9585 2035.17
9606 1934.17
9628 1842.17
9527 1446.92
9513 1197.92
1337 305
1336 309
1338 301
1429 296
1341 289
1340 293
1343 281
1434 276
1329 336
1420 331
9506 2432.16
9509 1451.92
9510 1353.92
1335 313
9567 1404.92
9568 1306.92
9569 1208.92
9570 1110.92
9571 1012.92
9566 1502.92
1317 448.127
1404 443.127
1405 439.127
1318 444.127
9547 1342.92
9546 1441.92
9549 1143.92
9548 1242.92
9593 911.924
6911 859.924
6912 855.924
6913 851.924
6982 840.924
7051 835.924
7120 831.924
7121 827.924
7122 823.924
7187 819.924
7254 815.924
7322 810.924
7391 806.924
7457 802.924
7458 798.924
7459 794.924
7460 790.924
7461 786.924
7462 782.924
7463 778.924
7464 774.924
7465 770.924
7466 766.924
7467 762.924
7468 758.924
7469 754.924
7470 750.924
7471 746.924
7472 742.924
7473 738.924
7474 734.924
7475 730.924
7476 726.924
7477 722.924
7478 718.924
7479 714.924
7480 710.924
7481 706.924
7482 702.924
7483 698.924
7484 694.924
7485 690.924
7486 686.924
9592 1010.92
9595 235
9594 136
5287 61
5204 56
5124 52
5042 48
4958 43
4873 39
4786 35
4697 30
4611 26
4524 22
4435 18
4343 13
4251 9
4158 5
1355 233
1446 228
1357 225
1448 220
1545 216
1546 212
1640 208
1738 203
1829 199
1912 195
2001 190
1359 217
1450 212
1547 208
1548 204
1549 200
1643 196
1741 191
1832 187
1915 183
2004 178
2005 174
2006 170
2097 166
2187 162
2273 158
2361 153
2362 149
2448 145
2533 141
2619 136
2620 132
2621 128
2704 124
2790 120
2879 115
1358 221
1449 216
1345 273
1436 268
1347 265
9589 1307.92
9590 1208.92
9591 1109.92
9588 1406.92
1349 257
1440 252
1348 261
1350 253
1441 248
1401 500.127
1314 496.127
1315 492.127
1400 504.127
1403 472.127
1497 468.127
1591 464.127
1402 496.127
1395 529
1394 532
9573 439.004
4102 435.004
4287 427.004
4378 422.004
4468 415.004
4556 411.004
4726 399.004
9909 394.892
1397 521.127
1396 525.127
1399 508.127
9574 140
4262 53
4261 49
4168 45
4078 40
4077 36
4076 32
4075 28
4074 24
4073 20
4072 16
4071 12
4070 8
4069 4
1398 515.127
1391 557
9617 245
9616 204
6770 130
6155 99
6000 91
5780 80
5704 76
5624 72
5548 68
5462 64
5370 60
5282 56
5200 52
5120 48
5038 44
4955 40
4870 36
4783 32
4695 28
4609 24
4522 20
4433 16
4342 12
4250 8
4157 4
1435 272
1424 316
9657 1161.97
9636 1058.97
9656 1258.97
9635 1155.97
9658 1259.97
9661 405.756
9638 297.756
10125 283.172
9660 394
9637 286
9615 193
6895 140
6828 136
6755 132
6679 128
6602 124
6523 120
6442 116
6365 112
6289 108
6215 104
6140 100
6065 96
5985 92
5913 88
5840 84
5766 80
5691 76
5612 72
5536 68
5451 64
5360 60
5273 56
5191 52
5112 48
5031 44
4948 40
4864 36
4778 32
4690 28
4605 24
4519 20
4431 16
4340 12
4249 8
9655 1356.97
9634 1252.97
1415 350
9654 1453.97
9633 1349.97
9639 319
9681 502
9680 1266.97
9682 513.756
1445 232
1499 440.127
1593 436.127
1687 431.127
1688 427.127
1689 423.127
1498 444.127
9677 1531.44
10128 1432.03
1500 436.127
1594 432.127
9679 1264.97
9678 1361.97
1491 523.127
1492 519.127
1490 529.127
1493 514.127
1494 510.127
1495 473.127
9721 1459.97
9700 1355.97
9720 1457.97
1483 553
1482 565
1579 561
1580 557
1581 553
1582 549
1583 545
1487 538
1529 280
1528 284
1533 264
1627 260
1725 255
1816 251
1899 247
1532 268
1534 260
1628 256
1726 251
1817 247
1818 243
1819 239
1902 235
9699 1452.97
9701 1357.97
1524 300
1527 288
1621 284
1515 334
1517 327
9742 1637.97
9741 1538.97
1553 184
1647 180
1745 175
1552 188
1555 176
1649 172
1747 167
1838 163
1921 159
1556 172
1557 168
1651 164
1749 159
1840 155
1841 151
1924 147
2013 142
2104 138
2105 134
2195 130
2196 126
2197 122
2198 118
2199 114
2200 110
2201 106
2287 102
2375 97
2376 93
2377 89
2463 85
2548 81
2634 76
2717 72
2803 68
2892 63
2893 59
2894 55
2995 51
3090 47
3184 43
3278 38
3372 34
3457 30
3543 25
1551 192
1550 196
1541 232
1635 228
9782 1865.97
9781 1768.97
9761 1642.97
1543 224
1637 220
1542 228
1636 224
1592 440.127
1686 435.127
1585 539.723
1586 535.723
1587 531.723
1588 527.723
9901 526.737
1584 542
9762 1742.97
1589 469.127
9819 1934.97
9799 1831.97
9779 1730.97
9760 1640.97
9818 1933.97
9821 1940.97
9801 1836.97
9780 1732.97
9820 1937.97
9800 1833.97
9823 1255.22
9804 1158.22
9784 1061.22
9763 948.764
9744 851.764
9723 754.764
10126 661.03
9702 576
9822 1976.97
9802 1872.97
1624 272
1722 267
1626 264
1630 248
1728 243
1619 292
1717 287
1618 296
1716 291
1623 276
9798 1854.97
9778 1752.97
9759 1662.97
9740 1560.97
1622 280
1609 330
1611 323
1709 318
1800 314
1883 310
1972 305
1613 316
1711 311
1802 307
1885 303
1974 298
2065 294
2155 290
2241 286
2329 281
2415 277
2416 273
2501 269
2587 264
2588 260
2675 256
2764 252
2853 247
2854 243
2855 239
2856 235
2857 231
2858 227
2959 223
2960 219
2961 215
2962 211
3057 207
3149 203
3240 198
9844 1190.27
9833 1173.21
10024 1138.55
9830 1098.46
9871 1048.12
9829 991.435
9912 954.523
9828 923.204
9927 880.736
9827 841.864
9897 826.143
1607 338
1705 333
1606 342
1704 337
1657 140
1755 135
1846 131
1847 127
1930 123
2019 118
2020 114
2021 110
2112 106
2113 102
2203 98
2289 94
1656 144
1754 139
1845 135
9835 1145.13
9879 1132.57
9834 1207.83
9843 1173.95
1658 136
1756 131
9836 1028.24
9904 987.851
9826 588.887
6240 576.968
6166 572.968
6089 568.968
6090 564.968
6010 560.968
5931 556.968
5932 552.968
5858 548.968
5859 544.968
5785 540.968
5710 536.968
5631 532.968
5555 528.968
5470 524.968
5471 520.968
5472 516.968
5473 512.968
5383 508.968
5292 504.968
5206 497.968
5207 493.968
5128 489.968
5047 485.968
5048 481.968
5049 477.968
4966 473.968
4967 469.968
4883 465.968
4798 461.968
4799 457.968
4800 453.968
4801 449.968
4802 445.968
4803 441.968
4804 437.968
4805 433.968
4806 429.968
4807 425.968
4808 421.968
4809 417.968
4810 413.968
4811 409.968
4812 405.968
4813 401.968
1650 168
1748 163
1839 159
1653 156
1751 151
1752 147
1843 143
1926 139
2015 134
2016 130
2017 126
2018 122
2109 118
9831 1192.11
10007 1140.97
1652 160
1750 155
9881 263.581
1642 200
1740 195
9885 447.566
1645 188
1743 183
1744 179
1644 192
1742 187
1833 183
1916 179
1646 184
1633 236
1731 231
1639 212
1737 207
9866 510.646
604 501
1683 461.127
1777 457.127
1865 453.127
1685 439.127
9913 386.263
1673 561
9915 434.149
4194 431.004
1675 553
9914 565.422
9825 556.519
5627 548.968
5551 544.968
5552 540.968
5553 536.968
5468 532.968
5378 528.968
5379 524.968
5380 520.968
5381 516.968
5382 512.968
1674 557
9917 711.848
7084 706.924
7153 702.924
7218 698.924
7285 694.924
1677 546
9916 932.66
1676 549
9919 901.387
9918 458.288
1678 543.723
9905 527.939
9906 366.043
9908 154.108
3250 150
3344 146
3429 142
3515 137
3516 133
3517 129
3603 125
3604 121
3688 117
3776 112
3777 108
3865 104
3954 100
9911 779.743
9910 494.442
5046 489.968
9896 164.378
3340 162
3341 158
3426 154
3512 149
3513 145
3599 141
3683 137
3771 132
3772 128
3860 124
3861 120
3862 116
3863 112
3952 108
3953 104
9899 543.383
2823 539.567
2824 535.567
2917 531.567
2918 527.567
3020 523.567
3021 519.567
3022 515.567
3023 511.567
3024 507.567
10073 504.251
3025 502.127
2923 498.127
2739 488.127
2651 484.127
2564 480.127
2480 476.127
2481 472.127
2482 468.127
2396 464.127
2397 460.127
2398 456.127
2399 452.127
2312 445.127
2135 437.127
2044 430.127
2045 426.127
2046 422.127
1957 418.127
1958 414.127
1959 410.127
1960 406.127
1876 402.127
9900 725.737
6794 722.924
7014 710.924
9903 336.36
1727 247
9902 904.224
1713 303
1714 299
1715 295
9893 567.499
9895 534.357
4170 527.004
4171 523.004
4172 519.004
4173 515.004
4174 511.004
4267 507.004
4358 502.004
4359 498.004
4360 494.004
4361 490.004
4362 486.004
4363 482.004
4364 478.004
4365 474.004
4366 470.004
4367 466.004
4368 462.004
4369 458.004
4370 454.004
4371 450.004
4372 446.004
4373 442.004
4374 438.004
4375 434.004
4376 430.004
4377 426.004
9894 594.589
9945 136.367
3476 76
3475 72
3474 68
3559 64
3644 60
3727 56
3814 52
3813 48
3812 44
3811 40
3810 36
3809 32
3808 28
3807 24
3894 20
3982 16
9944 105.596
1770 105
2032 93
2123 88
2212 84
2297 80
2384 76
2470 72
2555 68
2640 64
2723 60
2809 56
2897 52
2998 48
3093 44
3187 40
3280 36
3374 32
3459 28
3544 24
3630 20
3714 16
9946 153.999
918 152
997 148
1070 143
1137 138
1213 134
1297 130
1384 126
1475 121
1572 117
1666 113
1764 108
1855 104
1938 100
2027 95
2118 91
2208 87
2294 83
2382 78
2468 74
2553 70
2639 65
2722 61
2808 57
9949 475.44
6428 466.968
6350 462.968
6273 458.968
6199 454.968
6121 450.968
6041 446.968
5960 442.968
5886 438.968
5812 434.968
5737 430.968
5658 426.968
5582 422.968
5497 418.968
5407 414.968
5316 410.968
5229 406.968
5069 398.968
4986 394.968
4902 390.968
4817 386.968
9948 643.453
8665 636.968
9951 696.155
9936 1372.7
9938 1317.62
9943 931.635
1702 365
1794 358
1879 354
1963 348
2052 344
2053 340
2143 336
2229 332
2317 327
2403 323
2404 319
2489 315
2575 310
2576 306
2577 302
2578 298
2579 294
2666 290
2755 286
2844 281
1753 143
9928 351.824
4104 351
9933 1326.01
1757 127
1758 123
1849 119
1932 115
9920 425.699
9923 144.626
3066 143
3067 139
3161 135
3255 130
3349 126
3350 122
3435 118
3521 113
3522 109
3523 105
3524 101
3610 97
3694 93
3782 88
3870 84
3959 80
3960 76
9924 165.584
9926 471.665
9976 838.544
6005 802.924
6086 797.924
9979 187.911
2694 183
2695 179
2696 175
2697 171
1739 199
1830 195
1913 191
2002 186
2003 182
9981 2217.41
1729 239
9968 723.819
9270 717.773
10129 716.492
9252 712.96
9230 708.96
9971 561.932
7871 557.968
7798 553.968
7725 549.968
7653 545.968
7580 541.968
7509 537.968
7443 533.968
7375 529.968
9973 338.123
9972 494.337
6893 491.497
10082 488.237
6747 482.968
6668 478.968
6589 474.968
6507 470.968
6425 466.968
6347 462.968
6270 458.968
6196 454.968
6119 450.968
6039 446.968
5959 442.968
9975 229.329
9974 292.415
9960 399.254
5070 395
4987 391
4903 387
4818 383
4730 379
9967 612.876
9966 187.641
3933 184
3934 180
3935 176
4025 172
4026 168
4027 164
4028 160
4029 156
4030 152
4031 148
4032 144
4033 140
9952 696.986
9954 574.147
9956 176.397
5670 172.485
10084 168.043
5589 166
5513 160
5514 156
5429 152
5430 148
5339 144
5252 140
5170 136
5171 132
5172 128
5173 124
5094 120
5095 116
5096 112
5015 108
4932 104
4933 100
4934 96
4935 92
4936 88
4937 84
4938 80
4939 76
4855 72
4856 68
4770 64
4682 60
4597 56
4511 52
4423 48
4332 44
4333 40
4242 36
4243 32
4244 28
4245 24
4153 20
4154 16
1780 438.127
9959 652.921
10009 1411.3
1769 105
1859 101
1941 97
2029 93
2120 89
2210 85
2296 81
10008 632.826
7853 629.968
7780 625.968
7781 621.968
1771 557
1772 553
1773 550
1775 543.723
1679 539.723
1774 547.723
10005 330.018
1797 325
1880 321
1969 316
9999 268.34
964 266
1809 279
1892 275
1808 283
1891 279
1811 271
1894 267
1810 275
1893 271
10041 574.54
2478 572.162
2734 555.567
2735 551.567
2736 547.567
2737 543.567
10040 848.21
6007 796.276
6164 786.276
6239 782.276
10043 531.51
10042 552.025
3479 549.004
3480 545.004
3481 541.004
3482 537.004
3564 533.004
3649 529.004
3732 524.004
3820 520.004
3907 516.004
3996 512.004
4086 507.004
4176 503.004
4269 499.004
10045 1523.64
10044 146.424
2872 143
2873 139
2974 135
3069 131
3163 127
3257 122
3258 118
3259 114
3260 110
3261 106
3262 102
3356 98
3441 94
3527 89
3528 85
3529 81
3530 77
3616 73
3617 69
3701 65
3789 60
3877 56
3966 52
3967 48
10047 632.877
1807 287
1890 283
10046 1047.23
10033 519.8
10032 1432.87
10035 584.005
7090 582.968
7019 577.968
6943 573.968
6872 569.968
6801 565.968
6726 561.968
6727 557.968
6649 553.968
6570 549.968
6571 545.968
6572 541.968
6573 537.968
6574 533.968
6492 529.968
6493 525.968
6494 521.968
6495 517.968
6413 513.968
6335 509.968
6336 505.968
6259 501.968
6260 497.968
6261 493.968
6187 489.968
6188 485.968
6111 481.968
6031 477.968
6032 473.968
6033 469.968
6034 465.968
6035 461.968
5955 457.968
10034 583.938
10037 470.41
10036 515.616
10039 2175.77
10038 506.55
10027 560.063
1861 557
10026 579.522
1850 115
1851 111
1934 107
2023 102
2024 98
2115 94
2205 90
2291 86
2379 81
2465 77
2550 73
2636 68
2719 64
2805 60
10029 379.575
10028 1254.37
10031 437.349
2043 434.127
1954 430.127
1870 426.127
10030 363.138
1842 147
1844 139
1927 135
10072 494.907
3124 488.127
3031 484.127
2928 480.127
2831 476.127
2743 472.127
2655 468.127
2568 464.127
2484 460.127
10075 436.348
1953 434.127
1835 175
1918 171
2007 166
2098 162
2188 158
2189 154
2275 150
2363 145
2364 141
2450 137
2535 133
10074 477.891
1834 179
1836 171
10065 450.909
10064 336.742
3749 335
10067 507.908
10066 450.624
10069 555.014
10068 485.11
3829 483.004
3917 479.004
4006 475.004
4095 471.004
4185 467.004
4278 463.004
10071 493.221
5873 489.968
5799 485.968
5724 481.968
5725 477.968
5726 473.968
5727 469.968
5648 465.968
5649 461.968
5650 457.968
5574 453.968
5575 449.968
5490 445.968
5400 441.968
5309 437.968
5222 433.968
5143 429.968
5062 425.968
4979 421.968
4895 417.968
1831 191
1914 187
10070 609.475
7286 605.968
7287 601.968
7221 597.968
7156 593.968
7087 589.968
7088 585.968
7018 581.968
10057 462.498
3580 459.029
3747 451.004
3835 447.004
3925 443.004
4014 439.004
10056 555.192
1863 550.723
10059 162.816
10061 470.861
10060 485.316
2563 482.127
2394 472.127
2306 468.127
2307 464.127
2220 460.127
2130 456.127
2038 452.127
10063 743.706
6712 741.924
6713 737.924
1887 295
1976 290
1977 286
10062 752.178
1886 299
1975 294
10049 329.97
1873 414.127
10048 506.714
10051 839.131
10050 328.144
2487 323
2573 318
2574 314
10053 614.657
7354 611.968
10055 844.76
10054 187.664
1864 457.127
1948 452.127
1860 101
1942 97
2030 93
2121 89
1862 554
1917 175
1919 167
2008 162
2099 158
2100 154
1905 223
1994 218
1995 214
1996 210
1997 206
2088 202
2178 198
2179 194
2265 190
2353 185
2354 181
2355 177
2441 173
2526 169
1896 259
1985 254
1901 239
1900 243
1903 231
1992 226
1888 291
1895 263
1945 562
1946 558
1944 562.937
1947 554.723
1951 442.127
1952 438.127
1868 434.127
1950 446.127
1939 99
2028 94
2119 90
2209 86
2295 82
2383 77
2469 73
2554 69
1929 127
1928 131
1923 151
2012 146
2103 142
1922 155
2011 150
1925 143
2014 138
1968 320
1965 332
2056 328
2057 324
2058 320
2059 316
2149 312
2235 308
2323 303
2409 299
2410 295
2411 291
2496 287
2582 282
1967 324
1966 328
1999 198
2090 194
1998 202
2041 442.127
2040 446.127
2042 438.127
2033 566.937
2035 562
2034 566
2037 456.127
2036 558.723
2039 450.127
2022 106
2073 262
2163 258
2249 254
2337 249
2423 245
2508 241
2594 236
2595 232
2682 228
2683 224
2772 220
2861 215
2072 266
2074 258
2079 238
2169 234
2255 230
2078 242
2067 286
2068 282
2069 278
2159 274
2245 270
2333 265
2334 261
2420 257
2421 253
2422 249
2066 290
2071 270
2161 266
2247 262
2335 257
2070 274
2061 308
2060 312
2063 301
2153 297
2055 332
2107 126
2106 130
2108 122
2110 114
2096 170
2102 146
2093 182
2183 178
2269 174
2357 169
2358 165
2444 161
2529 157
2095 174
2185 170
2271 166
2359 161
2445 157
2530 153
2094 178
2184 174
2270 170
2081 230
2080 234
2170 230
2256 226
2344 221
2345 217
2346 213
2347 209
2348 205
2349 201
2435 197
2436 193
2521 189
2607 184
2608 180
2609 176
2129 460.127
2128 562.723
2131 454.127
2132 450.127
2133 446.127
2134 442.127
2125 570.937
2127 566
2126 570
2171 226
2172 222
2258 218
2173 218
2259 214
2175 210
2174 214
2260 210
2160 270
2162 262
2165 250
2164 254
2250 250
2338 245
2339 241
2158 278
2244 274
2332 269
2145 328
2231 324
2319 319
2320 315
2321 311
2322 307
2408 303
2144 332
2230 328
2318 323
2147 320
2148 316
2234 312
2146 324
2232 320
2151 304
2237 300
2325 295
2150 308
2193 138
2279 134
2367 129
2368 125
2369 121
2370 117
2371 113
2372 109
2373 105
2374 101
2192 142
2194 134
2186 166
2190 150
2181 186
2233 316
2236 304
2324 299
2239 293
2327 288
2413 284
2225 441.127
2224 445.127
2228 336
2316 331
2402 327
2217 574
2218 570
2216 574.937
2219 464.127
2221 457.127
2222 453.127
2223 449.127
2267 182
2266 186
2257 222
2261 206
2248 258
2336 253
2251 246
2253 238
2243 278
2331 273
2417 269
2502 265
2246 266
2281 126
2280 130
2283 118
2282 122
2285 110
2284 114
2286 106
2272 162
2360 157
2446 153
2531 149
2617 144
2618 140
2701 136
2787 132
2274 154
2276 146
2278 138
2366 133
2452 129
2537 125
2623 120
2706 116
2792 112
2881 107
2882 103
2983 99
3078 95
3172 91
2330 277
2315 335
2401 331
2305 574
2304 578
2309 457.127
2310 453.127
2311 449.127
2308 461.127
2352 189
2393 583.162
2479 576.162
2392 578
2395 468.127
2387 76
2472 72
2556 68
2641 64
2724 60
2810 56
2898 52
2999 48
3094 44
3188 40
3281 36
3375 32
3460 28
3545 24
2425 237
2510 233
2596 228
2597 224
2598 220
2685 216
2774 212
2863 207
2964 203
3059 199
3151 195
3242 190
3243 186
3244 182
3245 178
2424 241
2509 237
2427 229
2512 225
2426 233
2511 229
2428 225
2431 213
2516 209
2602 204
2689 200
2778 196
2419 261
2405 315
2406 311
2491 307
2407 307
2492 303
2457 109
2542 105
2628 100
2711 96
2797 92
2886 87
2887 83
2888 79
2989 75
2990 71
2991 67
3086 63
3087 59
3088 55
3182 51
3276 46
3370 42
3371 38
2456 113
2459 101
2544 97
2630 92
2713 88
2799 84
2458 105
2460 97
2545 93
2631 88
2714 84
2715 80
2801 76
2890 71
2449 141
2453 125
2538 121
2624 116
2625 112
2708 108
2794 104
2883 99
2884 95
2885 91
2455 117
2454 121
2539 117
2440 177
2443 165
2447 149
2532 145
2433 205
2518 201
2604 196
2605 192
2606 188
2432 209
2488 319
2490 311
2493 299
2495 291
2581 286
2483 464.127
2485 460.127
2486 327
2572 322
2520 193
2523 181
2525 173
2513 221
2599 216
2686 212
2775 208
2864 203
2865 199
2966 195
3061 191
3153 187
2514 217
2600 212
2517 205
2603 200
2519 197
2505 253
2591 248
2678 244
2767 240
2504 257
2590 252
2507 245
2593 240
2680 236
2769 232
2506 249
2592 244
2498 280
2584 275
2671 271
2760 267
2849 262
2503 261
2589 256
2541 109
2627 104
2540 113
2626 108
2709 104
2795 100
2543 101
2629 96
2528 161
2534 137
2586 268
2569 464.127
2570 465.127
2565 476.127
2566 472.127
2567 468.127
2649 554.567
2650 550.567
2653 476.127
2652 480.127
2654 472.127
2681 232
2684 220
2687 208
2673 264
2762 260
2851 255
2852 251
2674 260
2763 256
2677 248
2676 252
2765 248
2679 240
2768 236
2657 468.127
2656 468.127
2659 318
2748 314
2837 309
2838 305
2839 301
2840 297
2841 293
2661 310
2750 306
2660 314
2662 306
2751 302
2712 92
2707 112
2710 100
2698 148
2700 140
2703 128
2702 132
2788 128
2877 123
2691 195
2692 191
2693 187
2690 199
2779 195
2868 190
2969 186
3064 182
3156 178
2745 472.127
2747 318
2836 313
2937 309
2938 305
2939 301
2746 472.127
2749 310
2741 480.127
2742 476.127
2740 484.127
2733 559.567
2776 204
2781 191
2780 194
2783 148
2782 187
2771 224
2860 219
2770 228
2859 223
2773 216
2862 211
2766 244
2793 108
2796 96
2798 88
2784 144
2786 136
2789 124
2878 119
2845 277
2835 317
2827 492.127
2829 484.127
2830 480.127
2828 488.127
2822 543.567
2915 539.567
3017 535.567
3018 531.567
3019 527.567
2869 190
2871 190
2971 186
3065 182
3247 174
2870 190
2909 562.567
2910 558.567
2911 554.567
3014 547.567
3015 543.567
3016 539.567
2930 480.127
2832 476.127
2744 472.127
2933 325
2934 321
2935 317
2936 313
2932 329
2921 510.584
2922 506.584
2925 492.127
2926 488.127
2927 484.127
2924 496.127
2913 547.567
2914 543.567
2912 551.567
2970 186
2973 139
3068 135
2972 143
2975 131
2976 127
2963 207
2965 199
3060 195
2967 191
2952 251
2953 247
2954 243
3049 239
3141 235
3232 230
3233 226
3234 222
3235 218
3236 214
2955 239
3050 235
3142 231
2957 231
3052 227
3053 223
3054 219
3146 215
3237 210
3238 206
3239 202
2956 235
2958 227
2985 91
3080 87
3081 83
3175 79
2984 95
3079 91
2987 83
3082 79
3083 75
3084 71
3178 67
3272 62
2986 87
2988 79
3033 484.127
3032 484.127
2929 480.127
3035 333
3036 329
3037 325
3034 337
2931 333
3039 317
3027 496.127
3026 500.127
3028 492.127
3029 488.127
3013 565.567
3012 569.567
3071 123
3165 119
3070 127
3056 211
3058 203
3062 187
3154 183
3051 231
3055 215
3147 211
3040 313
3073 115
3167 111
3072 119
3166 115
3075 107
3169 103
3263 98
3264 94
3074 111
3168 107
3076 103
3121 492.127
3122 488.127
3030 484.127
3120 496.127
3127 329
3128 325
3038 321
3113 522.127
3114 518.127
3115 514.127
3116 510.127
3117 506.127
3112 526.127
3119 500.127
3118 504.127
3109 538.127
3110 534.127
3111 530.127
3108 542.127
3160 139
3254 134
3162 131
3256 126
3164 123
3152 191
3159 143
3253 138
3158 147
3252 142
3346 138
3347 134
3432 130
3518 125
3145 219
3144 223
3148 207
3150 199
3241 194
3334 190
3418 186
3140 239
3231 234
3143 227
3177 71
3271 66
3176 75
3270 70
3170 99
3173 87
3174 83
3219 333
3218 337
3126 333
3220 329
3209 518.127
3208 522.127
3211 510.127
3210 514.127
3213 504.127
3212 508.127
3203 542.127
3205 534.127
3204 538.127
3207 526.127
3206 530.127
3249 154
3251 146
3275 50
3369 46
3454 42
3540 37
3305 518.127
3306 514.127
3304 522.127
3307 512.127
3309 504.127
3310 500.127
3311 496.127
3216 492.127
3308 508.127
3299 546.127
3298 550.127
3300 542.127
3301 538.127
3303 526.127
3353 110
3438 106
3352 114
3355 102
3354 106
3357 94
3358 90
3359 86
3360 82
3445 78
3531 73
3532 69
3533 65
3534 61
3620 57
3621 53
3705 49
3793 44
3881 40
3970 36
3971 32
3345 142
3430 138
3348 130
3351 118
3337 178
3338 174
3336 182
3420 178
3506 173
3507 169
3593 165
3594 161
3343 150
3428 146
3514 141
3342 154
3335 186
3361 78
3446 74
3362 74
3416 194
3502 189
3419 182
3505 177
3421 174
3422 170
3508 165
3408 321
3318 317
3224 313
3132 309
3415 198
3501 193
3401 518.004
3402 514.004
3488 509.004
3569 505.004
3570 501.004
3571 497.004
3657 493.004
3740 488.004
3827 484.004
3916 480.004
4005 476.004
3405 504.127
3404 506.004
3490 501.004
3393 550.004
3399 526.127
3449 62
3535 57
3448 66
3450 58
3536 53
3622 49
3706 45
3794 40
3795 36
3883 32
3972 28
3453 46
3440 98
3526 93
3612 89
3696 85
3784 80
3872 76
3873 72
3962 68
3443 86
3442 90
3444 82
3447 70
3433 126
3519 121
3520 117
3434 122
3437 110
3436 114
3439 102
3525 97
3611 93
3695 89
3783 84
3425 158
3511 153
3424 162
3510 157
3427 150
3431 134
3485 530.127
3487 513.004
3568 509.004
3477 558.171
3478 555.619
3492 500.004
3573 496.004
3658 492.004
3579 463.029
3581 463.029
3561 72
3646 68
3816 60
3903 56
3902 52
3990 48
4079 44
3609 101
3608 105
3692 101
3780 96
3868 92
3957 88
3613 85
3697 81
3785 76
3615 77
3614 81
3601 133
3602 129
3600 137
3684 133
3605 117
3689 113
3607 109
3691 105
3779 100
3867 96
3956 92
3606 113
3592 169
3598 145
3682 141
3586 193
3670 189
3758 184
3759 180
3760 176
3848 172
3849 168
3850 164
3939 160
3940 156
3941 152
3589 181
3588 185
3672 181
3624 41
3619 61
3618 65
3673 177
3761 172
3762 168
3674 173
3677 161
3765 156
3766 152
3676 165
3679 153
3767 148
3768 144
3678 157
3671 185
3651 528.004
3733 524.004
3704 53
3792 48
3707 41
3699 73
3787 68
3875 64
3876 60
3698 77
3786 72
3700 69
3788 64
3703 57
3791 52
3879 48
3968 44
3969 40
3702 61
3790 56
3690 109
3778 104
3693 97
3781 92
3680 149
3685 129
3773 124
3774 120
3687 121
3775 116
3686 125
3741 488.004
3742 488.135
3730 532.004
3818 528.004
3905 524.004
3994 520.004
4084 515.004
4085 511.004
3734 528.004
3753 333
3667 329
3583 325
3499 321
3411 317
3320 313
3226 309
3134 305
3752 333
3666 329
3498 321
3410 317
3746 455.004
3748 451.004
3836 447.004
3751 333
3796 32
3797 28
3798 24
3799 20
3800 16
3833 489.004
3921 485.004
4009 481.004
4008 477.004
4096 471.004
3834 493.004
3922 489.004
3837 447.004
3926 443.004
3838 339
3825 492.004
3914 488.004
3915 484.004
3826 488.004
3828 487.324
3819 528.004
3821 508.004
3910 504.004
3999 500.004
4089 495.004
4090 491.004
4180 487.004
4273 483.004
3864 108
3866 100
3869 88
3871 80
3857 136
3856 140
3859 128
3851 160
3841 337
3840 337
3845 184
3846 180
3847 176
3880 44
3882 36
3885 24
3886 20
3887 16
3888 12
3884 28
3973 24
3974 20
3975 16
3874 68
3878 52
3929 341
3930 341
3932 188
4022 184
4023 180
4024 176
3923 493.004
3924 444.004
4013 440.004
3904 528.004
3993 524.004
4083 519.004
3909 508.004
3998 504.004
4088 499.004
4178 495.004
4271 491.004
3961 72
3963 64
3964 60
3965 56
3955 96
3958 84
3945 136
3946 132
3949 120
3950 116
3948 124
3951 112
3943 144
3992 528.004
4082 523.004
3977 8
3976 12
3979 4
4017 345
4019 345
3931 341
3842 337
4018 345
4011 489.004
4010 485.004
4001 492.004
4091 487.004
4181 483.004
4182 479.004
4275 475.004
4000 496.004
4003 484.004
4093 479.004
4183 475.004
4184 471.004
4277 467.004
4004 480.004
4094 475.004
4121 148
4122 144
4123 140
4124 136
4112 184
4106 349
4108 349
4111 188
4097 459.004
4188 455.004
4189 451.004
4282 447.004
4101 439.004
4152 24
4155 12
4156 8
4159 9
4145 52
4146 48
4144 56
4149 36
4150 32
4148 40
4151 28
4137 84
4138 80
4139 76
4136 88
4141 68
4140 72
4143 60
4142 64
4131 108
4130 112
4133 100
4134 96
4132 104
4135 92
4187 459.004
4186 463.004
4279 459.004
4190 447.004
4191 443.004
4284 439.004
4177 499.004
4270 495.004
4175 507.004
4268 503.004
4161 17
4160 13
4162 21
4216 140
4215 144
4214 148
4203 192
4204 188
4205 184
4206 180
4114 176
4195 355
4198 353
4248 12
4253 17
4252 13
4255 25
4254 21
4241 40
4247 16
4246 20
4233 72
4234 68
4235 64
4236 60
4237 56
4238 52
4239 48
4147 44
4232 76
4224 108
4225 104
4226 100
4227 96
4228 92
4229 88
4231 80
4230 84
4281 451.004
4280 455.004
4283 443.004
4272 487.004
4274 479.004
4276 471.004
4265 523.004
4264 527.004
4266 519.004
4256 29
4163 25
4263 531.004
4317 104
4316 108
4319 96
4320 92
4318 100
4305 152
4306 148
4307 144
4308 140
4309 136
4310 132
4219 128
4127 124
4290 357
4295 192
4294 196
4345 21
4344 17
4347 29
4346 25
4348 33
4337 24
4336 28
4339 16
4338 20
4341 12
4329 56
4330 52
4331 48
4328 60
4335 32
4334 36
4323 80
4325 72
4326 68
4327 64
4324 76
4355 529.004
4354 533.004
4357 506.004
4409 104
4408 108
4411 96
4410 100
4413 88
4322 84
4412 92
4321 88
4415 80
4414 84
4395 160
4304 156
4394 164
4303 160
4387 192
4296 188
4388 188
4297 184
4298 180
4299 176
4300 172
4301 168
4302 164
4441 42
4349 37
4440 38
4442 46
4350 41
4445 533.004
4444 54
4352 49
4351 45
4447 506.004
4432 16
4434 17
4437 26
4436 22
4438 30
4429 24
4430 20
4417 72
4418 68
4416 76
4419 64
4421 56
4422 52
4420 60
4465 427.004
4466 423.004
4554 419.004
4640 415.004
4641 411.004
4642 407.004
4464 431.004
4459 451.004
4547 447.004
4548 443.004
4634 439.004
4635 435.004
4636 431.004
4637 427.004
4638 423.004
4639 419.004
4461 443.004
4462 439.004
4463 435.004
4551 431.004
4449 491.004
4537 487.004
4538 483.004
4539 479.004
4625 475.004
4626 471.004
4627 467.004
4628 463.004
4629 459.004
4630 455.004
4631 451.004
4632 447.004
4633 443.004
4448 495.004
4451 483.004
4450 487.004
4453 475.004
4454 471.004
4455 467.004
4456 463.004
4457 459.004
4545 455.004
4452 479.004
4505 76
4506 72
4504 80
4507 68
4508 64
4509 60
4510 56
4497 108
4499 100
4500 96
4498 104
4501 92
4502 88
4503 84
4488 144
4489 140
4490 136
4402 132
4311 128
4312 124
4313 120
4314 116
4315 112
4485 156
4486 152
4398 148
4484 160
4487 148
4399 144
4536 491.004
4541 471.004
4542 467.004
4540 475.004
4529 42
4528 38
4527 34
4526 30
4525 26
4531 50
4530 46
4533 537.004
4532 54
4443 50
4534 541.004
4521 20
4523 21
4571 160
4570 164
4573 152
4572 156
4575 144
4576 140
4577 136
4578 132
4579 128
4493 124
4405 120
4553 423.004
4552 427.004
4546 451.004
4549 439.004
4550 435.004
4593 72
4594 68
4595 64
4596 60
4592 76
4587 96
4588 92
4589 88
4591 80
4590 84
4624 479.004
4617 50
4616 46
4615 42
4619 541.004
4618 54
4621 491.004
4622 487.004
4623 483.004
4610 25
4613 34
4612 30
4614 38
4657 160
4659 152
4660 148
4658 156
4699 38
4698 34
4701 46
4700 42
4702 50
4681 64
4680 68
4683 56
4684 52
4599 48
4513 44
4425 40
4674 92
4675 88
4676 84
4677 80
4678 76
4679 72
4721 419.004
4722 415.004
4723 411.004
4724 407.004
4725 403.004
4720 423.004
4713 451.004
4714 447.004
4715 443.004
4716 439.004
4717 435.004
4718 431.004
4719 427.004
4705 483.004
4706 479.004
4707 475.004
4708 471.004
4709 467.004
4710 463.004
4711 459.004
4712 455.004
4704 487.004
4763 92
4765 84
4767 76
4766 80
4747 156
4746 160
4749 148
4661 144
4662 140
4748 152
4750 144
4793 481.968
4794 477.968
4795 473.968
4796 469.968
4797 465.968
4792 485.968
4785 34
4696 29
4787 39
4789 47
4788 43
4791 55
4790 51
4769 68
4768 72
4771 60
4772 56
4773 52
4685 48
4686 44
4687 40
4688 36
4603 32
4517 28
4518 24
4816 390.968
4815 394.968
4860 52
4861 48
4862 44
4863 40
4777 36
4853 80
4854 76
4852 84
4843 120
4844 116
4758 112
4670 108
4671 104
4672 100
4673 96
4835 152
4836 148
4837 144
4838 140
4839 136
4840 132
4841 128
4842 124
4756 120
4668 116
4669 112
4584 108
4585 104
4586 100
4889 441.968
4890 437.968
4888 445.968
4891 433.968
4892 429.968
4893 425.968
4894 421.968
4881 473.968
4880 477.968
4882 469.968
4887 449.968
4872 38
4875 47
4874 43
4877 55
4876 51
4879 481.968
4878 485.968
4865 36
4918 160
4834 156
4897 409.968
4898 405.968
4896 413.968
4901 394.968
4900 398.968
4957 42
4959 47
4945 52
4947 44
4946 48
4949 40
4950 40
4940 72
4941 68
4942 64
4858 60
4985 398.968
4984 402.968
4977 429.968
4978 425.968
4981 413.968
4980 417.968
4982 409.968
4968 465.968
4884 461.968
4973 445.968
4972 449.968
4974 441.968
4961 55
4960 51
4963 485.968
4962 489.968
4965 477.968
4964 481.968
5020 88
5021 84
5022 80
5023 76
5011 124
5012 120
4929 116
4930 112
4931 108
5051 469.968
5052 465.968
4969 461.968
4885 457.968
5050 473.968
5053 461.968
5054 457.968
5055 453.968
5056 449.968
5057 445.968
5041 47
5040 46
4956 41
4871 37
4784 33
5043 52
5045 493.968
5044 56
5033 44
5032 44
5027 60
5028 56
5026 64
4943 60
4859 56
5030 48
5065 413.968
5064 417.968
5059 437.968
4976 433.968
5061 429.968
5060 433.968
5063 421.968
5113 48
5101 92
5102 88
5093 124
5145 421.968
5144 425.968
5137 453.968
5136 457.968
5139 445.968
5140 441.968
5138 449.968
5141 437.968
5142 433.968
5129 485.968
5131 477.968
5132 473.968
5133 469.968
5130 481.968
5123 51
5125 56
5127 493.968
5126 60
5176 112
5177 108
5178 104
5179 100
5180 96
5181 92
5175 116
5209 485.968
5208 489.968
5211 477.968
5213 469.968
5134 465.968
5135 461.968
5212 473.968
5214 465.968
5203 55
5205 60
5193 52
5114 48
5192 52
5194 52
5224 425.968
5225 421.968
5217 453.968
5216 457.968
5219 445.968
5218 449.968
5221 437.968
5220 441.968
5223 429.968
5275 56
5274 56
5276 56
5305 453.968
5306 449.968
5307 445.968
5308 441.968
5304 457.968
5311 429.968
5310 433.968
5296 489.968
5301 469.968
5302 465.968
5215 461.968
5303 461.968
5295 493.968
5294 497.968
5374 64
5286 60
5361 60
5401 437.968
5402 433.968
5393 469.968
5394 465.968
5395 461.968
5392 473.968
5397 453.968
5396 457.968
5399 445.968
5398 449.968
5386 497.968
5387 493.968
5465 67
5373 63
5285 59
5202 54
5122 50
5489 449.968
5488 453.968
5491 441.968
5493 433.968
5492 437.968
5483 473.968
5484 469.968
5485 465.968
5486 461.968
5487 457.968
5567 481.968
5568 477.968
5566 485.968
5481 481.968
5482 477.968
5554 532.968
5469 528.968
5585 430.968
5661 426.968
5584 422.968
5499 418.968
5409 414.968
5317 410.968
5577 441.968
5576 445.968
5580 430.968
5495 426.968
5405 422.968
5406 418.968
5315 414.968
5569 473.968
5571 465.968
5570 469.968
5573 457.968
5572 461.968
5626 74
5549 69
5463 65
5371 61
5283 57
5657 430.968
5581 426.968
5656 434.968
5659 426.968
5660 426.968
5662 426.968
5500 418.968
5651 453.968
5652 449.968
5653 445.968
5654 441.968
5643 485.968
5644 481.968
5645 477.968
5647 469.968
5646 473.968
5634 520.968
5558 516.968
5695 76
5616 72
5540 68
5454 64
5363 60
5736 434.968
5739 430.968
5738 430.968
5740 430.968
5729 461.968
5728 465.968
5730 457.968
5733 445.968
5735 438.968
5789 525.968
5790 521.968
5791 517.968
5792 513.968
5793 509.968
5718 505.968
5639 501.968
5640 497.968
5564 493.968
5479 489.968
5480 485.968
5788 528.968
5713 524.968
5808 449.968
5811 438.968
5810 442.968
5813 434.968
5815 434.968
5814 434.968
5801 477.968
5800 481.968
5803 469.968
5802 473.968
5805 461.968
5804 465.968
5806 457.968
5807 453.968
5881 457.968
5880 461.968
5882 453.968
5885 442.968
5884 446.968
5887 438.968
5872 493.968
5875 481.968
5874 485.968
5877 473.968
5876 477.968
5879 465.968
5878 469.968
5864 525.968
5863 529.968
5862 532.968
5889 438.968
5888 438.968
5947 493.968
5949 481.968
5951 473.968
5952 469.968
5953 465.968
5954 461.968
5950 477.968
5939 525.968
5940 521.968
5866 517.968
5961 442.968
5962 442.968
5957 450.968
5958 446.968
6001 818.924
6082 813.924
6083 809.924
6084 805.924
6160 801.924
6161 797.924
6236 793.924
6311 788.924
6312 784.924
6003 810.924
6002 814.924
6004 806.924
6085 801.924
6040 446.968
6037 454.968
6038 450.968
6027 493.968
6028 489.968
6029 485.968
6030 481.968
6016 537.968
6017 533.968
6018 529.968
6019 525.968
6109 489.968
6110 485.968
6081 817.924
6120 450.968
6122 450.968
6042 446.968
6113 473.968
6112 477.968
6115 465.968
6114 469.968
6117 458.968
6118 454.968
6162 793.924
6237 789.924
6157 813.924
6158 809.924
6233 805.924
6308 800.924
6309 796.924
6310 792.924
6156 817.924
6231 813.924
6306 808.924
6307 804.924
6159 805.924
6195 458.968
6194 462.968
6197 454.968
6198 454.968
6186 493.968
6189 481.968
6190 477.968
6191 473.968
6232 809.924
6235 797.924
6234 801.924
6230 103
6265 477.968
6264 481.968
6269 462.968
6268 466.968
6271 458.968
6263 485.968
6262 489.968
6241 572.968
6167 568.968
6247 549.968
6248 545.968
6249 541.968
6175 537.968
6098 533.968
6099 529.968
6318 576.968
6319 572.968
6320 568.968
6321 564.968
6322 560.968
6323 556.968
6246 552.968
6172 548.968
6095 544.968
6015 540.968
5936 536.968
6305 812.924
6345 470.968
6346 466.968
6348 462.968
6351 462.968
6274 458.968
6200 454.968
6123 450.968
6043 446.968
6339 493.968
6338 497.968
6341 485.968
6340 489.968
6342 481.968
6393 765.924
6394 761.924
6392 769.924
6385 797.924
6386 793.924
6387 789.924
6388 785.924
6389 781.924
6390 777.924
6391 773.924
6384 801.924
6381 813.924
6382 809.924
6383 805.924
6380 111
6424 470.968
6426 466.968
6417 497.968
6418 493.968
6416 501.968
6420 485.968
6423 474.968
6409 529.968
6410 525.968
6411 521.968
6333 517.968
6256 513.968
6257 509.968
6258 505.968
6412 517.968
6415 505.968
6337 501.968
6401 560.968
6459 810.924
6540 806.924
6620 801.924
6621 797.924
6699 793.924
6775 789.924
6848 784.924
6849 780.924
6850 776.924
6922 772.924
6998 768.924
7069 763.924
7138 759.924
7139 755.924
7140 751.924
7141 747.924
7142 743.924
7143 739.924
7144 735.924
7145 731.924
7210 727.924
7277 723.924
7345 718.924
7346 714.924
7415 710.924
7416 706.924
7417 702.924
7418 698.924
7419 694.924
7420 690.924
6458 814.924
6461 802.924
6462 798.924
6463 794.924
6544 790.924
6624 785.924
6702 781.924
6703 777.924
6779 773.924
6852 768.924
6853 764.924
6854 760.924
6855 756.924
6856 752.924
6857 748.924
6858 744.924
6859 740.924
6860 736.924
6861 732.924
6933 728.924
6934 724.924
6460 806.924
6541 802.924
6483 564.968
6484 561.968
6485 557.968
6486 553.968
6487 549.968
6405 545.968
6327 541.968
6250 537.968
6176 533.968
6473 754.924
6554 750.924
6634 745.924
6472 758.924
6553 754.924
6633 749.924
6711 745.924
6477 741.924
6558 737.924
6638 732.924
6716 728.924
6792 724.924
6865 719.924
6937 715.924
7013 711.924
6476 742.924
6557 738.924
6637 733.924
6715 729.924
6791 725.924
6864 720.924
6936 716.924
7012 712.924
7083 707.924
6478 740.924
6559 736.924
6639 731.924
6717 727.924
6793 723.924
6866 718.924
6938 714.924
6465 786.924
6546 782.924
6626 777.924
6627 773.924
6628 769.924
6706 765.924
6782 761.924
6464 790.924
6545 786.924
6625 781.924
6467 778.924
6468 774.924
6549 770.924
6629 765.924
6707 761.924
6783 757.924
6466 782.924
6547 778.924
6469 770.924
6550 766.924
6630 761.924
6708 757.924
6784 753.924
6471 762.924
6552 758.924
6632 753.924
6710 749.924
6470 766.924
6551 762.924
6631 757.924
6505 478.968
6506 474.968
6508 470.968
6497 509.968
6499 501.968
6500 497.968
6498 505.968
6502 489.968
6555 746.924
6635 741.924
6548 774.924
6539 810.924
6619 805.924
6697 801.924
6773 797.924
6846 792.924
6918 788.924
6919 784.924
6920 780.924
6996 776.924
7067 771.924
7136 767.924
7137 763.924
6543 794.924
6623 789.924
6701 785.924
6542 798.924
6622 793.924
6700 789.924
6584 493.968
6587 482.968
6588 478.968
6591 474.968
6590 474.968
6579 513.968
6581 505.968
6582 501.968
6580 509.968
6583 497.968
6575 529.968
6560 735.924
6640 730.924
6718 726.924
6565 568.968
6566 565.968
6567 561.968
6568 557.968
6569 553.968
6618 809.924
6696 805.924
6651 545.968
6644 572.968
6667 482.968
6666 486.968
6659 513.968
6660 509.968
6658 517.968
6661 505.968
6663 497.968
6662 501.968
6705 769.924
6781 765.924
6704 773.924
6780 769.924
6709 753.924
6785 749.924
6698 797.924
6774 793.924
6847 788.924
6695 809.924
6745 486.968
6744 490.968
6746 482.968
6737 517.968
6738 513.968
6739 509.968
6736 521.968
6741 501.968
6740 505.968
6733 533.968
6655 529.968
6576 525.968
6735 525.968
6723 573.968
6724 569.968
6725 565.968
6777 781.924
6776 785.924
6778 777.924
6851 772.924
6923 768.924
6999 764.924
7070 759.924
6771 805.924
6844 800.924
6845 796.924
6772 801.924
6809 533.968
6734 529.968
6656 525.968
6577 521.968
6578 517.968
6811 525.968
6812 521.968
6810 529.968
6813 517.968
6815 509.968
6816 505.968
6814 513.968
6798 577.968
6799 573.968
6787 741.924
6786 745.924
6789 733.924
6862 728.924
6788 737.924
6843 804.924
6819 494.968
6820 490.968
6821 486.968
6822 486.968
6879 541.968
6808 537.968
6869 581.968
6870 577.968
6910 863.924
6890 498.968
6891 494.968
6892 490.968
6881 533.968
6882 529.968
6883 525.968
6880 537.968
6885 517.968
6884 521.968
6941 581.968
6940 585.968
6929 744.924
7005 740.924
7076 735.924
6931 736.924
7007 732.924
7078 727.924
7147 723.924
7148 719.924
7149 715.924
7150 711.924
6930 740.924
7006 736.924
7077 731.924
7146 727.924
6932 732.924
6921 776.924
6925 760.924
6926 756.924
6927 752.924
6928 748.924
7004 744.924
7075 739.924
6924 764.924
7000 760.924
7071 755.924
6915 800.924
6991 796.924
7062 791.924
7131 787.924
7196 783.924
7197 779.924
7264 775.924
7332 770.924
7401 766.924
7402 762.924
6914 804.924
6990 800.924
7061 795.924
7130 791.924
6917 792.924
6993 788.924
7064 783.924
7065 779.924
7134 775.924
7199 771.924
7266 767.924
7334 762.924
7335 758.924
7404 754.924
7405 750.924
6916 796.924
6992 792.924
7063 787.924
6953 529.968
6952 533.968
6957 513.968
6958 509.968
6949 545.968
6951 537.968
6950 541.968
7001 756.924
7072 751.924
7002 752.924
7073 747.924
6995 780.924
7066 775.924
7135 771.924
6994 784.924
6997 772.924
7068 767.924
6985 828.924
7054 823.924
7055 819.924
7124 815.924
7125 811.924
7126 807.924
7127 803.924
7128 799.924
7129 795.924
7194 791.924
7261 787.924
7329 782.924
7330 778.924
7331 774.924
7400 770.924
6984 832.924
7053 827.924
6987 820.924
7056 815.924
6986 824.924
6989 804.924
7060 799.924
6988 816.924
7057 811.924
6977 860.924
7046 855.924
7115 851.924
7116 847.924
7117 843.924
7118 839.924
7119 835.924
6976 864.924
7045 859.924
7114 855.924
6979 852.924
7048 847.924
6978 856.924
7047 851.924
6981 844.924
7050 839.924
6980 848.924
7049 843.924
6983 836.924
7052 831.924
7032 513.968
7034 506.968
7035 502.968
6961 498.968
7025 541.968
7024 545.968
7029 525.968
7031 517.968
7030 521.968
7017 585.968
7016 589.968
7023 549.968
7009 724.924
7080 719.924
7008 728.924
7079 723.924
7010 720.924
7081 715.924
7059 803.924
7058 807.924
7044 863.924
7096 545.968
7099 533.968
7098 537.968
7101 525.968
7100 529.968
7103 517.968
7102 521.968
7089 581.968
7095 549.968
7094 553.968
7085 596.968
7015 592.968
6939 588.968
6868 584.968
6797 580.968
6722 576.968
7086 593.968
7074 743.924
7133 779.924
7198 775.924
7132 783.924
7123 819.924
7113 859.924
7178 855.924
7245 851.924
7313 846.924
7314 842.924
7315 838.924
7384 834.924
7385 830.924
7451 826.924
7452 822.924
7453 818.924
7454 814.924
7455 810.924
7456 806.924
7112 863.924
7105 510.968
7163 561.968
7093 557.968
7022 553.968
7162 573.968
7228 569.968
7229 565.968
7165 553.968
7164 557.968
7155 597.968
7157 589.968
7159 585.968
7225 581.968
7226 577.968
7227 573.968
7158 585.968
7193 795.924
7192 799.924
7259 795.924
7327 790.924
7396 786.924
7195 787.924
7185 827.924
7252 823.924
7320 818.924
7389 814.924
7184 831.924
7251 827.924
7319 822.924
7388 818.924
7186 823.924
7253 819.924
7321 814.924
7390 810.924
7189 811.924
7256 807.924
7324 802.924
7325 798.924
7326 794.924
7395 790.924
7188 815.924
7255 811.924
7323 806.924
7191 803.924
7258 799.924
7190 807.924
7177 859.924
7176 510.968
7106 506.968
7179 851.924
7246 847.924
7181 843.924
7248 839.924
7316 834.924
7180 847.924
7247 843.924
7183 835.924
7250 831.924
7318 826.924
7182 839.924
7249 835.924
7317 830.924
7169 537.968
7170 533.968
7171 529.968
7168 541.968
7173 521.968
7175 514.968
7224 585.968
7231 557.968
7230 561.968
7216 703.924
7219 604.968
7154 600.968
7220 601.968
7223 589.968
7222 593.968
7209 731.924
7208 735.924
7275 731.924
7343 726.924
7344 722.924
7413 718.924
7211 723.924
7278 719.924
7213 715.924
7280 711.924
7348 706.924
7212 719.924
7279 715.924
7347 710.924
7215 707.924
7214 711.924
7201 763.924
7268 759.924
7336 754.924
7200 767.924
7203 755.924
7270 751.924
7338 746.924
7339 742.924
7340 738.924
7409 734.924
7410 730.924
7202 759.924
7269 755.924
7337 750.924
7205 747.924
7272 743.924
7204 751.924
7271 747.924
7207 739.924
7274 735.924
7342 730.924
7206 743.924
7273 739.924
7341 734.924
7257 803.924
7260 791.924
7328 786.924
7397 782.924
7398 778.924
7263 779.924
7262 783.924
7241 518.968
7242 514.968
7243 859.924
7311 854.924
7380 850.924
7381 846.924
7382 842.924
7448 838.924
7449 834.924
7450 830.924
7244 855.924
7312 850.924
7233 549.968
7235 541.968
7234 545.968
7237 533.968
7236 537.968
7238 529.968
7172 525.968
7289 593.968
7288 597.968
7291 585.968
7292 581.968
7290 589.968
7293 577.968
7294 573.968
7295 569.968
7281 707.924
7349 702.924
7283 699.924
7351 694.924
7282 703.924
7350 698.924
7276 727.924
7265 771.924
7333 766.924
7267 763.924
7304 533.968
7307 522.968
7310 858.924
7299 553.968
7301 545.968
7302 541.968
7303 537.968
7300 549.968
7353 689.968
7555 677.968
7355 609.968
7357 601.968
7356 605.968
7359 593.968
7360 589.968
7358 597.968
7376 526.968
7369 553.968
7370 549.968
7371 545.968
7368 557.968
7373 537.968
7372 541.968
7361 585.968
7363 577.968
7364 573.968
7362 581.968
7367 561.968
7366 565.968
7423 613.968
7422 615.968
7408 738.924
7411 726.924
7412 722.924
7414 714.924
7403 758.924
7407 742.924
7406 746.924
7394 794.924
7399 774.924
7440 545.968
7435 565.968
7436 561.968
7437 557.968
7438 553.968
7439 549.968
7434 569.968
7425 605.968
7424 609.968
7427 597.968
7428 593.968
7429 589.968
7430 585.968
7426 601.968
7513 845.968
7514 841.968
7515 837.968
7516 833.968
7517 829.968
7518 825.968
7519 821.968
7520 817.968
7521 813.968
7522 809.968
7523 805.968
7524 801.968
7525 797.968
7526 793.968
7527 789.968
7528 785.968
7529 781.968
7530 777.968
7531 773.968
7532 769.968
7533 765.968
7534 761.968
7535 757.968
7536 753.968
7537 749.968
7538 745.968
7539 741.968
7540 737.968
7541 733.968
7542 729.968
7543 725.968
7544 721.968
7545 717.968
7546 713.968
7547 709.968
7548 705.968
7549 701.968
7550 697.968
7551 693.968
7552 689.968
7553 685.968
7554 681.968
7505 553.968
7506 549.968
7504 557.968
7499 577.968
7500 573.968
7501 569.968
7502 565.968
7503 561.968
7498 581.968
7489 617.968
7491 609.968
7492 605.968
7493 601.968
7490 613.968
7494 597.968
7579 545.968
7582 854.968
7655 850.968
7728 846.968
7569 585.968
7570 581.968
7568 589.968
7573 569.968
7572 573.968
7575 561.968
7574 565.968
7561 617.968
7562 613.968
7563 609.968
7564 605.968
7565 601.968
7560 621.968
7567 593.968
7559 623.968
7488 619.968
7609 746.968
7610 742.968
7683 738.968
7684 734.968
7685 730.968
7686 726.968
7687 722.968
7760 718.968
7834 713.968
7608 750.968
7681 746.968
7754 742.968
7828 737.968
7829 733.968
7611 738.968
7613 730.968
7612 734.968
7615 722.968
7616 718.968
7689 714.968
7690 710.968
7691 706.968
7764 702.968
7838 697.968
7614 726.968
7603 770.968
7676 766.968
7677 762.968
7750 758.968
7824 753.968
7825 749.968
7605 762.968
7678 758.968
7679 754.968
7752 750.968
7826 745.968
7604 766.968
7607 754.968
7606 758.968
7592 814.968
7665 810.968
7666 806.968
7739 802.968
7813 797.968
7641 593.968
7642 589.968
7643 585.968
7640 597.968
7645 577.968
7644 581.968
7647 569.968
7646 573.968
7633 625.968
7635 617.968
7634 621.968
7637 609.968
7636 613.968
7638 605.968
7625 682.968
7698 678.968
7771 674.968
7845 669.968
7624 686.968
7697 682.968
7770 678.968
7844 673.968
7627 674.968
7628 670.968
7701 666.968
7774 662.968
7848 657.968
7626 678.968
7629 666.968
7630 662.968
7617 714.968
7619 706.968
7620 702.968
7693 698.968
7694 694.968
7695 690.968
7768 686.968
7842 681.968
7618 710.968
7621 698.968
7623 690.968
7622 694.968
7648 565.968
7649 561.968
7576 557.968
7654 546.091
10081 542.055
7707 621.968
7706 625.968
7709 613.968
7708 617.968
7710 609.968
7696 686.968
7769 682.968
7843 677.968
7699 674.968
7772 670.968
7846 665.968
7847 661.968
7700 670.968
7773 666.968
7703 658.968
7702 662.968
7688 718.968
7761 714.968
7835 709.968
7836 705.968
7837 701.968
7692 702.968
7765 698.968
7839 693.968
7840 689.968
7680 750.968
7753 746.968
7827 741.968
7682 742.968
7755 738.968
7720 569.968
7721 565.968
7722 561.968
7713 597.968
7712 601.968
7715 589.968
7714 593.968
7717 581.968
7716 585.968
7719 573.968
7718 577.968
7775 658.968
7849 653.968
7763 706.968
7762 710.968
7767 690.968
7841 685.968
7766 694.968
7757 730.968
7831 725.968
7756 734.968
7830 729.968
7759 722.968
7833 717.968
7758 726.968
7832 721.968
7751 754.968
7793 573.968
7794 569.968
7795 565.968
7792 577.968
7785 605.968
7786 601.968
7787 597.968
7788 593.968
7789 589.968
7790 585.968
7791 581.968
7776 654.968
7850 649.968
7779 629.968
7778 646.968
7865 581.968
7866 577.968
7867 573.968
7868 569.968
7864 585.968
7857 613.968
7856 617.968
7859 605.968
7858 609.968
7861 597.968
7862 593.968
7860 601.968
7863 589.968
7854 625.968
7929 621.968
7930 617.968
7931 613.968
7933 605.968
7934 601.968
7935 597.968
7936 593.968
7937 589.968
7938 585.968
7939 581.968
7932 609.968
7941 573.968
8013 568.968
7944 561.968
7872 557.968
7726 549.968
8056 648.968
8059 636.968
8058 640.968
8061 628.968
8062 624.968
8063 620.968
8060 632.968
8035 732.968
8036 728.968
8074 577.968
8067 604.968
8066 608.968
8069 596.968
