 key  value
8122 407.968
8123 403.968
8124 399.968
8125 395.968
8126 391.968
8127 387.968
8128 383.968
8129 379.968
8130 375.968
8071 371.968
8072 367.968
8010 363.968
8011 359.968
7942 352.968
7869 348.968
7796 344.968
7723 340.968
7651 336.968
7578 332.968
7507 328.968
7508 324.968
7509 320.968
7443 316.968
7375 312.968
7306 308.968
7240 304.968
7174 300.968
7104 296.968
7033 292.968
6959 288.968
6889 284.968
6818 280.968
6743 276.968
6665 272.968
6586 268.968
6504 264.968
6422 260.968
6344 256.968
6267 252.968
6193 248.968
6116 244.968
6036 240.968
5956 236.968
5883 232.968
5809 228.968
5734 224.968
5655 220.968
5579 216.968
5494 212.968
5404 208.968
5313 204.968
5226 200.968
5147 196.968
5066 192.968
4983 188.968
4899 184.968
4814 180.968
4727 173.968
4728 169.968
4729 165.968
9898 161.451
4643 156
4557 152
4469 148
4380 144
4289 140
4196 136
4105 132
4016 128
3928 124
3839 120
3750 116
3665 112
3582 108
3497 104
3409 100
3319 96
3225 92
3133 88
3043 84
2940 80
2941 76
2841 72
2753 68
2754 64
2755 60
2756 56
2757 52
2758 48
2759 44
2760 40
2761 36
2673 32
2587 28
2588 24
2589 20
2590 16
2591 12
2592 8
2507 4
8113 443.968
8054 439.968
8055 435.968
7993 431.968
7994 427.968
7995 423.968
7996 419.968
7997 415.968
7998 411.968
7999 407.968
8000 403.968
8001 399.968
8002 395.968
8003 391.968
8004 387.968
8005 383.968
8006 379.968
8007 375.968
8008 371.968
8009 367.968
8112 447.968
8053 443.968
8115 435.968
8116 431.968
8117 427.968
8058 423.968
8114 439.968
8119 419.968
8060 415.968
8061 411.968
8118 423.968
8059 419.968
8105 475.968
8046 471.968
8047 467.968
8048 463.968
8049 459.968
8050 455.968
7988 451.968
7989 447.968
7990 443.968
7991 439.968
7992 435.968
8104 479.968
8045 475.968
8107 467.968
8106 471.968
8109 459.968
8108 463.968
8111 451.968
8110 455.968
8097 507.968
8098 503.968
8039 499.968
8040 495.968
8041 491.968
8042 487.968
8043 483.968
8044 479.968
8096 511.968
8099 499.968
8101 491.968
8100 495.968
8103 483.968
8102 487.968
8155 507.968
8156 503.968
8157 499.968
8158 495.968
8159 491.968
8160 487.968
8136 583.968
8137 579.968
8138 575.968
8081 571.968
8082 567.968
8023 563.968
8024 559.968
7962 555.968
7963 551.968
7964 547.968
7965 543.968
7966 539.968
7967 535.968
7968 531.968
7969 527.968
7970 523.968
7971 519.968
7972 515.968
7973 511.968
7974 507.968
7975 503.968
7976 499.968
7977 495.968
7978 491.968
7979 487.968
7980 483.968
7981 479.968
7982 475.968
7983 471.968
7984 467.968
7985 463.968
7986 459.968
7987 455.968
8185 387.968
8186 383.968
8184 391.968
8177 419.968
8178 415.968
8121 411.968
8062 407.968
8176 423.968
8179 411.968
8181 403.968
8180 407.968
8183 395.968
8182 399.968
8169 451.968
8170 447.968
8171 443.968
8172 439.968
8173 435.968
8168 455.968
8175 427.968
8174 431.968
8161 483.968
8162 479.968
8163 475.968
8164 471.968
8165 467.968
8166 463.968
8167 459.968
8217 491.968
8216 495.968
8219 483.968
8220 479.968
8218 487.968
8221 475.968
8223 467.968
8222 471.968
8215 499.968
8214 503.968
8241 395.968
8240 399.968
8242 391.968
8233 427.968
8234 423.968
8235 419.968
8232 431.968
8237 411.968
8238 407.968
8239 403.968
8236 415.968
8225 459.968
8224 463.968
8227 451.968
8226 455.968
8229 443.968
8228 447.968
8231 435.968
8230 439.968
8281 451.968
8280 455.968
8283 443.968
8282 447.968
8285 435.968
8286 431.968
8287 427.968
8288 423.968
8284 439.968
8273 483.968
8272 487.968
8275 475.968
8274 479.968
8277 467.968
8276 471.968
8279 459.968
8278 463.968
91 188
112 184
113 180
114 176
115 172
116 168
117 164
118 160
135 148
154 141
183 137
221 133
267 128
318 124
374 120
436 115
500 111
571 107
643 102
713 98
714 94
791 90
876 85
954 81
955 77
956 73
1028 69
1098 65
1171 60
1255 56
1339 52
1430 47
1527 43
1621 39
1719 34
1810 30
1893 26
1982 21
2073 17
2163 13
2249 9
2337 4
8269 499.968
8270 495.968
93 180
8268 503.968
92 184
8271 491.968
8319 499.968
8318 503.968
8298 383.968
8299 379.968
8246 375.968
8189 371.968
8132 367.968
8073 363.968
125 188
126 184
127 180
128 176
129 172
130 168
131 164
132 160
133 156
134 152
8289 419.968
8291 411.968
8290 415.968
8293 403.968
8294 399.968
8295 395.968
8292 407.968
8344 399.968
8349 385.802
9963 383.837
110 192
111 188
8337 427.968
8336 431.968
8339 419.968
8340 415.968
8338 423.968
8341 411.968
8342 407.968
8343 403.968
8329 459.968
8328 463.968
8331 451.968
8330 455.968
8333 443.968
8332 447.968
8335 435.968
8334 439.968
8321 491.968
145 177
174 173
212 169
258 164
259 160
310 156
366 152
428 147
492 143
563 139
635 134
705 130
782 126
867 121
945 117
1017 113
1087 109
1160 104
1244 100
1245 96
1246 92
1247 88
1248 84
1332 80
1423 75
1520 71
1614 67
1712 62
1803 58
1886 54
1975 49
1976 45
1977 41
1978 37
1979 33
1980 29
2071 25
2072 21
8320 495.968
144 181
8323 483.968
8324 479.968
147 169
148 165
149 161
150 157
179 153
217 149
263 144
264 140
265 136
316 132
372 128
434 123
498 119
569 115
641 110
711 106
712 102
8322 487.968
146 173
8325 475.968
8326 471.968
8327 467.968
8377 463.968
8376 467.968
8379 455.968
8378 459.968
8381 447.968
8380 451.968
8383 439.968
8384 435.968
8385 431.968
143 185
8382 443.968
8369 495.968
8368 499.968
8371 487.968
8372 483.968
8370 491.968
8373 479.968
8374 475.968
8375 471.968
177 161
215 157
261 152
262 148
313 144
314 140
370 136
432 131
433 127
497 123
176 165
178 157
181 145
219 141
180 149
218 145
173 177
172 181
210 177
256 172
307 168
363 164
425 159
489 155
560 151
632 146
633 142
703 138
704 134
175 169
8393 399.968
8394 395.968
8346 391.968
8347 387.968
216 153
209 181
255 176
306 172
362 168
424 163
8387 423.968
211 173
257 168
8386 427.968
8389 415.968
8390 411.968
8391 407.968
8392 403.968
213 165
8388 419.968
214 161
260 156
311 152
312 148
8441 407.968
8442 403.968
8443 399.968
8444 395.968
8445 391.968
8396 387.968
8348 383.968
8440 411.968
8433 439.968
8434 435.968
8435 431.968
8436 427.968
8437 423.968
8432 443.968
8439 415.968
8438 419.968
8425 471.968
8426 467.968
8427 463.968
8428 459.968
8429 455.968
8430 451.968
8424 475.968
8431 447.968
254 180
8419 495.968
8420 491.968
8421 487.968
8418 499.968
8423 479.968
8422 483.968
8473 471.968
8474 467.968
8475 463.968
8472 475.968
8477 455.968
8476 459.968
8479 447.968
8478 451.968
8467 495.968
8466 499.968
8469 487.968
8468 491.968
8471 479.968
8470 483.968
266 132
8499 555.968
8500 551.968
8501 547.968
8502 543.968
8503 539.968
8457 535.968
8410 531.968
8411 527.968
8412 523.968
8363 519.968
8364 515.968
8365 511.968
8317 507.968
315 136
317 128
319 123
375 119
437 114
501 110
572 106
8481 439.968
305 176
8480 443.968
8483 431.968
8484 427.968
8482 435.968
8485 423.968
8486 419.968
309 160
308 164
8487 415.968
8488 411.968
8489 407.968
8490 403.968
299 219
355 215
416 210
417 206
479 202
480 198
550 191
622 186
623 182
624 178
625 174
626 170
627 166
628 162
629 158
630 154
631 150
701 146
702 142
8529 435.968
8530 431.968
8528 439.968
8531 427.968
8532 423.968
8533 419.968
8534 415.968
8521 467.968
8520 471.968
8523 459.968
8524 455.968
8522 463.968
8525 451.968
8526 447.968
8527 443.968
8515 491.968
8514 495.968
8517 483.968
8516 487.968
8519 475.968
8518 479.968
8569 455.968
8570 451.968
8568 459.968
8571 447.968
8572 443.968
8573 439.968
8574 435.968
8575 431.968
8561 487.968
8562 483.968
8563 479.968
8564 475.968
8560 491.968
8565 471.968
8567 463.968
8566 467.968
369 140
431 135
368 144
430 139
494 135
565 131
637 126
638 122
639 118
709 114
710 110
371 132
373 124
435 119
499 115
570 111
642 106
361 172
423 167
487 163
558 159
360 176
422 171
8605 487.968
365 156
427 151
491 147
562 143
634 138
8604 491.968
364 160
426 155
490 151
561 147
8607 479.968
8608 475.968
367 148
429 143
8606 483.968
353 223
414 218
415 214
8589 551.968
8546 547.968
413 222
475 218
476 214
477 210
478 206
8588 555.968
8545 551.968
412 226
474 222
8590 547.968
8547 543.968
8576 427.968
8577 423.968
8578 419.968
8632 547.968
8591 543.968
8548 539.968
8504 535.968
8458 531.968
8631 551.968
8630 555.968
8617 439.968
8616 443.968
8619 431.968
8620 427.968
8621 423.968
8622 419.968
8623 415.968
8624 411.968
8581 407.968
8537 403.968
8491 399.968
8618 435.968
8609 471.968
8611 463.968
8612 459.968
8610 467.968
8613 455.968
8615 447.968
8614 451.968
8671 551.968
8670 555.968
8657 447.968
8658 443.968
8656 451.968
8659 439.968
8660 435.968
8661 431.968
421 175
485 171
556 167
420 179
8649 479.968
473 226
8648 483.968
8651 471.968
8652 467.968
8653 463.968
8650 475.968
8655 455.968
8654 459.968
469 242
470 238
471 234
472 230
8647 487.968
8646 491.968
8697 447.968
8698 443.968
8699 439.968
8700 435.968
8696 451.968
8701 431.968
8662 427.968
8689 479.968
8691 471.968
8690 475.968
8693 463.968
8692 467.968
8695 455.968
8694 459.968
8686 491.968
8687 487.968
8688 483.968
8672 547.968
8633 543.968
8634 539.968
8635 535.968
8636 531.968
8637 527.968
8638 523.968
8597 519.968
8554 515.968
8555 511.968
8556 507.968
8512 503.968
496 127
8729 475.968
8730 471.968
8728 479.968
488 159
8731 467.968
8733 459.968
8732 463.968
8735 451.968
8736 447.968
495 131
8734 455.968
483 179
554 175
484 175
8726 487.968
486 167
537 243
609 238
610 234
611 230
612 226
613 222
614 218
615 214
616 210
617 206
618 202
619 198
620 194
621 190
539 235
538 239
541 227
540 231
543 219
542 223
8711 547.968
8712 543.968
8674 539.968
8710 551.968
8763 487.968
8727 483.968
8765 479.968
8766 475.968
8764 483.968
8767 471.968
8768 467.968
8747 551.968
8746 555.968
8748 547.968
8749 543.968
8713 539.968
8675 535.968
8737 443.968
8738 439.968
8739 435.968
564 135
636 130
706 126
783 122
868 117
946 113
1018 109
1019 105
1089 101
1162 96
566 127
553 179
552 183
555 171
557 163
545 211
544 215
8787 551.968
8788 547.968
547 203
8786 555.968
546 207
551 187
8776 435.968
8777 431.968
8741 427.968
8703 423.968
8664 419.968
605 254
606 250
607 246
608 242
8780 434.331
9950 428.669
8704 423.968
8665 419.968
8769 463.968
8771 455.968
8772 451.968
8770 459.968
8773 447.968
8775 439.968
8774 443.968
8827 551.968
8816 435.968
8809 463.968
8810 459.968
8808 467.968
8811 455.968
8813 447.968
8814 443.968
8815 439.968
8812 451.968
8801 495.968
8762 491.968
8800 499.968
8761 495.968
8725 491.968
8803 487.968
8805 479.968
8804 483.968
8807 471.968
8806 475.968
8849 463.968
8848 467.968
8851 455.968
8852 451.968
8853 447.968
8850 459.968
8854 443.968
8841 495.968
8802 491.968
8843 487.968
8842 491.968
8845 479.968
8846 475.968
8844 483.968
8847 471.968
8890 443.96
9969 440.03
8881 479.96
8882 475.96
8883 471.96
8884 467.96
8885 463.96
8886 459.96
8887 455.96
8888 451.96
8889 447.96
8880 483.96
8877 495.96
8878 491.96
8879 487.96
689 201
690 197
691 193
692 189
693 185
694 181
695 177
696 173
697 169
688 205
681 233
682 229
683 225
684 221
685 217
686 213
687 209
8920 463.96
8921 459.96
680 237
8913 491.96
8912 495.96
8915 483.96
675 257
676 253
677 249
678 245
679 241
8914 487.96
8917 475.96
8916 479.96
8919 467.96
8918 471.96
8911 499.96
8910 503.96
8876 499.96
8953 467.96
8954 463.96
8952 471.96
8945 499.96
8944 503.96
8947 491.96
8946 495.96
8949 483.96
8950 479.96
8951 475.96
8948 487.96
708 118
761 232
762 228
763 224
764 220
765 216
766 212
767 208
768 204
769 200
770 196
771 192
772 188
773 184
774 180
760 236
753 264
754 260
755 256
756 252
757 248
758 244
759 240
8985 471.96
8984 475.96
8977 503.96
8976 507.96
8979 495.96
8980 491.96
8981 487.96
8978 499.96
8983 479.96
8982 483.96
8975 511.96
8974 515.96
785 114
870 109
871 105
949 101
1021 97
1091 93
1164 88
784 118
869 113
947 109
787 106
872 101
873 97
951 93
952 89
1024 85
1025 81
1095 77
1168 72
1252 68
1336 64
1427 59
1524 55
1618 51
1716 46
1717 42
1808 38
1809 34
1892 30
1981 25
786 110
789 98
874 93
788 102
790 94
875 89
953 85
9017 471.96
8986 467.96
9016 475.96
9009 503.96
9010 499.96
9011 495.96
9008 507.96
9013 487.96
9014 483.96
9012 491.96
9015 479.96
9005 519.96
9006 515.96
9007 511.96
8997 551.96
8966 547.96
8934 543.96
8935 539.96
8902 535.96
8868 531.96
8869 527.96
8870 523.96
8871 519.96
8872 515.96
8873 511.96
8874 507.96
8875 503.96
8998 547.96
8999 543.96
9000 539.96
9001 535.96
9002 531.96
8971 527.96
8972 523.96
8940 519.96
8907 515.96
9041 499.96
9040 503.96
9043 491.96
9044 487.96
9042 495.96
9045 483.96
9046 479.96
9047 475.96
9048 471.96
9049 467.96
9019 463.96
8988 459.96
8989 455.96
8957 451.96
8924 447.96
856 198
857 194
858 190
859 186
9037 515.96
9036 519.96
9039 507.96
9038 511.96
849 230
850 226
848 234
851 218
852 214
853 210
854 206
855 202
9029 547.96
9028 551.96
841 262
842 258
843 254
844 250
845 246
846 242
847 238
840 266
9073 487.96
9072 491.96
9075 479.96
9076 475.96
835 286
836 282
837 278
838 274
839 270
9074 483.96
9065 519.96
9066 515.96
9067 511.96
9064 523.96
9069 503.96
9070 499.96
9071 495.96
9068 507.96
9059 543.96
9031 539.96
9058 547.96
9063 527.96
9035 523.96
9113 551.96
9114 547.96
9088 543.96
9060 539.96
9061 535.96
9033 531.96
9034 527.96
9117 535.96
9091 531.96
9119 527.96
9093 523.96
9094 519.96
9095 515.96
9118 531.96
9092 527.96
9104 479.96
9097 507.96
9098 503.96
921 282
9096 511.96
920 286
9099 499.96
9100 495.96
9101 491.96
923 274
924 270
925 266
926 262
922 278
9103 483.96
927 258
9102 487.96
9145 535.96
9144 539.96
9147 527.96
9120 523.96
9146 531.96
9149 519.96
9150 515.96
9123 511.96
9148 523.96
9121 519.96
9151 511.96
9152 507.96
9125 503.96
9141 551.96
9143 543.96
9128 491.96
9129 487.96
9130 483.96
9131 479.96
9132 475.96
9106 471.96
9078 467.96
9050 463.96
9020 459.96
9133 475.96
9107 471.96
944 121
9122 515.96
9124 507.96
9127 495.96
9126 499.96
950 97
9177 511.96
9176 515.96
937 213
938 209
939 205
940 201
936 217
9179 503.96
9180 499.96
9181 495.96
9182 491.96
9157 487.96
9158 483.96
9178 507.96
9169 543.96
929 250
928 254
9171 535.96
931 242
9170 539.96
930 246
9173 527.96
9174 523.96
9175 519.96
933 234
934 230
9172 531.96
932 238
935 218.127
1010 214.127
1080 210.127
1153 205.127
1236 201.127
1319 197.127
1406 192.127
1502 185.127
1503 181.127
1597 177.127
1691 172.127
1692 168.127
1693 164.127
1694 160.127
1695 156.127
1696 152.127
1697 148.127
1698 144.127
1699 140.127
1700 136.127
1604 132.232
1605 128.232
1414 111
1415 107
1512 103
1606 99
1704 94
1705 90
1706 86
1707 82
1798 78
1799 74
1800 70
1883 66
1972 61
1973 57
2064 53
2154 49
2240 45
2328 40
2329 36
2415 32
2416 28
2417 24
2418 20
2419 16
2420 12
2421 8
2422 4
9153 503.96
9154 499.96
9155 495.96
9201 515.96
9202 511.96
9200 519.96
9203 507.96
9204 503.96
9205 499.96
9206 495.96
9193 547.96
9195 539.96
9196 535.96
9197 531.96
9199 523.96
9198 527.96
1022 93
1092 89
1165 84
1249 80
1333 76
1424 71
1425 67
1426 63
1009 234
1008 238
1011 213.127
1081 209.127
1015 121
1016 117
1086 113
1159 108
1243 104
1014 125
9241 535.96
9220 531.96
9221 527.96
9222 523.96
9223 519.96
1001 285
1000 289
9243 527.96
9244 523.96
9245 519.96
9246 515.96
9225 511.96
9226 507.96
1003 265
1004 261
1005 257
1006 253
9242 531.96
9247 511.96
9248 507.96
9249 503.96
9250 499.96
9229 495.96
9230 491.96
9208 487.96
9184 483.96
9159 479.96
1007 242
9224 515.96
9227 503.96
9228 499.96
9219 535.96
1037 64
1104 60
1180 56
1264 52
1351 48
1441 44
1537 40
1630 36
1727 32
1817 28
1899 24
1987 20
2077 16
2166 12
2251 8
2338 4
1027 73
1026 77
1096 73
1169 68
1253 64
1337 60
1428 55
1429 51
1084 121
1157 116
1241 112
1242 108
1073 269
1074 265
1075 261
1076 257
1077 242
1078 242
1097 69
1170 64
1099 64
1172 59
1256 55
1340 51
1431 46
1528 42
1622 38
1720 33
1811 29
1894 25
1983 20
2074 16
2164 12
2250 8
1102 61
1258 53
1342 49
1433 44
1530 40
1624 36
1721 32
1812 28
1895 24
1088 105
1161 100
1090 97
1163 92
1145 258.127
1229 254.127
1230 250.127
1231 246.127
1232 242.127
1233 238.127
1316 234.127
1496 226.127
1590 222.127
1684 217.127
1778 213.127
1949 205.127
1866 199.127
1780 195.127
1781 191.127
1782 187.127
1783 183.127
1784 179.127
1785 175.127
1786 171.127
1787 167.127
1788 163.127
1789 159.127
1790 155.127
1791 151.127
1792 147.127
1793 143.127
1144 263
1146 252
1147 248
1143 267
1142 271
1183 60
1182 56
1265 52
1173 58
1257 54
1341 50
1432 45
1529 41
1623 37
1167 76
1166 80
1152 209.127
1156 120
1240 116
1324 112
1158 112
9421 2032.92
9422 1934.92
9423 1836.92
9424 1738.92
9442 1563.92
9443 1464.92
9461 1329.92
9477 1223.92
9494 1116.92
9512 984.924
9531 877.924
9551 770.924
6006 581.924
6087 576.924
6163 572.924
6238 568.924
6313 563.924
6314 559.924
6315 555.924
6316 551.924
6317 547.924
6395 540.924
6474 533.924
6475 529.924
6476 525.924
6557 521.924
6637 516.924
6715 512.924
6791 508.924
6864 503.924
6936 499.924
7012 495.924
7083 490.924
7152 486.924
7217 482.924
7284 478.924
7352 473.924
7421 469.924
7487 465.924
9982 461.983
7556 456.968
7557 452.968
7558 448.968
7631 441.968
7704 437.968
7777 433.968
7851 428.968
7852 424.968
7925 420.968
7926 416.968
7927 412.968
7854 408.968
7781 404.968
7782 400.968
7783 396.968
7784 392.968
7785 388.968
7786 384.968
7713 380.968
7641 376.968
7568 372.968
7497 368.968
7431 364.968
7432 360.968
7364 356.968
7295 352.968
7229 348.968
7230 344.968
7164 340.968
7094 336.968
7023 332.968
6949 328.968
6879 324.968
6808 320.968
6733 316.968
6734 312.968
6735 308.968
6736 304.968
6737 300.968
6738 296.968
6739 292.968
6740 288.968
6741 284.968
6742 280.968
6664 276.968
9420 2130.92
1235 205.127
1318 201.127
1405 196.127
1234 209.127
1317 205.127
1404 200.127
1225 271
1224 275
1227 262.127
1228 258.127
1226 267
1221 322
1220 318
1305 314
1392 310
1484 306
1485 302
1486 298
1393 291
1306 285
1223 278
9462 1293.42
9939 1203.01
9478 1185.1
9942 1096.22
9495 1077.92
1222 326
1269 68
1268 64
1354 60
1353 56
1443 52
1442 48
1259 52
1345 48
1435 44
1532 40
1626 36
1723 32
1814 28
1896 24
1984 20
1251 72
1250 76
1334 72
9493 1171.92
9511 1038.92
9530 932.924
9550 826.924
9572 697.924
5928 600.924
1254 60
1304 315
1307 282
1309 274.127
1310 270.127
1311 266.127
1312 262.127
1308 278.127
9529 1031.92
9528 1130.92
9532 873.924
9525 2019.16
9544 1917.16
9563 1824.16
9586 1722.16
9607 1620.16
9629 1528.16
9630 1431.16
9631 1334.16
9984 1282.57
9609 1202.97
9610 1102.97
9611 1002.97
9612 902.968
9613 802.968
9614 702.968
7873 636.968
7800 632.968
7801 628.968
7802 624.968
7875 620.968
7876 616.968
7877 612.968
7878 608.968
7879 604.968
7880 600.968
7881 596.968
7882 592.968
7883 588.968
7884 584.968
7885 580.968
7886 576.968
7887 572.968
7888 568.968
7889 564.968
7890 560.968
7891 556.968
7892 552.968
7893 548.968
7894 544.968
7895 540.968
7896 536.968
7897 532.968
7898 528.968
7899 524.968
7900 520.968
7901 516.968
7902 512.968
7903 508.968
7904 504.968
7905 500.968
7906 496.968
7907 492.968
7908 488.968
7909 484.968
7910 480.968
7911 476.968
7912 472.968
7913 468.968
7914 464.968
7915 460.968
7916 456.968
7917 452.968
7918 448.968
7919 444.968
7920 440.968
7921 436.968
7922 432.968
7923 428.968
7924 424.968
9524 2114.16
9543 2012.16
9562 1919.16
9585 1818.16
9606 1717.16
9628 1625.16
9527 1229.92
9513 980.924
1338 56
1343 48
1329 92
1420 87
1517 83
1518 79
1519 75
1613 71
1711 66
1802 62
1328 96
1419 91
1516 87
1610 83
1708 78
9506 2215.16
1330 88
1421 83
1422 79
9509 1234.92
9510 1136.92
1335 68
1325 108
1416 103
1513 99
1607 95
9567 1187.92
9568 1089.92
9569 991.924
9570 893.924
9571 795.924
1327 100
1418 95
1515 91
9566 1285.92
1326 104
1417 99
9547 1125.92
9546 1224.92
9549 926.924
9548 1025.92
9593 694.924
6911 642.924
6912 638.924
6913 634.924
6982 623.924
7051 618.924
7052 614.924
7121 610.924
7122 606.924
7123 602.924
7188 598.924
7189 594.924
7256 590.924
7324 585.924
7393 581.924
7459 577.924
7460 573.924
7461 569.924
7462 565.924
7463 561.924
7464 557.924
7465 553.924
7466 549.924
7467 545.924
7468 541.924
7469 537.924
7470 533.924
7471 529.924
7472 525.924
7473 521.924
7474 517.924
7475 513.924
7476 509.924
7477 505.924
7478 501.924
7479 497.924
7480 493.924
7481 489.924
7482 485.924
7483 481.924
7484 477.924
7485 473.924
7486 469.924
9592 793.924
9595 478
9574 369
3392 285
3297 278
3107 263
3011 256
2908 245
2818 237
2732 232
2562 220
2561 216
2560 212
2559 208
2558 204
2557 200
2556 196
2555 192
2554 188
2553 184
2468 180
2467 176
2466 172
2465 168
2464 164
2463 160
2462 156
2461 152
2460 148
2459 144
2458 140
2457 136
2456 132
2455 128
2454 124
2453 120
2452 116
2451 112
2450 108
2449 104
2448 100
2447 96
2446 92
2445 88
2444 84
2443 80
2442 76
2441 72
2440 68
2439 64
2438 60
2437 56
2436 52
2435 48
2434 44
2433 40
2432 36
2431 32
2430 28
2429 24
2428 20
2427 16
2426 12
2425 8
2424 4
1352 52
9594 380
5374 306
5373 302
5372 298
5284 294
5201 289
5200 285
5120 281
5119 277
5118 273
5036 269
4952 264
4867 260
4780 256
4691 251
4690 247
4689 243
4603 239
4516 235
4427 231
4335 226
4334 222
4242 218
4149 214
4059 209
4058 205
3968 201
3879 197
3878 193
3790 189
3702 184
3701 180
3700 176
3699 172
3615 168
3529 164
3443 159
3358 155
3357 151
3356 147
3355 143
3261 139
3167 134
3073 130
3072 126
3071 122
3070 118
3069 114
2974 110
2873 106
2784 101
2698 97
2615 93
2529 88
2528 84
1355 64
1357 72
1447 68
1543 64
1636 60
1733 56
1732 52
1731 48
1821 44
1903 40
1991 36
2081 32
2170 28
2169 24
2168 20
2167 16
2252 12
2339 8
1359 80
1449 76
1448 72
1544 68
1358 76
1347 48
1437 44
1533 40
1346 48
1436 44
9589 1090.92
9590 991.924
9591 892.924
9588 1189.92
1349 48
1439 44
1535 40
1629 36
1726 32
1816 28
1898 24
1986 20
2076 16
1348 48
1438 44
1350 48
1440 44
1401 257.127
1314 253.127
1315 249.127
1400 261.127
1403 229.127
1497 225.127
1591 221.127
1402 253.127
1395 286
1394 289
9573 222.004
4102 218.004
4287 210.004
4378 205.004
4468 198.004
4556 194.004
4726 182.004
9909 177.892
1397 278.127
1396 282.127
1399 265.127
1398 272.127
1391 314
1483 310
9617 482
9616 383
7111 318
7110 314
7109 310
7108 306
7038 298
7037 294
6967 287
6966 283
6965 279
6964 275
6896 268
6828 263
6827 259
6826 255
6753 251
6677 247
6599 242
6519 238
6437 234
6359 230
6282 225
6207 221
6131 217
6055 212
5974 208
5973 204
5972 200
5971 196
5970 192
5897 188
5823 184
5748 179
5672 175
5592 171
5515 166
5514 162
5513 158
5512 154
5426 150
5334 146
5246 142
5163 137
5162 133
5082 129
5000 125
4916 120
4831 116
4744 112
4655 107
4569 103
4482 99
4393 95
4301 90
4209 86
4116 82
4026 77
3936 73
3847 69
3759 65
3671 60
3587 56
3501 52
3415 47
3331 43
3238 39
3147 34
3055 30
2960 26
2859 22
2770 17
2681 13
2594 9
2508 4
1434 44
1531 40
1625 36
1722 32
9657 944.968
9636 841.968
9656 1041.97
9635 938.968
9658 1042.97
9661 584.756
9638 476.756
10125 462.172
9660 513
9637 405
9615 312
6824 253
6751 249
6675 245
6598 241
6518 237
6436 233
6358 229
9655 1139.97
9634 1035.97
9654 1236.97
9633 1132.97
9639 498
9681 621
9680 1049.97
9682 692.756
1445 60
1541 56
1540 52
1633 48
1730 44
1820 40
1902 36
1990 32
1989 28
2079 24
1446 64
1542 60
1499 197.127
1593 193.127
1687 188.127
1688 184.127
1689 180.127
1690 176.127
1498 201.127
1592 197.127
1686 192.127
9677 1314.44
10128 1215.03
1500 193.127
1501 189.127
9679 1047.97
9678 1144.97
1491 280.127
1492 276.127
1490 286.127
1493 271.127
1494 267.127
1495 230.127
9721 1242.97
9700 1138.97
9720 1240.97
1482 322
1579 318
1580 314
1581 310
1582 306
1583 302
1487 295
1534 40
1627 36
1724 32
1815 28
1897 24
1985 20
9699 1235.97
9701 1140.97
1525 51
1526 47
1620 43
1718 38
1514 95
1511 107
9742 1420.97
9741 1321.97
1553 104
1646 100
1743 96
1833 92
1915 88
1914 84
2002 80
2001 76
2000 72
1999 68
1998 64
1997 60
1996 56
1995 52
1994 48
1993 44
1992 40
1552 100
1645 96
1742 92
1832 88
1555 112
1554 108
1647 104
1556 116
1545 72
1546 76
1549 88
1642 84
1739 80
1829 76
1911 72
1551 96
1550 92
1643 88
1740 84
1830 80
1536 40
1538 44
9782 1648.97
9781 1551.97
9761 1425.97
1585 296.723
1586 292.723
1587 288.723
1588 284.723
9901 283.737
1584 299
9762 1525.97
1589 226.127
9819 1717.97
9799 1614.97
9779 1513.97
9760 1423.97
9818 1716.97
9821 1723.97
9801 1619.97
9780 1515.97
9820 1720.97
9800 1616.97
9823 1374.22
9804 1277.22
9784 1180.22
9763 1067.76
9744 970.764
9723 873.764
10126 780.03
9702 695
9822 1759.97
9802 1655.97
1628 36
1725 32
1619 47
9798 1637.97
9778 1535.97
9759 1445.97
9740 1343.97
1609 87
1608 91
1611 79
1709 74
1710 70
1612 75
9844 973.274
9833 956.211
10024 921.552
9830 881.462
9871 831.121
9829 774.435
9912 737.523
9828 706.204
9927 663.736
9827 624.864
9897 609.143
1657 144
1754 140
1753 136
1752 132
1751 128
1750 124
1749 120
1748 116
1747 112
1746 108
1745 104
1744 100
1656 140
9835 928.134
9879 915.566
9834 990.825
9843 956.947
1658 148
1755 144
9836 811.24
9904 770.851
1649 112
1648 108
9826 371.887
6240 359.968
6166 355.968
6089 351.968
6090 347.968
6010 343.968
5931 339.968
5857 335.968
5858 331.968
5784 327.968
5709 323.968
5710 319.968
5631 315.968
5632 311.968
5633 307.968
5557 303.968
5558 299.968
5473 295.968
5383 291.968
5292 287.968
5206 280.968
5207 276.968
5208 272.968
5209 268.968
5210 264.968
5211 260.968
5212 256.968
5133 252.968
5134 248.968
5135 244.968
5136 240.968
5137 236.968
5138 232.968
5057 228.968
4974 224.968
4890 220.968
4891 216.968
4892 212.968
4893 208.968
4894 204.968
4809 200.968
4810 196.968
4811 192.968
4812 188.968
4813 184.968
1651 120
1650 116
1653 128
9831 975.111
10007 923.972
1652 124
9881 65.581
1640 76
1737 72
1736 68
1735 64
1734 60
9885 204.566
1644 92
1632 44
1729 40
1728 36
1818 32
1900 28
1988 24
2078 20
1635 56
1634 52
1637 64
1639 72
1638 68
9866 267.646
604 258
1683 218.127
1777 214.127
1865 210.127
1685 196.127
9913 169.263
1673 318
9915 217.149
4194 214.004
1675 310
9914 348.422
9825 339.519
5627 331.968
5551 327.968
5552 323.968
5553 319.968
5554 315.968
5555 311.968
5470 307.968
5471 303.968
5472 299.968
1674 314
9917 494.848
7084 489.924
7153 485.924
7218 481.924
7285 477.924
1677 303
9916 715.66
1676 306
9919 684.387
9918 215.288
1678 300.723
9905 284.939
9906 149.043
9908 99.612
3249 97
3248 93
3340 86
3423 79
3339 75
3246 71
3155 66
3063 62
3062 58
3061 54
2966 50
2865 46
2776 41
2775 37
2774 33
2685 29
2684 25
2597 21
2511 16
2510 12
2509 8
9911 562.743
9910 277.442
5046 272.968
4963 268.968
4879 264.968
4794 260.968
4795 256.968
4796 252.968
4797 248.968
4798 244.968
4799 240.968
4800 236.968
4801 232.968
4802 228.968
4803 224.968
4804 220.968
4805 216.968
4806 212.968
4807 208.968
4808 204.968
9896 88.14
3424 83
9899 300.383
2823 296.567
2824 292.567
2917 288.567
3019 284.567
3020 280.567
3021 276.567
3022 272.567
3023 268.567
3024 264.567
10073 261.251
3025 259.127
2923 255.127
2739 245.127
2740 241.127
2652 237.127
2565 233.127
2481 229.127
2482 225.127
2483 221.127
2397 217.127
2398 213.127
2399 209.127
2312 202.127
2135 194.127
2044 187.127
1955 183.127
1871 179.127
9900 508.737
6794 505.924
7014 493.924
9903 119.36
9902 687.224
1713 58
1714 54
1715 50
1806 46
1889 42
9893 324.499
9895 317.357
4170 310.004
4171 306.004
4172 302.004
4173 298.004
4174 294.004
4175 290.004
4176 286.004
4269 282.004
4360 277.004
4361 273.004
4362 269.004
4363 265.004
4364 261.004
4365 257.004
4366 253.004
4367 249.004
4368 245.004
4369 241.004
4370 237.004
4371 233.004
4372 229.004
4373 225.004
4374 221.004
4375 217.004
4376 213.004
4377 209.004
9894 377.589
9945 342.933
9944 204.249
1769 200
1768 196
1858 192
1940 188
2028 184
2027 180
2117 176
2116 172
2115 168
2114 164
2113 160
2202 156
2201 152
2200 148
2285 144
2372 140
9946 185.999
918 184
917 180
916 176
915 172
914 168
913 164
912 160
911 156
989 152
1061 148
1127 144
1203 140
1202 136
1201 132
1200 128
1199 124
1282 120
1368 116
1458 112
9949 258.44
6428 249.968
6349 245.968
6272 241.968
6197 237.968
6119 233.968
6039 229.968
5959 225.968
5886 221.968
5812 217.968
5737 213.968
5658 209.968
5582 205.968
5497 201.968
5407 197.968
5316 193.968
5229 189.968
5069 181.968
4986 177.968
4902 173.968
4817 169.968
9948 426.453
9951 479.155
9936 1155.7
9938 1100.62
9943 714.635
1702 122
1794 115
1879 111
1963 105
2052 101
2053 97
2054 93
2055 89
2145 85
2231 81
2319 76
2320 72
2321 68
2407 64
2408 60
2409 56
2410 52
2411 48
2412 44
2413 40
2414 36
9928 134.824
4104 134
9933 1109.01
1757 152
1756 148
1758 156
9920 182.699
9923 113.862
2972 108.999
10101 104.112
2783 101
9924 87.454
9926 228.665
9976 621.544
6005 585.924
6086 580.924
6162 576.924
9979 68.307
2782 65
2693 61
2606 57
2520 52
1738 76
9981 2000.41
1741 88
9968 506.819
9270 500.773
10129 499.492
9252 495.96
9971 344.932
7871 340.968
7798 336.968
7725 332.968
7653 328.968
7580 324.968
9973 461.911
9972 277.337
6893 274.497
10082 271.237
6747 265.968
6668 261.968
6589 257.968
6507 253.968
6425 249.968
6347 245.968
6270 241.968
6196 237.968
9975 42.808
3324 40
3232 36
3142 32
3051 28
2957 24
2857 20
2769 16
2680 12
2593 8
9974 411.415
9960 182.254
5070 178
4987 174
4903 170
4818 166
4730 162
9967 395.876
9966 70.815
3845 67
3757 63
3586 55
3500 51
9952 479.986
9954 357.147
9956 161.682
5669 157
5510 149
5424 145
5332 141
5244 137
5161 132
5081 128
4999 124
4915 119
4830 115
4743 111
4654 106
4568 102
4481 98
4392 94
4300 89
4208 85
4115 81
4025 76
3935 72
3846 68
3758 64
3670 59
9959 435.921
10009 1194.3
10008 415.826
7853 412.968
1771 314
1772 310
1770 204
1773 307
1775 300.723
1679 296.723
1774 304.723
10005 87.018
1797 82
1819 36
9999 70.34
964 68
1813 28
10041 331.54
2478 329.162
2734 312.567
2735 308.567
2736 304.567
2737 300.567
1801 66
10040 631.21
6007 579.276
6164 569.276
6239 565.276
10043 288.51
10042 309.532
3393 307.127
3394 303.127
3300 299.127
3204 295.127
3205 291.127
3206 287.127
3207 283.127
3208 279.127
3114 275.127
3115 271.127
3116 267.127
3117 263.127
10045 1306.64
1805 50
1888 46
10044 103.69
1804 54
10047 415.877
1807 42
10046 830.23
10033 302.8
5381 299.968
5382 295.968
10032 1215.87
10035 367.005
7090 365.968
7019 360.968
6943 356.968
6872 352.968
6801 348.968
6726 344.968
6648 340.968
6649 336.968
6650 332.968
6571 328.968
6572 324.968
6573 320.968
6574 316.968
6492 312.968
6410 308.968
6332 304.968
6255 300.968
6256 296.968
6257 292.968
6258 288.968
6259 284.968
6185 280.968
6108 276.968
6028 272.968
6029 268.968
6030 264.968
6031 260.968
6032 256.968
6033 252.968
6034 248.968
5954 244.968
5955 240.968
5882 236.968
5808 232.968
5733 228.968
10034 366.938
10037 227.41
10036 272.616
10039 1958.77
10038 263.55
10027 317.063
1861 314
10026 362.522
1850 160
1932 156
2020 152
2110 148
2199 144
2198 140
2197 136
2196 132
2195 128
2280 124
2279 120
2366 116
10029 136.575
10028 1037.37
10031 194.349
2043 191.127
1954 187.127
10030 120.138
1841 124
1840 120
1839 116
1838 112
1920 108
2008 104
2007 100
2006 96
2005 92
2004 88
2003 84
1843 132
1925 128
2013 124
2103 120
2192 116
2277 112
2276 108
2363 104
2362 100
2361 96
2360 92
2359 88
2358 84
2357 80
2356 76
2355 72
1842 128
1845 140
1927 136
2015 132
2105 128
2194 124
1844 136
1846 144
1928 140
2016 136
2106 132
10072 251.907
3124 245.127
3032 241.127
2930 237.127
2832 233.127
2744 229.127
2655 225.127
2568 221.127
2484 217.127
10075 193.348
1953 191.127
1835 100
1834 96
10074 234.891
1837 108
1919 104
1836 104
10065 207.909
10064 119.742
3749 118
10067 290.908
4358 285.004
4359 281.004
10066 207.624
10069 315.786
3478 313.126
10068 268.11
3829 266.004
3917 262.004
4006 258.004
4095 254.004
4185 250.004
4278 246.004
10071 276.221
5873 272.968
5799 268.968
5724 264.968
5725 260.968
5646 256.968
5647 252.968
5571 248.968
5486 244.968
5487 240.968
5488 236.968
5489 232.968
5490 228.968
5491 224.968
5492 220.968
5493 216.968
5403 212.968
5312 208.968
5225 204.968
5146 200.968
1831 84
10070 392.475
7286 388.968
7287 384.968
7288 380.968
7222 376.968
7157 372.968
7158 368.968
7089 364.968
10057 245.498
3580 242.029
3747 234.004
3836 230.004
3925 226.004
4014 222.004
1881 74
1970 69
1971 65
10056 312.192
1863 307.723
1880 78
1969 73
2060 69
2150 65
2236 61
2324 56
10059 89.685
1882 70
10061 253.861
1885 58
1974 53
2065 49
2066 45
2156 41
2157 37
2243 33
2331 28
10060 242.316
2563 239.127
2394 229.127
2306 225.127
2307 221.127
2220 217.127
2130 213.127
2038 209.127
1884 62
10063 526.706
6712 524.924
6788 520.924
6861 515.924
6862 511.924
6934 507.924
6935 503.924
7011 499.924
7082 494.924
7151 490.924
1887 50
10062 535.178
10049 86.97
1873 171.127
10048 263.714
10051 622.131
10050 89.144
2487 84
2488 80
2489 76
2490 72
2491 68
2492 64
2493 60
10053 397.657
7354 394.968
10055 627.76
10054 68.35
1864 214.127
1948 209.127
1860 200
1942 196
1941 192
1862 311
1913 80
1912 76
1917 96
1916 92
1918 100
1905 48
1904 44
1901 32
1891 34
1890 38
1945 319
1946 315
1944 319.937
1947 311.723
1951 199.127
1952 195.127
1868 191.127
1950 203.127
1939 184
1929 144
2017 140
2107 136
1930 148
2018 144
2108 140
1921 112
1923 120
2011 116
2010 112
2009 108
1922 116
1924 124
1926 132
1968 77
2059 73
1965 89
2056 85
2057 81
2058 77
1967 81
1966 85
2012 120
2102 116
2191 112
2014 128
2041 199.127
2040 203.127
2042 195.127
2033 323.937
2035 319
2034 323
2037 213.127
2036 315.723
2039 207.127
2024 168
2019 148
2021 156
2111 152
2023 164
2022 160
2075 16
2067 41
2069 33
2159 29
2245 25
2333 20
2068 37
2070 29
2160 25
2246 21
2334 16
2335 12
2061 65
2151 61
2237 57
2325 52
2063 57
2153 53
2062 61
2152 57
2238 53
2326 48
2327 44
2104 124
2109 144
2097 96
2096 92
2095 88
2094 84
2093 80
2092 76
2091 72
2180 68
2265 64
2352 60
2351 56
2099 104
2098 100
2101 112
2100 108
2088 60
2177 56
2262 52
2349 48
2348 44
2347 40
2080 28
2083 40
2172 36
2171 32
2082 36
2085 48
2174 44
2173 40
2084 44
2086 52
2143 93
2229 89
2317 84
2318 80
2404 76
2405 72
2406 68
2129 217.127
2128 319.723
2131 211.127
2132 207.127
2133 203.127
2134 199.127
2125 327.937
2127 323
2126 327
2175 48
2161 21
2162 17
2248 13
2336 8
2165 12
2155 45
2241 41
2158 33
2144 89
2147 77
2233 73
2146 81
2148 73
2234 69
2322 64
2323 60
2193 120
2185 88
2184 84
2269 80
2187 96
2186 92
2271 88
2189 104
2274 100
2188 100
2190 108
2176 52
2181 72
2183 80
2182 76
2232 77
2235 65
2239 49
2225 198.127
2224 202.127
2228 93
2316 88
2230 85
2217 331
2216 331.937
2219 221.127
2218 327
2221 214.127
2222 210.127
2223 206.127
2267 72
2266 68
2268 76
2270 84
2257 32
2256 28
2255 24
2254 20
2341 16
2340 12
2259 40
2346 36
2258 36
2345 32
2344 28
2343 24
2342 20
2261 48
2260 44
2253 16
2244 29
2332 24
2247 17
2281 128
2283 136
2282 132
2284 140
2286 148
2373 144
2273 96
2272 92
2275 104
2278 116
2330 32
2315 92
2401 88
2402 84
2403 80
2305 331
2304 335
2309 214.127
2310 210.127
2311 206.127
2308 218.127
2365 112
2364 108
2367 120
2353 64
2354 68
2393 340.162
2479 333.162
2392 335
2395 225.127
2396 221.127
2387 200
2386 196
2471 192
2470 188
2469 184
2369 128
2368 124
2371 136
2370 132
2375 152
2374 148
2495 52
2480 233.127
2485 217.127
2486 88
2523 64
2525 72
2526 76
2513 24
2512 20
2515 32
2514 28
2517 40
2516 36
2519 48
2518 44
2505 12
2504 16
2506 8
2498 40
2499 36
2503 20
2502 24
2544 148
2543 144
2537 120
2536 116
2539 128
2538 124
2541 136
2540 132
2542 140
2531 96
2530 92
2533 104
2532 100
2535 112
2534 108
2585 36
2500 32
2586 32
2583 44
2569 221.127
2570 222.127
2573 84
2572 88
2575 76
2574 80
2564 237.127
2567 225.127
2566 229.127
2617 101
2616 97
2619 109
2618 105
2621 117
2620 113
2623 125
2622 121
2609 69
2612 81
2614 89
2601 37
2600 33
2603 45
2602 41
2605 53
2604 49
2595 13
2596 17
2599 29
2598 25
2649 311.567
2650 307.567
2651 241.127
2653 233.127
2654 229.127
2625 133
2624 129
2627 141
2626 137
2629 149
2628 145
2630 153
2683 21
2682 17
2687 37
2686 33
2672 36
2675 24
2674 28
2677 16
2676 20
2679 12
2678 12
2671 40
2670 44
2657 225.127
2656 225.127
2659 88
2660 84
2661 80
2662 76
2576 72
2713 157
2712 153
2711 149
2710 145
2709 141
2708 137
2705 125
2704 121
2703 117
2702 113
2701 109
2700 105
2699 101
2707 133
2706 129
2689 45
2688 41
2691 53
2690 49
2692 57
2694 65
2607 61
2521 56
2745 229.127
2747 92
2746 229.127
2749 84
2748 88
2751 76
2752 72
2750 80
2741 237.127
2742 233.127
2743 229.127
2733 316.567
2777 45
2779 53
2778 49
2781 61
2780 57
2768 16
2771 21
2773 29
2772 25
2763 28
2762 32
2765 20
2764 24
2767 16
2766 16
2793 137
2792 133
2795 145
2794 141
2797 153
2796 149
2799 161
2798 157
2785 105
2787 113
2786 109
2789 121
2788 117
2791 129
2790 125
2840 76
2845 56
2835 96
2837 88
2838 84
2839 80
2836 92
2827 249.127
2828 245.127
2829 241.127
2831 233.127
2830 237.127
2822 300.567
2915 296.567
3017 292.567
3018 288.567
2872 105
2875 114
2874 110
2877 122
2876 118
2879 130
2878 126
2864 42
2867 54
2866 50
2869 62
2868 58
2871 70
2870 66
2856 20
2858 21
2861 30
2860 26
2863 38
2862 34
2850 36
2855 20
2854 20
2909 319.567
2910 315.567
2911 311.567
3014 304.567
3015 300.567
3016 296.567
2888 166
2881 138
2880 134
2883 146
2882 142
2885 154
2884 150
2887 162
2886 158
2928 237.127
2933 105
2834 98
2932 109
2935 100
2936 96
2921 267.584
2922 263.584
2925 249.127
2924 253.127
2927 241.127
2926 245.127
2913 304.567
2914 300.567
2912 308.567
2969 62
2968 58
2971 70
2970 66
2973 109
2975 114
2961 30
2963 38
2962 34
2965 46
2964 42
2967 54
2952 32
2852 28
2955 24
2956 24
2959 25
2958 24
2946 56
2947 52
2948 48
2949 44
2950 40
2985 154
2984 150
2987 162
2986 158
2989 170
2988 166
2977 122
2976 118
2979 130
2978 126
2981 138
2980 134
2983 146
2982 142
3033 241.127
3035 113
3034 117
3036 109
3039 100
3027 253.127
3026 257.127
3028 249.127
3029 245.127
3013 322.567
3012 326.567
3065 70
3064 66
3067 112.999
3066 112.999
3068 113
3057 38
3056 34
3059 46
3058 42
3060 50
3049 28
3050 28
3053 28
3052 28
3054 29
3040 96
3041 92
2938 88
3081 162
3080 158
3079 154
3078 150
3077 146
3083 170
3082 166
3084 174
3075 138
3074 134
3076 142
3121 249.127
3120 253.127
3127 110
3037 106
2934 102
3113 279.127
3112 283.127
3119 257.127
3118 261.127
3109 295.127
3110 291.127
3111 287.127
3108 299.127
3161 116.999
3160 115
3159 111
3158 107
3157 103
3163 118
3162 117
3165 126
3164 122
3166 130
3152 54
3151 50
3150 46
3154 62
3156 70
3145 32
3144 32
3146 33
3149 42
3148 38
3141 32
3140 32
3143 32
3177 174
3176 170
3175 166
3178 178
3169 142
3168 138
3171 150
3170 146
3173 158
3172 154
3174 162
3231 36
3219 114
3218 117
3126 113
3220 112
3128 108
3129 104
3130 100
3131 96
3209 275.127
3210 271.127
3211 267.127
3213 261.127
3212 265.127
3203 299.127
3257 123
3256 122
3259 131
3258 127
3260 135
3263 147
3262 143
3251 105
3250 101
3253 113
3252 109
3255 121
3254 117
3241 51
3240 47
3245 67
3244 63
3153 58
3233 36
3239 43
3272 183
3275 195
3181 190
3087 186
2992 182
2891 178
2802 173
2716 169
2715 165
2714 161
2631 157
2545 152
3265 155
3264 151
3267 163
3266 159
3269 171
3268 167
3271 179
3270 175
3325 40
3305 275.127
3306 271.127
3304 279.127
3307 269.127
3309 261.127
3310 257.127
3215 253.127
3216 249.127
3122 245.127
3030 241.127
3308 265.127
3299 303.127
3298 307.127
3303 283.127
3353 135
3352 131
3354 139
3359 159
3345 106
3344 102
3343 98
3342 94
3341 90
3346 110
3349 122
3348 118
3347 114
3351 127
3350 126
3337 67
3336 63
3335 59
3242 55
3338 71
3333 51
3332 47
3334 55
3361 167
3360 163
3363 175
3362 171
3365 183
3364 179
3417 55
3416 51
3419 63
3418 59
3421 71
3420 67
3422 75
3408 104
3318 100
3224 96
3132 92
3042 88
2939 84
3401 275.127
3402 273.127
3405 261.127
3404 265.127
3399 283.127
3449 183
3448 179
3450 187
3453 199
3368 195
3274 191
3180 186
3179 182
3085 178
2990 174
3441 151
3440 147
3442 155
3445 167
3444 163
3447 175
3446 171
3433 119
3432 115
3431 111
3430 107
3429 103
3428 99
3427 95
3426 91
3425 87
3435 127
3434 123
3437 135
3436 131
3439 143
3438 139
3481 303.127
3482 299.127
3483 295.127
3484 291.127
3485 287.127
3487 277.127
3477 317.126
3513 100
3512 96
3515 108
3514 104
3517 116
3516 112
3519 124
3518 120
3505 68
3504 64
3507 76
3506 72
3509 84
3508 80
3510 88
3503 60
3502 56
3492 270.127
3491 266.127
3528 160
3531 172
3530 168
3533 180
3532 176
3535 188
3534 184
3521 132
3520 128
3523 140
3522 136
3525 148
3524 144
3527 156
3526 152
3579 246.029
3581 246.029
3561 290
3475 285
3390 280
3296 275
3202 270
3564 299.127
3609 144
3608 140
3611 152
3610 148
3613 160
3612 156
3614 164
3601 112
3600 108
3599 104
3603 120
3602 116
3605 128
3604 124
3607 136
3606 132
3593 80
3592 76
3595 88
3594 84
3597 96
3596 92
3598 100
3589 64
3588 60
3591 72
3590 68
3624 204
3538 200
3452 195
3367 191
3366 187
3617 176
3616 172
3619 184
3618 180
3620 188
3673 68
3672 64
3675 76
3674 72
3677 84
3676 80
3679 92
3678 88
3651 291.127
3567 287.127
3486 283.127
3400 279.127
3705 196
3704 192
3703 188
3707 204
3706 200
3622 196
3621 192
3697 164
3696 160
3695 156
3698 168
3689 132
3688 128
3687 124
3686 120
3685 116
3691 140
3690 136
3693 148
3692 144
3694 152
3681 100
3680 96
3683 108
3682 104
3684 112
3741 271.004
3827 267.004
3916 263.004
4005 259.004
3742 271.135
3730 307.127
3731 303.127
3649 299.127
3565 295.127
3733 295.127
3734 295.127
3652 291.127
3769 105
3768 101
3771 113
3770 109
3773 121
3772 117
3775 129
3774 125
3761 73
3760 69
3763 81
3762 77
3765 89
3764 85
3767 97
3766 93
3753 116
3667 112
3583 108
3498 104
3410 100
3752 116
3666 112
3746 238.004
3748 234.004
3751 116
3793 201
3792 197
3795 209
3796 213
3708 208
3785 169
3784 165
3787 177
3786 173
3789 185
3788 181
3791 193
3777 137
3776 133
3779 145
3778 141
3781 153
3780 149
3783 161
3782 157
3833 272.004
3832 268.004
3920 264.004
4008 260.004
4096 254.004
3835 230.004
3834 276.004
3922 272.004
4010 268.004
4009 264.004
3837 230.004
3926 226.004
3838 122
3825 275.004
3914 271.004
3915 267.004
4004 263.004
4094 258.004
3826 271.004
3828 270.324
3819 303.127
3732 299.127
3650 295.127
3821 289.127
3735 285.127
3736 281.127
3737 277.127
3655 273.127
3570 269.127
3490 265.127
3865 141
3864 137
3867 149
3866 145
3869 157
3868 153
3871 165
3870 161
3857 109
3856 105
3859 117
3858 113
3861 125
3860 121
3863 133
3862 129
3849 77
3848 73
3851 85
3850 81
3853 93
3852 89
3855 101
3854 97
3841 120
3840 120
3889 237
3801 233
3713 228
3712 224
3711 220
3627 216
3541 212
3455 207
3370 203
3276 199
3182 194
3088 190
3881 205
3880 201
3883 213
3882 209
3794 205
3885 221
3884 217
3887 229
3886 225
3798 221
3710 216
3709 212
3873 173
3872 169
3875 181
3874 177
3877 189
3876 185
3929 124
3930 124
3932 74.387
3921 268.004
3923 276.004
4011 272.004
3924 227.004
4013 223.004
3904 311.004
3905 307.004
3994 303.004
4084 298.004
3907 299.004
3996 295.004
4086 290.004
3909 291.004
3998 287.004
4088 282.004
4089 278.004
4179 274.004
4272 270.004
3961 173
3960 169
3959 165
3958 161
3957 157
3963 181
3962 177
3965 189
3964 185
3967 197
3966 193
3953 141
3952 137
3951 133
3955 149
3954 145
3956 153
3945 109
3944 105
3947 117
3946 113
3949 125
3948 121
3950 129
3943 101
3942 97
3992 311.004
4082 306.004
4083 302.004
3977 237
3976 233
3979 245
3890 241
3802 237
3714 232
3630 228
3544 224
3458 219
3457 215
3456 211
3978 241
3969 205
3971 213
3970 209
3973 221
3972 217
3975 229
3974 225
4024 75
3934 71
4031 97
3941 93
4017 128
4019 128
4018 128
4023 75
4001 275.004
4091 270.004
4092 266.004
4182 262.004
4275 258.004
4000 279.004
4090 274.004
4003 267.004
4093 262.004
4183 258.004
4276 254.004
4057 201
4056 197
4061 217
4060 213
4063 225
4062 221
4049 169
4048 165
4047 161
4046 157
4045 153
4044 149
4051 177
4050 173
4053 185
4052 181
4055 193
4054 189
4041 137
4040 133
4039 129
4038 125
4037 121
4043 145
4042 141
4033 105
4032 101
4034 109
4065 233
4064 229
4067 241
4066 237
4069 249
4068 245
4071 257
4070 253
3980 249
3891 245
4121 102
4123 110
4122 106
4112 79
4106 132
4108 132
4111 79
4022 75
3933 71
4097 242.004
4188 238.004
4281 234.004
4101 222.004
4153 230
4152 226
4155 238
4154 234
4157 246
4156 242
4159 254
4158 250
4145 198
4144 194
4148 210
4151 222
4150 218
4137 166
4136 162
4139 174
4138 170
4141 182
4140 178
4143 190
4142 186
4131 142
4130 138
4133 150
4132 146
4135 158
4134 154
4184 254.004
4277 250.004
4187 242.004
4280 238.004
4186 246.004
4279 242.004
4189 234.004
4282 230.004
4190 230.004
4283 226.004
4177 282.004
4270 278.004
4180 270.004
4273 266.004
4161 262
4160 258
4162 266
4072 261
4216 114
4215 110
4214 106
4203 83
4195 138
4198 136
4249 246
4248 242
4247 238
4246 234
4245 230
4251 254
4250 250
4253 262
4252 258
4255 270
4254 266
4241 214
4243 222
4244 226
4233 182
4232 178
4231 174
4230 170
4235 190
4234 186
4237 198
4236 194
4224 146
4223 142
4222 138
4221 134
4220 130
4127 126
4227 158
4226 154
4229 166
4228 162
4274 262.004
4265 306.004
4266 302.004
4264 310.004
4256 274
4263 314.004
4262 298
4169 294
4079 289
4078 285
4077 281
4076 277
4075 273
4074 269
4073 265
3983 261
3894 257
3893 253
3805 249
3717 244
3633 240
3632 236
3546 232
3460 227
3459 223
3374 219
3280 215
3186 210
3092 206
2997 202
2896 198
2807 193
2721 189
2720 185
2719 181
2718 177
2717 173
4317 154
4316 150
4319 162
4318 158
4305 106
4304 102
4303 98
4302 94
4290 140
4295 87
4294 87
4345 266
4344 262
4343 258
4342 254
4341 250
4347 274
4346 270
4348 278
4337 234
4336 230
4339 242
4338 238
4340 246
4329 202
4328 198
4327 194
4333 218
4320 166
4323 178
4322 174
4325 186
4324 182
4326 190
4355 312.004
4354 316.004
4357 289.004
4409 159
4408 155
4411 167
4410 163
4413 175
4321 170
4412 171
4415 183
4414 179
4395 103
4394 99
4387 91
4296 87
4205 83
4388 91
4297 87
4441 287
4349 282
4257 278
4440 283
4442 291
4350 286
4258 282
4165 278
4445 316.004
4444 299
4352 294
4260 290
4167 286
4447 289.004
4433 255
4432 251
4435 263
4434 259
4437 271
4436 267
4438 275
4429 239
4431 247
4430 243
4417 191
4416 187
4419 199
4418 195
4421 207
4420 203
4465 210.004
4553 206.004
4639 202.004
4640 198.004
4641 194.004
4642 190.004
4464 214.004
4552 210.004
4638 206.004
4459 234.004
4460 230.004
4548 226.004
4549 222.004
4550 218.004
4636 214.004
4637 210.004
4461 226.004
4462 222.004
4463 218.004
4551 214.004
4449 274.004
4537 270.004
4623 266.004
4624 262.004
4625 258.004
4626 254.004
4627 250.004
4628 246.004
4629 242.004
4630 238.004
4631 234.004
4632 230.004
4633 226.004
4634 222.004
4635 218.004
4448 278.004
4536 274.004
4451 266.004
4452 262.004
4540 258.004
4450 270.004
4453 258.004
4454 254.004
4455 250.004
4543 246.004
4505 191
4504 187
4507 199
4506 195
4508 203
4497 159
4496 155
4495 151
4494 147
4405 143
4313 138
4312 134
4311 130
4219 126
4126 122
4036 117
4499 167
4498 163
4501 175
4500 171
4503 183
4502 179
4488 123
4399 119
4307 114
4306 110
4485 111
4396 107
4484 107
4487 119
4486 115
4397 111
4539 262.004
4538 266.004
4541 254.004
4529 287
4528 283
4439 279
4531 295
4530 291
4533 320.004
4532 299
4534 324.004
4521 255
4520 251
4519 247
4523 263
4522 259
4525 271
4524 267
4527 279
4526 275
4571 111
4570 107
4483 103
4573 119
4572 115
4575 127
4554 202.004
4546 234.004
4593 199
4592 195
4591 191
4595 207
4594 203
4596 211
4587 175
4589 183
4588 179
4590 187
4576 131
4617 295
4616 291
4615 287
4619 324.004
4618 299
4621 274.004
4622 270.004
4609 263
4608 259
4607 255
4611 271
4610 267
4613 279
4612 275
4614 283
4657 115
4656 111
4659 123
4658 119
4660 127
4697 275
4696 271
4699 283
4698 279
4701 291
4700 287
4702 295
4681 211
4680 207
4683 219
4597 215
4510 211
4682 215
4684 223
4598 219
4511 215
4422 211
4330 206
4674 183
4673 179
4672 175
4671 171
4670 167
4584 163
4583 159
4582 155
4581 151
4677 195
4676 191
4675 187
4679 203
4678 199
4721 202.004
4722 198.004
4723 194.004
4724 190.004
4725 186.004
4720 206.004
4713 234.004
4714 230.004
4715 226.004
4716 222.004
4717 218.004
4718 214.004
4719 210.004
4705 266.004
4706 262.004
4707 258.004
4708 254.004
4709 250.004
4710 246.004
4711 242.004
4712 238.004
4704 270.004
4763 188
4765 196
4767 204
4766 200
4747 124
4746 120
4749 132
4748 128
4750 136
4661 131
4793 264.968
4792 268.968
4785 276
4787 284
4786 280
4789 292
4788 288
4791 300
4790 296
4769 212
4768 208
4771 220
4772 224
4816 173.968
4815 177.968
4860 232
4859 228
4863 244
4776 240
4687 235
4686 231
4600 227
4513 223
4424 219
4332 214
4240 210
4147 206
4853 204
4852 200
4851 196
4850 192
4849 188
4762 184
4855 212
4854 208
4843 164
4842 160
4841 156
4840 152
4753 148
4664 143
4578 139
4491 135
4490 131
4401 127
4309 122
4308 118
4835 132
4839 148
4838 144
4751 140
4662 135
4889 224.968
4888 228.968
4895 200.968
4881 256.968
4882 252.968
4880 260.968
4883 248.968
4884 244.968
4887 232.968
4873 284
4872 280
4875 292
4874 288
4877 300
4876 296
4878 268.968
4865 252
4864 248
4918 128
4917 124
4832 120
4745 116
4897 192.968
4896 196.968
4898 188.968
4901 177.968
4900 181.968
4957 284
4959 292
4958 288
4945 236
4944 232
4947 244
4862 240
4775 236
4946 240
4861 236
4949 252
4948 248
4950 256
4937 204
4936 200
4939 212
4938 208
4940 216
4942 224
4857 220
4770 216
4985 181.968
4984 185.968
4977 212.968
4979 204.968
4978 208.968
4981 196.968
4982 192.968
4980 200.968
4968 248.968
4973 228.968
4972 232.968
4961 300
4960 296
4962 272.968
4965 260.968
4966 256.968
4967 252.968
4964 264.968
5020 205
5022 213
5011 169
4927 164
4926 160
4925 156
5015 185
4931 180
4846 176
4759 172
5051 252.968
5052 248.968
4969 244.968
4885 240.968
5050 256.968
5053 244.968
4970 240.968
4886 236.968
5055 236.968
5056 232.968
5041 289
5040 285
4956 280
4955 276
4870 272
4783 268
4694 263
4693 259
5043 297
5042 293
5045 276.968
5044 301
5047 268.968
5048 264.968
5033 257
5032 253
5027 233
4943 228
4858 224
5026 229
5031 249
5030 245
5065 196.968
5064 200.968
5059 220.968
4976 216.968
5061 212.968
5062 208.968
5060 216.968
5063 204.968
5113 253
5112 249
5111 245
5029 241
5101 205
5019 201
4935 196
5102 209
5093 173
5092 169
5091 165
5009 161
5094 177
5145 204.968
5144 208.968
5139 228.968
5058 224.968
5141 220.968
5142 216.968
5143 212.968
5140 224.968
5129 268.968
5128 272.968
5131 260.968
5132 256.968
5130 264.968
5123 293
5122 289
5121 285
5125 301
5124 297
5127 276.968
5126 305
5176 189
5096 185
5014 181
4930 176
4929 172
4844 168
4757 164
4668 159
5175 185
5174 181
5173 177
5172 173
5213 252.968
5214 248.968
5215 244.968
5216 240.968
5203 297
5202 293
5205 305
5204 301
5193 257
5192 253
5194 261
5224 208.968
5217 236.968
5218 232.968
5219 228.968
5220 224.968
5221 220.968
5223 212.968
5222 216.968
5275 258
5274 254
5191 249
5276 262
5305 236.968
5304 240.968
5307 228.968
5306 232.968
5309 220.968
5310 216.968
5308 224.968
5311 212.968
5296 272.968
5301 252.968
5302 248.968
5303 244.968
5295 276.968
5294 280.968
5287 306
5361 254
5360 250
5359 246
5358 242
5270 238
5187 233
5107 229
5106 225
5105 221
5104 217
5103 213
5021 209
5401 220.968
5400 224.968
5402 216.968
5393 252.968
5394 248.968
5392 256.968
5395 244.968
5397 236.968
5396 240.968
5399 228.968
5398 232.968
5386 280.968
5380 303.968
5465 306
5464 302
5483 256.968
5485 248.968
5484 252.968
5567 264.968
5568 260.968
5566 268.968
5481 264.968
5482 260.968
5585 213.968
5661 209.968
5584 205.968
5499 201.968
5409 197.968
5317 193.968
5577 224.968
5576 228.968
5580 213.968
5495 209.968
5496 205.968
5569 256.968
5570 252.968
5573 240.968
5572 244.968
5575 232.968
5574 236.968
5626 307
5549 302
5548 298
5547 294
5461 290
5369 286
5281 282
5198 277
5657 213.968
5656 217.968
5659 209.968
5660 209.968
5662 209.968
5500 201.968
5649 244.968
5648 248.968
5651 236.968
5650 240.968
5652 232.968
5643 268.968
5644 264.968
5645 260.968
5634 303.968
5695 267
5694 263
5614 259
5537 254
5451 250
5727 252.968
5726 256.968
5736 217.968
5739 213.968
5738 213.968
5740 213.968
5729 244.968
5728 248.968
5730 240.968
5731 236.968
5732 232.968
5735 221.968
5789 308.968
5714 304.968
5635 300.968
5559 296.968
5474 292.968
5384 288.968
5293 284.968
5788 311.968
5713 307.968
5811 221.968
5810 225.968
5813 217.968
5815 217.968
5814 217.968
5801 260.968
5800 264.968
5803 252.968
5802 256.968
5805 244.968
5806 240.968
5807 236.968
5804 248.968
5881 240.968
5880 244.968
5885 225.968
5884 229.968
5887 221.968
5872 276.968
5875 264.968
5874 268.968
5877 256.968
5876 260.968
5879 248.968
5878 252.968
5864 308.968
5865 304.968
5866 300.968
5792 296.968
5793 292.968
5794 288.968
5795 284.968
5720 280.968
5721 276.968
5722 272.968
5723 268.968
5863 312.968
5862 315.968
5889 221.968
5888 221.968
5947 276.968
5949 264.968
5951 256.968
5952 252.968
5953 248.968
5950 260.968
5939 308.968
5940 304.968
5941 300.968
5942 296.968
5868 292.968
5961 225.968
5960 225.968
5962 225.968
5957 233.968
5958 229.968
6001 601.924
6082 596.924
6083 592.924
6159 588.924
6234 584.924
6309 579.924
6310 575.924
6311 571.924
6312 567.924
6000 312
5999 308
5926 304
5925 300
5851 296
5776 291
5775 287
5774 283
5698 279
5618 275
5541 270
5455 266
5454 262
5453 258
5452 254
6003 593.924
6084 588.924
6160 584.924
6161 580.924
6002 597.924
6004 589.924
6085 584.924
6041 229.968
6040 229.968
6035 244.968
6037 237.968
6038 233.968
6027 276.968
6016 320.968
5937 316.968
5938 312.968
6109 272.968
6111 264.968
6110 268.968
6081 600.924
6121 233.968
6120 233.968
6122 233.968
6042 229.968
6113 256.968
6114 252.968
6115 248.968
6112 260.968
6117 241.968
6118 237.968
6155 313
6079 308
6078 304
5997 300
5924 296
5850 292
6157 596.924
6158 592.924
6156 600.924
6231 596.924
6306 591.924
6307 587.924
6308 583.924
6192 252.968
6195 241.968
6194 245.968
6198 237.968
6187 272.968
6188 268.968
6186 276.968
6189 264.968
6190 260.968
6191 256.968
6233 588.924
6232 592.924
6235 580.924
6237 572.924
6236 576.924
6230 313
6229 309
6228 305
6152 301
6076 296
6075 292
5994 288
5921 284
5847 280
5772 275
5696 271
5616 267
5539 262
6265 260.968
6266 256.968
6264 264.968
6269 245.968
6268 249.968
6271 241.968
6261 276.968
6262 272.968
6263 268.968
6241 355.968
6167 351.968
6247 332.968
6173 328.968
6096 324.968
6318 359.968
6305 595.924
6345 253.968
6346 249.968
6348 245.968
6351 245.968
6274 241.968
6199 237.968
6339 276.968
6338 280.968
6341 268.968
6340 272.968
6343 260.968
6342 264.968
6393 548.924
6394 544.924
6392 552.924
6385 580.924
6386 576.924
6387 572.924
6388 568.924
6389 564.924
6390 560.924
6391 556.924
6384 584.924
6381 596.924
6382 592.924
6383 588.924
6380 314
6303 309
6302 305
6301 301
6300 297
6225 293
6149 289
6073 284
5992 280
5919 276
5845 272
5770 267
6424 253.968
6426 249.968
6417 280.968
6416 284.968
6418 276.968
6421 264.968
6420 268.968
6423 257.968
6409 312.968
6411 304.968
6412 300.968
6413 296.968
6414 292.968
6336 288.968
6415 288.968
6401 343.968
6323 339.968
6246 335.968
6172 331.968
6095 327.968
6015 323.968
5936 319.968
6459 593.924
6460 589.924
6461 585.924
6542 581.924
6622 576.924
6700 572.924
6701 568.924
6702 564.924
6703 560.924
6704 556.924
6780 552.924
6853 547.924
6925 543.924
6926 539.924
6927 535.924
6928 531.924
7004 527.924
7075 522.924
7144 518.924
7145 514.924
7210 510.924
7211 506.924
7212 502.924
7279 498.924
7347 493.924
7348 489.924
7349 485.924
7350 481.924
7419 477.924
7420 473.924
6458 597.924
6539 593.924
6619 588.924
6697 584.924
6773 580.924
6846 575.924
6918 571.924
6994 567.924
7065 562.924
7134 558.924
7135 554.924
7136 550.924
7137 546.924
7138 542.924
7203 538.924
7204 534.924
7271 530.924
7339 525.924
7340 521.924
7341 517.924
7342 513.924
7411 509.924
7412 505.924
7413 501.924
6463 577.924
6464 573.924
6465 569.924
6546 565.924
6626 560.924
6462 581.924
6483 347.968
6484 344.968
6402 340.968
6324 336.968
6473 537.924
6554 533.924
6634 528.924
6635 524.924
6636 520.924
6472 541.924
6477 524.924
6558 520.924
6638 515.924
6716 511.924
6792 507.924
6865 502.924
6937 498.924
7013 494.924
6478 523.924
6559 519.924
6639 514.924
6717 510.924
6793 506.924
6866 501.924
6938 497.924
6467 561.924
6548 557.924
6628 552.924
6629 548.924
6707 544.924
6783 540.924
6856 535.924
6857 531.924
6858 527.924
6930 523.924
7006 519.924
7077 514.924
7146 510.924
7147 506.924
7148 502.924
7149 498.924
7150 494.924
6466 565.924
6469 553.924
6550 549.924
6630 544.924
6631 540.924
6709 536.924
6785 532.924
6468 557.924
6471 545.924
6552 541.924
6632 536.924
6633 532.924
6470 549.924
6505 261.968
6506 257.968
6508 253.968
6497 292.968
6499 284.968
6500 280.968
6498 288.968
6502 272.968
6503 268.968
6553 537.924
6555 529.924
6556 525.924
6545 569.924
6625 564.924
6544 573.924
6624 568.924
6547 561.924
6627 556.924
6549 553.924
6551 545.924
6541 585.924
6621 580.924
6699 576.924
6540 589.924
6620 584.924
6698 580.924
6774 576.924
6847 571.924
6848 567.924
6849 563.924
6921 559.924
6997 555.924
7068 550.924
6543 577.924
6623 572.924
6585 272.968
6584 276.968
6587 265.968
6588 261.968
6591 257.968
6509 253.968
6590 257.968
6579 296.968
6581 288.968
6582 284.968
6580 292.968
6583 280.968
6575 312.968
6576 308.968
6494 304.968
6560 518.924
6640 513.924
6718 509.924
6565 351.968
6566 348.968
6567 344.968
6568 340.968
6486 336.968
6404 332.968
6326 328.968
6249 324.968
6250 320.968
6251 316.968
6252 312.968
6253 308.968
6179 304.968
6180 300.968
6103 296.968
6023 292.968
5944 288.968
5870 284.968
5871 280.968
5797 276.968
6618 592.924
6696 588.924
6651 328.968
6652 324.968
6644 355.968
6667 265.968
6666 269.968
6659 296.968
6660 292.968
6661 288.968
6662 284.968
6658 300.968
6663 280.968
6713 520.924
6789 516.924
6714 516.924
6790 512.924
6863 507.924
6705 552.924
6781 548.924
6854 543.924
6706 548.924
6782 544.924
6855 539.924
6708 540.924
6784 536.924
6711 528.924
6787 524.924
6860 519.924
6710 532.924
6786 528.924
6859 523.924
6931 519.924
7007 515.924
7078 510.924
6695 592.924
6745 269.968
6746 265.968
6744 273.968
6723 356.968
6724 352.968
6725 348.968
6647 344.968
6777 564.924
6850 559.924
6851 555.924
6923 551.924
6924 547.924
6776 568.924
6779 556.924
6852 551.924
6778 560.924
6771 588.924
6844 583.924
6845 579.924
6770 319
6694 315
6616 310
6615 306
6614 302
6613 298
6533 294
6451 290
6373 286
6296 281
6295 277
6294 273
6219 269
6143 265
6067 260
6066 256
5985 252
5912 248
5911 244
5910 240
5836 236
5761 231
5685 227
5605 223
5528 218
5442 214
5350 210
5262 206
5179 201
5099 197
5098 193
5016 189
4932 184
4847 180
6772 584.924
6775 572.924
6809 316.968
6811 308.968
6810 312.968
6813 300.968
6814 296.968
6815 292.968
6816 288.968
6812 304.968
6798 360.968
6843 587.924
6817 284.968
6819 277.968
6821 269.968
6822 269.968
6869 364.968
6870 360.968
6799 356.968
6800 352.968
6910 646.924
6888 288.968
6890 281.968
6892 273.968
6881 316.968
6880 320.968
6883 308.968
6882 312.968
6885 300.968
6886 296.968
6884 304.968
6887 292.968
6941 364.968
6940 368.968
6929 527.924
6933 511.924
6932 515.924
6920 563.924
6922 555.924
6915 583.924
6991 579.924
7062 574.924
7131 570.924
7132 566.924
7133 562.924
6914 587.924
6990 583.924
7061 578.924
7130 574.924
6917 575.924
6916 579.924
6992 575.924
7063 570.924
6919 567.924
6995 563.924
7066 558.924
6953 312.968
6952 316.968
6954 308.968
6955 304.968
6956 300.968
6957 296.968
6958 292.968
6951 320.968
6950 324.968
7001 539.924
7072 534.924
7073 530.924
7142 526.924
7143 522.924
7000 543.924
7071 538.924
7002 535.924
7005 523.924
7076 518.924
6993 571.924
7064 566.924
6996 559.924
7067 554.924
6999 547.924
7070 542.924
6998 551.924
7069 546.924
6985 611.924
7054 606.924
7055 602.924
7056 598.924
7057 594.924
7126 590.924
7127 586.924
7128 582.924
7129 578.924
6984 615.924
7053 610.924
6987 603.924
6986 607.924
6989 587.924
7060 582.924
6988 599.924
6977 643.924
7046 638.924
7047 634.924
7048 630.924
7049 626.924
7050 622.924
6976 647.924
7045 642.924
6979 635.924
6978 639.924
6981 627.924
6980 631.924
6983 619.924
7032 296.968
7034 289.968
6960 285.968
6961 281.968
6891 277.968
7025 324.968
7026 320.968
7027 316.968
7028 312.968
7029 308.968
7030 304.968
7024 328.968
7031 300.968
7017 368.968
7016 372.968
7018 364.968
7009 507.924
7080 502.924
7008 511.924
7079 506.924
7010 503.924
7081 498.924
7059 586.924
7058 590.924
7044 646.924
7097 324.968
7096 328.968
7099 316.968
7098 320.968
7101 308.968
7100 312.968
7103 300.968
7102 304.968
7088 368.968
7095 332.968
7085 379.968
7015 375.968
6939 371.968
6868 367.968
6797 363.968
6722 359.968
7087 372.968
7086 376.968
7074 526.924
7120 614.924
7125 594.924
7124 598.924
7113 642.924
7178 638.924
7245 634.924
7313 629.924
7314 625.924
7383 621.924
7384 617.924
7450 613.924
7451 609.924
7452 605.924
7453 601.924
7454 597.924
7455 593.924
7456 589.924
7457 585.924
7458 581.924
7112 646.924
7115 634.924
7180 630.924
7247 626.924
7315 621.924
7114 638.924
7179 634.924
7117 626.924
7118 622.924
7119 618.924
7184 614.924
7251 610.924
7319 605.924
7388 601.924
7389 597.924
7116 630.924
7105 293.968
7163 344.968
7093 340.968
7022 336.968
7162 356.968
7228 352.968
7165 336.968
7167 328.968
7168 324.968
7169 320.968
7170 316.968
7171 312.968
7172 308.968
7166 332.968
7155 380.968
7156 376.968
7159 368.968
7160 364.968
7161 360.968
7227 356.968
7139 538.924
7140 534.924
7141 530.924
7193 578.924
7260 574.924
7328 569.924
7329 565.924
7398 561.924
7399 557.924
7192 582.924
7259 578.924
7327 573.924
7396 569.924
7397 565.924
7195 570.924
7262 566.924
7330 561.924
7194 574.924
7261 570.924
7197 562.924
7264 558.924
7332 553.924
7333 549.924
7334 545.924
7335 541.924
7404 537.924
7405 533.924
7406 529.924
7196 566.924
7199 554.924
7200 550.924
7267 546.924
7198 558.924
7265 554.924
7185 610.924
7252 606.924
7320 601.924
7187 602.924
7186 606.924
7253 602.924
7321 597.924
7322 593.924
7391 589.924
7191 586.924
7190 590.924
7257 586.924
7325 581.924
7326 577.924
7177 642.924
7244 638.924
7312 633.924
7381 629.924
7382 625.924
7448 621.924
7449 617.924
7176 293.968
7106 289.968
7035 285.968
7181 626.924
7248 622.924
7316 617.924
7317 613.924
7318 609.924
7387 605.924
7183 618.924
7250 614.924
7182 622.924
7249 618.924
7173 304.968
7175 297.968
7224 368.968
7225 364.968
7226 360.968
7231 340.968
7232 336.968
7233 332.968
7234 328.968
7216 486.924
7283 482.924
7351 477.924
7219 387.968
7154 383.968
7221 380.968
7220 384.968
7223 372.968
7209 514.924
7208 518.924
7213 498.924
7280 494.924
7215 490.924
7214 494.924
7201 546.924
7268 542.924
7336 537.924
7202 542.924
7269 538.924
7337 533.924
7205 530.924
7206 526.924
7273 522.924
7207 522.924
7274 518.924
7258 582.924
7263 562.924
7331 557.924
7241 301.968
7243 642.924
7311 637.924
7380 633.924
7242 297.968
7235 324.968
7236 320.968
7237 316.968
7238 312.968
7289 376.968
7291 368.968
7292 364.968
7293 360.968
7294 356.968
7290 372.968
7281 490.924
7282 486.924
7272 526.924
7275 514.924
7343 509.924
7277 506.924
7345 501.924
7346 497.924
7276 510.924
7344 505.924
7278 502.924
7266 550.924
7270 534.924
7338 529.924
7407 525.924
7408 521.924
7409 517.924
7323 589.924
7392 585.924
7305 312.968
7304 316.968
7307 305.968
7308 301.968
7310 641.924
7297 344.968
7298 340.968
7299 336.968
7300 332.968
7296 348.968
7301 328.968
7302 324.968
7303 320.968
7353 472.968
7555 460.968
7355 392.968
7356 388.968
7357 384.968
7358 380.968
7359 376.968
7360 372.968
7361 368.968
7376 309.968
7369 336.968
7368 340.968
7371 328.968
7370 332.968
7373 320.968
7372 324.968
7363 360.968
7362 364.968
7365 352.968
7367 344.968
7366 348.968
7417 485.924
7416 489.924
7418 481.924
7423 396.968
7422 398.968
7410 513.924
7415 493.924
7414 497.924
7401 549.924
7400 553.924
7403 541.924
7402 545.924
7395 573.924
7394 577.924
7441 324.968
7440 328.968
7442 320.968
7433 356.968
7434 352.968
7435 348.968
7437 340.968
7438 336.968
7439 332.968
7436 344.968
7425 388.968
7426 384.968
7427 380.968
7424 392.968
7429 372.968
7430 368.968
7428 376.968
7513 628.968
7514 624.968
7515 620.968
7516 616.968
7517 612.968
7518 608.968
7519 604.968
7520 600.968
7521 596.968
7522 592.968
7523 588.968
7524 584.968
7525 580.968
7526 576.968
7527 572.968
7528 568.968
7529 564.968
7530 560.968
7531 556.968
7532 552.968
7533 548.968
7534 544.968
7535 540.968
7536 536.968
7537 532.968
7538 528.968
7539 524.968
7540 520.968
7541 516.968
7542 512.968
7543 508.968
7544 504.968
7545 500.968
7546 496.968
7547 492.968
7548 488.968
7549 484.968
7550 480.968
7551 476.968
7552 472.968
7553 468.968
7554 464.968
7505 336.968
7504 340.968
7506 332.968
7496 372.968
7499 360.968
7500 356.968
7498 364.968
7501 352.968
7502 348.968
7503 344.968
7489 400.968
7491 392.968
7492 388.968
7490 396.968
7493 384.968
7494 380.968
7495 376.968
7579 328.968
7582 637.968
7583 633.968
7656 629.968
7729 625.968
7803 620.968
7804 616.968
7805 612.968
7569 368.968
7570 364.968
7573 352.968
7574 348.968
7572 356.968
7575 344.968
7561 400.968
7560 404.968
7563 392.968
7562 396.968
7565 384.968
7564 388.968
7567 376.968
7566 380.968
7559 406.968
7488 402.968
7609 529.968
7682 525.968
7755 521.968
7829 516.968
7608 533.968
7681 529.968
7611 521.968
7684 517.968
7685 513.968
7686 509.968
7687 505.968
7688 501.968
7761 497.968
7835 492.968
7610 525.968
7613 513.968
7612 517.968
7615 505.968
7614 509.968
7603 553.968
7604 549.968
7605 545.968
7678 541.968
7679 537.968
7752 533.968
7826 528.968
7827 524.968
7607 537.968
7606 541.968
7592 597.968
7593 593.968
7666 589.968
7667 585.968
7740 581.968
7814 576.968
7815 572.968
7816 568.968
7817 564.968
7818 560.968
7640 380.968
7643 368.968
7644 364.968
7645 360.968
7646 356.968
7647 352.968
7642 372.968
7633 408.968
7634 404.968
7635 400.968
7636 396.968
7637 392.968
7639 384.968
7638 388.968
7625 465.968
7698 461.968
7771 457.968
7845 452.968
7624 469.968
7627 457.968
7700 453.968
7773 449.968
7847 444.968
7848 440.968
7849 436.968
7850 432.968
7626 461.968
7629 449.968
7630 445.968
7703 441.968
7628 453.968
7617 497.968
7690 493.968
7691 489.968
7764 485.968
7838 480.968
7616 501.968
7619 489.968
7620 485.968
7621 481.968
7622 477.968
7695 473.968
7696 469.968
7769 465.968
7843 460.968
7618 493.968
7623 473.968
7677 545.968
7750 541.968
7824 536.968
7648 348.968
7649 344.968
7576 340.968
7654 329.091
10081 325.055
7707 404.968
7708 400.968
7709 396.968
7706 408.968
7711 388.968
7712 384.968
7710 392.968
7697 465.968
7770 461.968
7844 456.968
7699 457.968
7772 453.968
7846 448.968
7701 449.968
7774 445.968
7702 445.968
7689 497.968
7762 493.968
7836 488.968
7837 484.968
7693 481.968
7766 477.968
7840 472.968
7692 485.968
7765 481.968
7839 476.968
7694 477.968
7767 473.968
7841 468.968
7680 533.968
7753 529.968
7683 521.968
7756 517.968
7830 512.968
7720 352.968
7721 348.968
7715 372.968
7714 376.968
7717 364.968
7716 368.968
7719 356.968
7718 360.968
7768 469.968
7842 464.968
7775 441.968
7760 501.968
7834 496.968
7763 489.968
7754 525.968
7828 520.968
7757 513.968
7831 508.968
7832 504.968
7759 505.968
7833 500.968
7758 509.968
7751 537.968
7825 532.968
7793 356.968
7794 352.968
7795 348.968
7792 360.968
7787 380.968
7788 376.968
7789 372.968
7790 368.968
7791 364.968
7776 437.968
7779 412.968
7780 408.968
7778 429.968
7865 364.968
7866 360.968
7867 356.968
7868 352.968
7864 368.968
7857 396.968
7858 392.968
7859 388.968
7860 384.968
7861 380.968
7862 376.968
7856 400.968
7863 372.968
7855 404.968
7929 404.968
7930 400.968
7931 396.968
7928 408.968
7933 388.968
7932 392.968
7935 380.968
7934 384.968
7937 372.968
7938 368.968
7939 364.968
7940 360.968
7941 356.968
7936 376.968
8013 351.968
7944 344.968
8057 427.968
8056 431.968
8063 403.968
8051 451.968
8052 447.968
8035 515.968
8036 511.968
8037 507.968
8038 503.968
8074 360.968
8065 395.968
8066 391.968
8064 399.968
8067 387.968
8069 379.968
8068 383.968
8120 415.968
