 key  value
8122 415.968
8123 411.968
8064 407.968
8002 403.968
8003 399.968
8004 395.968
8005 391.968
8006 387.968
8007 383.968
8008 379.968
8009 375.968
8010 371.968
8011 367.968
7942 360.968
7869 356.968
7796 352.968
7723 348.968
7651 344.968
7652 340.968
7653 336.968
7580 332.968
7509 328.968
7443 324.968
7375 320.968
7306 316.968
7240 312.968
7174 308.968
7104 304.968
7033 300.968
6959 296.968
6889 292.968
6818 288.968
6743 284.968
6665 280.968
6586 276.968
6504 272.968
6422 268.968
6344 264.968
6267 260.968
6193 256.968
6116 252.968
6036 248.968
5956 244.968
5883 240.968
5809 236.968
5734 232.968
5655 228.968
5579 224.968
5494 220.968
5404 216.968
5313 212.968
5226 208.968
5147 204.968
5066 200.968
4983 196.968
4899 192.968
4814 188.968
4727 181.968
4728 177.968
4729 173.968
9898 169.451
4643 164
4557 160
4470 156
4381 152
4196 144
4105 140
4016 136
3928 132
3839 128
3750 124
3665 120
3582 116
3497 112
3409 108
3319 104
3225 100
3133 96
3043 92
2940 88
2941 84
2942 80
2943 76
2944 72
2945 68
2845 64
2757 60
2758 56
2759 52
2760 48
2761 44
2762 40
2763 36
2675 32
2589 28
2590 24
2591 20
2592 16
2593 12
2594 8
2509 4
8125 403.968
8126 399.968
8127 395.968
8128 391.968
8069 387.968
8124 407.968
8113 451.968
8054 447.968
8055 443.968
8056 439.968
8057 435.968
7995 431.968
7996 427.968
7997 423.968
7998 419.968
7999 415.968
8000 411.968
8001 407.968
8112 455.968
8115 443.968
8116 439.968
8114 447.968
8117 435.968
8118 431.968
8119 427.968
8060 423.968
8105 483.968
8046 479.968
7984 475.968
7985 471.968
7986 467.968
7987 463.968
7988 459.968
7989 455.968
7990 451.968
7991 447.968
7992 443.968
7993 439.968
7994 435.968
8104 487.968
8045 483.968
8107 475.968
8048 471.968
8049 467.968
8050 463.968
8051 459.968
8052 455.968
8053 451.968
8106 479.968
8047 475.968
8109 467.968
8110 463.968
8111 459.968
8108 471.968
8097 515.968
8038 511.968
7976 507.968
7977 503.968
7978 499.968
7979 495.968
7980 491.968
7981 487.968
7982 483.968
7983 479.968
8096 519.968
8037 515.968
8099 507.968
8040 503.968
8041 499.968
8042 495.968
8043 491.968
8044 487.968
8098 511.968
8101 499.968
8100 503.968
8103 491.968
8102 495.968
8155 515.968
8157 507.968
8158 503.968
8159 499.968
8156 511.968
8136 591.968
8137 587.968
8138 583.968
8081 579.968
8022 575.968
8023 571.968
8024 567.968
8025 563.968
8026 559.968
8027 555.968
7965 551.968
7966 547.968
7967 543.968
7968 539.968
7969 535.968
7970 531.968
7971 527.968
7972 523.968
7973 519.968
7974 515.968
7975 511.968
8185 395.968
8184 399.968
8177 427.968
8120 423.968
8121 419.968
8176 431.968
8179 419.968
8178 423.968
8181 411.968
8182 407.968
8183 403.968
8180 415.968
8169 459.968
8170 455.968
8168 463.968
8171 451.968
8173 443.968
8172 447.968
8175 435.968
8174 439.968
8161 491.968
8162 487.968
8163 483.968
8160 495.968
8165 475.968
8166 471.968
8164 479.968
8167 467.968
8217 499.968
8218 495.968
8216 503.968
8219 491.968
8221 483.968
8222 479.968
8223 475.968
8220 487.968
8215 507.968
8214 511.968
8241 403.968
8240 407.968
8242 399.968
8233 435.968
8232 439.968
8235 427.968
8236 423.968
8234 431.968
8237 419.968
8239 411.968
8238 415.968
8225 467.968
8226 463.968
8227 459.968
8228 455.968
8224 471.968
8229 451.968
8230 447.968
8231 443.968
8281 459.968
8280 463.968
8283 451.968
8284 447.968
8282 455.968
8285 443.968
8287 435.968
8286 439.968
8273 491.968
8272 495.968
8275 483.968
8274 487.968
8277 475.968
8278 471.968
8276 479.968
8279 467.968
91 196
112 192
113 188
114 184
115 180
116 176
117 172
118 168
135 156
154 149
183 145
221 141
267 136
318 132
374 128
436 123
500 119
571 115
643 110
713 106
790 102
875 97
953 93
954 89
955 85
956 81
957 77
1029 73
1099 69
1172 64
1256 60
1340 56
1431 51
1432 47
1529 43
1623 39
1721 34
1812 30
1895 26
1984 21
2075 17
2165 13
2251 9
2339 4
8269 507.968
93 188
8268 511.968
92 192
8271 499.968
8270 503.968
8319 507.968
8318 511.968
8298 391.968
8299 387.968
8246 383.968
8189 379.968
8132 375.968
8073 371.968
125 196
126 192
127 188
128 184
129 180
130 176
131 172
132 168
133 164
134 160
8289 427.968
8288 431.968
8291 419.968
8292 415.968
8290 423.968
8293 411.968
8294 407.968
8344 407.968
8345 403.968
8346 399.968
8297 395.968
8349 393.802
9963 391.837
110 200
111 196
8337 435.968
8338 431.968
8339 427.968
8340 423.968
8341 419.968
8336 439.968
8343 411.968
8342 415.968
8329 467.968
8330 463.968
8331 459.968
8328 471.968
8333 451.968
8332 455.968
8335 443.968
8334 447.968
8321 499.968
145 185
146 181
175 177
213 173
259 168
310 164
366 160
428 155
429 151
430 147
431 143
495 139
566 135
638 130
708 126
785 122
870 117
871 113
872 109
950 105
951 101
952 97
8320 503.968
144 189
8323 491.968
8324 487.968
147 177
148 173
177 169
178 165
179 161
217 157
263 152
314 148
370 144
432 139
433 135
434 131
435 127
499 123
8322 495.968
8325 483.968
149 169
8327 475.968
8326 479.968
150 165
8377 471.968
8378 467.968
8376 475.968
8379 463.968
8381 455.968
8382 451.968
8380 459.968
8383 447.968
8384 443.968
8385 439.968
8386 435.968
143 193
8369 503.968
8368 507.968
8371 495.968
8370 499.968
8373 487.968
8372 491.968
8375 479.968
8374 483.968
176 173
181 153
182 149
220 145
266 140
317 136
373 132
180 157
218 153
264 148
265 144
173 185
211 181
257 176
308 172
364 168
426 163
427 159
172 189
210 185
256 180
174 181
8393 407.968
216 161
262 156
219 149
209 189
255 184
306 180
362 176
424 171
425 167
8387 431.968
8388 427.968
8389 423.968
212 177
258 172
8391 415.968
8392 411.968
215 165
261 160
312 156
313 152
8390 419.968
214 169
260 164
8441 415.968
8440 419.968
8433 447.968
8432 451.968
8435 439.968
8434 443.968
8437 431.968
8436 435.968
8439 423.968
8438 427.968
8425 479.968
8426 475.968
8427 471.968
8424 483.968
8429 463.968
8430 459.968
8428 467.968
8431 455.968
254 188
8419 503.968
8418 507.968
8421 495.968
8422 491.968
8423 487.968
8420 499.968
8473 479.968
8472 483.968
8475 471.968
8476 467.968
8474 475.968
8477 463.968
8479 455.968
8478 459.968
8467 503.968
8466 507.968
8469 495.968
8468 499.968
8471 487.968
8470 491.968
8499 563.968
8453 559.968
8406 555.968
8407 551.968
8408 547.968
8409 543.968
8410 539.968
8411 535.968
8362 531.968
8363 527.968
8364 523.968
8365 519.968
8366 515.968
8367 511.968
8500 559.968
8454 555.968
315 144
316 140
319 131
375 127
437 122
501 118
572 114
8481 447.968
305 184
8480 451.968
8483 439.968
8484 435.968
307 176
8482 443.968
8485 431.968
8486 427.968
309 168
8487 423.968
311 160
299 227
355 223
416 218
478 214
479 210
480 206
550 199
622 194
623 190
624 186
625 182
626 178
627 174
628 170
698 166
699 162
700 158
701 154
702 150
703 146
704 142
705 138
782 134
867 129
945 125
1017 121
1087 117
1160 112
1161 108
1245 104
1329 100
1420 95
1421 91
1518 87
1612 83
1710 78
1711 74
1712 70
1803 66
1804 62
1887 58
1976 53
2067 49
2068 45
2158 41
2159 37
2245 33
2333 28
2419 24
2420 20
2421 16
2422 12
2423 8
2424 4
8529 443.968
8530 439.968
8528 447.968
8531 435.968
8533 427.968
8534 423.968
8488 419.968
8532 431.968
8521 475.968
8522 471.968
8520 479.968
8523 467.968
8525 459.968
8524 463.968
8527 451.968
8526 455.968
8515 499.968
8516 495.968
8517 491.968
8518 487.968
8514 503.968
8519 483.968
8569 463.968
8568 467.968
8571 455.968
8570 459.968
8573 447.968
8574 443.968
8572 451.968
8575 439.968
8561 495.968
8562 491.968
8560 499.968
8563 487.968
8565 479.968
8566 475.968
8564 483.968
8567 471.968
369 148
368 152
371 140
372 136
361 180
423 175
487 171
558 167
630 162
360 184
422 179
486 175
557 171
629 166
363 172
8605 495.968
365 164
8604 499.968
8607 487.968
367 156
8606 491.968
353 231
414 226
476 222
477 218
8589 559.968
8590 555.968
8547 551.968
8503 547.968
8457 543.968
413 230
475 226
8588 563.968
412 234
474 230
8576 435.968
8632 555.968
8633 551.968
8592 547.968
8549 543.968
8505 539.968
8459 535.968
8412 531.968
8631 559.968
8630 563.968
8617 447.968
8616 451.968
8619 439.968
8618 443.968
8609 479.968
8610 475.968
8611 471.968
8612 467.968
8608 483.968
8613 463.968
8615 455.968
8614 459.968
8671 559.968
8670 563.968
8657 455.968
8656 459.968
8659 447.968
8658 451.968
8661 439.968
8662 435.968
8621 431.968
8622 427.968
8579 423.968
8580 419.968
8536 415.968
8537 411.968
8491 407.968
8444 403.968
8395 399.968
8396 395.968
8348 391.968
421 183
485 179
8660 443.968
420 187
8649 487.968
8650 483.968
8651 479.968
8652 475.968
473 234
8648 491.968
8653 471.968
8655 463.968
8654 467.968
469 250
470 246
471 242
472 238
8647 495.968
8646 499.968
8697 455.968
8696 459.968
8699 447.968
8700 443.968
8701 439.968
8702 435.968
8663 431.968
8698 451.968
8689 487.968
8691 479.968
8690 483.968
8693 471.968
8692 475.968
8695 463.968
8694 467.968
8686 499.968
497 131
498 127
8672 555.968
496 135
567 131
639 126
709 122
786 118
8729 483.968
489 163
560 159
632 154
8728 487.968
488 167
8731 475.968
8732 471.968
8733 467.968
491 155
562 151
634 146
635 142
8730 479.968
490 159
561 155
633 150
492 151
493 147
494 143
8735 459.968
8736 455.968
8737 451.968
8738 447.968
8739 443.968
8734 463.968
483 187
554 183
484 183
8726 495.968
8688 491.968
537 251
609 246
610 242
611 238
612 234
613 230
614 226
615 222
616 218
617 214
618 210
619 206
620 202
621 198
539 243
538 247
541 235
540 239
543 227
542 231
8711 555.968
8712 551.968
8674 547.968
8675 543.968
8636 539.968
8595 535.968
8596 531.968
8553 527.968
8509 523.968
8463 519.968
8416 515.968
8710 559.968
8763 495.968
8727 491.968
8765 487.968
8764 491.968
8767 479.968
8766 483.968
8747 559.968
8748 555.968
8749 551.968
8713 547.968
8746 563.968
570 119
642 114
712 110
789 106
874 101
563 147
565 139
637 134
707 130
784 126
869 121
947 117
1019 113
1089 109
1162 104
1246 100
1330 96
564 143
636 138
553 187
552 191
555 179
556 175
545 219
544 223
8787 559.968
8788 555.968
547 211
8786 563.968
546 215
551 195
8776 443.968
8740 439.968
605 262
606 258
607 254
608 250
8780 442.331
9950 436.669
8704 431.968
8664 427.968
8623 423.968
8769 471.968
8768 475.968
8771 463.968
8772 459.968
8773 455.968
8774 451.968
8770 467.968
8775 447.968
8827 559.968
8828 555.968
8829 551.968
8830 547.968
8831 543.968
8832 539.968
8833 535.968
8794 531.968
8755 527.968
8719 523.968
8720 519.968
8721 515.968
8722 511.968
8723 507.968
8685 503.968
8816 443.968
8777 439.968
8741 435.968
8703 431.968
8809 471.968
8810 467.968
8811 463.968
8808 475.968
8813 455.968
8812 459.968
8815 447.968
8814 451.968
8801 503.968
8802 499.968
8800 507.968
8761 503.968
8725 499.968
8803 495.968
8805 487.968
8806 483.968
8804 491.968
8807 479.968
8849 471.968
8850 467.968
8851 463.968
8852 459.968
8848 475.968
8853 455.968
8854 451.968
8841 503.968
8843 495.968
8842 499.968
8845 487.968
8846 483.968
8847 479.968
8844 491.968
8890 451.96
9969 448.03
8881 487.96
8882 483.96
8883 479.96
8884 475.96
8885 471.96
8886 467.96
8887 463.96
8888 459.96
8889 455.96
641 118
711 114
788 110
873 105
8880 491.96
8877 503.96
8878 499.96
8879 495.96
689 209
690 205
691 201
692 197
693 193
694 189
695 185
696 181
697 177
688 213
681 241
682 237
683 233
684 229
685 225
686 221
687 217
8920 471.96
8921 467.96
680 245
8913 499.96
8912 503.96
8915 491.96
675 265
676 261
677 257
678 253
679 249
8914 495.96
8917 483.96
8916 487.96
8919 475.96
8918 479.96
8911 507.96
8910 511.96
8876 507.96
8953 475.96
8954 471.96
8952 479.96
8945 507.96
8944 511.96
8947 499.96
8946 503.96
8949 491.96
8950 487.96
8948 495.96
8951 483.96
710 118
787 114
761 240
762 236
763 232
764 228
765 224
766 220
767 216
768 212
769 208
770 204
771 200
772 196
773 192
774 188
760 244
753 272
754 268
755 264
756 260
757 256
758 252
759 248
8985 479.96
8986 475.96
8984 483.96
8977 511.96
8978 507.96
8976 515.96
8979 503.96
8981 495.96
8980 499.96
8983 487.96
8982 491.96
8975 519.96
8974 523.96
8942 519.96
8909 515.96
8875 511.96
9017 479.96
9016 483.96
9009 511.96
9008 515.96
9011 503.96
9012 499.96
9013 495.96
9014 491.96
9015 487.96
9010 507.96
9005 527.96
9007 519.96
8997 559.96
8966 555.96
8967 551.96
8968 547.96
8936 543.96
8937 539.96
8938 535.96
8939 531.96
8940 527.96
8941 523.96
8998 555.96
9041 507.96
9040 511.96
9043 499.96
9044 495.96
9042 503.96
9045 491.96
9047 483.96
9046 487.96
856 206
857 202
858 198
859 194
9037 523.96
9036 527.96
9039 515.96
9038 519.96
849 238
850 234
848 242
851 226
852 222
853 218
854 214
855 210
9029 555.96
9030 551.96
9000 547.96
8969 543.96
9028 559.96
841 270
842 266
843 262
844 258
845 254
846 250
847 246
840 274
9073 495.96
9074 491.96
9072 499.96
9075 487.96
9076 483.96
9077 479.96
9078 475.96
9050 471.96
9020 467.96
8989 463.96
8957 459.96
8924 455.96
835 294
836 290
837 286
838 282
839 278
9065 527.96
9064 531.96
9067 519.96
9068 515.96
9069 511.96
9066 523.96
9071 503.96
9070 507.96
9059 551.96
9060 547.96
9032 543.96
9002 539.96
8971 535.96
8972 531.96
8973 527.96
9058 555.96
9063 535.96
9035 531.96
9113 559.96
9114 555.96
9088 551.96
9117 543.96
9118 539.96
9092 535.96
9093 531.96
9094 527.96
9095 523.96
876 93
9119 535.96
9104 487.96
9097 515.96
9098 511.96
9099 507.96
9100 503.96
9101 499.96
921 290
922 286
923 282
924 278
925 274
926 270
9096 519.96
920 294
9103 491.96
927 266
928 262
929 258
930 254
9102 495.96
9091 539.96
9145 543.96
9144 547.96
9147 535.96
9148 531.96
9149 527.96
9122 523.96
9146 539.96
9151 519.96
9152 515.96
9125 511.96
9150 523.96
9141 559.96
9143 551.96
9116 547.96
9128 499.96
9130 491.96
9131 487.96
9132 483.96
9106 479.96
9133 483.96
9107 479.96
9121 527.96
9120 531.96
944 129
1016 125
1086 121
1159 116
1243 112
1327 108
1418 103
1419 99
9123 519.96
946 121
949 109
9124 515.96
9127 503.96
9126 507.96
9177 519.96
9176 523.96
937 221
938 217
939 213
940 209
936 225
9179 511.96
9154 507.96
9178 515.96
9181 503.96
9182 499.96
9157 495.96
9180 507.96
9169 551.96
9170 547.96
9171 543.96
931 250
9173 535.96
9174 531.96
933 242
934 238
9172 539.96
932 246
9175 527.96
935 226.127
1010 222.127
1080 218.127
1153 213.127
1236 209.127
1319 205.127
1406 200.127
1502 193.127
1503 189.127
1597 185.127
1691 180.127
1692 176.127
1693 172.127
1694 168.127
1695 164.127
1696 160.127
1697 156.127
1698 152.127
1699 148.127
1700 144.127
1604 140.232
1605 136.232
1414 119
1415 115
1416 111
1513 107
1607 103
1705 98
1706 94
1707 90
1708 86
1709 82
9153 511.96
9155 503.96
9201 523.96
9202 519.96
9203 515.96
9200 527.96
9205 507.96
9206 503.96
9207 499.96
9208 495.96
9184 491.96
9159 487.96
9204 511.96
9193 555.96
9195 547.96
1018 117
9197 539.96
1021 105
1022 101
1023 97
1024 93
1025 89
1026 85
1027 81
1097 77
1170 72
1254 68
1255 64
9196 543.96
9199 531.96
9198 535.96
1009 242
1008 246
1011 221.127
1081 217.127
1015 129
1014 133
9241 543.96
9242 539.96
9243 535.96
9222 531.96
9223 527.96
1001 293
1000 297
1003 273
1004 269
1005 265
1006 261
9245 527.96
9246 523.96
9225 519.96
9244 531.96
9247 519.96
9248 515.96
9227 511.96
9228 507.96
9229 503.96
9230 499.96
1007 250
9224 523.96
9226 515.96
9219 543.96
9221 535.96
9220 539.96
1037 64
1104 60
1180 56
1263 52
1350 48
1440 44
1537 40
1631 36
1728 32
1818 28
1900 24
1988 20
2078 16
2168 12
2253 8
2340 4
1028 77
1084 129
1157 124
1158 120
1242 116
1326 112
1417 107
9249 511.96
9250 507.96
1073 277
1074 273
1075 269
1077 250
1076 265
1078 250
1096 81
1169 76
1102 63
1258 55
1342 51
1433 46
1530 42
1624 38
1722 33
1813 29
1896 25
1985 20
2076 16
2166 12
2252 8
1088 113
1090 105
1163 100
1247 96
1331 92
1422 87
1423 83
1520 79
1521 75
1615 71
1713 66
1095 85
1168 80
1252 76
1253 72
1337 68
1428 63
1525 59
1619 55
1717 50
1808 46
1891 42
1980 37
1981 33
1982 29
2073 25
2074 21
1145 266.127
1229 262.127
1230 258.127
1231 254.127
1232 250.127
1233 246.127
1316 242.127
1496 234.127
1590 230.127
1684 225.127
1778 221.127
1949 213.127
1866 207.127
1780 203.127
1781 199.127
1782 195.127
1783 191.127
1784 187.127
1785 183.127
1786 179.127
1787 175.127
1788 171.127
1789 167.127
1790 163.127
1791 159.127
1792 155.127
1793 151.127
1144 271
1146 260
1147 256
1143 275
1142 279
1183 56
1266 52
1353 48
1443 44
1539 40
1632 36
1729 32
1819 28
1901 24
1989 20
2079 16
1182 56
1265 52
1351 48
1441 44
1171 68
1173 60
1257 56
1341 52
1165 92
1166 88
1167 84
1152 217.127
1156 128
1240 124
1324 120
1241 120
9421 2040.92
9422 1942.92
9423 1844.92
9424 1746.92
9442 1571.92
9443 1472.92
9461 1337.92
9477 1231.92
9494 1124.92
9512 992.924
9531 885.924
9551 778.924
6006 589.924
6087 584.924
6163 580.924
6238 576.924
6313 571.924
6314 567.924
6315 563.924
6316 559.924
6317 555.924
6395 548.924
6474 541.924
6475 537.924
6556 533.924
6636 528.924
6714 524.924
6715 520.924
6791 516.924
6864 511.924
6936 507.924
7012 503.924
7083 498.924
7152 494.924
7217 490.924
7284 486.924
7352 481.924
7421 477.924
7487 473.924
9982 469.983
7556 464.968
7557 460.968
7558 456.968
7631 449.968
7704 445.968
7777 441.968
7851 436.968
7852 432.968
7925 428.968
7926 424.968
7927 420.968
7854 416.968
7855 412.968
7856 408.968
7783 404.968
7784 400.968
7711 396.968
7639 392.968
7566 388.968
7495 384.968
7496 380.968
7430 376.968
7362 372.968
7293 368.968
7227 364.968
7228 360.968
7229 356.968
7163 352.968
7093 348.968
7022 344.968
7023 340.968
7024 336.968
7025 332.968
6951 328.968
6881 324.968
6810 320.968
6735 316.968
6736 312.968
6658 308.968
6579 304.968
6580 300.968
6498 296.968
6416 292.968
6338 288.968
6261 284.968
6262 280.968
6263 276.968
6189 272.968
6190 268.968
6113 264.968
6033 260.968
6034 256.968
6035 252.968
9420 2138.92
1244 108
1235 213.127
1318 209.127
1405 204.127
1234 217.127
1317 213.127
1404 208.127
1225 279
1224 283
1227 270.127
1228 266.127
1226 275
1221 330
1220 326
1305 322
1392 318
1484 314
1485 310
1486 306
1393 299
1306 293
1223 286
9462 1301.42
9939 1211.01
9478 1193.1
9942 1104.22
9495 1085.92
1222 334
1264 52
1269 60
1268 56
1354 52
1444 48
1259 52
1346 48
1436 44
1533 40
1627 36
1724 32
1814 28
1897 24
1248 92
1332 88
1251 80
1250 84
1334 80
1425 75
1522 71
1523 67
1524 63
1618 59
1716 54
9493 1179.92
9511 1046.92
9530 940.924
9550 834.924
9572 705.924
5928 608.924
1304 323
1307 290
1309 282.127
1310 278.127
1311 274.127
1312 270.127
1308 286.127
9529 1039.92
9528 1138.92
9532 881.924
9525 2027.16
9544 1925.16
9563 1832.16
9586 1730.16
9607 1628.16
9629 1536.16
9630 1439.16
9631 1342.16
9984 1290.57
9609 1210.97
9610 1110.97
9611 1010.97
9612 910.968
9613 810.968
9614 710.968
7873 644.968
7800 640.968
7801 636.968
7802 632.968
7803 628.968
7876 624.968
7877 620.968
7878 616.968
7879 612.968
7880 608.968
7881 604.968
7882 600.968
7883 596.968
7884 592.968
7885 588.968
7886 584.968
7887 580.968
7888 576.968
7889 572.968
7890 568.968
7891 564.968
7892 560.968
7893 556.968
7894 552.968
7895 548.968
7896 544.968
7897 540.968
7898 536.968
7899 532.968
7900 528.968
7901 524.968
7902 520.968
7903 516.968
7904 512.968
7905 508.968
7906 504.968
7907 500.968
7908 496.968
7909 492.968
7910 488.968
7911 484.968
7912 480.968
7913 476.968
7914 472.968
7915 468.968
7916 464.968
7917 460.968
7918 456.968
7919 452.968
7920 448.968
7921 444.968
7922 440.968
7923 436.968
7924 432.968
9524 2122.16
9543 2020.16
9562 1927.16
9585 1826.16
9606 1725.16
9628 1633.16
9527 1237.92
9513 988.924
1336 72
1427 67
1339 60
1430 55
1338 64
1429 59
1343 50
1434 45
1531 41
1625 37
1723 32
1328 104
9506 2223.16
9509 1242.92
9510 1144.92
1335 76
1426 71
1325 116
9567 1195.92
9568 1097.92
9569 999.924
9570 901.924
9571 803.924
9566 1293.92
9547 1133.92
9546 1232.92
9549 934.924
9548 1033.92
9593 702.924
6911 650.924
6912 646.924
6913 642.924
6982 631.924
7051 626.924
7120 622.924
7185 618.924
7186 614.924
7253 610.924
7321 605.924
7322 601.924
7323 597.924
7324 593.924
7325 589.924
7394 585.924
7460 581.924
7461 577.924
7462 573.924
7463 569.924
7464 565.924
7465 561.924
7466 557.924
7467 553.924
7468 549.924
7469 545.924
7470 541.924
7471 537.924
7472 533.924
7473 529.924
7474 525.924
7475 521.924
7476 517.924
7477 513.924
7478 509.924
7479 505.924
7480 501.924
7481 497.924
7482 493.924
7483 489.924
7484 485.924
7485 481.924
7486 477.924
9592 801.924
9595 470
9574 361
3392 277
3297 270
3107 255
3011 248
2908 237
2818 229
2732 224
2562 212
2561 208
2560 204
2559 200
2558 196
2557 192
2556 188
2471 184
2470 180
2469 176
2468 172
2467 168
2466 164
2465 160
2464 156
2463 152
2462 148
2461 144
2460 140
2459 136
2458 132
2457 128
2456 124
2455 120
2454 116
2453 112
2452 108
2451 104
2450 100
2449 96
2448 92
2447 88
2446 84
2445 80
2444 76
2443 72
2442 68
2441 64
2440 60
2439 56
2438 52
2437 48
2436 44
2435 40
2434 36
2433 32
2432 28
2431 24
2430 20
2429 16
2428 12
2427 8
2426 4
1352 48
1442 44
9594 372
5374 298
5286 294
5203 289
5123 285
5122 281
5121 277
5039 273
4955 268
4954 264
4869 260
4868 256
4781 252
4692 247
4606 243
4519 239
4430 235
4338 230
4246 226
4245 222
4244 218
4151 214
4061 209
4060 205
3970 201
3881 197
3880 193
3879 189
3791 185
3703 180
3619 176
3533 172
3447 167
3362 163
3268 159
3174 154
3173 150
3079 146
2984 142
2883 138
2794 133
2793 129
2707 125
2624 121
2538 116
2537 112
1355 56
1445 52
1541 48
1634 44
1731 40
1730 36
1820 32
1902 28
1990 24
2080 20
2169 16
2254 12
2341 8
1357 64
1447 60
1543 56
1636 52
1733 48
1732 44
1822 40
1904 36
1992 32
1991 28
2081 24
2170 20
1359 72
1449 68
1545 64
1544 60
1358 68
1448 64
1345 48
1435 44
1532 40
1626 36
1347 48
1437 44
1534 40
1628 36
1725 32
1816 28
1898 24
1986 20
9589 1098.92
9590 999.924
9591 900.924
9588 1197.92
1349 48
1439 44
1535 40
1348 48
1438 44
1401 265.127
1314 261.127
1315 257.127
1400 269.127
1403 237.127
1497 233.127
1591 229.127
1402 261.127
1395 294
1394 297
9573 230.004
4102 226.004
4287 218.004
4378 213.004
4468 206.004
4556 202.004
4726 190.004
9909 185.892
1397 286.127
1396 290.127
1399 273.127
1398 280.127
1391 322
9617 474
9616 375
7111 310
7110 306
7109 302
7108 298
7038 290
7037 286
6967 279
6966 275
6965 271
6964 267
6896 260
6828 255
6755 251
6754 247
6753 243
6677 239
6599 234
6519 230
6437 226
6359 222
6282 217
6207 213
6131 209
6055 204
5974 200
5973 196
5972 192
5971 188
5970 184
5897 180
5823 176
5748 171
5672 167
5592 163
5515 158
5514 154
5513 150
5427 146
5335 142
5247 138
5164 133
5084 129
5002 125
4918 120
4833 116
4746 112
4657 107
4571 103
4484 99
4395 95
4303 90
4211 86
4118 82
4028 77
3938 73
3849 69
3761 65
3673 60
3589 56
3503 52
3417 47
3333 43
3240 39
3149 34
3057 30
2962 26
2861 22
2772 17
2683 13
2596 9
2510 4
1424 79
9657 952.968
9636 849.968
9656 1049.97
9635 946.968
9658 1050.97
9661 576.756
9638 468.756
10125 454.172
9660 505
9637 397
9615 304
6824 245
6751 241
6675 237
6598 233
6518 229
6436 225
6358 221
9655 1147.97
9634 1043.97
9654 1244.97
9633 1140.97
9639 490
9681 613
9680 1057.97
9682 684.756
1446 56
1499 205.127
1593 201.127
1687 196.127
1688 192.127
1689 188.127
1690 184.127
1498 209.127
1592 205.127
1686 200.127
9677 1322.44
10128 1223.03
1500 201.127
1594 197.127
9679 1055.97
9678 1152.97
1491 288.127
1492 284.127
1490 294.127
1493 279.127
1494 275.127
1495 238.127
9721 1250.97
9700 1146.97
9720 1248.97
1483 318
1482 330
1579 326
1580 322
1581 318
1582 314
1487 303
1528 47
1622 43
1720 38
1811 34
1894 30
1983 25
9699 1243.97
9701 1148.97
1527 51
1526 55
1620 51
1718 46
1719 42
1810 38
1512 111
1515 99
1609 95
1514 103
1608 99
1517 91
1511 115
9742 1428.97
9741 1329.97
1553 96
1646 92
1743 88
1742 84
1741 80
1740 76
1739 72
1738 68
1737 64
1736 60
1735 56
1734 52
1824 48
1906 44
1994 40
1993 36
2083 32
2172 28
2171 24
1552 92
1551 88
1644 84
1555 104
1648 100
1745 96
1835 92
1917 88
2005 84
2004 80
2094 76
2093 72
2182 68
2181 64
2180 60
2265 56
2352 52
1554 100
1556 108
1546 68
1549 80
1548 76
1641 72
1550 84
1643 80
1536 40
1629 36
1726 32
1817 28
1899 24
1987 20
1538 40
9782 1656.97
9781 1559.97
9761 1433.97
1542 52
1585 304.723
1586 300.723
1587 296.723
1588 292.723
9901 291.737
1584 307
9762 1533.97
1589 234.127
9819 1725.97
9799 1622.97
9779 1521.97
9760 1431.97
9818 1724.97
9821 1731.97
9801 1627.97
9780 1523.97
9820 1728.97
9800 1624.97
9823 1366.22
9804 1269.22
9784 1172.22
9763 1059.76
9744 962.764
9723 865.764
10126 772.03
9702 687
1583 310
9822 1767.97
9802 1663.97
1630 36
1727 32
1621 47
9798 1645.97
9778 1543.97
9759 1453.97
9740 1351.97
1611 87
1610 91
1613 79
9844 981.274
9833 964.211
10024 929.552
9830 889.462
9871 839.121
9829 782.435
9912 745.523
9828 714.204
9927 671.736
9827 632.864
9897 617.143
1606 107
1704 102
1657 136
1656 132
1753 128
1752 124
1751 120
1750 116
1749 112
1748 108
1747 104
1746 100
9835 936.134
9879 923.566
9834 998.825
9843 964.947
1658 140
1755 136
1754 132
9836 819.24
9904 778.851
1649 104
9826 379.887
6240 367.968
6241 363.968
6167 359.968
6090 355.968
6010 351.968
5931 347.968
5932 343.968
5933 339.968
5859 335.968
5785 331.968
5786 327.968
5787 323.968
5788 319.968
5713 315.968
5634 311.968
5558 307.968
5473 303.968
5383 299.968
5292 295.968
5206 288.968
5207 284.968
5128 280.968
5129 276.968
5048 272.968
4965 268.968
4966 264.968
4882 260.968
4797 256.968
4798 252.968
4799 248.968
4800 244.968
4801 240.968
4802 236.968
4803 232.968
4804 228.968
4805 224.968
4806 220.968
4807 216.968
4808 212.968
4809 208.968
4810 204.968
4811 200.968
4812 196.968
4813 192.968
1651 112
1650 108
1653 120
9831 983.111
10007 931.972
1652 116
9881 65.581
1640 68
1642 76
9885 212.566
1645 88
1647 96
1633 40
1635 48
1637 56
1639 64
1638 60
9866 275.646
604 266
1683 226.127
1777 222.127
1865 218.127
1685 204.127
9913 177.263
1673 326
9915 225.149
4194 222.004
1675 318
1676 314
9914 356.422
9825 347.519
5627 339.968
5551 335.968
5552 331.968
5467 327.968
5377 323.968
5378 319.968
5379 315.968
5380 311.968
5381 307.968
5382 303.968
1674 322
9917 502.848
7084 497.924
7153 493.924
7218 489.924
7285 485.924
1677 311
9916 723.66
9919 692.387
9918 223.288
1678 308.723
9905 292.939
9906 157.043
4380 152
4289 148
9908 91.612
3249 89
3248 85
3340 78
3423 71
3422 67
3421 63
3337 59
3336 55
3335 51
3334 47
9911 570.743
9910 285.442
5046 280.968
5047 276.968
9896 80.14
3424 75
9899 308.383
2823 304.567
2824 300.567
2917 296.567
3019 292.567
3020 288.567
3021 284.567
3022 280.567
3023 276.567
3024 272.567
10073 269.251
3025 267.127
2923 263.127
2739 253.127
2740 249.127
2652 245.127
2653 241.127
2566 237.127
2482 233.127
2483 229.127
2397 225.127
2398 221.127
2399 217.127
2312 210.127
2135 202.127
2044 195.127
2045 191.127
1956 187.127
1957 183.127
1958 179.127
1959 175.127
1960 171.127
1876 167.127
9900 516.737
6794 513.924
7014 501.924
9903 127.36
9902 695.224
1715 58
1714 62
9893 332.499
9895 325.357
4170 318.004
4171 314.004
4172 310.004
4173 306.004
4174 302.004
4175 298.004
4268 294.004
4359 289.004
4360 285.004
4361 281.004
4362 277.004
4363 273.004
4364 269.004
4365 265.004
4366 261.004
4367 257.004
4368 253.004
4369 249.004
4370 245.004
4371 241.004
4372 237.004
4373 233.004
4374 229.004
4375 225.004
4376 221.004
4377 217.004
9894 385.589
9945 334.933
9944 196.249
1769 192
1768 188
1767 184
1766 180
1765 176
1764 172
1763 168
1762 164
1761 160
1760 156
1850 152
1932 148
2020 144
2019 140
2018 136
2017 132
2016 128
2106 124
2195 120
2194 116
2279 112
2366 108
9946 177.999
918 176
917 172
995 168
994 164
1066 160
1065 156
1131 152
1207 148
1206 144
1205 140
1204 136
1203 132
1202 128
1285 124
1284 120
1370 116
1460 112
1459 108
9949 266.44
6428 257.968
6349 253.968
6272 249.968
6197 245.968
6120 241.968
6040 237.968
5959 233.968
5886 229.968
5812 225.968
5737 221.968
5658 217.968
5582 213.968
5497 209.968
5407 205.968
5316 201.968
5229 197.968
5069 189.968
4986 185.968
4902 181.968
4817 177.968
9948 434.453
8665 427.968
9951 487.155
9936 1163.7
9938 1108.62
9943 722.635
1702 130
1794 123
1879 119
1963 113
2052 109
2053 105
2054 101
2144 97
2145 93
2146 89
2147 85
2233 81
2321 76
2322 72
2323 68
2409 64
2410 60
2411 56
2412 52
2413 48
2414 44
2415 40
2416 36
2417 32
2418 28
9928 142.824
4104 142
9933 1117.01
1757 144
1756 140
1758 148
9920 190.699
1744 92
9923 105.862
2972 100.999
10101 96.112
2783 93
2698 89
2615 85
2529 80
2528 76
9924 79.454
9926 236.665
9976 629.544
6005 593.924
6086 588.924
9979 60.307
2782 57
2693 53
2606 49
2520 44
2519 40
2518 36
9981 2008.41
9968 514.819
9270 508.773
10129 507.492
9252 503.96
9971 352.932
7871 348.968
7798 344.968
7725 340.968
9973 453.911
9972 285.337
6893 282.497
10082 279.237
6747 273.968
6668 269.968
6589 265.968
6507 261.968
6425 257.968
6347 253.968
6270 249.968
6196 245.968
6119 241.968
6039 237.968
9975 42.808
3324 40
3232 36
3142 32
3051 28
2957 24
2856 20
2768 16
2680 12
9974 403.415
9960 190.254
5070 186
4987 182
4903 178
4818 174
4730 170
9967 403.876
8445 399.968
9966 68.815
3845 65
3757 61
3586 53
3500 49
3415 45
3331 41
3238 37
3147 32
3055 28
2960 24
2859 20
2771 16
2682 12
2595 8
9952 487.986
9954 365.147
9956 159.682
5669 155
5510 147
5424 143
5332 139
5244 135
5161 130
5081 126
4999 122
4915 117
4830 113
4743 109
4654 104
4568 100
4481 96
4392 92
4300 87
4208 83
4115 79
4025 74
3935 70
3846 66
3758 62
3670 57
9959 443.921
10009 1202.3
10008 423.826
7853 420.968
1771 322
1770 196
1860 192
1942 188
2030 184
2120 180
2209 176
2294 172
2381 168
2380 164
2379 160
2378 156
1773 315
1772 318
1775 308.723
1679 304.723
1774 312.723
10005 95.018
1797 90
1798 86
1881 82
1970 77
2061 73
2062 69
2152 65
2238 61
2326 56
2327 52
1821 36
9999 70.34
964 68
1809 42
1815 28
10041 339.54
2478 337.162
2734 320.567
2735 316.567
2736 312.567
2737 308.567
1801 74
1802 70
1885 66
1974 61
2065 57
2155 53
2156 49
2242 45
2330 40
2331 36
10040 639.21
6007 587.276
6164 577.276
6239 573.276
1800 78
1883 74
1972 69
1973 65
2064 61
10043 296.51
10042 317.532
3393 315.127
3299 311.127
3300 307.127
3301 303.127
3205 299.127
3111 295.127
3112 291.127
3113 287.127
3114 283.127
3115 279.127
3116 275.127
3117 271.127
10045 1314.64
1805 58
1888 54
1977 49
1978 45
1979 41
10044 95.69
10047 423.877
1807 50
1890 46
10046 838.23
1806 54
10033 310.8
10032 1223.87
10035 375.005
7090 373.968
7019 368.968
6943 364.968
6872 360.968
6873 356.968
6802 352.968
6727 348.968
6649 344.968
6570 340.968
6571 336.968
6572 332.968
6573 328.968
6491 324.968
6492 320.968
6410 316.968
6332 312.968
6255 308.968
6256 304.968
6257 300.968
6183 296.968
6106 292.968
6107 288.968
6108 284.968
6028 280.968
6029 276.968
5949 272.968
5876 268.968
5802 264.968
5727 260.968
5728 256.968
5649 252.968
5650 248.968
5651 244.968
5575 240.968
5490 236.968
5491 232.968
5492 228.968
5493 224.968
5403 220.968
5312 216.968
10034 374.938
10037 235.41
10036 280.616
10039 1966.77
1799 82
1882 78
1971 73
10038 271.55
10027 325.063
1861 322
10026 370.522
10029 144.575
10028 1045.37
10031 202.349
2043 199.127
1954 195.127
1955 191.127
1871 187.127
10030 128.138
1841 116
1840 112
1839 108
1838 104
1837 100
1836 96
1918 92
1843 124
1842 120
1845 132
1927 128
2015 124
2105 120
1844 128
1846 136
1833 84
1915 80
2003 76
2002 72
2001 68
2091 64
10072 259.907
3124 253.127
3032 249.127
2930 245.127
2832 241.127
2744 237.127
2656 233.127
2568 229.127
2484 225.127
1832 80
1831 76
1830 72
1912 68
2000 64
2090 60
2089 56
2088 52
2087 48
2086 44
2085 40
2174 36
2173 32
10075 201.348
1953 199.127
10074 242.891
1834 88
10065 215.909
10064 127.742
3749 126
10067 298.908
4358 293.004
10066 215.624
10069 323.786
3478 321.126
1829 68
1911 64
1999 60
1998 56
10068 276.11
3829 274.004
3918 270.004
4007 266.004
4096 262.004
4185 258.004
4278 254.004
10071 284.221
5873 280.968
5799 276.968
5724 272.968
5725 268.968
5726 264.968
10070 400.475
7286 396.968
7287 392.968
7288 388.968
7222 384.968
7157 380.968
7088 376.968
7089 372.968
10057 253.498
3580 250.029
3747 242.004
3835 238.004
3925 234.004
4014 230.004
10056 320.192
1863 315.723
1880 86
1969 81
2060 77
2150 73
2236 69
2324 64
10059 81.685
10061 261.861
10060 250.316
2563 247.127
2394 237.127
2306 233.127
2307 229.127
2220 225.127
2130 221.127
2038 217.127
1884 70
10063 534.706
6712 532.924
6713 528.924
10062 543.178
1886 62
1975 57
2066 53
10049 94.97
1873 179.127
10048 271.714
10051 630.131
10050 97.144
2487 92
2403 88
2404 84
2405 80
2406 76
2407 72
2408 68
10053 405.657
7354 402.968
10055 635.76
10054 60.35
1864 222.127
1948 217.127
1862 319
1913 72
1914 76
1916 84
1919 96
1905 40
1903 32
1889 50
1893 34
1892 38
1945 327
1946 323
1944 327.937
1947 319.723
1951 207.127
1952 203.127
1868 199.127
1950 211.127
1939 176
2027 172
2026 168
2025 164
2024 160
2114 156
2113 152
2112 148
2201 144
2286 140
2373 136
2372 132
2371 128
2370 124
2369 120
1929 136
1928 132
1930 140
1921 104
1920 100
1923 112
2011 108
2101 104
2190 100
2275 96
2362 92
2361 88
2360 84
2359 80
2358 76
1922 108
1925 120
1924 116
2012 112
2102 108
2191 104
1926 124
1968 85
2059 81
2149 77
2235 73
1965 97
1966 93
1967 89
2009 100
2008 96
2007 92
2006 88
2010 104
2100 100
2189 96
2274 92
2013 116
2014 120
1997 52
2041 207.127
2042 203.127
2040 211.127
2033 331.937
2035 327
2034 331
2037 221.127
2036 323.723
2039 215.127
2021 148
2023 156
2022 152
2072 29
2162 25
2248 21
2336 16
2337 12
2077 16
2069 41
2071 33
2161 29
2247 25
2335 20
2070 37
2057 89
2056 93
2063 65
2055 97
2104 116
2103 112
2107 128
2109 136
2108 132
2197 128
2282 124
2110 140
2097 88
2096 84
2185 80
2270 76
2357 72
2356 68
2355 64
2354 60
2099 96
2098 92
2092 68
2095 80
2082 28
2084 36
2143 101
2129 225.127
2128 327.723
2131 219.127
2133 211.127
2132 215.127
2134 207.127
2125 335.937
2127 331
2126 335
2175 40
2160 33
2163 21
2164 17
2250 13
2338 8
2167 12
2153 61
2239 57
2154 57
2148 81
2151 69
2193 112
2192 108
2196 124
2199 136
2198 132
2184 76
2183 72
2187 88
2186 84
2188 92
2176 44
2232 85
2320 80
2234 77
2237 65
2325 60
2225 206.127
2224 210.127
2229 97
2317 92
2318 88
2319 84
2228 101
2316 96
2231 89
2230 93
2217 339
2216 339.937
2219 229.127
2218 335
2221 222.127
2222 218.127
2223 214.127
2267 64
2266 60
2269 72
2268 68
2271 80
2257 24
2256 20
2343 16
2342 12
2259 32
2258 28
2261 40
2348 36
2260 36
2347 32
2346 28
2345 24
2344 20
2249 17
2255 16
2243 41
2244 37
2332 32
2246 29
2334 24
2281 120
2280 116
2283 128
2285 136
2284 132
2273 88
2272 84
2277 104
2364 100
2363 96
2276 100
2278 108
2365 104
2315 100
2401 96
2402 92
2305 339
2304 343
2309 222.127
2310 218.127
2308 226.127
2311 214.127
2367 112
2353 56
2393 348.162
2479 341.162
2392 343
2395 233.127
2396 229.127
2387 192
2386 188
2368 116
2375 144
2374 140
2489 84
2488 88
2490 80
2493 68
2492 72
2495 60
2496 56
2497 52
2498 48
2499 44
2500 40
2501 36
2481 237.127
2480 241.127
2485 225.127
2486 96
2523 56
2525 64
2524 60
2526 68
2513 16
2512 12
2511 8
2515 24
2514 20
2517 32
2516 28
2505 20
2506 16
2507 12
2504 24
2508 8
2503 28
2502 32
2544 140
2536 108
2539 120
2541 128
2540 124
2543 136
2542 132
2531 88
2530 84
2533 96
2532 92
2535 104
2534 100
2585 44
2587 36
2586 40
2588 32
2583 52
2569 229.127
2570 230.127
2573 92
2574 88
2575 84
2576 80
2491 76
2572 96
2565 241.127
2564 245.127
2567 233.127
2617 93
2616 89
2619 101
2618 97
2621 109
2620 105
2623 117
2622 113
2609 61
2612 73
2614 81
2601 29
2600 25
2603 37
2602 33
2605 45
2604 41
2597 13
2599 21
2598 17
2649 319.567
2650 315.567
2651 249.127
2655 233.127
2654 237.127
2625 125
2627 133
2626 129
2629 141
2628 137
2630 145
2681 12
2685 21
2684 17
2687 29
2686 25
2673 40
2674 36
2672 44
2677 24
2676 28
2679 16
2678 20
2671 48
2670 52
2657 233.127
2659 96
2661 88
2662 84
2663 80
2664 76
2665 72
2579 68
2580 64
2581 60
2660 92
2713 149
2712 145
2711 141
2705 117
2704 113
2706 121
2709 133
2708 129
2710 137
2699 93
2701 101
2700 97
2703 109
2702 105
2689 37
2688 33
2691 45
2690 41
2692 49
2694 57
2745 237.127
2747 100
2748 96
2749 92
2750 88
2751 84
2752 80
2753 76
2754 72
2755 68
2756 64
2746 237.127
2741 245.127
2743 237.127
2742 241.127
2733 324.567
2777 37
2776 33
2779 45
2778 41
2781 53
2780 49
2769 16
2770 16
2773 21
2775 29
2774 25
2765 28
2764 32
2767 20
2766 24
2792 125
2791 121
2790 117
2789 113
2788 109
2795 137
2797 145
2796 141
2799 153
2798 149
2785 97
2784 93
2787 105
2786 101
2840 84
2835 104
2836 100
2837 96
2838 92
2839 88
2827 257.127
2828 253.127
2829 249.127
2830 245.127
2831 241.127
2822 308.567
2915 304.567
3017 300.567
3018 296.567
2873 98
2872 97
2875 106
2874 102
2877 114
2876 110
2879 122
2878 118
2865 38
2864 34
2867 46
2866 42
2869 54
2868 50
2871 62
2870 58
2857 20
2858 20
2860 21
2863 30
2862 26
2850 44
2855 24
2854 28
2909 327.567
2910 323.567
2911 319.567
3014 312.567
3015 308.567
3016 304.567
2888 158
2881 130
2880 126
2882 134
2885 146
2884 142
2887 154
2886 150
2928 245.127
2933 113
2834 106
2932 117
2935 108
2936 104
2937 100
2938 96
2921 275.584
2922 271.584
2925 257.127
2924 261.127
2927 249.127
2926 253.127
2913 312.567
2914 308.567
2912 316.567
2969 54
2968 50
2971 62
2970 58
2973 101
2975 106
2974 102
2961 25
2963 30
2965 38
2964 34
2967 46
2966 42
2952 40
2852 36
2955 28
2956 24
2959 24
2958 24
2946 64
2947 60
2948 56
2848 52
2849 48
2985 146
2987 154
2986 150
2989 162
2988 158
2977 114
2976 110
2979 122
2978 118
2981 130
2980 126
2983 138
2982 134
3033 249.127
3035 121
3036 117
3034 125
2931 121
3039 108
3027 261.127
3028 257.127
3029 253.127
3030 249.127
3026 265.127
3013 330.567
3012 334.567
3065 62
3064 58
3067 104.999
3066 104.999
3069 106
3068 105
3071 114
3070 110
3056 29
3059 38
3058 34
3061 46
3060 42
3063 54
3062 50
3049 32
3050 28
3053 28
3052 28
3054 28
3040 104
3081 154
3080 150
3083 162
3082 158
3084 166
3073 122
3072 118
3075 130
3074 126
3077 138
3076 134
3078 142
3121 257.127
3120 261.127
3127 118
3037 114
2934 110
3119 265.127
3118 269.127
3109 303.127
3110 299.127
3108 307.127
3161 108.999
3160 107
3159 103
3158 99
3157 95
3163 110
3162 109
3165 118
3164 114
3167 126
3166 122
3152 46
3155 58
3154 54
3153 50
3156 62
3145 32
3144 32
3146 32
3148 33
3151 42
3150 38
3141 32
3140 36
3143 32
3177 166
3176 162
3178 170
3169 134
3168 130
3171 142
3170 138
3172 146
3175 158
3231 36
3219 122
3218 125
3126 121
3220 120
3128 116
3129 112
3209 283.127
3208 287.127
3211 275.127
3210 279.127
3213 269.127
3212 273.127
3203 307.127
3204 303.127
3207 291.127
3206 295.127
3257 115
3256 114
3259 123
3258 119
3261 131
3260 127
3263 139
3262 135
3251 97
3250 93
3253 105
3252 101
3255 113
3254 109
3241 43
3245 59
3244 55
3246 63
3233 36
3239 38
3272 175
3275 187
3181 182
3180 178
3179 174
3085 170
2990 166
2889 162
2800 157
2714 153
2631 149
2545 144
3265 147
3264 143
3267 155
3266 151
3269 163
3271 171
3270 167
3325 40
3305 283.127
3306 279.127
3304 287.127
3307 277.127
3308 273.127
3309 269.127
3310 265.127
3311 261.127
3216 257.127
3122 253.127
3298 315.127
3303 291.127
3353 127
3352 123
3355 135
3354 131
3357 143
3356 139
3359 151
3358 147
3345 98
3344 94
3343 90
3342 86
3341 82
3346 102
3349 114
3348 110
3347 106
3351 119
3350 118
3339 67
3338 63
3332 42
3361 159
3360 155
3363 167
3365 175
3364 171
3416 46
3419 55
3418 51
3420 59
3408 112
3401 283.127
3402 281.127
3405 269.127
3404 273.127
3399 291.127
3400 287.127
3449 175
3448 171
3450 179
3453 191
3452 187
3367 183
3366 179
3441 143
3440 139
3439 135
3443 151
3442 147
3445 159
3444 155
3446 163
3433 111
3432 107
3431 103
3430 99
3429 95
3428 91
3427 87
3426 83
3425 79
3435 119
3434 115
3437 127
3436 123
3438 131
3481 311.127
3482 307.127
3483 303.127
3397 299.127
3398 295.127
3485 295.127
3486 291.127
3487 285.127
3477 325.126
3513 92
3512 88
3515 100
3514 96
3517 108
3516 104
3519 116
3518 112
3505 60
3504 56
3507 68
3506 64
3509 76
3508 72
3510 80
3501 50
3502 51
3492 278.127
3491 274.127
3529 156
3528 152
3531 164
3530 160
3532 168
3535 180
3534 176
3521 124
3520 120
3523 132
3522 128
3525 140
3524 136
3527 148
3526 144
3579 254.029
3581 254.029
3561 282
3475 277
3390 272
3296 267
3202 262
3564 307.127
3609 136
3608 132
3607 128
3611 144
3610 140
3613 152
3612 148
3615 160
3614 156
3601 104
3600 100
3599 96
3598 92
3597 88
3511 84
3603 112
3602 108
3605 120
3604 116
3606 124
3593 72
3592 68
3591 64
3590 60
3595 80
3594 76
3596 84
3588 55
3624 196
3623 192
3537 188
3451 183
3617 168
3616 164
3618 172
3620 180
3672 59
3675 68
3674 64
3677 76
3676 72
3679 84
3678 80
3671 58
3587 54
3651 299.127
3567 295.127
3705 188
3621 184
3704 184
3707 196
3697 156
3696 152
3695 148
3699 164
3698 160
3701 172
3700 168
3702 176
3689 124
3688 120
3691 132
3690 128
3693 140
3692 136
3694 144
3681 92
3680 88
3683 100
3682 96
3685 108
3684 104
3687 116
3686 112
3741 279.004
3827 275.004
3916 271.004
4005 267.004
4095 262.004
3742 279.135
3730 315.127
3731 311.127
3649 307.127
3565 303.127
3484 299.127
3733 303.127
3734 303.127
3652 299.127
3769 97
3768 93
3771 105
3770 101
3773 113
3772 109
3775 121
3774 117
3760 64
3763 73
3762 69
3765 81
3764 77
3767 89
3766 85
3753 124
3667 120
3583 116
3499 112
3411 108
3320 104
3226 100
3134 96
3044 92
3752 124
3666 120
3498 112
3410 108
3759 63
3746 246.004
3748 242.004
3836 238.004
3751 124
3793 193
3792 189
3795 201
3796 205
3708 200
3785 161
3784 157
3787 169
3786 165
3789 177
3788 173
3790 181
3777 129
3776 125
3779 137
3778 133
3781 145
3780 141
3783 153
3782 149
3833 280.004
3921 276.004
4009 272.004
4008 268.004
3834 284.004
3837 238.004
3926 234.004
3838 130
3825 283.004
3914 279.004
3915 275.004
3826 279.004
3828 278.324
3819 311.127
3732 307.127
3821 297.127
3735 293.127
3736 289.127
3737 285.127
3655 281.127
3570 277.127
3490 273.127
3865 133
3864 129
3863 125
3862 121
3867 141
3866 137
3869 149
3868 145
3871 157
3870 153
3857 101
3856 97
3859 109
3858 105
3861 117
3860 113
3848 68
3851 77
3850 73
3853 85
3852 81
3855 93
3854 89
3841 128
3840 128
3889 229
3801 225
3713 220
3629 216
3543 212
3457 207
3372 203
3278 199
3184 194
3090 190
3089 186
3088 182
2993 178
2892 174
2803 169
2802 165
2716 161
2633 157
2547 152
2546 148
3883 205
3882 201
3885 213
3797 209
3709 204
3625 200
3884 209
3887 221
3886 217
3873 165
3872 161
3875 173
3874 169
3877 181
3876 177
3878 185
3929 132
3930 132
3932 72.387
3923 284.004
4011 280.004
4010 276.004
3922 280.004
3924 235.004
4013 231.004
3904 319.004
3905 315.004
3994 311.004
4084 306.004
4085 302.004
3907 307.004
3996 303.004
4086 298.004
4176 294.004
4177 290.004
4270 286.004
3909 299.004
3910 295.004
3999 291.004
4089 286.004
4090 282.004
4180 278.004
4273 274.004
3961 165
3960 161
3963 173
3962 169
3965 181
3964 177
3967 189
3966 185
3953 133
3952 129
3951 125
3950 121
3949 117
3955 141
3954 137
3957 149
3956 145
3959 157
3958 153
3945 101
3944 97
3943 93
3942 89
3947 109
3946 105
3948 113
3992 319.004
4082 314.004
4083 310.004
3977 229
3888 225
3800 221
3712 216
3711 212
3627 208
3541 204
3455 199
3454 195
3976 225
3975 221
3974 217
3979 237
3890 233
3978 233
3969 197
3968 193
3971 205
3973 213
3972 209
4024 73
3934 69
4031 89
3941 85
4017 136
4019 136
4018 136
4023 73
3933 69
4001 283.004
4091 278.004
4181 274.004
4274 270.004
4000 287.004
4003 275.004
4093 270.004
4183 266.004
4276 262.004
4004 271.004
4094 266.004
4006 266.004
4057 193
4056 189
4059 201
4058 197
4063 217
4062 213
4049 161
4048 157
4047 153
4046 149
4045 145
4044 141
4051 169
4050 165
4053 177
4052 173
4055 185
4054 181
4041 129
4040 125
4039 121
4043 137
4042 133
4033 97
4032 93
4034 101
4037 113
4038 117
4065 225
4064 221
4067 233
4066 229
4069 241
4068 237
4071 249
4070 245
3980 241
3891 237
3803 233
3715 228
3714 224
3630 220
3544 216
3458 211
4121 94
4123 102
4122 98
4112 77
4106 140
4108 140
4111 77
4022 73
4097 250.004
4188 246.004
4281 242.004
4101 230.004
4153 222
4152 218
4155 230
4154 226
4157 238
4156 234
4159 246
4158 242
4145 190
4144 186
4149 206
4148 202
4150 210
4137 158
4136 154
4139 166
4138 162
4141 174
4140 170
4143 182
4142 178
4131 134
4130 130
4133 142
4132 138
4135 150
4134 146
4184 262.004
4187 250.004
4280 246.004
4186 254.004
4279 250.004
4189 242.004
4282 238.004
4190 238.004
4283 234.004
4161 254
4160 250
4162 258
4072 253
4216 106
4215 102
4214 98
4203 81
4195 146
4198 144
4107 140
4249 238
4248 234
4247 230
4251 246
4250 242
4253 254
4252 250
4255 262
4254 258
4241 206
4240 202
4239 198
4146 194
4243 214
4242 210
4233 174
4232 170
4231 166
4230 162
4235 182
4234 178
4237 190
4236 186
4224 138
4227 150
4226 146
4225 142
4229 158
4228 154
4272 278.004
4275 266.004
4277 258.004
4265 314.004
4266 310.004
4264 318.004
4256 266
4163 262
4073 257
4263 322.004
4262 290
4169 286
4079 281
4078 277
4077 273
3987 269
3898 265
3897 261
3896 257
3808 253
3720 248
3719 244
3635 240
3549 236
3463 231
3378 227
3284 223
3190 218
3096 214
3001 210
2900 206
2811 201
2725 197
2724 193
2641 189
2555 184
4317 146
4316 142
4319 154
4318 150
4305 98
4304 94
4290 148
4295 85
4294 85
4345 258
4344 254
4347 266
4346 262
4348 270
4337 226
4336 222
4339 234
4341 242
4340 238
4343 250
4342 246
4329 194
4328 190
4333 210
4332 206
4335 218
4334 214
4320 158
4323 170
4322 166
4321 162
4325 178
4324 174
4327 186
4326 182
4355 320.004
4354 324.004
4357 297.004
4409 151
4408 147
4411 159
4410 155
4413 167
4412 163
4415 175
4414 171
4394 94
4302 89
4210 85
4117 81
4027 76
3937 72
4387 89
4296 85
4205 81
4388 89
4297 85
4441 279
4349 274
4440 275
4442 283
4350 278
4445 324.004
4444 291
4352 286
4260 282
4259 278
4258 274
4257 270
4447 297.004
4433 247
4432 243
4435 255
4434 251
4437 263
4436 259
4438 267
4429 231
4431 239
4417 183
4416 179
4419 191
4418 187
4421 199
4420 195
4465 218.004
4553 214.004
4639 210.004
4640 206.004
4641 202.004
4642 198.004
4464 222.004
4459 242.004
4460 238.004
4461 234.004
4462 230.004
4550 226.004
4551 222.004
4552 218.004
4463 226.004
4449 282.004
4450 278.004
4538 274.004
4539 270.004
4540 266.004
4626 262.004
4627 258.004
4628 254.004
4629 250.004
4630 246.004
4631 242.004
4632 238.004
4633 234.004
4634 230.004
4635 226.004
4636 222.004
4637 218.004
4638 214.004
4448 286.004
4451 274.004
4453 266.004
4454 262.004
4455 258.004
4543 254.004
4452 270.004
4505 183
4504 179
4503 175
4507 191
4506 187
4508 195
4497 151
4499 159
4498 155
4501 167
4500 163
4502 171
4488 115
4487 111
4486 107
4485 103
4396 99
4537 278.004
4536 282.004
4622 278.004
4623 274.004
4624 270.004
4625 266.004
4541 262.004
4529 279
4528 275
4439 271
4531 287
4530 283
4533 328.004
4532 291
4534 332.004
4521 247
4520 243
4523 255
4522 251
4525 263
4524 259
4527 271
4526 267
4570 102
4483 98
4573 111
4572 107
4575 119
4554 210.004
4555 206.004
4546 242.004
4549 230.004
4548 234.004
4593 191
4592 187
4595 199
4594 195
4596 203
4587 167
4589 175
4588 171
4591 183
4590 179
4576 123
4617 287
4619 332.004
4618 291
4621 282.004
4609 255
4611 263
4610 259
4613 271
4612 267
4615 279
4614 275
4659 115
4658 111
4660 119
4697 267
4696 263
4699 275
4698 271
4701 283
4700 279
4702 287
4681 203
4680 199
4683 211
4597 207
4682 207
4684 215
4598 211
4674 175
4677 187
4676 183
4675 179
4679 195
4678 191
4721 210.004
4722 206.004
4723 202.004
4724 198.004
4725 194.004
4720 214.004
4713 242.004
4714 238.004
4715 234.004
4716 230.004
4717 226.004
4718 222.004
4719 218.004
4705 274.004
4706 270.004
4707 266.004
4708 262.004
4709 258.004
4710 254.004
4711 250.004
4712 246.004
4704 278.004
4763 180
4765 188
4767 196
4766 192
4747 116
4749 124
4748 120
4750 128
4661 123
4793 272.968
4794 268.968
4795 264.968
4796 260.968
4792 276.968
4785 268
4787 276
4786 272
4789 284
4788 280
4791 292
4790 288
4769 204
4768 200
4771 212
4772 216
4816 181.968
4815 185.968
4860 224
4859 220
4858 216
4863 236
4776 232
4687 227
4601 223
4600 219
4513 215
4424 211
4853 196
4852 192
4855 204
4854 200
4843 156
4756 152
4667 147
4666 143
4580 139
4493 135
4404 131
4312 126
4311 122
4219 118
4126 114
4036 109
4835 124
4839 140
4752 136
4663 131
4577 127
4889 232.968
4888 236.968
4891 224.968
4893 216.968
4894 212.968
4895 208.968
4892 220.968
4881 264.968
4880 268.968
4883 256.968
4887 240.968
4873 276
4872 272
4871 268
4784 264
4695 259
4875 284
4874 280
4877 292
4876 288
4879 272.968
4878 276.968
4865 244
4778 240
4689 235
4603 231
4516 227
4515 223
4426 219
4864 240
4897 200.968
4898 196.968
4896 204.968
4901 185.968
4900 189.968
4957 276
4956 272
4959 284
4958 280
4945 228
4947 236
4862 232
4861 228
4946 232
4949 244
4948 240
4950 248
4937 196
4936 192
4935 188
4934 184
4933 180
4848 176
4761 172
4672 167
4671 163
4585 159
4939 204
4938 200
4940 208
4942 216
4941 212
4856 208
4985 189.968
4984 193.968
4977 220.968
4978 216.968
4979 212.968
4980 208.968
4981 204.968
4982 200.968
4968 256.968
4884 252.968
4885 248.968
4973 236.968
4974 232.968
4975 228.968
4972 240.968
4961 292
4960 288
4963 276.968
4962 280.968
4964 272.968
4967 260.968
5020 197
5022 205
5011 161
4927 156
4926 152
4925 148
4924 144
5015 177
4931 172
4930 168
4929 164
4844 160
5051 260.968
5050 264.968
5053 252.968
5054 248.968
5055 244.968
5056 240.968
5052 256.968
4969 252.968
5041 281
5040 277
5043 289
5042 285
5045 284.968
5044 293
5033 249
5032 245
5027 225
4943 220
5026 221
5031 241
5030 237
5065 204.968
5064 208.968
5057 236.968
5059 228.968
4976 224.968
5061 220.968
5060 224.968
5063 212.968
5062 216.968
5113 245
5112 241
5111 237
5029 233
5101 197
5100 193
5018 189
5102 201
5093 165
5094 169
5012 165
4928 160
5145 212.968
5144 216.968
5137 244.968
5136 248.968
5139 236.968
5140 232.968
5141 228.968
5138 240.968
5143 220.968
5142 224.968
5131 268.968
5130 272.968
5133 260.968
5134 256.968
5135 252.968
5132 264.968
5125 293
5124 289
5127 284.968
5126 297
5176 181
5096 177
5095 173
5013 169
5175 177
5209 276.968
5210 272.968
5208 280.968
5211 268.968
5212 264.968
5213 260.968
5214 256.968
5205 297
5204 293
5193 249
5192 245
5191 241
5190 237
5189 233
5109 229
5108 225
5107 221
5106 217
5024 213
5194 253
5224 216.968
5217 244.968
5216 248.968
5219 236.968
5218 240.968
5221 228.968
5220 232.968
5223 220.968
5222 224.968
5275 250
5274 246
5276 254
5305 244.968
5304 248.968
5307 236.968
5308 232.968
5306 240.968
5309 228.968
5310 224.968
5311 220.968
5296 280.968
5297 276.968
5301 260.968
5303 252.968
5302 256.968
5215 252.968
5295 284.968
5294 288.968
5287 298
5361 246
5273 242
5401 228.968
5400 232.968
5402 224.968
5393 260.968
5394 256.968
5395 252.968
5392 264.968
5397 244.968
5398 240.968
5396 248.968
5399 236.968
5386 288.968
5387 284.968
5465 298
5373 294
5285 290
5202 285
5489 240.968
5488 244.968
5483 264.968
5484 260.968
5485 256.968
5487 248.968
5486 252.968
5472 307.968
5567 272.968
5568 268.968
5566 276.968
5481 272.968
5482 268.968
5554 323.968
5469 319.968
5585 221.968
5661 217.968
5584 213.968
5499 209.968
5408 205.968
5577 232.968
5576 236.968
5580 221.968
5495 217.968
5405 213.968
5406 209.968
5315 205.968
5228 201.968
5569 264.968
5571 256.968
5572 252.968
5570 260.968
5573 248.968
5574 244.968
5626 299
5549 294
5463 290
5462 286
5370 282
5282 278
5199 273
5198 269
5118 265
5036 261
4952 256
4951 252
4866 248
4779 244
4690 239
5657 221.968
5581 217.968
5656 225.968
5659 217.968
5660 217.968
5662 217.968
5500 209.968
5409 205.968
5317 201.968
5648 256.968
5652 240.968
5653 236.968
5643 276.968
5644 272.968
5645 268.968
5647 260.968
5646 264.968
5695 259
5615 255
5538 250
5452 246
5360 242
5272 238
5736 225.968
5739 221.968
5738 221.968
5740 221.968
5729 252.968
5730 248.968
5733 236.968
5735 229.968
5789 316.968
5790 312.968
5715 308.968
5716 304.968
5717 300.968
5718 296.968
5719 292.968
5720 288.968
5721 284.968
5642 280.968
5808 240.968
5811 229.968
5810 233.968
5813 225.968
5815 225.968
5814 225.968
5801 268.968
5800 272.968
5803 260.968
5805 252.968
5804 256.968
5806 248.968
5807 244.968
5881 248.968
5880 252.968
5882 244.968
5885 233.968
5884 237.968
5887 229.968
5872 284.968
5875 272.968
5874 276.968
5877 264.968
5879 256.968
5878 260.968
5864 316.968
5863 320.968
5862 323.968
5889 229.968
5888 229.968
5947 284.968
5951 264.968
5952 260.968
5950 268.968
5939 316.968
5865 312.968
5791 308.968
5961 233.968
5960 233.968
5962 233.968
5953 256.968
5955 248.968
5954 252.968
5957 241.968
5958 237.968
6001 609.924
6082 604.924
6083 600.924
6159 596.924
6234 592.924
6309 587.924
6310 583.924
6311 579.924
6312 575.924
6000 304
5927 300
5926 296
5925 292
5851 288
5776 283
5700 279
5699 275
5619 271
5542 266
5541 262
5455 258
5363 254
6003 601.924
6084 596.924
6160 592.924
6235 588.924
6002 605.924
6004 597.924
6085 592.924
6161 588.924
6236 584.924
6041 237.968
6032 264.968
6037 245.968
6038 241.968
6027 284.968
6031 268.968
6030 272.968
6016 328.968
5937 324.968
6109 280.968
6111 272.968
6110 276.968
6081 608.924
6157 604.924
6232 600.924
6307 595.924
6308 591.924
6121 241.968
6122 241.968
6042 237.968
6112 268.968
6115 256.968
6114 260.968
6117 249.968
6118 245.968
6162 584.924
6237 580.924
6155 305
6079 300
5998 296
6156 608.924
6231 604.924
6306 599.924
6158 600.924
6233 596.924
6192 260.968
6195 249.968
6194 253.968
6198 245.968
6187 280.968
6186 284.968
6188 276.968
6191 264.968
6230 305
6229 301
6153 297
6077 292
6076 288
5995 284
5922 280
5848 276
5773 271
5697 267
5617 263
5540 258
5454 254
5362 250
6265 268.968
6266 264.968
6264 272.968
6269 253.968
6268 257.968
6271 249.968
6247 340.968
6248 336.968
6249 332.968
6250 328.968
6251 324.968
6252 320.968
6253 316.968
6179 312.968
6180 308.968
6103 304.968
6023 300.968
6024 296.968
5945 292.968
5871 288.968
6318 367.968
6305 603.924
6345 261.968
6346 257.968
6348 253.968
6351 253.968
6274 249.968
6199 245.968
6339 284.968
6341 276.968
6340 280.968
6343 268.968
6342 272.968
6393 556.924
6394 552.924
6392 560.924
6385 588.924
6386 584.924
6387 580.924
6388 576.924
6389 572.924
6390 568.924
6391 564.924
6384 592.924
6381 604.924
6382 600.924
6383 596.924
6380 306
6303 301
6302 297
6227 293
6151 289
6075 284
6074 280
5993 276
5992 272
5919 268
5845 264
5770 259
5694 255
5614 251
5537 246
5536 242
5535 238
5449 234
5357 230
5269 226
5186 221
6424 261.968
6426 257.968
6417 288.968
6418 284.968
6419 280.968
6420 276.968
6421 272.968
6423 265.968
6409 320.968
6411 312.968
6412 308.968
6413 304.968
6335 300.968
6258 296.968
6259 292.968
6185 288.968
6415 296.968
6337 292.968
6401 351.968
6323 347.968
6246 343.968
6172 339.968
6095 335.968
6015 331.968
5936 327.968
6459 601.924
6540 597.924
6620 592.924
6698 588.924
6774 584.924
6847 579.924
6919 575.924
6920 571.924
6996 567.924
7067 562.924
7068 558.924
7069 554.924
7138 550.924
7139 546.924
7204 542.924
7205 538.924
7206 534.924
7207 530.924
7208 526.924
7275 522.924
7343 517.924
7412 513.924
7413 509.924
6458 605.924
6539 601.924
6619 596.924
6461 593.924
6542 589.924
6622 584.924
6623 580.924
6701 576.924
6777 572.924
6850 567.924
6851 563.924
6923 559.924
6999 555.924
7070 550.924
7071 546.924
7072 542.924
7141 538.924
7142 534.924
6460 597.924
6541 593.924
6621 588.924
6463 585.924
6544 581.924
6624 576.924
6625 572.924
6626 568.924
6627 564.924
6628 560.924
6629 556.924
6630 552.924
6708 548.924
6709 544.924
6710 540.924
6711 536.924
6787 532.924
6860 527.924
6861 523.924
6933 519.924
6934 515.924
6935 511.924
7011 507.924
7082 502.924
7151 498.924
7216 494.924
6462 589.924
6543 585.924
6483 355.968
6484 352.968
6402 348.968
6324 344.968
6473 545.924
6472 549.924
6553 545.924
6633 540.924
6634 536.924
6635 532.924
6477 532.924
6558 528.924
6638 523.924
6716 519.924
6792 515.924
6865 510.924
6937 506.924
7013 502.924
6476 533.924
6557 529.924
6637 524.924
6478 531.924
6559 527.924
6639 522.924
6717 518.924
6793 514.924
6866 509.924
6938 505.924
6465 577.924
6466 573.924
6467 569.924
6468 565.924
6469 561.924
6470 557.924
6551 553.924
6631 548.924
6464 581.924
6545 577.924
6471 553.924
6552 549.924
6632 544.924
6505 269.968
6506 265.968
6508 261.968
6497 300.968
6499 292.968
6500 288.968
6501 284.968
6502 280.968
6555 537.924
6554 541.924
6547 569.924
6546 573.924
6549 561.924
6548 565.924
6550 557.924
6585 280.968
6584 284.968
6587 273.968
6588 269.968
6591 265.968
6590 265.968
6581 296.968
6583 288.968
6582 292.968
6575 320.968
6576 316.968
6494 312.968
6560 526.924
6640 521.924
6718 517.924
6565 359.968
6566 356.968
6567 352.968
6568 348.968
6486 344.968
6404 340.968
6326 336.968
6618 600.924
6651 336.968
6652 332.968
6644 363.968
6664 284.968
6667 273.968
6666 277.968
6659 304.968
6661 296.968
6660 300.968
6663 288.968
6662 292.968
6705 560.924
6781 556.924
6854 551.924
6926 547.924
6927 543.924
6928 539.924
7004 535.924
7075 530.924
7076 526.924
7077 522.924
7078 518.924
7079 514.924
7080 510.924
7149 506.924
7150 502.924
6704 564.924
6780 560.924
6853 555.924
6925 551.924
6707 552.924
6706 556.924
6782 552.924
6855 547.924
6856 543.924
6857 539.924
6929 535.924
6930 531.924
6931 527.924
6932 523.924
6697 592.924
6773 588.924
6846 583.924
6918 579.924
6696 596.924
6699 584.924
6775 580.924
6848 575.924
6700 580.924
6776 576.924
6849 571.924
6703 568.924
6779 564.924
6852 559.924
6924 555.924
6702 572.924
6695 600.924
6745 277.968
6746 273.968
6744 281.968
6737 308.968
6739 300.968
6738 304.968
6741 292.968
6740 296.968
6742 288.968
6733 324.968
6655 320.968
6723 364.968
6724 360.968
6725 356.968
6647 352.968
6648 348.968
6778 568.924
6783 548.924
6771 596.924
6844 591.924
6845 587.924
6770 311
6694 307
6616 302
6536 298
6454 294
6453 290
6375 286
6298 281
6223 277
6147 273
6071 268
6070 264
5989 260
5916 256
5842 252
5767 247
5691 243
5611 239
5534 234
5448 230
5356 226
5268 222
5185 217
5105 213
5104 209
6772 592.924
6809 324.968
6811 316.968
6813 308.968
6814 304.968
6812 312.968
6815 300.968
6798 368.968
6785 540.924
6858 535.924
6784 544.924
6786 536.924
6859 531.924
6789 524.924
6862 519.924
6788 528.924
6790 520.924
6863 515.924
6843 595.924
6817 292.968
6816 296.968
6819 285.968
6821 277.968
6822 277.968
6879 332.968
6808 328.968
6869 372.968
6870 368.968
6871 364.968
6910 654.924
6888 296.968
6890 289.968
6892 281.968
6880 328.968
6883 316.968
6884 312.968
6882 320.968
6885 308.968
6887 300.968
6886 304.968
6941 372.968
6940 376.968
6921 567.924
6922 563.924
6998 559.924
6915 591.924
6916 587.924
6992 583.924
7063 578.924
7064 574.924
7065 570.924
7066 566.924
6914 595.924
6990 591.924
7061 586.924
7062 582.924
6917 583.924
6993 579.924
6953 320.968
6952 324.968
6954 316.968
6955 312.968
6957 304.968
6956 308.968
6958 300.968
6949 336.968
6950 332.968
7001 547.924
7000 551.924
7002 543.924
7073 538.924
7074 534.924
7143 530.924
7005 531.924
7007 523.924
7006 527.924
6995 571.924
6994 575.924
6997 563.924
6985 619.924
7054 614.924
7123 610.924
7124 606.924
7125 602.924
7190 598.924
7257 594.924
6984 623.924
7053 618.924
6987 611.924
7056 606.924
7057 602.924
7058 598.924
7127 594.924
7192 590.924
7259 586.924
7327 581.924
7328 577.924
7397 573.924
6986 615.924
7055 610.924
6989 595.924
7060 590.924
6988 607.924
6991 587.924
6977 651.924
7046 646.924
7047 642.924
7048 638.924
7117 634.924
7118 630.924
7119 626.924
7184 622.924
7251 618.924
7319 613.924
7320 609.924
7389 605.924
7455 601.924
7456 597.924
7457 593.924
7458 589.924
7459 585.924
6976 655.924
7045 650.924
6979 643.924
6978 647.924
6981 635.924
7050 630.924
6980 639.924
7049 634.924
6983 627.924
7052 622.924
7032 304.968
7034 297.968
7035 293.968
6961 289.968
6891 285.968
6820 281.968
7027 324.968
7028 320.968
7029 316.968
7026 328.968
7031 308.968
7030 312.968
7017 376.968
7016 380.968
7018 372.968
7009 515.924
7008 519.924
7010 511.924
7081 506.924
7059 594.924
7044 654.924
7097 332.968
7098 328.968
7096 336.968
7099 324.968
7101 316.968
7102 312.968
7100 320.968
7103 308.968
7095 340.968
7094 344.968
7085 387.968
7015 383.968
6939 379.968
6868 375.968
6797 371.968
6722 367.968
7087 380.968
7086 384.968
7129 586.924
7194 582.924
7261 578.924
7329 573.924
7330 569.924
7331 565.924
7400 561.924
7401 557.924
7128 590.924
7193 586.924
7131 578.924
7196 574.924
7263 570.924
7130 582.924
7133 570.924
7198 566.924
7199 562.924
7266 558.924
7334 553.924
7335 549.924
7404 545.924
7405 541.924
7406 537.924
7132 574.924
7135 562.924
7136 558.924
7201 554.924
7268 550.924
7336 545.924
7134 566.924
7121 618.924
7122 614.924
7126 598.924
7113 650.924
7114 646.924
7179 642.924
7246 638.924
7314 633.924
7383 629.924
7449 625.924
7450 621.924
7451 617.924
7452 613.924
7453 609.924
7454 605.924
7112 654.924
7115 642.924
7116 638.924
7181 634.924
7248 630.924
7316 625.924
7317 621.924
7386 617.924
7387 613.924
7388 609.924
7105 301.968
7162 364.968
7165 344.968
7164 348.968
7167 336.968
7166 340.968
7155 388.968
7156 384.968
7159 376.968
7160 372.968
7226 368.968
7158 376.968
7145 522.924
7210 518.924
7277 514.924
7345 509.924
7346 505.924
7347 501.924
7348 497.924
7349 493.924
7418 489.924
7419 485.924
7144 526.924
7209 522.924
7147 514.924
7148 510.924
7146 518.924
7137 554.924
7140 542.924
7195 578.924
7262 574.924
7197 570.924
7264 566.924
7332 561.924
7333 557.924
7187 610.924
7254 606.924
7189 602.924
7188 606.924
7255 602.924
7191 594.924
7177 650.924
7244 646.924
7312 641.924
7313 637.924
7382 633.924
7176 301.968
7106 297.968
7178 646.924
7180 638.924
7183 626.924
7182 630.924
7249 626.924
7169 328.968
7168 332.968
7171 320.968
7172 316.968
7170 324.968
7173 312.968
7175 305.968
7224 376.968
7225 372.968
7231 348.968
7230 352.968
7219 395.968
7154 391.968
7221 388.968
7220 392.968
7223 380.968
7211 514.924
7278 510.924
7213 506.924
7280 502.924
7212 510.924
7215 498.924
7282 494.924
7350 489.924
7351 485.924
7420 481.924
7214 502.924
7200 558.924
7267 554.924
7203 546.924
7270 542.924
7338 537.924
7339 533.924
7340 529.924
7341 525.924
7410 521.924
7202 550.924
7269 546.924
7337 541.924
7256 598.924
7258 590.924
7326 585.924
7260 582.924
7250 622.924
7318 617.924
7252 614.924
7241 309.968
7242 305.968
7243 650.924
7311 645.924
7380 641.924
7446 637.924
7447 633.924
7448 629.924
7245 642.924
7247 634.924
7315 629.924
7233 340.968
7232 344.968
7235 332.968
7236 328.968
7237 324.968
7234 336.968
7238 320.968
7239 316.968
7289 384.968
7290 380.968
7291 376.968
7292 372.968
7295 360.968
7296 356.968
7297 352.968
7298 348.968
7299 344.968
7300 340.968
7301 336.968
7294 364.968
7281 498.924
7283 490.924
7273 530.924
7272 534.924
7274 526.924
7342 521.924
7276 518.924
7344 513.924
7279 506.924
7265 562.924
7271 538.924
7305 320.968
7304 324.968
7307 313.968
7310 649.924
7379 645.924
7303 328.968
7302 332.968
7353 480.968
7555 468.968
7355 400.968
7357 392.968
7356 396.968
7359 384.968
7358 388.968
7376 317.968
7369 344.968
7368 348.968
7371 336.968
7372 332.968
7370 340.968
7373 328.968
7361 376.968
7360 380.968
7363 368.968
7364 364.968
7365 360.968
7367 352.968
7366 356.968
7417 493.924
7416 497.924
7423 404.968
7424 400.968
7422 406.968
7409 525.924
7408 529.924
7411 517.924
7415 501.924
7414 505.924
7403 549.924
7402 553.924
7407 533.924
7395 581.924
7396 577.924
7399 565.924
7398 569.924
7441 332.968
7442 328.968
7440 336.968
7433 364.968
7432 368.968
7435 356.968
7436 352.968
7437 348.968
7434 360.968
7439 340.968
7438 344.968
7425 396.968
7427 388.968
7428 384.968
7426 392.968
7429 380.968
7431 372.968
7513 636.968
7514 632.968
7515 628.968
7516 624.968
7517 620.968
7518 616.968
7519 612.968
7520 608.968
7521 604.968
7522 600.968
7523 596.968
7524 592.968
7525 588.968
7526 584.968
7527 580.968
7528 576.968
7529 572.968
7530 568.968
7531 564.968
7532 560.968
7533 556.968
7534 552.968
7535 548.968
7536 544.968
7537 540.968
7538 536.968
7539 532.968
7540 528.968
7541 524.968
7542 520.968
7543 516.968
7544 512.968
7545 508.968
7546 504.968
7547 500.968
7548 496.968
7549 492.968
7550 488.968
7551 484.968
7552 480.968
7553 476.968
7554 472.968
7505 344.968
7504 348.968
7507 336.968
7506 340.968
7497 376.968
7499 368.968
7498 372.968
7501 360.968
7502 356.968
7503 352.968
7489 408.968
7490 404.968
7491 400.968
7492 396.968
7493 392.968
7494 388.968
7579 336.968
7582 645.968
7655 641.968
7656 637.968
7729 633.968
7569 376.968
7568 380.968
7570 372.968
7573 360.968
7572 364.968
7575 352.968
7576 348.968
7577 344.968
7578 340.968
7574 356.968
7561 408.968
7562 404.968
7563 400.968
7564 396.968
7565 392.968
7560 412.968
7567 384.968
7559 414.968
7488 410.968
7609 537.968
7610 533.968
7611 529.968
7684 525.968
7757 521.968
7831 516.968
7608 541.968
7613 521.968
7686 517.968
7687 513.968
7760 509.968
7834 504.968
7612 525.968
7615 513.968
7616 509.968
7617 505.968
7690 501.968
7763 497.968
7837 492.968
7614 517.968
7603 561.968
7604 557.968
7605 553.968
7606 549.968
7607 545.968
7680 541.968
7753 537.968
7827 532.968
7828 528.968
7829 524.968
7592 605.968
7665 601.968
7666 597.968
7667 593.968
7740 589.968
7814 584.968
7641 384.968
7642 380.968
7643 376.968
7644 372.968
7645 368.968
7640 388.968
7647 360.968
7648 356.968
7649 352.968
7646 364.968
7633 416.968
7635 408.968
7634 412.968
7637 400.968
7636 404.968
7638 396.968
7625 473.968
7698 469.968
7771 465.968
7845 460.968
7624 477.968
7697 473.968
7627 465.968
7700 461.968
7701 457.968
7774 453.968
7848 448.968
7626 469.968
7629 457.968
7630 453.968
7703 449.968
7628 461.968
7619 497.968
7692 493.968
7693 489.968
7766 485.968
7840 480.968
7618 501.968
7621 489.968
7622 485.968
7695 481.968
7696 477.968
7620 493.968
7623 481.968
7677 553.968
7678 549.968
7679 545.968
7654 337.091
10081 333.055
7707 412.968
7706 416.968
7709 404.968
7708 408.968
7710 400.968
7699 465.968
7772 461.968
7846 456.968
7702 453.968
7689 505.968
7762 501.968
7836 496.968
7688 509.968
7761 505.968
7835 500.968
7691 497.968
7764 493.968
7838 488.968
7694 485.968
7767 481.968
7841 476.968
7842 472.968
7843 468.968
7844 464.968
7681 537.968
7754 533.968
7683 529.968
7756 525.968
7830 520.968
7682 533.968
7755 529.968
7685 521.968
7758 517.968
7832 512.968
7833 508.968
7720 360.968
7713 388.968
7712 392.968
7715 380.968
7716 376.968
7714 384.968
7717 372.968
7719 364.968
7718 368.968
7769 473.968
7768 477.968
7770 469.968
7773 457.968
7847 452.968
7775 449.968
7849 444.968
7765 489.968
7839 484.968
7752 541.968
7826 536.968
7759 513.968
7751 545.968
7825 540.968
7793 364.968
7794 360.968
7721 356.968
7792 368.968
7785 396.968
7786 392.968
7787 388.968
7788 384.968
7789 380.968
7791 372.968
7790 376.968
7776 445.968
7850 440.968
7779 420.968
7780 416.968
7778 437.968
7781 412.968
7782 408.968
7865 372.968
7864 376.968
7866 368.968
7857 404.968
7859 396.968
7858 400.968
7861 388.968
7860 392.968
7863 380.968
7862 384.968
7929 412.968
7930 408.968
7928 416.968
7931 404.968
7933 396.968
7934 392.968
7935 388.968
7936 384.968
7937 380.968
7938 376.968
7939 372.968
7940 368.968
7941 364.968
7932 400.968
8013 359.968
7944 352.968
8059 427.968
8058 431.968
8061 419.968
8062 415.968
8063 411.968
8035 523.968
8036 519.968
8039 507.968
8072 375.968
8074 368.968
8065 403.968
8067 395.968
8068 391.968
8066 399.968
