 key  value
8122 565.968
8123 561.968
8064 557.968
8065 553.968
8066 549.968
8004 545.968
8005 541.968
8006 537.968
8007 533.968
8008 529.968
8009 525.968
8010 521.968
8011 517.968
7942 510.968
7869 506.968
7796 502.968
7797 498.968
7724 494.968
7725 490.968
7653 486.968
7580 482.968
7509 478.968
7443 474.968
7375 470.968
7306 466.968
7240 462.968
7174 458.968
7104 454.968
7033 450.968
6959 446.968
6889 442.968
6818 438.968
6743 434.968
6665 430.968
6586 426.968
6504 422.968
6422 418.968
6344 414.968
6267 410.968
6193 406.968
6116 402.968
6036 398.968
5956 394.968
5883 390.968
5809 386.968
5734 382.968
5655 378.968
5579 374.968
5494 370.968
5404 366.968
5313 362.968
5226 358.968
5147 354.968
5066 350.968
4983 346.968
4899 342.968
4814 338.968
4727 331.968
4728 327.968
4729 323.968
9898 319.451
4643 314
4557 310
4470 306
4380 302
4289 298
4196 294
4105 290
4016 286
3928 282
3839 278
3750 274
3665 270
3582 266
3497 262
3409 258
3319 254
3225 250
3133 246
3043 242
2940 238
2941 234
2942 230
2943 226
2944 222
2945 218
2946 214
2947 210
2948 206
2949 202
3045 195
3046 191
3138 187
3229 182
3323 175
3324 171
3325 167
3326 163
3327 159
3328 155
3329 151
3330 147
3331 143
3332 139
3416 135
3417 131
3418 127
3419 123
3420 119
3421 115
3422 111
3423 107
3340 100
3248 93
3249 89
3157 83
3158 79
3066 72
3067 68
3068 64
3069 60
3070 56
3071 52
3072 48
3073 44
3074 40
3075 36
3076 32
3077 28
3078 24
3079 20
3080 16
3081 12
3082 8
3083 4
8125 553.968
8126 549.968
8127 545.968
8068 541.968
8069 537.968
8124 557.968
8113 601.968
8114 597.968
8115 593.968
8056 589.968
8057 585.968
8058 581.968
7996 577.968
7997 573.968
7998 569.968
7999 565.968
8000 561.968
8001 557.968
8002 553.968
8003 549.968
8112 605.968
8117 585.968
8116 589.968
8119 577.968
8120 573.968
8121 569.968
8062 565.968
8063 561.968
8118 581.968
8059 577.968
8105 633.968
8106 629.968
8107 625.968
8048 621.968
8049 617.968
8050 613.968
8051 609.968
7989 605.968
7990 601.968
7991 597.968
7992 593.968
7993 589.968
7994 585.968
7995 581.968
8104 637.968
8109 617.968
8108 621.968
8111 609.968
8110 613.968
8097 665.968
8038 661.968
8039 657.968
8040 653.968
8041 649.968
8042 645.968
7980 641.968
7981 637.968
7982 633.968
7983 629.968
7984 625.968
7985 621.968
7986 617.968
7987 613.968
7988 609.968
8096 669.968
8099 657.968
8098 661.968
8101 649.968
8100 653.968
8103 641.968
8102 645.968
8155 665.968
8156 661.968
8157 657.968
8158 653.968
8159 649.968
8160 645.968
8161 641.968
8162 637.968
8163 633.968
8136 741.968
8137 737.968
8138 733.968
8081 729.968
8022 725.968
7960 721.968
7961 717.968
7962 713.968
7963 709.968
7964 705.968
7965 701.968
7966 697.968
7967 693.968
7968 689.968
7969 685.968
7970 681.968
7971 677.968
7972 673.968
7973 669.968
7974 665.968
7975 661.968
7976 657.968
7977 653.968
7978 649.968
7979 645.968
8128 541.968
8129 537.968
8130 533.968
8131 529.968
8132 525.968
8073 521.968
8185 545.968
8186 541.968
8187 537.968
8184 549.968
8177 577.968
8176 581.968
8179 569.968
8180 565.968
8178 573.968
8181 561.968
8183 553.968
8182 557.968
8169 609.968
8170 605.968
8171 601.968
8172 597.968
8168 613.968
8173 593.968
8174 589.968
8175 585.968
8165 625.968
8164 629.968
8167 617.968
8166 621.968
8217 649.968
8218 645.968
8219 641.968
8220 637.968
8221 633.968
8216 653.968
8223 625.968
8222 629.968
8215 657.968
8214 661.968
8241 553.968
8240 557.968
8242 549.968
8233 585.968
8232 589.968
8235 577.968
8236 573.968
8237 569.968
8238 565.968
8234 581.968
8239 561.968
8225 617.968
8226 613.968
8227 609.968
8224 621.968
8229 601.968
8228 605.968
8231 593.968
8230 597.968
8281 609.968
8280 613.968
8283 601.968
8284 597.968
8285 593.968
8286 589.968
8282 605.968
8287 585.968
8273 641.968
8274 637.968
8272 645.968
8275 633.968
8277 625.968
8276 629.968
8279 617.968
8278 621.968
91 362
112 358
113 354
114 350
115 346
116 342
117 338
118 334
135 322
154 315
183 311
221 307
267 302
318 298
374 294
436 289
500 285
571 281
643 276
713 272
790 268
875 263
876 259
877 255
878 251
956 247
957 243
958 239
959 235
1031 231
1101 227
1174 222
1258 218
1342 214
1433 209
1530 205
1624 201
1722 196
1723 192
1814 188
1815 184
1898 180
1987 175
2078 171
2168 167
2169 163
2255 159
2343 154
2344 150
2430 146
2431 142
2516 138
2602 133
2603 129
2604 125
2605 121
2606 117
2607 113
2608 109
2609 105
2610 101
2611 97
2612 93
2613 89
2614 85
2615 81
2616 77
2617 73
2618 69
2619 65
2702 61
2788 57
2877 52
2978 48
8269 657.968
93 354
94 350
95 346
96 342
8268 661.968
92 358
8271 649.968
8270 653.968
8319 657.968
8320 653.968
8318 661.968
8298 541.968
8299 537.968
8246 533.968
8189 529.968
125 362
126 358
127 354
128 350
129 346
130 342
131 338
132 334
133 330
134 326
8289 577.968
8288 581.968
8291 569.968
8290 573.968
8293 561.968
8292 565.968
8294 557.968
8344 557.968
8295 553.968
8349 543.802
9963 541.837
110 366
111 362
8337 585.968
8336 589.968
8339 577.968
8340 573.968
8341 569.968
8342 565.968
8338 581.968
8343 561.968
8329 617.968
8330 613.968
8328 621.968
8331 609.968
8333 601.968
8334 597.968
8335 593.968
8332 605.968
8321 649.968
8322 645.968
145 351
174 347
175 343
176 339
177 335
215 331
261 326
262 322
263 318
264 314
315 310
371 306
433 301
434 297
435 293
144 355
8323 641.968
147 343
146 347
8325 633.968
8326 629.968
8327 625.968
149 335
178 331
179 327
217 323
8324 637.968
148 339
150 331
151 327
180 323
181 319
182 315
8377 621.968
8376 625.968
8379 613.968
8378 617.968
8381 605.968
8382 601.968
8380 609.968
8383 597.968
143 359
8369 653.968
8370 649.968
8368 657.968
8371 645.968
8373 637.968
8372 641.968
8375 629.968
8374 633.968
173 351
172 355
210 351
256 346
257 342
258 338
309 334
365 330
427 325
428 321
492 317
493 313
494 309
565 305
637 300
707 296
784 292
869 287
870 283
871 279
872 275
873 271
951 267
1023 263
1093 259
1166 254
1167 250
1168 246
1252 242
1336 238
1427 233
1524 229
1525 225
1526 221
1527 217
1528 213
1529 209
8393 557.968
8394 553.968
8346 549.968
8297 545.968
8244 541.968
216 327
219 315
265 310
266 306
317 302
373 298
218 319
8385 589.968
8386 585.968
8387 581.968
8388 577.968
8389 573.968
209 355
255 350
8384 593.968
211 347
213 339
259 334
260 330
212 343
8391 565.968
8392 561.968
8390 569.968
214 335
8441 565.968
8440 569.968
8433 597.968
8434 593.968
8435 589.968
8436 585.968
8437 581.968
8438 577.968
8432 601.968
8439 573.968
8425 629.968
8426 625.968
8427 621.968
8428 617.968
8429 613.968
8430 609.968
8431 605.968
8424 633.968
254 354
8419 653.968
8420 649.968
8421 645.968
8422 641.968
8423 637.968
8418 657.968
8473 629.968
8472 633.968
8475 621.968
8474 625.968
8477 613.968
8476 617.968
8479 605.968
8478 609.968
8467 653.968
8468 649.968
8466 657.968
8469 645.968
8471 637.968
8470 641.968
8499 713.968
8453 709.968
8406 705.968
8407 701.968
8408 697.968
8359 693.968
8311 689.968
8262 685.968
8263 681.968
8210 677.968
8211 673.968
8154 669.968
8500 709.968
8501 705.968
8502 701.968
8456 697.968
8457 693.968
8458 689.968
8459 685.968
8460 681.968
8413 677.968
8364 673.968
8365 669.968
8366 665.968
8367 661.968
313 318
369 314
431 309
432 305
312 322
368 318
430 313
314 314
316 306
319 297
375 293
437 288
501 284
572 280
8481 597.968
8482 593.968
8483 589.968
8484 585.968
305 350
361 346
423 341
424 337
425 333
426 329
490 325
561 321
633 316
634 312
704 308
705 304
706 300
8480 601.968
307 342
363 338
306 346
362 342
8485 581.968
308 338
8487 573.968
8488 569.968
311 326
367 322
429 317
8486 577.968
310 330
299 393
355 389
416 384
478 380
479 376
480 372
550 365
622 360
623 356
624 352
625 348
626 344
627 340
628 336
629 332
699 328
700 324
701 320
702 316
703 312
8529 593.968
8530 589.968
8528 597.968
8531 585.968
8532 581.968
8533 577.968
8521 625.968
8520 629.968
8523 617.968
8524 613.968
8525 609.968
8522 621.968
8527 601.968
8526 605.968
8515 649.968
8514 653.968
8517 641.968
8516 645.968
8519 633.968
8518 637.968
8569 613.968
8570 609.968
8571 605.968
8568 617.968
8573 597.968
8572 601.968
8575 589.968
8574 593.968
8561 645.968
8562 641.968
8560 649.968
8563 637.968
8565 629.968
8564 633.968
8567 621.968
8566 625.968
370 310
372 302
360 350
422 345
8605 645.968
8604 649.968
364 334
8607 637.968
8608 633.968
8606 641.968
366 326
353 397
414 392
415 388
8589 709.968
8590 705.968
8547 701.968
8503 697.968
413 396
475 392
476 388
477 384
8588 713.968
8545 709.968
8546 705.968
412 400
8576 585.968
8632 705.968
8591 701.968
8548 697.968
8549 693.968
8505 689.968
8631 709.968
8630 713.968
8617 597.968
8616 601.968
8619 589.968
8618 593.968
8609 629.968
8611 621.968
8612 617.968
8610 625.968
8613 613.968
8615 605.968
8614 609.968
8671 709.968
8672 705.968
8673 701.968
8674 697.968
8635 693.968
8594 689.968
8551 685.968
8552 681.968
8553 677.968
8509 673.968
8463 669.968
8416 665.968
8670 713.968
8657 605.968
8658 601.968
8656 609.968
8659 597.968
8660 593.968
8661 589.968
8662 585.968
8663 581.968
8664 577.968
8623 573.968
8580 569.968
8536 565.968
8537 561.968
8491 557.968
8444 553.968
8445 549.968
8396 545.968
8348 541.968
421 349
420 353
8649 637.968
473 400
474 396
8648 641.968
8651 629.968
8652 625.968
8653 621.968
8650 633.968
8655 613.968
8654 617.968
469 416
470 412
471 408
472 404
8647 645.968
8646 649.968
8697 605.968
8696 609.968
8699 597.968
8698 601.968
8701 589.968
8700 593.968
8689 637.968
8690 633.968
8691 629.968
8692 625.968
8693 621.968
8695 613.968
8694 617.968
8686 649.968
497 297
568 293
640 288
641 284
642 280
712 276
496 301
567 297
639 292
499 289
570 285
498 293
569 289
8729 633.968
8730 629.968
8731 625.968
8732 621.968
8733 617.968
489 329
8728 637.968
488 333
491 321
562 317
8735 609.968
8736 605.968
8737 601.968
495 305
566 301
638 296
8734 613.968
483 353
554 349
485 345
556 341
484 349
555 345
487 337
8726 645.968
8727 641.968
486 341
557 337
537 417
609 412
610 408
611 404
612 400
613 396
614 392
615 388
616 384
617 380
618 376
619 372
620 368
621 364
539 409
538 413
541 401
540 405
543 393
542 397
8711 705.968
8710 709.968
8763 645.968
8765 637.968
8766 633.968
8764 641.968
8767 629.968
8747 709.968
8748 705.968
8749 701.968
8750 697.968
8714 693.968
8676 689.968
8637 685.968
8638 681.968
8639 677.968
8598 673.968
8599 669.968
8600 665.968
8601 661.968
8558 657.968
8746 713.968
8739 593.968
563 313
635 308
636 304
8738 597.968
564 309
553 353
552 357
545 385
544 389
8787 709.968
547 377
8786 713.968
546 381
8788 705.968
551 361
8776 593.968
8777 589.968
8741 585.968
8703 581.968
605 428
606 424
607 420
608 416
8780 592.331
9950 586.669
8704 581.968
8769 621.968
8768 625.968
8771 613.968
8770 617.968
8773 605.968
8772 609.968
8775 597.968
8774 601.968
8827 709.968
8816 593.968
8809 621.968
8808 625.968
8811 613.968
8810 617.968
8813 605.968
8812 609.968
8815 597.968
8814 601.968
8801 653.968
8802 649.968
8800 657.968
8803 645.968
8804 641.968
8805 637.968
8807 629.968
8806 633.968
8849 621.968
8850 617.968
8848 625.968
8851 613.968
8852 609.968
8853 605.968
8854 601.968
8841 653.968
8842 649.968
8843 645.968
8845 637.968
8846 633.968
8847 629.968
8844 641.968
8890 601.96
9969 598.03
8881 637.96
8882 633.96
8883 629.96
8884 625.96
8885 621.96
8886 617.96
8887 613.96
8888 609.96
8889 605.96
8880 641.96
8877 653.96
8878 649.96
8879 645.96
689 375
690 371
691 367
692 363
693 359
694 355
695 351
696 347
697 343
688 379
681 407
682 403
683 399
684 395
685 391
686 387
687 383
8920 621.96
8921 617.96
680 411
8913 649.96
8912 653.96
8915 641.96
675 431
676 427
677 423
678 419
679 415
8914 645.96
8917 633.96
8916 637.96
8919 625.96
8918 629.96
8911 657.96
8910 661.96
8876 657.96
8953 625.96
8954 621.96
8952 629.96
8945 657.96
8944 661.96
8947 649.96
8948 645.96
8946 653.96
8949 641.96
8950 637.96
8951 633.96
709 288
786 284
708 292
785 288
711 280
710 284
787 280
761 406
762 402
763 398
764 394
765 390
766 386
767 382
768 378
769 374
770 370
771 366
772 362
773 358
774 354
760 410
753 438
754 434
755 430
756 426
757 422
758 418
759 414
8985 629.96
8986 625.96
8987 621.96
8955 617.96
8956 613.96
8957 609.96
8924 605.96
8984 633.96
8977 661.96
8978 657.96
8979 653.96
8976 665.96
8981 645.96
8982 641.96
8983 637.96
8980 649.96
8975 669.96
8974 673.96
8942 669.96
8909 665.96
8875 661.96
789 272
874 267
788 276
9017 629.96
9016 633.96
9009 661.96
9008 665.96
9011 653.96
9012 649.96
9013 645.96
9010 657.96
9015 637.96
9014 641.96
9005 677.96
9007 669.96
8997 709.96
8966 705.96
8934 701.96
8901 697.96
8902 693.96
8868 689.96
8869 685.96
8870 681.96
8871 677.96
8872 673.96
8873 669.96
8874 665.96
8998 705.96
8967 701.96
8935 697.96
9041 657.96
9040 661.96
9043 649.96
9042 653.96
9045 641.96
9046 637.96
9044 645.96
9047 633.96
856 372
857 368
858 364
859 360
9037 673.96
9038 669.96
9039 665.96
9036 677.96
849 404
850 400
848 408
851 392
852 388
853 384
854 380
855 376
9029 705.96
9030 701.96
9031 697.96
9032 693.96
9033 689.96
9003 685.96
8972 681.96
8973 677.96
9028 709.96
841 436
842 432
843 428
844 424
845 420
846 416
847 412
840 440
9073 645.96
9074 641.96
9075 637.96
9072 649.96
835 460
836 456
837 452
838 448
839 444
9065 677.96
9066 673.96
9064 681.96
9067 669.96
9068 665.96
9069 661.96
9071 653.96
9070 657.96
9059 701.96
9060 697.96
9061 693.96
9062 689.96
9063 685.96
9058 705.96
9113 709.96
9114 705.96
9088 701.96
9089 697.96
9090 693.96
9091 689.96
9092 685.96
9093 681.96
9094 677.96
9095 673.96
9096 669.96
9117 693.96
9118 689.96
9119 685.96
9120 681.96
9104 637.96
9105 633.96
9106 629.96
9078 625.96
9050 621.96
9020 617.96
8989 613.96
9097 665.96
9098 661.96
9099 657.96
9100 653.96
9101 649.96
921 456
922 452
920 460
923 448
924 444
9103 641.96
927 432
9102 645.96
926 436
9145 693.96
9146 689.96
9144 697.96
9147 685.96
9149 677.96
9150 673.96
9151 669.96
9124 665.96
9148 681.96
9141 709.96
9142 705.96
9143 701.96
9128 649.96
952 263
953 259
1025 255
1095 251
9130 641.96
954 255
955 251
9133 633.96
9107 629.96
9121 677.96
945 291
946 287
1018 283
1088 279
1161 274
1245 270
1329 266
1420 261
1421 257
1422 253
1423 249
1424 245
1425 241
1522 237
1523 233
944 295
1016 291
1086 287
1159 282
1243 278
1327 274
1418 269
1419 265
1516 261
1610 257
1708 252
1709 248
1800 244
1883 240
1972 235
1973 231
1974 227
1975 223
2066 219
2067 215
2068 211
2069 207
2070 203
2160 199
2246 195
2334 190
2335 186
2421 182
2506 178
2592 173
2593 169
2594 165
2595 161
2596 157
2597 153
2598 149
2599 145
2600 141
2601 137
9123 669.96
947 283
948 279
1020 275
1021 271
1022 267
9122 673.96
9125 661.96
949 275
9127 653.96
9126 657.96
950 271
9177 669.96
9178 665.96
9179 661.96
9154 657.96
9155 653.96
9176 673.96
937 387
938 383
939 379
940 375
936 391
9181 653.96
9182 649.96
9157 645.96
9180 657.96
9169 701.96
9170 697.96
9171 693.96
929 424
928 428
931 416
932 412
930 420
9173 685.96
9174 681.96
9175 677.96
933 408
9172 689.96
935 392.127
1010 388.127
1080 384.127
1153 379.127
1236 375.127
1319 371.127
1406 366.127
1502 359.127
1596 355.127
1690 350.127
1691 346.127
1692 342.127
1693 338.127
1694 334.127
1695 330.127
1696 326.127
1697 322.127
1698 318.127
1699 314.127
1700 310.127
1604 306.232
1605 302.232
1414 285
1511 281
1512 277
1606 273
1704 268
1705 264
1706 260
1707 256
934 404
9153 661.96
9152 665.96
9201 673.96
9200 677.96
9203 665.96
9202 669.96
9205 657.96
9206 653.96
9204 661.96
9193 705.96
9194 701.96
9195 697.96
1017 287
1019 279
9197 689.96
9198 685.96
9196 693.96
9199 681.96
1009 408
1008 412
1011 387.127
1081 383.127
1015 295
1014 299
1084 295
1157 290
1158 286
1242 282
9241 693.96
9220 689.96
9221 685.96
9222 681.96
1001 459
1000 463
9243 685.96
1003 439
1004 435
1005 431
1006 427
9242 689.96
9245 677.96
9246 673.96
9247 669.96
9226 665.96
9244 681.96
9223 677.96
9224 673.96
1007 416
9225 669.96
9227 661.96
9228 657.96
9219 693.96
1037 191
1104 187
1181 182
1182 178
1183 174
1267 170
1354 166
1445 161
1446 157
1447 153
1448 149
1449 145
1546 141
1547 137
1641 133
1739 128
1830 124
1913 120
2002 115
2093 111
2094 107
2095 103
2185 99
2271 95
2359 90
2360 86
2446 82
2531 78
1027 247
1097 243
1170 238
1254 234
1255 230
1339 226
1430 221
1026 251
1028 243
1098 239
1171 234
1087 283
1160 278
1244 274
1328 270
9249 661.96
9250 657.96
9229 653.96
9230 649.96
9208 645.96
9184 641.96
9159 637.96
9132 633.96
1073 443
9248 665.96
1075 435
1076 431
1074 439
1077 416
1078 416
1096 247
1169 242
1253 238
1337 234
1428 229
1429 225
1099 235
1172 230
1256 226
1340 222
1431 217
1102 226
1089 275
1162 270
1246 266
1247 262
1331 258
1090 271
1163 266
1164 262
1165 258
1249 254
1250 250
1334 246
1145 432.127
1229 428.127
1230 424.127
1231 420.127
1232 416.127
1233 412.127
1316 408.127
1496 400.127
1590 396.127
1684 391.127
1778 387.127
1949 379.127
1866 373.127
1780 369.127
1781 365.127
1782 361.127
1783 357.127
1784 353.127
1785 349.127
1786 345.127
1787 341.127
1788 337.127
1789 333.127
1790 329.127
1791 325.127
1792 321.127
1793 317.127
1144 437
1146 426
1147 422
1143 441
1142 445
1173 226
1152 383.127
1235 379.127
1318 375.127
1405 370.127
1156 294
1240 290
1324 286
1415 281
1241 286
1325 282
1416 277
1417 273
9421 2190.92
9422 2092.92
9423 1994.92
9424 1896.92
9442 1721.92
9443 1622.92
9461 1487.92
9477 1381.92
9494 1274.92
9512 1142.92
9531 1035.92
9551 928.924
6006 739.924
6087 734.924
6163 730.924
6238 726.924
6313 721.924
6314 717.924
6315 713.924
6316 709.924
6317 705.924
6395 698.924
6474 691.924
6475 687.924
6556 683.924
6636 678.924
6714 674.924
6790 670.924
6863 665.924
6864 661.924
6936 657.924
7012 653.924
7083 648.924
7152 644.924
7217 640.924
7284 636.924
7352 631.924
7421 627.924
7487 623.924
9982 619.983
7556 614.968
7557 610.968
7558 606.968
7631 599.968
7704 595.968
7777 591.968
7851 586.968
7852 582.968
7925 578.968
7926 574.968
7927 570.968
7928 566.968
7855 562.968
7782 558.968
7709 554.968
7637 550.968
7564 546.968
7493 542.968
7494 538.968
7428 534.968
7429 530.968
7361 526.968
7292 522.968
7293 518.968
7294 514.968
7295 510.968
7296 506.968
7230 502.968
7164 498.968
7094 494.968
7023 490.968
6949 486.968
6879 482.968
6808 478.968
6809 474.968
6734 470.968
6735 466.968
6736 462.968
6737 458.968
6659 454.968
6580 450.968
6498 446.968
6416 442.968
6417 438.968
6339 434.968
6262 430.968
6263 426.968
6189 422.968
6112 418.968
6032 414.968
5952 410.968
5879 406.968
5805 402.968
5806 398.968
5807 394.968
5732 390.968
5733 386.968
5654 382.968
9420 2288.92
1234 383.127
1225 445
1226 441
1224 449
1227 436.127
1228 432.127
1221 496
1220 492
1305 488
1392 484
1484 480
1485 476
1486 472
1393 465
1306 459
1223 452
9462 1451.42
9939 1361.01
9478 1343.1
9942 1254.22
9495 1235.92
1222 500
1264 182
1265 178
1352 174
1443 169
1540 165
1541 161
1542 157
1543 153
1544 149
1545 145
1269 162
1270 158
1357 154
1257 222
1259 202
1346 198
1437 193
1534 189
1628 185
1726 180
1727 176
1818 172
1901 168
1990 163
1991 159
2082 155
2172 151
2173 147
2259 143
2347 138
2433 134
2518 130
1248 258
1251 246
1335 242
1426 237
9493 1329.92
9511 1196.92
9530 1090.92
9550 984.924
9572 855.924
5928 758.924
1304 489
1307 456
1309 448.127
1310 444.127
1311 440.127
1308 452.127
9529 1189.92
9528 1288.92
9532 1031.92
9525 2177.16
9544 2075.16
9563 1982.17
9586 1880.17
9607 1778.17
9629 1686.17
9630 1589.17
9631 1492.17
9984 1440.57
9609 1360.97
9610 1260.97
9611 1160.97
9612 1060.97
9613 960.968
9614 860.968
7873 794.968
7800 790.968
7801 786.968
7802 782.968
7875 778.968
7876 774.968
7877 770.968
7878 766.968
7879 762.968
7880 758.968
7881 754.968
7882 750.968
7883 746.968
7884 742.968
7885 738.968
7886 734.968
7887 730.968
7888 726.968
7889 722.968
7890 718.968
7891 714.968
7892 710.968
7893 706.968
7894 702.968
7895 698.968
7896 694.968
7897 690.968
7898 686.968
7899 682.968
7900 678.968
7901 674.968
7902 670.968
7903 666.968
7904 662.968
7905 658.968
7906 654.968
7907 650.968
7908 646.968
7909 642.968
7910 638.968
7911 634.968
7912 630.968
7913 626.968
7914 622.968
7915 618.968
7916 614.968
7917 610.968
7918 606.968
7919 602.968
7920 598.968
7921 594.968
7922 590.968
7923 586.968
7924 582.968
9524 2272.16
9543 2170.16
9562 2077.16
9585 1976.17
9606 1875.17
9628 1783.17
9527 1387.92
9513 1138.92
1338 230
1341 218
1432 213
1343 210
1434 205
1435 201
1436 197
9506 2373.16
1330 262
9509 1392.92
9510 1294.92
1332 254
9567 1345.92
9568 1247.92
9569 1149.92
9570 1051.92
9571 953.924
9566 1443.92
1326 278
1312 436.127
1317 379.127
1404 374.127
9547 1283.92
9546 1382.92
9549 1084.92
9548 1183.92
9593 852.924
6911 800.924
6912 796.924
6913 792.924
6982 781.924
7051 776.924
7120 772.924
7121 768.924
7186 764.924
7253 760.924
7321 755.924
7322 751.924
7323 747.924
7324 743.924
7325 739.924
7326 735.924
7327 731.924
7328 727.924
7397 723.924
7398 719.924
7399 715.924
7400 711.924
7466 707.924
7467 703.924
7468 699.924
7469 695.924
7470 691.924
7471 687.924
7472 683.924
7473 679.924
7474 675.924
7475 671.924
7476 667.924
7477 663.924
7478 659.924
7479 655.924
7480 651.924
7481 647.924
7482 643.924
7483 639.924
7484 635.924
7485 631.924
7486 627.924
9592 951.924
9595 305
9594 206
5374 132
5373 128
5372 124
5284 120
5201 115
5200 111
5120 107
5038 103
4954 98
4869 94
4782 90
4693 85
4607 81
4520 77
4431 73
4339 68
4338 64
4337 60
4245 56
4152 52
4062 47
3972 43
3883 39
3795 35
3707 30
3623 26
3537 22
3451 17
3366 13
3272 9
3178 4
1355 162
1359 146
1450 141
1358 150
1345 202
1347 194
1438 189
1535 185
1629 181
9589 1248.92
9590 1149.92
9591 1050.92
9588 1347.92
1349 186
1440 181
1537 177
1631 173
1729 168
1730 164
1731 160
1732 156
1823 152
1906 148
1995 143
2086 139
2176 135
2262 131
2350 126
2351 122
2352 118
2438 114
2523 110
1348 190
1439 185
1350 182
1441 177
1538 173
1539 169
1633 165
1401 431.127
1314 427.127
1315 423.127
1400 435.127
1403 403.127
1497 399.127
1591 395.127
1402 427.127
1395 460
1394 463
9573 380.004
4102 376.004
4287 368.004
4378 363.004
4468 356.004
4556 352.004
4726 340.004
9909 335.892
1397 452.127
1396 456.127
1399 439.127
9574 198
3392 114
3297 107
3107 92
3106 88
3105 84
3104 80
3103 76
3102 72
3101 68
3100 64
3099 60
3098 56
3097 52
3096 48
3095 44
3094 40
3093 36
3092 32
3091 28
3090 24
3089 20
3088 16
3087 12
3086 8
3085 4
1398 446.127
1391 488
1483 484
9617 315
9616 252
6770 178
6538 167
6456 163
6378 159
6301 154
6226 150
6150 146
6074 141
5993 137
5920 133
5846 129
5771 124
5695 120
5615 116
5539 112
5453 108
5361 104
5273 100
5191 96
5111 92
5029 88
4946 84
4861 80
4774 76
4686 72
4600 68
4513 64
4424 60
4333 56
4241 52
4148 48
4059 44
3969 40
3880 36
3792 32
3705 28
3621 24
3535 20
3450 16
3365 12
3271 8
9657 1102.97
9636 999.968
9656 1199.97
9635 1096.97
9658 1200.97
9661 453.756
9638 345.756
10125 331.172
9660 438
9637 330
9615 237
6895 184
6828 180
6755 176
6679 172
6602 168
6523 164
6441 160
6363 156
6287 152
6213 148
6138 144
6063 140
5982 136
5910 132
5836 128
5762 124
5687 120
5607 116
5531 112
5446 108
5355 104
5267 100
5185 96
5105 92
5023 88
4940 84
4856 80
4769 76
4681 72
4595 68
4508 64
4420 60
4329 56
4238 52
4145 48
4056 44
3967 40
3878 36
3791 32
3704 28
3620 24
9655 1297.97
9634 1193.97
9654 1394.97
9633 1290.97
9639 367
9681 546
9680 1207.97
9682 561.756
1499 371.127
1500 367.127
1594 363.127
1688 358.127
1689 354.127
1498 375.127
1592 371.127
1686 366.127
1687 362.127
9677 1472.44
10128 1373.03
9679 1205.97
9678 1302.97
1491 454.127
1492 450.127
1490 460.127
1493 445.127
1494 441.127
1495 404.127
9721 1400.97
9700 1296.97
9720 1398.97
1482 496
1579 492
1580 488
1487 469
1531 201
1625 197
1533 193
1627 189
1725 184
1532 197
1626 193
1724 188
9699 1393.97
9701 1298.97
1513 273
1607 269
1515 265
1514 269
1608 265
1517 257
1611 253
9742 1578.97
9741 1479.97
1553 113
1554 109
1555 105
1556 101
1650 97
1748 92
1839 88
1922 84
2011 79
2012 75
2103 71
2193 67
2194 63
2280 59
2368 54
2454 50
2539 46
2625 41
2626 37
2709 33
2710 29
2796 25
2885 20
2886 16
2987 12
1552 117
1646 113
1744 108
1835 104
1918 100
2007 95
2008 91
2009 87
2010 83
1549 129
1643 125
1741 120
1832 116
1833 112
1834 108
1551 121
1645 117
1743 112
1550 125
1644 121
1742 116
1536 181
9782 1806.97
9781 1709.97
9761 1583.97
1593 367.127
1585 470.723
1586 466.723
1587 462.723
1588 458.723
9901 457.737
1584 473
9762 1683.97
1589 400.127
9819 1875.97
9799 1772.97
9779 1671.97
9760 1581.97
9818 1874.97
9821 1881.97
9801 1777.97
9780 1673.97
1581 484
1582 480
9820 1878.97
9800 1774.97
9823 1299.22
9804 1202.22
9784 1105.22
9763 992.764
9744 895.764
9723 798.764
10126 705.03
9702 620
1583 476
9822 1917.97
9802 1813.97
1630 177
1728 172
1819 168
1902 164
1619 221
1717 216
1808 212
1809 208
1892 204
1981 199
2072 195
2073 191
2074 187
2075 183
2076 179
2166 175
2252 171
2340 166
2341 162
2427 158
2512 154
1618 225
1716 220
1621 213
1719 208
1810 204
1893 200
1982 195
1983 191
1620 217
1718 212
1623 205
1721 200
1812 196
1895 192
1984 187
9798 1795.97
9778 1693.97
9759 1603.97
9740 1501.97
1622 209
1720 204
1609 261
1613 245
1711 240
1712 236
1713 232
1714 228
1805 224
1806 220
1889 216
1978 211
1612 249
1710 244
9844 1131.27
9833 1114.21
10024 1079.55
9830 1039.46
9871 989.121
9829 932.435
9912 895.523
9828 864.204
9927 821.736
9827 782.864
9897 767.143
1657 69
1755 64
1846 60
1929 56
2018 51
2109 47
2199 43
2285 39
2373 34
2459 30
2544 26
2630 21
2713 17
2799 13
2888 8
2989 4
1656 73
1754 68
1845 64
1928 60
2017 55
9835 1086.13
9879 1073.57
9834 1148.83
9843 1114.95
1658 68
1756 63
1847 59
1930 55
2019 50
2110 46
2200 42
2286 38
2374 33
2460 29
2545 25
2631 20
2714 16
2800 12
9836 969.24
9904 928.851
1649 101
1747 96
1648 105
1746 100
1837 96
1920 92
9826 529.887
6240 517.968
6166 513.968
6089 509.968
6090 505.968
6010 501.968
6011 497.968
5932 493.968
5858 489.968
5859 485.968
5860 481.968
5786 477.968
5787 473.968
5712 469.968
5713 465.968
5634 461.968
5558 457.968
5473 453.968
5383 449.968
5292 445.968
5206 438.968
5207 434.968
5128 430.968
5047 426.968
4964 422.968
4880 418.968
4881 414.968
4796 410.968
4797 406.968
4798 402.968
4799 398.968
4800 394.968
4801 390.968
4802 386.968
4803 382.968
4804 378.968
4805 374.968
4806 370.968
4807 366.968
4808 362.968
4809 358.968
4810 354.968
4811 350.968
4812 346.968
4813 342.968
1651 93
1749 88
1750 84
1841 80
1924 76
2013 71
2014 67
2105 63
2106 59
2196 55
2197 51
2283 47
2371 42
2372 38
2458 34
1653 85
1751 80
1842 76
1925 72
9831 1133.11
10007 1081.97
1652 89
9881 192.581
1640 137
1738 132
1642 129
1740 124
9885 378.566
1647 109
1745 104
1632 169
1635 157
1733 152
1734 148
1735 144
1826 140
1909 136
1998 131
2089 127
2179 123
2265 119
2353 114
2439 110
2524 106
1634 161
1637 149
1636 153
1639 141
1737 136
1638 145
1736 140
9866 441.646
604 432
1683 392.127
1777 388.127
1865 384.127
1685 370.127
9913 327.263
1673 492
9915 375.149
4194 372.004
1675 484
1676 480
9914 506.422
9825 497.519
5627 489.968
5628 485.968
5552 481.968
5553 477.968
5554 473.968
5469 469.968
5379 465.968
5380 461.968
5381 457.968
5382 453.968
1674 488
9917 652.848
7084 647.924
7153 643.924
7218 639.924
7285 635.924
1677 477
9916 873.66
9919 842.387
9918 389.288
1678 474.723
1679 470.723
9905 458.939
9906 307.043
9908 87.279
9911 720.743
9910 435.442
5046 430.968
4963 426.968
4879 422.968
9896 102.378
9899 474.383
2823 470.567
2824 466.567
2917 462.567
2918 458.567
3020 454.567
3021 450.567
3022 446.567
3023 442.567
3024 438.567
10073 435.251
3025 433.127
2923 429.127
2739 419.127
2651 415.127
2564 411.127
2480 407.127
2481 403.127
2482 399.127
2396 395.127
2397 391.127
2398 387.127
2399 383.127
2312 376.127
2135 368.127
2044 361.127
1955 357.127
1956 353.127
1872 349.127
9900 666.737
6794 663.924
7014 651.924
9903 277.36
9902 845.224
1715 224
9893 498.499
9895 475.357
4170 468.004
4171 464.004
4172 460.004
4173 456.004
4174 452.004
4175 448.004
4176 444.004
4177 440.004
4270 436.004
4361 431.004
4362 427.004
4363 423.004
4364 419.004
4365 415.004
4366 411.004
4367 407.004
4368 403.004
4369 399.004
4370 395.004
4371 391.004
4372 387.004
4373 383.004
4374 379.004
4375 375.004
4376 371.004
4377 367.004
9894 535.589
9945 171.933
9944 60.596
1770 60
1860 56
1942 52
2030 48
2120 44
2209 40
2294 36
2381 32
2466 28
2550 24
2635 20
2717 16
2802 12
2890 8
2990 4
9946 101.999
918 100
996 96
1069 92
1135 88
1211 84
1295 80
1382 76
1472 72
1568 68
1662 64
1759 60
1850 56
1933 52
2021 48
2112 44
2202 40
2288 36
2375 32
2461 28
2546 24
9949 416.44
6428 407.968
6349 403.968
6272 399.968
6197 395.968
6120 391.968
6040 387.968
5959 383.968
5886 379.968
5812 375.968
5737 371.968
5658 367.968
5582 363.968
5497 359.968
5407 355.968
5316 351.968
5229 347.968
5069 339.968
4986 335.968
4902 331.968
4817 327.968
9948 584.453
8665 577.968
9951 637.155
9936 1313.7
9938 1258.62
9943 872.635
1702 296
1794 289
1879 285
1963 279
2052 275
2142 271
2228 267
2316 262
2317 258
2403 254
2404 250
2405 246
2490 242
2576 237
2577 233
2578 229
2579 225
2580 221
2581 217
2582 213
2583 209
2584 205
2585 201
2586 197
2587 193
2588 189
2589 185
2590 181
2591 177
1753 72
1844 68
1927 64
2016 59
2107 55
9928 292.824
4104 292
1752 76
9933 1267.01
1757 62
1848 58
1931 54
2020 49
2111 45
2201 41
2287 37
1758 61
1849 57
1932 53
9920 356.699
9923 73.626
9924 103.584
9926 402.665
9976 779.544
6005 743.924
6086 738.924
6162 734.924
6237 730.924
6312 725.924
9979 116.911
2694 112
2695 108
2696 104
2697 100
9981 2158.41
9968 664.819
9270 658.773
10129 657.492
9252 653.96
9971 502.932
7871 498.968
7798 494.968
9973 386.123
9972 435.337
6893 432.497
10082 429.237
6747 423.968
6668 419.968
6589 415.968
6507 411.968
6425 407.968
6347 403.968
6270 399.968
6196 395.968
6119 391.968
6039 387.968
9975 170.329
9974 336.415
9960 340.254
5070 336
4987 332
4903 328
4818 324
4730 320
9967 553.876
9966 150.815
3845 147
3846 143
3847 139
3760 135
3761 131
3674 127
3591 123
3506 119
9952 637.986
9954 515.147
9956 152.397
5670 148.485
10084 144.043
5589 142
5513 136
5514 132
5429 128
5338 124
5339 120
5252 116
5170 112
5171 108
5172 104
5173 100
5094 96
5095 92
5014 88
4931 84
4847 80
4761 76
4673 72
4588 68
4502 64
4414 60
4323 56
4232 52
4140 48
4051 44
3962 40
3874 36
3787 32
3700 28
3617 24
3532 20
3447 16
3363 12
3270 8
3177 4
9959 593.921
10009 1352.3
1769 60
1859 56
1941 52
2029 48
10008 573.826
7853 570.968
7780 566.968
7707 562.968
7708 558.968
7636 554.968
7563 550.968
7492 546.968
1771 488
1772 484
1773 481
1775 474.723
1774 478.723
10005 261.018
1797 256
1798 252
1799 248
1817 176
1816 180
1899 176
1988 171
2079 167
1821 160
1904 156
1993 151
2084 147
2174 143
2260 139
2348 134
2349 130
9999 197.34
964 195
965 191
1038 187
1039 183
1040 179
1041 175
1042 171
1043 167
1110 163
1187 158
1188 154
1272 150
1811 200
1813 192
10041 505.54
2478 503.162
2734 486.567
2735 482.567
2736 478.567
2737 474.567
1801 240
1884 236
10040 789.21
6007 737.276
6164 727.276
6239 723.276
10043 462.51
1803 232
1886 228
10042 483.532
3393 481.127
3394 477.127
3395 473.127
3301 469.127
3205 465.127
3206 461.127
3112 457.127
3113 453.127
3114 449.127
3115 445.127
3116 441.127
3117 437.127
1802 236
1885 232
10045 1464.64
10044 75.424
2872 72
2873 68
2974 64
1804 228
10047 573.877
1807 216
1890 212
1979 207
10046 988.23
10033 460.8
10032 1373.87
10035 525.005
7090 523.968
7019 518.968
6943 514.968
6944 510.968
6873 506.968
6802 502.968
6803 498.968
6804 494.968
6729 490.968
6730 486.968
6652 482.968
6653 478.968
6654 474.968
6575 470.968
6493 466.968
6411 462.968
6333 458.968
6334 454.968
6257 450.968
6183 446.968
6106 442.968
6026 438.968
6027 434.968
6028 430.968
6029 426.968
6030 422.968
6031 418.968
5951 414.968
10034 524.938
10037 401.41
10036 446.616
10039 2116.77
10038 437.55
10027 491.063
1861 488
10026 520.522
10029 310.575
10028 1195.37
10031 368.349
2043 365.127
1954 361.127
10030 294.138
1840 84
1843 72
10072 425.907
3124 419.127
3031 415.127
2928 411.127
2831 407.127
2743 403.127
2655 399.127
2568 395.127
2484 391.127
10075 367.348
1953 365.127
10074 408.891
1836 100
1838 92
10065 381.909
10064 277.742
3749 276
10067 448.908
4358 443.004
4359 439.004
4360 435.004
10066 381.624
10069 489.786
3478 487.126
1829 128
10068 426.11
3829 424.004
3918 420.004
4007 416.004
4096 412.004
4185 408.004
4278 404.004
10071 434.221
5873 430.968
5799 426.968
5800 422.968
5801 418.968
5726 414.968
5647 410.968
5648 406.968
5572 402.968
5487 398.968
5488 394.968
5398 390.968
5307 386.968
5308 382.968
5221 378.968
5142 374.968
5143 370.968
5062 366.968
4979 362.968
4895 358.968
1831 120
10070 550.475
7286 546.968
7220 542.968
7155 538.968
7156 534.968
7087 530.968
7088 526.968
7018 522.968
10057 403.498
3580 400.029
3747 392.004
3836 388.004
3925 384.004
4014 380.004
1881 248
1970 243
2061 239
2151 235
2152 231
2153 227
2154 223
2240 219
2328 214
2414 210
2499 206
10056 486.192
1863 481.723
1880 252
1969 247
2060 243
2150 239
10059 97.857
1882 244
1971 239
2062 235
10061 411.861
10060 416.316
2563 413.127
2394 403.127
2306 399.127
2307 395.127
2220 391.127
2130 387.127
2038 383.127
10063 684.706
6712 682.924
6713 678.924
1887 224
1976 219
10062 693.178
10049 260.97
1873 345.127
1874 341.127
10048 437.714
10051 780.131
10050 259.144
2487 254
2573 249
2574 245
2575 241
10053 555.657
7354 552.968
10055 785.76
10054 116.664
1864 388.127
1948 383.127
1862 485
1912 124
2001 119
2092 115
2182 111
2268 107
2356 102
2442 98
2527 94
1915 112
2004 107
1914 116
2003 111
1917 104
2006 99
2097 95
2187 91
2273 87
2361 82
2362 78
2363 74
2364 70
2365 66
2451 62
2536 58
2622 53
2705 49
2791 45
2880 40
2981 36
1916 108
2005 103
2096 99
1919 96
1905 152
1994 147
1911 128
2000 123
2091 119
2181 115
2267 111
2355 106
2441 102
1897 184
1986 179
1896 188
1985 183
1900 172
1989 167
1903 160
1992 155
1888 220
1977 215
1891 208
1980 203
2071 199
2161 195
2247 191
1894 196
1945 493
1946 489
1944 493.937
1947 485.723
1951 373.127
1952 369.127
1868 365.127
1950 377.127
1939 52
2027 48
2117 44
2206 40
2292 36
2379 32
2465 28
2549 24
2634 20
1921 88
1923 80
1926 68
2015 63
1968 251
2059 247
2149 243
2235 239
2323 234
2409 230
2494 226
1965 263
1966 259
2057 255
2058 251
2148 247
1967 255
1997 135
1999 127
2041 373.127
2040 377.127
2042 369.127
2033 497.937
2035 493
2034 497
2037 387.127
2036 489.723
2039 381.127
2024 48
2115 44
2205 40
2291 36
2378 32
2464 28
2548 24
2633 20
2715 16
2801 12
2889 8
2023 48
2113 44
2203 40
2289 36
2376 32
2462 28
2547 24
2632 20
2022 48
2077 175
2065 223
2064 227
2056 259
2063 231
2055 263
2145 259
2231 255
2319 250
2104 67
2108 51
2198 47
2099 87
2189 83
2275 79
2098 91
2101 79
2191 75
2277 71
2100 83
2102 75
2088 131
2081 159
2171 155
2080 163
2170 159
2256 155
2083 151
2085 143
2143 267
2229 263
2129 391.127
2128 493.723
2131 385.127
2132 381.127
2133 377.127
2134 373.127
2125 501.937
2127 497
2126 501
2175 139
2163 187
2249 183
2337 178
2338 174
2339 170
2425 166
2510 162
2162 191
2248 187
2336 182
2422 178
2423 174
2424 170
2165 179
2164 183
2167 171
2155 219
2156 215
2242 211
2330 206
2416 202
2501 198
2159 203
2158 207
2244 203
2332 198
2418 194
2503 190
2144 263
2147 251
2233 247
2321 242
2322 238
2408 234
2493 230
2146 255
2192 71
2195 59
2184 103
2186 95
2188 87
2190 79
2183 107
2232 251
2320 246
2406 242
2491 238
2234 243
2237 231
2325 226
2411 222
2412 218
2497 214
2236 235
2324 230
2239 223
2327 218
2238 227
2326 222
2225 372.127
2224 376.127
2230 259
2318 254
2217 505
2216 505.937
2219 395.127
2218 501
2221 388.127
2222 384.127
2223 380.127
2266 115
2354 110
2269 103
2357 98
2443 94
2528 90
2270 99
2358 94
2444 90
2529 86
2257 151
2345 146
2258 147
2346 142
2432 138
2261 135
2251 175
2250 179
2253 167
2254 163
2342 158
2428 154
2513 150
2243 207
2331 202
2245 199
2333 194
2281 55
2369 50
2370 46
2456 42
2541 38
2627 33
2628 29
2629 25
2712 21
2282 51
2284 43
2272 91
2274 83
2276 75
2279 63
2367 58
2278 67
2366 62
2315 266
2305 505
2304 509
2309 388.127
2308 392.127
2311 380.127
2310 384.127
2393 514.162
2479 507.162
2392 509
2395 399.127
2387 56
2386 52
2385 48
2384 44
2383 40
2382 36
2426 162
2429 150
2419 190
2504 186
2420 186
2505 182
2401 262
2486 258
2572 253
2402 258
2407 238
2492 234
2457 38
2449 70
2450 66
2448 74
2533 70
2453 54
2452 58
2455 46
2440 106
2445 86
2530 82
2447 78
2532 74
2489 246
2488 250
2495 222
2483 395.127
2485 391.127
2520 122
2525 102
2526 98
2515 142
2514 146
2517 134
2519 126
2507 174
2509 166
2508 170
2511 158
2498 210
2502 194
2537 54
2623 49
2706 45
2792 41
2881 36
2882 32
2883 28
2984 24
2538 50
2624 45
2707 41
2793 37
2540 42
2543 30
2542 34
2535 62
2621 57
2704 53
2790 49
2879 44
2980 40
2534 66
2620 61
2703 57
2789 53
2878 48
2569 395.127
2570 396.127
2565 407.127
2567 399.127
2566 403.127
2649 485.567
2650 481.567
2653 407.127
2654 403.127
2652 411.127
2681 164
2682 160
2683 156
2684 152
2685 148
2686 144
2687 140
2688 136
2689 132
2690 128
2691 124
2692 120
2693 116
2680 168
2673 196
2674 192
2675 188
2676 184
2677 180
2678 176
2679 172
2672 200
2671 204
2670 208
2657 399.127
2656 399.127
2659 252
2660 248
2661 244
2662 240
2663 236
2664 232
2665 228
2666 224
2667 220
2668 216
2669 212
2708 37
2711 25
2699 73
2700 69
2786 65
2875 60
2976 56
2977 52
2698 77
2784 73
2701 65
2787 61
2876 56
2745 403.127
2747 256
2746 403.127
2749 248
2748 252
2751 240
2750 244
2741 411.127
2742 407.127
2740 415.127
2733 490.567
2777 136
2778 132
2779 128
2780 124
2781 120
2776 140
2783 77
2782 116
2769 168
2770 164
2771 160
2768 172
2773 152
2774 148
2775 144
2772 156
2761 200
2762 196
2763 192
2765 184
2766 180
2767 176
2764 188
2795 29
2884 24
2985 20
2794 33
2797 21
2798 17
2887 12
2785 69
2874 64
2840 238
2841 234
2842 230
2845 218
2835 258
2836 254
2937 250
2938 246
2939 242
2837 250
2839 242
2838 246
2827 423.127
2829 415.127
2830 411.127
2828 419.127
2822 474.567
2915 470.567
3017 466.567
3018 462.567
3019 458.567
2865 140
2866 136
2967 132
3062 128
3063 124
3155 120
3246 115
3339 111
2864 144
2965 140
3060 136
3152 132
3243 127
3336 123
2867 132
2968 128
2869 124
2868 128
2871 119.902
2870 120
2857 172
2958 168
2959 164
2960 160
2961 156
3056 152
3057 148
3149 144
3240 139
3241 135
3242 131
3335 127
2856 176
2859 164
2858 168
2861 156
2962 152
2860 160
2863 148
2862 152
2850 199
2951 195
2855 180
2854 184
2909 493.567
2910 489.567
2911 485.567
3014 478.567
3015 474.567
3016 470.567
2930 411.127
2832 407.127
2744 403.127
2933 266
2934 262
2935 258
2936 254
2932 270
2921 441.584
2922 437.584
2925 423.127
2926 419.127
2924 427.127
2927 415.127
2913 478.567
2914 474.567
2912 482.567
2969 127
3064 123
3156 119
2971 123.902
2970 124
2973 68
2972 72
2975 60
2963 148
3058 144
3150 140
2964 144
2966 136
2952 192
3047 188
3139 184
3230 179
2955 180
2956 176
3051 172
3052 168
3144 164
3235 159
3236 155
3237 151
3238 147
2957 172
2986 16
2988 8
2979 44
2983 28
2982 32
3033 415.127
3032 415.127
2929 411.127
3035 274
3036 270
3034 278
2931 274
3039 258
3040 254
3027 427.127
3026 431.127
3028 423.127
3029 419.127
3030 415.127
3013 496.567
3012 500.567
3065 123
3247 115
3059 140
3061 132
3049 180
3141 176
3232 171
3050 176
3053 164
3054 160
3146 156
3055 156
3121 423.127
3120 427.127
3127 270
3128 266
3038 262
3119 431.127
3118 435.127
3109 469.127
3110 465.127
3111 461.127
3108 473.127
3161 68
3162 64
3163 60
3164 56
3165 52
3166 48
3167 44
3168 40
3169 36
3170 32
3171 28
3172 24
3160 72
3154 124
3245 119
3159 76
3145 160
3147 152
3148 148
3239 143
3151 136
3140 180
3231 175
3143 168
3234 163
3142 172
3233 167
3176 8
3173 20
3175 12
3174 16
3219 274
3218 278
3126 274
3220 270
3209 449.127
3208 453.127
3211 441.127
3210 445.127
3213 435.127
3214 431.127
3212 439.127
3203 473.127
3204 469.127
3207 457.127
3257 60
3256 64
3259 52
3258 56
3261 44
3260 48
3263 36
3262 40
3251 83
3250 87
3253 76
3252 80
3255 68
3254 72
3244 123
3337 119
3275 21
3181 16
3180 12
3179 8
3265 28
3264 32
3267 20
3268 16
3269 12
3266 24
3305 449.127
3306 445.127
3304 453.127
3307 443.127
3308 439.127
3309 435.127
3299 477.127
3300 473.127
3298 481.127
3303 457.127
3353 52
3354 48
3355 44
3352 56
3357 36
3358 32
3359 28
3360 24
3356 40
3345 84
3344 87
3346 80
3349 68
3350 64
3351 60
3348 72
3338 115
3341 97
3343 91
3342 93
3333 135
3334 131
3361 20
3362 16
3364 12
3408 262
3318 258
3224 254
3415 139
3401 449.127
3402 447.127
3403 443.127
3405 435.127
3310 431.127
3311 427.127
3216 423.127
3122 419.127
3404 439.127
3399 457.127
3449 16
3448 16
3453 25
3452 21
3367 17
3441 40
3442 36
3443 32
3444 28
3440 44
3445 24
3446 20
3433 72
3434 68
3435 64
3436 60
3437 56
3438 52
3439 48
3432 76
3425 101
3424 104
3427 95
3426 97
3429 88
3430 84
3431 80
3428 91
3481 477.127
3485 461.127
3486 457.127
3400 453.127
3487 451.127
3477 491.126
3513 95
3512 99
3515 88
3514 92
3517 80
3516 84
3519 72
3518 76
3505 123
3504 127
3507 115
3508 111
3509 108
3510 105
3511 101
3501 139
3503 131
3502 135
3492 441.004
3572 437.004
3658 433.004
3740 429.004
3827 425.004
3916 421.004
4005 417.004
4095 412.004
3529 32
3528 36
3531 24
3530 28
3533 20
3534 20
3521 64
3520 68
3523 56
3522 60
3525 48
3524 52
3527 40
3526 44
3579 404.029
3581 404.029
3561 118
3475 113
3474 109
3473 105
3472 101
3471 97
3470 93
3469 89
3468 85
3467 81
3466 77
3465 73
3380 69
3379 65
3378 61
3284 57
3190 52
3564 473.127
3483 469.127
3484 465.127
3609 56
3610 52
3608 60
3611 48
3613 40
3614 36
3615 32
3616 28
3612 44
3601 88
3602 84
3603 80
3600 92
3605 72
3604 76
3607 64
3606 68
3593 115
3592 119
3595 109
3594 112
3597 103
3598 99
3596 105
3599 96
3586 143
3589 131
3590 127
3588 135
3624 30
3619 24
3618 24
3673 131
3672 135
3675 123
3677 116
3676 119
3679 109
3678 113
3671 139
3651 465.127
3567 461.127
3697 40
3698 36
3696 44
3699 32
3701 28
3703 28
3702 28
3689 72
3690 68
3691 64
3692 60
3693 56
3688 76
3695 48
3694 52
3681 103
3680 107
3683 96
3684 92
3685 88
3686 84
3687 80
3682 100
3741 429.004
3742 429.135
3730 473.004
3818 469.004
3905 465.004
3994 461.004
4084 456.004
3733 465.004
3907 457.004
3996 453.004
4086 448.004
4087 444.004
4088 440.004
4089 436.004
4179 432.004
4272 428.004
3734 469.004
3769 104
3768 107
3771 96
3770 100
3773 88
3772 92
3775 80
3776 76
3777 72
3778 68
3774 84
3763 123
3762 127
3765 117
3764 120
3767 111
3766 113
3753 274
3667 270
3584 266
3499 262
3411 258
3320 254
3752 274
3666 270
3498 262
3410 258
3759 139
3746 396.004
3748 392.004
3751 274
3793 33
3796 39
3708 34
3785 40
3784 44
3786 36
3789 32
3788 32
3790 32
3779 64
3781 56
3780 60
3783 48
3782 52
3833 430.004
3921 426.004
3920 422.004
4008 418.004
3835 388.004
3834 434.004
3837 388.004
3926 384.004
3838 280
3825 433.004
3826 429.004
3828 428.324
3819 469.004
3732 465.004
3820 461.004
3821 449.004
3822 445.004
3911 441.004
3912 437.004
4001 433.004
4091 428.004
4181 424.004
4274 420.004
3865 72
3864 76
3867 64
3868 60
3866 68
3869 56
3871 48
3872 44
3873 40
3870 52
3857 104
3856 108
3859 96
3860 92
3861 88
3858 100
3863 80
3862 84
3849 131
3848 135
3851 124
3850 127
3853 117
3852 121
3855 111
3854 115
3841 278
3840 278
3889 63
3801 59
3713 54
3629 50
3543 46
3457 41
3372 37
3278 33
3184 28
3881 37
3882 38
3794 34
3706 29
3622 25
3536 21
3885 47
3884 43
3887 55
3799 51
3711 46
3710 42
3709 38
3625 34
3886 51
3875 36
3877 36
3876 36
3879 36
3929 282
3930 282
3932 154.387
3923 434.004
4011 430.004
4010 426.004
4009 422.004
3922 430.004
3924 385.004
4013 381.004
3915 425.004
4004 421.004
4094 416.004
3914 429.004
3904 469.004
3993 465.004
4083 460.004
3909 449.004
3910 445.004
3961 44
3960 48
3963 40
3965 40
3964 40
3966 40
3953 76
3952 80
3955 68
3954 72
3957 60
3956 64
3959 52
3958 56
3945 108
3944 112
3947 100
3948 96
3949 92
3946 104
3951 84
3950 88
3943 115
3992 469.004
4082 464.004
3977 63
3888 59
3800 55
3712 50
3976 59
3979 71
3890 67
3802 63
3714 58
3630 54
3544 50
3458 45
3373 41
3279 37
3185 32
3978 67
3968 40
3971 42
3970 41
3973 47
3975 55
3974 51
4024 147
4025 143
4026 139
3937 135
3938 131
4031 123
3942 119
4017 286
4019 286
3931 282
4018 286
4023 151
4000 437.004
4090 432.004
4003 425.004
4093 420.004
4006 416.004
4057 44
4058 44
4061 46
4060 45
4063 51
4049 52
4048 56
4050 48
4053 44
4052 44
4055 44
4054 44
4041 84
4042 80
4040 88
4043 76
4044 72
4045 68
4046 64
4047 60
4033 116
4032 119
4034 112
4037 100
4039 92
4038 96
4065 59
4064 55
4067 67
4066 63
4069 75
4068 71
4071 83
4070 79
3980 75
4121 123
4123 116
4124 112
4035 108
4036 104
4122 120
4112 155
4106 290
4108 290
4111 159
4022 155
4097 400.004
4188 396.004
4281 392.004
4101 380.004
4153 56
4155 64
4154 60
4157 72
4156 68
4159 80
4158 76
4144 48
4149 49
4151 51
4150 50
4137 60
4136 64
4139 52
4138 56
4141 48
4143 48
4142 48
4131 84
4130 88
4133 76
4132 80
4135 68
4134 72
4184 412.004
4277 408.004
4187 400.004
4280 396.004
4186 404.004
4279 400.004
4189 392.004
4282 388.004
4190 388.004
4283 384.004
4180 428.004
4273 424.004
4183 416.004
4276 412.004
4161 88
4160 84
4162 92
4072 87
4216 116
4215 120
4214 124
4203 163
4195 296
4198 294
4107 290
4249 72
4248 68
4251 80
4250 76
4253 88
4252 84
4255 96
4254 92
4243 54
4242 53
4244 55
4247 64
4246 60
4233 52
4235 52
4234 52
4237 52
4236 52
4224 84
4227 72
4228 68
4226 76
4229 64
4231 56
4230 60
4275 416.004
4265 464.004
4264 468.004
4266 460.004
4256 100
4263 472.004
4262 124
4261 120
4260 116
4167 112
4077 107
3987 103
3986 99
3897 95
3809 91
3721 86
3720 82
3719 78
3635 74
3634 70
3633 66
3632 62
3546 58
3460 53
3459 49
3374 45
3280 41
3186 36
4317 80
4316 84
4319 72
4320 68
4321 64
4322 60
4318 76
4305 128
4306 124
4307 120
4290 298
4295 163
4296 159
4205 155
4113 151
4294 167
4345 92
4344 88
4347 100
4346 96
4348 104
4336 59
4341 76
4340 72
4343 84
4342 80
4328 56
4335 58
4334 57
4325 56
4324 56
4327 56
4326 56
4355 470.004
4354 474.004
4357 447.004
4409 80
4408 84
4411 72
4410 76
4413 64
4412 68
4415 60
4395 135
4304 131
4213 127
4394 139
4303 135
4212 131
4120 127
4387 163
4388 159
4297 155
4298 151
4299 147
4208 143
4116 139
4027 135
4441 113
4349 108
4440 109
4442 117
4350 112
4258 108
4165 104
4075 99
3985 95
3896 91
3808 87
4445 474.004
4444 125
4352 120
4447 447.004
4433 81
4432 77
4435 89
4434 85
4437 97
4436 93
4438 101
4429 65
4430 69
4417 60
4416 60
4419 60
4418 60
4421 60
4330 56
4465 368.004
4466 364.004
4467 360.004
4464 372.004
4459 392.004
4547 388.004
4633 384.004
4634 380.004
4635 376.004
4636 372.004
4637 368.004
4638 364.004
4639 360.004
4640 356.004
4641 352.004
4642 348.004
4461 384.004
4462 380.004
4550 376.004
4463 376.004
4449 432.004
4450 428.004
4451 424.004
4539 420.004
4540 416.004
4541 412.004
4542 408.004
4543 404.004
4629 400.004
4630 396.004
4631 392.004
4632 388.004
4448 436.004
4453 416.004
4452 420.004
4455 408.004
4505 64
4504 64
4507 64
4506 64
4497 84
4498 80
4499 76
4500 72
4501 68
4503 64
4488 120
4400 116
4309 112
4310 108
4311 104
4312 100
4313 96
4222 92
4485 132
4397 128
4398 124
4484 136
4487 124
4399 120
4308 116
4217 112
4218 108
4126 104
4486 128
4537 428.004
4538 424.004
4536 432.004
4622 428.004
4623 424.004
4624 420.004
4625 416.004
4626 412.004
4627 408.004
4628 404.004
4529 113
4528 109
4439 105
4531 121
4530 117
4533 478.004
4532 125
4443 121
4351 116
4534 482.004
4521 81
4523 89
4522 85
4525 97
4524 93
4527 105
4526 101
4571 136
4570 140
4573 128
4572 132
4575 120
4576 116
4577 112
4578 108
4579 104
4493 100
4494 96
4495 92
4407 88
4553 364.004
4552 368.004
4554 360.004
4546 392.004
4549 380.004
4548 384.004
4551 372.004
4593 68
4592 68
4594 68
4596 68
4509 64
4587 72
4589 68
4591 68
4590 68
4617 121
4619 482.004
4618 125
4621 432.004
4609 89
4608 85
4611 97
4610 93
4613 105
4612 101
4615 113
4614 109
4657 136
4659 128
4660 124
4661 120
4662 116
4663 112
4658 132
4697 101
4699 109
4698 105
4701 117
4700 113
4702 121
4680 72
4683 72
4598 68
4511 64
4422 60
4331 56
4240 52
4147 48
4682 72
4684 72
4599 68
4674 72
4677 72
4676 72
4679 72
4678 72
4721 360.004
4722 356.004
4723 352.004
4724 348.004
4725 344.004
4720 364.004
4713 392.004
4714 388.004
4715 384.004
4716 380.004
4717 376.004
4718 372.004
4719 368.004
4705 424.004
4706 420.004
4707 416.004
4708 412.004
4709 408.004
4710 404.004
4711 400.004
4712 396.004
4704 428.004
4763 76
4675 72
4765 76
4767 76
4766 76
4747 132
4746 136
4749 124
4748 128
4750 120
4793 422.968
4794 418.968
4795 414.968
4792 426.968
4785 102
4696 97
4787 110
4786 106
4789 118
4788 114
4791 126
4790 122
4768 76
4771 76
4772 76
4816 331.968
4815 335.968
4860 80
4863 82
4776 78
4687 73
4601 69
4514 65
4425 61
4853 80
4852 80
4855 80
4854 80
4843 96
4844 92
4758 88
4670 84
4585 80
4835 128
4836 124
4839 112
4753 108
4665 104
4666 100
4667 96
4582 92
4583 88
4584 84
4889 382.968
4890 378.968
4888 386.968
4891 374.968
4893 366.968
4894 362.968
4892 370.968
4883 406.968
4884 402.968
4885 398.968
4886 394.968
4882 410.968
4887 390.968
4873 110
4872 106
4871 102
4784 98
4695 93
4875 118
4874 114
4877 126
4876 122
4878 426.968
4865 84
4778 80
4689 75
4603 71
4516 67
4427 63
4864 83
4777 79
4688 74
4602 70
4515 66
4426 62
4918 136
4919 132
4920 128
4921 124
4922 120
4923 116
4897 350.968
4896 354.968
4898 346.968
4901 335.968
4900 339.968
4957 110
4959 118
4958 114
4945 84
4947 85
4862 81
4775 77
4949 87
4948 86
4950 88
4937 84
4936 84
4939 84
4938 84
4942 84
4857 80
4985 339.968
4984 343.968
4977 370.968
4978 366.968
4981 354.968
4980 358.968
4982 350.968
4968 406.968
4973 386.968
4972 390.968
4974 382.968
4961 126
4960 122
4962 430.968
4965 418.968
4967 410.968
4966 414.968
5020 88
5022 88
5011 100
4928 96
5015 88
4932 84
5051 410.968
5050 414.968
5053 402.968
4970 398.968
4971 394.968
5052 406.968
5055 394.968
5041 115
5040 111
4956 106
5043 123
5042 119
5045 434.968
5044 127
5033 92
5032 91
5027 88
4944 84
4859 80
5026 88
4943 84
5031 90
5030 89
5065 354.968
5064 358.968
5057 386.968
5056 390.968
5059 378.968
5060 374.968
5061 370.968
5063 362.968
5113 94
5112 93
5101 92
5102 92
5021 88
5093 100
5145 362.968
5146 358.968
5144 366.968
5137 394.968
5138 390.968
5139 386.968
5140 382.968
5141 378.968
5136 398.968
5129 426.968
5130 422.968
5131 418.968
5132 414.968
5133 410.968
5134 406.968
5123 119
5125 127
5124 123
5127 434.968
5126 131
5176 96
5097 92
5016 88
4933 84
4848 80
5175 96
5209 426.968
5208 430.968
5211 418.968
5213 410.968
5214 406.968
5135 402.968
5212 414.968
5203 123
5205 131
5204 127
5193 98
5192 97
5194 99
5114 95
5224 366.968
5217 394.968
5216 398.968
5219 386.968
5218 390.968
5220 382.968
5223 370.968
5222 374.968
5275 102
5274 101
5276 103
5305 394.968
5306 390.968
5304 398.968
5309 378.968
5311 370.968
5310 374.968
5296 430.968
5297 426.968
5298 422.968
5301 410.968
5303 402.968
5302 406.968
5215 402.968
5295 434.968
5294 438.968
5287 132
5401 378.968
5402 374.968
5400 382.968
5393 410.968
5394 406.968
5395 402.968
5396 398.968
5392 414.968
5397 394.968
5399 386.968
5386 438.968
5387 434.968
5388 430.968
5465 132
5464 128
5489 390.968
5490 386.968
5491 382.968
5492 378.968
5493 374.968
5483 414.968
5484 410.968
5485 406.968
5486 402.968
5472 457.968
5567 422.968
5568 418.968
5566 426.968
5481 422.968
5482 418.968
5585 371.968
5661 367.968
5584 363.968
5499 359.968
5409 355.968
5317 351.968
5577 382.968
5578 378.968
5576 386.968
5580 371.968
5495 367.968
5405 363.968
5314 359.968
5227 355.968
5148 351.968
5067 347.968
5569 414.968
5571 406.968
5570 410.968
5573 398.968
5575 390.968
5574 394.968
5626 133
5549 128
5548 124
5462 120
5461 116
5369 112
5281 108
5198 103
5118 99
5036 95
4952 90
4867 86
4780 82
4691 77
4605 73
4518 69
5657 371.968
5656 375.968
5659 367.968
5660 367.968
5662 367.968
5500 359.968
5649 402.968
5651 394.968
5650 398.968
5652 390.968
5643 426.968
5644 422.968
5645 418.968
5646 414.968
5725 418.968
5724 422.968
5727 410.968
5736 375.968
5739 371.968
5738 371.968
5740 371.968
5729 402.968
5730 398.968
5731 394.968
5728 406.968
5735 379.968
5789 466.968
5790 462.968
5791 458.968
5716 454.968
5637 450.968
5561 446.968
5476 442.968
5788 469.968
5808 390.968
5811 379.968
5810 383.968
5813 375.968
5815 375.968
5814 375.968
5803 410.968
5804 406.968
5802 414.968
5881 398.968
5880 402.968
5882 394.968
5885 383.968
5884 387.968
5887 379.968
5872 434.968
5875 422.968
5874 426.968
5877 414.968
5876 418.968
5878 410.968
5864 466.968
5863 470.968
5862 473.968
5889 379.968
5888 379.968
5947 434.968
5949 422.968
5950 418.968
5939 466.968
5865 462.968
5961 383.968
5960 383.968
5962 383.968
5953 406.968
5955 398.968
5954 402.968
5957 391.968
5958 387.968
6001 759.924
6082 754.924
6158 750.924
6233 746.924
6308 741.924
6309 737.924
6310 733.924
6311 729.924
6000 144
5780 133
5704 129
5624 125
5547 120
6003 751.924
6084 746.924
6085 742.924
6161 738.924
6002 755.924
6083 750.924
6004 747.924
6041 387.968
6033 410.968
6035 402.968
6034 406.968
6037 395.968
6038 391.968
6016 478.968
5937 474.968
6109 430.968
6111 422.968
6110 426.968
6081 758.924
6157 754.924
6232 750.924
6307 745.924
6121 391.968
6122 391.968
6042 387.968
6113 414.968
6115 406.968
6114 410.968
6117 399.968
6118 395.968
6160 742.924
6155 151
6079 146
5998 142
5925 138
5851 134
5776 129
5700 125
5620 121
5543 116
5457 112
5365 108
5277 104
6156 758.924
6231 754.924
6306 749.924
6159 746.924
6234 742.924
6192 410.968
6195 399.968
6194 403.968
6198 395.968
6187 430.968
6186 434.968
6188 426.968
6191 414.968
6190 418.968
6235 738.924
6236 734.924
6230 154
6154 150
6078 145
5997 141
5924 137
5850 133
5775 128
5699 124
5619 120
5542 115
5456 111
5364 107
6265 418.968
6266 414.968
6264 422.968
6269 403.968
6268 407.968
6271 399.968
6261 434.968
6241 513.968
6167 509.968
6247 490.968
6173 486.968
6096 482.968
6318 517.968
6305 753.924
6345 411.968
6346 407.968
6348 403.968
6351 403.968
6274 399.968
6200 395.968
6123 391.968
6043 387.968
5963 383.968
6338 438.968
6341 426.968
6342 422.968
6343 418.968
6340 430.968
6393 706.924
6394 702.924
6392 710.924
6385 738.924
6386 734.924
6387 730.924
6388 726.924
6389 722.924
6390 718.924
6391 714.924
6384 742.924
6381 754.924
6382 750.924
6383 746.924
6380 161
6303 156
6228 152
6152 148
6076 143
5995 139
5922 135
5848 131
5773 126
5697 122
5617 118
5540 113
5454 109
5362 105
6424 411.968
6426 407.968
6418 434.968
6419 430.968
6420 426.968
6421 422.968
6423 415.968
6409 470.968
6331 466.968
6254 462.968
6255 458.968
6181 454.968
6104 450.968
6024 446.968
6025 442.968
6412 458.968
6415 446.968
6401 501.968
6323 497.968
6246 493.968
6172 489.968
6095 485.968
6015 481.968
5936 477.968
6459 751.924
6460 747.924
6461 743.924
6542 739.924
6622 734.924
6623 730.924
6701 726.924
6702 722.924
6778 718.924
6851 713.924
6923 709.924
6924 705.924
6925 701.924
6926 697.924
6927 693.924
7003 689.924
7074 684.924
7143 680.924
7144 676.924
7145 672.924
7146 668.924
7147 664.924
7148 660.924
7213 656.924
7214 652.924
7215 648.924
7216 644.924
7283 640.924
7351 635.924
6458 755.924
6539 751.924
6619 746.924
6697 742.924
6698 738.924
6699 734.924
6775 730.924
6848 725.924
6920 721.924
6921 717.924
6922 713.924
6463 735.924
6464 731.924
6465 727.924
6546 723.924
6626 718.924
6704 714.924
6780 710.924
6853 705.924
6462 739.924
6543 735.924
6483 505.968
6484 502.968
6402 498.968
6403 494.968
6325 490.968
6326 486.968
6327 482.968
6328 478.968
6251 474.968
6252 470.968
6253 466.968
6473 695.924
6554 691.924
6634 686.924
6635 682.924
6472 699.924
6477 682.924
6558 678.924
6638 673.924
6716 669.924
6792 665.924
6865 660.924
6937 656.924
7013 652.924
6476 683.924
6557 679.924
6637 674.924
6715 670.924
6791 666.924
6478 681.924
6559 677.924
6639 672.924
6717 668.924
6793 664.924
6866 659.924
6938 655.924
6467 719.924
6548 715.924
6628 710.924
6629 706.924
6630 702.924
6708 698.924
6784 694.924
6857 689.924
6929 685.924
6930 681.924
6931 677.924
6932 673.924
7008 669.924
7079 664.924
6466 723.924
6469 711.924
6550 707.924
6468 715.924
6471 703.924
6552 699.924
6632 694.924
6710 690.924
6786 686.924
6859 681.924
6470 707.924
6505 419.968
6506 415.968
6508 411.968
6497 450.968
6499 442.968
6500 438.968
6502 430.968
6553 695.924
6633 690.924
6711 686.924
6787 682.924
6860 677.924
6861 673.924
6862 669.924
6934 665.924
7010 661.924
7081 656.924
7082 652.924
6555 687.924
6545 727.924
6625 722.924
6703 718.924
6544 731.924
6624 726.924
6547 719.924
6627 714.924
6549 711.924
6551 703.924
6631 698.924
6541 743.924
6621 738.924
6540 747.924
6620 742.924
6585 430.968
6503 426.968
6584 434.968
6587 423.968
6588 419.968
6591 415.968
6590 415.968
6579 454.968
6581 446.968
6582 442.968
6583 438.968
6560 676.924
6640 671.924
6718 667.924
6565 509.968
6566 506.968
6567 502.968
6568 498.968
6486 494.968
6487 490.968
6488 486.968
6406 482.968
6407 478.968
6408 474.968
6618 750.924
6651 486.968
6644 513.968
6664 434.968
6667 423.968
6666 427.968
6658 458.968
6661 446.968
6662 442.968
6660 450.968
6663 438.968
6705 710.924
6781 706.924
6854 701.924
6707 702.924
6706 706.924
6709 694.924
6696 746.924
6700 730.924
6695 750.924
6771 746.924
6844 741.924
6845 737.924
6846 733.924
6847 729.924
6919 725.924
6745 427.968
6746 423.968
6744 431.968
6739 450.968
6740 446.968
6738 454.968
6741 442.968
6742 438.968
6733 474.968
6723 514.968
6724 510.968
6725 506.968
6726 502.968
6648 498.968
6569 494.968
6570 490.968
6777 722.924
6850 717.924
6776 726.924
6849 721.924
6779 714.924
6852 709.924
6783 698.924
6856 693.924
6782 702.924
6855 697.924
6773 738.924
6772 742.924
6774 734.924
6811 466.968
6810 470.968
6813 458.968
6814 454.968
6815 450.968
6812 462.968
6798 518.968
6799 514.968
6800 510.968
6801 506.968
6785 690.924
6858 685.924
6789 674.924
6788 678.924
6843 745.924
6817 442.968
6816 446.968
6819 435.968
6820 431.968
6821 427.968
6822 427.968
6869 522.968
6870 518.968
6871 514.968
6872 510.968
6910 804.924
6888 446.968
6890 439.968
6892 431.968
6881 474.968
6880 478.968
6883 466.968
6884 462.968
6885 458.968
6882 470.968
6887 450.968
6886 454.968
6941 522.968
6940 526.968
6933 669.924
6935 661.924
6915 741.924
6991 737.924
7062 732.924
7131 728.924
7132 724.924
7197 720.924
7198 716.924
7265 712.924
7333 707.924
7402 703.924
6914 745.924
6917 733.924
6993 729.924
7064 724.924
7065 720.924
7066 716.924
7067 712.924
7068 708.924
7069 704.924
7070 700.924
7139 696.924
7204 692.924
7205 688.924
7272 684.924
7340 679.924
7341 675.924
7410 671.924
6916 737.924
6992 733.924
7063 728.924
6918 729.924
6994 725.924
6953 470.968
6954 466.968
6952 474.968
6957 454.968
6958 450.968
6956 458.968
6951 478.968
6950 482.968
7001 697.924
7072 692.924
7073 688.924
7000 701.924
7071 696.924
7002 693.924
7005 681.924
7076 676.924
7004 685.924
7075 680.924
7007 673.924
7078 668.924
7006 677.924
7077 672.924
6995 721.924
6997 713.924
6996 717.924
6999 705.924
6998 709.924
6985 769.924
7054 764.924
7055 760.924
7056 756.924
7125 752.924
7126 748.924
7127 744.924
7128 740.924
7129 736.924
7130 732.924
6984 773.924
7053 768.924
7122 764.924
7123 760.924
7188 756.924
7255 752.924
6987 761.924
6986 765.924
6989 745.924
7060 740.924
6988 757.924
7057 752.924
6990 741.924
7061 736.924
6977 801.924
7046 796.924
7115 792.924
7116 788.924
7117 784.924
7118 780.924
7119 776.924
6976 805.924
7045 800.924
6979 793.924
7048 788.924
6978 797.924
7047 792.924
6981 785.924
7050 780.924
6980 789.924
7049 784.924
6983 777.924
7052 772.924
7032 454.968
7034 447.968
7035 443.968
6961 439.968
6962 435.968
7025 482.968
7026 478.968
7024 486.968
7027 474.968
7028 470.968
7029 466.968
6955 462.968
7031 458.968
7030 462.968
7017 526.968
7016 530.968
7009 665.924
7080 660.924
7149 656.924
7011 657.924
7059 744.924
7058 748.924
7044 804.924
7097 482.968
7096 486.968
7099 474.968
7098 478.968
7101 466.968
7100 470.968
7103 458.968
7102 462.968
7089 522.968
7095 490.968
7085 537.968
7015 533.968
6939 529.968
6868 525.968
6797 521.968
6722 517.968
7086 534.968
7133 720.924
7135 712.924
7136 708.924
7201 704.924
7202 700.924
7203 696.924
7134 716.924
7124 756.924
7113 800.924
7114 796.924
7112 804.924
7105 451.968
7163 502.968
7093 498.968
7162 514.968
7228 510.968
7229 506.968
7165 494.968
7166 490.968
7167 486.968
7157 530.968
7159 526.968
7158 526.968
7151 648.924
7150 652.924
7137 704.924
7138 700.924
7141 688.924
7142 684.924
7140 692.924
7193 736.924
7194 732.924
7261 728.924
7329 723.924
7330 719.924
7331 715.924
7192 740.924
7259 736.924
7195 728.924
7262 724.924
7196 724.924
7199 712.924
7266 708.924
7334 703.924
7335 699.924
7336 695.924
7337 691.924
7338 687.924
7407 683.924
7185 768.924
7252 764.924
7320 759.924
7389 755.924
7455 751.924
7456 747.924
7457 743.924
7458 739.924
7459 735.924
7460 731.924
7461 727.924
7462 723.924
7463 719.924
7464 715.924
7465 711.924
7184 772.924
7251 768.924
7319 763.924
7388 759.924
7187 760.924
7254 756.924
7189 752.924
7256 748.924
7191 744.924
7258 740.924
7190 748.924
7257 744.924
7177 800.924
7244 796.924
7312 791.924
7381 787.924
7382 783.924
7448 779.924
7449 775.924
7450 771.924
7451 767.924
7452 763.924
7453 759.924
7454 755.924
7176 451.968
7106 447.968
7179 792.924
7246 788.924
7314 783.924
7315 779.924
7316 775.924
7317 771.924
7318 767.924
7178 796.924
7245 792.924
7313 787.924
7181 784.924
7248 780.924
7180 788.924
7247 784.924
7183 776.924
7250 772.924
7182 780.924
7249 776.924
7169 478.968
7170 474.968
7168 482.968
7171 470.968
7173 462.968
7175 455.968
7224 526.968
7225 522.968
7226 518.968
7227 514.968
7231 498.968
7232 494.968
7219 545.968
7154 541.968
7221 538.968
7222 534.968
7223 530.968
7209 672.924
7276 668.924
7344 663.924
7413 659.924
7208 676.924
7211 664.924
7278 660.924
7346 655.924
7415 651.924
7210 668.924
7277 664.924
7345 659.924
7414 655.924
7212 660.924
7200 708.924
7267 704.924
7207 680.924
7206 684.924
7273 680.924
7260 732.924
7263 720.924
7241 459.968
7243 800.924
7311 795.924
7380 791.924
7242 455.968
7233 490.968
7234 486.968
7235 482.968
7236 478.968
7237 474.968
7238 470.968
7172 466.968
7289 534.968
7288 538.968
7291 526.968
7290 530.968
7281 648.924
7349 643.924
7350 639.924
7419 635.924
7420 631.924
7280 652.924
7348 647.924
7282 644.924
7287 542.968
7275 672.924
7343 667.924
7274 676.924
7342 671.924
7279 656.924
7347 651.924
7264 716.924
7332 711.924
7401 707.924
7269 696.924
7268 700.924
7271 688.924
7339 683.924
7270 692.924
7305 470.968
7304 474.968
7307 463.968
7310 799.924
7297 502.968
7298 498.968
7299 494.968
7300 490.968
7301 486.968
7302 482.968
7303 478.968
7353 630.968
7555 618.968
7355 550.968
7356 546.968
7357 542.968
7359 534.968
7358 538.968
7376 467.968
7369 494.968
7368 498.968
7371 486.968
7370 490.968
7373 478.968
7374 474.968
7372 482.968
7360 530.968
7363 518.968
7362 522.968
7365 510.968
7367 502.968
7366 506.968
7417 643.924
7416 647.924
7418 639.924
7423 554.968
7424 550.968
7422 556.968
7409 675.924
7408 679.924
7411 667.924
7412 663.924
7403 699.924
7404 695.924
7405 691.924
7406 687.924
7395 731.924
7394 735.924
7396 727.924
7441 482.968
7442 478.968
7440 486.968
7433 514.968
7434 510.968
7432 518.968
7364 514.968
7435 506.968
7436 502.968
7437 498.968
7438 494.968
7439 490.968
7425 546.968
7426 542.968
7427 538.968
7431 522.968
7430 526.968
7513 786.968
7514 782.968
7515 778.968
7516 774.968
7517 770.968
7518 766.968
7519 762.968
7520 758.968
7521 754.968
7522 750.968
7523 746.968
7524 742.968
7525 738.968
7526 734.968
7527 730.968
7528 726.968
7529 722.968
7530 718.968
7531 714.968
7532 710.968
7533 706.968
7534 702.968
7535 698.968
7536 694.968
7537 690.968
7538 686.968
7539 682.968
7540 678.968
7541 674.968
7542 670.968
7543 666.968
7544 662.968
7545 658.968
7546 654.968
7547 650.968
7548 646.968
7549 642.968
7550 638.968
7551 634.968
7552 630.968
7553 626.968
7554 622.968
7505 494.968
7504 498.968
7507 486.968
7508 482.968
7506 490.968
7497 526.968
7498 522.968
7496 530.968
7499 518.968
7500 514.968
7501 510.968
7502 506.968
7503 502.968
7489 558.968
7490 554.968
7491 550.968
7495 534.968
7579 486.968
7582 795.968
7655 791.968
7728 787.968
7569 526.968
7570 522.968
7571 518.968
7568 530.968
7573 510.968
7572 514.968
7575 502.968
7576 498.968
7574 506.968
7561 558.968
7560 562.968
7562 554.968
7565 542.968
7567 534.968
7566 538.968
7559 564.968
7488 560.968
7609 687.968
7682 683.968
7683 679.968
7684 675.968
7685 671.968
7758 667.968
7832 662.968
7833 658.968
7608 691.968
7611 679.968
7610 683.968
7613 671.968
7686 667.968
7687 663.968
7688 659.968
7689 655.968
7690 651.968
7691 647.968
7764 643.968
7838 638.968
7612 675.968
7615 663.968
7614 667.968
7603 711.968
7604 707.968
7605 703.968
7606 699.968
7679 695.968
7752 691.968
7826 686.968
7827 682.968
7828 678.968
7829 674.968
7607 695.968
7592 755.968
7665 751.968
7666 747.968
7667 743.968
7668 739.968
7741 735.968
7815 730.968
7641 534.968
7642 530.968
7640 538.968
7643 526.968
7645 518.968
7644 522.968
7647 510.968
7646 514.968
7633 566.968
7634 562.968
7635 558.968
7639 542.968
7638 546.968
7625 623.968
7698 619.968
7771 615.968
7845 610.968
7624 627.968
7627 615.968
7628 611.968
7629 607.968
7630 603.968
7626 619.968
7617 655.968
7616 659.968
7619 647.968
7620 643.968
7693 639.968
7766 635.968
7840 630.968
7618 651.968
7621 639.968
7694 635.968
7695 631.968
7768 627.968
7842 622.968
7623 631.968
7622 635.968
7677 703.968
7750 699.968
7824 694.968
7678 699.968
7751 695.968
7825 690.968
7648 506.968
7649 502.968
7654 487.091
10081 483.055
7706 566.968
7711 546.968
7712 542.968
7713 538.968
7714 534.968
7710 550.968
7697 623.968
7770 619.968
7844 614.968
7696 627.968
7769 623.968
7843 618.968
7699 615.968
7772 611.968
7846 606.968
7847 602.968
7701 607.968
7774 603.968
7848 598.968
7700 611.968
7773 607.968
7703 599.968
7702 603.968
7692 643.968
7765 639.968
7839 634.968
7681 687.968
7754 683.968
7680 691.968
7753 687.968
7720 510.968
7721 506.968
7715 530.968
7717 522.968
7718 518.968
7719 514.968
7716 526.968
7775 599.968
7849 594.968
7761 655.968
7835 650.968
7760 659.968
7834 654.968
7763 647.968
7837 642.968
7762 651.968
7836 646.968
7767 631.968
7841 626.968
7755 679.968
7757 671.968
7831 666.968
7756 675.968
7830 670.968
7759 663.968
7793 514.968
7794 510.968
7795 506.968
7792 518.968
7785 546.968
7784 550.968
7787 538.968
7786 542.968
7789 530.968
7790 526.968
7791 522.968
7788 534.968
7776 595.968
7850 590.968
7779 570.968
7778 587.968
7781 562.968
7783 554.968
7865 522.968
7864 526.968
7866 518.968
7857 554.968
7856 558.968
7859 546.968
7858 550.968
7861 538.968
7862 534.968
7863 530.968
7860 542.968
7854 566.968
7929 562.968
7930 558.968
7931 554.968
7932 550.968
7933 546.968
7935 538.968
7936 534.968
7937 530.968
7934 542.968
7938 526.968
7939 522.968
7940 518.968
7941 514.968
8013 509.968
7944 502.968
7872 498.968
7726 490.968
8061 569.968
8060 573.968
8053 601.968
8054 597.968
8052 605.968
8055 593.968
8043 641.968
8044 637.968
8045 633.968
8046 629.968
8047 625.968
8035 673.968
8037 665.968
8036 669.968
8072 525.968
8074 518.968
8067 545.968
