 key  value
8122 352.032
8063 348.032
8000 344.032
7929 340.032
7855 336.032
7782 332.032
7709 328.032
7636 324.032
7562 320.032
7491 316.032
7424 312.032
7356 308.032
7287 304.032
7221 300.032
7155 296.032
7086 292.032
7016 288.032
6940 284.032
6869 280.032
6798 276.032
6723 272.032
6645 268.032
6566 264.032
6484 260.032
6402 256.032
6324 252.032
6247 248.032
6173 244.032
6096 240.032
6016 236.032
5937 232.032
5863 228.032
5789 224.032
5714 220.032
5635 216.032
5559 212.032
5474 208.032
5384 204.032
5293 200.032
5206 196.032
5127 192.032
5045 188.032
4962 184.032
4792 176.032
4704 172.032
4622 168.032
4536 164.032
4448 160.032
4359 156.032
4268 151.032
4175 147.032
4085 143.032
3996 139.032
3907 135.032
3820 131.032
3732 127.032
3649 122.032
3564 118.032
3482 114.032
3395 109.032
3300 105.032
3203 101.032
3108 96.032
3015 92.032
2913 88.032
2820 84.032
2734 79.032
2478 62.437
2392 55.499
2305 51.499
2218 47.499
2127 43.499
2035 39.499
1946 35.499
1862 31.499
1772 27.499
1675 23.499
1581 18.499
1483 14.499
1391 10.499
8125 352.032
8066 348.032
8004 344.032
7933 340.032
7860 336.032
7787 332.032
7713 328.032
7640 324.032
7567 320.032
7496 316.032
7430 312.032
7361 308.032
7292 304.032
7225 300.032
7159 296.032
7089 292.032
7019 288.032
6943 284.032
6871 280.032
6800 276.032
6725 272.032
6647 268.032
6568 264.032
6485 260.032
8124 352.032
8065 348.032
8002 344.032
7931 340.032
7857 336.032
7784 332.032
7711 328.032
7639 324.032
7565 320.032
7494 316.032
7428 312.032
7360 308.032
7291 304.032
8127 352.032
8068 348.032
8005 344.032
7934 340.032
8126 352.032
8067 348.032
8113 372.032
8054 368.032
7992 364.032
7993 360.032
7923 356.032
7924 352.032
7925 348.032
7926 344.032
7927 340.032
7854 336.032
7781 332.032
7708 328.032
8112 376.032
8115 364.032
8056 360.032
8057 356.032
7995 352.032
8114 368.032
8055 364.032
8117 356.032
8118 352.032
8059 348.032
7997 344.032
8116 360.032
8119 352.032
8060 348.032
7998 344.032
7928 340.032
8105 404.032
8106 400.032
8047 396.032
7985 392.032
7915 388.032
7916 384.032
7917 380.032
7918 376.032
7919 372.032
7920 368.032
7921 364.032
7922 360.032
8104 408.032
8107 396.032
8048 392.032
7986 388.032
7987 384.032
7988 380.032
8109 388.032
8050 384.032
8108 392.032
8049 388.032
8111 380.032
8110 384.032
8097 436.032
8038 432.032
8039 428.032
8040 424.032
8041 420.032
8042 416.032
7980 412.032
7910 408.032
7911 404.032
7912 400.032
7913 396.032
7914 392.032
8096 440.032
8099 428.032
8098 432.032
8101 420.032
8102 416.032
8103 412.032
8100 424.032
8155 436.032
8156 432.032
8157 428.032
8158 424.032
8159 420.032
8160 416.032
8161 412.032
8136 512.032
8137 508.032
8080 504.032
8081 500.032
8082 496.032
8083 492.032
8024 488.032
8025 484.032
8026 480.032
8027 476.032
8028 472.032
8029 468.032
8030 464.032
7968 460.032
7898 456.032
7899 452.032
7900 448.032
7901 444.032
7902 440.032
7903 436.032
7904 432.032
7905 428.032
7906 424.032
7907 420.032
7908 416.032
7909 412.032
8128 352.032
8069 348.032
8007 344.032
7937 340.032
7863 336.032
7790 332.032
7717 328.032
7644 324.032
7571 320.032
7500 316.032
7434 312.032
7365 308.032
7296 304.032
7229 300.032
7163 296.032
7093 292.032
7022 288.032
6948 284.032
6878 280.032
6807 276.032
6732 272.032
6653 268.032
6574 264.032
6492 260.032
6410 256.032
6331 252.032
6254 248.032
6179 244.032
6102 240.032
6022 236.032
5943 232.032
5869 228.032
5794 224.032
5719 220.032
5639 216.032
5563 212.032
5478 208.032
5387 204.032
5295 200.032
5207 196.032
5128 192.032
5046 188.032
8185 356.032
8184 356.032
8177 356.032
8176 356.032
8179 356.032
8121 352.032
8062 348.032
7999 344.032
8178 356.032
8181 356.032
8180 356.032
8183 356.032
8182 356.032
8169 380.032
8168 384.032
8171 372.032
8172 368.032
8173 364.032
8174 360.032
8175 356.032
8170 376.032
8163 404.032
8162 408.032
8165 396.032
8166 392.032
8167 388.032
8164 400.032
8217 420.032
8216 424.032
8219 412.032
8218 416.032
8221 404.032
8222 400.032
8223 396.032
8224 392.032
8225 388.032
8226 384.032
8220 408.032
8215 428.032
8214 432.032
8241 360.032
8240 360.032
8242 360.032
8233 360.032
8232 360.032
8235 360.032
8234 360.032
8237 360.032
8236 360.032
8239 360.032
8238 360.032
8227 380.032
8228 376.032
8229 372.032
8230 368.032
8231 364.032
8281 380.032
8282 376.032
8283 372.032
8280 384.032
8285 364.032
8284 368.032
8287 364.032
8286 364.032
8273 412.032
8272 416.032
8275 404.032
8276 400.032
8277 396.032
8274 408.032
8279 388.032
8278 392.032
91 193.499
111 189.499
125 185.499
143 181.499
171 177.499
209 173.499
254 169.499
304 165.499
359 161.499
419 155.499
482 151.499
481 147.499
550 140.499
621 136.499
620 132.499
619 128.499
689 124.499
768 120.499
767 116.499
766 112.499
765 108.499
764 104.499
850 98.499
934 94.499
933 90.499
932 86.499
931 82.499
930 78.499
1006 71.499
1076 67.499
1144 61.499
1143 57.499
1142 53.499
1223 46.499
1306 39.499
1393 33.499
1486 26.499
1485 22.499
1484 18.499
1392 14.499
8269 428.032
8270 424.032
93 193.499
113 189.499
127 185.499
144 181.499
172 177.499
8268 432.032
92 193.499
112 189.499
126 185.499
8271 420.032
8319 428.032
8318 432.032
8298 364.032
8245 360.032
8188 356.032
8130 352.032
8071 348.032
8009 344.032
7939 340.032
7866 336.032
7793 332.032
7719 328.032
7647 324.032
7573 320.032
7502 316.032
7436 312.032
7368 308.032
7299 304.032
7233 300.032
7166 296.032
7096 292.032
7025 288.032
6951 284.032
6880 280.032
6809 276.032
6733 272.032
6654 268.032
6575 264.032
8289 364.032
8288 364.032
8291 364.032
115 197.499
129 193.499
128 189.499
145 185.499
173 181.499
210 177.499
8290 364.032
114 193.499
8293 364.032
8292 364.032
8294 364.032
8344 368.032
8295 364.032
8349 369.866
9963 367.901
8299 364.032
8246 360.032
8189 356.032
8132 352.032
8073 348.032
8011 344.032
7940 340.032
110 189.499
124 185.499
141 181.499
170 177.499
208 173.499
253 169.499
8337 368.032
8336 368.032
8339 368.032
8338 368.032
8341 368.032
8340 368.032
8343 368.032
8342 368.032
8329 388.032
8328 392.032
8331 380.032
8332 376.032
8330 384.032
8333 372.032
8334 368.032
8335 368.032
8321 420.032
8320 424.032
8323 412.032
147 193.499
175 189.499
174 185.499
211 181.499
256 177.499
306 173.499
361 169.499
360 165.499
8322 416.032
146 189.499
8325 404.032
8326 400.032
8327 396.032
149 201.499
148 197.499
8324 408.032
150 205.499
178 201.499
215 197.499
260 193.499
310 189.499
365 185.499
364 181.499
363 177.499
362 173.499
8377 392.032
8378 388.032
8379 384.032
8380 380.032
8376 396.032
8381 376.032
8382 372.032
8383 372.032
8369 424.032
8368 428.032
8371 416.032
8372 412.032
8373 408.032
8374 404.032
8375 400.032
131 201.499
8370 420.032
130 197.499
133 209.499
132 205.499
177 197.499
176 193.499
213 189.499
258 185.499
308 181.499
307 177.499
179 205.499
216 201.499
261 197.499
311 193.499
366 189.499
181 213.499
180 209.499
217 205.499
262 201.499
8393 372.032
8345 368.032
219 213.499
264 209.499
263 205.499
218 209.499
8385 372.032
8384 372.032
8387 372.032
8386 372.032
8389 372.032
8388 372.032
212 185.499
8391 372.032
8390 372.032
214 193.499
8441 376.032
8392 372.032
8440 376.032
8433 376.032
8432 376.032
8435 376.032
8434 376.032
8437 376.032
8436 376.032
8439 376.032
8438 376.032
8425 400.032
8426 396.032
8424 404.032
8427 392.032
8429 384.032
8428 388.032
8431 376.032
255 173.499
305 169.499
8430 380.032
8419 424.032
8420 420.032
8421 416.032
8422 412.032
8423 408.032
8418 428.032
8473 400.032
8474 396.032
8475 392.032
8472 404.032
8477 384.032
8476 388.032
8479 380.032
8478 380.032
8467 424.032
8468 420.032
8466 428.032
8469 416.032
8471 408.032
8470 412.032
266 217.499
265 213.499
257 181.499
8499 484.032
8500 480.032
8501 476.032
8502 472.032
8456 468.032
8409 464.032
8410 460.032
8411 456.032
8412 452.032
8413 448.032
8414 444.032
8415 440.032
8416 436.032
8367 432.032
259 189.499
309 185.499
313 201.499
368 197.499
367 193.499
312 197.499
315 209.499
314 205.499
317 217.499
372 213.499
371 209.499
370 205.499
369 201.499
316 213.499
319 225.499
318 221.499
8481 380.032
8480 380.032
8483 380.032
8482 380.032
8485 380.032
8484 380.032
8487 380.032
8486 380.032
299 130.499
298 126.499
297 122.499
296 118.499
295 114.499
350 110.499
410 106.499
471 102.499
539 98.499
610 94.499
680 90.499
759 86.499
846 82.499
8529 384.032
8528 384.032
8531 384.032
8530 384.032
8533 384.032
8532 384.032
8521 396.032
8520 400.032
8523 388.032
8522 392.032
8525 384.032
8524 384.032
8527 384.032
8526 384.032
8515 420.032
8516 416.032
8514 424.032
8517 412.032
8518 408.032
8519 404.032
8569 388.032
8568 388.032
8571 388.032
8570 388.032
8573 388.032
8572 388.032
8575 388.032
8574 388.032
8561 416.032
8560 420.032
8563 408.032
8564 404.032
8562 412.032
8565 400.032
8567 392.032
8566 396.032
373 217.499
375 225.499
374 221.499
8605 416.032
8604 420.032
8607 408.032
8606 412.032
353 122.499
352 118.499
412 114.499
473 110.499
472 106.499
8589 480.032
8546 476.032
413 118.499
8588 484.032
8590 476.032
8547 472.032
8548 468.032
8549 464.032
8550 460.032
8506 456.032
8460 452.032
414 122.499
475 118.499
543 114.499
614 110.499
684 106.499
683 102.499
682 98.499
681 94.499
760 90.499
847 86.499
8576 388.032
8632 476.032
8633 472.032
8634 468.032
8593 464.032
8631 480.032
8630 484.032
8617 392.032
8616 392.032
8619 392.032
8618 392.032
8609 400.032
433 210.499
496 206.499
566 202.499
565 198.499
636 194.499
635 190.499
634 186.499
633 182.499
632 178.499
631 174.499
630 170.499
629 166.499
628 162.499
697 155.499
696 151.499
774 144.499
773 140.499
772 136.499
771 132.499
770 128.499
769 124.499
8608 404.032
432 206.499
495 202.499
494 198.499
564 194.499
8611 392.032
435 218.499
498 214.499
568 210.499
567 206.499
638 202.499
637 198.499
8610 396.032
434 214.499
8613 392.032
8612 392.032
436 222.499
8615 392.032
8614 392.032
425 178.499
488 174.499
487 170.499
557 166.499
424 174.499
427 186.499
426 182.499
489 178.499
559 174.499
558 170.499
429 194.499
492 190.499
491 186.499
490 182.499
560 178.499
428 190.499
8671 480.032
8672 476.032
8673 472.032
8670 484.032
8657 396.032
8656 396.032
416 128.499
477 124.499
545 120.499
616 116.499
686 112.499
685 108.499
8659 396.032
8658 396.032
8661 396.032
421 163.499
420 159.499
8660 396.032
423 171.499
422 167.499
8649 408.032
8650 404.032
8651 400.032
8652 396.032
8648 412.032
474 114.499
8653 396.032
476 120.499
544 116.499
615 112.499
8655 396.032
8654 396.032
478 128.499
546 124.499
469 97.499
537 93.499
608 89.499
678 85.499
757 81.499
756 77.499
755 73.499
842 69.499
926 65.499
1003 61.499
1073 57.499
8647 416.032
8646 420.032
8697 400.032
8696 400.032
8699 400.032
8698 400.032
8701 400.032
8700 400.032
8689 408.032
8691 400.032
8690 404.032
8693 400.032
8692 400.032
8695 400.032
8694 400.032
8686 420.032
497 210.499
499 218.499
8729 404.032
8728 408.032
8731 404.032
8730 404.032
8733 404.032
8732 404.032
8735 404.032
8734 404.032
483 155.499
485 163.499
484 159.499
8726 416.032
8688 412.032
486 167.499
556 163.499
627 159.499
626 155.499
538 95.499
609 91.499
679 87.499
758 83.499
845 79.499
929 75.499
541 106.499
612 102.499
540 102.499
611 98.499
542 110.499
8711 476.032
8712 472.032
8713 468.032
8714 464.032
8715 460.032
8677 456.032
8638 452.032
8597 448.032
8554 444.032
8510 440.032
8464 436.032
8465 432.032
8710 480.032
8763 416.032
8727 412.032
8765 408.032
8764 412.032
8767 408.032
8766 408.032
8747 480.032
8746 484.032
570 218.499
641 214.499
640 210.499
639 206.499
8748 476.032
8737 404.032
8736 404.032
8739 404.032
563 190.499
8738 404.032
553 152.499
624 148.499
694 144.499
552 148.499
551 144.499
622 140.499
555 159.499
554 156.499
8787 480.032
8788 476.032
8789 472.032
8790 468.032
8791 464.032
8752 460.032
8716 456.032
8717 452.032
8718 448.032
8680 444.032
8641 440.032
8600 436.032
8557 432.032
8558 428.032
547 128.499
8786 484.032
8776 408.032
8740 404.032
605 81.499
675 77.499
8780 410.395
9950 404.733
8704 400.032
8664 396.032
8622 392.032
8579 388.032
8534 384.032
607 85.499
606 81.499
676 77.499
8769 408.032
8768 408.032
8771 408.032
8770 408.032
8773 408.032
8772 408.032
8775 408.032
8774 408.032
8827 480.032
8828 476.032
8829 472.032
8830 468.032
8831 464.032
8832 460.032
8833 456.032
8794 452.032
8755 448.032
8719 444.032
8720 440.032
8682 436.032
8643 432.032
8644 428.032
8603 424.032
8816 412.032
8809 412.032
8808 412.032
8811 412.032
8810 412.032
8813 412.032
8812 412.032
8815 412.032
8814 412.032
8801 424.032
8802 420.032
625 152.499
8800 428.032
8761 424.032
8725 420.032
8803 416.032
8805 412.032
8804 412.032
8807 412.032
8806 412.032
617 120.499
618 124.499
623 144.499
8849 416.032
8848 416.032
8851 416.032
8850 416.032
8853 416.032
613 106.499
8852 416.032
8854 416.032
8841 424.032
8843 416.032
8842 420.032
8845 416.032
8844 416.032
8847 416.032
8846 416.032
8890 420.024
9969 416.094
8881 420.032
8880 420.032
8883 420.032
8882 420.032
642 218.499
8885 420.032
8884 420.032
8887 420.032
8886 420.032
8877 424.032
8879 420.032
8878 420.032
688 120.499
687 116.499
691 132.499
693 140.499
692 136.499
695 148.499
8920 424.032
8913 424.032
8912 424.032
8915 424.032
8914 424.032
8917 424.032
677 81.499
8916 424.032
8919 424.032
8918 424.032
8911 428.032
8910 432.032
8876 428.032
8953 428.032
8952 428.032
712 222.499
711 218.499
8945 428.032
8944 432.032
8947 428.032
8946 428.032
8949 428.032
709 210.499
708 206.499
8948 428.032
8951 428.032
8950 428.032
710 214.499
761 94.499
848 90.499
763 102.499
762 98.499
753 73.499
840 69.499
925 65.499
754 73.499
841 69.499
8985 432.032
8984 432.032
8977 432.032
8976 436.032
8979 432.032
8978 432.032
8981 432.032
8980 432.032
8983 432.032
8982 432.032
8975 440.032
8974 444.032
785 210.499
784 206.499
707 202.499
706 198.499
787 218.499
786 214.499
789 226.499
788 222.499
790 230.499
713 226.499
9017 436.032
8986 432.032
9016 436.032
9009 436.032
9008 436.032
9011 436.032
9010 436.032
9013 436.032
9012 436.032
9015 436.032
9014 436.032
9005 448.032
9006 444.032
9007 440.032
8997 480.032
8966 476.032
8934 472.032
8901 468.032
8902 464.032
8868 460.032
8998 476.032
8967 472.032
8968 468.032
8969 464.032
8970 460.032
8971 456.032
8972 452.032
8973 448.032
9041 440.032
9040 440.032
9043 440.032
9042 440.032
9045 440.032
9044 440.032
9047 440.032
9046 440.032
856 129.499
9037 444.032
9036 448.032
9039 440.032
9038 440.032
849 94.499
851 109.499
9029 476.032
9030 472.032
9031 468.032
9001 464.032
853 117.499
9028 480.032
852 113.499
855 125.499
854 121.499
843 73.499
927 69.499
1004 65.499
1074 61.499
844 77.499
928 73.499
9073 444.032
9072 444.032
9075 444.032
835 89.499
920 85.499
921 81.499
922 77.499
923 73.499
924 69.499
9074 444.032
837 81.499
838 77.499
839 73.499
836 85.499
9065 448.032
9064 452.032
9067 444.032
9066 444.032
9069 444.032
9068 444.032
9071 444.032
9070 444.032
9059 472.032
9058 476.032
9063 456.032
9035 452.032
9113 480.032
9087 476.032
9088 472.032
9089 468.032
9090 464.032
9062 460.032
9034 456.032
9004 452.032
873 227.499
872 223.499
875 235.499
874 231.499
9117 464.032
9091 460.032
876 239.499
791 234.499
714 230.499
9119 456.032
9093 452.032
9118 460.032
9092 456.032
9104 448.032
869 211.499
871 219.499
870 215.499
9097 448.032
9096 448.032
9099 448.032
9098 448.032
9101 448.032
9100 448.032
9103 448.032
9102 448.032
9095 448.032
9094 448.032
9145 464.032
9144 468.032
9147 456.032
9120 452.032
9146 460.032
9149 456.032
9121 452.032
9148 456.032
9151 456.032
9123 452.032
9150 456.032
9122 452.032
9141 480.032
9142 476.032
9143 472.032
9128 452.032
952 235.499
9130 452.032
954 243.499
9133 452.024
9107 448.024
9078 444.024
9050 440.024
9020 436.024
8989 432.024
8957 428.024
8924 424.024
945 207.499
867 203.499
782 198.499
705 194.499
944 206.499
866 202.499
947 215.499
946 211.499
9125 452.032
949 223.499
948 219.499
9124 452.032
9127 452.032
951 231.499
950 227.499
9126 452.032
9177 460.032
9176 460.032
937 117.499
936 113.499
9179 460.032
9153 456.032
9178 460.032
939 125.499
9181 460.032
9156 456.032
938 121.499
9180 460.032
9154 456.032
9182 460.032
9169 472.032
9171 464.032
9170 468.032
9173 460.032
9172 460.032
9175 460.032
935 113.499
9174 460.032
9152 456.032
9155 456.032
9201 464.032
9200 464.032
9203 464.032
9202 464.032
9205 464.032
9204 464.032
9206 464.032
9193 476.032
9194 472.032
9195 468.032
9196 464.032
1017 211.499
1019 219.499
1018 215.499
9197 464.032
1021 227.499
1020 223.499
9199 464.032
9198 464.032
1022 231.499
1009 93.499
1008 89.499
1077 85.499
1147 79.499
1230 75.499
1229 71.499
1228 67.499
1312 63.499
1311 59.499
1310 55.499
1309 51.499
1308 47.499
1307 43.499
1011 117.499
1010 117.499
1015 210.499
1014 210.499
942 206.499
865 202.499
781 198.499
9241 472.032
9219 468.032
1001 84.499
1000 88.499
9243 472.032
9222 468.032
9242 472.032
9220 468.032
9245 472.032
9224 468.032
1005 69.499
9244 472.032
9247 472.032
9226 468.032
1007 86.499
9246 472.032
9225 468.032
9227 468.032
9228 468.032
9221 468.032
9223 468.032
1037 313.451
964 309.451
9999 307.111
963 301.452
962 297.452
1035 293.452
1103 286.596
1034 279.596
1033 275.596
1032 271.598
10013 270.769
1031 267.499
959 263.499
881 259.499
796 254.499
719 250.499
718 246.499
717 242.499
716 238.499
715 234.499
1027 251.499
1026 247.499
1025 243.499
1024 239.499
1023 235.499
1028 255.499
1081 121.499
1080 121.499
1084 214.499
1087 215.499
9249 472.032
9248 472.032
1075 65.499
1078 89.499
1097 255.499
1096 251.499
1099 263.499
1029 259.499
1102 276.079
1089 223.499
1088 219.499
1090 227.499
1095 247.499
1145 71.499
1146 75.499
1183 330.451
1106 325.451
1105 321.451
1038 317.451
965 313.451
1182 326.451
1169 256.499
1168 252.499
1171 264.499
1098 259.499
1170 260.499
1173 272.499
1100 267.499
1172 268.499
1161 224.499
1160 220.499
1163 232.499
1162 228.499
1165 240.499
1092 235.499
1167 248.499
1094 243.499
1166 244.499
1093 239.499
1153 125.499
1152 125.499
1157 218.499
1085 214.499
1016 210.499
1156 218.499
1159 219.499
1086 214.499
1158 218.499
1241 222.499
1243 223.499
1242 222.499
9421 1959.99
9422 1861.99
9423 1763.99
9424 1665.99
9442 1490.99
9443 1391.99
9461 1256.99
9477 1150.99
9494 1043.99
9512 911.988
9531 804.988
9551 697.988
6006 508.988
6087 503.988
6163 499.988
6238 495.988
6313 490.988
6314 486.988
6315 482.988
6316 478.988
6317 474.988
6395 467.988
6474 460.988
6555 456.988
6635 451.988
6713 447.988
6789 443.988
6862 438.988
6863 434.988
6864 430.988
6936 426.988
7012 422.988
7083 417.988
7152 413.988
7217 409.988
7284 405.988
7352 400.988
7421 396.988
7487 392.988
9982 389.047
7556 384.032
7557 380.032
7558 376.032
7631 369.032
7704 365.032
7777 361.032
7851 356.032
7852 352.032
1245 228.499
1244 224.499
9420 2057.99
1247 236.499
1246 232.499
1235 129.499
1234 129.499
1225 54.499
1224 50.499
1227 63.499
1226 58.499
1221 21.657
1220 17.657
1305 13.657
1304 9.657
9462 1220.49
9939 1130.07
9478 1112.17
9942 1023.29
9495 1004.99
1222 25.657
1264 325.451
1180 321.451
1104 317.451
1269 342.451
1268 338.451
1267 334.451
1266 330.451
1265 326.451
1181 322.451
1257 276.499
1256 272.499
1255 268.499
1259 305.499
1345 301.499
1435 297.499
1344 292.499
1343 288.499
1342 284.499
1341 280.499
1248 240.499
1164 236.499
1091 231.499
1251 252.499
1250 248.499
1249 244.499
9493 1098.99
9511 965.988
9530 859.988
9550 753.988
9572 624.988
5928 527.988
1253 260.499
1252 256.499
1254 264.499
9529 958.988
9528 1057.99
9532 800.988
9525 1946.23
9544 1844.23
9563 1751.23
9586 1649.23
9607 1547.23
9629 1455.23
9630 1358.23
9631 1261.23
9984 1209.64
9609 1130.03
9610 1030.03
9611 930.032
9612 830.032
9613 730.032
9614 630.032
7873 564.032
7800 560.032
7801 556.032
7874 552.032
7875 548.032
7876 544.032
7877 540.032
7878 536.032
7879 532.032
7880 528.032
7881 524.032
7882 520.032
7883 516.032
7884 512.032
7885 508.032
7886 504.032
7887 500.032
7888 496.032
7889 492.032
7890 488.032
7891 484.032
7892 480.032
7893 476.032
7894 472.032
7895 468.032
7896 464.032
7897 460.032
9524 2041.23
9543 1939.23
9562 1846.23
9585 1745.23
9606 1644.23
9628 1552.23
9527 1156.99
9513 907.988
1337 264.499
1336 260.499
1335 256.499
1334 252.499
1333 248.499
1339 272.499
1338 268.499
1340 276.499
1329 232.499
1328 228.499
9506 2142.23
1330 236.499
9509 1161.99
9510 1063.99
1332 244.499
1325 222.626
1415 218.626
1414 214.626
1605 197.394
1604 193.394
1700 189.499
1793 182.499
1792 178.499
1791 174.499
1790 170.499
1876 166.499
1875 162.499
1874 158.499
1873 154.499
1872 150.499
1871 146.499
1870 142.499
1869 138.499
1868 134.499
1867 130.499
1866 126.499
1949 120.499
1778 112.499
1591 104.499
1497 100.499
1403 96.499
1316 91.499
1233 87.499
1232 83.499
1231 79.499
9567 1114.99
9568 1016.99
9569 918.988
9570 820.988
9571 722.988
1327 227.499
9566 1212.99
1326 226.499
1317 133.499
1319 133.499
1236 129.499
1318 133.499
9547 1052.99
9546 1151.99
9549 853.988
9548 952.988
9593 621.988
6911 569.988
6912 565.988
6913 561.988
6982 550.988
7051 545.988
7120 541.988
7121 537.988
7186 533.988
7187 529.988
7188 525.988
7189 521.988
7256 517.988
7324 512.988
7325 508.988
7394 504.988
7395 500.988
7396 496.988
7397 492.988
7463 488.988
7464 484.988
7465 480.988
7466 476.988
7467 472.988
7468 468.988
7469 464.988
7470 460.988
7471 456.988
7472 452.988
7473 448.988
7474 444.988
7475 440.988
7476 436.988
7477 432.988
7478 428.988
7479 424.988
7480 420.988
7481 416.988
7482 412.988
7483 408.988
7484 404.988
7485 400.988
7486 396.988
9592 720.988
9595 800.499
9574 691.499
3392 607.499
3297 600.499
3107 585.499
3011 578.499
2908 567.499
2818 559.499
2732 554.499
2562 542.499
2477 537.499
2391 532.499
2302 524.499
2215 517.499
2124 510.499
2032 503.499
1943 498.499
1942 494.499
1941 490.499
1940 486.499
1939 482.499
1856 478.499
1765 474.499
1667 469.499
1573 465.499
1476 461.499
1475 457.499
1474 453.499
1473 449.499
1472 445.499
1471 441.499
1470 437.499
1469 433.499
1468 429.499
1467 425.499
1466 421.499
1465 417.499
1464 413.499
1463 409.499
1462 405.499
1461 401.499
1460 397.499
1459 393.499
1458 389.499
1457 385.499
1456 381.499
1455 377.499
1454 373.499
1453 369.499
1452 365.499
1451 361.499
1450 357.499
1449 353.499
1448 349.499
1447 345.499
1446 341.499
1445 337.499
1444 333.499
1443 329.499
1442 325.499
1441 321.499
1440 317.499
1439 313.499
1438 309.499
1437 305.499
1436 301.499
1352 329.499
9594 702.499
5374 628.499
5373 624.499
5285 620.499
5202 615.499
5201 611.499
5200 607.499
5199 603.499
5198 599.499
5118 595.499
5117 591.499
5035 587.499
4951 582.499
4950 578.499
4865 574.499
4778 570.499
4689 565.499
4603 561.499
4516 557.499
4427 553.499
4335 548.499
4334 544.499
4333 540.499
4241 536.499
4148 532.499
4058 527.499
4057 523.499
3967 519.499
3878 515.499
3790 511.499
3702 506.499
3618 502.499
3532 498.499
3446 493.499
3445 489.499
3444 485.499
3443 481.499
3442 477.499
3441 473.499
3440 469.499
3439 465.499
3438 461.499
3437 457.499
3436 453.499
3435 449.499
3434 445.499
3433 441.499
3432 437.499
3431 433.499
3430 429.499
3429 425.499
3428 421.499
3427 417.499
3426 413.499
3425 409.499
3424 405.499
3423 401.499
3422 397.499
3421 393.499
3337 389.499
3336 385.499
3335 381.499
3334 377.499
3333 373.499
3332 369.499
3331 365.499
3330 361.499
3329 357.499
3328 353.499
3327 349.499
3326 345.499
3325 341.499
3324 337.499
3323 333.499
3229 326.499
3138 321.499
3046 317.499
3045 313.499
2949 306.499
2848 302.499
2759 297.499
2670 293.499
2583 289.499
2497 284.499
2412 280.499
2326 276.499
2238 271.499
2152 267.499
2062 263.499
1971 259.499
1882 254.499
1799 250.499
1708 246.499
1610 241.499
1516 237.499
1419 233.499
1355 341.499
1357 349.499
1356 345.499
1359 357.499
1358 353.499
1347 309.499
1346 305.499
9589 1017.99
9590 918.988
9591 819.988
9588 1116.99
1349 317.499
1348 313.499
1350 321.499
1401 72.499
1313 67.499
1400 68.499
1402 81.499
1314 76.499
1405 137.499
1404 137.499
1395 41.499
1394 37.499
9573 231.032
4102 227.032
4194 223.032
4286 219.032
4285 215.032
4192 211.032
4191 207.032
4190 203.032
4189 199.032
4188 195.032
4187 191.032
4186 187.032
4185 183.032
4095 179.032
4005 174.032
3916 170.032
3915 166.032
3826 162.032
3825 158.032
3738 154.032
3655 149.032
3569 145.032
3488 141.032
3402 136.032
3306 132.032
3210 128.032
3115 123.032
3022 119.032
3021 115.032
3020 111.032
3019 107.032
2917 103.032
2824 99.032
2737 91.032
2736 87.032
2735 83.032
1397 49.499
1396 45.499
1399 68.213
1494 64.213
10036 58.724
1492 53.499
1491 49.499
1398 56.499
9617 804.499
9616 705.499
7111 640.499
7110 636.499
7109 632.499
7108 628.499
7038 620.499
7037 616.499
6967 609.499
6966 605.499
6965 601.499
6964 597.499
6896 590.499
6828 585.499
6755 581.499
6679 577.499
6601 572.499
6600 568.499
6599 564.499
6519 560.499
6437 556.499
6359 552.499
6282 547.499
6207 543.499
6131 539.499
6055 534.499
5974 530.499
5973 526.499
5900 522.499
5826 518.499
5751 513.499
5750 509.499
5749 505.499
5673 501.499
5672 497.499
5592 493.499
5515 488.499
5514 484.499
5513 480.499
5427 476.499
5335 472.499
5247 468.499
5164 463.499
5084 459.499
5083 455.499
5001 451.499
4917 446.499
4916 442.499
4831 438.499
4744 434.499
4655 429.499
4569 425.499
4482 421.499
4393 417.499
4301 412.499
4209 408.499
4116 404.499
4026 399.499
3936 395.499
3847 391.499
3759 387.499
3671 382.499
3587 378.499
3501 374.499
3415 369.499
1433 289.499
1432 285.499
1434 293.499
1424 253.499
1427 265.499
1426 261.499
1429 273.499
1428 269.499
1431 281.499
1430 277.499
9657 872.032
9636 769.032
1417 226.626
1416 222.626
9656 969.032
9635 866.032
9658 970.032
1418 230.626
9661 907.255
9638 799.255
10125 784.671
1421 241.499
9660 835.499
9637 727.499
9615 634.499
6824 575.499
6751 571.499
6675 567.499
6598 563.499
6518 559.499
6436 555.499
6358 551.499
1420 237.499
9655 1067.03
9634 963.032
9654 1164.03
9633 1060.03
9639 820.499
9681 943.499
9680 977.032
9682 1015.25
1496 99.499
1499 141.499
1498 141.499
9677 1241.51
10128 1142.09
1500 141.499
9679 975.032
9678 1072.03
1490 42.499
1489 38.499
1488 34.499
1487 30.499
1493 60.499
1495 103.499
9721 1170.03
9700 1066.03
9720 1168.03
1482 9.777
1529 289.499
1528 285.499
1531 297.499
1530 293.499
1533 305.499
1532 301.499
1534 309.499
9699 1163.03
9701 1068.03
1525 273.499
1524 269.499
1527 281.499
1526 277.499
1513 226.626
1512 222.626
1511 218.626
1515 234.626
1514 230.626
1517 241.499
9742 1348.03
9741 1249.03
1553 385.499
1552 381.499
1551 377.499
1550 373.499
1555 393.499
1554 389.499
1556 397.499
1545 353.499
1544 349.499
1543 345.499
1546 357.499
1549 369.499
1548 365.499
1547 361.499
1537 321.499
1536 317.499
1538 325.499
1541 337.499
1540 333.499
9782 1576.03
9781 1479.03
9761 1353.03
1542 341.499
1593 138.499
1686 134.499
1780 130.499
1592 138.499
1685 134.499
1585 34.499
1584 30.499
9762 1453.03
1586 38.499
1589 103.499
1590 103.499
9819 1645.03
9799 1542.03
9779 1441.03
9760 1351.03
1579 13.777
9818 1644.03
9821 1651.03
9801 1547.03
9780 1443.03
9820 1648.03
9800 1544.03
1580 17.777
9823 1696.72
9804 1599.72
9784 1502.72
9763 1390.26
9744 1293.26
9723 1196.26
10126 1102.53
9702 1017.5
1583 26.499
9822 1687.03
9802 1583.03
1582 22.499
1625 301.499
1624 297.499
1627 309.499
1626 305.499
1628 313.499
1630 321.499
1629 317.499
1619 277.499
1618 273.499
1621 285.499
1620 281.499
1623 293.499
9798 1565.03
9778 1463.03
9759 1373.03
9740 1271.03
1622 289.499
1609 238.626
1608 234.626
1611 245.499
1613 253.499
1519 249.499
1518 245.499
1612 249.499
9844 900.338
9833 883.275
10024 848.616
9830 808.526
9871 758.185
9829 701.499
9912 664.587
9828 633.268
9927 590.8
9827 551.928
9897 536.207
1607 230.626
1606 226.626
1657 429.499
1656 425.499
1655 421.499
1561 417.499
1560 413.499
1559 409.499
1558 405.499
1557 401.499
9835 855.198
9879 842.63
9834 917.889
9843 884.011
1658 433.499
9836 738.304
9904 697.915
1649 397.499
1648 393.499
9826 286.951
6240 275.032
6166 271.032
6089 267.032
6009 263.032
5930 259.032
5856 255.032
5782 251.032
5707 247.032
5708 243.032
5709 239.032
5710 235.032
5711 231.032
5632 227.032
5633 223.032
5634 219.032
5558 215.032
5473 211.032
5383 207.032
5292 203.032
1651 405.499
1650 401.499
1653 413.499
1652 409.499
9831 902.175
10007 851.036
9881 313.374
1640 361.499
1639 357.499
1643 373.499
1642 369.499
9885 136.532
1645 381.499
1644 377.499
1647 389.499
1646 385.499
1633 333.499
1539 329.499
1632 329.499
1635 341.499
1634 337.499
1637 349.499
1636 345.499
1638 353.499
9866 86.599
673 77.499
1683 107.499
1684 108.499
9913 265.318
4727 259.068
9909 255.144
4726 251.032
4556 239.032
4468 235.032
4378 228.032
4287 223.032
1673 18.777
9915 226.177
9914 263.486
9825 254.583
5627 247.032
5628 243.032
5552 239.032
5553 235.032
5468 231.032
5469 227.032
5379 223.032
5380 219.032
5381 215.032
5382 211.032
1674 22.499
9917 421.912
7084 416.988
7153 412.988
7218 408.988
7285 404.988
1677 31.499
9916 642.724
1676 27.499
9919 611.451
9918 114.963
1777 111.499
1678 35.499
9905 87.358
9906 287.064
4469 285.036
4557 281.036
4643 277.036
9898 271.585
4729 267.068
4728 263.068
9908 422.111
3249 419.499
3248 415.499
3340 408.499
9911 489.807
9910 189.99
1721 298.499
9896 410.639
1720 294.499
9899 93.846
1723 306.499
1722 302.499
1725 314.499
9900 435.801
6794 432.988
7014 420.988
1724 310.499
9903 306.754
3665 299.394
3582 295.394
3497 291.394
3409 287.394
3319 283.394
3224 279.394
3132 275.394
3041 271.394
2937 267.394
2836 263.394
2748 259.394
2659 255.394
2572 251.394
2486 246.394
2401 242.394
2315 238.394
2228 234.394
2142 230.394
2052 226.394
1963 222.394
1879 216.394
1794 212.394
1702 205.394
1727 322.499
9902 614.288
1713 266.499
1615 261.499
1521 257.499
1712 262.499
1614 257.499
1715 274.499
1617 269.499
1523 265.499
1522 261.499
1714 270.499
1616 265.499
1717 282.499
1716 278.499
9895 152.385
4170 145.032
3992 137.032
3817 129.032
3730 125.032
3648 121.032
3563 117.032
3481 113.032
3394 108.032
3299 104.032
1719 290.499
9894 292.653
1718 286.499
9945 665.432
1705 235.626
9944 494.159
1672 489.499
1671 485.499
1670 481.499
1669 477.499
1668 473.499
1704 231.626
1707 243.626
9946 442.611
918 440.612
917 436.612
916 432.612
915 428.612
914 424.612
913 420.612
912 416.612
911 412.612
910 408.612
909 404.612
908 400.612
907 396.612
906 392.612
905 388.612
904 384.612
903 380.612
902 376.612
901 372.612
900 368.612
899 364.612
898 360.612
897 356.612
896 352.612
895 348.612
894 344.612
893 340.612
892 336.612
891 332.612
890 328.612
889 324.612
888 320.612
887 316.612
886 312.612
1706 239.626
9949 293.638
6510 288.032
6427 284.032
6348 280.032
6270 275.032
6195 271.032
6194 267.032
6116 263.032
6035 258.032
6034 254.032
5953 250.032
5879 246.032
5878 242.032
5803 238.032
5727 233.032
5726 229.032
5725 225.032
5645 221.032
5568 217.032
5482 212.032
5391 208.032
5299 204.032
5211 200.032
5131 195.032
5049 191.032
4965 187.032
4880 182.032
4794 178.032
4706 174.032
4623 169.032
4537 165.032
4449 161.032
4360 157.032
4269 152.032
4176 148.032
4086 144.032
9948 402.517
8665 396.032
8623 392.032
8580 388.032
8536 384.032
8489 380.032
8442 376.032
9951 455.219
1711 258.499
1710 254.499
9936 1082.76
1699 186.499
1698 182.499
9938 1027.69
9943 641.699
1753 426.499
9928 300.861
4195 297.036
4288 293.036
4379 289.036
1752 422.499
1654 417.499
1754 430.499
9933 1036.08
1757 442.499
1659 437.499
1565 433.499
1564 429.499
1563 425.499
1562 421.499
1758 446.499
1660 441.499
1566 437.499
1745 394.499
9920 146.731
1744 390.499
9923 437.529
3159 433.499
3158 429.499
3157 425.499
1747 402.499
1746 398.499
1749 410.499
9924 409.953
1748 406.499
1751 418.499
9926 104.287
1750 414.499
1737 362.499
9976 548.608
6005 512.988
6086 507.988
9979 392.806
2782 389.499
2781 385.499
2692 381.499
2605 377.499
2519 372.499
2434 368.499
2433 364.499
2432 360.499
2431 356.499
2430 352.499
2429 348.499
2428 344.499
2427 340.499
2426 336.499
2425 332.499
2339 328.499
2251 323.499
2165 319.499
2164 315.499
2163 311.499
2162 307.499
2072 303.499
2071 299.499
1980 295.499
1891 290.499
1808 286.499
1807 282.499
1806 278.499
1805 274.499
1804 270.499
1739 370.499
1641 365.499
1738 366.499
9981 1927.47
1741 378.499
1740 374.499
1743 386.499
1742 382.499
1729 330.499
1631 325.499
9968 482.883
9270 476.837
10129 475.556
9252 472.024
9231 468.024
9208 464.024
9184 460.024
9159 456.024
9132 452.024
9106 448.024
9971 337.893
7870 337.032
7796 332.032
7723 328.032
7651 324.032
7577 320.032
7506 316.032
7439 312.032
7371 308.032
7302 304.032
7236 300.032
7170 296.032
7100 292.032
7029 288.032
6955 284.032
6884 280.032
6813 276.032
6738 272.032
6659 268.032
6580 264.032
6497 260.032
6414 256.032
6335 252.032
6258 248.032
6183 244.032
6105 240.032
6025 236.032
5945 232.032
5870 228.032
5795 224.032
5720 220.032
5640 216.032
1731 338.499
1730 334.499
9973 784.41
9972 290.872
6893 288.032
6821 283.032
6745 279.032
6666 275.032
6586 270.032
6503 266.032
6420 262.032
6341 258.032
6263 253.032
6188 249.032
6110 245.032
6030 241.032
5949 237.032
5875 233.032
5800 229.032
5724 224.032
5644 220.032
5567 216.032
5481 211.032
5390 207.032
5298 203.032
5210 199.032
5130 194.032
5048 190.032
4964 186.032
4879 181.032
4793 177.032
4705 173.032
1732 342.499
9975 339.553
1735 354.499
9974 733.914
1734 350.499
9960 272.656
5069 268.032
4985 264.032
4900 259.032
4814 255.032
9967 379.94
8445 376.032
8395 372.032
8346 368.032
8296 364.032
8243 360.032
9966 393.314
3845 389.499
3757 385.499
3586 377.499
3500 373.499
9952 456.05
9954 343.166
7941 340.032
7867 336.032
7794 332.032
7720 328.032
1781 134.499
9956 484.181
5669 479.499
5510 471.499
5424 467.499
5332 463.499
5244 459.499
5161 454.499
5081 450.499
4999 446.499
4915 441.499
4830 437.499
4743 433.499
4654 428.499
4568 424.499
4481 420.499
4392 416.499
4300 411.499
4208 407.499
4115 403.499
4025 398.499
3935 394.499
3846 390.499
3758 386.499
3670 381.499
9959 411.985
10009 1121.36
1769 490.499
10008 336.216
7779 332.032
7705 328.032
7633 324.032
7560 320.032
7489 316.032
7423 312.032
7355 308.032
7286 304.032
7220 300.032
1771 27.499
1770 494.499
1578 485.499
1577 481.499
1576 477.499
1575 473.499
1574 469.499
1773 31.499
1775 39.499
1774 35.499
10005 239.349
1817 322.499
1726 318.499
1816 318.499
1819 330.499
1728 326.499
1818 326.499
1821 338.499
1809 290.499
1811 298.499
1810 294.499
1813 306.499
1812 302.499
1815 314.499
1814 310.499
10041 64.734
1801 258.499
10040 558.274
6007 506.34
6164 496.34
6239 492.34
1800 254.499
10043 88.009
1803 266.499
10042 110.437
3393 108.032
1802 262.499
10045 1233.7
10044 428.189
2783 425.499
2698 421.499
2615 417.499
2529 412.499
2528 408.499
2443 404.499
2442 400.499
2441 396.499
2440 392.499
2439 388.499
2438 384.499
2352 380.499
2264 375.499
2263 371.499
2262 367.499
2261 363.499
2260 359.499
2259 355.499
2258 351.499
2257 347.499
2256 343.499
2255 339.499
2254 335.499
2253 331.499
2252 327.499
2166 323.499
10047 336.265
10046 757.294
10033 217.864
10032 1142.94
10035 294.069
7090 293.032
10034 294.002
10037 98.824
1797 244.338
10049 239.368
10039 1885.83
10038 82.788
1798 247.626
10027 34.562
1861 31.499
10026 277.586
1850 454.499
1759 450.499
1661 445.499
1567 441.499
10029 189.458
703 186.499
702 182.499
701 178.499
700 174.499
699 170.499
10028 964.432
10031 140.09
2042 136.499
1952 132.499
1951 128.499
1950 124.499
10030 205.529
1841 418.499
1840 414.499
1843 426.499
1842 422.499
1845 434.499
1844 430.499
1846 438.499
10073 130.348
3024 127.032
3023 123.032
1833 386.499
10072 162.321
3312 156.032
3311 152.032
3215 148.032
3120 143.032
3119 139.032
3118 135.032
3117 131.032
3116 127.032
1832 382.499
1831 378.499
1830 374.499
1829 370.499
10075 135.347
1835 394.499
10074 91.8
1834 390.499
1837 402.499
1836 398.499
1839 410.499
1838 406.499
10065 132.648
10064 307.136
3749 305.394
10067 160.617
4447 158.032
4357 154.032
4174 146.032
4084 142.032
3994 137.032
3905 133.032
3818 129.032
10066 132.601
10069 116.691
3478 114.031
10068 172.246
3828 170.032
3741 166.032
3658 161.032
3572 157.032
3571 153.032
3490 149.032
3404 144.032
3308 140.032
3307 136.032
3211 132.032
10071 234.285
5873 231.032
5798 227.032
5722 222.032
5642 218.032
5565 214.032
5479 209.032
5388 205.032
5296 201.032
5208 197.032
10070 307.539
10057 254.526
3580 251.057
3747 243.032
3836 239.032
3926 235.032
4014 231.032
1881 251.626
10056 37.775
1947 36.499
1880 248.338
10059 412.184
1883 258.499
10061 182.944
1885 266.499
1884 262.499
10060 156.688
2563 153.499
2394 143.499
2306 139.499
2307 135.499
2220 131.499
2130 127.499
2037 123.499
1864 115.499
10063 453.77
6712 451.988
1887 274.499
10062 462.242
6475 456.988
6556 452.988
6636 447.988
6637 443.988
6715 439.988
6791 435.988
1886 270.499
10048 62.172
10051 549.195
10050 247.153
10053 312.721
7354 310.032
10055 554.824
10054 392.849
1865 115.499
1860 494.499
1859 490.499
1858 486.499
1767 482.499
1863 35.499
1913 378.499
1912 374.499
1911 370.499
1910 366.499
1827 362.499
1826 358.499
1825 354.499
1915 386.499
1914 382.499
1917 394.499
1916 390.499
1919 402.499
1918 398.499
1905 346.499
1904 342.499
1903 338.499
1820 334.499
1897 314.499
1896 310.499
1895 306.499
1899 322.499
1898 318.499
1901 330.499
1900 326.499
1902 334.499
1889 282.499
1888 278.499
1890 286.499
1893 298.499
1892 294.499
1894 302.499
1945 37.224
1944 37.436
1948 119.499
1929 442.499
1928 438.499
1930 446.499
1921 410.499
1920 406.499
1923 418.499
1922 414.499
1925 426.499
1924 422.499
1927 434.499
1926 430.499
1977 283.499
1976 279.499
1979 291.499
1978 287.499
1981 299.499
1983 307.499
1982 303.499
1969 253.338
1968 252.338
1970 256.626
1973 267.499
1972 263.499
1975 275.499
1974 271.499
1965 241.394
1964 237.394
2053 230.394
1967 249.394
1966 245.394
1954 141.568
1953 137.568
2009 411.499
2008 407.499
2011 419.499
2010 415.499
2013 427.499
2012 423.499
2015 435.499
2014 431.499
2001 379.499
2000 375.499
2003 387.499
2002 383.499
2005 395.499
2004 391.499
2007 403.499
2006 399.499
1992 343.499
1994 351.499
1997 363.499
1908 358.499
1999 371.499
1998 367.499
1909 362.499
1985 315.499
1984 311.499
1987 323.499
1986 319.499
1989 331.499
1988 327.499
1991 339.499
1990 335.499
2041 132.499
2040 128.499
2043 140.499
2044 144.499
2033 41.436
2034 41.224
2036 39.499
2039 124.499
2038 123.499
2024 471.499
1935 466.499
1852 462.499
1851 458.499
1760 454.499
1662 449.499
1568 445.499
2027 483.499
1938 478.499
1937 474.499
1936 470.499
2017 443.499
2016 439.499
2019 451.499
2018 447.499
2021 459.499
1932 454.499
1849 450.499
1848 446.499
2020 455.499
1931 450.499
2023 467.499
1934 462.499
2022 463.499
1933 458.499
2073 307.499
2075 315.499
2074 311.499
2077 323.499
2076 319.499
2079 331.499
2078 327.499
2065 275.499
2064 271.499
2067 283.499
2066 279.499
2069 291.499
2068 287.499
2070 295.499
2057 246.394
2056 242.394
2055 238.394
2054 234.394
2059 254.394
2058 250.394
2061 260.626
2060 257.338
2063 267.499
2105 435.499
2104 431.499
2103 427.499
2102 423.499
2101 419.499
2100 415.499
2099 411.499
2098 407.499
2097 403.499
2107 443.499
2106 439.499
2109 451.499
2108 447.499
2110 455.499
2096 399.499
2088 367.499
2087 363.499
2086 359.499
2085 355.499
2084 351.499
2083 347.499
2091 379.499
2090 375.499
2089 371.499
2093 387.499
2092 383.499
2095 395.499
2094 391.499
2081 339.499
2080 335.499
2082 343.499
2143 234.394
2129 127.499
2128 43.499
2131 127.499
2133 132.499
2132 128.499
2135 141.188
2134 136.499
2125 45.436
2126 45.224
2113 467.499
2169 335.499
2168 331.499
2171 343.499
2170 339.499
2173 351.499
2172 347.499
2175 359.499
2174 355.499
2161 303.499
2160 299.499
2167 327.499
2153 271.499
2155 279.499
2154 275.499
2159 295.499
2158 291.499
2157 287.499
2145 242.394
2144 238.394
2147 250.394
2146 246.394
2148 254.394
2151 264.626
2150 261.338
2201 463.499
2200 459.499
2193 431.499
2192 427.499
2195 439.499
2194 435.499
2197 447.499
2196 443.499
2199 455.499
2198 451.499
2185 399.499
2184 395.499
2183 391.499
2187 407.499
2186 403.499
2189 415.499
2188 411.499
2191 423.499
2190 419.499
2176 363.499
2181 383.499
2182 387.499
2233 254.394
2232 250.394
2235 262.394
2234 258.394
2237 268.626
2236 265.338
2239 275.499
2225 140.499
2224 136.499
2223 132.499
2229 238.394
2231 246.394
2230 242.394
2217 49.224
2216 49.436
2219 131.499
2221 131.499
2222 131.499
2267 387.499
2266 383.499
2265 379.499
2269 395.499
2268 391.499
2271 403.499
2270 399.499
2249 315.499
2248 311.499
2247 307.499
2246 303.499
2245 299.499
2244 295.499
2243 291.499
2242 287.499
2241 283.499
2240 279.499
2250 319.499
2281 443.499
2280 439.499
2283 451.499
2282 447.499
2285 459.499
2284 455.499
2286 463.499
2273 411.499
2272 407.499
2275 419.499
2274 415.499
2277 427.499
2276 423.499
2279 435.499
2278 431.499
2331 296.499
2330 292.499
2333 304.499
2332 300.499
2335 312.499
2334 308.499
2321 259.394
2320 255.394
2323 267.394
2322 263.394
2325 273.626
2324 270.338
2312 141.499
2317 243.394
2316 239.394
2319 251.394
2318 247.394
2304 53.224
2309 135.499
2308 135.499
2311 137.499
2310 136.499
2361 416.499
2360 412.499
2363 424.499
2362 420.499
2365 432.499
2364 428.499
2367 440.499
2366 436.499
2353 384.499
2355 392.499
2354 388.499
2357 400.499
2356 396.499
2359 408.499
2358 404.499
2345 352.499
2344 348.499
2347 360.499
2346 356.499
2348 364.499
2337 320.499
2336 316.499
2338 324.499
2341 336.499
2340 332.499
2343 344.499
2342 340.499
2393 73.437
2479 66.437
2395 139.499
2397 139.499
2396 139.499
2399 140.499
2398 139.499
2387 520.499
2299 515.499
2298 511.499
2297 507.499
2296 503.499
2295 499.499
2294 495.499
2293 491.499
2207 487.499
2117 483.499
2026 479.499
2369 448.499
2368 444.499
2371 456.499
2370 452.499
2373 464.499
2372 460.499
2375 472.499
2287 467.499
2374 468.499
2424 328.499
2419 308.499
2421 316.499
2420 312.499
2423 324.499
2422 320.499
2409 271.394
2408 267.394
2403 247.394
2402 243.394
2405 255.394
2404 251.394
2407 263.394
2406 259.394
2457 460.499
2456 456.499
2459 468.499
2458 464.499
2460 472.499
2449 428.499
2448 424.499
2451 436.499
2450 432.499
2453 444.499
2452 440.499
2455 452.499
2454 448.499
2445 412.499
2444 408.499
2447 420.499
2446 416.499
2489 255.394
2488 251.394
2490 259.394
2493 271.394
2492 267.394
2491 263.394
2495 278.338
2410 274.338
2481 143.499
2480 147.499
2483 143.499
2482 143.499
2485 143.499
2484 143.499
2487 247.394
2520 376.499
2435 372.499
2523 388.499
2522 384.499
2437 380.499
2436 376.499
2525 396.499
2524 392.499
2526 400.499
2513 348.499
2512 344.499
2515 356.499
2514 352.499
2517 364.499
2516 360.499
2518 368.499
2505 316.499
2504 312.499
2507 324.499
2506 320.499
2509 332.499
2508 328.499
2511 340.499
2510 336.499
2498 288.499
2413 284.499
2503 308.499
2502 304.499
2501 300.499
2500 296.499
2415 292.499
2329 288.499
2544 472.499
2537 444.499
2536 440.499
2535 436.499
2534 432.499
2533 428.499
2539 452.499
2538 448.499
2541 460.499
2540 456.499
2543 468.499
2542 464.499
2531 420.499
2530 416.499
2532 424.499
2585 297.499
2499 292.499
2414 288.499
2587 305.499
2586 301.499
2589 313.499
2588 309.499
2591 321.499
2590 317.499
2569 147.499
2568 147.499
2570 148.499
2573 252.394
2575 260.394
2574 256.394
2565 147.499
2564 151.499
2567 147.499
2566 147.499
2617 425.499
2616 421.499
2619 433.499
2618 429.499
2621 441.499
2620 437.499
2623 449.499
2622 445.499
2609 393.499
2612 405.499
2614 413.499
2601 361.499
2600 357.499
2603 369.499
2602 365.499
2604 373.499
2606 381.499
2593 329.499
2592 325.499
2595 337.499
2594 333.499
2597 345.499
2596 341.499
2599 353.499
2598 349.499
2649 83.032
2651 150.472
2739 146.472
2923 136.472
3025 132.472
2650 87.032
2653 151.499
2652 151.499
2655 151.499
2654 151.499
2625 457.499
2624 453.499
2627 465.499
2626 461.499
2629 473.499
2628 469.499
2630 477.499
2681 337.499
2680 333.499
2683 345.499
2682 341.499
2685 353.499
2684 349.499
2687 361.499
2686 357.499
2673 305.499
2672 301.499
2675 313.499
2674 309.499
2677 321.499
2676 317.499
2679 329.499
2678 325.499
2671 297.499
2657 151.499
2656 151.499
2661 260.394
2660 256.394
2662 264.394
2713 481.499
2712 477.499
2711 473.499
2710 469.499
2709 465.499
2705 449.499
2704 445.499
2703 441.499
2702 437.499
2701 433.499
2707 457.499
2706 453.499
2708 461.499
2699 425.499
2700 429.499
2689 369.499
2688 365.499
2691 377.499
2690 373.499
2693 385.499
2694 389.499
2607 385.499
2521 380.499
2745 155.499
2747 259.394
2746 155.499
2749 260.394
2751 268.394
2750 264.394
2741 154.472
2740 150.472
2743 155.499
2742 155.499
2733 83.032
2777 369.499
2776 365.499
2779 377.499
2778 373.499
2780 381.499
2769 337.499
2768 333.499
2771 345.499
2770 341.499
2773 353.499
2772 349.499
2775 361.499
2774 357.499
2761 305.499
2760 301.499
2763 313.499
2762 309.499
2765 321.499
2764 317.499
2767 329.499
2766 325.499
2793 461.499
2792 457.499
2791 453.499
2790 449.499
2789 445.499
2795 469.499
2794 465.499
2797 477.499
2796 473.499
2799 485.499
2798 481.499
2785 429.499
2784 425.499
2787 437.499
2786 433.499
2788 441.499
2840 273.394
2845 293.394
2756 288.394
2755 284.394
2754 280.394
2665 276.394
2578 272.394
2835 263.394
2837 264.394
2839 269.394
2838 265.394
2827 143.472
2829 151.472
2828 147.472
2831 159.472
2830 155.472
2822 92.032
2873 430.499
2872 429.499
2875 438.499
2874 434.499
2877 446.499
2876 442.499
2879 454.499
2878 450.499
2865 370.499
2864 366.499
2867 378.499
2866 374.499
2869 386.499
2868 382.499
2871 394.499
2870 390.499
2857 338.499
2856 334.499
2859 346.499
2858 342.499
2861 354.499
2860 350.499
2863 362.499
2862 358.499
2850 310.499
2855 330.499
2854 326.499
2909 99.032
2910 95.032
2911 91.032
2912 87.032
2819 83.032
2888 490.499
2881 462.499
2880 458.499
2883 470.499
2882 466.499
2885 478.499
2884 474.499
2887 486.499
2886 482.499
2928 156.472
3030 152.472
3029 148.472
3028 144.472
3027 140.472
3026 136.472
2930 163.499
2832 159.499
2744 155.499
2933 272.394
2834 265.394
2932 276.394
2935 267.394
2921 126.032
2920 122.032
2919 118.032
2922 130.032
2925 144.472
2924 140.472
2927 152.472
2926 148.472
2915 96.032
2914 92.032
2969 386.499
2968 382.499
2967 378.499
2966 374.499
2965 370.499
2964 366.499
2971 394.499
2970 390.499
2973 433.499
2972 433.498
10101 428.611
2975 438.499
2974 434.499
2961 354.499
2960 350.499
2963 362.499
2962 358.499
2952 318.499
2951 314.499
2950 310.499
2849 306.499
2955 330.499
2954 326.499
2953 322.499
2957 338.499
2956 334.499
2959 346.499
2958 342.499
2946 297.394
2945 293.394
2844 289.394
2985 478.499
2984 474.499
2983 470.499
2982 466.499
2981 462.499
2987 486.499
2986 482.499
2989 494.499
2988 490.499
2977 446.499
2976 442.499
2979 454.499
2978 450.499
2980 458.499
3033 164.472
3032 160.472
3031 156.472
3035 280.394
3036 276.394
3034 284.394
3039 271.394
3017 100.032
3016 96.032
3018 104.032
3013 102.032
3012 106.032
3014 91.032
3065 393.499
3064 389.499
3063 385.499
3062 381.499
3061 377.499
3060 373.499
3059 369.499
3058 365.499
3057 361.499
3056 357.499
3055 353.499
3054 349.499
3053 345.499
3052 341.499
3051 337.499
3050 333.499
3049 329.499
3048 325.499
3047 321.499
3067 437.498
3066 436.499
3069 438.499
3068 437.499
3071 446.499
3070 442.499
3040 271.394
3081 486.499
3080 482.499
3079 478.499
3078 474.499
3083 494.499
3082 490.499
3084 498.499
3073 454.499
3072 450.499
3075 462.499
3074 458.499
3077 470.499
3076 466.499
3121 147.032
3127 277.394
3037 273.394
2934 269.394
3113 115.032
3112 111.032
3114 119.032
3109 100.032
3111 108.032
3110 104.032
3161 441.498
3160 437.499
3163 442.499
3162 441.499
3165 450.499
3164 446.499
3167 458.499
3166 454.499
3152 377.499
3155 389.499
3154 385.499
3156 393.499
3145 349.499
3144 345.499
3147 357.499
3146 353.499
3149 365.499
3148 361.499
3151 373.499
3150 369.499
3141 333.499
3140 329.499
3143 341.499
3142 337.499
3177 498.499
3176 494.499
3175 490.499
3178 502.499
3169 466.499
3168 462.499
3171 474.499
3170 470.499
3173 482.499
3172 478.499
3174 486.499
3231 334.499
3219 281.394
3218 284.394
3126 280.394
3220 279.394
3128 275.394
3038 271.394
3209 124.032
3208 120.032
3213 140.032
3212 136.032
3205 109.032
3204 105.032
3207 116.032
3206 113.032
3257 447.499
3256 446.499
3259 455.499
3258 451.499
3261 463.499
3260 459.499
3263 471.499
3262 467.499
3251 427.499
3250 423.499
3253 435.499
3252 431.499
3255 443.499
3254 439.499
3241 374.499
3240 370.499
3245 390.499
3244 386.499
3153 381.499
3246 394.499
3233 342.499
3232 338.499
3239 366.499
3238 362.499
3272 507.499
3275 519.499
3181 514.499
3087 510.499
2992 506.499
2891 502.499
2802 497.499
2716 493.499
2633 489.499
2547 484.499
2546 480.499
2461 476.499
3265 479.499
3264 475.499
3267 487.499
3266 483.499
3269 495.499
3268 491.499
3271 503.499
3270 499.499
3305 128.032
3304 124.032
3303 120.032
3309 144.032
3298 108.032
3353 459.499
3352 455.499
3355 467.499
3354 463.499
3357 475.499
3356 471.499
3359 483.499
3358 479.499
3345 428.499
3344 424.499
3343 420.499
3342 416.499
3341 412.499
3346 432.499
3349 444.499
3348 440.499
3347 436.499
3351 451.499
3350 448.499
3339 397.499
3338 393.499
3361 491.499
3360 487.499
3363 499.499
3362 495.499
3365 507.499
3364 503.499
3417 377.499
3416 373.499
3419 385.499
3418 381.499
3420 389.499
3408 287.394
3318 283.394
3401 132.032
3405 148.032
3399 124.032
3449 505.499
3448 501.499
3447 497.499
3450 509.499
3453 521.499
3452 517.499
3451 513.499
3485 126.032
3398 121.032
3302 117.032
3487 140.032
3477 118.031
3513 422.499
3512 418.499
3515 430.499
3514 426.499
3517 438.499
3516 434.499
3519 446.499
3518 442.499
3505 390.499
3504 386.499
3507 398.499
3506 394.499
3509 406.499
3508 402.499
3510 410.499
3503 382.499
3502 378.499
3492 157.032
3491 153.032
3529 486.499
3528 482.499
3531 494.499
3530 490.499
3533 502.499
3535 510.499
3534 506.499
3521 454.499
3520 450.499
3523 462.499
3522 458.499
3525 470.499
3524 466.499
3527 478.499
3526 474.499
3579 255.057
3581 255.057
3561 612.499
3475 607.499
3390 602.499
3296 597.499
3202 592.499
3609 466.499
3608 462.499
3611 474.499
3610 470.499
3613 482.499
3612 478.499
3615 490.499
3614 486.499
3601 434.499
3600 430.499
3603 442.499
3602 438.499
3605 450.499
3604 446.499
3607 458.499
3606 454.499
3593 402.499
3592 398.499
3595 410.499
3594 406.499
3597 418.499
3596 414.499
3599 426.499
3598 422.499
3589 386.499
3588 382.499
3591 394.499
3590 390.499
3624 526.499
3623 522.499
3537 518.499
3617 498.499
3616 494.499
3619 506.499
3620 510.499
3673 390.499
3672 386.499
3675 398.499
3674 394.499
3677 406.499
3676 402.499
3679 414.499
3678 410.499
3651 130.032
3650 126.032
3565 122.032
3483 118.032
3396 113.032
3705 518.499
3704 514.499
3707 526.499
3697 486.499
3696 482.499
3695 478.499
3699 494.499
3698 490.499
3701 502.499
3700 498.499
3703 510.499
3689 454.499
3688 450.499
3691 462.499
3690 458.499
3693 470.499
3692 466.499
3694 474.499
3681 422.499
3680 418.499
3683 430.499
3682 426.499
3685 438.499
3684 434.499
3687 446.499
3686 442.499
3742 170.032
3659 165.032
3733 131.032
3734 135.032
3769 427.499
3768 423.499
3771 435.499
3770 431.499
3773 443.499
3772 439.499
3775 451.499
3774 447.499
3761 395.499
3760 391.499
3763 403.499
3762 399.499
3765 411.499
3764 407.499
3767 419.499
3766 415.499
3753 303.394
3667 299.394
3583 295.394
3498 291.394
3410 287.394
3752 303.394
3666 299.394
3746 247.032
3748 243.032
3751 303.394
3750 303.394
3793 523.499
3792 519.499
3795 531.499
3796 535.499
3708 530.499
3785 491.499
3784 487.499
3787 499.499
3786 495.499
3789 507.499
3788 503.499
3791 515.499
3777 459.499
3776 455.499
3779 467.499
3778 463.499
3781 475.499
3780 471.499
3783 483.499
3782 479.499
3833 190.032
3832 186.032
3745 182.032
3662 177.032
3661 173.032
3575 169.032
3494 165.032
3493 161.032
3835 239.032
3925 235.032
3834 194.032
3837 239.032
3839 307.394
3838 309.394
3827 166.032
3740 162.032
3657 157.032
3829 174.352
3819 130.032
3731 126.032
3821 151.032
3909 147.032
3997 143.032
3865 463.499
3864 459.499
3867 471.499
3866 467.499
3869 479.499
3868 475.499
3871 487.499
3870 483.499
3857 431.499
3856 427.499
3859 439.499
3858 435.499
3861 447.499
3860 443.499
3863 455.499
3862 451.499
3849 399.499
3848 395.499
3851 407.499
3850 403.499
3853 415.499
3852 411.499
3855 423.499
3854 419.499
3841 307.394
3840 307.394
3889 559.499
3888 555.499
3800 551.499
3712 546.499
3711 542.499
3627 538.499
3541 534.499
3455 529.499
3454 525.499
3881 527.499
3880 523.499
3879 519.499
3883 535.499
3882 531.499
3885 543.499
3797 539.499
3709 534.499
3625 530.499
3539 526.499
3884 539.499
3887 551.499
3886 547.499
3798 543.499
3710 538.499
3626 534.499
3540 530.499
3873 495.499
3872 491.499
3875 503.499
3874 499.499
3877 511.499
3876 507.499
3929 311.036
4017 307.036
4106 303.036
4198 299.036
4290 295.036
4381 289.036
4470 285.036
3928 309.036
4016 305.036
4105 301.036
4196 297.036
3930 311.036
4018 307.036
4107 303.036
3932 396.886
3921 190.032
3920 186.032
3919 182.032
3918 178.032
3917 174.032
3923 198.032
3922 194.032
3924 236.032
4013 232.032
3914 162.032
3904 133.032
3961 495.499
3960 491.499
3963 503.499
3962 499.499
3965 511.499
3964 507.499
3966 515.499
3953 463.499
3952 459.499
3951 455.499
3950 451.499
3955 471.499
3954 467.499
3957 479.499
3956 475.499
3959 487.499
3958 483.499
3945 431.499
3944 427.499
3947 439.499
3946 435.499
3949 447.499
3948 443.499
3943 423.499
3977 559.499
3976 555.499
3979 567.499
3890 563.499
3978 563.499
3969 527.499
3968 523.499
3971 535.499
3970 531.499
3973 543.499
3972 539.499
3975 551.499
3974 547.499
4024 397.499
3934 393.499
4031 419.499
4030 415.499
4029 411.499
4028 407.499
3938 403.499
4019 310.036
4108 306.036
4199 302.036
4291 298.036
4471 288.036
4023 397.499
4011 198.032
4010 194.032
4009 190.032
4001 159.032
4000 155.032
3999 151.032
3998 147.032
4003 166.032
4004 170.032
4006 178.032
4056 519.499
4055 515.499
4059 531.499
4061 539.499
4060 535.499
4063 547.499
4062 543.499
4049 491.499
4048 487.499
4047 483.499
4046 479.499
4051 499.499
4050 495.499
4053 507.499
4052 503.499
4054 511.499
4041 459.499
4040 455.499
4039 451.499
4043 467.499
4042 463.499
4045 475.499
4044 471.499
4033 427.499
4032 423.499
3942 419.499
4034 431.499
4037 443.499
4036 439.499
4038 447.499
4091 164.032
4065 555.499
4064 551.499
4067 563.499
4066 559.499
4069 571.499
4068 567.499
4071 579.499
4070 575.499
3980 571.499
3891 567.499
3803 563.499
3715 558.499
3714 554.499
3630 550.499
3544 546.499
3458 541.499
3457 537.499
3456 533.499
4121 424.499
4123 432.499
4122 428.499
4112 401.499
4104 301.036
4111 401.499
4022 397.499
3933 393.499
4097 195.032
4096 183.032
4101 231.032
4153 552.499
4152 548.499
4155 560.499
4154 556.499
4157 568.499
4156 564.499
4159 576.499
4158 572.499
4145 520.499
4144 516.499
4149 536.499
4151 544.499
4150 540.499
4137 488.499
4136 484.499
4139 496.499
4138 492.499
4141 504.499
4140 500.499
4143 512.499
4142 508.499
4131 464.499
4130 460.499
4133 472.499
4132 468.499
4135 480.499
4134 476.499
4184 179.032
4183 175.032
4093 171.032
4177 152.032
4087 148.032
4180 164.032
4090 160.032
4173 145.032
4083 141.032
4172 145.032
4082 141.032
3993 137.032
4161 584.499
4160 580.499
4162 588.499
4072 583.499
4216 436.499
4215 432.499
4214 428.499
4203 405.499
4249 568.499
4248 564.499
4247 560.499
4246 556.499
4245 552.499
4244 548.499
4243 544.499
4251 576.499
4250 572.499
4253 584.499
4252 580.499
4255 592.499
4254 588.499
4242 540.499
4233 504.499
4232 500.499
4231 496.499
4230 492.499
4235 512.499
4234 508.499
4237 520.499
4236 516.499
4224 468.499
4227 480.499
4226 476.499
4225 472.499
4229 488.499
4228 484.499
4281 199.032
4280 195.032
4283 207.032
4282 203.032
4273 168.032
4272 164.032
4271 160.032
4270 156.032
4275 176.032
4274 172.032
4277 183.032
4276 179.032
4279 191.032
4278 187.032
4265 149.032
4264 149.032
4266 149.032
4256 596.499
4263 149.032
4262 620.499
4261 616.499
4168 612.499
4078 607.499
4077 603.499
3987 599.499
3986 595.499
3985 591.499
3896 587.499
3895 583.499
3807 579.499
3719 574.499
3635 570.499
3549 566.499
3463 561.499
3462 557.499
3461 553.499
3460 549.499
3459 545.499
4317 476.499
4316 472.499
4319 484.499
4318 480.499
4305 428.499
4213 424.499
4212 420.499
4211 416.499
4210 412.499
4117 408.499
4027 403.499
3937 399.499
4289 293.036
4380 289.036
4295 409.499
4294 409.499
4345 588.499
4344 584.499
4347 596.499
4346 592.499
4348 600.499
4337 556.499
4336 552.499
4339 564.499
4338 560.499
4341 572.499
4340 568.499
4343 580.499
4342 576.499
4329 524.499
4328 520.499
4327 516.499
4320 488.499
4323 500.499
4325 508.499
4324 504.499
4326 512.499
4377 224.032
4376 220.032
4371 200.032
4373 208.032
4372 204.032
4375 216.032
4284 211.032
4374 212.032
4361 161.032
4363 169.032
4362 165.032
4365 177.032
4364 173.032
4366 181.032
4355 153.032
4354 153.032
4358 155.032
4267 150.032
4409 481.499
4408 477.499
4411 489.499
4410 485.499
4413 497.499
4321 492.499
4412 493.499
4415 505.499
4414 501.499
4322 496.499
4395 425.499
4303 420.499
4394 421.499
4302 416.499
4387 413.499
4296 409.499
4204 405.499
4388 413.499
4297 409.499
4206 405.499
4113 401.499
4441 609.499
4349 604.499
4257 600.499
4440 605.499
4442 613.499
4350 608.499
4258 604.499
4445 157.032
4444 621.499
4352 616.499
4351 612.499
4433 577.499
4432 573.499
4435 585.499
4434 581.499
4437 593.499
4436 589.499
4438 597.499
4429 561.499
4431 569.499
4430 565.499
4417 513.499
4416 509.499
4419 521.499
4418 517.499
4421 529.499
4420 525.499
4465 224.032
4464 220.032
4463 216.032
4459 200.032
4370 196.032
4461 208.032
4460 204.032
4462 212.032
4451 169.032
4450 165.032
4453 177.032
4452 173.032
4455 185.032
4505 513.499
4504 509.499
4507 521.499
4506 517.499
4508 525.499
4497 481.499
4499 489.499
4498 485.499
4501 497.499
4500 493.499
4503 505.499
4502 501.499
4488 445.499
4487 441.499
4398 437.499
4306 432.499
4485 433.499
4484 429.499
4483 425.499
4486 437.499
4539 173.032
4538 169.032
4541 181.032
4540 177.032
4529 609.499
4528 605.499
4439 601.499
4531 617.499
4530 613.499
4533 161.032
4532 621.499
4534 165.032
4521 577.499
4523 585.499
4522 581.499
4525 593.499
4524 589.499
4527 601.499
4526 597.499
4571 433.499
4570 429.499
4573 441.499
4572 437.499
4575 449.499
4574 445.499
4553 228.032
4552 224.032
4554 232.032
4546 200.032
4545 196.032
4544 192.032
4456 188.032
4367 184.032
4549 212.032
4548 208.032
4551 220.032
4550 216.032
4593 521.499
4592 517.499
4591 513.499
4595 529.499
4594 525.499
4596 533.499
4587 497.499
4589 505.499
4588 501.499
4590 509.499
4576 453.499
4633 208.032
4632 204.032
4631 200.032
4635 216.032
4634 212.032
4639 232.032
4638 228.032
4637 224.032
4625 177.032
4624 173.032
4626 181.032
4617 617.499
4619 165.032
4618 621.499
4621 168.032
4609 585.499
4611 593.499
4610 589.499
4613 601.499
4612 597.499
4615 609.499
4614 605.499
4657 437.499
4656 433.499
4659 445.499
4658 441.499
4660 449.499
4642 243.032
4697 597.499
4699 605.499
4698 601.499
4701 613.499
4700 609.499
4702 617.499
4681 533.499
4680 529.499
4679 525.499
4678 521.499
4677 517.499
4676 513.499
4675 509.499
4674 505.499
4683 541.499
4597 537.499
4510 533.499
4682 537.499
4684 545.499
4598 541.499
4511 537.499
4422 533.499
4330 528.499
4238 524.499
4730 271.068
4721 233.032
4720 229.032
4722 237.032
4725 248.032
4724 245.032
4641 240.032
4640 236.032
4713 201.032
4630 196.032
4715 209.032
4714 205.032
4717 217.032
4716 213.032
4718 221.032
4707 178.032
4708 182.032
4763 510.499
4765 518.499
4767 526.499
4766 522.499
4747 446.499
4746 442.499
4749 454.499
4748 450.499
4750 458.499
4661 453.499
4795 182.032
4785 598.499
4696 593.499
4695 589.499
4694 585.499
4608 581.499
4787 606.499
4786 602.499
4789 614.499
4788 610.499
4791 622.499
4790 618.499
4769 534.499
4768 530.499
4771 542.499
4772 546.499
4817 267.032
4816 263.032
4815 259.032
4818 271.032
4809 237.032
4808 233.032
4807 229.032
4806 225.032
4811 245.032
4723 241.032
4810 241.032
4813 252.032
4812 249.032
4801 205.032
4800 202.032
4712 198.032
4629 193.032
4628 189.032
4627 185.032
4803 213.032
4802 209.032
4804 217.032
4860 554.499
4859 550.499
4858 546.499
4857 542.499
4770 538.499
4863 566.499
4862 562.499
4775 558.499
4686 553.499
4600 549.499
4599 545.499
4853 526.499
4852 522.499
4851 518.499
4850 514.499
4849 510.499
4848 506.499
4847 502.499
4760 498.499
4671 493.499
4585 489.499
4584 485.499
4583 481.499
4496 477.499
4407 473.499
4315 468.499
4223 464.499
4855 534.499
4854 530.499
4843 486.499
4756 482.499
4667 477.499
4581 473.499
4494 469.499
4405 465.499
4313 460.499
4221 456.499
4128 452.499
4835 454.499
4839 470.499
4838 466.499
4751 462.499
4662 457.499
4889 217.032
4888 213.032
4891 225.032
4890 221.032
4893 233.032
4892 229.032
4895 241.032
4894 237.032
4881 186.032
4883 194.032
4882 190.032
4796 186.032
4887 209.032
4873 606.499
4872 602.499
4875 614.499
4874 610.499
4877 622.499
4876 618.499
4878 180.032
4864 570.499
4777 566.499
4688 561.499
4687 557.499
4601 553.499
4514 549.499
4425 545.499
4918 450.499
4897 249.032
4896 245.032
4899 256.032
4898 253.032
4901 263.032
4903 271.032
4902 267.032
4957 606.499
4959 614.499
4958 610.499
4945 558.499
4947 566.499
4946 562.499
4861 558.499
4949 574.499
4948 570.499
4937 526.499
4936 522.499
4935 518.499
4934 514.499
4939 534.499
4938 530.499
4940 538.499
4942 546.499
4984 261.032
4986 268.032
4977 234.032
4979 242.032
4978 238.032
4981 250.032
4980 246.032
4983 258.032
4982 254.032
4968 199.032
4973 218.032
4972 214.032
4974 222.032
4961 622.499
4960 618.499
4963 185.032
4967 195.032
4966 191.032
5020 527.499
5022 535.499
5011 491.499
4927 486.499
4842 482.499
4841 478.499
4754 474.499
4665 469.499
4579 465.499
4492 461.499
4403 457.499
4311 452.499
4310 448.499
4309 444.499
4308 440.499
4307 436.499
5015 507.499
4931 502.499
4930 498.499
4845 494.499
4844 490.499
4757 486.499
4668 481.499
4582 477.499
4495 473.499
4406 469.499
4314 464.499
4222 460.499
4129 456.499
5051 199.032
5050 195.032
5053 207.032
5052 203.032
5055 215.032
4971 211.032
4886 206.032
4885 202.032
4884 198.032
5041 611.499
5040 607.499
4956 602.499
4871 598.499
4784 594.499
5043 619.499
5042 615.499
5044 623.499
5047 189.032
5033 579.499
5032 575.499
5027 555.499
4943 550.499
5026 551.499
5031 571.499
5030 567.499
5065 254.032
5064 250.032
5057 222.032
5056 218.032
5059 230.032
5058 226.032
5061 238.032
5060 234.032
5063 246.032
5062 242.032
5113 575.499
5112 571.499
5101 527.499
5100 523.499
5018 519.499
5102 531.499
5093 495.499
5092 491.499
5091 487.499
5009 483.499
4925 478.499
4840 474.499
5094 499.499
5145 250.032
5144 246.032
5143 242.032
5142 238.032
5137 219.032
5136 215.032
5135 211.032
5139 226.032
5138 222.032
5141 234.032
5140 230.032
5129 193.032
5133 203.032
5132 199.032
5123 615.499
5125 623.499
5124 619.499
5126 627.499
5176 511.499
5175 507.499
5095 503.499
5013 499.499
4929 494.499
5209 198.032
5213 208.032
5212 204.032
5214 212.032
5134 207.032
5203 619.499
5205 627.499
5204 623.499
5193 579.499
5192 575.499
5194 583.499
5114 579.499
5224 251.032
5217 224.032
5216 220.032
5219 231.032
5218 227.032
5221 239.032
5220 235.032
5223 247.032
5222 243.032
5275 580.499
5274 576.499
5191 571.499
5190 567.499
5189 563.499
5188 559.499
5108 555.499
5276 584.499
5305 228.032
5304 224.032
5307 235.032
5306 231.032
5309 243.032
5308 239.032
5311 251.032
5310 247.032
5301 212.032
5300 208.032
5303 220.032
5302 216.032
5294 200.032
5287 628.499
5361 576.499
5273 572.499
5401 247.032
5400 243.032
5402 251.032
5393 216.032
5392 212.032
5395 224.032
5394 220.032
5397 232.032
5396 228.032
5399 239.032
5398 235.032
5386 204.032
5465 628.499
5489 239.032
5488 236.032
5487 232.032
5491 247.032
5490 243.032
5493 255.032
5492 251.032
5483 216.032
5485 224.032
5484 220.032
5486 228.032
5472 215.032
5566 215.032
5480 210.032
5389 206.032
5297 202.032
5554 231.032
5585 288.032
5661 284.032
5584 280.032
5498 275.032
5407 271.032
5315 267.032
5227 263.032
5147 258.032
5146 254.032
5577 252.032
5576 248.032
5579 260.032
5580 264.032
5494 259.032
5403 255.032
5569 221.032
5571 229.032
5570 225.032
5573 237.032
5572 233.032
5575 244.032
5574 241.032
5626 629.499
5549 624.499
5463 620.499
5371 616.499
5370 612.499
5369 608.499
5368 604.499
5280 600.499
5197 595.499
5657 268.032
5656 264.032
5659 276.032
5658 272.032
5660 280.032
5583 276.032
5497 271.032
5406 267.032
5405 263.032
5404 259.032
5312 255.032
5662 288.032
5649 237.032
5648 233.032
5647 229.032
5646 225.032
5651 245.032
5650 241.032
5652 248.032
5655 260.032
5578 256.032
5643 219.032
5695 589.499
5615 585.499
5538 580.499
5452 576.499
5451 572.499
5359 568.499
5271 564.499
5737 272.032
5736 268.032
5739 280.032
5738 276.032
5740 284.032
5729 241.032
5728 237.032
5730 245.032
5733 256.032
5732 252.032
5735 264.032
5734 260.032
5654 256.032
5788 227.032
5713 223.032
5809 261.032
5808 257.032
5811 269.032
5810 265.032
5813 277.032
5812 273.032
5815 285.032
5814 281.032
5801 230.032
5802 234.032
5805 246.032
5804 242.032
5806 250.032
5799 228.032
5723 223.032
5881 254.032
5880 250.032
5883 261.032
5882 258.032
5807 254.032
5731 249.032
5885 269.032
5884 265.032
5887 277.032
5886 273.032
5872 230.032
5797 226.032
5721 221.032
5641 217.032
5564 213.032
5874 232.032
5877 238.032
5876 234.032
5864 228.032
5862 231.032
5889 285.032
5888 281.032
5947 234.032
5951 242.032
5950 238.032
5939 232.032
5865 228.032
5790 224.032
5715 220.032
5636 216.032
5560 212.032
5475 208.032
5385 204.032
5961 281.032
5960 277.032
5959 273.032
5962 285.032
5952 246.032
5955 258.032
5954 254.032
5957 265.032
5956 262.032
5958 269.032
6001 528.988
6082 523.988
6083 519.988
6084 515.988
6085 511.988
6000 634.499
5927 630.499
5853 626.499
5778 621.499
5777 617.499
5701 613.499
5700 609.499
5699 605.499
5619 601.499
5542 596.499
5541 592.499
5455 588.499
5454 584.499
5362 580.499
6003 520.988
6002 524.988
6004 516.988
6041 281.032
6040 277.032
6033 250.032
6032 246.032
6031 242.032
6037 266.032
6036 262.032
6039 273.032
6038 269.032
6027 238.032
6029 241.032
6109 245.032
6111 246.032
6081 527.988
6121 282.032
6120 278.032
6122 286.032
6113 251.032
6112 247.032
6115 259.032
6114 255.032
6117 267.032
6119 274.032
6118 271.032
6161 507.988
6162 503.988
6160 511.988
6155 635.499
6079 630.499
6078 626.499
6077 622.499
6076 618.499
5995 614.499
5922 610.499
5848 606.499
5773 601.499
5697 597.499
5617 593.499
5540 588.499
6157 523.988
6232 519.988
6307 514.988
6308 510.988
6309 506.988
6310 502.988
6311 498.988
6312 494.988
6156 527.988
6231 523.988
6306 518.988
6159 515.988
6234 511.988
6158 519.988
6233 515.988
6193 263.032
6192 259.032
6191 255.032
6190 251.032
6197 278.032
6196 275.032
6198 282.032
6187 249.032
6186 247.032
6108 243.032
6189 250.032
6235 507.988
6237 499.988
6236 503.988
6230 635.499
6154 631.499
6265 255.032
6264 254.032
6267 263.032
6266 259.032
6269 271.032
6268 267.032
6271 279.032
6261 251.032
6262 253.032
6241 271.032
6167 267.032
6090 263.032
6010 259.032
6011 255.032
5932 251.032
5933 247.032
5934 243.032
5860 239.032
5861 235.032
6318 275.032
6319 271.032
6320 267.032
6321 263.032
6322 259.032
6323 255.032
6246 251.032
6172 247.032
6095 243.032
6015 239.032
5936 235.032
6305 522.988
6345 268.032
6344 264.032
6347 276.032
6346 272.032
6351 291.032
6273 286.032
6272 282.032
6339 256.032
6338 255.032
6260 250.032
6185 246.032
6107 242.032
6026 237.032
5946 233.032
5871 229.032
5796 225.032
6340 257.032
6343 260.032
6342 259.032
6393 475.988
6394 471.988
6392 479.988
6385 507.988
6386 503.988
6387 499.988
6388 495.988
6389 491.988
6390 487.988
6391 483.988
6384 511.988
6381 523.988
6382 519.988
6383 515.988
6380 636.499
6303 631.499
6302 627.499
6227 623.499
6226 619.499
6150 615.499
6074 610.499
6073 606.499
5992 602.499
5919 598.499
5845 594.499
5770 589.499
5769 585.499
5693 581.499
5613 577.499
5536 572.499
5535 568.499
5534 564.499
5448 560.499
5356 556.499
5268 552.499
5185 547.499
5184 543.499
5183 539.499
5182 535.499
6425 276.032
6424 272.032
6423 268.032
6426 280.032
6417 259.032
6416 258.032
6337 254.032
6259 249.032
6184 245.032
6106 241.032
6418 260.032
6421 263.032
6422 264.032
6409 256.032
6330 252.032
6253 248.032
6411 256.032
6332 252.032
6255 248.032
6180 244.032
6412 256.032
6333 252.032
6256 248.032
6181 244.032
6104 240.032
6024 236.032
5944 232.032
6415 257.032
6336 253.032
6401 259.032
6459 520.988
6460 516.988
6541 512.988
6621 507.988
6622 503.988
6700 499.988
6701 495.988
6702 491.988
6703 487.988
6779 483.988
6852 478.988
6924 474.988
6925 470.988
7001 466.988
7072 461.988
7141 457.988
7142 453.988
7143 449.988
7144 445.988
7145 441.988
7146 437.988
7147 433.988
7148 429.988
7149 425.988
7150 421.988
7151 417.988
6458 524.988
6539 520.988
6619 515.988
6620 511.988
6461 512.988
6462 508.988
6543 504.988
6623 499.988
6624 495.988
6463 504.988
6544 500.988
6483 263.032
6473 464.988
6554 460.988
6634 455.988
6472 468.988
6477 451.988
6558 447.988
6638 442.988
6716 438.988
6792 434.988
6865 429.988
6937 425.988
7013 421.988
6476 452.988
6557 448.988
6478 450.988
6559 446.988
6639 441.988
6717 437.988
6793 433.988
6866 428.988
6938 424.988
6465 496.988
6546 492.988
6626 487.988
6704 483.988
6780 479.988
6853 474.988
6854 470.988
6855 466.988
6927 462.988
7003 458.988
7074 453.988
6464 500.988
6467 488.988
6548 484.988
6628 479.988
6629 475.988
6630 471.988
6708 467.988
6709 463.988
6710 459.988
6711 455.988
6466 492.988
6547 488.988
6627 483.988
6469 480.988
6550 476.988
6468 484.988
6471 472.988
6552 468.988
6632 463.988
6470 476.988
6551 472.988
6631 467.988
6505 268.032
6504 267.032
6507 276.032
6506 272.032
6508 280.032
6499 262.032
6498 261.032
6500 263.032
6502 265.032
6419 261.032
6553 464.988
6633 459.988
6545 496.988
6625 491.988
6549 480.988
6540 516.988
6542 508.988
6585 269.032
6584 268.032
6501 264.032
6587 271.032
6589 276.032
6588 272.032
6591 284.032
6590 280.032
6579 264.032
6581 265.032
6583 267.032
6582 266.032
6560 445.988
6640 440.988
6718 436.988
6565 267.032
6618 519.988
6696 515.988
6772 511.988
6845 506.988
6917 502.988
6918 498.988
6919 494.988
6920 490.988
6921 486.988
6997 482.988
7068 477.988
7137 473.988
7138 469.988
7139 465.988
7140 461.988
6651 268.032
6572 264.032
6490 260.032
6407 256.032
6328 252.032
6251 248.032
6177 244.032
6100 240.032
6020 236.032
5940 232.032
6644 271.032
6665 274.032
6664 273.032
6667 276.032
6658 268.032
6661 270.032
6660 269.032
6663 272.032
6662 271.032
6714 443.988
6790 439.988
6705 479.988
6781 475.988
6707 471.988
6706 475.988
6782 471.988
6697 511.988
6773 507.988
6846 502.988
6847 498.988
6699 503.988
6698 507.988
6695 519.988
6771 515.988
6844 510.988
6916 506.988
6744 278.032
6746 280.032
6737 272.032
6736 272.032
6739 273.032
6741 275.032
6740 274.032
6743 277.032
6742 276.032
6735 272.032
6656 268.032
6577 264.032
6494 260.032
6777 491.988
6850 486.988
6851 482.988
6776 495.988
6849 490.988
6778 487.988
6783 467.988
6856 462.988
6857 458.988
6858 454.988
6859 450.988
6860 446.988
6861 442.988
6770 641.499
6769 637.499
6693 633.499
6615 628.499
6535 624.499
6534 620.499
6533 616.499
6451 612.499
6450 608.499
6372 604.499
6295 599.499
6220 595.499
6219 591.499
6143 587.499
6067 582.499
6066 578.499
5985 574.499
5984 570.499
5983 566.499
5910 562.499
5836 558.499
5761 553.499
5685 549.499
5605 545.499
5528 540.499
5442 536.499
5350 532.499
5262 528.499
5179 523.499
5099 519.499
5017 515.499
4933 510.499
6775 499.988
6848 494.988
6774 503.988
6811 276.032
6810 276.032
6812 276.032
6815 277.032
6814 276.032
6785 459.988
6784 463.988
6787 451.988
6786 455.988
6788 447.988
6843 514.988
6915 510.988
6817 279.032
6816 278.032
6819 281.032
6818 280.032
6822 284.032
6879 280.032
6808 276.032
6870 280.032
6799 276.032
6724 272.032
6910 573.988
6889 284.032
6888 283.032
6890 285.032
6892 287.032
6820 282.032
6881 280.032
6883 280.032
6882 280.032
6885 280.032
6887 282.032
6886 281.032
6941 284.032
6929 454.988
6930 450.988
6931 446.988
6932 442.988
7008 438.988
7079 433.988
6933 438.988
7009 434.988
7080 429.988
6935 430.988
6934 434.988
6923 478.988
6999 474.988
7070 469.988
6922 482.988
6998 478.988
7069 473.988
6926 466.988
6914 514.988
6953 284.032
6952 284.032
6954 284.032
6957 285.032
6956 284.032
6959 287.032
6958 286.032
6949 284.032
6950 284.032
7000 470.988
7071 465.988
7002 462.988
7073 457.988
7005 450.988
7076 445.988
7004 454.988
7075 449.988
7007 442.988
7078 437.988
7006 446.988
7077 441.988
6993 498.988
7064 493.988
7133 489.988
7134 485.988
7135 481.988
7136 477.988
6992 502.988
7063 497.988
7132 493.988
6995 490.988
7066 485.988
6994 494.988
7065 489.988
6996 486.988
7067 481.988
6985 538.988
7054 533.988
7055 529.988
7124 525.988
6984 542.988
7053 537.988
6987 530.988
7056 525.988
7057 521.988
7126 517.988
7191 513.988
7192 509.988
7193 505.988
7194 501.988
7261 497.988
7329 492.988
7330 488.988
7331 484.988
7400 480.988
7401 476.988
6986 534.988
6989 514.988
7060 509.988
7061 505.988
7062 501.988
7131 497.988
6988 526.988
6991 506.988
6990 510.988
6977 570.988
7046 565.988
7115 561.988
7116 557.988
7117 553.988
7118 549.988
7119 545.988
6976 574.988
7045 569.988
7114 565.988
6979 562.988
7048 557.988
6978 566.988
7047 561.988
6981 554.988
7050 549.988
6980 558.988
7049 553.988
6983 546.988
7052 541.988
7033 290.032
7032 289.032
7034 291.032
7024 288.032
7027 288.032
7026 288.032
7028 288.032
7031 288.032
7030 288.032
7017 288.032
7018 288.032
7023 288.032
7011 426.988
7082 421.988
7010 430.988
7081 425.988
7059 513.988
7058 517.988
7127 513.988
7044 573.988
7097 292.032
7099 292.032
7098 292.032
7101 292.032
7103 293.032
7102 292.032
7088 292.032
7095 292.032
7094 292.032
7085 295.032
7015 291.032
6939 287.032
6868 283.032
6797 279.032
6722 275.032
7087 292.032
7129 505.988
7128 509.988
7130 501.988
7123 529.988
7122 533.988
7125 521.988
7190 517.988
7113 569.988
7112 573.988
7105 295.032
7104 294.032
7162 305.032
7161 301.032
7160 297.032
7165 296.032
7164 296.032
7167 296.032
7157 296.032
7156 296.032
7158 296.032
7195 497.988
7262 493.988
7197 489.988
7264 485.988
7332 480.988
7333 476.988
7334 472.988
7335 468.988
7336 464.988
7405 460.988
7196 493.988
7199 481.988
7266 477.988
7198 485.988
7265 481.988
7185 537.988
7252 533.988
7320 528.988
7321 524.988
7322 520.988
7391 516.988
7457 512.988
7458 508.988
7459 504.988
7460 500.988
7461 496.988
7462 492.988
7184 541.988
7177 569.988
7244 565.988
7312 560.988
7381 556.988
7382 552.988
7383 548.988
7384 544.988
7450 540.988
7451 536.988
7452 532.988
7453 528.988
7454 524.988
7455 520.988
7456 516.988
7176 299.032
7179 561.988
7246 557.988
7314 552.988
7178 565.988
7245 561.988
7313 556.988
7181 553.988
7248 549.988
7316 544.988
7317 540.988
7318 536.988
7319 532.988
7180 557.988
7247 553.988
7315 548.988
7183 545.988
7250 541.988
7182 549.988
7169 296.032
7168 296.032
7171 296.032
7173 296.032
7175 298.032
7174 297.032
7224 300.032
7227 305.032
7226 301.032
7228 304.032
7231 300.032
7230 300.032
7216 413.988
7219 303.032
7154 299.032
7223 300.032
7222 300.032
7209 441.988
7276 437.988
7344 432.988
7413 428.988
7208 445.988
7211 433.988
7212 429.988
7279 425.988
7347 420.988
7416 416.988
7417 412.988
7418 408.988
7419 404.988
7420 400.988
7210 437.988
7277 433.988
7345 428.988
7346 424.988
7415 420.988
7213 425.988
7280 421.988
7348 416.988
7215 417.988
7214 421.988
7201 473.988
7268 469.988
7200 477.988
7267 473.988
7203 465.988
7270 461.988
7338 456.988
7407 452.988
7408 448.988
7409 444.988
7410 440.988
7202 469.988
7269 465.988
7337 460.988
7406 456.988
7205 457.988
7272 453.988
7340 448.988
7341 444.988
7204 461.988
7207 449.988
7206 453.988
7273 449.988
7257 513.988
7259 505.988
7327 500.988
7328 496.988
7258 509.988
7326 504.988
7260 501.988
7263 489.988
7249 545.988
7241 301.032
7240 300.032
7243 569.988
7311 564.988
7380 560.988
7242 302.032
7232 300.032
7235 300.032
7234 300.032
7237 300.032
7238 300.032
7172 296.032
7289 304.032
7288 304.032
7290 304.032
7293 305.032
7295 304.032
7294 308.032
7281 417.988
7349 412.988
7283 409.988
7351 404.988
7282 413.988
7350 408.988
7275 441.988
7343 436.988
7274 445.988
7342 440.988
7278 429.988
7271 457.988
7339 452.988
7323 516.988
7305 304.032
7239 300.032
7304 304.032
7307 304.032
7306 304.032
7310 568.988
7379 564.988
7297 304.032
7298 304.032
7301 304.032
7300 304.032
7303 304.032
7353 400.032
7555 388.032
7357 308.032
7359 308.032
7358 308.032
7376 308.032
7369 308.032
7370 308.032
7373 308.032
7372 308.032
7363 310.032
7362 309.032
7367 308.032
7366 308.032
7422 314.032
7411 436.988
7412 432.988
7414 424.988
7403 468.988
7402 472.988
7404 464.988
7399 484.988
7398 488.988
7441 312.032
7440 312.032
7442 312.032
7433 312.032
7432 312.032
7364 308.032
7435 312.032
7437 312.032
7438 312.032
7425 312.032
7427 312.032
7426 312.032
7429 312.032
7431 313.032
7513 556.032
7514 552.032
7515 548.032
7516 544.032
7517 540.032
7518 536.032
7519 532.032
7520 528.032
7521 524.032
7522 520.032
7523 516.032
7524 512.032
7525 508.032
7526 504.032
7527 500.032
7528 496.032
7529 492.032
7530 488.032
7531 484.032
7532 480.032
7533 476.032
7534 472.032
7535 468.032
7536 464.032
7537 460.032
7538 456.032
7539 452.032
7540 448.032
7541 444.032
7542 440.032
7543 436.032
7544 432.032
7545 428.032
7546 424.032
7547 420.032
7548 416.032
7549 412.032
7550 408.032
7551 404.032
7552 400.032
7553 396.032
7554 392.032
7505 316.032
7504 316.032
7507 316.032
7509 316.032
7497 316.032
7499 316.032
7498 316.032
7501 316.032
7503 316.032
7490 316.032
7493 316.032
7492 316.032
7495 316.032
7579 320.032
7508 316.032
7580 320.032
7582 565.032
7583 561.032
7584 557.032
7585 553.032
7586 549.032
7659 545.032
7732 541.032
7806 536.032
7569 320.032
7568 320.032
7570 320.032
7572 320.032
7575 320.032
7574 320.032
7561 320.032
7563 320.032
7564 320.032
7566 320.032
7559 322.032
7488 318.032
7609 457.032
7610 453.032
7683 449.032
7684 445.032
7685 441.032
7686 437.032
7687 433.032
7688 429.032
7689 425.032
7690 421.032
7691 417.032
7692 413.032
7693 409.032
7694 405.032
7695 401.032
7768 397.032
7842 392.032
7843 388.032
7844 384.032
7845 380.032
7608 461.032
7681 457.032
7754 453.032
7828 448.032
7611 449.032
7613 441.032
7612 445.032
7615 433.032
7614 437.032
7603 481.032
7604 477.032
7605 473.032
7606 469.032
7679 465.032
7752 461.032
7826 456.032
7607 465.032
7592 525.032
7665 521.032
7666 517.032
7667 513.032
7668 509.032
7669 505.032
7670 501.032
7671 497.032
7672 493.032
7673 489.032
7674 485.032
7675 481.032
7748 477.032
7822 472.032
7641 324.032
7643 324.032
7642 324.032
7645 324.032
7646 324.032
7635 324.032
7634 324.032
7637 324.032
7638 324.032
7625 393.032
7698 389.032
7699 385.032
7700 381.032
7701 377.032
7702 373.032
7703 369.032
7776 365.032
7850 360.032
7624 397.032
7697 393.032
7627 385.032
7626 389.032
7629 377.032
7628 381.032
7630 373.032
7617 425.032
7616 429.032
7619 417.032
7618 421.032
7621 409.032
7620 413.032
7623 401.032
7622 405.032
7677 473.032
7750 469.032
7824 464.032
7678 469.032
7648 324.032
7654 324.155
10081 320.119
7707 328.032
7706 328.032
7710 328.032
7696 397.032
7769 393.032
7680 461.032
7753 457.032
7827 452.032
7682 453.032
7755 449.032
7829 444.032
7830 440.032
7831 436.032
7712 328.032
7715 328.032
7714 328.032
7716 328.032
7718 328.032
7771 385.032
7770 389.032
7773 377.032
7847 372.032
7772 381.032
7846 376.032
7775 369.032
7849 364.032
7774 373.032
7848 368.032
7761 425.032
7835 420.032
7836 416.032
7760 429.032
7834 424.032
7763 417.032
7837 412.032
7762 421.032
7765 409.032
7839 404.032
7840 400.032
7841 396.032
7764 413.032
7838 408.032
7767 401.032
7766 405.032
7757 441.032
7756 445.032
7759 433.032
7833 428.032
7758 437.032
7832 432.032
7751 465.032
7825 460.032
7792 332.032
7785 332.032
7786 332.032
7789 332.032
7788 332.032
7791 332.032
7778 357.032
7780 332.032
7783 332.032
7865 336.032
7864 336.032
7871 336.032
7798 332.032
7724 328.032
7652 324.032
7856 336.032
7859 336.032
7858 336.032
7861 336.032
7862 336.032
7853 336.032
7930 340.032
7932 340.032
7935 340.032
7936 340.032
7938 340.032
7942 340.032
7868 336.032
7795 332.032
7721 328.032
7994 356.032
7996 348.032
7984 396.032
7989 376.032
7991 368.032
7990 372.032
7977 424.032
7976 428.032
7979 416.032
7978 420.032
7981 408.032
7982 404.032
7983 400.032
7971 448.032
7973 440.032
7974 436.032
7972 444.032
7975 432.032
8008 344.032
8013 345.542
7943 341.542
10089 337.893
8001 344.032
8003 344.032
8006 344.032
8058 352.032
8061 348.032
8051 380.032
8052 376.032
8053 372.032
8043 412.032
8044 408.032
8045 404.032
8046 400.032
8035 444.032
8036 440.032
8037 436.032
8072 348.032
8074 348.032
8064 348.032
8120 352.032
8123 352.032
