 key  value
8122 120
8063 116
8064 112
8065 108
8003 104
7933 100
7934 96
7861 92
7788 88
7789 84
7716 80
7717 76
7718 72
7719 68
7647 64
7574 60
7503 56
7437 52
7369 48
7300 44
7234 40
7168 36
7098 32
7027 28
6953 24
6883 20
6812 16
6737 12
6659 8
6580 4
8125 108
8066 104
8067 100
8005 96
8006 92
7936 88
7863 84
7864 80
7791 76
8124 112
8127 100
8068 96
8126 104
8113 156
8054 152
8055 148
7993 144
7994 140
7924 136
7925 132
7926 128
7927 124
7928 120
7929 116
7856 112
7783 108
7710 104
7638 100
7565 96
7566 92
7567 88
7568 84
7569 80
7570 76
7499 72
7500 68
7501 64
7435 60
7367 56
7298 52
7299 48
8112 160
8053 156
8115 148
8056 144
8114 152
8117 140
8118 136
8119 132
8060 128
8061 124
7999 120
8116 144
8105 188
8046 184
8047 180
7985 176
7986 172
7987 168
7988 164
7989 160
7990 156
7991 152
7992 148
8104 192
8045 188
8107 180
8048 176
8049 172
8050 168
8051 164
8052 160
8106 184
8109 172
8110 168
8108 176
8111 164
8097 220
8038 216
8039 212
8040 208
7978 204
7908 200
7909 196
7910 192
7911 188
7912 184
7913 180
7914 176
7915 172
7916 168
7917 164
7918 160
7919 156
7920 152
7921 148
7922 144
7923 140
8096 224
8037 220
8099 212
8098 216
8101 204
8102 200
8103 196
8100 208
8155 220
8156 216
8157 212
8158 208
8159 204
8136 296
8137 292
8080 288
8021 284
8022 280
8023 276
8024 272
8025 268
8026 264
7964 260
7894 256
7895 252
7896 248
7897 244
7898 240
7899 236
7900 232
7901 228
7902 224
7903 220
7904 216
7905 212
7906 208
7907 204
8128 96
8069 92
8070 88
8008 84
7938 80
7865 76
7792 72
8185 100
8184 104
8177 132
8178 128
8179 124
8176 136
8181 116
8182 112
8180 120
8183 108
8169 164
8170 160
8168 168
8171 156
8173 148
8174 144
8172 152
8175 140
8161 196
8160 200
8163 188
8164 184
8165 180
8166 176
8162 192
8167 172
8217 204
8218 200
8219 196
8220 192
8221 188
8216 208
8223 180
8224 176
8225 172
8222 184
8215 212
8214 216
8241 108
8242 104
8240 112
8233 140
8234 136
8235 132
8232 144
8237 124
8238 120
8239 116
8236 128
8227 164
8228 160
8229 156
8230 152
8226 168
8231 148
8281 164
8282 160
8280 168
8283 156
8285 148
8284 152
8287 140
8286 144
8273 196
8274 192
8272 200
8275 188
8277 180
8278 176
8276 184
8279 172
91 341
111 337
125 333
143 329
171 325
209 321
254 317
304 313
359 309
419 303
482 299
481 295
550 288
621 284
620 280
690 276
769 272
768 268
854 264
938 260
1012 256
1081 252
1153 248
1236 244
1319 240
1405 236
1499 232
1593 228
1686 224
1781 220
1867 216
1951 212
2040 208
2132 204
2222 200
2309 196
2397 192
2483 188
2567 184
2654 180
2742 176
2830 172
2927 168
3029 164
3121 160
3215 156
3310 152
3405 148
3490 144
3571 140
3657 136
3739 132
3826 128
3915 124
4004 120
4093 116
4183 112
4276 108
4366 104
4454 100
4542 96
4628 92
4710 88
4797 84
4883 80
4967 76
5051 72
5133 68
5212 64
5299 60
5391 56
5482 52
5567 48
5644 44
5724 40
5799 36
5873 32
5947 28
6027 24
6107 20
6185 16
6260 12
6337 8
6416 4
8269 212
93 341
113 337
127 333
144 329
172 325
8268 216
92 341
8271 204
8270 208
8319 212
8318 216
8298 104
8245 100
8188 96
8131 92
8072 88
8010 84
7939 80
7866 76
7793 72
126 333
8289 132
8290 128
8291 124
8292 120
8293 116
8288 136
112 337
115 344
129 340
146 336
174 332
211 328
256 324
306 320
361 316
422 312
485 308
555 304
626 300
696 296
774 289
859 283
858 279
857 275
940 268
939 264
114 341
128 337
8294 112
8344 112
8295 108
8349 109.834
9963 107.869
8299 104
8246 100
8189 96
110 337
124 333
141 329
170 325
208 321
253 317
8337 140
8338 136
8336 144
8339 132
8340 128
8341 124
8343 116
8342 120
8329 172
8328 176
8331 164
8332 160
8333 156
8330 168
8335 148
8334 152
8321 204
145 333
8320 208
8323 196
147 340
8322 200
8325 188
8326 184
8327 180
149 347
148 343
176 339
213 335
258 331
308 327
363 323
424 319
487 315
557 311
628 307
697 300
8324 192
150 351
8377 176
8376 180
8379 168
8380 164
8378 172
8381 160
8383 152
8382 156
8369 208
8370 204
8371 200
8368 212
131 347
130 344
8373 192
8374 188
133 355
8372 196
8375 184
177 343
214 339
179 350.968
217 346.968
263 341.968
314 337.968
370 333.968
432 328.968
496 324.968
567 320.968
638 316.968
708 312.968
785 308.968
869 304.968
947 300.968
1019 296.968
1089 292.968
1161 288.968
1245 284.968
1329 280.968
1419 276.968
1516 272.968
1610 268.968
1707 264.968
1797 260.968
1880 256.968
1968 252.968
2058 248.968
2147 244.968
2233 240.968
2320 236.968
2405 232.968
2490 228.968
2575 224.968
2662 220.968
2751 216.968
2839 212.968
2939 208.968
3043 204.968
3133 200.968
3225 196.968
3319 192.968
3409 188.968
3497 184.968
3582 180.968
3665 176.968
3750 172.968
3839 168.968
3928 164.968
4016 160.968
4105 156.968
4196 152.968
4381 144.968
4470 140.968
4557 136.968
4643 132.968
9898 127.517
4729 123
4728 119
4727 115
4814 108
4813 104
4898 100
4982 96
4981 92
4980 88
5063 84
5144 80
5223 76
5310 72
5401 68
5491 64
5576 60
5652 56
5731 52
5806 48
5805 44
5879 40
5878 36
5877 32
5950 28
6030 24
6110 20
6187 16
6261 12
6338 8
178 347
215 343
181 348.968
219 344.968
264 340.968
315 336.968
371 332.968
180 349.968
218 345.968
173 329
210 325
175 336
8393 112
8345 108
8296 104
8243 100
8186 96
8129 92
216 347
8385 144
8386 140
8384 148
8387 136
8388 132
8389 128
212 332
8391 120
8392 116
8390 124
8441 120
8440 124
8433 152
8434 148
8435 144
8432 156
8437 136
8436 140
8439 128
8438 132
8425 184
8424 188
8427 176
8428 172
8426 180
8429 168
8431 160
255 321
305 317
8430 164
8419 208
8420 204
8418 212
8421 200
8423 192
8422 196
8473 184
8474 180
8472 188
8475 176
8476 172
8477 168
8479 160
8478 164
8467 208
8466 212
8469 200
8468 204
8471 192
8470 196
266 340.968
317 336.968
373 332.968
434 328.968
498 324.968
569 320.968
640 316.968
710 312.968
787 308.968
871 304.968
948 300.968
1020 296.968
1090 292.968
1162 288.968
257 328
8499 268
8453 264
8406 260
8357 256
8309 252
8260 248
8207 244
8150 240
8093 236
8094 232
8095 228
8036 224
259 335
309 331
364 327
261 343
311 339
310 335
365 331
8500 264
8454 260
8407 256
8358 252
8310 248
8261 244
8208 240
8209 236
8210 232
8211 228
8212 224
8213 220
262 342.968
313 338.968
369 334.968
431 329.968
495 325.968
566 321.968
312 339.968
368 335.968
430 330.968
494 326.968
565 322.968
637 317.968
707 313.968
784 309.968
316 336.968
372 332.968
433 328.968
319 336.968
375 332.968
436 328.968
500 324.968
570 320.968
641 316.968
318 336.968
8481 152
8482 148
8483 144
8484 140
8485 136
8480 156
307 324
8487 128
8486 132
299 296
354 292
414 288
475 284
544 280
615 276
685 272
765 268
851 264
936 260
1011 256
1080 252
1152 248
1234 244
1317 240
1498 232
1685 224
1779 220
1866 216
1950 212
2039 208
2131 204
2221 200
2308 196
2396 192
2482 188
2566 184
2653 180
2741 176
2829 172
2926 168
3028 164
8529 148
8530 144
8528 152
8531 140
8533 132
8532 136
8521 180
8522 176
8520 184
8523 172
8525 164
8524 168
8527 156
8526 160
8515 204
8514 208
8517 196
8518 192
8516 200
8519 188
8569 168
8568 172
8571 160
8572 156
8573 152
8574 148
8570 164
8575 144
8561 200
8562 196
8560 204
8563 192
8564 188
8565 184
8566 180
8567 176
374 332.968
435 328.968
360 313
362 320
8605 200
8604 204
8607 192
367 336.968
429 331.968
493 327.968
564 323.968
636 318.968
706 314.968
783 310.968
868 305.968
946 301.968
1018 297.968
1088 293.968
8606 196
366 335
353 292
413 288
8589 264
8546 260
8547 256
8548 252
8549 248
8505 244
8459 240
8460 236
8461 232
8462 228
8463 224
8464 220
8465 216
8588 268
8545 264
412 288
474 284
543 280
614 276
8590 260
8591 256
8592 252
8576 140
8577 136
8632 260
8633 256
8631 264
8630 268
8617 152
8616 156
8619 144
8618 148
8609 184
8610 180
8608 188
8611 176
8613 168
8612 172
8615 160
8614 164
425 323
488 319
427 331
490 327
560 323
559 319
630 315
629 311
426 327
428 332.968
492 328.968
563 324.968
635 319.968
705 315.968
782 311.968
867 306.968
945 302.968
1017 298.968
1087 294.968
1160 289.968
1244 285.968
1328 281.968
8671 264
8672 260
8670 268
8657 160
8658 156
8656 164
416 288
477 284
545 280
616 276
687 272
767 268
853 264
937 260
8659 152
8660 148
8661 144
8620 140
421 309
484 305
554 301
625 297
695 293
420 307
423 316
486 312
556 308
8649 192
8650 188
8651 184
473 285
542 281
8648 196
8653 176
8652 180
476 284
8655 168
8654 172
478 284
547 280
618 276
688 272
469 285
538 281
609 277
680 273
760 269
847 265
932 261
1008 257
1078 253
1150 248
1316 240
1496 232
1590 228
1683 224
1864 216
2129 204
2220 200
2307 196
8647 200
471 285
540 281
611 277
682 273
762 269
849 265
933 261
8646 204
8697 160
8696 164
8699 152
8698 156
8701 144
8662 140
8621 136
8622 132
8579 128
8535 124
8489 120
8442 116
8700 148
8689 192
8691 184
8690 188
8693 176
8694 172
8692 180
8695 168
8686 204
8687 200
497 324.968
499 324.968
8729 188
8730 184
8731 180
8732 176
489 323
8728 192
491 331
8733 172
8734 168
8735 164
8736 160
8737 156
483 303
8726 200
8727 196
537 282
539 281
610 277
541 281
612 277
683 273
8711 260
8712 256
8713 252
8714 248
8715 244
8716 240
8678 236
8639 232
8640 228
8641 224
8600 220
8601 216
8558 212
8710 264
8763 200
8764 196
8765 192
8767 184
8766 188
8747 264
8746 268
8748 260
8739 148
8738 152
553 299
552 295
551 291
622 287
692 283
771 279
8787 264
8788 260
8789 256
8790 252
8751 248
8786 268
546 280
617 276
8776 148
8740 144
8702 140
8663 136
605 290
606 286
607 282
608 278
679 274
759 270
8780 150.363
9950 144.701
8704 140
8664 136
8769 176
8768 180
8771 168
8770 172
8773 160
8774 156
8772 164
8775 152
8827 264
8828 260
8829 256
8816 152
8777 148
8741 144
8703 140
8809 176
8810 172
8811 168
8812 164
8808 180
8813 160
8815 152
8814 156
8801 208
8802 204
8800 212
624 295
623 291
8803 200
8805 192
8806 188
8807 184
8804 196
619 276
689 272
8849 176
8850 172
8851 168
8848 180
8853 160
8854 156
613 277
8852 164
8841 208
8843 200
8842 204
8845 192
8846 188
8847 184
8844 196
8890 159.992
9969 156.062
8881 192
8880 196
8883 184
8882 188
642 316.968
712 312.968
788 308.968
872 304.968
950 300.968
1022 296.968
1091 292.968
1163 288.968
1246 284.968
1330 280.968
1420 276.968
1517 272.968
1611 268.968
1708 264.968
1799 260.968
1882 256.968
1970 252.968
2061 248.968
2151 244.968
2237 240.968
2324 236.968
2409 232.968
2493 228.968
2578 224.968
2664 220.968
2752 216.968
2840 212.968
2940 208.968
8885 176
8884 180
8887 168
8886 172
8877 208
8879 200
8878 204
691 280
693 287
772 283
694 291
773 287
681 273
8920 176
8921 172
684 273
764 269
686 272
766 268
852 264
8913 204
8914 200
8915 196
8916 192
8917 188
8918 184
8919 180
8912 208
675 290
755 286
843 281
844 277
845 273
846 269
677 282
757 278
676 286
678 278
758 274
8911 212
8910 216
8876 212
8953 180
8954 176
8955 172
8956 168
8923 164
8889 160
8952 184
8945 212
8946 208
8947 204
8948 200
8949 196
8950 192
8944 216
709 312.968
786 308.968
870 304.968
8951 188
711 312.968
761 269
848 265
763 273
850 269
934 265
1009 261
753 289.533
840 285.533
925 281.533
1003 277.533
1073 273.533
1142 269.533
1223 262.533
1306 255.533
1393 249.533
1487 245.533
1584 241.533
1677 237.533
1773 233.533
1862 229.533
1946 225.533
2035 221.533
2127 217.533
2218 213.533
2305 209.533
2392 205.533
2478 198.595
2734 182
2820 177
2913 173
3015 169
3108 165
3203 160
3300 156
3395 152
3482 147
3564 143
3649 139
3732 134
3820 130
3907 126
3996 122
4086 117
4176 113
4269 109
4360 104
4449 100
4537 96
4623 92
4705 88
4793 84
4879 80
4963 76
5047 72
5129 68
5208 64
5296 60
5388 56
5479 52
5564 48
5641 44
5721 40
5796 36
5871 32
5946 28
6026 24
6106 20
6184 16
6259 12
6336 8
6415 4
754 289.533
841 285.533
756 282
8985 184
8986 180
8984 188
8977 216
8978 212
8979 208
8980 204
8981 200
8982 196
8983 192
8976 220
8975 224
8974 228
8942 224
8909 220
8875 216
8840 212
789 308.968
873 304.968
951 300.968
790 308.968
874 304.968
9017 184
9016 188
9009 216
9008 220
9011 208
9010 212
770 276
9013 200
9012 204
9015 192
9014 196
9005 232
9007 224
8997 264
8966 260
8967 256
8968 252
8969 248
8937 244
8904 240
8870 236
8835 232
8796 228
8757 224
8721 220
8722 216
8684 212
8645 208
8998 260
9041 212
9042 208
9043 204
9044 200
9045 196
9040 216
9047 188
9046 192
856 272
855 268
9037 228
9036 232
9039 220
9038 224
9029 260
8999 256
9028 264
842 285
9073 200
9072 204
9075 192
835 305.533
836 301.533
921 297.533
922 293.533
923 289.533
924 285.533
1002 281.533
9074 196
837 297.533
839 289.533
838 293.533
9065 232
9064 236
9067 224
9068 220
9069 216
9066 228
9071 208
9070 212
9059 256
9031 252
9001 248
8970 244
8971 240
8972 236
8973 232
9058 260
9063 240
9035 236
9113 264
9087 260
9088 256
9089 252
9090 248
9091 244
9092 240
9093 236
9094 232
9095 228
9096 224
9097 220
9098 216
9099 212
875 304.968
952 300.968
1023 296.968
1092 292.968
1164 288.968
1247 284.968
9117 248
876 304.968
954 300.968
1025 296.968
1095 292.968
1167 288.968
1251 284.968
1335 280.968
1425 276.968
1522 272.968
1616 268.968
1713 264.968
1803 260.968
1885 256.968
1973 252.968
2063 248.968
2152 244.968
9119 240
9118 244
9104 192
9076 188
9048 184
9018 180
8987 176
920 301.533
9101 204
9102 200
9103 196
9100 208
927 281
928 277
929 273
930 269
931 265
926 281.533
9145 248
9146 244
9147 240
9120 236
9144 252
9149 232
9122 228
9123 224
9148 236
9151 224
9152 220
9125 216
9150 228
9141 264
9142 260
9143 256
9116 252
9128 204
9130 196
9131 192
9105 188
9077 184
9049 180
9019 176
8988 172
9133 191.992
9107 187.992
9078 183.992
9050 179.992
9020 175.992
8989 171.992
8957 167.992
8924 163.992
9121 232
944 303.968
1016 299.968
1086 295.968
1159 290.968
1243 286.968
1327 282.968
1418 277.968
1515 273.968
1609 269.968
949 300.968
1021 296.968
9124 220
9127 208
9126 212
9177 224
9176 228
9179 216
9180 212
9181 208
9182 204
9157 200
9158 196
9178 220
9169 256
9170 252
9171 248
9173 240
9174 236
9172 244
9175 232
935 260
1010 256
9153 216
9154 212
9155 208
9156 204
9201 228
9200 232
9203 220
9202 224
9205 212
9204 216
9206 208
9193 260
9195 252
9197 244
9196 248
9199 236
9198 240
1015 303.68
1085 299.68
1158 294.68
1242 290.68
1326 286.68
1417 281.68
1514 277.68
1608 273.68
1705 269.68
10049 265.938
1014 304.68
1084 300.68
1157 295.68
1241 291.68
1325 287.68
1416 282.68
1513 278.68
1607 274.68
9241 248
9220 244
1001 300.533
1000 304.533
9243 240
9222 236
9223 232
9224 228
9242 244
9221 240
9245 232
9246 228
9247 224
9226 220
1005 280
1006 276
9244 236
1004 281.533
1007 261
9225 224
9227 216
9228 212
9219 248
1037 344.968
1104 340.968
1180 336.968
1179 332.968
1262 328.968
1348 324.968
1438 320.968
1437 316.968
1436 312.968
1532 308.968
1625 304.968
1722 300.968
1721 296.968
1720 292.968
1719 288.968
1718 284.968
1717 280.968
1716 276.968
1715 272.968
1805 268.968
1887 264.968
1886 260.968
1027 296.968
1096 292.968
1168 288.968
1026 296.968
1028 296.968
1098 292.968
1170 288.968
1253 284.968
1336 280.968
1426 276.968
9249 216
9248 220
1075 281.26
1144 277.26
1226 273.26
10048 269.587
1227 268
1228 264
1229 260
1230 256
1231 252
1232 248
1233 244
1074 277.533
1077 256
1148 252
1076 280
1097 292.968
1169 288.968
1252 284.968
1099 292.968
1171 288.968
1254 284.968
1337 280.968
1427 276.968
1523 272.968
1102 304.968
1174 300.968
1173 296.968
1256 292.968
1339 288.968
1429 284.968
1525 280.968
1618 276.968
1145 264
1146 260
1147 256
1143 273.533
1183 348.968
1182 344.968
1181 340.968
1264 336.968
1350 332.968
1440 328.968
1536 324.968
1629 320.968
1726 316.968
1725 312.968
1724 308.968
1814 304.968
1813 300.968
1895 296.968
1983 292.968
1982 288.968
1981 284.968
1980 280.968
2070 276.968
2159 272.968
2158 268.968
2243 264.968
2330 260.968
2329 256.968
2328 252.968
2327 248.968
2326 244.968
2325 240.968
1172 292.968
1165 288.968
1248 284.968
1331 280.968
1421 276.968
1518 272.968
1612 268.968
1709 264.968
1800 260.968
1166 288.968
1249 284.968
1333 280.968
1423 276.968
1520 272.968
1613 268.968
1710 264.968
1156 299.68
1240 295.68
9421 1743.96
9422 1645.96
9423 1547.96
9424 1449.96
9442 1274.96
9443 1175.96
9461 1040.96
9477 934.956
9494 827.956
9512 695.956
9531 588.956
9551 481.956
6006 292.956
6087 287.956
6163 283.956
6238 279.956
6313 274.956
6314 270.956
6315 266.956
6316 262.956
6317 258.956
6395 251.956
6474 244.956
6475 240.956
6556 236.956
6636 231.956
6714 227.956
6715 223.956
6791 219.956
6864 214.956
6936 210.956
7012 206.956
7083 201.956
7152 197.956
7217 193.956
7284 189.956
7352 184.956
7421 180.956
7487 176.956
9982 173.015
7556 168
7557 164
7558 160
7631 153
7704 149
7777 145
7851 140
9420 1841.96
1235 244
1225 270.533
1224 266.533
1221 261.533
1220 257.533
1305 253.533
1392 249.533
1484 245.533
1582 241.533
1675 237.533
1772 233.533
9462 1004.46
9939 914.042
9478 896.136
9942 807.257
9495 788.956
1222 265.533
1269 356.968
1355 352.968
1445 348.968
1444 344.968
1540 340.968
1633 336.968
1730 332.968
1729 328.968
1819 324.968
1901 320.968
1989 316.968
1988 312.968
1987 308.968
1986 304.968
1985 300.968
1984 296.968
1257 296.968
1259 316.968
1345 312.968
1435 308.968
1434 304.968
1530 300.968
1623 296.968
1250 284.968
9493 882.956
9511 749.956
9530 643.956
9550 537.956
9572 408.956
5928 311.956
1255 288.968
1338 284.968
1428 280.968
1304 254.533
1307 259.533
1309 267.533
1308 263.533
1311 272
1312 268
1310 271.533
9529 742.956
9528 841.956
9532 584.956
9525 1730.2
9544 1628.2
9563 1535.2
9586 1433.2
9607 1331.2
9629 1239.2
9630 1142.2
9631 1045.2
9984 993.603
9609 914
9610 814
9611 714
9612 614
9613 514
9614 414
7873 348
7800 344
7801 340
7802 336
7803 332
7804 328
7805 324
7878 320
7879 316
7880 312
7881 308
7882 304
7883 300
7884 296
7885 292
7886 288
7887 284
7888 280
7889 276
7890 272
7891 268
7892 264
7893 260
9524 1825.2
9543 1723.2
9562 1630.2
9585 1529.2
9606 1428.2
9628 1336.2
9527 940.956
9513 691.956
1341 296.968
1431 292.968
1430 288.968
1340 292.968
1343 304.968
1433 300.968
1432 296.968
1342 300.968
9506 1926.2
9509 945.956
9510 847.956
1332 280.968
1422 276.968
1334 280.968
1424 276.968
9567 898.956
9568 800.956
9569 702.956
9570 604.956
9571 506.956
9566 996.956
1318 240
1404 236
9547 836.956
9546 935.956
9549 637.956
9548 736.956
9593 405.956
6911 353.956
6912 349.956
6913 345.956
6982 334.956
7051 329.956
7120 325.956
7121 321.956
7122 317.956
7123 313.956
7124 309.956
7125 305.956
7126 301.956
7127 297.956
7128 293.956
7129 289.956
7130 285.956
7131 281.956
7132 277.956
7133 273.956
7134 269.956
7135 265.956
7136 261.956
7137 257.956
7138 253.956
7139 249.956
7140 245.956
7141 241.956
7142 237.956
7207 233.956
7208 229.956
7275 225.956
7343 220.956
7412 216.956
7478 212.956
7479 208.956
7480 204.956
7481 200.956
7482 196.956
7483 192.956
7484 188.956
7485 184.956
7486 180.956
9592 504.956
9595 739.968
9594 640.968
5374 566.968
5286 562.968
5203 557.968
5202 553.968
5122 549.968
5121 545.968
5039 541.968
4955 536.968
4870 532.968
4869 528.968
4782 524.968
4693 519.968
4692 515.968
4606 511.968
4605 507.968
4518 503.968
4429 499.968
4337 494.968
4336 490.968
4335 486.968
4334 482.968
4333 478.968
4241 474.968
4148 470.968
4058 465.968
4057 461.968
3967 457.968
3966 453.968
3877 449.968
3789 445.968
3701 440.968
3617 436.968
3531 432.968
3445 427.968
3444 423.968
3443 419.968
3442 415.968
3441 411.968
3440 407.968
3439 403.968
3438 399.968
3437 395.968
3436 391.968
3435 387.968
3434 383.968
3433 379.968
3432 375.968
3431 371.968
3430 367.968
3429 363.968
3428 359.968
3427 355.968
3426 351.968
3425 347.968
3424 343.968
3423 339.968
3422 335.968
3421 331.968
3420 327.968
3336 323.968
3335 319.968
3334 315.968
3333 311.968
3332 307.968
3331 303.968
3330 299.968
3329 295.968
3328 291.968
3327 287.968
3326 283.968
3325 279.968
3324 275.968
3323 271.968
3229 264.968
3138 259.968
3046 255.968
3045 251.968
2949 244.968
2948 240.968
2947 236.968
2946 232.968
2945 228.968
2944 224.968
2943 220.968
2942 216.968
2941 212.968
1352 340.968
1442 336.968
1538 332.968
1537 328.968
1357 360.968
1447 356.968
1446 352.968
1542 348.968
1635 344.968
1732 340.968
1822 336.968
1904 332.968
1992 328.968
2082 324.968
2171 320.968
2256 316.968
2343 312.968
2342 308.968
2427 304.968
2511 300.968
2510 296.968
2509 292.968
2594 288.968
2680 284.968
2679 280.968
2767 276.968
2766 272.968
2765 268.968
2764 264.968
2852 260.968
2851 256.968
2850 252.968
2849 248.968
1359 368.968
1358 364.968
1448 360.968
1347 320.968
1346 316.968
9589 801.956
9590 702.956
9591 603.956
9588 900.956
1349 328.968
1401 263
1314 259
1315 255
1400 267
1403 236
1402 259
1395 256.533
1489 252.533
1586 248.533
1679 244.533
1775 240.533
1863 233.533
1394 253.533
9573 120
4102 116
4287 108
4377 104
4466 100
4554 96
4639 92
4721 88
4808 84
4893 80
4977 76
5060 72
5141 68
5220 64
5307 60
5398 56
5488 52
5573 48
5649 44
5728 40
5803 36
1397 264.533
1396 260.533
1399 271
9574 636.968
3561 552.968
3475 547.968
3474 543.968
3473 539.968
3472 535.968
3471 531.968
3470 527.968
3469 523.968
3468 519.968
3467 515.968
3466 511.968
3465 507.968
3464 503.968
3463 499.968
3462 495.968
3461 491.968
3460 487.968
3459 483.968
3458 479.968
3457 475.968
3456 471.968
3455 467.968
3454 463.968
3453 459.968
3452 455.968
3451 451.968
3450 447.968
3449 443.968
3448 439.968
3447 435.968
3446 431.968
1398 269.129
1492 265.129
1491 261.129
9901 257.519
1588 256.533
1587 252.533
1391 250.533
1483 246.533
1581 242.533
9617 742.968
9616 643.968
7111 578.968
7110 574.968
7109 570.968
7108 566.968
7038 558.968
7037 554.968
6967 547.968
6966 543.968
6965 539.968
6964 535.968
6896 528.968
6828 523.968
6755 519.968
6679 515.968
6601 510.968
6600 506.968
6520 502.968
6438 498.968
6360 494.968
6283 489.968
6208 485.968
6207 481.968
6131 477.968
6055 472.968
5974 468.968
5901 464.968
5827 460.968
5752 455.968
5676 451.968
5596 447.968
5519 442.968
5433 438.968
5341 434.968
5253 430.968
5170 425.968
5090 421.968
5008 417.968
4924 412.968
4923 408.968
4838 404.968
4751 400.968
4662 395.968
4576 391.968
4575 387.968
4574 383.968
4487 379.968
4398 375.968
4306 370.968
4214 366.968
4213 362.968
4120 358.968
4030 353.968
4029 349.968
4028 345.968
3938 341.968
3849 337.968
3761 333.968
3673 328.968
3589 324.968
3503 320.968
3417 315.968
3416 311.968
9657 656
9636 553
9656 753
9635 650
9658 754
9661 845.724
9638 737.724
10125 723.14
9660 773.968
9637 665.968
9615 572.968
6824 513.968
6751 509.968
6675 505.968
6598 501.968
6518 497.968
6436 493.968
6358 489.968
6282 485.968
9655 851
9634 747
1415 286.68
1512 282.68
1606 278.68
1704 273.68
9654 948
9633 844
1414 288.072
10030 278.934
1702 270.968
1794 263.968
1879 259.968
1963 253.968
2052 249.968
2142 245.968
2228 241.968
2316 236.968
2402 232.968
2487 228.968
2572 224.968
2659 220.968
2747 216.968
2835 212.968
2936 208.968
3040 204.968
3131 200.968
3223 196.968
3318 192.968
9639 758.968
1449 364.968
9681 881.968
9680 761
9682 953.724
1497 232
9677 1025.47
10128 926.061
1500 232
9679 759
9678 856
1490 256.533
1493 273.129
1495 236
1494 273
9721 954
9700 850
9720 952
1482 254.533
1579 250.533
1580 246.533
1674 241.533
1485 245.533
1486 245.533
1529 296.968
1528 292.968
1621 288.968
1531 304.968
1533 312.968
1534 316.968
9699 947
9701 852
1524 276.968
1527 288.968
1526 284.968
1511 286.68
9742 1132
9741 1033
1553 392.968
1552 388.968
1645 384.968
1742 380.968
1832 376.968
1914 372.968
1913 368.968
2001 364.968
2091 360.968
2090 356.968
2089 352.968
2088 348.968
2177 344.968
2262 340.968
2349 336.968
2348 332.968
2347 328.968
2346 324.968
2345 320.968
2430 316.968
2514 312.968
2513 308.968
2512 304.968
1555 400.968
1554 396.968
1647 392.968
1744 388.968
1743 384.968
1556 404.968
1545 360.968
1544 356.968
1543 352.968
1546 364.968
1639 360.968
1736 356.968
1735 352.968
1734 348.968
1733 344.968
1549 376.968
1642 372.968
1739 368.968
1738 364.968
1828 360.968
1910 356.968
1998 352.968
1551 384.968
1550 380.968
1643 376.968
1740 372.968
1830 368.968
1912 364.968
2000 360.968
1999 356.968
1541 344.968
9782 1360
9781 1263
9761 1137
1592 228
1585 245.533
9762 1237
1589 232
1591 228
1778 220
1949 212
9819 1429
9799 1326
9779 1225
9760 1135
9818 1428
9821 1435
9801 1331
9780 1227
9820 1432
9800 1328
9823 1635.19
9804 1538.19
9784 1441.19
9763 1328.73
9744 1231.73
9723 1134.73
10126 1041
9702 955.968
1583 241.533
1676 237.533
9822 1471
9802 1367
1624 300.968
1627 312.968
1626 308.968
1628 316.968
1630 324.968
1619 280.968
1620 284.968
9798 1349
9778 1247
9759 1157
9740 1055
1622 292.968
1605 278.968
9844 684.306
9833 667.243
10024 632.584
9830 592.494
9871 542.153
9829 485.467
9912 448.555
9828 417.236
9927 374.768
9827 335.896
9897 320.175
1657 431.968
1754 427.968
1753 423.968
1752 419.968
1751 415.968
1750 411.968
1749 407.968
1748 403.968
1838 399.968
1837 395.968
1919 391.968
2007 387.968
2097 383.968
2186 379.968
2271 375.968
2358 371.968
2443 367.968
2527 363.968
2612 359.968
2697 352.968
2696 348.968
2695 344.968
2694 340.968
2693 336.968
2692 332.968
2780 328.968
2868 324.968
2867 320.968
2866 316.968
2865 312.968
2864 308.968
2863 304.968
2862 300.968
2861 296.968
2860 292.968
2859 288.968
2858 284.968
2958 280.968
2957 276.968
2956 272.968
2955 268.968
2954 264.968
2953 260.968
2952 256.968
2951 252.968
2950 248.968
1656 427.968
1655 423.968
1654 419.968
1653 415.968
9835 639.166
9879 626.598
9834 701.857
9843 667.979
1658 435.968
9836 522.272
9904 481.883
1649 400.968
1746 396.968
1745 392.968
1648 396.968
9826 96.919
6240 85
6318 80
6397 76
6480 72
6481 68
6482 64
6483 60
6484 56
6485 52
6486 48
6487 44
6488 40
6489 36
6490 32
6491 28
6492 24
6493 20
6494 16
6495 12
6496 8
6497 4
1651 407.968
1650 403.968
1747 399.968
9831 686.143
10007 635.004
1652 411.968
9881 346.549
1640 364.968
1737 360.968
9885 237.464
1644 380.968
1646 388.968
1632 332.968
1634 340.968
1637 352.968
1636 348.968
1638 356.968
9866 302.633
673 293.533
1684 224
1777 220
9913 121.25
1673 250.533
9915 115.145
4194 112
9914 107.454
9825 98.551
5627 91
5628 87
5708 83
5784 78
5785 74
5860 70
5861 66
5862 62
5863 58
5864 54
5865 50
5866 46
5941 42
6021 38
6102 33
6103 29
6104 25
6182 21
6183 17
6258 13
9917 205.88
7084 200.956
7153 196.956
7218 192.956
7285 188.956
9916 426.692
9919 395.419
9918 217.843
1678 241.533
1774 237.533
9905 303.392
9906 142.996
4469 140.968
9909 112.112
4726 108
4725 104
4724 100
4723 96
4722 92
4809 88
4894 84
4978 80
5061 76
9908 360.58
3249 357.968
3248 353.968
3340 346.968
9911 273.775
9910 72.942
5127 70
5207 65
5295 61
5387 57
5478 53
9896 349.108
9899 178.816
2823 175
2916 171
3017 167
3110 163
3204 159
3301 155
3396 151
3483 146
3565 142
3650 138
1723 304.968
9900 219.769
6794 216.956
7014 204.956
9903 178.045
3749 172.968
1727 320.968
1817 316.968
1899 312.968
9902 398.256
1712 264.968
1802 260.968
1714 268.968
1804 264.968
9893 261.032
9895 141.353
4170 134
4171 130
4172 126
4173 122
4174 118
4267 114
4358 109
4359 105
4448 101
4536 97
4622 93
9894 102.621
9945 612.335
3476 551.968
9944 492.217
1769 487.968
1768 483.968
1858 479.968
1857 475.968
1939 471.968
2027 467.968
2026 463.968
2025 459.968
2024 455.968
2023 451.968
2022 447.968
2021 443.968
2111 439.968
2110 435.968
2199 431.968
2284 427.968
2371 423.968
2370 419.968
2369 415.968
2368 411.968
2367 407.968
2366 403.968
2451 399.968
2535 395.968
2620 391.968
2619 387.968
2618 383.968
2617 379.968
2616 375.968
2615 371.968
2614 367.968
2613 363.968
9946 473.967
918 471.968
917 467.968
916 463.968
915 459.968
914 455.968
913 451.968
912 447.968
911 443.968
989 439.968
1061 435.968
1060 431.968
1126 427.968
1202 423.968
1285 419.968
1371 415.968
1461 411.968
1557 407.968
1706 268.968
9949 53.606
6510 48
6509 44
6508 40
6507 36
6506 32
6505 28
6504 24
6503 20
6502 16
6501 12
6500 8
6499 4
9948 142.485
8665 136
8623 132
8580 128
8536 124
9951 195.187
1711 264.968
9936 866.728
1699 270
1793 266
1792 262
1791 258
1790 254
1789 250
1788 246
1874 242
1873 238
1872 234
1871 230
1955 226
2044 222
2135 215
2312 207
2399 200
2398 196
2484 192
2568 188
2655 184
2743 180
2831 176
2928 172
9938 811.656
9943 425.667
9928 156.793
4195 152.968
4289 148.968
4380 144.968
9933 820.043
1757 439.968
1756 435.968
1846 431.968
1928 427.968
2016 423.968
2106 419.968
2105 415.968
2194 411.968
2279 407.968
1758 443.968
9920 291.699
9923 375.998
3159 371.968
3158 367.968
3157 363.968
9924 348.422
9926 234.538
9976 332.576
6005 296.956
6086 291.956
9979 339.959
2871 336.968
2971 332.968
2970 328.968
2969 324.968
2968 320.968
2967 316.968
2966 312.968
2965 308.968
2964 304.968
2963 300.968
2962 296.968
2961 292.968
2960 288.968
2959 284.968
9981 1711.44
1741 376.968
1831 372.968
9968 222.851
9270 216.805
10129 215.524
9252 211.992
9231 207.992
9208 203.992
9184 199.992
9159 195.992
9132 191.992
9106 187.992
9971 77.861
7870 77
7796 72
7722 68
7649 64
7576 60
7505 56
7438 52
1731 336.968
1821 332.968
1903 328.968
1902 324.968
9973 722.879
9972 42.24
6892 38
6820 33
6819 29
6818 25
6817 21
6741 17
6740 13
6661 9
6581 4
9975 278.022
9974 672.383
9960 112.624
5069 108
5229 100
5316 96
5407 92
5406 88
5496 84
5581 80
5580 76
5579 72
5578 68
5577 64
5653 60
9967 119.908
8445 116
8395 112
8346 108
8297 104
8244 100
8187 96
9966 331.783
3845 327.968
3757 323.968
3586 315.968
3500 311.968
3415 307.968
9952 196.018
9954 83.134
7941 80
7867 76
7794 72
7720 68
7648 64
9956 422.65
5669 417.968
5510 409.968
5424 405.968
5332 401.968
5244 397.968
5161 392.968
5081 388.968
4999 384.968
4915 379.968
4830 375.968
4743 371.968
4654 366.968
4568 362.968
4481 358.968
4392 354.968
4300 349.968
4208 345.968
4115 341.968
4025 336.968
3935 332.968
3846 328.968
3758 324.968
3670 319.968
1780 220
9959 151.953
10009 905.331
10008 126.858
7853 124
7780 120
7781 116
7782 112
1771 234.533
1861 230.533
1770 491.968
1860 487.968
1942 483.968
1941 479.968
1940 475.968
10005 265.986
1816 312.968
1815 308.968
1897 304.968
1896 300.968
1818 320.968
1900 316.968
9999 340.58
963 334.921
1036 330.921
1035 326.921
1103 320.065
1034 313.065
1033 309.065
1032 305.067
10013 304.238
1031 300.968
1100 296.968
1809 284.968
1808 280.968
1807 276.968
1806 272.968
1811 292.968
1810 288.968
1812 296.968
10041 200.973
1801 260.968
1884 256.968
1972 252.968
2062 248.968
10040 342.242
6007 290.308
6164 280.308
6239 276.308
10043 304.043
10042 162.021
3479 159
3480 155
3481 151
3563 147
10045 1017.67
10044 382.658
2783 379.968
2698 375.968
10047 126.909
10046 541.262
10033 74.832
5381 72
5382 68
5473 64
5559 59
5560 55
5561 51
5638 47
5718 43
5794 38
5869 34
5944 30
6024 26
6105 21
10032 926.906
10035 78.037
7090 77
7019 72
6943 68
6872 64
6801 60
6802 56
6727 52
6649 48
6570 44
6571 40
6572 36
6573 32
6574 28
6575 24
10034 77.97
10037 269.325
10036 270.354
10039 1669.8
10038 298.822
1798 260.968
1881 256.968
1969 252.968
2060 248.968
2150 244.968
2236 240.968
2323 236.968
2408 232.968
2492 228.968
2577 224.968
10027 228.195
1945 225.533
10026 85.423
1850 447.968
1932 443.968
2020 439.968
10029 322.543
704 319.968
10028 748.4
10031 216.098
1841 411.968
1923 407.968
1922 403.968
1921 399.968
2009 395.968
2008 391.968
1840 407.968
1839 403.968
1843 419.968
1842 415.968
1845 427.968
1927 423.968
2015 419.968
1844 423.968
10073 166.124
3025 164
3117 160
3211 156
3306 152
3402 148
3487 144
3568 140
3654 136
3736 132
3823 128
3912 124
4001 120
4090 116
4179 112
4271 108
4361 104
1833 380.968
10072 166.289
3312 160
3311 156
10075 218.312
2042 216
2134 212
2224 208
2311 204
2310 200
1835 388.968
1834 384.968
1916 380.968
2004 376.968
2003 372.968
2002 368.968
10074 241.764
1836 392.968
1918 388.968
2006 384.968
2096 380.968
2095 376.968
2184 372.968
2183 368.968
2268 364.968
2355 360.968
2440 356.968
2524 352.968
2609 348.968
2608 344.968
2607 340.968
2606 336.968
2605 332.968
2604 328.968
2603 324.968
2689 320.968
2777 316.968
10065 242.782
10064 171.946
3838 168.968
10067 114.904
10066 242.497
10069 165.01
1829 364.968
10068 130.106
3829 128
3917 124
4006 120
4095 116
4185 112
4278 108
4368 104
4456 100
4543 96
10071 29.384
10070 103.507
7286 100
7287 96
7221 92
7156 88
7087 84
7017 80
6941 76
6870 72
6799 68
6724 64
6646 60
6567 56
6568 52
6569 48
10057 143.494
3580 140.025
3747 132
3836 128
3926 124
4014 120
10056 229.91
2036 225.533
2128 221.533
10059 350.653
1883 256.968
1971 252.968
10061 115.857
10060 186.336
2651 180
2740 176
2828 172
10063 237.738
6712 235.956
6713 231.956
10062 246.21
10051 333.163
10050 231.306
2486 229.968
10053 108.689
7354 106
10055 338.792
10054 340.26
1865 216
1948 212
2038 208
1915 376.968
1917 384.968
1905 336.968
1993 332.968
1911 360.968
1898 308.968
1889 272.968
1888 268.968
1891 280.968
1890 276.968
1893 288.968
1892 284.968
1894 292.968
1944 225.533
2033 221.533
2126 217.533
1947 229.533
1929 431.968
1930 435.968
2018 431.968
2108 427.968
2197 423.968
2196 419.968
2195 415.968
2280 411.968
1920 395.968
1925 415.968
1924 411.968
1926 419.968
2014 415.968
2104 411.968
2193 407.968
2278 403.968
2365 399.968
2364 395.968
2449 391.968
2533 387.968
1977 268.968
1976 264.968
1975 260.968
1974 256.968
1979 276.968
2069 272.968
1978 272.968
2068 268.968
2157 264.968
2242 260.968
1965 252.968
2055 248.968
2145 244.968
2231 240.968
2318 236.968
2404 232.968
2488 228.968
2573 224.968
1967 252.968
2057 248.968
2146 244.968
1966 252.968
1954 223
2043 219
2011 403.968
2010 399.968
2013 411.968
2103 407.968
2192 403.968
2277 399.968
2012 407.968
2102 403.968
2191 399.968
2276 395.968
2363 391.968
2362 387.968
2361 383.968
2446 379.968
2530 375.968
2005 380.968
1994 336.968
1997 348.968
1996 344.968
1995 340.968
1991 324.968
1990 320.968
2041 212
2133 208
2223 204
2034 221.533
2037 208
2017 427.968
2019 435.968
2073 288.968
2072 284.968
2161 280.968
2246 276.968
2333 272.968
2332 268.968
2417 264.968
2501 260.968
2586 256.968
2672 252.968
2760 248.968
2848 244.968
2075 296.968
2074 292.968
2077 304.968
2076 300.968
2165 296.968
2250 292.968
2337 288.968
2336 284.968
2335 280.968
2334 276.968
2079 312.968
2078 308.968
2065 256.968
2154 252.968
2239 248.968
2064 252.968
2153 248.968
2067 264.968
2066 260.968
2071 280.968
2160 276.968
2056 248.968
2059 248.968
2148 244.968
2107 423.968
2109 431.968
2099 391.968
2188 387.968
2273 383.968
2360 379.968
2359 375.968
2098 387.968
2101 399.968
2100 395.968
2093 368.968
2092 364.968
2094 372.968
2081 320.968
2080 316.968
2083 328.968
2085 336.968
2084 332.968
2086 340.968
2143 244.968
2229 240.968
2130 204
2125 217.533
2217 213.533
2304 209.533
2113 447.968
2202 443.968
2201 439.968
2286 435.968
2373 431.968
2372 427.968
2169 312.968
2168 308.968
2167 304.968
2252 300.968
2339 296.968
2424 292.968
2508 288.968
2593 284.968
2170 316.968
2173 328.968
2258 324.968
2172 324.968
2175 336.968
2260 332.968
2174 332.968
2259 328.968
2163 288.968
2162 284.968
2164 292.968
2166 300.968
2155 256.968
2144 244.968
2230 240.968
2317 236.968
2198 427.968
2185 376.968
2187 383.968
2189 391.968
2190 395.968
2176 340.968
2181 360.968
2180 356.968
2179 352.968
2264 348.968
2351 344.968
2350 340.968
2435 336.968
2519 332.968
2182 364.968
2232 240.968
2319 236.968
2235 240.968
2322 236.968
2407 232.968
2234 240.968
2321 236.968
2238 244.968
2225 211
2216 214.533
2219 208
2267 360.968
2354 356.968
2439 352.968
2523 348.968
2266 356.968
2353 352.968
2352 348.968
2437 344.968
2521 340.968
2269 368.968
2356 364.968
2441 360.968
2525 356.968
2610 352.968
2270 372.968
2357 368.968
2257 320.968
2344 316.968
2429 312.968
2261 336.968
2249 288.968
2248 284.968
2251 296.968
2338 292.968
2253 304.968
2340 300.968
2425 296.968
2255 312.968
2254 308.968
2245 272.968
2244 268.968
2247 280.968
2281 415.968
2283 423.968
2282 419.968
2285 431.968
2272 379.968
2275 391.968
2274 387.968
2331 264.968
2315 237.968
2401 233.968
2306 196
2394 192
2480 188
2564 184
2652 180
2341 304.968
2393 209.595
2479 202.595
2395 192
2387 487.968
2386 483.968
2385 479.968
2470 475.968
2469 471.968
2468 467.968
2467 463.968
2466 459.968
2465 455.968
2464 451.968
2463 447.968
2462 443.968
2546 439.968
2631 435.968
2630 431.968
2629 427.968
2628 423.968
2627 419.968
2626 415.968
2625 411.968
2624 407.968
2623 403.968
2622 399.968
2621 395.968
2375 439.968
2374 435.968
2426 300.968
2428 308.968
2431 320.968
2419 272.968
2418 268.968
2421 280.968
2505 276.968
2590 272.968
2676 268.968
2420 276.968
2504 272.968
2589 268.968
2675 264.968
2763 260.968
2423 288.968
2507 284.968
2592 280.968
2591 276.968
2677 272.968
2422 284.968
2403 232.968
2406 232.968
2491 228.968
2576 224.968
2457 423.968
2456 419.968
2455 415.968
2454 411.968
2453 407.968
2537 403.968
2459 431.968
2543 427.968
2458 427.968
2542 423.968
2460 435.968
2448 387.968
2447 383.968
2450 395.968
2452 403.968
2536 399.968
2442 364.968
2445 375.968
2529 371.968
2444 371.968
2528 367.968
2433 328.968
2432 324.968
2516 320.968
2515 316.968
2489 228.968
2574 224.968
2661 220.968
2750 216.968
2838 212.968
2495 236.968
2494 232.968
2579 228.968
2665 224.968
2481 188
2565 184
2485 196
2569 192
2656 188
2744 184
2520 336.968
2526 360.968
2517 324.968
2518 328.968
2506 280.968
2498 248.968
2583 244.968
2582 240.968
2668 236.968
2756 232.968
2844 228.968
2843 224.968
2842 220.968
2503 268.968
2502 264.968
2587 260.968
2673 256.968
2761 252.968
2544 431.968
2539 411.968
2538 407.968
2541 419.968
2540 415.968
2531 379.968
2532 383.968
2534 391.968
2585 252.968
2584 248.968
2588 264.968
2674 260.968
2762 256.968
2570 196
2563 184
2601 316.968
2600 312.968
2686 308.968
2774 304.968
2602 320.968
2595 292.968
2681 288.968
2769 284.968
2768 280.968
2597 300.968
2596 296.968
2682 292.968
2770 288.968
2599 308.968
2598 304.968
2684 300.968
2772 296.968
2649 185
2735 181
2821 176
2914 172
3016 168
3109 164
2650 184
2736 180
2822 175
2915 171
2683 296.968
2685 304.968
2687 312.968
2678 276.968
2671 248.968
2670 244.968
2758 240.968
2846 236.968
2845 232.968
2657 192
2660 220.968
2748 216.968
2836 212.968
2713 435.968
2712 431.968
2711 427.968
2710 423.968
2709 419.968
2708 415.968
2707 411.968
2705 403.968
2704 399.968
2706 407.968
2699 379.968
2701 387.968
2700 383.968
2703 395.968
2702 391.968
2688 316.968
2691 328.968
2690 324.968
2778 320.968
2745 188
2746 190
2833 184
2832 180
2749 216.968
2837 212.968
2937 208.968
2737 179
2739 176
2827 172
2925 168
2733 186
2819 181
2912 177
3014 173
2776 312.968
2779 324.968
2781 332.968
2782 336.968
2870 332.968
2869 328.968
2771 292.968
2773 300.968
2775 308.968
2793 415.968
2792 411.968
2795 423.968
2794 419.968
2797 431.968
2796 427.968
2799 439.968
2798 435.968
2785 383.968
2784 379.968
2787 391.968
2786 387.968
2789 399.968
2788 395.968
2791 407.968
2790 403.968
2873 384.968
2872 382.968
2972 378.968
3066 374.968
2875 392.968
2874 388.968
2877 400.968
2876 396.968
2879 408.968
2878 404.968
2857 280.968
2856 276.968
2855 272.968
2854 268.968
2853 264.968
2909 188
2910 184
2911 180
2888 444.968
2881 416.968
2880 412.968
2883 424.968
2882 420.968
2885 432.968
2884 428.968
2887 440.968
2886 436.968
2930 180
3032 176
3124 172
3123 168
3122 164
2933 214.968
2934 210.968
3038 206.968
3129 202.968
3222 197.968
3317 193.968
3408 189.968
2932 218.968
2935 209.968
3039 205.968
3130 201.968
2921 168
3024 164
2923 168
3026 164
3119 160
3213 156
3308 152
3404 148
3489 144
3570 140
3656 136
3738 132
3825 128
3914 124
4003 120
4092 116
4182 112
4275 108
4365 104
2922 168
2924 168
2973 382.968
3067 378.968
2975 390.968
2974 386.968
2985 430.968
3079 426.968
3078 422.968
3077 418.968
3076 414.968
3075 410.968
3074 406.968
3073 402.968
3072 398.968
3071 394.968
3070 390.968
3069 386.968
3068 382.968
2984 426.968
2983 422.968
2987 438.968
2986 434.968
2989 446.968
2988 442.968
3082 438.968
3081 434.968
3080 430.968
2977 398.968
2976 394.968
2979 406.968
2978 402.968
2981 414.968
2980 410.968
2982 418.968
3033 179
3035 218.968
3126 214.968
3219 209.968
3314 205.968
3315 201.968
3316 197.968
3034 222.968
3125 218.968
3218 213.968
3313 209.968
3036 214.968
3127 210.968
3220 205.968
3221 201.968
3027 164
3019 166
3112 162
3206 158
3302 154
3397 150
3018 167
3021 166
3113 162
3207 158
3020 166
3022 165
3115 161
3210 156
3013 191
3012 195
3065 331.968
3064 327.968
3063 323.968
3062 319.968
3061 315.968
3060 311.968
3059 307.968
3058 303.968
3057 299.968
3056 295.968
3055 291.968
3054 287.968
3053 283.968
3052 279.968
3051 275.968
3050 271.968
3049 267.968
3048 263.968
3047 259.968
3083 442.968
3084 446.968
3120 160
3214 156
3309 152
3114 162
3208 158
3304 154
3400 150
3486 146
3567 142
3651 138
3733 134
3116 160
3118 160
3212 156
3111 163
3161 379.968
3160 375.968
3163 387.968
3162 383.968
3165 395.968
3164 391.968
3167 403.968
3166 399.968
3152 315.968
3155 327.968
3154 323.968
3153 319.968
3156 331.968
3145 287.968
3144 283.968
3143 279.968
3147 295.968
3146 291.968
3149 303.968
3148 299.968
3151 311.968
3150 307.968
3141 271.968
3140 267.968
3142 275.968
3177 443.968
3176 439.968
3175 435.968
3174 431.968
3173 427.968
3172 423.968
3171 419.968
3170 415.968
3169 411.968
3168 407.968
3178 447.968
3231 272.968
3209 158
3305 154
3205 159
3257 389.968
3256 385.968
3255 381.968
3254 377.968
3253 373.968
3252 369.968
3251 365.968
3250 361.968
3259 397.968
3258 393.968
3261 405.968
3260 401.968
3263 413.968
3262 409.968
3241 312.968
3240 308.968
3245 328.968
3244 324.968
3246 332.968
3233 280.968
3232 276.968
3239 304.968
3238 300.968
3272 449.968
3271 445.968
3270 441.968
3269 437.968
3268 433.968
3267 429.968
3266 425.968
3265 421.968
3264 417.968
3275 461.968
3274 457.968
3273 453.968
3307 152
3299 160
3394 156
3298 164
3393 160
3303 154
3398 150
3484 146
3566 142
3353 398.968
3352 394.968
3351 390.968
3350 386.968
3349 382.968
3348 378.968
3347 374.968
3346 370.968
3345 366.968
3344 362.968
3343 358.968
3342 354.968
3341 350.968
3355 406.968
3354 402.968
3357 414.968
3356 410.968
3359 422.968
3358 418.968
3337 327.968
3339 335.968
3338 331.968
3361 430.968
3360 426.968
3363 438.968
3362 434.968
3365 446.968
3364 442.968
3419 323.968
3418 319.968
3401 152
3399 150
3485 146
3477 168.167
3478 165.615
3513 360.968
3512 356.968
3515 368.968
3514 364.968
3517 376.968
3516 372.968
3519 384.968
3518 380.968
3505 328.968
3504 324.968
3507 336.968
3506 332.968
3509 344.968
3508 340.968
3510 348.968
3501 312.968
3502 316.968
3492 144
3572 140
3658 136
3740 132
3827 128
3529 424.968
3528 420.968
3530 428.968
3533 440.968
3532 436.968
3535 448.968
3534 444.968
3521 392.968
3520 388.968
3523 400.968
3522 396.968
3525 408.968
3524 404.968
3527 416.968
3526 412.968
3579 144.025
3581 144.025
3609 404.968
3608 400.968
3611 412.968
3610 408.968
3613 420.968
3612 416.968
3615 428.968
3614 424.968
3601 372.968
3600 368.968
3603 380.968
3602 376.968
3605 388.968
3604 384.968
3607 396.968
3606 392.968
3593 340.968
3592 336.968
3595 348.968
3594 344.968
3597 356.968
3596 352.968
3599 364.968
3598 360.968
3588 320.968
3587 316.968
3591 332.968
3590 328.968
3624 464.968
3538 460.968
3616 432.968
3619 444.968
3618 440.968
3620 448.968
3672 324.968
3671 320.968
3675 336.968
3674 332.968
3677 344.968
3676 340.968
3679 352.968
3678 348.968
3705 456.968
3704 452.968
3707 464.968
3706 460.968
3622 456.968
3621 452.968
3697 424.968
3696 420.968
3699 432.968
3698 428.968
3700 436.968
3703 448.968
3702 444.968
3689 392.968
3688 388.968
3691 400.968
3690 396.968
3693 408.968
3692 404.968
3695 416.968
3694 412.968
3681 360.968
3680 356.968
3683 368.968
3682 364.968
3685 376.968
3684 372.968
3687 384.968
3686 380.968
3741 132
3742 133.131
3730 139
3818 135
3905 131
3906 127
3995 123
4085 118
4175 114
4268 110
3734 138
3769 365.968
3768 361.968
3771 373.968
3770 369.968
3773 381.968
3772 377.968
3775 389.968
3774 385.968
3760 329.968
3763 341.968
3762 337.968
3765 349.968
3764 345.968
3767 357.968
3766 353.968
3753 177.968
3842 173.968
3931 169.968
4019 165.968
4108 161.968
4199 157.968
4291 153.968
4471 143.968
3752 174.968
3841 170.968
3930 166.968
4018 162.968
4107 158.968
4198 154.968
4290 150.968
3759 325.968
3746 136
3748 132
3751 174.968
3840 170.968
3929 166.968
3793 461.968
3792 457.968
3795 469.968
3796 473.968
3708 468.968
3785 429.968
3784 425.968
3787 437.968
3786 433.968
3788 441.968
3791 453.968
3790 449.968
3777 397.968
3776 393.968
3779 405.968
3778 401.968
3781 413.968
3780 409.968
3783 421.968
3782 417.968
3833 134
3921 130
3920 126
4008 122
4096 116
3835 128
3925 124
3834 138
3837 128
3828 132
3819 135
3821 128
3909 124
3998 120
4087 116
4177 112
4270 108
3865 401.968
3864 397.968
3867 409.968
3866 405.968
3869 417.968
3868 413.968
3871 425.968
3870 421.968
3857 369.968
3856 365.968
3859 377.968
3858 373.968
3861 385.968
3860 381.968
3863 393.968
3862 389.968
3848 333.968
3847 329.968
3851 345.968
3850 341.968
3853 353.968
3852 349.968
3855 361.968
3854 357.968
3889 497.968
3888 493.968
3887 489.968
3799 485.968
3711 480.968
3627 476.968
3541 472.968
3881 465.968
3880 461.968
3879 457.968
3883 473.968
3882 469.968
3885 481.968
3797 477.968
3709 472.968
3625 468.968
3884 477.968
3886 485.968
3873 433.968
3872 429.968
3875 441.968
3874 437.968
3876 445.968
3878 453.968
3932 335.355
3923 138
4011 134
4010 130
4009 126
3922 134
3924 125
4013 121
3916 124
3904 135
3993 131
4083 126
4084 122
3961 433.968
3960 429.968
3963 441.968
3962 437.968
3965 449.968
3964 445.968
3953 401.968
3952 397.968
3951 393.968
3955 409.968
3954 405.968
3957 417.968
3956 413.968
3959 425.968
3958 421.968
3945 369.968
3944 365.968
3947 377.968
3946 373.968
3949 385.968
3948 381.968
3950 389.968
3943 361.968
3992 135
4082 130
3977 497.968
3976 493.968
3975 489.968
3974 485.968
3973 481.968
3972 477.968
3979 505.968
3890 501.968
3802 497.968
3714 492.968
3630 488.968
3629 484.968
3543 480.968
3978 501.968
3969 465.968
3968 461.968
3971 473.968
3970 469.968
4024 335.968
3934 331.968
4031 357.968
4017 162.968
4106 158.968
4023 335.968
3933 331.968
4000 120
4089 116
4005 120
4094 116
4056 457.968
4055 453.968
4054 449.968
4053 445.968
4052 441.968
4059 469.968
4061 477.968
4060 473.968
4063 485.968
4062 481.968
4049 429.968
4048 425.968
4047 421.968
4051 437.968
4050 433.968
4041 397.968
4040 393.968
4039 389.968
4038 385.968
4037 381.968
4036 377.968
4035 373.968
4034 369.968
4033 365.968
4032 361.968
4043 405.968
4042 401.968
4045 413.968
4044 409.968
4046 417.968
4091 116
4181 112
4274 108
4364 104
4452 100
4540 96
4626 92
4708 88
4796 84
4882 80
4966 76
5050 72
5132 68
5211 64
4065 493.968
4064 489.968
4067 501.968
4066 497.968
4069 509.968
4068 505.968
4071 517.968
3981 513.968
3980 509.968
3891 505.968
4070 513.968
4121 362.968
4123 370.968
4122 366.968
4112 339.968
4104 156.968
4111 339.968
4022 335.968
4097 116
4187 112
4280 108
4370 104
4459 100
4547 96
4633 92
4715 88
4803 84
4889 80
4973 76
5056 72
5137 68
5216 64
5303 60
5395 56
5486 52
5571 48
5648 44
5727 40
5802 36
4101 120
4153 490.968
4152 486.968
4155 498.968
4154 494.968
4157 506.968
4156 502.968
4159 514.968
4158 510.968
4145 458.968
4144 454.968
4149 474.968
4151 482.968
4150 478.968
4137 426.968
4136 422.968
4139 434.968
4138 430.968
4141 442.968
4140 438.968
4143 450.968
4142 446.968
4131 402.968
4130 398.968
4133 410.968
4132 406.968
4135 418.968
4134 414.968
4184 112
4186 112
4189 112
4282 108
4372 104
4461 100
4549 96
4635 92
4717 88
4805 84
4891 80
4975 76
5058 72
5139 68
5218 64
5305 60
5397 56
5487 52
5572 48
4188 112
4281 108
4371 104
4460 100
4548 96
4634 92
4716 88
4804 84
4890 80
4974 76
4190 112
4283 108
4373 104
4462 100
4180 112
4272 108
4362 104
4451 100
4539 96
4625 92
4707 88
4794 84
4161 522.968
4160 518.968
4162 526.968
4072 521.968
3982 517.968
4216 374.968
4215 370.968
4203 343.968
4249 506.968
4248 502.968
4247 498.968
4251 514.968
4250 510.968
4253 522.968
4252 518.968
4255 530.968
4254 526.968
4243 482.968
4242 478.968
4245 490.968
4244 486.968
4246 494.968
4233 442.968
4232 438.968
4235 450.968
4234 446.968
4237 458.968
4236 454.968
4224 406.968
4223 402.968
4227 418.968
4226 414.968
4225 410.968
4229 426.968
4228 422.968
4231 434.968
4230 430.968
4273 108
4363 104
4277 108
4367 104
4279 108
4369 104
4458 100
4545 96
4630 92
4712 88
4799 84
4885 80
4969 76
5052 72
5134 68
5213 64
5301 60
5393 56
5483 52
5568 48
5645 44
4265 130
4264 134
4266 126
4256 534.968
4263 138
4262 558.968
4169 554.968
4079 549.968
4078 545.968
4077 541.968
3987 537.968
3986 533.968
3897 529.968
3809 525.968
3721 520.968
3637 516.968
3551 512.968
4317 414.968
4316 410.968
4319 422.968
4318 418.968
4305 366.968
4295 347.968
4204 343.968
4294 347.968
4345 526.968
4344 522.968
4343 518.968
4342 514.968
4341 510.968
4340 506.968
4339 502.968
4347 534.968
4346 530.968
4348 538.968
4338 498.968
4329 462.968
4328 458.968
4327 454.968
4320 426.968
4323 438.968
4322 434.968
4321 430.968
4325 446.968
4324 442.968
4326 450.968
4376 104
4464 100
4551 96
4637 92
4719 88
4807 84
4892 80
4976 76
5059 72
5140 68
5219 64
5306 60
4375 104
4374 104
4355 136
4354 140
4357 113
4409 419.968
4408 415.968
4411 427.968
4410 423.968
4413 435.968
4412 431.968
4415 443.968
4414 439.968
4395 363.968
4303 358.968
4211 354.968
4210 350.968
4209 346.968
4116 342.968
4026 337.968
3936 333.968
4394 359.968
4302 354.968
4387 351.968
4296 347.968
4388 351.968
4297 347.968
4206 343.968
4113 339.968
4441 547.968
4349 542.968
4440 543.968
4442 551.968
4350 546.968
4445 140
4444 559.968
4352 554.968
4351 550.968
4259 546.968
4258 542.968
4165 538.968
4075 533.968
4074 529.968
3984 525.968
3983 521.968
4447 113
4433 515.968
4432 511.968
4435 523.968
4434 519.968
4437 531.968
4436 527.968
4438 535.968
4431 507.968
4430 503.968
4417 451.968
4416 447.968
4419 459.968
4418 455.968
4421 467.968
4420 463.968
4465 100
4553 96
4638 92
4720 88
4463 100
4450 100
4453 100
4455 100
4505 451.968
4504 447.968
4507 459.968
4506 455.968
4508 463.968
4497 419.968
4496 415.968
4495 411.968
4406 407.968
4314 402.968
4313 398.968
4312 394.968
4311 390.968
4219 386.968
4126 382.968
4499 427.968
4498 423.968
4501 435.968
4500 431.968
4503 443.968
4502 439.968
4488 383.968
4485 371.968
4396 367.968
4304 362.968
4484 367.968
4486 375.968
4397 371.968
4538 96
4541 96
4529 547.968
4528 543.968
4439 539.968
4531 555.968
4530 551.968
4533 144
4532 559.968
4443 555.968
4534 148
4521 515.968
4523 523.968
4522 519.968
4525 531.968
4524 527.968
4527 539.968
4526 535.968
4571 371.968
4570 367.968
4569 363.968
4482 359.968
4393 355.968
4301 350.968
4573 379.968
4572 375.968
4552 96
4546 96
4632 92
4714 88
4801 84
4886 80
4970 76
5053 72
4550 96
4593 459.968
4592 455.968
4595 467.968
4594 463.968
4596 471.968
4587 435.968
4589 443.968
4588 439.968
4591 451.968
4590 447.968
4624 92
4706 88
4617 555.968
4616 551.968
4615 547.968
4614 543.968
4613 539.968
4619 148
4618 559.968
4621 94
4704 89
4792 85
4962 77
5046 73
5128 69
4609 523.968
4608 519.968
4611 531.968
4610 527.968
4612 535.968
4657 375.968
4656 371.968
4655 367.968
4659 383.968
4658 379.968
4660 387.968
4642 104
4641 100
4640 96
4697 535.968
4696 531.968
4695 527.968
4699 543.968
4698 539.968
4701 551.968
4700 547.968
4702 555.968
4681 471.968
4680 467.968
4683 479.968
4682 475.968
4684 483.968
4598 479.968
4511 475.968
4510 471.968
4509 467.968
4674 443.968
4677 455.968
4676 451.968
4675 447.968
4679 463.968
4678 459.968
4730 127
4713 88
4800 84
4718 88
4763 448.968
4765 456.968
4767 464.968
4766 460.968
4747 384.968
4746 380.968
4749 392.968
4748 388.968
4750 396.968
4661 391.968
4795 84
4880 80
4964 76
5048 72
5130 68
5209 64
4785 536.968
4787 544.968
4786 540.968
4789 552.968
4788 548.968
4791 560.968
4790 556.968
4769 472.968
4768 468.968
4771 480.968
4772 484.968
4817 120
4902 116
4986 112
4985 108
4984 104
4983 100
5066 96
5147 92
5226 88
5225 84
5224 80
5311 76
5402 72
4816 116
4815 112
4818 124
4903 120
4987 116
4811 96
4896 92
4810 92
4895 88
4979 84
4812 100
4897 96
4802 84
4887 80
4971 76
5054 72
5136 68
5215 64
4806 84
4860 492.968
4773 488.968
4863 504.968
4776 500.968
4687 495.968
4601 491.968
4514 487.968
4425 483.968
4853 464.968
4852 460.968
4851 456.968
4850 452.968
4855 472.968
4854 468.968
4843 424.968
4842 420.968
4755 416.968
4666 411.968
4580 407.968
4579 403.968
4578 399.968
4577 395.968
4835 392.968
4834 388.968
4833 384.968
4839 408.968
4888 80
4972 76
4881 80
4965 76
4873 544.968
4872 540.968
4871 536.968
4875 552.968
4874 548.968
4877 560.968
4876 556.968
4878 81
4865 512.968
4778 508.968
4689 503.968
4688 499.968
4864 508.968
4918 388.968
4899 104
4901 112
4900 108
4957 544.968
4956 540.968
4959 552.968
4958 548.968
4945 496.968
4944 492.968
4943 488.968
4858 484.968
4947 504.968
4862 500.968
4775 496.968
4686 491.968
4685 487.968
4599 483.968
4512 479.968
4423 475.968
4331 470.968
4239 466.968
4146 462.968
4946 500.968
4949 512.968
4948 508.968
4950 516.968
4937 464.968
4936 460.968
4935 456.968
4939 472.968
4938 468.968
4940 476.968
4942 484.968
4857 480.968
4770 476.968
4968 76
4961 560.968
4960 556.968
5020 465.968
5022 473.968
5011 429.968
4927 424.968
5015 445.968
4931 440.968
4846 436.968
4845 432.968
4844 428.968
4757 424.968
4668 419.968
4667 415.968
5055 72
5041 549.968
5040 545.968
5043 557.968
5042 553.968
5045 74
5044 561.968
5033 517.968
5032 513.968
5027 493.968
5026 489.968
5031 509.968
5030 505.968
5065 92
5064 88
5145 84
5057 72
5062 80
5113 513.968
5112 509.968
5101 465.968
5019 461.968
5102 469.968
5093 433.968
5094 437.968
5138 68
5217 64
5143 76
5222 72
5309 68
5400 64
5490 60
5575 56
5574 52
5650 48
5142 72
5131 68
5210 64
5297 60
5123 553.968
5125 561.968
5124 557.968
5126 565.968
5176 449.968
5175 445.968
5174 441.968
5214 64
5205 565.968
5204 561.968
5206 66
5294 62
5386 58
5477 54
5563 49
5640 45
5720 41
5193 517.968
5192 513.968
5194 521.968
5114 517.968
5221 68
5275 518.968
5274 514.968
5191 509.968
5111 505.968
5110 501.968
5028 497.968
5276 522.968
5304 60
5308 64
5302 60
5287 566.968
5361 514.968
5273 510.968
5190 505.968
5392 56
5394 56
5484 52
5569 48
5646 44
5726 40
5801 36
5875 32
5949 28
6029 24
6109 20
5396 56
5399 60
5380 76
5471 72
5557 67
5634 63
5635 59
5715 55
5791 50
5465 566.968
5464 562.968
5372 558.968
5371 554.968
5370 550.968
5282 546.968
5199 541.968
5198 537.968
5118 533.968
5036 529.968
4952 524.968
4867 520.968
4780 516.968
4691 511.968
4690 507.968
5489 56
5493 72
5492 68
5485 52
5570 48
5472 68
5558 63
5566 48
5642 44
5722 40
5797 36
5872 32
5554 79
5631 75
5632 71
5633 67
5713 63
5789 58
5585 96
5661 92
5660 88
5739 84
5814 80
5888 76
5961 72
6041 68
6121 64
6120 60
6197 56
6271 52
6270 48
6269 44
6346 40
6345 36
6344 32
6343 28
6342 24
6420 20
5626 567.968
5549 562.968
5548 558.968
5462 554.968
5657 76
5656 72
5655 68
5654 64
5659 84
5658 80
5737 76
5812 72
5886 68
5959 64
6039 60
6119 56
6118 52
6195 48
5662 96
5741 92
5816 88
5815 84
5651 52
5643 44
5647 44
5695 527.968
5694 523.968
5693 519.968
5692 515.968
5691 511.968
5611 507.968
5534 502.968
5448 498.968
5356 494.968
5268 490.968
5185 485.968
5184 481.968
5183 477.968
5103 473.968
5021 469.968
5725 40
5800 36
5736 72
5811 68
5885 64
5958 60
6038 56
5738 80
5813 76
5740 88
5729 44
5804 40
5730 48
5733 60
5808 56
5807 52
5735 68
5810 64
5809 60
5734 64
5788 62
5881 48
5954 44
5953 40
5952 36
5951 32
5880 44
5883 56
5956 52
6036 48
6116 44
6115 40
6114 36
6113 32
6112 28
6111 24
6188 20
5882 52
5884 60
5887 72
5874 36
5876 32
5889 80
5962 76
6042 72
5939 50
6019 46
6100 41
6178 37
6253 33
6331 28
6410 24
5960 68
5955 48
5957 56
6001 312.956
6082 307.956
6158 303.956
6233 299.956
6308 294.956
6309 290.956
6310 286.956
6311 282.956
6312 278.956
6000 572.968
5999 568.968
5926 564.968
5852 560.968
5777 555.968
5776 551.968
5775 547.968
5774 543.968
5773 539.968
5772 535.968
5696 531.968
6003 304.956
6084 299.956
6160 295.956
6235 291.956
6002 308.956
6083 303.956
6159 299.956
6004 300.956
6085 295.956
6040 64
6033 36
6032 32
6035 44
6034 40
6037 52
6031 28
6016 58
6097 53
6098 49
6099 45
6081 311.956
6122 68
6117 48
6161 291.956
6162 287.956
6237 283.956
6155 573.968
6079 568.968
6078 564.968
5997 560.968
5924 556.968
5923 552.968
5849 548.968
6157 307.956
6156 311.956
6231 307.956
6306 302.956
6307 298.956
6193 40
6192 36
6191 32
6190 28
6264 24
6263 20
6340 16
6339 12
6417 8
6194 44
6196 52
6198 60
6272 56
6349 52
6348 48
6347 44
6186 16
6189 24
6232 303.956
6234 295.956
6236 287.956
6230 573.968
6229 569.968
6153 565.968
6077 560.968
6076 556.968
5995 552.968
5922 548.968
5848 544.968
6265 28
6267 36
6266 32
6268 40
6262 16
6241 81
6319 76
6398 72
6399 68
6400 64
6247 57
6325 52
6326 48
6405 44
6305 306.956
6351 60
6350 56
6428 52
6341 20
6393 259.956
6394 255.956
6392 263.956
6385 291.956
6386 287.956
6387 283.956
6388 279.956
6389 275.956
6390 271.956
6391 267.956
6384 295.956
6381 307.956
6382 303.956
6383 299.956
6380 574.968
6303 569.968
6228 565.968
6152 561.968
6425 40
6424 36
6423 32
6422 28
6426 44
6418 12
6421 24
6409 28
6411 20
6412 16
6413 12
6401 60
6402 56
6459 304.956
6460 300.956
6541 296.956
6621 291.956
6699 287.956
6775 283.956
6848 278.956
6920 274.956
6996 270.956
7067 265.956
6458 308.956
6461 296.956
6542 292.956
6622 287.956
6700 283.956
6701 279.956
6702 275.956
6703 271.956
6704 267.956
6780 263.956
6853 258.956
6854 254.956
6926 250.956
6927 246.956
6928 242.956
7004 238.956
7075 233.956
7076 229.956
7077 225.956
7078 221.956
7079 217.956
7080 213.956
7081 209.956
7150 205.956
7151 201.956
6463 288.956
6464 284.956
6545 280.956
6625 275.956
6462 292.956
6543 288.956
6623 283.956
6473 248.956
6554 244.956
6634 239.956
6635 235.956
6472 252.956
6477 235.956
6558 231.956
6638 226.956
6716 222.956
6792 218.956
6865 213.956
6937 209.956
7013 205.956
6476 236.956
6557 232.956
6637 227.956
6478 234.956
6559 230.956
6639 225.956
6717 221.956
6793 217.956
6866 212.956
6938 208.956
6465 280.956
6546 276.956
6626 271.956
6467 272.956
6548 268.956
6628 263.956
6629 259.956
6630 255.956
6708 251.956
6709 247.956
6710 243.956
6786 239.956
6859 234.956
6931 230.956
6932 226.956
6933 222.956
7009 218.956
6466 276.956
6547 272.956
6627 267.956
6469 264.956
6550 260.956
6468 268.956
6549 264.956
6471 256.956
6470 260.956
6551 256.956
6631 251.956
6553 248.956
6633 243.956
6552 252.956
6632 247.956
6555 240.956
6544 284.956
6624 279.956
6539 304.956
6619 299.956
6620 295.956
6698 291.956
6774 287.956
6847 282.956
6540 300.956
6585 20
6584 16
6583 12
6582 8
6587 28
6586 24
6589 36
6588 32
6591 44
6590 40
6579 8
6560 229.956
6640 224.956
6718 220.956
6565 64
6566 60
6618 303.956
6651 40
6644 68
6665 25
6664 21
6667 33
6666 29
6658 12
6660 8
6663 17
6662 13
6705 263.956
6781 259.956
6707 255.956
6706 259.956
6782 255.956
6855 250.956
6711 239.956
6787 235.956
6860 230.956
6697 295.956
6773 291.956
6846 286.956
6918 282.956
6994 278.956
7065 273.956
6696 299.956
6772 295.956
6845 290.956
6917 286.956
6993 282.956
7064 277.956
6695 303.956
6771 299.956
6844 294.956
6916 290.956
6745 33
6744 29
6746 37
6736 16
6739 12
6738 12
6743 25
6742 21
6733 28
6734 24
6656 20
6657 16
6735 20
6723 68
6777 275.956
6850 270.956
6922 266.956
6998 262.956
7069 257.956
6776 279.956
6849 274.956
6779 267.956
6852 262.956
6778 271.956
6851 266.956
6783 251.956
6856 246.956
6857 242.956
6858 238.956
6770 579.968
6769 575.968
6693 571.968
6615 566.968
6614 562.968
6613 558.968
6612 554.968
6532 550.968
6450 546.968
6449 542.968
6371 538.968
6294 533.968
6219 529.968
6143 525.968
6067 520.968
5986 516.968
5985 512.968
5912 508.968
5838 504.968
5763 499.968
5687 495.968
5686 491.968
5606 487.968
5529 482.968
5443 478.968
5442 474.968
5350 470.968
5262 466.968
5179 461.968
5099 457.968
5098 453.968
5016 449.968
4932 444.968
6809 28
6811 20
6810 24
6813 16
6815 16
6814 16
6798 72
6785 243.956
6784 247.956
6789 227.956
6862 222.956
6863 218.956
6788 231.956
6861 226.956
6790 223.956
6843 298.956
6816 17
6821 37
6822 41
6879 36
6808 32
6869 76
6910 357.956
6889 26
6888 22
6890 30
6893 42
6881 28
6880 32
6882 24
6885 20
6884 20
6887 21
6886 20
6940 80
6929 238.956
7005 234.956
6930 234.956
7006 230.956
6935 214.956
7011 210.956
7082 205.956
6934 218.956
6921 270.956
6923 262.956
6999 258.956
7070 253.956
6925 254.956
7001 250.956
7072 245.956
7073 241.956
7074 237.956
6924 258.956
7000 254.956
7071 249.956
6915 294.956
6914 298.956
6990 294.956
7061 289.956
6919 278.956
6952 28
6954 24
6957 24
6956 24
6959 26
6958 25
6949 40
6950 36
6951 32
7002 246.956
7007 226.956
6992 286.956
7063 281.956
6995 274.956
7066 269.956
6997 266.956
7068 261.956
6985 322.956
7054 317.956
6984 326.956
7053 321.956
6987 314.956
7056 309.956
6986 318.956
7055 313.956
6989 298.956
7060 293.956
6988 310.956
7057 305.956
6991 290.956
7062 285.956
6977 354.956
7046 349.956
7047 345.956
7048 341.956
7117 337.956
7118 333.956
7119 329.956
6976 358.956
7045 353.956
6979 346.956
6978 350.956
6981 338.956
7050 333.956
6980 342.956
7049 337.956
6983 330.956
7052 325.956
7033 29
7032 28
7034 30
7025 36
7026 32
7024 40
7029 28
6955 24
7028 28
7031 28
7030 28
7016 84
7018 76
6942 72
6871 68
6800 64
7023 44
7008 222.956
7010 214.956
7059 297.956
7058 301.956
7044 357.956
7113 353.956
7178 349.956
7245 345.956
7313 340.956
7314 336.956
7315 332.956
7384 328.956
7385 324.956
7451 320.956
7452 316.956
7453 312.956
7454 308.956
7455 304.956
7456 300.956
7457 296.956
7458 292.956
7459 288.956
7460 284.956
7461 280.956
7462 276.956
7463 272.956
7464 268.956
7465 264.956
7466 260.956
7467 256.956
7468 252.956
7469 248.956
7470 244.956
7471 240.956
7472 236.956
7473 232.956
7474 228.956
7475 224.956
7476 220.956
7477 216.956
7097 36
7096 40
7099 32
7101 32
7100 32
7103 32
7102 32
7089 76
7088 80
7095 44
7094 48
7085 92
7086 88
7112 357.956
7115 345.956
7116 341.956
7114 349.956
7179 345.956
7246 341.956
7105 34
7104 33
7163 56
7093 52
7022 48
7162 68
7228 64
7229 60
7165 48
7164 52
7167 40
7166 44
7155 92
7157 84
7159 80
7160 76
7161 72
7158 80
7145 225.956
7210 221.956
7277 217.956
7345 212.956
7346 208.956
7415 204.956
7416 200.956
7417 196.956
7418 192.956
7419 188.956
7420 184.956
7144 229.956
7147 217.956
7148 213.956
7149 209.956
7214 205.956
7281 201.956
7349 196.956
7350 192.956
7351 188.956
7146 221.956
7211 217.956
7278 213.956
7143 233.956
7193 289.956
7194 285.956
7261 281.956
7329 276.956
7330 272.956
7331 268.956
7332 264.956
7401 260.956
7402 256.956
7403 252.956
7192 293.956
7259 289.956
7327 284.956
7328 280.956
7195 281.956
7262 277.956
7197 273.956
7264 269.956
7196 277.956
7263 273.956
7199 265.956
7266 261.956
7334 256.956
7335 252.956
7336 248.956
7337 244.956
7406 240.956
7407 236.956
7408 232.956
7409 228.956
7410 224.956
7411 220.956
7198 269.956
7265 265.956
7333 260.956
7185 321.956
7252 317.956
7320 312.956
7389 308.956
7390 304.956
7391 300.956
7184 325.956
7251 321.956
7319 316.956
7388 312.956
7187 313.956
7254 309.956
7322 304.956
7186 317.956
7253 313.956
7321 308.956
7189 305.956
7256 301.956
7324 296.956
7325 292.956
7326 288.956
7188 309.956
7255 305.956
7323 300.956
7191 297.956
7258 293.956
7190 301.956
7257 297.956
7177 353.956
7244 349.956
7312 344.956
7381 340.956
7382 336.956
7383 332.956
7449 328.956
7450 324.956
7176 38
7181 337.956
7248 333.956
7316 328.956
7180 341.956
7183 329.956
7250 325.956
7318 320.956
7182 333.956
7249 329.956
7317 324.956
7169 36
7171 36
7170 36
7173 36
7175 37
7174 36
7224 80
7225 76
7226 72
7227 68
7231 52
7232 48
7233 44
7230 56
7216 197.956
7283 193.956
7219 100
7220 96
7223 84
7222 88
7209 225.956
7276 221.956
7344 216.956
7213 209.956
7212 213.956
7279 209.956
7347 204.956
7215 201.956
7282 197.956
7201 257.956
7268 253.956
7200 261.956
7267 257.956
7203 249.956
7270 245.956
7338 240.956
7202 253.956
7205 241.956
7272 237.956
7340 232.956
7204 245.956
7271 241.956
7339 236.956
7206 237.956
7273 233.956
7341 228.956
7260 285.956
7241 40
7240 40
7243 353.956
7311 348.956
7242 41
7247 337.956
7235 40
7237 40
7236 40
7238 40
7172 36
7289 88
7290 84
7291 80
7292 76
7293 72
7294 68
7295 64
7296 60
7297 56
7288 92
7280 205.956
7348 200.956
7274 229.956
7342 224.956
7269 249.956
7305 44
7239 40
7304 44
7307 44
7306 44
7310 352.956
7379 348.956
7445 344.956
7446 340.956
7447 336.956
7448 332.956
7301 44
7303 44
7302 44
7353 184
7555 172
7355 104
7357 96
7358 92
7356 100
7359 88
7376 48
7368 52
7371 48
7370 48
7373 48
7372 48
7361 80
7362 76
7360 84
7363 72
7365 64
7366 60
7423 108
7424 104
7425 100
7426 96
7427 92
7428 88
7429 84
7422 110
7413 212.956
7414 208.956
7400 264.956
7405 244.956
7404 248.956
7395 284.956
7394 288.956
7397 276.956
7396 280.956
7399 268.956
7398 272.956
7441 52
7440 52
7442 52
7433 68
7432 72
7434 64
7436 56
7439 52
7431 76
7430 80
7513 340
7514 336
7515 332
7516 328
7517 324
7518 320
7519 316
7520 312
7521 308
7522 304
7523 300
7524 296
7525 292
7526 288
7527 284
7528 280
7529 276
7530 272
7531 268
7532 264
7533 260
7534 256
7535 252
7536 248
7537 244
7538 240
7539 236
7540 232
7541 228
7542 224
7543 220
7544 216
7545 212
7546 208
7547 204
7548 200
7549 196
7550 192
7551 188
7552 184
7553 180
7554 176
7504 56
7507 56
7506 56
7509 56
7497 80
7498 76
7496 84
7502 60
7489 112
7490 108
7491 104
7492 100
7493 96
7494 92
7495 88
7579 60
7508 56
7580 60
7582 349
7583 345
7584 341
7585 337
7658 333
7659 329
7660 325
7733 321
7807 316
7573 64
7572 68
7575 60
7561 112
7560 116
7563 104
7562 108
7564 100
7559 118
7488 114
7609 241
7682 237
7683 233
7756 229
7830 224
7608 245
7681 241
7754 237
7828 232
7829 228
7611 233
7612 229
7613 225
7686 221
7759 217
7833 212
7834 208
7610 237
7615 217
7688 213
7689 209
7762 205
7836 200
7614 221
7603 265
7676 261
7749 257
7823 252
7605 257
7678 253
7679 249
7752 245
7826 240
7827 236
7604 261
7677 257
7607 249
7606 253
7592 309
7593 305
7666 301
7739 297
7813 292
7814 288
7641 88
7642 84
7643 80
7640 92
7645 72
7646 68
7644 76
7633 120
7635 112
7636 108
7634 116
7637 104
7639 96
7625 177
7698 173
7699 169
7700 165
7701 161
7702 157
7703 153
7776 149
7850 144
7624 181
7697 177
7627 169
7626 173
7629 161
7628 165
7630 157
7617 209
7618 205
7691 201
7692 197
7765 193
7839 188
7840 184
7616 213
7619 201
7620 197
7693 193
7694 189
7767 185
7841 180
7842 176
7843 172
7621 193
7623 185
7622 189
7695 185
7768 181
7654 64.123
10081 60.087
7707 116
7708 112
7706 120
7709 108
7711 100
7696 181
7769 177
7690 205
7763 201
7837 196
7838 192
7680 245
7753 241
7685 225
7684 229
7757 225
7831 220
7832 216
7687 217
7760 213
7713 92
7714 88
7712 96
7715 84
7771 169
7845 164
7846 160
7847 156
7848 152
7849 148
7770 173
7844 168
7773 161
7772 165
7775 153
7774 157
7761 209
7835 204
7764 197
7766 189
7755 233
7758 221
7751 249
7825 244
7785 100
7786 96
7787 92
7784 104
7790 80
7779 124
7778 141
7852 136
7871 76
7798 72
7724 68
7651 64
7577 60
7857 108
7859 100
7858 104
7860 96
7862 88
7855 116
7854 120
7931 108
7930 112
7932 104
7935 92
7937 84
7942 80
7868 76
7795 72
7995 136
7996 132
7997 128
7998 124
7984 180
7977 208
7976 212
7979 200
7981 192
7982 188
7983 184
7980 196
7971 232
7972 228
7973 224
7975 216
7974 220
8013 85.51
7943 81.51
10089 77.861
8001 112
8000 116
8002 108
8004 100
8007 88
8057 140
8058 136
8059 132
8062 120
8041 204
8042 200
8043 196
8044 192
8035 228
8073 88
8074 88
8121 124
8120 128
8123 116
