 key  value
8122 20
8123 16
8064 12
8065 8
8066 4
8125 8
8126 4
8124 12
8127 5
8113 56
8114 52
8115 48
8056 44
8057 40
8058 36
8059 32
8060 28
8061 24
8062 20
8063 16
8112 60
8117 40
8118 36
8119 32
8116 44
8105 88
8046 84
8047 80
8048 76
8049 72
8050 68
8051 64
8052 60
8053 56
8054 52
8055 48
8104 92
8045 88
8107 80
8108 76
8106 84
8109 72
8111 64
8110 68
8097 120
8098 116
8039 112
8040 108
8041 104
8042 100
8043 96
8044 92
8096 124
8037 120
8038 116
8099 112
8100 108
8101 104
8102 100
8103 96
8155 120
8157 112
8156 116
8159 104
8158 108
8136 196
8137 192
8138 188
8139 184
8082 180
8023 176
8024 172
8025 168
8026 164
8027 160
8028 156
8029 152
8030 148
8031 144
8032 140
8033 136
8034 132
8035 128
8036 124
8128 9
8068 4
8185 9
8184 8
8177 32
8178 28
8179 24
8176 36
8181 16
8182 12
8180 20
8183 8
8169 64
8170 60
8171 56
8168 68
8173 48
8174 44
8175 40
8172 52
8161 96
8162 92
8163 88
8164 84
8165 80
8166 76
8167 72
8160 100
8217 104
8218 100
8219 96
8220 92
8221 88
8222 84
8223 80
8224 76
8225 72
8226 68
8227 64
8216 108
8215 112
8214 116
8241 12
8240 12
8242 12
8233 40
8234 36
8232 44
8235 32
8236 28
8237 24
8239 16
8238 20
8229 56
8228 60
8231 48
8230 52
8281 64
8280 68
8283 56
8282 60
8285 48
8284 52
8287 40
8288 36
8289 32
8286 44
8273 96
8272 100
8275 88
8274 92
8277 80
8276 84
8279 72
8278 76
91 429
111 425
125 421
142 417
170 413
208 409
253 405
359 397
419 391
482 387
552 383
551 379
622 375
692 371
771 367
857 363
940 356
939 352
938 348
1012 344
1081 340
1153 336
1236 332
1318 328
1404 324
1498 320
1685 312
1780 308
1867 304
1951 300
2040 296
2132 292
2222 288
2309 284
2397 280
2483 276
2567 272
2654 268
2742 264
2830 260
2927 256
3029 252
3121 248
3215 244
3310 240
3405 236
3490 232
3571 228
3656 224
3738 220
3824 216
3912 212
4001 208
4090 204
4179 200
4272 196
4362 192
4450 188
4537 184
4623 180
4705 176
4793 172
4878 168
4962 164
5046 160
5128 156
5207 152
5295 148
5386 144
5477 140
5562 136
5639 132
5719 128
5794 124
5868 120
5943 116
6023 112
6103 108
6180 104
6254 100
6331 96
6410 92
6492 88
6574 84
6653 80
6732 76
6808 72
6879 68
6949 64
7023 60
7094 56
7165 52
7231 48
7297 44
7366 40
7434 36
7500 32
7571 28
7644 24
7716 20
7789 16
7862 12
7935 8
8005 4
8269 112
93 429
113 425
127 421
144 417
172 413
209 409
254 405
304 401
8268 116
92 429
112 425
126 421
143 417
8271 104
8270 108
8319 112
8320 108
8318 116
8298 22
8244 17
8243 13
8291 24
8292 20
115 432
129 428
146 424
174 420
211 416
256 412
306 408
361 404
422 400
485 396
555 392
626 388
696 384
774 377
859 371
858 367
8290 28
114 429
8293 16
8294 16
8344 20
8295 16
8349 30
8348 26
110 425
124 421
8337 40
8338 36
8336 44
8339 32
8340 28
8341 24
8343 20
8342 20
8329 72
8330 68
8328 76
8331 64
8333 56
8334 52
8335 48
8332 60
8321 104
145 421
173 417
8323 96
8324 92
8325 88
8326 84
8327 80
147 428
8322 100
149 435
177 431
214 427
259 423
258 419
308 415
363 411
424 407
487 403
557 399
628 395
697 388
148 431
176 427
213 423
150 439
178 435
8377 76
8378 72
8376 80
8379 68
8381 60
8382 56
8383 52
8384 48
8380 64
8369 108
8370 104
8371 100
8372 96
8373 92
8374 88
8375 84
8368 112
128 425
131 435
130 432
133 443
132 439
179 439
216 435
261 431
260 427
181 447
180 443
217 439
175 424
212 420
8393 24
219 443.968
264 439.968
315 435.968
371 431.968
432 427.968
496 423.968
567 419.968
638 415.968
708 411.968
785 407.968
869 403.968
947 399.968
1019 395.968
1089 391.968
1161 387.968
1245 383.968
1329 379.968
1419 375.968
1516 371.968
1610 367.968
1707 363.968
1798 359.968
1881 355.968
1969 351.968
2059 347.968
2149 343.968
2235 339.968
2322 335.968
2407 331.968
2491 327.968
2576 323.968
2663 319.968
2752 315.968
2840 311.968
2940 307.968
3043 303.968
3133 299.968
3225 295.968
3319 291.968
3409 287.968
3497 283.968
3582 279.968
3665 275.968
3750 271.968
3839 267.968
3928 263.968
4016 259.968
4105 255.968
4196 251.968
4381 243.968
4470 239.968
4557 235.968
4643 231.968
9898 226.517
4729 222
4728 218
4727 214
4814 207
4813 203
4812 199
4897 195
4981 191
5064 187
5145 183
5224 179
5311 175
5402 171
5492 167
5577 163
5653 159
5732 155
5807 151
5881 147
5954 143
6034 139
6114 135
6191 131
6265 127
6342 123
6420 119
6502 115
6584 111
6663 107
6741 103
6816 99
6887 95
6957 91
7031 87
7102 83
7172 79
7238 75
7304 71
7373 67
7441 63
7507 59
7578 55
7651 51
7723 47
7796 43
7869 39
7942 35
8011 28
8010 24
8072 20
8071 16
8070 12
8069 8
218 443
8385 44
8386 40
8387 36
8388 32
210 413
8389 28
8391 24
215 431
8390 24
8441 28
8392 24
8440 28
8433 52
8434 48
8435 44
8432 56
8437 36
8436 40
8439 28
8438 32
8425 84
8424 88
8427 76
8426 80
8429 68
8428 72
8431 60
255 409
305 405
8430 64
8419 108
8420 104
8421 100
8422 96
8423 92
8418 112
8473 84
8472 88
8475 76
8476 72
8474 80
8477 68
8479 60
8478 64
8467 108
8466 112
8469 100
8468 104
8471 92
8470 96
266 439.968
316 435.968
372 431.968
433 427.968
497 423.968
568 419.968
639 415.968
709 411.968
786 407.968
870 403.968
948 399.968
257 416
8499 168
8453 164
8406 160
8357 156
8358 152
8359 148
8311 144
8262 140
8209 136
8210 132
8211 128
8212 124
8500 164
8501 160
8455 156
8408 152
8409 148
8410 144
8361 140
8313 136
8264 132
263 439
262 435
313 435
368 431
429 427
492 423
562 419
561 415
632 411
631 407
630 403
629 399
312 431
367 427
428 423
491 419
314 436.968
370 432.968
317 435.968
319 435.968
374 431.968
435 427.968
498 423.968
318 435.968
8481 52
8480 56
8483 44
8484 40
8485 36
307 412
362 408
8482 48
309 419
8487 32
311 427
366 423
427 419
490 415
560 411
8486 32
310 423
299 384
355 380
415 376
476 372
544 368
615 364
685 360
765 356
851 352
935 348
1010 344
1234 332
1317 328
8529 48
8530 44
8528 52
8531 40
8533 36
8532 36
8521 80
8522 76
8520 84
8523 72
8525 64
8526 60
8524 68
8527 56
8515 104
8514 108
8517 96
8518 92
8516 100
8519 88
8569 68
8570 64
8568 72
8571 60
8572 56
8573 52
8575 44
8574 48
8561 100
8560 104
8563 92
8564 88
8565 84
8566 80
8567 76
8562 96
369 433.968
431 428.968
495 424.968
566 420.968
373 431.968
434 427.968
375 431.968
436 427.968
500 423.968
571 419.968
642 415.968
712 411.968
789 407.968
873 403.968
951 399.968
1023 395.968
1093 391.968
1165 387.968
1249 383.968
1333 379.968
1423 375.968
1520 371.968
1614 367.968
1711 363.968
1802 359.968
1885 355.968
1973 351.968
2063 347.968
2152 343.968
2237 339.968
2324 335.968
2409 331.968
2493 327.968
2578 323.968
2664 319.968
360 401
8605 100
365 419
364 415
425 411
8604 104
8607 92
8606 96
353 380
413 376
475 372
8589 164
8546 160
8547 156
8503 152
8457 148
8588 168
8545 164
412 376
474 372
543 368
614 364
8590 160
414 376
8576 40
8632 160
8591 156
8548 152
8504 148
8458 144
8411 140
8362 136
8314 132
8265 128
8631 164
8630 168
8617 52
8616 56
8619 44
8618 48
8609 84
8610 80
8608 88
8611 76
8612 72
8613 68
8615 60
8614 64
426 415
489 411
559 407
8671 164
8672 160
8673 156
8674 152
8675 148
8676 144
8677 140
8678 136
8679 132
8680 128
8681 124
8642 120
8601 116
8558 112
8559 108
8670 168
8657 60
8658 56
8659 52
8660 48
8656 64
416 376
478 372
547 368
618 364
688 360
767 356
853 352
8661 48
421 397
484 393
554 389
625 385
695 381
420 395
423 404
8649 92
8650 88
473 373
542 369
8648 96
8651 84
8652 80
8653 76
477 372
545 368
616 364
687 360
766 356
852 352
936 348
8655 68
8654 72
469 373
538 369
609 365
680 361
760 357
847 353
932 349
1008 345
1078 341
1150 336
1316 328
1496 320
1590 316
1683 312
1864 304
2129 292
2220 288
2307 284
2396 280
8647 100
471 373
539 369
610 365
681 361
761 357
848 353
933 349
8646 104
8697 60
8696 64
8699 52
8698 56
8701 52
8700 52
8689 92
8691 84
8690 88
8693 76
8692 80
8695 68
8694 72
8686 104
499 423.968
570 419.968
641 415.968
710 411.968
8729 88
8728 92
488 407
558 403
8731 80
8730 84
8733 72
8734 68
8732 76
8735 64
483 391
553 387
8726 100
8688 96
486 400
537 370
541 369
612 365
682 361
762 357
849 353
540 369
611 365
8711 160
8712 156
8713 152
8714 148
8715 144
8716 140
8717 136
8718 132
8710 164
8763 100
8727 96
8765 92
8764 96
8767 84
8768 80
8766 88
8747 164
8748 160
8746 168
8737 56
8736 60
8739 56
563 423
8738 56
565 421.968
637 416.968
707 412.968
784 408.968
564 422.968
636 417.968
706 413.968
783 409.968
868 404.968
946 400.968
1018 396.968
1088 392.968
556 396
8787 164
8786 168
546 368
617 364
8788 160
8789 156
8790 152
8791 148
8792 144
8753 140
8776 60
8740 56
605 378
676 374
756 370
844 365
845 361
846 357
931 353
1007 349
8780 62.363
9950 56.701
8704 52
8665 48
8623 44
8580 40
8536 36
8489 32
8442 28
607 370
678 366
679 362
759 358
606 374
8769 76
8771 68
8770 72
8773 60
8772 64
8775 60
8774 60
8827 164
8828 160
8816 64
8809 76
8810 72
8808 80
8811 68
8813 64
8812 64
8815 64
8814 64
8801 108
8802 104
8800 112
624 383
694 379
693 375
8803 100
8804 96
8805 92
8806 88
8807 84
619 364
689 360
768 356
854 352
621 372
620 368
623 379
8849 76
8848 80
608 366
8851 68
8850 72
8853 68
613 365
683 361
8852 68
8854 68
8841 108
8842 104
8843 100
8844 96
8845 92
8847 84
8846 88
8890 71.992
9969 68.062
8881 92
8882 88
8883 84
8880 96
8885 76
8884 80
8887 72
8886 72
8877 108
8879 100
8878 104
691 368
690 364
769 360
855 356
8920 76
684 361
764 357
686 360
8913 104
8912 108
8915 96
8916 92
8917 88
675 378
8914 100
677 370
8919 80
8918 84
8911 112
8910 116
8953 80
8952 84
8945 112
8946 108
8944 116
8947 104
8949 96
8948 100
8951 88
711 411.968
788 407.968
872 403.968
950 399.968
1022 395.968
1092 391.968
1164 387.968
1248 383.968
1332 379.968
1422 375.968
1519 371.968
1613 367.968
1710 363.968
1800 359.968
1883 355.968
1971 351.968
2061 347.968
2151 343.968
8950 92
763 361
753 376.533
840 372.533
925 368.533
1003 364.533
1073 360.533
1142 356.533
1223 349.533
1306 342.533
1393 336.533
1487 332.533
1584 328.533
1677 324.533
1773 320.533
1862 316.533
1946 312.533
2035 308.533
2127 304.533
2218 300.533
2305 296.533
2392 292.533
2478 285.595
2734 269
2820 264
2913 260
3015 256
3108 252
3203 247
3300 243
3395 239
3482 234
3564 230
3649 226
3732 221
3820 217
3907 213
3996 209
4086 204
4176 200
4269 196
4359 192
4448 188
4536 184
4622 180
4704 176
4792 172
755 374
843 369
928 365
929 361
930 357
754 376.533
841 372.533
926 368.533
757 366
758 362
8985 84
8984 88
8977 116
8978 112
8976 120
8979 108
8980 104
8981 100
8983 92
8982 96
8975 124
8943 120
8974 128
8942 124
8909 120
787 407.968
871 403.968
790 407.968
874 403.968
952 399.968
1024 395.968
1094 391.968
1166 387.968
1250 383.968
1334 379.968
1424 375.968
1521 371.968
1615 367.968
1712 363.968
1803 359.968
9017 88
8986 84
8954 80
8921 76
9016 88
9009 116
9008 120
9011 108
9010 112
770 364
9013 100
9012 104
9015 92
9014 96
9005 132
9007 124
8997 164
8966 160
8934 156
8901 152
8867 148
8832 144
8793 140
8754 136
8998 160
8967 156
8935 152
8902 148
8868 144
8833 140
8794 136
8755 132
8719 128
9041 112
9042 108
9043 104
9040 116
9045 96
9046 92
9044 100
9047 92
856 360
9037 128
9036 132
9006 128
9039 120
9038 124
850 357
9029 160
8999 156
8968 152
8969 148
8970 144
8971 140
8972 136
8940 132
8907 128
8908 124
9028 164
842 372.533
9073 100
9074 96
9072 104
9075 96
835 392.533
920 388.533
921 384.533
922 380.533
923 376.533
924 372.533
1002 368.533
837 384.533
836 388.533
839 376.533
838 380.533
9065 132
9064 136
9067 124
9068 120
9066 128
9069 116
9071 108
9070 112
9059 156
9060 152
9061 148
9033 144
9034 140
9035 136
9058 160
9063 140
9113 164
9087 160
9088 156
9089 152
9090 148
9091 144
875 403.968
953 399.968
1025 395.968
1095 391.968
1167 387.968
9117 148
876 403.968
954 399.968
1026 395.968
9119 140
9093 136
9118 144
9092 140
9104 100
9076 96
9048 92
9097 120
9098 116
9099 112
9096 124
9101 104
9100 108
9103 100
927 369
9102 100
9095 128
9094 132
9145 148
9144 152
9147 140
9148 136
9121 132
9146 144
9149 132
9150 128
9123 124
9151 124
9124 120
9141 164
9114 160
9143 156
9128 104
9130 104
9133 103.992
9107 99.992
9078 95.992
9050 91.992
9020 87.992
8989 83.992
8957 79.992
8924 75.992
945 401.968
1017 397.968
1087 393.968
1160 388.968
1244 384.968
1328 380.968
9120 136
944 402.968
1016 398.968
1086 394.968
1159 389.968
1243 385.968
1327 381.968
1418 376.968
1515 372.968
1609 368.968
9122 128
9125 116
949 399.968
1020 395.968
9127 108
9126 112
9177 124
9178 120
9153 116
9176 128
937 348
9179 116
9180 112
9155 108
9181 112
9156 108
9129 104
9182 112
9169 156
9171 148
9172 144
9173 140
9170 152
9175 132
9174 136
934 353
9152 120
9154 112
9201 128
9200 132
9203 120
9202 124
9205 116
9204 116
9206 116
9193 160
9195 152
9197 144
1021 395.968
1090 391.968
1162 387.968
9196 148
9199 136
9198 140
1009 349
1011 344
1080 340
1152 336
1015 402.68
1085 398.68
1158 393.68
1242 389.68
1326 385.68
1417 380.68
1514 376.68
1608 372.68
1705 368.68
10049 364.938
1797 359.968
1880 355.968
1968 351.968
2058 347.968
2147 343.968
2232 339.968
2319 335.968
2405 331.968
2490 327.968
2575 323.968
2661 319.968
2749 315.968
2837 311.968
2937 307.968
3041 303.968
3131 299.968
3223 295.968
3318 291.968
1014 403.68
1084 399.68
1157 394.68
1241 390.68
1325 386.68
1416 381.68
1513 377.68
1607 373.68
9241 148
9220 144
1001 387.533
1000 391.533
9243 140
9244 136
9245 132
9246 128
9247 124
9226 120
9242 144
9221 140
1005 368
1006 364
1004 368.533
9225 124
9224 128
9227 120
9228 120
9219 148
9223 132
9222 136
1037 443.968
1104 439.968
1180 435.968
1179 431.968
1262 427.968
1348 423.968
1438 419.968
1534 415.968
1627 411.968
1724 407.968
1723 403.968
1722 399.968
1721 395.968
1720 391.968
1810 387.968
1809 383.968
1891 379.968
1890 375.968
1978 371.968
2068 367.968
2067 363.968
2066 359.968
2155 355.968
2154 351.968
2153 347.968
2238 343.968
1027 395.968
1096 391.968
1168 387.968
1252 383.968
1335 379.968
1425 375.968
1028 395.968
1097 391.968
1169 387.968
9249 124
9248 124
1075 368.533
1144 364.533
1143 360.533
1074 364.533
1077 344
1148 340
1232 336
1233 332
1076 368
1099 391.968
1171 387.968
1254 383.968
1337 379.968
1427 375.968
1523 371.968
1616 367.968
1713 363.968
1102 403.968
1174 399.968
1257 395.968
1340 391.968
1430 387.968
1429 383.968
1428 379.968
1524 375.968
1145 352
1229 348
1230 344
1231 340
1146 348
1183 447.968
1182 443.968
1265 439.968
1264 435.968
1350 431.968
1440 427.968
1439 423.968
1535 419.968
1628 415.968
1170 387.968
1253 383.968
1336 379.968
1426 375.968
1173 395.968
1172 391.968
1255 387.968
1163 387.968
1246 383.968
1156 398.68
9421 1651.96
9422 1553.96
9423 1455.96
9424 1357.96
9442 1182.96
9443 1083.96
9461 948.956
9477 842.956
9494 735.956
9512 603.956
9531 496.956
9551 389.956
6006 200.956
6087 195.956
6163 191.956
6238 187.956
6313 182.956
6314 178.956
6315 174.956
6316 170.956
6317 166.956
6395 159.956
6474 152.956
6475 148.956
6556 144.956
6636 139.956
6714 135.956
6715 131.956
6791 127.956
6864 122.956
6936 118.956
7012 114.956
7083 109.956
7152 105.956
7217 101.956
7284 97.956
7352 92.956
7421 88.956
7487 84.956
9982 81.015
7556 76
7557 72
7558 68
7631 61
7704 57
7777 53
7851 48
7852 44
7925 40
7996 36
7997 32
9420 1749.96
1247 383.968
1330 379.968
1420 375.968
1517 371.968
1611 367.968
1708 363.968
1235 332
1225 357.533
1224 353.533
1227 356
1228 352
1226 361.26
10048 357.587
1221 348.533
1220 344.533
1305 340.533
1392 336.533
1484 332.533
1582 328.533
1675 324.533
1772 320.533
9462 912.456
9939 822.042
9478 804.136
9942 715.257
9495 696.956
1222 352.533
1269 455.968
1355 451.968
1445 447.968
1541 443.968
1634 439.968
1731 435.968
1730 431.968
1729 427.968
1728 423.968
1727 419.968
1817 415.968
1899 411.968
1898 407.968
1986 403.968
1985 399.968
1984 395.968
2074 391.968
2073 387.968
2072 383.968
2161 379.968
2160 375.968
2159 371.968
2244 367.968
2331 363.968
2416 359.968
2415 355.968
2499 351.968
2584 347.968
2583 343.968
2582 339.968
2581 335.968
2667 331.968
2666 327.968
2754 323.968
2842 319.968
2841 315.968
2941 311.968
1256 391.968
1339 387.968
1259 415.968
1345 411.968
1435 407.968
1434 403.968
1530 399.968
1623 395.968
1251 383.968
9493 790.956
9511 657.956
9530 551.956
9550 445.956
9572 316.956
5928 219.956
1304 341.533
1307 346.533
1309 354.533
1308 350.533
1311 360
1310 358.533
9529 650.956
9528 749.956
9532 492.956
9525 1638.2
9544 1536.2
9563 1443.2
9586 1341.2
9607 1239.2
9629 1147.2
9630 1050.2
9631 953.197
9984 901.603
9609 822
9610 722
9611 622
9612 522
9613 422
9614 322
7873 256
7800 252
7801 248
7874 244
7875 240
7876 236
7877 232
7878 228
7879 224
7880 220
7951 216
7952 212
7953 208
8016 204
8017 200
8018 196
8019 192
8020 188
8021 184
8022 180
9524 1733.2
9543 1631.2
9562 1538.2
9585 1437.2
9606 1336.2
9628 1244.2
9527 848.956
9513 599.956
1338 383.968
1341 395.968
1343 403.968
1342 399.968
1432 395.968
1431 391.968
1527 387.968
1620 383.968
1717 379.968
1716 375.968
1806 371.968
1888 367.968
1887 363.968
1886 359.968
9506 1834.2
9509 853.956
9510 755.956
9567 806.956
9568 708.956
9569 610.956
9570 512.956
9571 414.956
9566 904.956
1312 356
1319 328
1405 324
1499 320
1592 316
9547 744.956
9546 843.956
9549 545.956
9548 644.956
9593 313.956
6911 261.956
6912 257.956
6913 253.956
6982 242.956
7051 237.956
7120 233.956
7121 229.956
7122 225.956
7123 221.956
7124 217.956
7125 213.956
7190 209.956
7257 205.956
7325 200.956
7326 196.956
7327 192.956
7396 188.956
7462 184.956
7463 180.956
7464 176.956
7465 172.956
7466 168.956
7467 164.956
7468 160.956
7469 156.956
7470 152.956
7471 148.956
7472 144.956
7473 140.956
7474 136.956
7475 132.956
7476 128.956
7477 124.956
7478 120.956
7479 116.956
7480 112.956
7481 108.956
7482 104.956
7483 100.956
7484 96.956
7485 92.956
7486 88.956
9592 412.956
9595 838.968
9594 739.968
5374 665.968
5373 661.968
5285 657.968
5202 652.968
5122 648.968
5121 644.968
5120 640.968
5038 636.968
4954 631.968
4953 627.968
4868 623.968
4867 619.968
4866 615.968
4865 611.968
4864 607.968
4777 603.968
4688 598.968
4687 594.968
4686 590.968
4600 586.968
4513 582.968
4424 578.968
4332 573.968
4240 569.968
4147 565.968
4057 560.968
3967 556.968
3878 552.968
3877 548.968
3789 544.968
3701 539.968
3617 535.968
3616 531.968
3615 527.968
3529 523.968
3443 518.968
3442 514.968
3441 510.968
3440 506.968
3439 502.968
3438 498.968
3437 494.968
3436 490.968
3435 486.968
3434 482.968
3433 478.968
3432 474.968
3431 470.968
3430 466.968
3429 462.968
3428 458.968
3427 454.968
3426 450.968
3425 446.968
3424 442.968
3423 438.968
3422 434.968
3421 430.968
3337 426.968
3336 422.968
3335 418.968
3334 414.968
3333 410.968
3332 406.968
3331 402.968
3330 398.968
3329 394.968
3328 390.968
3327 386.968
3326 382.968
3325 378.968
3324 374.968
3323 370.968
3229 363.968
3138 358.968
3046 354.968
3045 350.968
2949 343.968
2948 339.968
2947 335.968
2946 331.968
2945 327.968
2944 323.968
2943 319.968
2942 315.968
1352 439.968
1442 435.968
1441 431.968
1357 459.968
1447 455.968
1446 451.968
1359 467.968
1449 463.968
1448 459.968
1544 455.968
1543 451.968
1636 447.968
1733 443.968
1732 439.968
1358 463.968
1347 419.968
1437 415.968
1436 411.968
1346 415.968
9589 709.956
9590 610.956
9591 511.956
9588 808.956
1349 427.968
1401 351
1314 347
1315 343
1400 355
1403 324
1402 347
1395 343.533
1489 339.533
1586 335.533
1679 331.533
1775 327.533
1863 320.533
1947 316.533
1394 340.533
9573 212
4102 208
4194 204
4286 200
4376 196
4464 192
4551 188
4636 184
4635 180
4717 176
4804 172
4889 168
4973 164
5056 160
5137 156
5216 152
5303 148
5394 144
5484 140
5569 136
5645 132
5724 128
5799 124
5873 120
5947 116
6026 112
6106 108
6184 104
6258 100
6335 96
6413 92
6495 88
6577 84
6656 80
6734 76
6809 72
6880 68
6950 64
7024 60
7095 56
1397 351.533
1396 347.533
1399 359
9574 735.968
3561 651.968
3475 646.968
3474 642.968
3473 638.968
3472 634.968
3471 630.968
3470 626.968
3469 622.968
3468 618.968
3467 614.968
3466 610.968
3465 606.968
3464 602.968
3463 598.968
3462 594.968
3461 590.968
3460 586.968
3459 582.968
3458 578.968
3457 574.968
3456 570.968
3455 566.968
3454 562.968
3453 558.968
3452 554.968
3451 550.968
3450 546.968
3449 542.968
3448 538.968
3447 534.968
3446 530.968
3445 526.968
3444 522.968
1398 356.129
1492 352.129
1491 348.129
9901 344.519
1588 343.533
1587 339.533
1391 337.533
1483 333.533
1581 329.533
9617 841.968
9616 742.968
7111 677.968
7110 673.968
7109 669.968
7108 665.968
7038 657.968
7037 653.968
6967 646.968
6966 642.968
6965 638.968
6964 634.968
6896 627.968
6828 622.968
6827 618.968
6754 614.968
6678 610.968
6600 605.968
6599 601.968
6519 597.968
6437 593.968
6359 589.968
6282 584.968
6207 580.968
6131 576.968
6055 571.968
5974 567.968
5973 563.968
5972 559.968
5899 555.968
5898 551.968
5897 547.968
5823 543.968
5748 538.968
5672 534.968
5592 530.968
5515 525.968
5514 521.968
5513 517.968
5427 513.968
5426 509.968
5334 505.968
5246 501.968
5163 496.968
5083 492.968
5001 488.968
4917 483.968
4916 479.968
4831 475.968
4744 471.968
4655 466.968
4569 462.968
4482 458.968
4393 454.968
4301 449.968
4209 445.968
4116 441.968
4026 436.968
3936 432.968
3847 428.968
3759 424.968
3671 419.968
3587 415.968
3501 411.968
3415 406.968
1433 399.968
9657 564
9636 461
9656 661
9635 558
9658 662
9661 944.724
9638 836.724
10125 822.14
1421 375.968
9660 872.968
9637 764.968
9615 671.968
6824 612.968
6751 608.968
6675 604.968
6598 600.968
6518 596.968
6436 592.968
6358 588.968
9655 759
9634 655
1415 385.68
1512 381.68
1606 377.68
1704 372.68
9654 856
9633 752
1414 386.127
1605 368.895
1604 364.895
1700 361
1793 354
1792 350
1791 346
1790 342
1876 338
1960 334
2049 330
2048 326
2047 322
2046 318
2045 314
2044 310
2135 303
2312 295
2399 288
2398 284
2484 280
9639 857.968
9681 980.968
9680 669
9682 1052.72
1497 320
9677 933.473
10128 834.061
1500 320
1593 316
1686 312
1781 308
9679 667
9678 764
1490 343.533
1493 360.129
1495 324
1494 361
9721 862
9700 758
9720 860
1482 341.533
1579 337.533
1580 333.533
1674 328.533
1485 332.533
1583 328.533
1676 324.533
1486 332.533
1529 395.968
1622 391.968
1719 387.968
1528 391.968
1531 403.968
1533 411.968
1626 407.968
1532 407.968
1625 403.968
9699 855
9701 760
1525 379.968
1526 383.968
1619 379.968
1618 375.968
1617 371.968
1511 385.68
9742 1040
9741 941
1553 491.968
1646 487.968
1743 483.968
1742 479.968
1741 475.968
1831 471.968
1913 467.968
2001 463.968
2000 459.968
1999 455.968
1998 451.968
1997 447.968
1996 443.968
1995 439.968
1994 435.968
1993 431.968
1992 427.968
1991 423.968
1990 419.968
1989 415.968
2079 411.968
2168 407.968
2253 403.968
2340 399.968
2339 395.968
2338 391.968
2423 387.968
2507 383.968
2592 379.968
2678 375.968
2766 371.968
2854 367.968
2853 363.968
2852 359.968
2851 355.968
2850 351.968
2950 347.968
1552 487.968
1551 483.968
1644 479.968
1555 499.968
1554 495.968
1556 503.968
1649 499.968
1746 495.968
1836 491.968
1918 487.968
2006 483.968
2096 479.968
2185 475.968
2270 471.968
2357 467.968
2442 463.968
2526 459.968
2525 455.968
2524 451.968
2523 447.968
2608 443.968
2694 439.968
2782 435.968
2870 431.968
2869 427.968
2969 423.968
2968 419.968
2967 415.968
2966 411.968
2965 407.968
2964 403.968
2963 399.968
2962 395.968
2961 391.968
2960 387.968
2959 383.968
2958 379.968
2957 375.968
2956 371.968
2955 367.968
2954 363.968
2953 359.968
2952 355.968
2951 351.968
1545 459.968
1546 463.968
1639 459.968
1736 455.968
1735 451.968
1825 447.968
1907 443.968
1906 439.968
1549 475.968
1548 471.968
1641 467.968
1738 463.968
1828 459.968
1910 455.968
1550 479.968
1643 475.968
1740 471.968
1739 467.968
1537 427.968
1630 423.968
1536 423.968
1538 431.968
9782 1268
9781 1171
9761 1045
1542 447.968
1585 332.533
9762 1145
1589 320
1591 316
1778 308
1949 300
2038 296
2131 292
2221 288
2308 284
9819 1337
9799 1234
9779 1133
9760 1043
9818 1336
9821 1343
9801 1239
9780 1135
9820 1340
9800 1236
9823 1734.19
9804 1637.19
9784 1540.19
9763 1427.73
9744 1330.73
9723 1233.73
10126 1140
9702 1054.97
9822 1379
9802 1275
1624 399.968
1621 387.968
9798 1257
9778 1155
9759 1065
9740 963
1612 367.968
1709 363.968
9844 592.306
9833 575.243
10024 540.584
9830 500.494
9871 450.153
9829 393.467
9912 356.555
9828 325.236
9927 282.768
9827 243.896
9897 228.175
1657 530.968
1656 526.968
1753 522.968
1752 518.968
1842 514.968
1924 510.968
1923 506.968
1922 502.968
1921 498.968
2009 494.968
2099 490.968
2188 486.968
2187 482.968
2272 478.968
2359 474.968
2444 470.968
2528 466.968
2527 462.968
2612 458.968
2697 451.968
2696 447.968
2695 443.968
9835 547.166
9879 534.598
9834 609.857
9843 575.979
1658 534.968
1755 530.968
1845 526.968
1844 522.968
1843 518.968
9836 430.272
9904 389.883
1648 495.968
1745 491.968
1835 487.968
1917 483.968
2005 479.968
2004 475.968
2094 471.968
2183 467.968
2268 463.968
2355 459.968
2440 455.968
9826 111.919
6240 100
6396 92
6479 88
6562 84
6641 80
6720 76
6796 72
6867 68
6939 64
7016 60
7086 56
7156 52
7222 48
7289 44
7358 40
7427 36
7494 32
7565 28
7639 24
7712 20
7786 16
7859 12
7933 8
8004 4
1651 506.968
1650 502.968
1747 498.968
1837 494.968
1919 490.968
2007 486.968
2097 482.968
2186 478.968
2271 474.968
2358 470.968
2443 466.968
1653 514.968
1750 510.968
1840 506.968
9831 594.143
10007 543.004
1652 510.968
1749 506.968
1839 502.968
9881 445.549
1640 463.968
1737 459.968
1642 471.968
9885 325.464
1645 483.968
1647 491.968
1744 487.968
1633 435.968
1632 431.968
1635 443.968
1637 451.968
1734 447.968
1824 443.968
1638 455.968
9866 389.633
673 380.533
1684 312
1777 308
9913 220.25
1673 337.533
9915 207.145
9914 148.454
9825 139.551
5627 132
5706 128
5929 116
6009 112
6089 108
6166 104
6241 100
6318 96
6397 92
9917 113.88
7084 108.956
7153 104.956
7218 100.956
7285 96.956
9916 334.692
9919 303.419
9918 305.843
1678 328.533
9905 390.392
9906 241.996
4469 239.968
9909 211.112
4726 207
9908 459.58
3249 456.968
3248 452.968
3340 445.968
9911 181.775
9910 158.942
5127 156
5206 152
5293 148
5385 144
5476 140
5561 136
5637 132
5717 128
5792 124
5867 120
5941 116
6020 112
6100 108
6178 104
6253 100
6330 96
6408 92
6490 88
6573 84
6652 80
6730 76
6806 72
6877 68
6947 64
7022 60
7093 56
7163 52
7229 48
7296 44
7365 40
9896 448.108
9899 265.816
2823 262
2915 258
3017 254
3110 250
3204 246
3301 242
3396 238
3483 233
3565 229
3650 225
1725 411.968
9900 127.769
6794 124.956
7014 112.956
9903 277.045
3749 271.968
3838 267.968
9902 306.256
1715 371.968
1805 367.968
1714 367.968
9893 348.032
9895 228.353
4170 221
4171 217
4172 213
4173 209
4174 205
4267 201
4358 196
9894 117.621
1718 383.968
1808 379.968
9945 711.335
3476 650.968
9944 591.217
1769 586.968
1768 582.968
1767 578.968
1766 574.968
1765 570.968
1764 566.968
1763 562.968
1762 558.968
1761 554.968
1760 550.968
1759 546.968
1758 542.968
1757 538.968
1756 534.968
9946 572.967
918 570.968
917 566.968
916 562.968
994 558.968
1066 554.968
1132 550.968
1208 546.968
1291 542.968
1377 538.968
1467 534.968
1563 530.968
1706 367.968
9949 150.499
6510 144.893
6591 137.893
10087 137.005
6670 134
6748 130
6822 123
6821 119
6892 115
6962 111
6961 107
7035 103
7034 99
7033 95
7104 91
7103 87
9948 54.485
9951 107.187
9936 774.728
1699 358
1698 354
9938 719.656
9943 333.667
1702 369.968
1794 362.968
1879 358.968
1963 352.968
2052 348.968
2142 344.968
2228 340.968
2316 335.968
2402 331.968
2487 327.968
2572 323.968
2659 319.968
2748 315.968
2836 311.968
9928 255.793
4195 251.968
4288 247.968
4379 243.968
1754 526.968
9933 728.043
9920 379.699
9923 474.998
3159 470.968
3158 466.968
3157 462.968
9924 447.422
1748 502.968
1751 514.968
9926 322.538
9976 240.576
6005 204.956
6086 199.956
6162 195.956
9979 438.959
2871 435.968
9981 1619.44
9968 134.851
9270 128.805
10129 127.524
9252 123.992
9230 119.992
9208 115.992
9184 111.992
9159 107.992
9132 103.992
9106 99.992
9971 43.861
7870 43
9973 821.879
9972 119.24
9975 377.022
9974 771.383
9960 211.624
5069 207
5229 199
5228 195
5227 191
5314 187
5405 183
5404 179
5403 175
9963 29.869
8299 26
8245 21
9967 32.908
8445 29
8395 25
8346 21
8296 17
9966 430.783
3845 426.968
3757 422.968
3586 414.968
3500 410.968
9952 108.018
9954 30.924
9956 521.65
5669 516.968
5510 508.968
5424 504.968
5332 500.968
5244 496.968
5161 491.968
5081 487.968
4999 483.968
4915 478.968
4830 474.968
4743 470.968
4654 465.968
4568 461.968
4481 457.968
4392 453.968
4300 448.968
4208 444.968
4115 440.968
4025 435.968
3935 431.968
3846 427.968
3758 423.968
3670 418.968
9959 63.953
10009 813.331
10008 38.858
7853 36
7927 32
7998 28
1771 321.533
1861 317.533
1770 590.968
1774 324.533
10005 364.986
1816 411.968
1819 423.968
1818 419.968
1821 431.968
1820 427.968
9999 439.58
963 433.921
962 429.921
1035 425.921
1103 419.065
1034 412.065
1033 408.065
1032 404.067
10013 403.238
1031 399.968
1100 395.968
1811 391.968
1813 399.968
1812 395.968
1815 407.968
1814 403.968
10041 287.973
1801 359.968
10040 250.242
6007 198.308
6164 188.308
6239 184.308
10043 391.043
10042 249.021
3479 246
3480 242
3481 238
10045 925.669
10044 481.658
2783 478.968
2698 474.968
2615 470.968
2614 466.968
2613 462.968
1804 363.968
10047 38.909
1807 375.968
1889 371.968
1977 367.968
10046 449.262
10033 146.832
5381 144
5471 140
5556 136
5632 132
5711 128
5786 124
5861 120
5936 116
6016 112
6096 108
6174 104
6249 100
6326 96
6404 92
6487 88
6569 84
6648 80
6726 76
6801 72
6872 68
6943 64
7019 60
7089 56
7158 52
7224 48
7291 44
7360 40
7429 36
7496 32
7567 28
7640 24
10032 834.906
10035 56.892
7160 52
7226 48
7293 44
7362 40
7431 36
7498 32
7569 28
7642 24
7715 20
7788 16
7861 12
7934 8
10034 56.823
10037 357.325
10036 357.354
10039 1577.8
1799 359.968
10038 385.822
10027 315.195
1945 312.533
10026 101.423
1850 546.968
1932 542.968
2020 538.968
2019 534.968
2018 530.968
2017 526.968
2016 522.968
2015 518.968
2105 514.968
2194 510.968
2193 506.968
2278 502.968
2277 498.968
2364 494.968
2449 490.968
2533 486.968
2618 482.968
2617 478.968
2616 474.968
10029 421.543
704 418.968
705 414.968
782 410.968
867 405.968
10028 656.4
10031 304.098
10030 377.03
1841 510.968
1846 530.968
10073 254.124
3025 252
3118 248
3212 244
3308 240
3403 236
3488 232
3568 228
3654 224
3736 220
3822 216
3911 212
3999 208
4088 204
4177 200
4270 196
4360 192
4449 188
1833 479.968
1915 475.968
2003 471.968
2093 467.968
2182 463.968
2267 459.968
2354 455.968
2439 451.968
10072 254.289
3312 248
3311 244
1832 475.968
10075 306.312
2042 304
2134 300
2224 296
2223 292
2310 288
10074 329.764
1834 483.968
1838 498.968
10065 330.782
10064 270.946
10067 201.904
10066 330.497
10069 252.01
1829 463.968
10068 218.106
3829 216
3917 212
4005 208
4094 204
4184 200
4277 196
4367 192
4455 188
4543 184
4629 180
4711 176
4798 172
4884 168
4968 164
5051 160
5133 156
5212 152
5299 148
5390 144
5480 140
5565 136
5642 132
5722 128
5797 124
5871 120
5946 116
10071 117.384
10070 50.275
7355 46
7424 42
7491 38
7563 33
7637 29
7710 25
7711 21
7785 17
1830 467.968
1912 463.968
10057 235.494
3580 232.025
3747 224
3835 220
3925 216
4014 212
10056 316.91
2036 312.533
2128 308.533
10059 449.653
1882 355.968
1970 351.968
10061 203.857
4185 200
10060 274.336
2651 268
2740 264
2828 260
2925 256
3027 252
3119 248
3213 244
1884 355.968
1972 351.968
10063 145.738
6712 143.956
6713 139.956
10062 154.21
1873 326
1872 322
1871 318
1955 314
10051 241.163
10050 330.306
2486 328.968
10053 50.832
7423 46
10055 246.792
10054 439.26
1865 304
1948 300
2037 296
1866 304
1950 300
1860 586.968
1859 582.968
1941 578.968
2029 574.968
2028 570.968
2027 566.968
2026 562.968
2116 558.968
2205 554.968
2290 550.968
2377 546.968
2462 542.968
2546 538.968
2631 534.968
2630 530.968
2629 526.968
2628 522.968
2627 518.968
2626 514.968
2625 510.968
2624 506.968
2623 502.968
2622 498.968
2621 494.968
2620 490.968
2619 486.968
1914 471.968
1916 479.968
1905 435.968
1904 431.968
1911 459.968
1897 403.968
1896 399.968
1901 419.968
1900 415.968
1903 427.968
1902 423.968
1893 387.968
1981 383.968
1980 379.968
1979 375.968
1892 383.968
1895 395.968
1983 391.968
1982 387.968
1894 391.968
1944 312.533
2033 308.533
2126 304.533
1939 570.968
1929 530.968
1928 526.968
1930 534.968
1920 494.968
1925 514.968
1927 522.968
1926 518.968
2014 514.968
2104 510.968
1976 363.968
1975 359.968
1974 355.968
2064 351.968
1965 351.968
2055 347.968
2144 343.968
2229 339.968
1967 351.968
1966 351.968
2056 347.968
2146 343.968
2231 339.968
2318 335.968
2404 331.968
2489 327.968
2574 323.968
1954 311
2043 307
2008 490.968
2098 486.968
2011 502.968
2010 498.968
2013 510.968
2103 506.968
2192 502.968
2012 506.968
2002 467.968
1987 407.968
1988 411.968
2041 300
2034 308.533
2039 296
2024 554.968
2023 550.968
2022 546.968
2112 542.968
2201 538.968
2200 534.968
2199 530.968
2284 526.968
2283 522.968
2370 518.968
2369 514.968
2454 510.968
2453 506.968
2537 502.968
2021 542.968
2075 395.968
2077 403.968
2166 399.968
2251 395.968
2076 399.968
2165 395.968
2250 391.968
2337 387.968
2422 383.968
2421 379.968
2505 375.968
2590 371.968
2589 367.968
2588 363.968
2587 359.968
2673 355.968
2761 351.968
2849 347.968
2848 343.968
2847 339.968
2078 407.968
2065 355.968
2069 371.968
2071 379.968
2070 375.968
2057 347.968
2060 347.968
2062 347.968
2107 522.968
2196 518.968
2281 514.968
2280 510.968
2279 506.968
2106 518.968
2109 530.968
2198 526.968
2108 526.968
2110 534.968
2101 498.968
2100 494.968
2102 502.968
2088 447.968
2087 443.968
2176 439.968
2175 435.968
2174 431.968
2259 427.968
2346 423.968
2431 419.968
2515 415.968
2600 411.968
2599 407.968
2598 403.968
2684 399.968
2683 395.968
2771 391.968
2859 387.968
2858 383.968
2857 379.968
2856 375.968
2091 459.968
2180 455.968
2265 451.968
2352 447.968
2351 443.968
2350 439.968
2349 435.968
2348 431.968
2347 427.968
2432 423.968
2516 419.968
2601 415.968
2092 463.968
2181 459.968
2266 455.968
2353 451.968
2095 475.968
2081 419.968
2080 415.968
2083 427.968
2172 423.968
2171 419.968
2256 415.968
2343 411.968
2428 407.968
2427 403.968
2426 399.968
2510 395.968
2595 391.968
2594 387.968
2593 383.968
2082 423.968
2085 435.968
2084 431.968
2086 439.968
2143 343.968
2130 292
2133 296
2125 304.533
2217 300.533
2304 296.533
2113 546.968
2169 411.968
2170 415.968
2255 411.968
2342 407.968
2341 403.968
2173 427.968
2163 387.968
2248 383.968
2247 379.968
2246 375.968
2333 371.968
2418 367.968
2502 363.968
2162 383.968
2164 391.968
2167 403.968
2252 399.968
2158 367.968
2157 363.968
2242 359.968
2329 355.968
2414 351.968
2413 347.968
2497 343.968
2145 343.968
2148 343.968
2234 339.968
2321 335.968
2406 331.968
2150 343.968
2195 514.968
2197 522.968
2184 471.968
2189 490.968
2191 498.968
2276 494.968
2363 490.968
2362 486.968
2447 482.968
2446 478.968
2445 474.968
2190 494.968
2275 490.968
2233 339.968
2320 335.968
2236 339.968
2323 335.968
2408 331.968
2492 327.968
2577 323.968
2239 347.968
2225 299
2230 339.968
2317 335.968
2403 331.968
2216 301.533
2219 296
2269 467.968
2356 463.968
2441 459.968
2257 419.968
2344 415.968
2258 423.968
2345 419.968
2261 435.968
2260 431.968
2249 387.968
2336 383.968
2254 407.968
2243 363.968
2330 359.968
2245 371.968
2282 518.968
2285 530.968
2286 534.968
2373 530.968
2458 526.968
2457 522.968
2456 518.968
2455 514.968
2273 482.968
2274 486.968
2361 482.968
2332 367.968
2417 363.968
2335 379.968
2420 375.968
2419 371.968
2503 367.968
2334 375.968
2325 339.968
2410 335.968
2494 331.968
2315 336.968
2401 332.968
2306 284
2394 280
2480 276
2564 272
2311 292
2360 478.968
2365 498.968
2367 506.968
2366 502.968
2393 296.595
2479 289.595
2395 280
2481 276
2565 272
2652 268
2387 586.968
2386 582.968
2385 578.968
2384 574.968
2383 570.968
2382 566.968
2381 562.968
2380 558.968
2465 554.968
2549 550.968
2548 546.968
2547 542.968
2368 510.968
2371 522.968
2372 526.968
2375 538.968
2374 534.968
2425 395.968
2424 391.968
2429 411.968
2430 415.968
2514 411.968
2459 530.968
2460 534.968
2448 486.968
2451 498.968
2450 494.968
2452 502.968
2433 427.968
2488 327.968
2573 323.968
2495 335.968
2482 276
2566 272
2653 268
2485 284
2520 435.968
2605 431.968
2604 427.968
2603 423.968
2602 419.968
2513 407.968
2512 403.968
2511 399.968
2517 423.968
2519 431.968
2518 427.968
2504 371.968
2506 379.968
2509 391.968
2508 387.968
2498 347.968
2544 530.968
2536 498.968
2539 510.968
2538 506.968
2541 518.968
2540 514.968
2543 526.968
2542 522.968
2529 470.968
2531 478.968
2530 474.968
2532 482.968
2535 494.968
2534 490.968
2585 351.968
2586 355.968
2591 375.968
2569 280
2568 276
2655 272
2743 268
2570 284
2563 272
2609 447.968
2606 435.968
2692 431.968
2780 427.968
2868 423.968
2597 399.968
2596 395.968
2649 272
2735 268
2821 263
2914 259
3016 255
3109 251
2650 271
2736 267
2822 262
2681 387.968
2680 383.968
2679 379.968
2682 391.968
2685 403.968
2773 399.968
2861 395.968
2860 391.968
2687 411.968
2686 407.968
2774 403.968
2862 399.968
2672 351.968
2671 347.968
2670 343.968
2669 339.968
2757 335.968
2756 331.968
2844 327.968
2843 323.968
2675 363.968
2674 359.968
2762 355.968
2677 371.968
2676 367.968
2657 280
2745 276
2744 272
2832 268
2929 264
3031 260
3123 256
3122 252
3216 248
2656 276
2660 319.968
2662 319.968
2751 315.968
2839 311.968
2939 307.968
2713 534.968
2712 530.968
2711 526.968
2710 522.968
2705 502.968
2704 498.968
2707 510.968
2706 506.968
2709 518.968
2708 514.968
2699 478.968
2701 486.968
2700 482.968
2703 494.968
2702 490.968
2689 419.968
2688 415.968
2691 427.968
2779 423.968
2778 419.968
2866 415.968
2690 423.968
2693 435.968
2747 315.968
2835 311.968
2936 307.968
3040 303.968
2746 278
2833 272
2750 315.968
2838 311.968
2737 266
2739 264
2827 260
2741 264
2829 260
2733 273
2819 268
2777 415.968
2776 411.968
2775 407.968
2863 403.968
2781 431.968
2769 383.968
2768 379.968
2767 375.968
2770 387.968
2772 395.968
2763 359.968
2765 367.968
2764 363.968
2793 514.968
2792 510.968
2795 522.968
2794 518.968
2797 530.968
2796 526.968
2799 538.968
2798 534.968
2785 482.968
2784 478.968
2787 490.968
2786 486.968
2789 498.968
2788 494.968
2791 506.968
2790 502.968
2845 331.968
2831 264
2873 483.968
2872 481.968
2972 477.968
3066 473.968
2875 491.968
2874 487.968
2877 499.968
2876 495.968
2879 507.968
2878 503.968
2865 411.968
2864 407.968
2867 419.968
2855 371.968
2909 275
2910 271
2911 267
3014 260
2888 543.968
2881 515.968
2880 511.968
2883 523.968
2882 519.968
2885 531.968
2884 527.968
2887 539.968
2886 535.968
2928 260
2930 268
3032 264
2933 313.968
3037 309.968
3038 305.968
3129 301.968
3222 296.968
3317 292.968
3408 288.968
2932 317.968
2935 308.968
3039 304.968
3130 300.968
2921 256
3023 252
3116 248
3210 244
3306 240
3402 236
3487 232
2923 256
3026 252
2922 256
3024 252
3117 248
3211 244
3307 240
2924 256
2926 256
3028 252
3120 248
3214 244
2912 264
2971 431.968
2970 427.968
2973 481.968
3067 477.968
2975 489.968
2974 485.968
2985 529.968
3079 525.968
3078 521.968
3077 517.968
3076 513.968
3075 509.968
3074 505.968
3073 501.968
3072 497.968
3071 493.968
3070 489.968
3069 485.968
3068 481.968
2984 525.968
2987 537.968
3081 533.968
3080 529.968
2986 533.968
2989 545.968
3083 541.968
3082 537.968
2988 541.968
2977 497.968
2976 493.968
2979 505.968
2978 501.968
2981 513.968
2980 509.968
2983 521.968
2982 517.968
3033 267
3124 260
3035 317.968
3126 313.968
3219 308.968
3220 304.968
3315 300.968
3316 296.968
3034 321.968
3125 317.968
3218 312.968
3036 313.968
3127 309.968
3019 253
3112 249
3206 245
3302 241
3397 237
3018 254
3111 250
3021 253
3114 249
3208 245
3304 241
3399 237
3485 233
3566 229
3020 253
3022 253
3115 249
3013 278
3012 282
3065 430.968
3064 426.968
3063 422.968
3062 418.968
3061 414.968
3060 410.968
3059 406.968
3058 402.968
3057 398.968
3056 394.968
3055 390.968
3054 386.968
3053 382.968
3052 378.968
3051 374.968
3050 370.968
3049 366.968
3048 362.968
3047 358.968
3084 545.968
3113 249
3207 245
3303 241
3161 478.968
3160 474.968
3163 486.968
3162 482.968
3165 494.968
3164 490.968
3167 502.968
3166 498.968
3152 414.968
3155 426.968
3154 422.968
3153 418.968
3156 430.968
3145 386.968
3144 382.968
3147 394.968
3146 390.968
3149 402.968
3148 398.968
3151 410.968
3150 406.968
3141 370.968
3140 366.968
3143 378.968
3142 374.968
3177 542.968
3176 538.968
3175 534.968
3174 530.968
3173 526.968
3172 522.968
3171 518.968
3170 514.968
3169 510.968
3168 506.968
3178 546.968
3231 371.968
3209 245
3305 241
3400 237
3486 233
3567 229
3651 225
3733 221
3205 246
3257 488.968
3256 484.968
3255 480.968
3254 476.968
3253 472.968
3252 468.968
3251 464.968
3250 460.968
3259 496.968
3258 492.968
3261 504.968
3260 500.968
3263 512.968
3262 508.968
3241 411.968
3240 407.968
3245 427.968
3244 423.968
3246 431.968
3233 379.968
3232 375.968
3239 403.968
3238 399.968
3272 548.968
3271 544.968
3270 540.968
3269 536.968
3268 532.968
3267 528.968
3266 524.968
3265 520.968
3264 516.968
3275 560.968
3274 556.968
3273 552.968
3309 240
3299 247
3298 251
3393 247
3353 497.968
3352 493.968
3351 489.968
3350 485.968
3349 481.968
3348 477.968
3347 473.968
3346 469.968
3345 465.968
3344 461.968
3343 457.968
3342 453.968
3341 449.968
3355 505.968
3354 501.968
3357 513.968
3356 509.968
3359 521.968
3358 517.968
3339 434.968
3338 430.968
3361 529.968
3360 525.968
3363 537.968
3362 533.968
3365 545.968
3364 541.968
3417 414.968
3416 410.968
3419 422.968
3418 418.968
3420 426.968
3401 240
3404 236
3489 232
3570 228
3655 224
3737 220
3823 216
3477 255.167
3478 252.615
3513 459.968
3512 455.968
3515 467.968
3514 463.968
3517 475.968
3516 471.968
3519 483.968
3518 479.968
3505 427.968
3504 423.968
3507 435.968
3506 431.968
3509 443.968
3508 439.968
3510 447.968
3503 419.968
3502 415.968
3492 232
3573 228
3658 224
3740 220
3827 216
3916 212
3528 519.968
3531 531.968
3530 527.968
3533 539.968
3532 535.968
3535 547.968
3534 543.968
3521 491.968
3520 487.968
3523 499.968
3522 495.968
3525 507.968
3524 503.968
3527 515.968
3526 511.968
3579 236.025
3581 236.025
3609 503.968
3608 499.968
3607 495.968
3606 491.968
3611 511.968
3610 507.968
3613 519.968
3612 515.968
3614 523.968
3601 471.968
3600 467.968
3603 479.968
3602 475.968
3605 487.968
3604 483.968
3593 439.968
3592 435.968
3591 431.968
3590 427.968
3589 423.968
3595 447.968
3594 443.968
3597 455.968
3511 451.968
3596 451.968
3599 463.968
3598 459.968
3588 419.968
3624 563.968
3623 559.968
3537 555.968
3619 543.968
3618 539.968
3620 547.968
3673 427.968
3672 423.968
3675 435.968
3674 431.968
3677 443.968
3676 439.968
3679 451.968
3678 447.968
3705 555.968
3621 551.968
3704 551.968
3707 563.968
3697 523.968
3696 519.968
3699 531.968
3698 527.968
3700 535.968
3703 547.968
3702 543.968
3689 491.968
3688 487.968
3691 499.968
3690 495.968
3693 507.968
3692 503.968
3695 515.968
3694 511.968
3681 459.968
3680 455.968
3683 467.968
3682 463.968
3685 475.968
3684 471.968
3687 483.968
3686 479.968
3741 220
3742 221.131
3730 226
3818 222
3905 218
3994 214
4084 209
3734 225
3769 464.968
3768 460.968
3771 472.968
3770 468.968
3773 480.968
3772 476.968
3775 488.968
3774 484.968
3761 432.968
3760 428.968
3763 440.968
3762 436.968
3765 448.968
3764 444.968
3767 456.968
3766 452.968
3753 276.968
3842 272.968
3931 268.968
4019 264.968
4108 260.968
4199 256.968
4291 252.968
4471 242.968
3752 273.968
3841 269.968
3930 265.968
4018 261.968
4107 257.968
4198 253.968
4290 249.968
3746 228
3748 224
3836 220
3751 273.968
3793 560.968
3792 556.968
3795 568.968
3796 572.968
3708 567.968
3785 528.968
3784 524.968
3787 536.968
3786 532.968
3788 540.968
3791 552.968
3790 548.968
3777 496.968
3776 492.968
3779 504.968
3778 500.968
3781 512.968
3780 508.968
3783 520.968
3782 516.968
3833 222
3832 218
3920 214
4008 210
4096 204
3834 226
3837 220
3926 216
3825 216
3914 212
4003 208
4092 204
4181 200
4273 196
4363 192
4451 188
4538 184
4624 180
4706 176
4794 172
4880 168
4964 164
5048 160
5129 156
5208 152
5296 148
5388 144
5479 140
5564 136
5640 132
5720 128
5795 124
5870 120
5945 116
6025 112
6105 108
6182 104
6257 100
6334 96
6412 92
6494 88
3826 216
3828 220
3819 222
3821 216
3909 212
3997 208
3865 500.968
3864 496.968
3867 508.968
3866 504.968
3869 516.968
3868 512.968
3871 524.968
3870 520.968
3857 468.968
3856 464.968
3859 476.968
3858 472.968
3861 484.968
3860 480.968
3863 492.968
3862 488.968
3849 436.968
3848 432.968
3851 444.968
3850 440.968
3853 452.968
3852 448.968
3855 460.968
3854 456.968
3840 269.968
3929 265.968
4017 261.968
4106 257.968
3889 596.968
3888 592.968
3887 588.968
3886 584.968
3885 580.968
3884 576.968
3881 564.968
3880 560.968
3883 572.968
3882 568.968
3873 532.968
3872 528.968
3875 540.968
3874 536.968
3876 544.968
3879 556.968
3932 434.355
3921 218
4009 214
3923 226
4011 222
4010 218
3922 222
3924 217
4013 213
3915 212
3904 222
3993 218
4083 213
3961 532.968
3960 528.968
3963 540.968
3962 536.968
3965 548.968
3964 544.968
3966 552.968
3953 500.968
3952 496.968
3951 492.968
3955 508.968
3954 504.968
3957 516.968
3956 512.968
3959 524.968
3958 520.968
3945 468.968
3944 464.968
3947 476.968
3946 472.968
3949 484.968
3948 480.968
3950 488.968
3943 460.968
3942 456.968
3941 452.968
3992 222
4082 217
3977 596.968
3976 592.968
3979 604.968
3890 600.968
3978 600.968
3969 564.968
3968 560.968
3971 572.968
3970 568.968
3973 580.968
3972 576.968
3975 588.968
3974 584.968
4024 434.968
3934 430.968
4031 456.968
4023 434.968
3933 430.968
4000 208
4089 204
4004 208
4093 204
4182 200
4275 196
4365 192
4453 188
4540 184
4625 180
4707 176
4795 172
4006 208
4095 204
4056 556.968
4055 552.968
4054 548.968
4053 544.968
4052 540.968
4059 568.968
4058 564.968
4061 576.968
4060 572.968
4063 584.968
4062 580.968
4049 528.968
4048 524.968
4047 520.968
4051 536.968
4050 532.968
4041 496.968
4040 492.968
4039 488.968
4038 484.968
4043 504.968
4042 500.968
4045 512.968
4044 508.968
4046 516.968
4033 464.968
4032 460.968
4034 468.968
4037 480.968
4091 204
4065 592.968
4064 588.968
4067 600.968
4066 596.968
4069 608.968
4068 604.968
4071 616.968
4070 612.968
3980 608.968
4121 461.968
4123 469.968
4122 465.968
4112 438.968
4104 255.968
4111 438.968
4022 434.968
4097 204
4188 200
4281 196
4371 192
4459 188
4546 184
4631 180
4713 176
4800 172
4886 168
4970 164
5053 160
5135 156
5214 152
5301 148
5393 144
4101 212
4153 589.968
4152 585.968
4155 597.968
4154 593.968
4157 605.968
4156 601.968
4159 613.968
4158 609.968
4145 557.968
4144 553.968
4149 573.968
4148 569.968
4151 581.968
4150 577.968
4137 525.968
4136 521.968
4139 533.968
4138 529.968
4141 541.968
4140 537.968
4143 549.968
4142 545.968
4131 501.968
4130 497.968
4133 509.968
4132 505.968
4135 517.968
4134 513.968
4187 200
4279 196
4369 192
4457 188
4544 184
4186 200
4189 200
4282 196
4372 192
4461 188
4549 184
4190 200
4180 200
4183 200
4175 201
4268 197
4161 621.968
4160 617.968
4162 625.968
4072 620.968
3982 616.968
3893 612.968
3892 608.968
3804 604.968
3716 599.968
3715 595.968
3631 591.968
3545 587.968
4216 473.968
4215 469.968
4214 465.968
4203 442.968
4249 605.968
4248 601.968
4251 613.968
4250 609.968
4253 621.968
4252 617.968
4255 629.968
4254 625.968
4241 573.968
4243 581.968
4242 577.968
4245 589.968
4244 585.968
4247 597.968
4246 593.968
4233 541.968
4232 537.968
4235 549.968
4234 545.968
4237 557.968
4236 553.968
4224 505.968
4227 517.968
4226 513.968
4229 525.968
4228 521.968
4231 533.968
4230 529.968
4280 196
4370 192
4458 188
4545 184
4630 180
4712 176
4799 172
4283 196
4373 192
4462 188
4550 184
4287 204
4274 196
4364 192
4276 196
4366 192
4278 196
4368 192
4265 217
4266 213
4264 221
4256 633.968
4163 629.968
4073 624.968
4263 225
4262 657.968
4261 653.968
4168 649.968
4078 644.968
4077 640.968
3987 636.968
3898 632.968
3897 628.968
3896 624.968
3895 620.968
3894 616.968
3806 612.968
3718 607.968
3717 603.968
3633 599.968
3632 595.968
4317 513.968
4316 509.968
4315 505.968
4314 501.968
4313 497.968
4312 493.968
4311 489.968
4219 485.968
4126 481.968
4036 476.968
4035 472.968
4319 521.968
4318 517.968
4305 465.968
4304 461.968
4303 457.968
4302 453.968
4289 247.968
4380 243.968
4295 446.968
4294 446.968
4345 625.968
4344 621.968
4347 633.968
4346 629.968
4348 637.968
4337 593.968
4336 589.968
4335 585.968
4339 601.968
4338 597.968
4341 609.968
4340 605.968
4343 617.968
4342 613.968
4329 561.968
4328 557.968
4327 553.968
4326 549.968
4325 545.968
4333 577.968
4334 581.968
4320 525.968
4323 537.968
4324 541.968
4377 200
4375 192
4463 188
4374 192
4361 192
4355 223
4354 227
4357 200
4409 518.968
4408 514.968
4411 526.968
4410 522.968
4413 534.968
4321 529.968
4412 530.968
4415 542.968
4414 538.968
4322 533.968
4395 462.968
4394 458.968
4387 450.968
4296 446.968
4204 442.968
4388 450.968
4297 446.968
4206 442.968
4113 438.968
4441 646.968
4349 641.968
4257 637.968
4164 633.968
4074 628.968
3984 624.968
3983 620.968
4440 642.968
4442 650.968
4350 645.968
4258 641.968
4165 637.968
4075 632.968
3985 628.968
4445 227
4444 658.968
4352 653.968
4351 649.968
4447 200
4433 614.968
4432 610.968
4435 622.968
4434 618.968
4437 630.968
4436 626.968
4438 634.968
4429 598.968
4431 606.968
4430 602.968
4417 550.968
4416 546.968
4419 558.968
4418 554.968
4421 566.968
4420 562.968
4465 196
4452 188
4505 550.968
4504 546.968
4507 558.968
4506 554.968
4508 562.968
4497 518.968
4496 514.968
4495 510.968
4406 506.968
4499 526.968
4498 522.968
4501 534.968
4500 530.968
4503 542.968
4502 538.968
4488 482.968
4487 478.968
4486 474.968
4397 470.968
4485 470.968
4484 466.968
4539 184
4541 184
4627 180
4709 176
4796 172
4882 168
4966 164
5049 160
5131 156
5210 152
5297 148
5389 144
4529 646.968
4528 642.968
4527 638.968
4531 654.968
4530 650.968
4533 231
4532 658.968
4443 654.968
4534 235
4521 614.968
4520 610.968
4523 622.968
4522 618.968
4525 630.968
4524 626.968
4526 634.968
4571 470.968
4570 466.968
4573 478.968
4572 474.968
4575 486.968
4574 482.968
4553 192
4638 188
4720 184
4807 180
4892 176
4976 172
5059 168
5140 164
5219 160
5306 156
5397 152
5487 148
5572 144
5648 140
5727 136
5802 132
5876 128
5949 124
6029 120
6109 116
6186 112
6185 108
4552 192
4554 196
4639 192
4548 184
4633 180
4715 176
4802 172
4887 168
4971 164
5054 160
4593 558.968
4592 554.968
4595 566.968
4594 562.968
4596 570.968
4509 566.968
4587 534.968
4589 542.968
4588 538.968
4591 550.968
4590 546.968
4576 490.968
4489 486.968
4632 180
4714 176
4801 172
4634 180
4716 176
4803 172
4888 168
4972 164
5055 160
5136 156
5215 152
4626 180
4708 176
4617 654.968
4619 235
4618 658.968
4621 181
4609 622.968
4611 630.968
4610 626.968
4613 638.968
4612 634.968
4615 646.968
4614 642.968
4657 474.968
4656 470.968
4659 482.968
4658 478.968
4660 486.968
4642 204
4724 200
4723 196
4810 192
4895 188
4979 184
5062 180
5143 176
5222 172
5309 168
5400 164
5490 160
5575 156
5651 152
5730 148
5805 144
5879 140
5952 136
6032 132
6112 128
6189 124
6263 120
6340 116
6339 112
6338 108
6416 104
6498 100
6497 96
6496 92
6578 88
4697 634.968
4699 642.968
4698 638.968
4701 650.968
4700 646.968
4702 654.968
4681 570.968
4680 566.968
4683 578.968
4682 574.968
4684 582.968
4674 542.968
4673 538.968
4677 554.968
4676 550.968
4675 546.968
4679 562.968
4678 558.968
4730 226
4721 188
4722 192
4809 188
4894 184
4978 180
4977 176
4725 203
4718 180
4805 176
4890 172
4763 547.968
4765 555.968
4767 563.968
4766 559.968
4747 483.968
4746 479.968
4749 491.968
4748 487.968
4750 495.968
4661 490.968
4785 635.968
4696 630.968
4695 626.968
4694 622.968
4693 618.968
4692 614.968
4606 610.968
4519 606.968
4518 602.968
4517 598.968
4516 594.968
4515 590.968
4514 586.968
4787 643.968
4786 639.968
4789 651.968
4788 647.968
4791 659.968
4790 655.968
4769 571.968
4768 567.968
4771 579.968
4772 583.968
4817 219
4816 215
4901 211
4900 207
4984 203
5067 199
5148 195
4818 223
4808 184
4893 180
4811 196
4896 192
4980 188
4815 211
4806 180
4891 176
4975 172
5058 168
5139 164
5218 160
5305 156
5396 152
5395 148
5485 144
4860 591.968
4773 587.968
4863 603.968
4776 599.968
4853 563.968
4852 559.968
4855 571.968
4854 567.968
4843 523.968
4756 519.968
4667 514.968
4666 510.968
4580 506.968
4493 502.968
4404 498.968
4835 491.968
4834 487.968
4833 483.968
4839 507.968
4838 503.968
4837 499.968
4836 495.968
4881 168
4965 164
4883 168
4967 164
4873 643.968
4872 639.968
4871 635.968
4784 631.968
4875 651.968
4874 647.968
4877 659.968
4876 655.968
4879 168
4963 164
5047 160
4918 487.968
4899 203
4983 199
5066 195
5065 191
4898 199
4982 195
4903 219
4987 215
5070 211
4902 215
4957 643.968
4959 651.968
4958 647.968
4945 595.968
4947 603.968
4946 599.968
4949 611.968
4948 607.968
4950 615.968
4937 563.968
4936 559.968
4851 555.968
4850 551.968
4849 547.968
4762 543.968
4939 571.968
4938 567.968
4940 575.968
4942 583.968
4941 579.968
4856 575.968
4985 207
4986 211
4974 168
5057 164
5138 160
5217 156
4961 659.968
4960 655.968
5020 564.968
5022 572.968
5011 528.968
4927 523.968
4842 519.968
4755 515.968
5015 544.968
4931 539.968
4846 535.968
4759 531.968
4670 526.968
4584 522.968
4583 518.968
4582 514.968
5050 160
5052 160
5041 648.968
5040 644.968
4956 639.968
4955 635.968
4870 631.968
4783 627.968
5043 656.968
5042 652.968
5045 160
5044 660.968
5033 616.968
5032 612.968
5027 592.968
4943 587.968
4858 583.968
5026 588.968
5031 608.968
5030 604.968
5061 176
5060 172
5063 184
5113 612.968
5112 608.968
5101 564.968
5019 560.968
4935 555.968
4934 551.968
5102 568.968
5093 532.968
5092 528.968
5091 524.968
5090 520.968
5089 516.968
5007 512.968
4923 507.968
5094 536.968
5144 180
5141 168
5142 172
5130 156
5209 152
5132 156
5211 152
5298 148
5123 652.968
5125 660.968
5124 656.968
5126 664.968
5176 548.968
5096 544.968
5095 540.968
5013 536.968
4929 531.968
4844 527.968
4757 523.968
4668 518.968
5175 544.968
5213 152
5203 656.968
5205 664.968
5204 660.968
5193 616.968
5192 612.968
5194 620.968
5114 616.968
5221 168
5220 164
5223 176
5275 617.968
5274 613.968
5191 608.968
5111 604.968
5110 600.968
5109 596.968
5108 592.968
5107 588.968
5025 584.968
5276 621.968
5304 152
5307 160
5308 164
5399 160
5489 156
5574 152
5650 148
5729 144
5804 140
5878 136
5951 132
6031 128
6111 124
6110 120
5310 172
5401 168
5491 164
5576 160
5652 156
5731 152
5806 148
5880 144
5953 140
6033 136
6113 132
5302 148
5294 148
5287 665.968
5361 613.968
5273 609.968
5190 604.968
5189 600.968
5392 144
5483 140
5568 136
5644 132
5723 128
5798 124
5872 120
5398 156
5488 152
5573 148
5380 144
5470 140
5555 136
5382 144
5473 140
5558 136
5634 132
5714 128
5789 124
5864 120
5939 116
6019 112
6099 108
6176 104
6250 100
6327 96
6406 92
6489 88
6572 84
6651 80
5465 665.968
5464 661.968
5372 657.968
5371 653.968
5283 649.968
5200 644.968
5199 640.968
5119 636.968
5118 632.968
5036 628.968
4952 623.968
4951 619.968
5493 171
5578 167
5654 163
5486 148
5571 144
5570 140
5646 136
5472 140
5557 136
5567 136
5566 136
5554 136
5630 132
5709 128
5784 124
5858 120
5932 116
6011 112
6091 108
6169 104
6244 100
6321 96
6400 92
6483 88
6565 84
6644 80
6723 76
6799 72
6870 68
6942 64
5585 192.893
5661 188.893
5740 184.893
5815 180.893
5889 176.893
5962 172.893
6042 168.893
6122 164.893
6199 160.893
6273 156.893
6350 152.893
6428 148.893
5579 171
5655 167
5580 175
5626 666.968
5549 661.968
5548 657.968
5547 653.968
5461 649.968
5369 645.968
5368 641.968
5280 637.968
5197 632.968
5117 628.968
5035 624.968
5657 175
5736 171
5735 167
5734 163
5733 159
5656 171
5659 183
5738 179
5737 175
5658 179
5660 185.893
5739 181.893
5814 177.893
5888 173.893
5961 169.893
6041 165.893
6121 161.893
6198 157.893
6272 153.893
6349 149.893
6427 145.893
6509 141.893
5662 192.893
5741 188.893
5816 184.893
5890 180.893
5649 144
5643 132
5647 140
5695 626.968
5694 622.968
5614 618.968
5537 613.968
5451 609.968
5359 605.968
5271 601.968
5188 596.968
5725 132
5726 136
5801 132
5728 140
5788 124
5862 120
5809 159
5883 155
5956 151
5955 147
5808 155
5811 167
5885 163
5884 159
5957 155
5810 163
5813 175
5812 171
5886 167
5800 128
5803 136
5877 132
5950 128
5882 151
5887 171
5875 128
5874 128
5863 120
5937 116
5960 167
5959 163
5958 159
6001 220.956
6082 215.956
6158 211.956
6233 207.956
6308 202.956
6309 198.956
6310 194.956
6311 190.956
6312 186.956
6000 671.968
5999 667.968
5998 663.968
5997 659.968
5924 655.968
5923 651.968
5922 647.968
5921 643.968
5920 639.968
5846 635.968
5771 630.968
5770 626.968
5769 622.968
5768 618.968
5692 614.968
5691 610.968
5690 606.968
5610 602.968
5533 597.968
5447 593.968
5446 589.968
5445 585.968
5353 581.968
5265 577.968
5182 572.968
6003 212.956
6084 207.956
6160 203.956
6161 199.956
6002 216.956
6083 211.956
6004 208.956
6085 203.956
6040 163
6120 159
6197 155
6196 151
6195 147
6194 143
6193 139
6192 135
6035 143
6037 151
6117 147
6036 147
6116 143
6039 159
6038 155
6027 112
6107 108
6030 124
6081 219.956
6157 215.956
6115 139
6119 155
6118 151
6155 672.968
6079 667.968
6078 663.968
6156 219.956
6159 207.956
6187 116
6188 120
6190 128
6232 211.956
6307 206.956
6235 199.956
6234 203.956
6237 191.956
6236 195.956
6231 215.956
6306 210.956
6230 672.968
6154 668.968
6264 124
6267 135
6266 131
6269 143
6268 139
6345 135
6344 131
6422 127
6504 123
6586 119
6585 115
6664 111
6271 151
6348 147
6426 143
6425 139
6424 135
6423 131
6505 127
6587 123
6270 147
6261 112
6262 116
6247 100
6324 96
6402 92
6484 88
6567 84
6646 80
6724 76
6305 214.956
6347 143
6346 139
6351 156.893
6429 152.893
6511 148.893
6341 120
6343 127
6393 167.956
6394 163.956
6392 171.956
6385 199.956
6386 195.956
6387 191.956
6388 187.956
6389 183.956
6390 179.956
6391 175.956
6384 203.956
6381 215.956
6382 211.956
6383 207.956
6380 673.968
6303 668.968
6228 664.968
6152 660.968
6076 655.968
6075 651.968
5994 647.968
5993 643.968
6417 108
6418 112
6500 108
6582 104
6661 100
6660 96
6659 92
6737 88
6812 84
6883 80
6882 76
6952 72
7026 68
7097 64
7096 60
7166 56
6421 123
6503 119
6409 92
6491 88
6411 92
6415 100
6401 92
6459 212.956
6460 208.956
6461 204.956
6542 200.956
6622 195.956
6623 191.956
6624 187.956
6625 183.956
6703 179.956
6779 175.956
6852 170.956
6853 166.956
6925 162.956
6926 158.956
6927 154.956
6928 150.956
6929 146.956
6930 142.956
6931 138.956
6932 134.956
6933 130.956
6934 126.956
6935 122.956
7011 118.956
7082 113.956
6458 216.956
6463 196.956
6544 192.956
6462 200.956
6543 196.956
6473 156.956
6554 152.956
6634 147.956
6635 143.956
6472 160.956
6553 156.956
6633 151.956
6711 147.956
6787 143.956
6860 138.956
6477 143.956
6558 139.956
6638 134.956
6716 130.956
6792 126.956
6865 121.956
6937 117.956
7013 113.956
6476 144.956
6557 140.956
6637 135.956
6478 142.956
6559 138.956
6639 133.956
6717 129.956
6793 125.956
6866 120.956
6938 116.956
6465 188.956
6546 184.956
6626 179.956
6627 175.956
6705 171.956
6781 167.956
6854 162.956
6464 192.956
6467 180.956
6468 176.956
6469 172.956
6550 168.956
6630 163.956
6708 159.956
6784 155.956
6857 150.956
6466 184.956
6547 180.956
6471 164.956
6552 160.956
6632 155.956
6710 151.956
6786 147.956
6859 142.956
6470 168.956
6551 164.956
6631 159.956
6709 155.956
6507 135
6589 131
6588 127
6506 131
6508 139
6499 104
6555 148.956
6545 188.956
6549 172.956
6629 167.956
6548 176.956
6628 171.956
6539 212.956
6619 207.956
6620 203.956
6698 199.956
6774 195.956
6847 190.956
6848 186.956
6849 182.956
6850 178.956
6851 174.956
6541 204.956
6621 199.956
6699 195.956
6775 191.956
6540 208.956
6590 135
6579 92
6581 100
6580 96
6583 108
6575 84
6654 80
6560 137.956
6640 132.956
6718 128.956
6566 84
6645 80
6618 211.956
6665 115
6667 123
6745 119
6820 115
6891 111
6890 107
6960 103
6666 119
6658 88
6736 84
6811 80
6662 104
6704 175.956
6707 163.956
6706 167.956
6782 163.956
6855 158.956
6697 203.956
6696 207.956
6772 203.956
6845 198.956
6846 194.956
6918 190.956
6994 186.956
7065 181.956
7134 177.956
7135 173.956
7136 169.956
7137 165.956
7138 161.956
7139 157.956
7140 153.956
7205 149.956
7272 145.956
7340 140.956
7409 136.956
7410 132.956
7411 128.956
7412 124.956
7413 120.956
7414 116.956
7415 112.956
7416 108.956
7417 104.956
7418 100.956
7419 96.956
7420 92.956
6701 187.956
6702 183.956
6700 191.956
6776 187.956
6695 211.956
6744 115
6819 111
6746 123
6739 96
6814 92
6885 88
6884 84
6738 92
6740 100
6815 96
6886 92
6956 88
7030 84
7101 80
7171 76
7237 72
7303 68
7372 64
7371 60
7439 56
7505 52
7576 48
7575 44
7648 40
7720 36
7719 32
7792 28
7865 24
7938 20
8008 16
6743 111
6742 107
6817 103
6888 99
6958 95
6733 76
6735 80
6777 183.956
6778 179.956
6780 171.956
6783 159.956
6856 154.956
6771 207.956
6844 202.956
6916 198.956
6917 194.956
6770 678.968
6694 674.968
6616 669.968
6615 665.968
6614 661.968
6534 657.968
6533 653.968
6532 649.968
6531 645.968
6530 641.968
6529 637.968
6528 633.968
6527 629.968
6526 625.968
6444 621.968
6366 617.968
6289 612.968
6288 608.968
6287 604.968
6212 600.968
6136 596.968
6060 591.968
5979 587.968
5978 583.968
5977 579.968
5904 575.968
5903 571.968
5902 567.968
5828 563.968
5753 558.968
5752 554.968
5751 550.968
5675 546.968
5595 542.968
5518 537.968
5517 533.968
5431 529.968
5430 525.968
5429 521.968
5428 517.968
6773 199.956
6810 76
6813 88
6798 72
6869 68
6941 64
7017 60
7087 56
6785 151.956
6858 146.956
6789 135.956
6862 130.956
6788 139.956
6861 134.956
6790 131.956
6863 126.956
6843 206.956
6915 202.956
6818 107
6910 265.956
6889 103
6893 119
6881 72
6940 64
6921 178.956
6997 174.956
7068 169.956
6920 182.956
6996 178.956
7067 173.956
6923 170.956
6924 166.956
7000 162.956
7071 157.956
6922 174.956
6914 206.956
6919 186.956
6995 182.956
7066 177.956
6953 76
6954 80
7028 76
7099 72
7098 68
6959 99
6951 68
7001 158.956
7072 153.956
7073 149.956
7074 145.956
7075 141.956
7076 137.956
7077 133.956
7078 129.956
7079 125.956
7080 121.956
7081 117.956
7002 154.956
7005 142.956
7004 146.956
7007 134.956
7006 138.956
6993 190.956
7064 185.956
7133 181.956
6992 194.956
7063 189.956
6999 166.956
7070 161.956
6998 170.956
7069 165.956
6985 230.956
7054 225.956
6984 234.956
7053 229.956
6987 222.956
7056 217.956
6986 226.956
7055 221.956
6989 206.956
7060 201.956
7061 197.956
7062 193.956
6988 218.956
7057 213.956
7126 209.956
7127 205.956
7192 201.956
7193 197.956
7194 193.956
7261 189.956
7329 184.956
7398 180.956
6991 198.956
6990 202.956
6977 262.956
7046 257.956
7047 253.956
7116 249.956
7181 245.956
7248 241.956
7316 236.956
7385 232.956
7386 228.956
7452 224.956
7453 220.956
7454 216.956
7455 212.956
7456 208.956
7457 204.956
7458 200.956
7459 196.956
7460 192.956
7461 188.956
6976 266.956
7045 261.956
6979 254.956
7048 249.956
7117 245.956
7118 241.956
7119 237.956
6978 258.956
6981 246.956
7050 241.956
6980 250.956
7049 245.956
6983 238.956
7052 233.956
7032 91
7025 64
7027 72
7029 80
7100 76
7170 72
7236 68
7302 64
7018 60
7088 56
7009 126.956
7008 130.956
7010 122.956
7059 205.956
7058 209.956
7044 265.956
7113 261.956
7178 257.956
7245 253.956
7313 248.956
7382 244.956
7383 240.956
7384 236.956
7090 56
7085 57
7155 53
7221 49
7288 45
7129 197.956
7128 201.956
7131 189.956
7196 185.956
7197 181.956
7264 177.956
7332 172.956
7333 168.956
7334 164.956
7335 160.956
7336 156.956
7337 152.956
7406 148.956
7130 193.956
7132 185.956
7112 265.956
7115 253.956
7114 257.956
7105 95
7162 52
7228 48
7294 44
7363 40
7164 52
7230 48
7167 60
7157 52
7159 52
7145 133.956
7210 129.956
7277 125.956
7345 120.956
7144 137.956
7147 125.956
7148 121.956
7149 117.956
7214 113.956
7215 109.956
7216 105.956
7146 129.956
7211 125.956
7278 121.956
7346 116.956
7151 109.956
7150 113.956
7141 149.956
7142 145.956
7207 141.956
7274 137.956
7342 132.956
7143 141.956
7208 137.956
7209 133.956
7276 129.956
7344 124.956
7195 189.956
7262 185.956
7330 180.956
7399 176.956
7400 172.956
7401 168.956
7199 173.956
7266 169.956
7198 177.956
7265 173.956
7185 229.956
7252 225.956
7320 220.956
7389 216.956
7390 212.956
7184 233.956
7187 221.956
7254 217.956
7322 212.956
7323 208.956
7392 204.956
7186 225.956
7253 221.956
7321 216.956
7189 213.956
7188 217.956
7191 205.956
7177 261.956
7176 95
7175 91
7241 87
7240 83
7239 79
7305 75
7179 253.956
7246 249.956
7314 244.956
7180 249.956
7183 237.956
7250 233.956
7318 228.956
7319 224.956
7388 220.956
7182 241.956
7249 237.956
7317 232.956
7169 68
7235 64
7301 60
7370 56
7369 52
7437 48
7503 44
7574 40
7573 36
7572 32
7645 28
7168 64
7173 83
7174 87
7227 48
7219 51
7286 47
7356 42
7425 38
7492 34
7564 29
7638 25
7220 50
7287 46
7357 41
7426 37
7493 33
7223 48
7213 117.956
7212 121.956
7279 117.956
7347 112.956
7348 108.956
7201 165.956
7202 161.956
7269 157.956
7200 169.956
7203 157.956
7270 153.956
7338 148.956
7339 144.956
7408 140.956
7204 153.956
7271 149.956
7206 145.956
7273 141.956
7341 136.956
7256 209.956
7324 204.956
7259 197.956
7258 201.956
7260 193.956
7328 188.956
7263 181.956
7331 176.956
7243 261.956
7311 256.956
7380 252.956
7381 248.956
7242 91
7244 257.956
7312 252.956
7247 245.956
7315 240.956
7233 56
7299 52
7368 48
7367 44
7232 52
7234 60
7300 56
7290 44
7359 40
7428 36
7495 32
7566 28
7292 44
7361 40
7295 44
7364 40
7433 36
7281 109.956
7349 104.956
7350 100.956
7351 96.956
7280 113.956
7283 101.956
7282 105.956
7275 133.956
7343 128.956
7267 165.956
7268 161.956
7307 83
7376 79
7375 75
7443 71
7442 67
7306 79
7310 260.956
7379 256.956
7298 48
7353 92
7555 80
7354 50
7422 50
7489 46
7561 41
7562 37
7403 160.956
7402 164.956
7405 152.956
7404 156.956
7407 144.956
7395 192.956
7394 196.956
7397 184.956
7440 60
7506 56
7432 36
7435 40
7436 44
7438 52
7430 36
7513 248
7514 244
7515 240
7516 236
7517 232
7518 228
7519 224
7520 220
7521 216
7522 212
7523 208
7524 204
7525 200
7526 196
7527 192
7528 188
7529 184
7530 180
7531 176
7532 172
7533 168
7534 164
7535 160
7536 156
7537 152
7538 148
7539 144
7540 140
7541 136
7542 132
7543 128
7544 124
7545 120
7546 116
7547 112
7548 108
7549 104
7550 100
7551 96
7552 92
7553 88
7554 84
7504 48
7509 67
7580 63
7653 59
7652 55
7497 32
7568 28
7499 32
7570 28
7501 36
7502 40
7490 42
7579 59
7582 257
7583 253
7656 249
7729 245
7803 240
7560 45
7559 49
7609 149
7682 145
7683 141
7684 137
7757 133
7831 128
7904 124
7905 120
7976 116
7608 153
7611 141
7610 145
7613 133
7686 129
7687 125
7688 121
7689 117
7690 113
7691 109
7692 105
7765 101
7839 96
7840 92
7841 88
7914 84
7915 80
7986 76
7612 137
7615 125
7614 129
7603 173
7676 169
7677 165
7678 161
7679 157
7680 153
7753 149
7827 144
7828 140
7829 136
7830 132
7903 128
7605 165
7604 169
7607 157
7606 161
7592 217
7665 213
7738 209
7812 204
7813 200
7886 196
7887 192
7958 188
7959 184
7641 24
7714 20
7643 24
7647 36
7646 32
7633 45
7634 41
7635 37
7708 33
7709 29
7636 33
7625 85
7698 81
7771 77
7845 72
7846 68
7919 64
7990 60
7991 56
7992 52
7993 48
7624 89
7627 77
7628 73
7629 69
7702 65
7703 61
7626 81
7630 65
7617 117
7616 121
7619 109
7620 105
7693 101
7694 97
7695 93
7768 89
7842 84
7618 113
7621 101
7623 93
7622 97
7654 63
7707 37
7706 41
7780 37
7854 32
7855 28
7856 24
7857 20
7858 16
7697 85
7696 89
7769 85
7843 80
7916 76
7987 72
7988 68
7699 77
7772 73
7701 69
7700 73
7773 69
7847 64
7848 60
7921 56
7922 52
7681 149
7685 133
7758 129
7832 124
7713 20
7787 16
7860 12
7717 24
7790 20
7718 28
7791 24
7864 20
7937 16
7936 12
8006 8
7770 81
7844 76
7775 61
7849 56
7774 65
7761 117
7835 112
7836 108
7909 104
7980 100
7760 121
7834 116
7763 109
7837 104
7838 100
7911 96
7912 92
7983 88
7984 84
7985 80
7762 113
7764 105
7767 93
7766 97
7752 153
7826 148
7755 141
7754 145
7756 137
7759 125
7833 120
7906 116
7977 112
7978 108
7979 104
7751 157
7825 152
7793 32
7866 28
7784 21
7776 57
7850 52
7923 48
7994 44
7779 41
7778 49
7781 33
7783 25
7782 29
7871 47.255
10012 45.408
7863 16
7899 144
7900 140
7971 136
7901 136
7972 132
7902 132
7929 24
7930 20
7931 16
7932 12
7928 28
7999 24
8000 20
8001 16
7920 60
7924 44
7926 36
7913 88
7917 72
7918 68
7907 112
7908 108
7910 100
7941 32
7940 28
7995 40
7989 64
7981 96
7982 92
7973 128
7974 124
7975 120
8013 40.128
8012 36.128
10113 32.457
8003 8
8002 12
8007 12
8073 24
8074 35.01
10121 30.514
8133 29
8121 24
8120 28
