 key  value
8122 443.968
8063 439.968
8064 435.968
8065 431.968
8003 427.968
8004 423.968
8005 419.968
8006 415.968
8007 411.968
8008 407.968
8009 403.968
8010 399.968
8011 395.968
7942 388.968
7869 384.968
7796 380.968
7723 376.968
7724 372.968
7652 368.968
7653 364.968
7580 360.968
7509 356.968
7443 352.968
7375 348.968
7306 344.968
7240 340.968
7174 336.968
7104 332.968
7033 328.968
6959 324.968
6889 320.968
6818 316.968
6743 312.968
6665 308.968
6586 304.968
6504 300.968
6422 296.968
6344 292.968
6267 288.968
6193 284.968
6116 280.968
6036 276.968
5956 272.968
5883 268.968
5809 264.968
5734 260.968
5655 256.968
5579 252.968
5494 248.968
5404 244.968
5313 240.968
5226 236.968
5147 232.968
5066 228.968
4983 224.968
4899 220.968
4814 216.968
4727 209.968
4728 205.968
4729 201.968
9898 197.451
4643 192
4557 188
4470 184
4381 180
4196 172
4105 168
4016 164
3928 160
3839 156
3750 152
3665 148
3582 144
3497 140
3409 136
3319 132
3225 128
3133 124
3043 120
2940 116
2941 112
2942 108
2943 104
2944 100
2945 96
2946 92
2846 88
2847 84
2848 80
2849 76
2850 72
2851 68
2852 64
2853 60
2854 56
2855 52
2856 48
2857 44
2858 40
2859 36
2860 32
2861 28
2862 24
2863 20
2864 16
2865 12
2866 8
2867 4
8125 431.968
8126 427.968
8127 423.968
8068 419.968
8124 435.968
8113 479.968
8114 475.968
8055 471.968
7993 467.968
7994 463.968
7995 459.968
7996 455.968
7997 451.968
7998 447.968
7999 443.968
8000 439.968
8001 435.968
8002 431.968
8112 483.968
8115 471.968
8056 467.968
8117 463.968
8058 459.968
8116 467.968
8057 463.968
8119 455.968
8060 451.968
8061 447.968
8118 459.968
8059 455.968
8105 511.968
8046 507.968
7984 503.968
7985 499.968
7986 495.968
7987 491.968
7988 487.968
7989 483.968
7990 479.968
7991 475.968
7992 471.968
8104 515.968
8045 511.968
8107 503.968
8108 499.968
8109 495.968
8050 491.968
8051 487.968
8052 483.968
8053 479.968
8054 475.968
8106 507.968
8047 503.968
8048 499.968
8049 495.968
8111 487.968
8110 491.968
8097 543.968
8098 539.968
8099 535.968
8040 531.968
8041 527.968
8042 523.968
8043 519.968
8044 515.968
8096 547.968
8101 527.968
8100 531.968
8103 519.968
8102 523.968
8155 543.968
8157 535.968
8158 531.968
8159 527.968
8156 539.968
8136 619.968
8137 615.968
8080 611.968
8021 607.968
7959 603.968
7960 599.968
7961 595.968
7962 591.968
7963 587.968
7964 583.968
7965 579.968
7966 575.968
7967 571.968
7968 567.968
7969 563.968
7970 559.968
7971 555.968
7972 551.968
7973 547.968
7974 543.968
7975 539.968
7976 535.968
7977 531.968
7978 527.968
7979 523.968
7980 519.968
7981 515.968
7982 511.968
7983 507.968
8128 419.968
8069 415.968
8185 423.968
8186 419.968
8129 415.968
8130 411.968
8071 407.968
8072 403.968
8073 399.968
8184 427.968
8177 455.968
8178 451.968
8121 447.968
8176 459.968
8179 447.968
8181 439.968
8182 435.968
8180 443.968
8183 431.968
8169 487.968
8170 483.968
8168 491.968
8171 479.968
8173 471.968
8172 475.968
8175 463.968
8174 467.968
8161 519.968
8160 523.968
8163 511.968
8162 515.968
8165 503.968
8164 507.968
8167 495.968
8166 499.968
8217 527.968
8218 523.968
8216 531.968
8219 519.968
8220 515.968
8221 511.968
8222 507.968
8223 503.968
8224 499.968
8215 535.968
8214 539.968
8241 431.968
8240 435.968
8242 427.968
8243 423.968
8233 463.968
8234 459.968
8235 455.968
8236 451.968
8237 447.968
8238 443.968
8239 439.968
8232 467.968
8225 495.968
8226 491.968
8227 487.968
8228 483.968
8229 479.968
8231 471.968
8230 475.968
8281 487.968
8280 491.968
8283 479.968
8284 475.968
8285 471.968
8286 467.968
8287 463.968
8282 483.968
8273 519.968
8272 523.968
8275 511.968
8276 507.968
8274 515.968
8277 503.968
8279 495.968
8278 499.968
91 246
92 242
93 238
114 234
115 230
116 226
117 222
118 218
135 206
154 199
183 195
221 191
267 186
318 182
374 178
436 173
500 169
571 165
643 160
713 156
790 152
875 147
953 143
1025 139
1095 135
1168 130
1169 126
1253 122
1254 118
1338 114
1429 109
1430 105
1431 101
1432 97
1433 93
1434 89
1531 85
1625 81
1723 76
1814 72
1897 68
1986 63
1987 59
2078 55
2168 51
2254 47
2342 42
2343 38
2344 34
2430 30
2431 26
2432 22
2517 18
2603 13
2690 9
2779 5
8269 535.968
8268 539.968
8271 527.968
8270 531.968
8319 535.968
8318 539.968
8298 419.968
8299 415.968
8246 411.968
8189 407.968
8132 403.968
125 246
126 242
127 238
128 234
129 230
130 226
131 222
132 218
133 214
134 210
8289 455.968
113 238
8288 459.968
112 242
8291 447.968
8292 443.968
8290 451.968
8293 439.968
8294 435.968
8295 431.968
8344 435.968
8345 431.968
8346 427.968
8297 423.968
8244 419.968
8187 415.968
8349 421.802
9963 419.837
110 250
111 246
8337 463.968
8338 459.968
8336 467.968
8339 455.968
8341 447.968
8340 451.968
8343 439.968
8342 443.968
8329 495.968
8328 499.968
8331 487.968
8330 491.968
8333 479.968
8334 475.968
8335 471.968
8332 483.968
8321 527.968
145 235
174 231
212 227
258 222
309 218
310 214
311 210
312 206
313 202
369 198
431 193
432 189
496 185
497 181
568 177
640 172
710 168
787 164
872 159
950 155
1022 151
1092 147
1165 142
1166 138
1250 134
1251 130
1252 126
8320 531.968
144 239
8323 519.968
147 227
148 223
149 219
150 215
151 211
180 207
218 203
264 198
265 194
316 190
372 186
434 181
435 177
499 173
570 169
642 164
712 160
8322 523.968
146 231
175 227
213 223
259 218
8325 511.968
8324 515.968
8327 503.968
8326 507.968
8377 499.968
8376 503.968
8379 491.968
8378 495.968
8381 483.968
8380 487.968
8383 475.968
143 243
8382 479.968
8369 531.968
8368 535.968
8371 523.968
8372 519.968
8373 515.968
8370 527.968
8375 507.968
8374 511.968
177 219
178 215
216 211
262 206
176 223
214 219
260 214
179 211
181 203
219 199
173 235
172 239
210 235
256 230
257 226
8393 435.968
217 207
263 202
314 198
370 194
8385 467.968
8386 463.968
8387 459.968
8388 455.968
8389 451.968
209 239
255 234
8384 471.968
211 231
8391 443.968
215 215
261 210
8390 447.968
8441 443.968
8442 439.968
8443 435.968
8444 431.968
8445 427.968
8396 423.968
8348 419.968
8440 447.968
8433 475.968
8434 471.968
8432 479.968
8435 467.968
8436 463.968
8437 459.968
8439 451.968
8438 455.968
8425 507.968
8424 511.968
8427 499.968
8426 503.968
8429 491.968
8430 487.968
8431 483.968
8428 495.968
254 238
8419 531.968
8420 527.968
8421 523.968
8422 519.968
8418 535.968
8423 515.968
8473 507.968
8472 511.968
8475 499.968
8474 503.968
8477 491.968
8476 495.968
8479 483.968
8480 479.968
8478 487.968
8467 531.968
8466 535.968
8469 523.968
8470 519.968
8468 527.968
8471 515.968
266 190
8499 591.968
8500 587.968
8454 583.968
8455 579.968
8456 575.968
8409 571.968
8410 567.968
8411 563.968
8362 559.968
8314 555.968
8315 551.968
8266 547.968
8213 543.968
315 194
317 186
319 181
375 177
437 172
501 168
572 164
8481 475.968
305 234
306 230
362 226
424 221
488 217
559 213
631 208
632 204
702 200
703 196
704 192
705 188
706 184
783 180
868 175
869 171
947 167
1019 163
1089 159
1162 154
1163 150
1164 146
8483 467.968
307 226
363 222
425 217
426 213
427 209
491 205
562 201
634 196
635 192
636 188
8482 471.968
8485 459.968
8484 463.968
308 222
8487 451.968
8488 447.968
8489 443.968
8490 439.968
8491 435.968
8486 455.968
299 277
355 273
416 268
417 264
479 260
480 256
550 249
622 244
623 240
624 236
625 232
626 228
627 224
628 220
629 216
699 212
700 208
701 204
8529 471.968
8528 475.968
8531 463.968
8532 459.968
8533 455.968
8530 467.968
8521 503.968
8522 499.968
8523 495.968
8520 507.968
8525 487.968
8524 491.968
8527 479.968
8526 483.968
8515 527.968
8516 523.968
8514 531.968
8517 519.968
8518 515.968
8519 511.968
8569 491.968
8568 495.968
8571 483.968
8572 479.968
8570 487.968
8573 475.968
8574 471.968
8575 467.968
8576 463.968
8577 459.968
8578 455.968
8579 451.968
8535 447.968
8561 523.968
8562 519.968
8560 527.968
8563 515.968
8564 511.968
8565 507.968
8566 503.968
8567 499.968
368 202
430 197
494 193
565 189
637 184
707 180
784 176
371 190
433 185
373 182
361 230
423 225
360 234
422 229
486 225
557 221
8605 523.968
365 214
8604 527.968
364 218
8607 515.968
367 206
429 201
8606 519.968
366 210
428 205
492 201
563 197
353 281
414 276
415 272
477 268
478 264
8589 587.968
8590 583.968
8591 579.968
8592 575.968
8593 571.968
8550 567.968
8506 563.968
8507 559.968
8461 555.968
8414 551.968
8365 547.968
8317 543.968
413 280
8588 591.968
412 284
474 280
475 276
476 272
8632 583.968
8631 587.968
8630 591.968
8617 475.968
8618 471.968
8619 467.968
8616 479.968
8609 507.968
8610 503.968
8611 499.968
8608 511.968
8613 491.968
8612 495.968
8615 483.968
8614 487.968
8671 587.968
8670 591.968
8657 483.968
8658 479.968
8656 487.968
8659 475.968
8661 467.968
8662 463.968
8621 459.968
421 233
8660 471.968
420 237
8649 515.968
473 284
8648 519.968
8651 507.968
8650 511.968
8653 499.968
8654 495.968
8652 503.968
8655 491.968
469 300
470 296
471 292
472 288
8647 523.968
8646 527.968
8697 483.968
8696 487.968
8699 475.968
8698 479.968
8701 467.968
8702 463.968
8663 459.968
8664 455.968
8623 451.968
8624 447.968
8581 443.968
8537 439.968
8700 471.968
8689 515.968
8690 511.968
8691 507.968
8693 499.968
8692 503.968
8695 491.968
8694 495.968
8686 527.968
8687 523.968
8688 519.968
8672 583.968
8673 579.968
8634 575.968
498 177
8729 511.968
489 213
560 209
8728 515.968
8731 503.968
8732 499.968
8733 495.968
8734 491.968
8735 487.968
8730 507.968
490 209
495 189
483 237
554 233
485 229
484 233
487 221
558 217
630 212
8726 523.968
537 301
609 296
610 292
611 288
612 284
613 280
614 276
615 272
616 268
617 264
618 260
619 256
620 252
621 248
539 293
538 297
541 285
540 289
543 277
542 281
8711 583.968
8710 587.968
8763 523.968
8764 519.968
8765 515.968
8766 511.968
8767 507.968
8768 503.968
8747 587.968
8746 591.968
8748 583.968
8712 579.968
8713 575.968
8714 571.968
8715 567.968
8677 563.968
8638 559.968
8597 555.968
8554 551.968
8555 547.968
8556 543.968
8557 539.968
8558 535.968
8559 531.968
8737 479.968
8738 475.968
8739 471.968
8740 467.968
8736 483.968
564 193
566 185
638 180
708 176
785 172
870 167
948 163
949 159
553 237
552 241
555 229
556 225
545 269
544 273
8787 587.968
547 261
8786 591.968
546 265
8788 583.968
8789 579.968
8750 575.968
551 245
8776 471.968
605 312
606 308
607 304
608 300
8780 470.331
9950 464.669
8704 459.968
8769 499.968
8771 491.968
8770 495.968
8773 483.968
8774 479.968
8772 487.968
8775 475.968
8827 587.968
8828 583.968
8829 579.968
8830 575.968
8831 571.968
8832 567.968
8833 563.968
8834 559.968
8835 555.968
8836 551.968
8837 547.968
8798 543.968
8799 539.968
8800 535.968
8761 531.968
8762 527.968
8816 471.968
8777 467.968
8741 463.968
8703 459.968
8809 499.968
8808 503.968
8811 491.968
8810 495.968
8813 483.968
8812 487.968
8815 475.968
8814 479.968
8801 531.968
8803 523.968
8805 515.968
8804 519.968
8807 507.968
8806 511.968
8849 499.968
8850 495.968
8848 503.968
8851 491.968
8852 487.968
8853 483.968
8854 479.968
8841 531.968
8842 527.968
8843 523.968
8844 519.968
8845 515.968
8846 511.968
8847 507.968
8890 479.96
9969 476.03
8881 515.96
8882 511.96
8883 507.96
8884 503.96
8885 499.96
8886 495.96
8887 491.96
8888 487.96
8889 483.96
641 168
711 164
788 160
873 155
874 151
952 147
8880 519.96
8877 531.96
8878 527.96
8879 523.96
689 259
690 255
691 251
692 247
693 243
694 239
695 235
696 231
697 227
688 263
681 291
682 287
683 283
684 279
685 275
686 271
687 267
8920 499.96
8921 495.96
8922 491.96
680 295
8913 527.96
8912 531.96
8915 519.96
675 315
676 311
677 307
678 303
679 299
8914 523.96
8917 511.96
8916 515.96
8919 503.96
8918 507.96
8911 535.96
8910 539.96
8953 503.96
8952 507.96
8945 535.96
8944 539.96
8947 527.96
8948 523.96
8946 531.96
8949 519.96
709 172
8951 511.96
8950 515.96
761 290
762 286
763 282
764 278
765 274
766 270
767 266
768 262
769 258
770 254
771 250
772 246
773 242
774 238
760 294
753 322
754 318
755 314
756 310
757 306
758 302
759 298
8985 507.96
8986 503.96
8987 499.96
8988 495.96
8989 491.96
8957 487.96
8924 483.96
8984 511.96
8977 539.96
8978 535.96
8979 531.96
8980 527.96
8976 543.96
8981 523.96
8982 519.96
8983 515.96
8975 547.96
8974 551.96
786 168
871 163
789 156
9017 507.96
9018 503.96
9016 511.96
9009 539.96
9008 543.96
9011 531.96
9010 535.96
9013 523.96
9012 527.96
9015 515.96
9014 519.96
9005 555.96
9006 551.96
9007 547.96
8997 587.96
8966 583.96
8967 579.96
8935 575.96
8936 571.96
8903 567.96
8904 563.96
8870 559.96
8871 555.96
8872 551.96
8873 547.96
8874 543.96
8875 539.96
8876 535.96
8998 583.96
9041 535.96
9040 539.96
9043 527.96
9044 523.96
9045 519.96
9046 515.96
9042 531.96
9047 511.96
856 256
857 252
858 248
859 244
9037 551.96
9038 547.96
9036 555.96
9039 543.96
849 288
850 284
848 292
851 276
852 272
853 268
854 264
855 260
9029 583.96
9030 579.96
9000 575.96
8969 571.96
8937 567.96
9028 587.96
841 320
842 316
843 312
844 308
845 304
846 300
847 296
840 324
9073 523.96
9072 527.96
9075 515.96
9076 511.96
9077 507.96
9049 503.96
9050 499.96
9020 495.96
835 344
836 340
837 336
838 332
839 328
9074 519.96
9065 555.96
9066 551.96
9064 559.96
9067 547.96
9069 539.96
9068 543.96
9071 531.96
9070 535.96
9059 579.96
9031 575.96
9001 571.96
8970 567.96
8971 563.96
8939 559.96
8906 555.96
9058 583.96
9063 563.96
9113 587.96
9087 583.96
9088 579.96
9089 575.96
9090 571.96
9091 567.96
9092 563.96
9117 571.96
876 143
877 139
878 135
956 131
1028 127
1098 123
1171 118
1255 114
1339 110
9119 563.96
9093 559.96
9094 555.96
9118 567.96
9104 515.96
9097 543.96
921 340
9096 547.96
920 344
9099 535.96
923 332
924 328
925 324
9098 539.96
922 336
9101 527.96
9100 531.96
9103 519.96
927 316
928 312
929 308
930 304
9102 523.96
926 320
9095 551.96
9145 571.96
9146 567.96
9144 575.96
9147 563.96
9148 559.96
9149 555.96
9150 551.96
9123 547.96
9151 547.96
9152 543.96
9153 539.96
9126 535.96
9141 587.96
9142 583.96
9143 579.96
9128 527.96
9129 523.96
9130 519.96
954 139
1026 135
1027 131
9133 511.96
9107 507.96
9078 503.96
9121 555.96
945 175
1017 171
1018 167
9120 559.96
944 179
9122 551.96
946 171
9125 539.96
9124 543.96
9127 531.96
951 151
9177 547.96
9176 551.96
937 271
938 267
939 263
940 259
936 275
9179 539.96
9180 535.96
9155 531.96
9156 527.96
9157 523.96
9158 519.96
9131 515.96
9105 511.96
9178 543.96
9181 531.96
9182 527.96
9169 579.96
9171 571.96
9172 567.96
9173 563.96
9174 559.96
931 300
9170 575.96
933 292
932 296
9175 555.96
935 276.127
1010 272.127
1080 268.127
1153 263.127
1236 259.127
1319 255.127
1406 250.127
1502 243.127
1503 239.127
1504 235.127
1598 231.127
1692 226.127
1693 222.127
1694 218.127
1695 214.127
1696 210.127
1697 206.127
1698 202.127
1699 198.127
1700 194.127
1604 190.232
1605 186.232
1414 169
1415 165
1416 161
1513 157
1607 153
1705 148
1706 144
1707 140
1798 136
1881 132
1970 127
2061 123
2151 119
2237 115
2325 110
2411 106
2496 102
2582 97
2583 93
2584 89
2671 85
2760 81
934 288
9154 535.96
9201 551.96
9200 555.96
9203 543.96
9204 539.96
9205 535.96
9206 531.96
9207 527.96
9208 523.96
9184 519.96
9159 515.96
9132 511.96
9106 507.96
9202 547.96
9193 583.96
9194 579.96
9195 575.96
9196 571.96
9197 567.96
1021 155
9199 559.96
9198 563.96
1009 292
1008 296
1011 271.127
1081 267.127
1015 179
1016 175
1014 183
9241 571.96
9242 567.96
9243 563.96
9244 559.96
9245 555.96
9246 551.96
9247 547.96
9226 543.96
1001 343
1000 347
1003 323
1004 319
1005 315
1006 311
1007 300
9225 547.96
9224 551.96
9227 539.96
9228 535.96
9219 571.96
9220 567.96
9221 563.96
9222 559.96
9223 555.96
1037 87
1104 83
1181 78
1265 74
1352 70
1443 65
1540 61
1634 57
1732 52
1823 48
1906 44
1994 40
2085 36
2175 32
2261 28
2348 24
2434 20
2519 16
2604 12
2691 8
2780 4
1084 179
1157 174
1241 170
1325 166
1087 167
1160 162
1244 158
1245 154
1246 150
1330 146
1421 141
1518 137
1612 133
1710 128
1801 124
1884 120
1973 115
2064 111
2154 107
2240 103
2328 98
2414 94
2499 90
2585 85
2586 81
2673 77
2762 73
9249 539.96
9250 535.96
9251 531.96
9230 527.96
1073 327
9248 543.96
1075 319
1074 323
1077 300
1076 315
1078 300
1097 127
1170 122
1096 131
1099 119
1172 114
1256 110
1340 106
1102 110
1258 102
1342 98
1088 163
1161 158
1090 155
1145 316.127
1229 312.127
1230 308.127
1231 304.127
1232 300.127
1233 296.127
1316 292.127
1496 284.127
1590 280.127
1684 275.127
1778 271.127
1949 263.127
1866 257.127
1780 253.127
1781 249.127
1782 245.127
1783 241.127
1784 237.127
1785 233.127
1786 229.127
1787 225.127
1788 221.127
1789 217.127
1790 213.127
1791 209.127
1792 205.127
1793 201.127
1144 321
1146 310
1147 306
1143 325
1142 329
1183 76
1267 72
1354 68
1444 64
1541 60
1635 56
1182 77
1266 73
1353 69
1173 110
1174 106
1167 134
1152 267.127
1235 263.127
1318 259.127
1405 254.127
1156 178
1240 174
1324 170
1159 166
1243 162
1327 158
1418 153
1515 149
1609 145
1158 170
1242 166
9421 2068.92
9422 1970.92
9423 1872.92
9424 1774.92
9442 1599.92
9443 1500.92
9461 1365.92
9477 1259.92
9494 1152.92
9512 1020.92
9531 913.924
9551 806.924
6006 617.924
6087 612.924
6163 608.924
6238 604.924
6313 599.924
6314 595.924
6315 591.924
6316 587.924
6317 583.924
6395 576.924
6474 569.924
6555 565.924
6635 560.924
6713 556.924
6714 552.924
6790 548.924
6863 543.924
6864 539.924
6936 535.924
7012 531.924
7083 526.924
7152 522.924
7217 518.924
7284 514.924
7352 509.924
7421 505.924
7487 501.924
9982 497.983
7556 492.968
7557 488.968
7558 484.968
7631 477.968
7704 473.968
7777 469.968
7851 464.968
7852 460.968
7925 456.968
7926 452.968
7927 448.968
7928 444.968
7855 440.968
7856 436.968
7857 432.968
7858 428.968
7785 424.968
7786 420.968
7787 416.968
7714 412.968
7715 408.968
7716 404.968
7717 400.968
7718 396.968
7646 392.968
7573 388.968
7502 384.968
7503 380.968
7437 376.968
7438 372.968
7370 368.968
7371 364.968
7302 360.968
7236 356.968
7170 352.968
7100 348.968
7029 344.968
7030 340.968
7031 336.968
7032 332.968
9420 2166.92
1247 146
1248 142
1332 138
1423 133
1520 129
1614 125
1712 120
1803 116
1804 112
1805 108
1806 104
1889 100
1978 95
1979 91
1980 87
1981 83
1982 79
2073 75
2074 71
2164 67
2250 63
2338 58
2424 54
2509 50
2595 45
2596 41
2597 37
2598 33
2599 29
2600 25
2601 21
2602 17
1234 267.127
1225 329
1224 333
1227 320.127
1228 316.127
1226 325
1221 380
1220 376
1305 372
1392 368
1484 364
1485 360
1486 356
1393 349
1306 343
1223 336
9462 1329.42
9939 1239.01
9478 1221.1
9942 1132.22
9495 1113.92
1222 384
1264 75
1351 71
1442 66
1539 62
1633 58
1731 53
1822 49
1905 45
1269 72
1355 68
1445 64
1542 60
1636 56
1733 52
1824 48
1907 44
1995 40
1257 106
1341 102
1259 86
1260 82
1347 78
1438 73
1535 69
1536 65
1630 61
1728 56
1819 52
1902 48
1991 43
2082 39
2172 35
2258 31
2346 26
9493 1207.92
9511 1074.92
9530 968.924
9550 862.924
9572 733.924
5928 636.924
1304 373
1307 340
1309 332.127
1310 328.127
1311 324.127
1312 320.127
1308 336.127
9529 1067.92
9528 1166.92
9532 909.924
9525 2055.16
9544 1953.16
9563 1860.16
9586 1758.16
9607 1656.16
9629 1564.16
9630 1467.16
9631 1370.16
9984 1318.57
9609 1238.97
9610 1138.97
9611 1038.97
9612 938.968
9613 838.968
9614 738.968
7873 672.968
7800 668.968
7801 664.968
7802 660.968
7875 656.968
7876 652.968
7877 648.968
7878 644.968
7879 640.968
7880 636.968
7881 632.968
7882 628.968
7883 624.968
7884 620.968
7885 616.968
7886 612.968
7887 608.968
7888 604.968
7889 600.968
7890 596.968
7891 592.968
7892 588.968
7893 584.968
7894 580.968
7895 576.968
7896 572.968
7897 568.968
7898 564.968
7899 560.968
7900 556.968
7901 552.968
7902 548.968
7903 544.968
7904 540.968
7905 536.968
7906 532.968
7907 528.968
7908 524.968
7909 520.968
7910 516.968
7911 512.968
7912 508.968
7913 504.968
7914 500.968
7915 496.968
7916 492.968
7917 488.968
7918 484.968
7919 480.968
7920 476.968
7921 472.968
7922 468.968
7923 464.968
7924 460.968
9524 2150.16
9543 2048.16
9562 1955.16
9585 1854.16
9606 1753.16
9628 1661.16
9527 1265.92
9513 1016.92
1337 118
1428 113
1525 109
1526 105
1620 101
1718 96
1809 92
1810 88
1811 84
1894 80
1983 75
1336 122
1427 117
1524 113
1618 109
1716 104
1807 100
1890 96
1343 94
1329 150
1420 145
1517 141
1611 137
1709 132
1800 128
1883 124
1972 119
2063 115
2153 111
2239 107
2327 102
2413 98
1328 154
1419 149
1516 145
1610 141
1708 136
1799 132
9506 2251.16
9509 1270.92
9510 1172.92
1335 126
1426 121
1523 117
1617 113
1715 108
1334 130
1425 125
1522 121
1616 117
1714 112
9567 1223.92
9568 1125.92
9569 1027.92
9570 929.924
9571 831.924
9566 1321.92
1326 162
1417 157
1317 263.127
1404 258.127
9547 1161.92
9546 1260.92
9549 962.924
9548 1061.92
9593 730.924
6911 678.924
6912 674.924
6913 670.924
6982 659.924
7051 654.924
7120 650.924
7121 646.924
7122 642.924
7123 638.924
7124 634.924
7125 630.924
7126 626.924
7191 622.924
7258 618.924
7326 613.924
7327 609.924
7328 605.924
7329 601.924
7330 597.924
7399 593.924
7465 589.924
7466 585.924
7467 581.924
7468 577.924
7469 573.924
7470 569.924
7471 565.924
7472 561.924
7473 557.924
7474 553.924
7475 549.924
7476 545.924
7477 541.924
7478 537.924
7479 533.924
7480 529.924
7481 525.924
7482 521.924
7483 517.924
7484 513.924
7485 509.924
7486 505.924
9592 829.924
9595 424
9594 325
5374 251
5373 247
5285 243
5202 238
5201 234
5200 230
5199 226
5198 222
5118 218
5117 214
5035 210
4951 205
4950 201
4865 197
4778 193
4689 188
4603 184
4516 180
4427 176
4335 171
4243 167
4242 163
4149 159
4059 154
4058 150
3968 146
3879 142
3791 138
3703 133
3702 129
3701 125
3700 121
3699 117
3615 113
3614 109
3613 105
3612 101
3526 97
3440 92
3439 88
3438 84
3437 80
3436 76
3435 72
3434 68
3433 64
3432 60
3431 56
3430 52
3429 48
3428 44
3427 40
3426 36
3425 32
3424 28
3423 24
3339 20
3246 16
3156 12
3064 8
2969 4
1357 68
1447 64
1544 60
1638 56
1735 52
1825 48
1908 44
1996 40
2087 36
2177 32
2262 28
2349 24
2435 20
1359 68
1449 64
1546 60
1640 56
1737 52
1827 48
1909 44
1997 40
2088 36
1358 68
1448 64
1345 86
1436 81
1437 77
1534 73
1346 82
9589 1126.92
9590 1027.92
9591 928.924
9588 1225.92
1349 73
1440 68
1537 64
1631 60
1729 55
1820 51
1903 47
1992 42
2083 38
2173 34
2259 30
2347 25
2433 21
2518 17
1348 74
1439 69
1350 72
1441 67
1538 63
1632 59
1730 54
1821 50
1904 46
1993 41
2084 37
2174 33
2260 29
1401 315.127
1314 311.127
1315 307.127
1400 319.127
1403 287.127
1497 283.127
1591 279.127
1402 311.127
1395 344
1394 347
9573 258.004
4102 254.004
4287 246.004
4378 241.004
4468 234.004
4556 230.004
4726 218.004
9909 213.892
1397 336.127
1396 340.127
1399 323.127
9574 321
3561 237
3475 232
3474 228
3473 224
3472 220
3471 216
3470 212
3469 208
3468 204
3467 200
3466 196
3465 192
3464 188
3463 184
3462 180
3461 176
3460 172
3459 168
3458 164
3457 160
3456 156
3455 152
3454 148
3453 144
3452 140
3451 136
3450 132
3449 128
3448 124
3447 120
3446 116
3445 112
3444 108
3443 104
3442 100
3441 96
1398 330.127
1391 372
9617 427
9616 328
7111 263
7110 259
7109 255
7108 251
7038 243
7037 239
6967 232
6966 228
6965 224
6964 220
6896 213
6828 208
6755 204
6754 200
6753 196
6677 192
6599 187
6519 183
6437 179
6359 175
6282 170
6207 166
6131 162
6055 157
5974 153
5901 149
5827 145
5752 140
5676 136
5596 132
5519 127
5433 123
5341 119
5253 115
5170 110
5090 106
5008 102
4924 97
4839 93
4752 89
4663 84
4577 80
4490 76
4401 72
4309 67
4217 63
4124 59
4034 54
3944 50
3855 46
3767 42
3679 37
3595 33
3509 29
1435 85
1424 129
1521 125
1615 121
1713 116
9657 980.968
9636 877.968
9656 1077.97
9635 974.968
9658 1078.97
9661 529.756
9638 421.756
10125 407.172
9660 458
9637 350
9615 257
6824 198
6751 194
6675 190
6598 186
6518 182
6436 178
6358 174
9655 1175.97
9634 1071.97
9654 1272.97
9633 1168.97
9639 443
9681 566
9680 1085.97
9682 637.756
1446 64
1499 255.127
1593 251.127
1687 246.127
1688 242.127
1689 238.127
1690 234.127
1691 230.127
1498 259.127
9677 1350.44
10128 1251.03
1500 251.127
1501 247.127
9679 1083.97
9678 1180.97
1491 338.127
1492 334.127
1490 344.127
1493 329.127
1494 325.127
1495 288.127
9721 1278.97
9700 1174.97
9720 1276.97
1483 368
1482 380
1579 376
1580 372
1581 368
1582 364
1487 353
1529 93
1623 89
1721 84
1812 80
1813 76
1528 97
1622 93
1720 88
1530 89
1533 77
1532 81
9699 1271.97
9701 1176.97
1527 101
1512 161
1514 153
1511 165
9742 1456.97
9741 1357.97
1553 68
1552 64
1551 60
1644 56
1741 52
1831 48
1913 44
2001 40
2091 36
2180 32
2265 28
2352 24
2437 20
2521 16
2606 12
2692 8
1555 76
1648 72
1745 68
1744 64
1834 60
1916 56
2004 52
2003 48
2002 44
1554 72
1556 80
1545 60
1549 60
1642 56
1739 52
1829 48
1912 44
2000 40
2090 36
1550 60
9782 1684.97
9781 1587.97
9761 1461.97
1543 60
1592 255.127
1686 250.127
1585 354.723
1586 350.723
1587 346.723
1588 342.723
9901 341.737
1584 357
9762 1561.97
1589 284.127
9819 1753.97
9799 1650.97
9779 1549.97
9760 1459.97
9818 1752.97
9821 1759.97
9801 1655.97
9780 1551.97
9820 1756.97
9800 1652.97
9823 1319.22
9804 1222.22
9784 1125.22
9763 1012.76
9744 915.764
9723 818.764
10126 725.03
9702 640
1583 360
9822 1795.97
9802 1691.97
1624 85
1722 80
1627 73
1725 68
1816 64
1899 60
1988 55
2079 51
2169 47
2170 43
2171 39
1626 77
1724 72
1628 69
1726 64
1817 60
1900 56
1989 51
1990 47
2081 43
1619 105
1717 100
1621 97
1719 92
9798 1673.97
9778 1571.97
9759 1481.97
9740 1379.97
1608 149
1613 129
1711 124
9844 1009.27
9833 992.211
10024 957.552
9830 917.462
9871 867.121
9829 810.435
9912 773.523
9828 742.204
9927 699.736
9827 660.864
9897 645.143
1606 157
1704 152
1657 107
1656 103
1753 99
1752 95
1842 91
1924 87
2012 83
2102 79
2101 75
2190 71
2189 67
2274 63
2361 59
2360 55
2445 51
2529 47
2614 43
2613 39
2612 35
2697 28
2696 24
2695 20
2694 16
2693 12
2781 8
9835 964.134
9879 951.566
9834 1026.83
9843 992.947
1658 111
9836 847.24
9904 806.851
1649 76
1746 72
1836 68
1918 64
2006 60
2005 56
2095 52
2184 48
2183 44
2182 40
2267 36
2266 32
9826 407.887
6240 395.968
6166 391.968
6167 387.968
6168 383.968
6169 379.968
6170 375.968
6171 371.968
6094 367.968
6014 363.968
6015 359.968
5936 355.968
5862 351.968
5788 347.968
5713 343.968
5634 339.968
5558 335.968
5473 331.968
5383 327.968
5292 323.968
5206 316.968
5207 312.968
5128 308.968
5129 304.968
5130 300.968
5131 296.968
5132 292.968
5051 288.968
5052 284.968
4969 280.968
4885 276.968
4800 272.968
4801 268.968
4802 264.968
4803 260.968
4804 256.968
4805 252.968
4806 248.968
4807 244.968
4808 240.968
4809 236.968
4810 232.968
4811 228.968
4812 224.968
4813 220.968
1651 83
1748 79
1838 75
1837 71
1919 67
2007 63
2097 59
2186 55
2271 51
2358 47
2443 43
2527 39
1650 79
1747 75
1653 91
1652 87
9831 1011.11
10007 959.972
9881 88.581
1643 56
1740 52
1830 48
9885 262.566
1645 60
1647 68
1646 64
1743 60
1833 56
1832 52
1914 48
1637 56
1734 52
1639 56
1736 52
9866 325.646
604 316
1683 276.127
1777 272.127
1865 268.127
1685 254.127
9913 205.263
1673 376
9915 253.149
4194 250.004
1675 368
9914 384.422
9825 375.519
5627 367.968
5551 363.968
5466 359.968
5376 355.968
5377 351.968
5378 347.968
5379 343.968
5380 339.968
5381 335.968
5382 331.968
1674 372
9917 530.848
7084 525.924
7153 521.924
7218 517.924
7285 513.924
1677 361
9916 751.66
1676 364
9919 720.387
9918 273.288
1678 358.723
9905 342.939
9906 185.043
4380 180
4289 176
9908 44.612
3249 42
3248 38
3340 31
9911 598.743
9910 313.442
5046 308.968
4963 304.968
4879 300.968
4880 296.968
4881 292.968
4882 288.968
4797 284.968
4798 280.968
4799 276.968
9896 33.14
9899 358.383
2823 354.567
2824 350.567
2917 346.567
2918 342.567
3020 338.567
3021 334.567
3022 330.567
3023 326.567
3024 322.567
10073 319.251
3025 317.127
2923 313.127
2739 303.127
2651 299.127
2652 295.127
2565 291.127
2481 287.127
2482 283.127
2396 279.127
2397 275.127
2398 271.127
2399 267.127
2312 260.127
2135 252.127
2044 245.127
1955 241.127
1956 237.127
1872 233.127
9900 544.737
6794 541.924
7014 529.924
9903 155.36
1727 60
9902 723.224
9893 382.499
9895 353.357
4170 346.004
4171 342.004
4172 338.004
4173 334.004
4174 330.004
4175 326.004
4176 322.004
4269 318.004
4360 313.004
4361 309.004
4362 305.004
4363 301.004
4364 297.004
4365 293.004
4366 289.004
4367 285.004
4368 281.004
4369 277.004
4370 273.004
4371 269.004
4372 265.004
4373 261.004
4374 257.004
4375 253.004
4376 249.004
4377 245.004
9894 413.589
9945 296.367
3476 236
9944 167.249
1769 163
1859 159
1858 155
1940 151
2028 147
2027 143
2026 139
2116 135
2205 131
2290 127
2377 123
2376 119
2375 115
2460 111
2544 107
2543 103
2628 99
2627 95
2626 91
2625 87
2624 83
2623 79
2622 75
2621 71
2620 67
2619 63
2618 59
2617 55
2616 51
2615 47
9946 148.999
918 147
917 143
995 139
994 135
1066 131
1132 127
1208 123
1291 119
1377 115
1467 111
1563 107
1562 103
1561 99
1654 95
9949 294.44
6428 285.968
6350 281.968
6273 277.968
6199 273.968
6121 269.968
6041 265.968
5961 261.968
5887 257.968
5812 253.968
5737 249.968
5658 245.968
5582 241.968
5497 237.968
5407 233.968
5316 229.968
5229 225.968
5069 217.968
4986 213.968
4902 209.968
4817 205.968
9948 462.453
8665 455.968
9951 515.155
9936 1191.7
9938 1136.62
9943 750.635
1702 180
1794 173
1879 169
1963 163
2052 159
2142 155
2228 151
2316 146
2402 142
2403 138
2488 134
2574 129
2661 125
2662 121
2663 117
2664 113
2753 109
2842 104
2843 100
2844 96
2845 92
9928 170.824
4104 170
1754 103
9933 1145.01
1757 115
1847 111
1929 107
2017 103
2016 99
2106 95
2195 91
2194 87
2193 83
2278 79
2365 75
2450 71
2534 67
2533 63
2532 59
2531 55
2530 51
1758 119
1848 115
9920 240.699
9923 60.03
3159 56
3158 52
3157 48
1749 83
1839 79
9924 32.454
1751 91
1750 87
9926 286.665
9976 657.544
6005 621.924
6086 616.924
6162 612.924
9979 14.991
2871 12
2870 8
2869 4
1738 52
9981 2036.41
1742 56
9968 542.819
9270 536.773
10129 535.492
9252 531.96
9971 380.932
7871 376.968
7798 372.968
7725 368.968
9973 406.911
9972 313.337
6893 310.497
10082 307.237
6747 301.968
6669 297.968
6590 293.968
6507 289.968
6425 285.968
6347 281.968
6270 277.968
6196 273.968
6119 269.968
6039 265.968
5959 261.968
5886 257.968
9975 63.329
3325 60
3326 56
3234 52
3144 48
3145 44
3054 40
3055 36
2961 32
2962 28
2963 24
9974 356.415
9960 218.254
5070 214
4987 210
4903 206
4818 202
4730 198
9967 431.876
9966 47.815
3845 44
3758 40
3671 36
3588 32
3503 28
3418 24
3335 20
3243 16
3153 12
3062 8
2968 4
9952 515.986
9954 393.147
9956 131.912
5670 128
5511 120
5425 116
5333 112
5246 108
5164 104
5084 100
5002 96
4919 92
4834 88
4747 84
4659 80
4573 76
4486 72
4397 68
4306 64
4214 60
4121 56
4032 52
3942 48
3853 44
3765 40
3678 36
3594 32
3508 28
9959 471.921
10009 1230.3
10008 451.826
7853 448.968
7780 444.968
7707 440.968
7635 436.968
7636 432.968
7637 428.968
7638 424.968
7565 420.968
7494 416.968
7428 412.968
7360 408.968
7291 404.968
7225 400.968
7226 396.968
7227 392.968
7228 388.968
7229 384.968
7230 380.968
7231 376.968
7232 372.968
7233 368.968
7167 364.968
7097 360.968
7026 356.968
7027 352.968
7028 348.968
1771 372
1772 368
1770 167
1860 163
1942 159
2030 155
2029 151
1773 365
1775 358.723
1679 354.723
1774 362.723
10005 145.018
1797 140
1818 56
9999 93.34
964 91
1808 96
1815 68
10041 389.54
2478 387.162
2734 370.567
2735 366.567
2736 362.567
2737 358.567
10040 667.21
6007 615.276
6164 605.276
6239 601.276
10043 346.51
10042 367.532
3393 365.127
3299 361.127
3300 357.127
3301 353.127
3205 349.127
3206 345.127
3207 341.127
3113 337.127
3114 333.127
3115 329.127
3116 325.127
3117 321.127
1802 120
10045 1342.64
10044 57.69
2783 55
2698 51
10047 451.877
10046 866.23
10033 338.8
10032 1251.87
10035 403.005
7090 401.968
7019 396.968
6943 392.968
6944 388.968
6873 384.968
6802 380.968
6803 376.968
6728 372.968
6650 368.968
6571 364.968
6489 360.968
6490 356.968
6408 352.968
6409 348.968
6331 344.968
6254 340.968
6180 336.968
6181 332.968
6104 328.968
6024 324.968
5945 320.968
5871 316.968
5797 312.968
5798 308.968
5799 304.968
5724 300.968
5725 296.968
5726 292.968
5647 288.968
5648 284.968
5649 280.968
5573 276.968
5574 272.968
5575 268.968
5490 264.968
5491 260.968
5492 256.968
5402 252.968
5403 248.968
5312 244.968
10034 402.938
10037 285.41
10036 330.616
10039 1994.77
10038 321.55
10027 375.063
1861 372
10026 398.522
1850 123
1932 119
1931 115
2019 111
2018 107
2108 103
2107 99
10029 194.575
10028 1073.37
10031 252.349
2043 249.127
1954 245.127
1870 241.127
1871 237.127
10030 178.138
1841 87
1923 83
2011 79
1840 83
1843 95
1845 103
1927 99
2015 95
2105 91
2104 87
2103 83
1844 99
1846 107
10072 309.907
3124 303.127
3032 299.127
2929 295.127
2832 291.127
2744 287.127
2656 283.127
2568 279.127
2484 275.127
10075 251.348
1953 249.127
1835 64
10074 292.891
10065 265.909
10064 155.742
3749 154
10067 326.908
4358 321.004
4359 317.004
10066 265.624
10069 373.786
3478 371.126
10068 304.11
3829 302.004
3917 298.004
4006 294.004
4095 290.004
4185 286.004
4278 282.004
10071 312.221
5873 308.968
10070 428.475
7286 424.968
7287 420.968
7221 416.968
7222 412.968
7223 408.968
7224 404.968
10057 281.498
3580 278.029
3747 270.004
3836 266.004
3926 262.004
4014 258.004
10056 370.192
1863 365.723
1880 136
1969 131
10059 34.685
1882 128
1971 123
10061 289.861
1885 116
1974 111
2065 107
2155 103
2241 99
2329 94
2330 90
2331 86
2332 82
2418 78
2419 74
2420 70
2421 66
2506 62
2592 57
2593 53
2594 49
2681 45
2770 41
10060 300.316
2563 297.127
2394 287.127
2306 283.127
2307 279.127
2220 275.127
2130 271.127
2038 267.127
10063 562.706
6712 560.924
6788 556.924
6861 551.924
6862 547.924
6934 543.924
7010 539.924
7081 534.924
7082 530.924
1887 108
1976 103
2067 99
2157 95
2243 91
10062 571.178
6475 565.924
6476 561.924
6557 557.924
6637 552.924
6715 548.924
6791 544.924
1886 112
1975 107
10049 144.97
1873 229.127
10048 321.714
10051 658.131
10050 143.144
2487 138
2573 133
2660 129
2749 125
2838 120
2839 116
2840 112
2841 108
10053 433.657
7354 430.968
10055 663.76
10054 15.292
1864 272.127
1948 267.127
1862 369
1915 52
1917 60
1911 44
1999 40
1896 72
1985 67
1898 64
1901 52
1888 104
1977 99
1891 92
1893 84
1892 88
1895 76
1984 71
1945 377
1946 373
1944 377.937
1947 369.723
1951 257.127
1952 253.127
1868 249.127
1950 261.127
1939 147
1928 103
1930 111
1921 75
1920 71
2008 67
1922 79
2010 75
2009 71
1925 91
1926 95
2014 91
2013 87
1968 135
2059 131
2060 127
1965 147
1966 143
1967 139
1998 40
2041 257.127
2040 261.127
2042 253.127
2033 381.937
2035 377
2034 381
2037 271.127
2036 373.723
2039 265.127
2024 131
2023 127
2022 123
2021 119
2020 115
2072 79
2075 67
2165 63
2251 59
2339 54
2340 50
2426 46
2511 42
2077 59
2076 63
2166 59
2167 55
2066 103
2069 91
2070 87
2160 83
2246 79
2334 74
2068 95
2158 91
2244 87
2071 83
2161 79
2162 75
2163 71
2057 139
2147 135
2148 131
2149 127
2235 123
2323 118
2324 114
2056 143
2062 119
2055 147
2109 107
2198 103
2283 99
2370 95
2369 91
2454 87
2538 83
2537 79
2110 111
2096 56
2099 67
2098 63
2100 71
2093 44
2092 40
2181 36
2094 48
2080 47
2086 36
2143 151
2144 147
2145 143
2146 139
2129 275.127
2128 377.723
2131 269.127
2132 265.127
2133 261.127
2134 257.127
2125 385.937
2127 381
2126 385
2113 123
2202 119
2287 115
2374 111
2373 107
2372 103
2371 99
2152 115
2159 87
2150 123
2201 115
2200 111
2285 107
2284 103
2192 79
2191 75
2197 99
2196 95
2199 107
2185 52
2187 59
2188 63
2176 32
2233 131
2321 126
2322 122
2408 118
2409 114
2494 110
2580 105
2667 101
2756 97
2232 135
2320 130
2234 127
2236 119
2238 111
2326 106
2225 256.127
2224 260.127
2229 147
2317 142
2231 139
2319 134
2405 130
2490 126
2576 121
2577 117
2230 143
2318 138
2404 134
2489 130
2575 125
2217 389
2218 385
2216 389.937
2219 279.127
2221 272.127
2222 268.127
2223 264.127
2269 44
2268 40
2270 48
2357 44
2442 40
2526 36
2611 32
2257 35
2345 30
2256 39
2249 67
2337 62
2423 58
2248 71
2336 66
2253 51
2341 46
2427 42
2512 38
2252 55
2255 43
2245 83
2333 78
2247 75
2335 70
2281 91
2368 87
2453 83
2280 87
2367 83
2366 79
2282 95
2286 111
2273 59
2272 55
2275 67
2362 63
2447 59
2277 75
2276 71
2363 67
2279 83
2315 150
2401 146
2486 142
2572 137
2305 389
2304 393
2309 272.127
2310 268.127
2308 276.127
2311 264.127
2364 71
2353 28
2438 24
2355 36
2440 32
2524 28
2609 24
2608 20
2354 32
2439 28
2356 40
2359 51
2444 47
2393 398.162
2479 391.162
2392 393
2395 283.127
2387 163
2386 159
2385 155
2384 151
2383 147
2382 143
2381 139
2380 135
2465 131
2549 127
2634 123
2633 119
2632 115
2631 111
2630 107
2629 103
2425 50
2510 46
2429 34
2428 38
2422 62
2507 58
2407 122
2406 126
2491 122
2457 99
2456 95
2540 91
2539 87
2459 107
2458 103
2449 67
2448 63
2451 75
2535 71
2452 79
2455 91
2441 36
2446 55
2493 114
2579 109
2666 105
2755 101
2492 118
2578 113
2495 106
2581 101
2480 291.127
2483 279.127
2485 275.127
2520 16
2605 12
2523 24
2525 32
2513 34
2515 26
2514 30
2516 22
2505 66
2591 61
2504 70
2590 65
2677 61
2766 57
2508 54
2498 94
2503 74
2589 69
2676 65
2765 61
2502 78
2588 73
2675 69
2764 65
2536 75
2541 95
2542 99
2528 43
2587 77
2674 73
2763 69
2569 279.127
2570 280.127
2564 295.127
2567 283.127
2566 287.127
2649 369.567
2650 365.567
2653 291.127
2654 287.127
2655 283.127
2680 49
2683 37
2772 33
2682 41
2771 37
2685 29
2774 25
2684 33
2773 29
2687 21
2776 17
2686 25
2775 21
2672 81
2679 53
2768 49
2678 57
2670 89
2657 283.127
2659 133
2713 111
2712 107
2711 103
2710 99
2709 95
2708 91
2707 87
2706 83
2705 79
2704 75
2703 71
2702 67
2701 63
2700 59
2699 55
2689 13
2688 17
2745 287.127
2747 133
2836 128
2837 124
2746 287.127
2748 129
2751 117
2750 121
2741 295.127
2740 299.127
2743 287.127
2742 291.127
2733 374.567
2777 13
2778 9
2782 12
2769 45
2761 77
2767 53
2793 91
2792 87
2795 99
2794 95
2797 107
2796 103
2799 115
2798 111
2785 59
2784 55
2787 67
2786 63
2789 75
2788 71
2791 83
2790 79
2835 132
2827 307.127
2829 299.127
2830 295.127
2831 291.127
2828 303.127
2822 358.567
2873 60
2872 59
2875 68
2874 64
2877 76
2876 72
2879 84
2878 80
2909 377.567
2910 373.567
2911 369.567
3014 362.567
3015 358.567
3016 354.567
3017 350.567
3018 346.567
3019 342.567
2888 120
2881 92
2880 88
2883 100
2882 96
2885 108
2884 104
2887 116
2886 112
2928 295.127
2930 295.127
2933 143
2834 136
2932 147
2935 136
2921 325.584
2922 321.584
2925 307.127
2926 303.127
2927 299.127
2924 311.127
2913 362.567
2914 358.567
2912 366.567
2915 354.567
2971 12
2970 8
2973 63
2972 62.999
10101 58.112
2975 68
2974 64
2960 36
2965 16
2964 20
2967 8
2966 12
2952 68
2955 56
2957 48
2956 52
2959 40
2958 44
2985 108
2984 104
2987 116
2986 112
2989 124
2988 120
2977 76
2976 72
2979 84
2978 80
2981 92
2980 88
2983 100
2982 96
3033 299.127
3035 151
3036 147
3034 155
2931 151
3039 136
3040 132
3041 128
2938 124
3027 311.127
3028 307.127
3029 303.127
3026 315.127
3013 380.567
3012 384.567
3065 12
3067 63
3066 59
3069 68
3068 67
3071 76
3070 72
3057 28
3056 32
3059 20
3058 24
3061 12
3060 16
3063 8
3049 60
3051 52
3050 56
3053 44
3052 48
3081 116
3080 112
3079 108
3083 124
3082 120
3084 128
3073 84
3072 80
3075 92
3074 88
3077 100
3076 96
3078 104
3121 307.127
3122 303.127
3030 299.127
3120 311.127
3127 148
3037 144
3038 140
3112 341.127
3119 315.127
3118 319.127
3109 353.127
3110 349.127
3111 345.127
3108 357.127
3161 64
3160 60
3163 72
3162 68
3165 80
3164 76
3167 88
3166 84
3152 16
3155 12
3154 12
3147 36
3148 32
3146 40
3149 28
3150 24
3151 20
3141 60
3142 56
3143 52
3140 64
3177 128
3176 124
3175 120
3174 116
3173 112
3178 132
3169 96
3168 92
3171 104
3170 100
3172 108
3231 64
3219 152
3218 155
3126 151
3220 148
3128 144
3209 333.127
3208 337.127
3211 325.127
3210 329.127
3213 319.127
3214 315.127
3215 311.127
3216 307.127
3212 323.127
3203 357.127
3204 353.127
3257 74
3256 70
3255 66
3254 62
3253 58
3252 54
3251 50
3250 46
3259 82
3258 78
3261 90
3260 86
3263 98
3262 94
3241 24
3240 28
3245 16
3244 16
3233 56
3232 60
3239 32
3238 36
3272 134
3271 130
3270 126
3269 122
3268 118
3267 114
3266 110
3265 106
3264 102
3275 146
3274 142
3273 138
3305 333.127
3304 337.127
3307 327.127
3308 323.127
3306 329.127
3309 319.127
3298 365.127
3303 341.127
3353 83
3352 79
3351 75
3350 71
3349 67
3348 63
3347 59
3346 55
3345 51
3344 47
3343 43
3342 39
3341 35
3355 91
3354 87
3357 99
3356 95
3359 107
3358 103
3337 20
3336 20
3338 20
3333 28
3334 24
3332 32
3361 115
3360 111
3363 123
3362 119
3365 131
3364 127
3417 28
3416 32
3419 24
3421 24
3420 24
3422 24
3408 140
3318 136
3415 36
3401 333.127
3402 331.127
3403 327.127
3405 319.127
3310 315.127
3311 311.127
3404 323.127
3399 341.127
3400 337.127
3481 360.004
3563 356.004
3564 352.004
3649 348.004
3732 343.004
3820 339.004
3907 335.004
3996 331.004
4086 326.004
3485 345.127
3486 341.127
3487 332.004
3568 328.004
3569 324.004
3570 320.004
3656 316.004
3739 311.004
3740 307.004
3827 303.004
3916 299.004
4005 295.004
3477 375.126
3513 45
3512 41
3515 53
3514 49
3517 61
3516 57
3519 69
3518 65
3505 28
3504 28
3507 28
3506 28
3510 33
3501 36
3502 32
3492 319.004
3573 315.004
3658 311.004
3529 109
3528 105
3531 117
3530 113
3533 125
3532 121
3535 133
3534 129
3521 77
3520 73
3523 85
3522 81
3525 93
3524 89
3527 101
3579 282.029
3581 282.029
3609 89
3608 85
3607 81
3606 77
3611 97
3610 93
3601 57
3600 53
3603 65
3602 61
3605 73
3604 69
3593 32
3592 32
3597 41
3596 37
3599 49
3598 45
3586 40
3589 32
3591 32
3590 32
3624 149
3538 145
3617 121
3616 117
3619 129
3618 125
3620 133
3673 36
3672 36
3675 36
3674 36
3677 36
3676 36
3651 347.004
3733 343.004
3705 141
3704 137
3707 149
3706 145
3697 109
3696 105
3698 113
3689 77
3688 73
3687 69
3686 65
3685 61
3691 85
3690 81
3693 93
3692 89
3695 101
3694 97
3681 45
3680 41
3683 53
3682 49
3684 57
3741 307.004
3742 307.135
3730 351.004
3731 347.004
3734 347.004
3769 50
3768 46
3771 58
3770 54
3773 66
3772 62
3775 74
3774 70
3761 40
3760 40
3763 40
3762 40
3764 40
3766 41
3753 152
3667 148
3583 144
3499 140
3411 136
3321 132
3226 128
3134 124
3044 120
3752 152
3666 148
3498 140
3410 136
3759 40
3746 274.004
3748 270.004
3751 152
3793 146
3792 142
3795 154
3796 158
3708 153
3785 114
3784 110
3787 122
3786 118
3789 130
3788 126
3790 134
3777 82
3776 78
3779 90
3778 86
3781 98
3780 94
3783 106
3782 102
3833 308.004
3832 304.004
3920 300.004
4008 296.004
4096 290.004
3835 266.004
3925 262.004
3834 312.004
3922 308.004
3921 304.004
4009 300.004
3837 266.004
3838 158
3825 311.004
3914 307.004
4003 303.004
4093 298.004
4183 294.004
4276 290.004
3826 307.004
3828 306.324
3819 347.004
3821 327.004
3910 323.004
3911 319.004
4000 315.004
4090 310.004
4091 306.004
4092 302.004
3865 86
3864 82
3867 94
3866 90
3869 102
3868 98
3871 110
3870 106
3857 54
3856 50
3859 62
3858 58
3861 70
3860 66
3863 78
3862 74
3849 44
3848 44
3851 44
3850 44
3852 44
3854 45
3841 156
3840 156
3846 44
3889 182
3888 178
3800 174
3712 169
3711 165
3710 161
3626 157
3540 153
3881 150
3880 146
3883 158
3882 154
3885 166
3884 162
3887 174
3799 170
3886 170
3798 166
3873 118
3872 114
3875 126
3874 122
3877 134
3876 130
3878 138
3929 160
3930 160
3932 51.387
3923 312.004
3924 263.004
4013 259.004
3915 303.004
3904 347.004
3993 343.004
4083 338.004
4084 334.004
3909 327.004
3998 323.004
4088 318.004
4089 314.004
4179 310.004
4272 306.004
3961 118
3960 114
3959 110
3958 106
3957 102
3956 98
3955 94
3963 126
3962 122
3965 134
3964 130
3967 142
3966 138
3953 86
3952 82
3954 90
3945 54
3947 62
3946 58
3949 70
3948 66
3951 78
3950 74
3943 49
3992 347.004
4082 342.004
3977 182
3976 178
3979 190
3978 186
3969 150
3971 158
3970 154
3973 166
3972 162
3975 174
3974 170
4024 52
3935 48
4031 52
4017 164
4019 164
3931 160
3842 156
4018 164
4023 52
3933 48
4011 308.004
4010 304.004
4001 311.004
4004 299.004
4094 294.004
4057 146
4056 142
4055 138
4054 134
4061 162
4060 158
4063 170
4062 166
4049 114
4048 110
4051 122
4050 118
4053 130
4052 126
4041 82
4040 78
4043 90
4042 86
4045 98
4044 94
4047 106
4046 102
4033 53
4037 66
4039 74
4038 70
4065 178
4064 174
4067 186
4066 182
4069 194
4068 190
4071 202
4070 198
3980 194
4123 58
4122 57
4112 56
4106 168
4108 168
4111 56
4022 52
4097 278.004
4188 274.004
4189 270.004
4190 266.004
4283 262.004
4101 258.004
4153 175
4152 171
4155 183
4154 179
4157 191
4156 187
4159 199
4158 195
4145 143
4144 139
4148 155
4151 167
4150 163
4137 111
4136 107
4139 119
4138 115
4141 127
4140 123
4143 135
4142 131
4131 87
4130 83
4133 95
4132 91
4135 103
4134 99
4184 290.004
4277 286.004
4187 278.004
4280 274.004
4186 282.004
4279 278.004
4177 318.004
4270 314.004
4180 306.004
4273 302.004
4161 207
4160 203
4162 211
4072 206
3982 202
3893 198
3892 194
3804 190
3716 185
3632 181
3546 177
4216 62
4215 61
4203 60
4195 174
4198 172
4107 168
4249 191
4248 187
4247 183
4246 179
4245 175
4244 171
4251 199
4250 195
4253 207
4252 203
4255 215
4254 211
4241 159
4240 155
4239 151
4238 147
4233 127
4232 123
4231 119
4230 115
4235 135
4234 131
4237 143
4236 139
4224 91
4223 87
4222 83
4129 79
4227 103
4226 99
4229 111
4228 107
4281 270.004
4282 266.004
4275 294.004
4274 298.004
4265 342.004
4266 338.004
4264 346.004
4256 219
4163 215
4073 210
4263 350.004
4262 243
4169 239
4079 234
4078 230
4077 226
4076 222
3986 218
3897 214
3809 210
3721 205
3720 201
3636 197
3550 193
4317 99
4316 95
4315 91
4314 87
4319 107
4318 103
4305 64
4290 176
4295 64
4204 60
4294 64
4345 211
4344 207
4343 203
4342 199
4347 219
4346 215
4348 223
4337 179
4336 175
4339 187
4338 183
4341 195
4340 191
4329 147
4328 143
4327 139
4333 163
4332 159
4334 167
4320 111
4323 123
4325 131
4324 127
4326 135
4355 348.004
4354 352.004
4357 325.004
4409 104
4408 100
4411 112
4410 108
4413 120
4321 115
4412 116
4415 128
4414 124
4322 119
4395 68
4304 64
4212 60
4119 56
4030 52
3940 48
4394 68
4303 64
4211 60
4118 56
4029 52
3939 48
4387 68
4296 64
4388 68
4297 64
4205 60
4113 56
4441 232
4349 227
4440 228
4442 236
4350 231
4445 352.004
4444 244
4352 239
4260 235
4259 231
4166 227
4447 325.004
4433 200
4432 196
4435 208
4434 204
4437 216
4436 212
4438 220
4429 184
4431 192
4430 188
4417 136
4416 132
4419 144
4418 140
4421 152
4420 148
4465 246.004
4553 242.004
4639 238.004
4640 234.004
4641 230.004
4642 226.004
4464 250.004
4459 270.004
4547 266.004
4548 262.004
4549 258.004
4635 254.004
4636 250.004
4637 246.004
4638 242.004
4461 262.004
4463 254.004
4551 250.004
4462 258.004
4449 310.004
4450 306.004
4451 302.004
4539 298.004
4625 294.004
4626 290.004
4627 286.004
4628 282.004
4629 278.004
4630 274.004
4631 270.004
4632 266.004
4633 262.004
4634 258.004
4448 314.004
4453 294.004
4541 290.004
4452 298.004
4540 294.004
4455 286.004
4456 282.004
4457 278.004
4458 274.004
4546 270.004
4505 136
4504 132
4507 144
4506 140
4508 148
4497 104
4496 100
4407 96
4499 112
4498 108
4501 120
4500 116
4503 128
4502 124
4488 74
4399 70
4307 65
4485 72
4396 68
4484 72
4487 73
4398 69
4537 306.004
4538 302.004
4536 310.004
4622 306.004
4623 302.004
4624 298.004
4529 232
4528 228
4527 224
4531 240
4530 236
4533 356.004
4532 244
4534 360.004
4521 200
4523 208
4522 204
4525 216
4524 212
4526 220
4571 76
4570 76
4572 76
4575 78
4552 246.004
4554 238.004
4550 254.004
4593 144
4592 140
4595 152
4594 148
4596 156
4509 152
4587 120
4586 116
4585 112
4589 128
4591 136
4590 132
4576 79
4489 75
4400 71
4308 66
4617 240
4619 360.004
4618 244
4621 310.004
4609 208
4611 216
4610 212
4613 224
4612 220
4615 232
4614 228
4657 80
4658 80
4660 81
4574 77
4697 220
4699 228
4698 224
4701 236
4700 232
4702 240
4616 236
4681 156
4680 152
4679 148
4678 144
4683 164
4597 160
4510 156
4682 160
4684 168
4674 128
4588 124
4677 140
4676 136
4721 238.004
4722 234.004
4723 230.004
4724 226.004
4725 222.004
4720 242.004
4713 270.004
4714 266.004
4715 262.004
4716 258.004
4717 254.004
4718 250.004
4719 246.004
4705 302.004
4706 298.004
4707 294.004
4708 290.004
4709 286.004
4710 282.004
4711 278.004
4712 274.004
4704 306.004
4763 133
4765 141
4767 149
4766 145
4746 84
4749 86
4748 85
4750 87
4661 82
4793 300.968
4794 296.968
4795 292.968
4796 288.968
4792 304.968
4785 221
4696 216
4787 229
4786 225
4789 237
4788 233
4791 245
4790 241
4769 157
4768 153
4771 165
4772 169
4816 209.968
4815 213.968
4860 177
4773 173
4863 189
4776 185
4687 180
4601 176
4514 172
4425 168
4853 149
4852 145
4855 157
4854 153
4843 109
4756 105
4667 100
4581 96
4494 92
4405 88
4313 83
4221 79
4128 75
4835 89
4889 260.968
4888 264.968
4891 252.968
4893 244.968
4894 240.968
4892 248.968
4895 236.968
4883 284.968
4887 268.968
4873 229
4872 225
4871 221
4870 217
4869 213
4782 209
4693 204
4692 200
4691 196
4690 192
4875 237
4874 233
4877 245
4876 241
4878 304.968
4864 193
4918 92
4833 88
4897 228.968
4896 232.968
4898 224.968
4901 213.968
4900 217.968
4957 229
4956 225
4955 221
4959 237
4958 233
4945 181
4944 177
4943 173
4858 169
4947 189
4946 185
4949 197
4948 193
4937 149
4936 145
4935 141
4934 137
4849 133
4762 129
4673 124
4672 120
4671 116
4939 157
4938 153
4940 161
4942 169
4941 165
4985 217.968
4984 221.968
4977 248.968
4979 240.968
4980 236.968
4981 232.968
4978 244.968
4982 228.968
4968 284.968
4884 280.968
4973 264.968
4972 268.968
4974 260.968
4890 256.968
4961 245
4960 241
4962 308.968
4965 296.968
4964 300.968
4967 288.968
4966 292.968
5020 150
5022 158
5011 114
4927 109
4842 105
4755 101
4666 96
4580 92
4493 88
4404 84
4312 79
4311 75
4219 71
4126 67
4036 62
4035 58
5015 130
4931 125
4846 121
4759 117
4670 112
4669 108
4668 104
5050 292.968
5053 280.968
5054 276.968
5055 272.968
5041 234
5040 230
5043 242
5042 238
5045 312.968
5044 246
5047 304.968
5033 202
5032 198
5027 178
5026 174
5031 194
5030 190
5065 232.968
5064 236.968
5057 264.968
5056 268.968
5059 256.968
5060 252.968
5061 248.968
5062 244.968
5063 240.968
5113 198
5112 194
5111 190
5029 186
5101 150
5100 146
5018 142
5102 154
5093 118
5092 114
5010 110
4926 105
4841 101
4754 97
4665 92
4579 88
4492 84
4491 80
5094 122
5145 240.968
5146 236.968
5144 244.968
5137 272.968
5138 268.968
5136 276.968
5139 264.968
5140 260.968
5141 256.968
5143 248.968
5142 252.968
5133 288.968
5123 238
5125 246
5124 242
5127 312.968
5126 250
5176 134
5175 130
5174 126
5173 122
5209 304.968
5208 308.968
5211 296.968
5213 288.968
5134 284.968
5135 280.968
5212 292.968
5214 284.968
5203 242
5205 250
5204 246
5193 202
5192 198
5194 206
5224 244.968
5225 240.968
5217 272.968
5216 276.968
5219 264.968
5218 268.968
5221 256.968
5220 260.968
5223 248.968
5222 252.968
5275 203
5274 199
5191 194
5276 207
5305 272.968
5306 268.968
5304 276.968
5307 264.968
5309 256.968
5310 252.968
5311 248.968
5308 260.968
5296 308.968
5297 304.968
5298 300.968
5299 296.968
5300 292.968
5301 288.968
5303 280.968
5302 284.968
5215 280.968
5295 312.968
5294 316.968
5287 251
5361 199
5360 195
5272 191
5189 186
5188 182
5187 178
5186 174
5106 170
5105 166
5023 162
5401 256.968
5400 260.968
5393 288.968
5394 284.968
5395 280.968
5396 276.968
5397 272.968
5392 292.968
5399 264.968
5398 268.968
5386 316.968
5387 312.968
5388 308.968
5465 251
5489 268.968
5488 272.968
5493 252.968
5483 292.968
5484 288.968
5485 284.968
5487 276.968
5486 280.968
5472 335.968
5567 300.968
5568 296.968
5569 292.968
5570 288.968
5571 284.968
5572 280.968
5566 304.968
5481 300.968
5391 296.968
5554 351.968
5469 347.968
5470 343.968
5471 339.968
5585 249.968
5662 245.968
5500 237.968
5409 233.968
5317 229.968
5577 260.968
5578 256.968
5576 264.968
5580 249.968
5495 245.968
5496 241.968
5406 237.968
5626 252
5549 247
5463 243
5371 239
5283 235
5657 249.968
5656 253.968
5659 245.968
5660 245.968
5584 241.968
5499 237.968
5408 233.968
5651 272.968
5650 276.968
5652 268.968
5653 264.968
5654 260.968
5643 304.968
5644 300.968
5645 296.968
5646 292.968
5695 212
5615 208
5538 203
5452 199
5727 288.968
5736 253.968
5739 249.968
5738 249.968
5740 249.968
5661 245.968
5729 280.968
5730 276.968
5728 284.968
5733 264.968
5735 257.968
5789 344.968
5714 340.968
5715 336.968
5636 332.968
5637 328.968
5561 324.968
5562 320.968
5477 316.968
5478 312.968
5479 308.968
5480 304.968
5390 300.968
5808 268.968
5811 257.968
5810 261.968
5813 253.968
5815 253.968
5814 253.968
5801 296.968
5802 292.968
5800 300.968
5803 288.968
5805 280.968
5804 284.968
5806 276.968
5807 272.968
5881 276.968
5880 280.968
5882 272.968
5885 261.968
5884 265.968
5872 312.968
5875 300.968
5876 296.968
5874 304.968
5877 292.968
5879 284.968
5878 288.968
5864 344.968
5790 340.968
5863 348.968
5889 257.968
5888 257.968
5947 312.968
5949 300.968
5951 292.968
5950 296.968
5939 344.968
5940 340.968
5941 336.968
5942 332.968
5943 328.968
5869 324.968
5795 320.968
5720 316.968
5641 312.968
5565 308.968
5960 261.968
5962 261.968
5953 284.968
5954 280.968
5952 288.968
5955 276.968
5957 269.968
5958 265.968
6001 637.924
6082 632.924
6083 628.924
6159 624.924
6160 620.924
6235 616.924
6310 611.924
6311 607.924
6312 603.924
6000 257
5927 253
5926 249
5852 245
5777 240
5701 236
5700 232
5699 228
5698 224
5697 220
5696 216
5616 212
5539 207
6003 629.924
6084 624.924
6002 633.924
6004 625.924
6085 620.924
6161 616.924
6236 612.924
6040 265.968
6033 288.968
6034 284.968
6035 280.968
6032 292.968
6037 273.968
6038 269.968
6027 312.968
6028 308.968
6029 304.968
6031 296.968
6030 300.968
6016 356.968
5937 352.968
6109 308.968
6110 304.968
6111 300.968
6112 296.968
6113 292.968
6081 636.924
6120 269.968
6122 269.968
6042 265.968
6115 284.968
6114 288.968
6117 277.968
6118 273.968
6155 258
6079 253
6078 249
6077 245
5996 241
5995 237
5994 233
5993 229
5920 225
5919 221
5845 217
5770 212
5769 208
5768 204
5692 200
5691 196
5611 192
5534 187
5533 183
5447 179
5446 175
5445 171
5353 167
5265 163
5182 158
6157 632.924
6158 628.924
6156 636.924
6192 288.968
6195 277.968
6194 281.968
6197 273.968
6198 273.968
6187 308.968
6188 304.968
6186 312.968
6189 300.968
6190 296.968
6191 292.968
6233 624.924
6308 619.924
6309 615.924
6232 628.924
6307 623.924
6234 620.924
6237 608.924
6231 632.924
6306 627.924
6230 258
6154 254
6265 296.968
6266 292.968
6264 300.968
6269 281.968
6268 285.968
6271 277.968
6261 312.968
6262 308.968
6263 304.968
6241 391.968
6247 368.968
6248 364.968
6174 360.968
6175 356.968
6098 352.968
6099 348.968
6019 344.968
6020 340.968
6318 395.968
6319 391.968
6320 387.968
6321 383.968
6244 379.968
6305 631.924
6345 289.968
6346 285.968
6348 281.968
6351 281.968
6274 277.968
6200 273.968
6123 269.968
6043 265.968
6339 312.968
6338 316.968
6341 304.968
6340 308.968
6343 296.968
6342 300.968
6393 584.924
6394 580.924
6392 588.924
6385 616.924
6386 612.924
6387 608.924
6388 604.924
6389 600.924
6390 596.924
6391 592.924
6384 620.924
6381 632.924
6382 628.924
6383 624.924
6380 259
6303 254
6302 250
6301 246
6226 242
6150 238
6074 233
6424 289.968
6426 285.968
6417 316.968
6418 312.968
6416 320.968
6421 300.968
6420 304.968
6423 293.968
6411 340.968
6333 336.968
6334 332.968
6257 328.968
6183 324.968
6106 320.968
6107 316.968
6108 312.968
6412 336.968
6415 324.968
6337 320.968
6260 316.968
6401 379.968
6323 375.968
6246 371.968
6172 367.968
6095 363.968
6459 629.924
6460 625.924
6461 621.924
6542 617.924
6622 612.924
6623 608.924
6624 604.924
6625 600.924
6626 596.924
6704 592.924
6780 588.924
6853 583.924
6925 579.924
6926 575.924
7002 571.924
7073 566.924
7142 562.924
7143 558.924
7144 554.924
7145 550.924
7210 546.924
7277 542.924
7345 537.924
7346 533.924
7415 529.924
7416 525.924
6458 633.924
6539 629.924
6619 624.924
6697 620.924
6698 616.924
6699 612.924
6775 608.924
6848 603.924
6920 599.924
6996 595.924
7067 590.924
7136 586.924
7137 582.924
7138 578.924
7203 574.924
7270 570.924
7338 565.924
7339 561.924
7340 557.924
7341 553.924
7410 549.924
7411 545.924
7412 541.924
7413 537.924
6463 613.924
6464 609.924
6545 605.924
6462 617.924
6543 613.924
6483 383.968
6484 380.968
6402 376.968
6324 372.968
6325 368.968
6473 573.924
6554 569.924
6634 564.924
6472 577.924
6477 560.924
6558 556.924
6638 551.924
6716 547.924
6792 543.924
6865 538.924
6937 534.924
7013 530.924
6478 559.924
6559 555.924
6639 550.924
6717 546.924
6793 542.924
6866 537.924
6938 533.924
6465 605.924
6546 601.924
6467 597.924
6468 593.924
6469 589.924
6550 585.924
6630 580.924
6631 576.924
6709 572.924
6710 568.924
6711 564.924
6787 560.924
6860 555.924
6932 551.924
6933 547.924
6466 601.924
6471 581.924
6552 577.924
6632 572.924
6470 585.924
6505 297.968
6506 293.968
6508 289.968
6497 328.968
6499 320.968
6500 316.968
6501 312.968
6419 308.968
6498 324.968
6502 308.968
6553 573.924
6633 568.924
6556 561.924
6636 556.924
6544 609.924
6547 597.924
6627 592.924
6628 588.924
6629 584.924
6707 580.924
6783 576.924
6856 571.924
6928 567.924
6929 563.924
6930 559.924
6931 555.924
6549 589.924
6548 593.924
6551 581.924
6541 621.924
6621 616.924
6540 625.924
6620 620.924
6585 308.968
6584 312.968
6587 301.968
6588 297.968
6589 293.968
6591 293.968
6579 332.968
6581 324.968
6580 328.968
6583 316.968
6582 320.968
6575 348.968
6576 344.968
6577 340.968
6578 336.968
6496 332.968
6560 554.924
6640 549.924
6718 545.924
6565 387.968
6566 384.968
6618 628.924
6651 364.968
6572 360.968
6573 356.968
6574 352.968
6644 391.968
6664 312.968
6667 301.968
6668 297.968
6666 305.968
6659 332.968
6658 336.968
6661 324.968
6660 328.968
6663 316.968
6662 320.968
6705 588.924
6781 584.924
6854 579.924
6706 584.924
6782 580.924
6855 575.924
6708 576.924
6784 572.924
6857 567.924
6858 563.924
6859 559.924
6696 624.924
6701 604.924
6777 600.924
6850 595.924
6922 591.924
6998 587.924
7069 582.924
6700 608.924
6776 604.924
6849 599.924
6921 595.924
6703 596.924
6702 600.924
6778 596.924
6851 591.924
6923 587.924
6999 583.924
7070 578.924
7071 574.924
7072 570.924
7141 566.924
6695 628.924
6771 624.924
6844 619.924
6916 615.924
6917 611.924
6993 607.924
7064 602.924
7133 598.924
7134 594.924
7135 590.924
6745 305.968
6746 301.968
6744 309.968
6737 336.968
6738 332.968
6736 340.968
6739 328.968
6741 320.968
6740 324.968
6742 316.968
6733 352.968
6734 348.968
6735 344.968
6723 392.968
6645 388.968
6646 384.968
6647 380.968
6648 376.968
6569 372.968
6487 368.968
6405 364.968
6327 360.968
6250 356.968
6251 352.968
6177 348.968
6178 344.968
6179 340.968
6779 592.924
6852 587.924
6770 264
6769 260
6768 256
6767 252
6766 248
6765 244
6689 240
6611 235
6531 231
6449 227
6371 223
6294 218
6219 214
6143 210
6067 205
6066 201
6065 197
6064 193
6063 189
6062 185
5981 181
5908 177
5834 173
5759 168
5683 164
5603 160
5526 155
5525 151
5524 147
5438 143
5346 139
5258 135
6773 616.924
6846 611.924
6847 607.924
6772 620.924
6845 615.924
6774 612.924
6809 352.968
6810 348.968
6811 344.968
6812 340.968
6813 336.968
6814 332.968
6815 328.968
6816 324.968
6817 320.968
6798 396.968
6785 568.924
6786 564.924
6789 552.924
6843 623.924
6819 313.968
6820 309.968
6821 305.968
6822 305.968
6879 360.968
6880 356.968
6881 352.968
6882 348.968
6883 344.968
6869 400.968
6870 396.968
6799 392.968
6724 388.968
6910 682.924
6888 324.968
6890 317.968
6891 313.968
6892 309.968
6885 336.968
6884 340.968
6887 328.968
6886 332.968
6941 400.968
6940 404.968
6935 539.924
6924 583.924
7000 579.924
6927 571.924
6915 619.924
6914 623.924
6990 619.924
7061 614.924
7062 610.924
7063 606.924
6919 603.924
6995 599.924
7066 594.924
6918 607.924
6994 603.924
7065 598.924
6953 348.968
6952 352.968
6954 344.968
6955 340.968
6956 336.968
6957 332.968
6958 328.968
6949 364.968
6950 360.968
6951 356.968
7001 575.924
7005 559.924
7076 554.924
7004 563.924
7075 558.924
7007 551.924
7078 546.924
7079 542.924
7080 538.924
7149 534.924
7214 530.924
7215 526.924
7216 522.924
7283 518.924
7351 513.924
7420 509.924
7006 555.924
7077 550.924
6992 611.924
6997 591.924
7068 586.924
6985 647.924
7054 642.924
6984 651.924
7053 646.924
6987 639.924
7056 634.924
6986 643.924
7055 638.924
6989 623.924
7060 618.924
6988 635.924
7057 630.924
6991 615.924
6977 679.924
7046 674.924
7115 670.924
7116 666.924
7117 662.924
7118 658.924
7119 654.924
6976 683.924
7045 678.924
7114 674.924
6979 671.924
7048 666.924
6978 675.924
7047 670.924
6981 663.924
7050 658.924
6980 667.924
7049 662.924
6983 655.924
7052 650.924
7034 325.968
6960 321.968
6961 317.968
7025 360.968
7024 364.968
7017 404.968
7016 408.968
7018 400.968
7023 368.968
7009 543.924
7008 547.924
7011 535.924
7059 622.924
7058 626.924
7044 682.924
7096 364.968
7099 352.968
7098 356.968
7101 344.968
7102 340.968
7103 336.968
7089 400.968
7088 404.968
7095 368.968
7094 372.968
7085 415.968
7015 411.968
6939 407.968
6868 403.968
6797 399.968
6722 395.968
7087 408.968
7086 412.968
7074 562.924
7129 614.924
7194 610.924
7195 606.924
7262 602.924
7128 618.924
7193 614.924
7131 606.924
7196 602.924
7263 598.924
7331 593.924
7400 589.924
7130 610.924
7132 602.924
7127 622.924
7113 678.924
7112 682.924
7105 329.968
7106 325.968
7035 321.968
7163 380.968
7164 376.968
7162 392.968
7165 372.968
7166 368.968
7155 416.968
7156 412.968
7157 408.968
7158 404.968
7159 404.968
7147 542.924
7212 538.924
7279 534.924
7347 529.924
7348 525.924
7349 521.924
7418 517.924
7419 513.924
7146 546.924
7211 542.924
7148 538.924
7213 534.924
7151 526.924
7150 530.924
7139 574.924
7140 570.924
7192 618.924
7197 598.924
7264 594.924
7332 589.924
7401 585.924
7402 581.924
7403 577.924
7199 590.924
7266 586.924
7334 581.924
7198 594.924
7265 590.924
7333 585.924
7185 646.924
7252 642.924
7320 637.924
7389 633.924
7390 629.924
7391 625.924
7457 621.924
7458 617.924
7459 613.924
7460 609.924
7461 605.924
7462 601.924
7463 597.924
7464 593.924
7184 650.924
7251 646.924
7319 641.924
7388 637.924
7454 633.924
7455 629.924
7456 625.924
7187 638.924
7254 634.924
7322 629.924
7323 625.924
7324 621.924
7393 617.924
7186 642.924
7253 638.924
7321 633.924
7189 630.924
7190 626.924
7257 622.924
7325 617.924
7188 634.924
7255 630.924
7177 678.924
7244 674.924
7312 669.924
7381 665.924
7382 661.924
7383 657.924
7449 653.924
7450 649.924
7451 645.924
7452 641.924
7453 637.924
7176 329.968
7179 670.924
7246 666.924
7314 661.924
7178 674.924
7245 670.924
7313 665.924
7181 662.924
7248 658.924
7316 653.924
7317 649.924
7318 645.924
7387 641.924
7180 666.924
7247 662.924
7315 657.924
7183 654.924
7250 650.924
7182 658.924
7249 654.924
7169 356.968
7168 360.968
7171 348.968
7172 344.968
7173 340.968
7175 333.968
7219 423.968
7154 419.968
7220 420.968
7209 550.924
7276 546.924
7344 541.924
7208 554.924
7275 550.924
7343 545.924
7201 582.924
7202 578.924
7200 586.924
7267 582.924
7335 577.924
7336 573.924
7405 569.924
7205 566.924
7272 562.924
7204 570.924
7207 558.924
7274 554.924
7342 549.924
7206 562.924
7273 558.924
7256 626.924
7259 614.924
7261 606.924
7260 610.924
7241 337.968
7243 678.924
7311 673.924
7380 669.924
7242 333.968
7235 360.968
7234 364.968
7237 352.968
7238 348.968
7289 412.968
7290 408.968
7288 416.968
7293 396.968
7294 392.968
7295 388.968
7292 400.968
7281 526.924
7280 530.924
7282 522.924
7350 517.924
7278 538.924
7269 574.924
7337 569.924
7406 565.924
7268 578.924
7271 566.924
7305 348.968
7304 352.968
7307 341.968
7310 677.924
7379 673.924
7297 380.968
7298 376.968
7296 384.968
7299 372.968
7300 368.968
7301 364.968
7303 356.968
7353 508.968
7555 496.968
7355 428.968
7357 420.968
7358 416.968
7356 424.968
7359 412.968
7376 345.968
7369 372.968
7368 376.968
7373 356.968
7372 360.968
7361 404.968
7362 400.968
7363 396.968
7365 388.968
7366 384.968
7367 380.968
7417 521.924
7423 432.968
7424 428.968
7425 424.968
7426 420.968
7422 434.968
7409 553.924
7408 557.924
7414 533.924
7404 573.924
7407 561.924
7395 609.924
7394 613.924
7397 601.924
7396 605.924
7398 597.924
7441 360.968
7440 364.968
7442 356.968
7433 392.968
7432 396.968
7364 392.968
7435 384.968
7436 380.968
7434 388.968
7439 368.968
7427 416.968
7429 408.968
7430 404.968
7431 400.968
7513 664.968
7514 660.968
7515 656.968
7516 652.968
7517 648.968
7518 644.968
7519 640.968
7520 636.968
7521 632.968
7522 628.968
7523 624.968
7524 620.968
7525 616.968
7526 612.968
7527 608.968
7528 604.968
7529 600.968
7530 596.968
7531 592.968
7532 588.968
7533 584.968
7534 580.968
7535 576.968
7536 572.968
7537 568.968
7538 564.968
7539 560.968
7540 556.968
7541 552.968
7542 548.968
7543 544.968
7544 540.968
7545 536.968
7546 532.968
7547 528.968
7548 524.968
7549 520.968
7550 516.968
7551 512.968
7552 508.968
7553 504.968
7554 500.968
7505 372.968
7504 376.968
7507 364.968
7506 368.968
7497 404.968
7496 408.968
7499 396.968
7498 400.968
7501 388.968
7489 436.968
7490 432.968
7491 428.968
7493 420.968
7492 424.968
7495 412.968
7579 364.968
7508 360.968
7582 673.968
7655 669.968
7656 665.968
7729 661.968
7803 656.968
7804 652.968
7805 648.968
7569 404.968
7568 408.968
7570 400.968
7571 396.968
7572 392.968
7575 380.968
7574 384.968
7561 436.968
7560 440.968
7563 428.968
7562 432.968
7564 424.968
7567 412.968
7566 416.968
7559 442.968
7488 438.968
7609 565.968
7610 561.968
7611 557.968
7684 553.968
7757 549.968
7831 544.968
7608 569.968
7681 565.968
7754 561.968
7828 556.968
7613 549.968
7686 545.968
7687 541.968
7688 537.968
7761 533.968
7835 528.968
7612 553.968
7615 541.968
7614 545.968
7603 589.968
7604 585.968
7605 581.968
7678 577.968
7679 573.968
7752 569.968
7826 564.968
7827 560.968
7607 573.968
7606 577.968
7592 633.968
7593 629.968
7666 625.968
7739 621.968
7813 616.968
7641 412.968
7640 416.968
7643 404.968
7644 400.968
7642 408.968
7645 396.968
7647 388.968
7648 384.968
7633 444.968
7634 440.968
7639 420.968
7625 501.968
7698 497.968
7771 493.968
7845 488.968
7624 505.968
7697 501.968
7770 497.968
7844 492.968
7627 493.968
7628 489.968
7629 485.968
7702 481.968
7703 477.968
7626 497.968
7630 481.968
7617 533.968
7690 529.968
7691 525.968
7764 521.968
7838 516.968
7616 537.968
7619 525.968
7620 521.968
7693 517.968
7694 513.968
7695 509.968
7768 505.968
7842 500.968
7618 529.968
7621 517.968
7623 509.968
7622 513.968
7677 581.968
7750 577.968
7824 572.968
7654 365.091
10081 361.055
7706 444.968
7709 432.968
7708 436.968
7711 424.968
7712 420.968
7710 428.968
7696 505.968
7769 501.968
7843 496.968
7699 493.968
7772 489.968
7846 484.968
7847 480.968
7701 485.968
7700 489.968
7773 485.968
7689 533.968
7762 529.968
7836 524.968
7692 521.968
7765 517.968
7839 512.968
7840 508.968
7680 569.968
7753 565.968
7683 557.968
7756 553.968
7830 548.968
7682 561.968
7755 557.968
7829 552.968
7685 549.968
7758 545.968
7832 540.968
7720 388.968
7721 384.968
7722 380.968
7713 416.968
7719 392.968
7775 477.968
7849 472.968
7774 481.968
7848 476.968
7760 537.968
7834 532.968
7763 525.968
7837 520.968
7767 509.968
7841 504.968
7766 513.968
7759 541.968
7833 536.968
7751 573.968
7825 568.968
7793 392.968
7794 388.968
7792 396.968
7784 428.968
7789 408.968
7788 412.968
7791 400.968
7790 404.968
7776 473.968
7850 468.968
7779 448.968
7778 465.968
7781 440.968
7783 432.968
7782 436.968
7865 400.968
7866 396.968
7867 392.968
7868 388.968
7864 404.968
7859 424.968
7860 420.968
7861 416.968
7863 408.968
7862 412.968
7854 444.968
7929 440.968
7930 436.968
7931 432.968
7933 424.968
7932 428.968
7935 416.968
7936 412.968
7934 420.968
7937 408.968
7938 404.968
7941 392.968
8013 387.968
7944 380.968
8062 443.968
8035 551.968
8036 547.968
8037 543.968
8038 539.968
8039 535.968
8074 396.968
8067 423.968
8066 427.968
8120 451.968
8123 439.968
