 key  value
8122 486.968
8063 482.968
8064 478.968
8065 474.968
8066 470.968
8004 466.968
8005 462.968
8006 458.968
8007 454.968
8008 450.968
8009 446.968
8010 442.968
8011 438.968
7942 431.968
7869 427.968
7796 423.968
7723 419.968
7651 415.968
7652 411.968
7579 407.968
7508 403.968
7509 399.968
7443 395.968
7375 391.968
7306 387.968
7240 383.968
7174 379.968
7104 375.968
7033 371.968
6959 367.968
6889 363.968
6818 359.968
6743 355.968
6665 351.968
6586 347.968
6504 343.968
6422 339.968
6344 335.968
6267 331.968
6193 327.968
6116 323.968
6036 319.968
5956 315.968
5883 311.968
5809 307.968
5734 303.968
5655 299.968
5579 295.968
5494 291.968
5404 287.968
5313 283.968
5226 279.968
5147 275.968
5066 271.968
4983 267.968
4899 263.968
4814 259.968
4727 252.968
4728 248.968
4729 244.968
9898 240.451
4643 235
4557 231
4470 227
4381 223
4196 215
4105 211
4016 207
3928 203
3839 199
3750 195
3665 191
3582 187
3497 183
3409 179
3319 175
3225 171
3133 167
3043 163
2940 159
2941 155
2942 151
2842 147
2754 143
2755 139
2756 135
2757 131
2758 127
2670 123
2671 119
2672 115
2673 111
2674 107
2675 103
2676 99
2677 95
2678 91
2679 87
2680 83
2681 79
2682 75
2683 71
2684 67
2685 63
2686 59
2687 55
2688 51
2689 47
2690 43
2691 39
2692 35
2693 31
2694 27
2695 23
2696 19
2697 15
2612 8
2527 4
8125 474.968
8124 478.968
8127 466.968
8068 462.968
8069 458.968
8126 470.968
8113 522.968
8114 518.968
8055 514.968
8056 510.968
7994 506.968
7995 502.968
7996 498.968
7997 494.968
7998 490.968
7999 486.968
8000 482.968
8001 478.968
8002 474.968
8003 470.968
8112 526.968
8053 522.968
8054 518.968
8115 514.968
8117 506.968
8058 502.968
8116 510.968
8057 506.968
8119 498.968
8060 494.968
8118 502.968
8105 554.968
8046 550.968
8047 546.968
7985 542.968
7986 538.968
7987 534.968
7988 530.968
7989 526.968
7990 522.968
7991 518.968
7992 514.968
7993 510.968
8104 558.968
8045 554.968
7983 550.968
7984 546.968
8107 546.968
8108 542.968
8049 538.968
8050 534.968
8051 530.968
8052 526.968
8106 550.968
8109 538.968
8111 530.968
8110 534.968
8097 586.968
8038 582.968
7976 578.968
7977 574.968
7978 570.968
7979 566.968
7980 562.968
7981 558.968
7982 554.968
8096 590.968
8037 586.968
7975 582.968
8099 578.968
8040 574.968
8041 570.968
8042 566.968
8043 562.968
8044 558.968
8098 582.968
8039 578.968
8101 570.968
8100 574.968
8103 562.968
8102 566.968
8155 586.968
8156 582.968
8157 578.968
8158 574.968
8159 570.968
8136 662.968
8137 658.968
8080 654.968
8021 650.968
7959 646.968
7960 642.968
7961 638.968
7962 634.968
7963 630.968
7964 626.968
7965 622.968
7966 618.968
7967 614.968
7968 610.968
7969 606.968
7970 602.968
7971 598.968
7972 594.968
7973 590.968
7974 586.968
8128 462.968
8129 458.968
8130 454.968
8131 450.968
8072 446.968
8185 466.968
8186 462.968
8187 458.968
8184 470.968
8177 498.968
8120 494.968
8061 490.968
8176 502.968
8179 490.968
8180 486.968
8181 482.968
8182 478.968
8178 494.968
8121 490.968
8183 474.968
8169 530.968
8170 526.968
8171 522.968
8168 534.968
8173 514.968
8172 518.968
8175 506.968
8174 510.968
8161 562.968
8162 558.968
8160 566.968
8163 554.968
8164 550.968
8165 546.968
8167 538.968
8166 542.968
8217 570.968
8218 566.968
8216 574.968
8219 562.968
8221 554.968
8220 558.968
8223 546.968
8222 550.968
8215 578.968
8214 582.968
8241 474.968
8240 478.968
8242 470.968
8233 506.968
8232 510.968
8235 498.968
8236 494.968
8237 490.968
8234 502.968
8239 482.968
8238 486.968
8225 538.968
8226 534.968
8227 530.968
8228 526.968
8224 542.968
8229 522.968
8231 514.968
8230 518.968
8281 530.968
8280 534.968
8283 522.968
8284 518.968
8285 514.968
8286 510.968
8287 506.968
8282 526.968
8273 562.968
8272 566.968
8275 554.968
8274 558.968
8277 546.968
8278 542.968
8279 538.968
8276 550.968
91 268
92 264
113 260
114 256
115 252
116 248
117 244
118 240
135 228
154 221
183 217
221 213
267 208
318 204
374 200
436 195
500 191
571 187
643 182
713 178
714 174
715 170
716 166
717 162
794 158
879 153
957 149
1029 145
1099 141
1172 136
1256 132
1340 128
1431 123
1528 119
1622 115
1720 110
1721 106
1722 102
1723 98
1814 94
1897 90
1986 85
1987 81
2078 77
2079 73
2169 69
2255 65
2343 60
2429 56
2430 52
2431 48
2432 44
2433 40
2434 36
2435 32
2436 28
2437 24
2438 20
2439 16
2440 12
2441 8
2442 4
8269 578.968
8270 574.968
8271 570.968
93 260
8268 582.968
8319 578.968
8318 582.968
8298 462.968
8299 458.968
8246 454.968
8189 450.968
8132 446.968
8073 442.968
125 268
126 264
127 260
128 256
129 252
130 248
131 244
132 240
133 236
134 232
8289 498.968
8288 502.968
112 264
8291 490.968
8290 494.968
8293 482.968
8292 486.968
8294 478.968
8344 478.968
8345 474.968
8346 470.968
8297 466.968
8349 464.802
9963 462.837
110 272
111 268
8337 506.968
8338 502.968
8339 498.968
8340 494.968
8336 510.968
8341 490.968
8343 482.968
8342 486.968
8329 538.968
8328 542.968
8331 530.968
8330 534.968
8333 522.968
8332 526.968
8335 514.968
8334 518.968
8321 570.968
145 257
146 253
147 249
148 245
177 241
215 237
261 232
262 228
263 224
314 220
370 216
432 211
496 207
567 203
639 198
709 194
786 190
871 185
949 181
1021 177
1091 173
1164 168
1248 164
1332 160
1423 155
1424 151
1521 147
1522 143
1523 139
1524 135
1618 131
1716 126
1717 122
1808 118
1809 114
1810 110
1893 106
1982 101
2073 97
2074 93
2164 89
2250 85
2338 80
2339 76
2340 72
2426 68
2427 64
2428 60
8320 574.968
144 261
8323 562.968
8324 558.968
8322 566.968
8325 554.968
149 241
150 237
151 233
152 229
153 225
182 221
8327 546.968
8326 550.968
8377 542.968
8376 546.968
8379 534.968
8380 530.968
8381 526.968
8378 538.968
8383 518.968
143 265
8382 522.968
8369 574.968
8370 570.968
8368 578.968
8371 566.968
8372 562.968
8373 558.968
8375 550.968
8374 554.968
176 245
214 241
260 236
179 233
217 229
178 237
216 233
181 225
180 229
218 225
264 220
315 216
371 212
433 207
497 203
498 199
569 195
641 190
642 186
173 257
211 253
257 248
308 244
364 240
426 235
427 231
491 227
562 223
634 218
635 214
705 210
782 206
867 201
945 197
946 193
1018 189
1088 185
1161 180
1162 176
1246 172
1330 168
1421 163
1422 159
172 261
210 257
256 252
307 248
175 249
213 245
259 240
310 236
366 232
428 227
429 223
430 219
494 215
565 211
637 206
638 202
708 198
174 253
212 249
258 244
8393 478.968
8394 474.968
219 221
265 216
266 212
8385 510.968
8386 506.968
8387 502.968
8388 498.968
8389 494.968
209 261
255 256
306 252
362 248
424 243
488 239
559 235
631 230
701 226
702 222
703 218
704 214
8384 514.968
8391 486.968
8390 490.968
8441 486.968
8442 482.968
8443 478.968
8444 474.968
8445 470.968
8396 466.968
8348 462.968
8440 490.968
8433 518.968
8432 522.968
8435 510.968
8436 506.968
8437 502.968
8438 498.968
8434 514.968
8439 494.968
8425 550.968
8426 546.968
8424 554.968
8427 542.968
8428 538.968
8429 534.968
8431 526.968
8430 530.968
254 260
305 256
361 252
423 247
487 243
558 239
630 234
8419 574.968
8418 578.968
8421 566.968
8420 570.968
8423 558.968
8422 562.968
8473 550.968
8472 554.968
8475 542.968
8476 538.968
8474 546.968
8477 534.968
8479 526.968
8478 530.968
8467 574.968
8466 578.968
8469 566.968
8468 570.968
8471 558.968
8470 562.968
8499 634.968
8500 630.968
8501 626.968
8502 622.968
8456 618.968
8409 614.968
8360 610.968
8361 606.968
8362 602.968
8314 598.968
8315 594.968
8316 590.968
8317 586.968
313 224
312 228
368 224
317 208
373 204
435 199
316 212
372 208
434 203
319 203
375 199
437 194
501 190
572 186
8481 518.968
8482 514.968
8483 510.968
8484 506.968
8485 502.968
8480 522.968
309 240
8487 494.968
311 232
367 228
8486 498.968
299 299
300 295
301 291
357 287
418 282
480 278
550 271
622 266
623 262
624 258
625 254
626 250
627 246
628 242
629 238
699 234
700 230
8529 514.968
8530 510.968
8531 506.968
8528 518.968
8533 498.968
8532 502.968
8521 546.968
8520 550.968
8523 538.968
8522 542.968
8525 530.968
8526 526.968
8527 522.968
8524 534.968
8515 570.968
8514 574.968
8517 562.968
8518 558.968
8516 566.968
8519 554.968
8569 534.968
8570 530.968
8571 526.968
8572 522.968
8573 518.968
8574 514.968
8568 538.968
8575 510.968
8561 566.968
8562 562.968
8560 570.968
8563 558.968
8564 554.968
8565 550.968
8567 542.968
8566 546.968
369 220
431 215
495 211
566 207
360 256
422 251
363 244
425 239
8605 566.968
365 236
8604 570.968
8607 558.968
8606 562.968
353 303
414 298
476 294
477 290
478 286
479 282
8589 630.968
8546 626.968
413 302
475 298
8588 634.968
8545 630.968
412 306
474 302
8590 626.968
8547 622.968
8503 618.968
8457 614.968
8410 610.968
8576 506.968
8632 626.968
8633 622.968
8592 618.968
8593 614.968
8594 610.968
8595 606.968
8596 602.968
8597 598.968
8554 594.968
8510 590.968
8464 586.968
8465 582.968
8631 630.968
8630 634.968
8617 518.968
8616 522.968
8619 510.968
8618 514.968
8609 550.968
8608 554.968
8611 542.968
8610 546.968
8613 534.968
8612 538.968
8615 526.968
8614 530.968
8671 630.968
8670 634.968
8657 526.968
8658 522.968
8659 518.968
8656 530.968
416 290
8661 510.968
8662 506.968
8663 502.968
8664 498.968
8623 494.968
8580 490.968
8536 486.968
8537 482.968
8491 478.968
421 255
8660 514.968
420 259
8649 558.968
473 306
8648 562.968
8651 550.968
8650 554.968
8653 542.968
8654 538.968
8655 534.968
8652 546.968
469 322
470 318
471 314
472 310
8647 566.968
8646 570.968
8697 526.968
8696 530.968
8699 518.968
8698 522.968
8701 510.968
8702 506.968
8700 514.968
8689 558.968
8690 554.968
8691 550.968
8692 546.968
8693 542.968
8694 538.968
8695 534.968
8686 570.968
8687 566.968
8688 562.968
8672 626.968
499 195
8729 554.968
489 235
490 231
8728 558.968
8731 546.968
8732 542.968
8730 550.968
8733 538.968
8734 534.968
492 223
563 219
8735 530.968
8736 526.968
483 259
554 255
485 251
556 247
484 255
555 251
8726 566.968
8727 562.968
486 247
537 323
609 318
610 314
611 310
612 306
613 302
614 298
615 294
616 290
617 286
618 282
619 278
620 274
621 270
539 315
538 319
541 307
540 311
543 299
542 303
8711 626.968
8712 622.968
8713 618.968
8714 614.968
8676 610.968
8637 606.968
8710 630.968
8763 566.968
8765 558.968
8764 562.968
8767 550.968
8768 546.968
8766 554.968
8747 630.968
8746 634.968
570 191
8748 626.968
8737 522.968
8739 514.968
8738 518.968
564 215
636 210
553 259
552 263
557 243
545 291
544 295
8787 630.968
547 283
8786 634.968
546 287
8788 626.968
8789 622.968
8750 618.968
551 267
8776 514.968
8740 510.968
8741 506.968
8703 502.968
605 334
606 330
607 326
608 322
8780 513.331
9950 507.669
8704 502.968
8769 542.968
8771 534.968
8770 538.968
8773 526.968
8774 522.968
8775 518.968
8772 530.968
8827 630.968
8828 626.968
8829 622.968
8830 618.968
8791 614.968
8792 610.968
8793 606.968
8754 602.968
8718 598.968
8719 594.968
8681 590.968
8682 586.968
8643 582.968
8602 578.968
8603 574.968
8816 514.968
8777 510.968
8809 542.968
8810 538.968
8811 534.968
8812 530.968
8813 526.968
8814 522.968
8815 518.968
8808 546.968
8801 574.968
8762 570.968
8800 578.968
8803 566.968
8804 562.968
8805 558.968
8806 554.968
8807 550.968
8849 542.968
8848 546.968
8851 534.968
8852 530.968
8850 538.968
8853 526.968
8854 522.968
8841 574.968
8802 570.968
8843 566.968
8844 562.968
8845 558.968
8842 570.968
8847 550.968
8846 554.968
8890 522.96
9969 519.03
8881 558.96
8882 554.96
8883 550.96
8884 546.96
8885 542.96
8886 538.96
8887 534.96
8888 530.96
8889 526.96
8880 562.96
8877 574.96
8878 570.96
8879 566.96
689 281
690 277
691 273
692 269
693 265
694 261
695 257
696 253
697 249
688 285
681 313
682 309
683 305
684 301
685 297
686 293
687 289
8920 542.96
680 317
8913 570.96
8912 574.96
8915 562.96
8916 558.96
675 337
676 333
677 329
678 325
679 321
8914 566.96
8917 554.96
8919 546.96
8918 550.96
8911 578.96
8910 582.96
8876 578.96
8953 546.96
8952 550.96
712 182
8945 578.96
8946 574.96
8944 582.96
8947 570.96
8948 566.96
8949 562.96
8950 558.96
8951 554.96
711 186
710 190
787 186
872 181
950 177
951 173
1023 169
1093 165
1166 160
1167 156
1251 152
1252 148
1253 144
1254 140
1255 136
761 312
762 308
763 304
764 300
765 296
766 292
767 288
768 284
769 280
770 276
771 272
772 268
773 264
774 260
760 316
753 344
754 340
755 336
756 332
757 328
758 324
759 320
8985 550.96
8984 554.96
8977 582.96
8978 578.96
8976 586.96
8979 574.96
8980 570.96
8981 566.96
8982 562.96
8983 558.96
8975 590.96
8943 586.96
8974 594.96
785 194
870 189
784 198
869 193
789 178
874 173
952 169
953 165
954 161
1026 157
1096 153
1169 148
788 182
873 177
790 174
875 169
876 165
9017 550.96
9018 546.96
8987 542.96
8988 538.96
8989 534.96
8957 530.96
8924 526.96
9016 554.96
9009 582.96
9008 586.96
9011 574.96
9010 578.96
9013 566.96
9012 570.96
9015 558.96
9014 562.96
9005 598.96
9007 590.96
8997 630.96
8966 626.96
8934 622.96
8901 618.96
8867 614.96
8868 610.96
8869 606.96
8870 602.96
8871 598.96
8872 594.96
8873 590.96
8874 586.96
8875 582.96
8998 626.96
8967 622.96
8935 618.96
8936 614.96
8937 610.96
8938 606.96
8905 602.96
8906 598.96
8907 594.96
9041 578.96
9040 582.96
9043 570.96
9044 566.96
9042 574.96
9045 562.96
9047 554.96
9046 558.96
856 278
857 274
858 270
859 266
9037 594.96
9036 598.96
9039 586.96
9038 590.96
849 310
850 306
848 314
851 298
852 294
853 290
854 286
855 282
9029 626.96
9030 622.96
9000 618.96
9001 614.96
9002 610.96
9003 606.96
8972 602.96
8940 598.96
9028 630.96
841 342
842 338
843 334
844 330
845 326
846 322
847 318
840 346
9073 566.96
9072 570.96
9075 558.96
835 366
836 362
837 358
838 354
839 350
9074 562.96
9065 598.96
9064 602.96
9067 590.96
9066 594.96
9069 582.96
9070 578.96
9071 574.96
9068 586.96
9059 622.96
9060 618.96
9061 614.96
9033 610.96
9058 626.96
9063 606.96
9113 630.96
9114 626.96
9115 622.96
9089 618.96
9117 614.96
9091 610.96
9092 606.96
9093 602.96
9094 598.96
9095 594.96
9096 590.96
9097 586.96
9098 582.96
9119 606.96
9118 610.96
9104 558.96
9105 554.96
9106 550.96
9078 546.96
9050 542.96
9020 538.96
921 362
920 366
9099 578.96
923 354
924 350
922 358
9101 570.96
9100 574.96
9103 562.96
927 338
928 334
9102 566.96
926 342
9145 614.96
9144 618.96
9147 606.96
9120 602.96
9146 610.96
9149 598.96
9150 594.96
9151 590.96
9124 586.96
9148 602.96
9121 598.96
9141 630.96
9143 622.96
9116 618.96
9090 614.96
9128 570.96
9130 562.96
9133 554.96
9107 550.96
944 201
9123 590.96
947 189
948 185
9122 594.96
9125 582.96
9127 574.96
9126 578.96
9177 590.96
9178 586.96
9153 582.96
9154 578.96
9155 574.96
9176 594.96
937 293
938 289
939 285
940 281
936 297
9179 582.96
9180 578.96
9181 574.96
9182 570.96
9183 566.96
9184 562.96
9159 558.96
9132 554.96
9169 622.96
9170 618.96
9171 614.96
9172 610.96
9173 606.96
9174 602.96
9175 598.96
929 330
930 326
931 322
933 314
934 310
932 318
935 298.127
1010 294.127
1080 290.127
1153 285.127
1236 281.127
1319 277.127
1406 272.127
1502 265.127
1503 261.127
1597 257.127
1691 252.127
1692 248.127
1693 244.127
1694 240.127
1695 236.127
1696 232.127
1697 228.127
1698 224.127
1699 220.127
1700 216.127
1604 212.232
1605 208.232
1414 191
1415 187
1512 183
1513 179
1607 175
1705 170
1706 166
1707 162
1708 158
1799 154
1882 150
1971 145
2062 141
2152 137
2238 133
2326 128
2327 124
2328 120
2414 116
2415 112
2416 108
2417 104
2418 100
2419 96
2420 92
2421 88
2422 84
2423 80
2424 76
2425 72
9152 586.96
9201 594.96
9200 598.96
9203 586.96
9202 590.96
9205 578.96
9206 574.96
9207 570.96
9208 566.96
9204 582.96
9193 626.96
1017 193
9195 618.96
1019 185
1089 181
9197 610.96
9196 614.96
9199 602.96
9198 606.96
1022 173
1009 314
1008 318
1011 293.127
1081 289.127
1015 201
1016 197
1086 193
1159 188
1243 184
1327 180
1418 175
1515 171
1516 167
1610 163
1014 205
1084 201
1157 196
1241 192
1242 188
1326 184
1417 179
1514 175
9241 614.96
9220 610.96
9221 606.96
9222 602.96
9223 598.96
9224 594.96
9225 590.96
1001 365
1000 369
9243 606.96
1003 345
1004 341
1005 337
1006 333
9242 610.96
9245 598.96
9246 594.96
9247 590.96
9248 586.96
9249 582.96
9250 578.96
9229 574.96
9230 570.96
9244 602.96
1007 322
9227 582.96
9228 578.96
9226 586.96
9219 614.96
1037 97
1038 93
1039 89
1106 85
1183 80
1184 76
1268 72
1269 68
1270 64
1357 60
1448 55
1449 51
1546 47
1547 43
1641 39
1739 34
1830 30
1913 26
2002 21
2093 17
2183 13
2269 9
2357 4
1027 153
1097 149
1170 144
1028 149
1087 189
1160 184
1244 180
1328 176
1419 171
1073 349
1075 341
1076 337
1074 345
1077 322
1078 322
1102 132
1258 124
1342 120
1433 115
1434 111
1435 107
1532 103
1626 99
1724 94
1815 90
1898 86
1090 177
1163 172
1247 168
1331 164
1095 157
1168 152
1145 338.127
1229 334.127
1230 330.127
1231 326.127
1232 322.127
1233 318.127
1316 314.127
1496 306.127
1590 302.127
1684 297.127
1778 293.127
1949 285.127
1866 279.127
1867 275.127
1781 271.127
1782 267.127
1783 263.127
1784 259.127
1785 255.127
1786 251.127
1787 247.127
1788 243.127
1789 239.127
1790 235.127
1791 231.127
1792 227.127
1793 223.127
1144 343
1146 332
1147 328
1143 347
1142 351
1182 84
1171 140
1173 132
1174 128
1165 164
1249 160
1333 156
1152 289.127
1156 200
1240 196
1324 192
1158 192
9421 2111.92
9422 2013.92
9423 1915.92
9424 1817.92
9442 1642.92
9443 1543.92
9461 1408.92
9477 1302.92
9494 1195.92
9512 1063.92
9531 956.924
9551 849.924
6006 660.924
6087 655.924
6163 651.924
6238 647.924
6313 642.924
6314 638.924
6315 634.924
6316 630.924
6317 626.924
6395 619.924
6474 612.924
6555 608.924
6635 603.924
6713 599.924
6714 595.924
6790 591.924
6863 586.924
6864 582.924
6936 578.924
7012 574.924
7083 569.924
7152 565.924
7217 561.924
7284 557.924
7352 552.924
7421 548.924
7487 544.924
9982 540.983
7556 535.968
7557 531.968
7558 527.968
7631 520.968
7704 516.968
7777 512.968
7851 507.968
7852 503.968
7925 499.968
7926 495.968
7927 491.968
7928 487.968
7929 483.968
7856 479.968
7783 475.968
7710 471.968
7711 467.968
7639 463.968
7566 459.968
7495 455.968
7429 451.968
7430 447.968
7431 443.968
7363 439.968
7294 435.968
7295 431.968
7296 427.968
7230 423.968
7164 419.968
7094 415.968
7023 411.968
7024 407.968
6950 403.968
6951 399.968
6881 395.968
6810 391.968
6811 387.968
6736 383.968
6658 379.968
6579 375.968
6580 371.968
6581 367.968
6499 363.968
6500 359.968
6501 355.968
6502 351.968
6420 347.968
6342 343.968
6265 339.968
6266 335.968
1245 176
9420 2209.92
1235 285.127
1318 281.127
1405 276.127
1234 289.127
1225 351
1226 347
1224 355
1227 342.127
1228 338.127
1221 402
1220 398
1305 394
1392 390
1484 386
1485 382
1486 378
1393 371
1306 365
1223 358
9462 1372.42
9939 1282.01
9478 1264.1
9942 1175.22
9495 1156.92
1222 406
1264 88
1351 84
1442 79
1539 75
1633 71
1731 66
1822 62
1823 58
1824 54
1825 50
1826 46
1827 42
1828 38
1829 34
1257 128
1259 108
1346 104
1437 99
1438 95
1535 91
1629 87
1727 82
1818 78
1901 74
1990 69
1991 65
1992 61
1993 57
2084 53
2085 49
2086 45
2176 41
2177 37
2263 33
2351 28
1250 156
9493 1250.92
9511 1117.92
9530 1011.92
9550 905.924
9572 776.924
5928 679.924
1304 395
1307 362
1309 354.127
1310 350.127
1311 346.127
1308 358.127
9529 1110.92
9528 1209.92
9532 952.924
9525 2098.16
9544 1996.16
9563 1903.16
9586 1801.16
9607 1699.16
9629 1607.16
9630 1510.16
9631 1413.16
9984 1361.57
9609 1281.97
9610 1181.97
9611 1081.97
9612 981.968
9613 881.968
9614 781.968
7873 715.968
7800 711.968
7801 707.968
7874 703.968
7875 699.968
7876 695.968
7877 691.968
7878 687.968
7879 683.968
7880 679.968
7881 675.968
7882 671.968
7883 667.968
7884 663.968
7885 659.968
7886 655.968
7887 651.968
7888 647.968
7889 643.968
7890 639.968
7891 635.968
7892 631.968
7893 627.968
7894 623.968
7895 619.968
7896 615.968
7897 611.968
7898 607.968
7899 603.968
7900 599.968
7901 595.968
7902 591.968
7903 587.968
7904 583.968
7905 579.968
7906 575.968
7907 571.968
7908 567.968
7909 563.968
7910 559.968
7911 555.968
7912 551.968
7913 547.968
7914 543.968
7915 539.968
7916 535.968
7917 531.968
7918 527.968
7919 523.968
7920 519.968
7921 515.968
7922 511.968
7923 507.968
7924 503.968
9524 2193.16
9543 2091.16
9562 1998.16
9585 1897.16
9606 1796.16
9628 1704.16
9527 1308.92
9513 1059.92
1337 140
1428 135
1525 131
1526 127
1527 123
1336 144
1427 139
1339 132
1430 127
1338 136
1429 131
1341 124
1432 119
1343 116
1329 172
1420 167
1517 163
1518 159
1519 155
1520 151
9506 2294.16
9509 1313.92
9510 1215.92
1335 148
1426 143
1334 152
1425 147
1325 188
1416 183
9567 1266.92
9568 1168.92
9569 1070.92
9570 972.924
9571 874.924
9566 1364.92
1312 342.127
1317 285.127
1404 280.127
9547 1204.92
9546 1303.92
9549 1005.92
9548 1104.92
9593 773.924
6911 721.924
6912 717.924
6913 713.924
6982 702.924
7051 697.924
7120 693.924
7185 689.924
7252 685.924
7320 680.924
7321 676.924
7390 672.924
7456 668.924
7457 664.924
7458 660.924
7459 656.924
7460 652.924
7461 648.924
7462 644.924
7463 640.924
7464 636.924
7465 632.924
7466 628.924
7467 624.924
7468 620.924
7469 616.924
7470 612.924
7471 608.924
7472 604.924
7473 600.924
7474 596.924
7475 592.924
7476 588.924
7477 584.924
7478 580.924
7479 576.924
7480 572.924
7481 568.924
7482 564.924
7483 560.924
7484 556.924
7485 552.924
7486 548.924
9592 872.924
9595 398
9574 289
3392 205
3297 198
3107 183
3011 176
2908 165
2818 157
2732 152
2562 140
2561 136
2560 132
2559 128
2558 124
2557 120
2556 116
2471 112
2470 108
2469 104
2468 100
2467 96
2466 92
2465 88
2464 84
2463 80
2462 76
2461 72
2460 68
2459 64
2458 60
2457 56
2456 52
2455 48
2454 44
2453 40
2452 36
2451 32
2450 28
2449 24
2448 20
2447 16
2446 12
2445 8
2444 4
1352 80
1443 75
1540 71
1634 67
1732 62
1733 58
9594 300
5374 226
5373 222
5285 218
5202 213
5122 209
5040 205
4956 200
4871 196
4784 192
4695 187
4694 183
4608 179
4521 175
4432 171
4340 166
4339 162
4247 158
4154 154
4064 149
3974 145
3885 141
3884 137
3796 133
3708 128
3624 124
3623 120
3537 116
3451 111
3366 107
3365 103
3271 99
3177 94
3176 90
3175 86
3081 82
3080 78
2985 74
2984 70
2983 66
2982 62
2881 58
2792 53
2791 49
2790 45
2789 41
2788 37
2702 33
2701 29
2700 25
2699 21
2698 17
2615 13
2529 8
1355 68
1446 63
1543 59
1544 55
1638 51
1736 46
1359 52
1450 47
1358 56
1345 108
1436 103
1533 99
1627 95
1725 90
1726 86
1817 82
1900 78
1989 73
1347 100
9589 1169.92
9590 1070.92
9591 971.924
9588 1268.92
1349 92
1440 87
1537 83
1631 79
1729 74
1820 70
1903 66
1348 96
1439 91
1536 87
1630 83
1728 78
1819 74
1902 70
1350 88
1441 83
1538 79
1632 75
1730 70
1821 66
1904 62
1401 337.127
1314 333.127
1315 329.127
1400 341.127
1403 309.127
1497 305.127
1591 301.127
1402 333.127
1395 366
1394 369
9573 301.004
4102 297.004
4287 289.004
4378 284.004
4468 277.004
4556 273.004
4726 261.004
9909 256.892
1397 358.127
1396 362.127
1399 345.127
1398 352.127
1391 394
1483 390
9617 408
9616 309
7111 244
7042 239
6973 235
6906 231
6838 226
6765 222
6689 218
6611 213
6531 209
6449 205
6371 201
6294 196
6219 192
6143 188
6067 183
5986 179
5913 175
5839 171
5764 166
5688 162
5608 158
5531 153
5445 149
5353 145
5265 141
5182 136
5102 132
5020 128
4936 123
4851 119
4764 115
4675 110
4589 106
4502 102
4413 98
4321 93
4229 89
4136 85
4046 80
3956 76
3867 72
3779 68
3691 63
3607 59
3521 55
3435 50
3350 46
3256 42
3162 37
3068 33
2973 29
2872 25
2784 21
9657 1023.97
9636 920.968
9656 1120.97
9635 1017.97
9658 1121.97
9661 510.756
9638 402.756
10125 388.172
9660 472.999
9637 364.999
9615 271.999
6824 212.999
6751 208.999
6675 204.999
6598 200.999
6518 196.999
6436 192.999
6358 188.999
6282 184.999
6207 180.999
6131 176.999
6056 172.999
5975 168.999
5902 164.999
5828 160.999
5754 156.999
5678 152.999
5598 148.999
5522 144.999
5436 140.999
5344 136.999
5256 132.999
5174 128.999
5094 124.999
5012 120.999
4929 116.999
4844 112.999
4757 108.999
4669 104.999
4583 100.999
4496 96.999
4407 92.999
4316 88.999
4224 84.999
4131 80.999
4042 76.999
3952 72.999
3863 68.999
3775 64.999
3688 60.999
3604 56.999
3518 52.999
3433 48.999
3348 44.999
3254 40.999
3161 36.999
3067 32.999
2972 28.999
10101 24.112
2783 21
9655 1218.97
9634 1114.97
9654 1315.97
9633 1211.97
9639 424
9681 580.999
9680 1128.97
9682 618.756
1445 67
1542 63
1636 59
1734 54
1447 59
1499 277.127
1500 273.127
1501 269.127
1595 265.127
1689 260.127
1690 256.127
1498 281.127
1592 277.127
1686 272.127
1687 268.127
1688 264.127
9677 1393.44
10128 1294.03
9679 1126.97
9678 1223.97
1491 360.127
1492 356.127
1490 366.127
1493 351.127
1494 347.127
1495 310.127
9721 1321.97
9700 1217.97
9720 1319.97
1482 402
1579 398
1580 394
1487 375
1529 115
1623 111
1531 107
1530 111
1624 107
1534 95
9699 1314.97
9701 1219.97
1511 187
9742 1499.97
9741 1400.97
1553 40
1647 36
1744 32
1834 28
1916 24
2004 20
2094 16
2184 12
2270 8
1552 40
1646 36
1743 32
1555 40
1649 36
1746 32
1836 28
1918 24
2006 20
2096 16
2186 12
2271 8
2358 4
1554 40
1556 40
1545 51
1549 41
1643 37
1741 32
1832 28
1915 24
2003 20
1551 40
1644 36
1550 40
1541 67
9782 1727.97
9781 1630.97
9761 1504.97
1593 273.127
1585 376.723
1586 372.723
1587 368.723
1588 364.723
9901 363.737
1584 379
9762 1604.97
1589 306.127
9819 1796.97
9799 1693.97
9779 1592.97
9760 1502.97
9818 1795.97
9821 1802.97
9801 1698.97
9780 1594.97
1581 390
9820 1799.97
9800 1695.97
9823 1334.22
9804 1237.22
9784 1140.22
9763 1027.76
9744 930.763
9723 833.763
10126 740.029
9702 654.999
1583 382
9822 1838.97
9802 1734.97
1582 386
1625 103
1628 91
1619 127
1621 119
1719 114
1620 123
1718 118
9798 1716.97
9778 1614.97
9759 1524.97
9740 1422.97
1609 167
1608 171
1611 159
1709 154
1710 150
1711 146
1712 142
1713 138
1804 134
1887 130
1976 125
1977 121
2068 117
2158 113
2159 109
2160 105
2246 101
2334 96
1613 151
1612 155
9844 1052.27
9833 1035.21
10024 1000.55
9830 960.462
9871 910.121
9829 853.435
9912 816.523
9828 785.204
9927 742.736
9827 703.864
9897 688.143
1606 179
1704 174
1657 64
1754 60
1753 56
1752 52
1751 48
1750 44
1749 40
1839 36
1921 32
2009 28
2008 24
2098 20
2187 16
2272 12
2359 8
1656 60
9835 1007.13
9879 994.566
9834 1069.83
9843 1035.95
1658 68
9836 890.24
9904 849.851
1648 36
1745 32
9826 450.887
6240 438.968
6166 434.968
6089 430.968
6009 426.968
6010 422.968
6011 418.968
6012 414.968
6013 410.968
5934 406.968
5935 402.968
5936 398.968
5862 394.968
5788 390.968
5713 386.968
5634 382.968
5558 378.968
5473 374.968
5383 370.968
5292 366.968
5206 359.968
5127 355.968
5128 351.968
5047 347.968
4964 343.968
4880 339.968
4881 335.968
4796 331.968
4797 327.968
4798 323.968
4799 319.968
4800 315.968
4801 311.968
4802 307.968
4803 303.968
4804 299.968
4805 295.968
4806 291.968
4807 287.968
4808 283.968
4809 279.968
4810 275.968
4811 271.968
4812 267.968
4813 263.968
1651 40
1748 36
1747 32
1837 28
1919 24
2007 20
2097 16
1650 36
1653 48
9831 1054.11
10007 1002.97
1652 44
9881 98.581
1640 43
1738 38
1642 38
1740 33
1831 29
1914 25
9885 284.566
1645 36
1742 32
1833 28
1635 63
1637 55
1735 50
1639 47
1737 42
9866 347.646
604 338
1683 298.127
1777 294.127
1865 290.127
1685 276.127
9913 248.263
1673 398
9915 296.149
4194 293.004
1675 390
9914 427.422
9825 418.519
5627 410.968
5551 406.968
5466 402.968
5467 398.968
5468 394.968
5469 390.968
5379 386.968
5380 382.968
5381 378.968
5382 374.968
1674 394
9917 573.848
7084 568.924
7153 564.924
7218 560.924
7285 556.924
1677 383
9916 794.66
1676 386
9919 763.387
9918 295.288
1678 380.723
9905 364.939
9906 228.043
4380 223
4289 219
9908 48.278
3157 43.999
3158 39.999
3066 32.999
9911 641.743
9910 356.442
5046 351.968
9896 63.377
3340 60.999
3248 53.999
3249 49.999
9899 380.383
2823 376.567
2824 372.567
2917 368.567
3019 364.567
3020 360.567
3021 356.567
3022 352.567
3023 348.567
3024 344.567
10073 341.251
3025 339.127
2923 335.127
2739 325.127
2740 321.127
2741 317.127
2653 313.127
2566 309.127
2482 305.127
2396 301.127
2397 297.127
2398 293.127
2399 289.127
2312 282.127
2135 274.127
2044 267.127
2045 263.127
1956 259.127
1957 255.127
1873 251.127
1874 247.127
9900 587.737
6794 584.924
7014 572.924
9903 198.36
9902 766.224
1715 130
1806 126
1889 122
1978 117
1979 113
2070 109
1714 134
9893 404.499
9895 396.357
4170 389.004
4171 385.004
4172 381.004
4173 377.004
4174 373.004
4267 369.004
4358 364.004
4359 360.004
4360 356.004
4361 352.004
4362 348.004
4363 344.004
4364 340.004
4365 336.004
4366 332.004
4367 328.004
4368 324.004
4369 320.004
4370 316.004
4371 312.004
4372 308.004
4373 304.004
4374 300.004
4375 296.004
4376 292.004
4377 288.004
9894 456.589
9945 262.933
9944 124.249
1769 120
1768 116
1858 112
1940 108
2028 104
2027 100
2117 96
2206 92
2291 88
2378 84
9946 105.999
918 104
996 100
1068 96
1134 92
1133 88
1209 84
1208 80
1207 76
1206 72
1205 68
1204 64
1203 60
1202 56
1285 52
1371 48
1461 44
1557 40
9949 337.44
6428 328.968
6349 324.968
6272 320.968
6198 316.968
6120 312.968
6040 308.968
5960 304.968
5887 300.968
5813 296.968
5738 292.968
5658 288.968
5582 284.968
5497 280.968
5407 276.968
5316 272.968
5229 268.968
5069 260.968
4986 256.968
4902 252.968
4817 248.968
9948 505.453
8665 498.968
9951 558.155
9936 1234.7
9938 1179.62
9943 793.635
1702 202
1794 195
1879 191
1963 185
2052 181
2142 177
2228 173
2316 168
2317 164
2318 160
2319 156
2320 152
2321 148
2322 144
2408 140
2409 136
2410 132
2411 128
2412 124
2413 120
9928 213.824
4104 213
9933 1188.01
1757 72
1756 68
1755 64
1845 60
1927 56
2015 52
2014 48
2013 44
2012 40
2011 36
2010 32
1758 76
9920 262.699
9923 33.862
9924 64.583
9926 308.665
9976 700.544
6005 664.924
6086 659.924
6162 655.924
9979 31.911
9981 2079.41
9968 585.819
9270 579.773
10129 578.492
9252 574.96
9971 423.932
7871 419.968
7798 415.968
7725 411.968
7653 407.968
7580 403.968
9973 421.91
9972 356.337
6893 353.497
10082 350.237
6747 344.968
6669 340.968
6590 336.968
6508 332.968
6425 328.968
6347 324.968
6270 320.968
6196 316.968
6119 312.968
6039 308.968
5959 304.968
5886 300.968
5812 296.968
5737 292.968
9975 106.329
3325 103
3326 99
3327 95
3328 91
3329 87
3330 83
3331 79
3239 75
3149 71
3058 67
2964 63
2864 59
2865 55
2777 51
2778 47
9974 371.414
9960 261.254
5070 257
4987 253
4903 249
4818 245
4730 241
9967 474.876
9966 90.815
3845 87
3758 83
3671 79
3588 75
3503 71
3504 67
3505 63
3420 59
3337 55
3245 51
3155 47
3064 43
2970 39
2870 35
2782 31
9952 558.986
9954 436.147
9956 156.911
5670 152.999
5511 144.999
5426 140.999
5335 136.999
5247 132.999
5165 128.999
5086 124.999
5004 120.999
4921 116.999
4836 112.999
4750 108.999
4662 104.999
4577 100.999
4491 96.999
4403 92.999
4312 88.999
4221 84.999
4129 80.999
4040 76.999
3951 72.999
3862 68.999
1780 275.127
9959 514.921
10009 1273.3
10008 494.826
7853 491.968
7780 487.968
7707 483.968
7635 479.968
7562 475.968
7491 471.968
7425 467.968
7357 463.968
7288 459.968
7222 455.968
7157 451.968
7088 447.968
7089 443.968
7019 439.968
6943 435.968
6872 431.968
6873 427.968
6802 423.968
6727 419.968
6649 415.968
6570 411.968
6488 407.968
6489 403.968
6490 399.968
6408 395.968
6330 391.968
6331 387.968
6332 383.968
6255 379.968
6256 375.968
6182 371.968
6183 367.968
6106 363.968
6026 359.968
6027 355.968
6028 351.968
6029 347.968
6030 343.968
5950 339.968
5877 335.968
5803 331.968
5728 327.968
5649 323.968
5573 319.968
5574 315.968
5575 311.968
5490 307.968
5491 303.968
5401 299.968
5402 295.968
5403 291.968
5312 287.968
1771 394
1770 124
1773 387
1772 390
1775 380.723
1679 376.723
1774 384.723
10005 167.018
1797 162
1880 158
1969 153
2060 149
2150 145
2151 141
2237 137
2325 132
1816 86
9999 103.34
964 101
965 97
966 93
967 89
968 85
1041 81
1108 77
1185 72
1186 68
1811 106
1812 102
1813 98
10041 411.54
2478 409.162
2734 392.567
2735 388.567
2736 384.567
2737 380.567
1801 146
1884 142
1973 137
2064 133
2154 129
2155 125
2241 121
2329 116
10040 710.21
6007 658.276
6164 648.276
6239 644.276
1800 150
10043 368.51
1803 138
10042 389.532
3393 387.127
3299 383.127
3300 379.127
3301 375.127
3205 371.127
3111 367.127
3112 363.127
3113 359.127
3114 355.127
3115 351.127
3116 347.127
3117 343.127
1802 142
1885 138
1974 133
1975 129
10045 1385.64
1805 130
1888 126
10044 23.69
10047 494.877
1807 122
10046 909.23
10033 381.8
10032 1294.87
10035 446.005
7090 444.968
10034 445.938
10037 307.41
10036 352.616
10039 2037.77
10038 343.55
1798 158
10027 397.063
1861 394
10026 441.522
1850 80
1849 76
1931 72
2019 68
2018 64
2017 60
2016 56
2106 52
2195 48
2280 44
2279 40
2366 36
10029 216.575
10028 1116.37
10031 274.349
2043 271.127
10030 200.138
1841 44
1923 40
1840 40
1843 52
1842 48
1924 44
1844 56
1846 64
10072 331.907
3124 325.127
3031 321.127
2929 317.127
2831 313.127
2743 309.127
2655 305.127
2568 301.127
2484 297.127
10075 273.348
1953 271.127
1869 267.127
1835 28
1917 24
2005 20
10074 314.891
1838 32
10065 287.909
10064 198.742
3749 197
10067 369.908
10066 287.624
10069 395.786
3478 393.126
10068 347.11
3829 345.004
3917 341.004
4006 337.004
4095 333.004
4185 329.004
4278 325.004
10071 355.221
5873 351.968
5799 347.968
5724 343.968
5645 339.968
5569 335.968
5484 331.968
5394 327.968
5395 323.968
5304 319.968
5305 315.968
5218 311.968
5219 307.968
5140 303.968
5141 299.968
5142 295.968
5143 291.968
5144 287.968
5145 283.968
5064 279.968
5065 275.968
4982 271.968
4898 267.968
10070 471.475
7286 467.968
7287 463.968
10057 324.498
3580 321.029
3747 313.004
3835 309.004
3925 305.004
4014 301.004
1881 154
1970 149
2061 145
10056 392.192
1863 387.723
10059 58.856
1883 146
1972 141
10061 332.861
10060 322.316
2563 319.127
2394 309.127
2306 305.127
2307 301.127
2220 297.127
2130 293.127
2038 289.127
10063 605.706
6712 603.924
10062 614.178
6475 608.924
6556 604.924
6636 599.924
6637 595.924
6715 591.924
6791 587.924
1886 134
10049 166.97
10048 343.714
10051 701.131
10050 169.144
2487 164
2488 160
2404 156
2405 152
2406 148
2407 144
10053 476.657
7354 473.968
10055 706.76
10054 31.664
1864 294.127
1948 289.127
1860 120
1859 116
1862 391
1912 30
2001 25
2092 21
2182 17
2268 13
2356 8
1905 58
1994 53
1995 49
1911 34
2000 29
2091 25
2181 21
1896 94
1985 89
2076 85
2166 81
2252 77
1899 82
1988 77
1891 114
1980 109
1981 105
2072 101
2162 97
2163 93
1890 118
1892 110
1895 98
1984 93
1894 102
1983 97
1945 399
1946 395
1944 399.937
1947 391.723
1951 279.127
1950 283.127
1939 104
1929 64
1928 60
1930 68
1920 28
1922 36
1925 48
1926 52
1968 157
1965 169
2056 165
2146 161
2232 157
1967 161
2058 157
2148 153
2234 149
1966 165
1954 267.127
1870 263.127
1871 259.127
1997 41
1998 37
2089 33
2179 29
2180 25
1999 33
2090 29
2041 279.127
1952 275.127
1868 271.127
2040 283.127
2042 275.127
2033 403.937
2035 399
2034 403
2037 293.127
2036 395.723
2039 287.127
2024 88
2114 84
2203 80
2288 76
2375 72
2021 76
2020 72
2023 84
2022 80
2075 89
2077 81
2065 129
2067 121
2066 125
2156 121
2157 117
2069 113
2071 105
2057 161
2059 153
2063 137
2055 169
2105 48
2104 44
2103 40
2102 36
2101 32
2100 28
2099 24
2107 56
2109 64
2198 60
2283 56
2370 52
2369 48
2368 44
2108 60
2197 56
2282 52
2110 68
2088 37
2095 16
2081 65
2171 61
2257 57
2345 52
2346 48
2080 69
2083 57
2082 61
2143 173
2144 169
2230 165
2129 297.127
2128 399.723
2131 291.127
2132 287.127
2133 283.127
2134 279.127
2125 407.937
2127 403
2126 407
2113 80
2202 76
2287 72
2374 68
2373 64
2168 73
2170 65
2173 53
2259 49
2347 44
2172 57
2175 45
2261 41
2349 36
2174 49
2260 45
2348 40
2161 101
2165 85
2167 77
2253 73
2341 68
2342 64
2153 133
2239 129
2145 165
2147 157
2201 72
2200 68
2199 64
2193 40
2278 36
2277 32
2276 28
2363 24
2192 36
2191 32
2194 44
2196 52
2185 12
2189 24
2274 20
2361 16
2360 12
2188 20
2190 28
2275 24
2362 20
2233 153
2235 145
2323 140
2236 141
2324 136
2225 278.127
2224 282.127
2229 169
2231 161
2217 411
2216 411.937
2219 301.127
2218 407
2221 294.127
2222 290.127
2223 286.127
2267 17
2355 12
2266 21
2354 16
2256 61
2344 56
2258 53
2249 89
2337 84
2248 93
2336 88
2251 81
2254 69
2243 113
2331 108
2245 105
2333 100
2244 109
2332 104
2247 97
2335 92
2281 48
2285 64
2284 60
2286 68
2273 16
2330 112
2315 172
2305 411
2304 415
2309 294.127
2308 298.127
2311 286.127
2310 290.127
2365 32
2364 28
2367 40
2353 20
2352 24
2393 420.162
2479 413.162
2392 415
2395 305.127
2387 120
2472 116
2371 56
2372 60
2401 168
2402 164
2403 160
2489 156
2490 152
2491 148
2493 140
2494 136
2495 132
2492 144
2481 309.127
2480 313.127
2483 301.127
2485 297.127
2486 168
2520 32
2523 20
2525 12
2526 8
2513 60
2512 64
2515 52
2516 48
2517 44
2518 40
2519 36
2514 56
2505 92
2506 88
2507 84
2508 80
2509 76
2504 96
2511 68
2510 72
2498 120
2503 100
2502 104
2544 68
2543 64
2542 60
2541 56
2537 40
2536 36
2535 32
2539 48
2538 44
2540 52
2528 4
2531 16
2530 12
2533 24
2532 20
2534 28
2585 116
2500 112
2587 108
2588 104
2589 100
2590 96
2591 92
2592 88
2586 112
2583 124
2584 120
2499 116
2569 301.127
2570 302.127
2573 164
2572 168
2575 156
2576 152
2574 160
2565 313.127
2564 317.127
2567 305.127
2617 21
2616 17
2619 29
2618 25
2621 37
2620 33
2623 45
2622 41
2609 20
2610 16
2611 12
2614 9
2601 52
2600 56
2603 44
2602 48
2605 36
2604 40
2606 32
2607 28
2522 24
2593 84
2595 76
2594 80
2597 68
2596 72
2599 60
2598 64
2649 391.567
2650 387.567
2651 321.127
2652 317.127
2654 309.127
2625 53
2624 49
2627 61
2626 57
2629 69
2628 65
2630 73
2657 305.127
2656 305.127
2659 167
2660 163
2661 159
2662 155
2663 151
2664 147
2665 143
2666 139
2667 135
2668 131
2669 127
2713 77
2712 73
2705 45
2704 41
2707 53
2706 49
2709 61
2708 57
2711 69
2710 65
2703 37
2745 309.127
2747 171
2748 167
2746 309.127
2749 163
2750 159
2751 155
2742 313.127
2733 396.567
2776 55
2779 43
2780 39
2781 35
2769 83
2770 79
2771 75
2768 87
2773 67
2774 63
2775 59
2772 71
2761 115
2762 111
2763 107
2764 103
2765 99
2766 95
2767 91
2793 57
2795 65
2794 61
2797 73
2796 69
2799 81
2798 77
2785 25
2787 33
2786 29
2840 155
2841 151
2845 135
2835 175
2837 167
2838 163
2836 171
2839 159
2827 329.127
2829 321.127
2830 317.127
2828 325.127
2822 380.567
2915 376.567
3017 372.567
3018 368.567
2873 26
2875 34
2874 30
2877 42
2876 38
2879 50
2878 46
2867 47
2868 43
2866 51
2869 39
2871 34.902
2857 87
2858 83
2859 79
2856 91
2861 71
2862 67
2863 63
2860 75
2850 115
2855 95
2854 99
2909 399.567
2910 395.567
2911 391.567
3014 384.567
3015 380.567
3016 376.567
2888 86
2880 54
2883 66
2882 62
2885 74
2884 70
2887 82
2886 78
2928 317.127
2930 317.127
2832 313.127
2744 309.127
2933 184
2834 177
2932 188
2935 179
2921 347.584
2922 343.584
2925 329.127
2926 325.127
2927 321.127
2924 333.127
2913 384.567
2914 380.567
2912 388.567
2969 43
2968 47
2971 38.902
2975 34
2974 30
2961 75
2962 71
2963 67
2960 79
2965 59
2967 51
2966 55
2952 111
2953 107
2853 103
2955 99
2957 91
2958 87
2956 95
2959 83
2946 135
2947 131
2948 127
2949 123
2950 119
2951 115
2987 82
2986 78
2989 90
2988 86
2977 42
2976 38
2979 50
2978 46
2981 58
2980 54
3033 321.127
3032 321.127
3035 192
3036 188
3034 196
2931 192
3039 179
3040 175
3041 171
3042 167
3027 333.127
3028 329.127
3029 325.127
3030 321.127
3026 337.127
3013 402.567
3012 406.567
3065 42.902
3069 34
3071 42
3070 38
3057 71
3056 75
3059 63
3061 55
3060 59
3063 47
3062 51
3049 103
3050 99
3051 95
3053 87
3052 91
3055 79
3054 83
3083 90
3082 86
3084 94
3073 50
3072 46
3075 58
3074 54
3077 66
3076 62
3079 74
3078 70
3121 329.127
3120 333.127
3127 189
3037 185
2934 181
3119 337.127
3118 341.127
3109 375.127
3110 371.127
3108 379.127
3160 36.999
3163 38
3165 46
3164 42
3167 54
3166 50
3152 59
3153 55
3154 51
3156 46.902
3159 36.999
3145 87
3146 83
3147 79
3144 91
3148 75
3151 63
3150 67
3141 103
3142 99
3143 95
3140 107
3178 98
3169 62
3168 58
3171 70
3170 66
3173 78
3172 74
3174 82
3231 107
3219 193
3218 196
3126 192
3220 191
3221 187
3222 183
3223 179
3224 175
3132 171
3209 355.127
3210 351.127
3211 347.127
3208 359.127
3213 341.127
3212 345.127
3203 379.127
3204 375.127
3207 363.127
3206 367.127
3257 43
3259 51
3258 47
3261 59
3260 55
3263 67
3262 63
3251 43.999
3250 47.999
3253 40.999
3252 40.999
3255 41
3241 67
3240 71
3244 55
3246 50.902
3233 99
3232 103
3238 79
3272 103
3275 115
3181 110
3087 106
2992 102
2891 98
2802 93
2716 89
2633 85
2547 80
3265 75
3264 71
3267 83
3266 79
3269 91
3268 87
3270 95
3305 355.127
3304 359.127
3307 349.127
3308 345.127
3306 351.127
3309 341.127
3310 337.127
3215 333.127
3216 329.127
3122 325.127
3298 387.127
3303 363.127
3353 55
3352 51
3351 47
3355 63
3354 59
3357 71
3356 67
3359 79
3358 75
3345 44.999
3344 47.999
3346 44.999
3349 45
3336 59
3339 54.902
3247 50.902
3338 54.902
3341 57.999
3342 53.999
3343 51.999
3333 71
3332 75
3335 63
3243 59
3334 67
3361 87
3360 83
3363 95
3362 91
3364 99
3417 71
3418 67
3416 75
3419 63
3421 58.902
3423 58.902
3422 58.902
3408 183
3318 179
3415 79
3401 355.127
3402 353.127
3405 341.127
3404 345.127
3399 363.127
3400 359.127
3449 103
3448 99
3447 95
3450 107
3453 119
3368 115
3274 111
3180 106
3086 102
2991 98
2890 94
2801 89
2715 85
2632 81
2546 76
2545 72
3441 71
3440 67
3443 79
3442 75
3445 87
3444 83
3446 91
3432 48.999
3434 49
3437 55
3436 51
3439 63
3438 59
3425 61.999
3426 57.999
3424 62.902
3427 55.999
3428 51.999
3429 48.999
3431 48.999
3430 48.999
3481 383.127
3482 379.127
3483 375.127
3484 371.127
3398 367.127
3485 367.127
3487 357.127
3488 353.127
3489 349.127
3490 345.127
3477 397.126
3513 55.999
3512 59.999
3515 52.999
3514 52.999
3517 52.999
3516 52.999
3519 53
3507 62.902
3506 62.902
3509 63.902
3508 62.902
3510 65.999
3501 79
3502 75
3492 350.127
3491 346.127
3529 84
3528 80
3531 92
3530 88
3533 100
3532 96
3535 108
3534 104
3520 54
3523 60
3522 56
3525 68
3524 64
3527 76
3526 72
3579 325.029
3581 325.029
3561 210
3475 205
3390 200
3296 195
3202 190
3564 379.127
3565 375.127
3609 64
3608 60
3611 72
3610 68
3613 80
3612 76
3615 88
3614 84
3601 56.999
3600 56.999
3603 56.999
3602 56.999
3605 57
3606 58
3593 66.902
3592 66.902
3595 67.902
3594 66.902
3597 63.999
3598 59.999
3596 65.999
3511 61.999
3599 56.999
3586 83
3587 79
3589 71
3591 66.902
3590 67
3617 96
3616 92
3619 104
3618 100
3620 108
3673 71
3672 75
3675 70.902
3674 70.902
3677 70.902
3676 70.902
3679 69.999
3678 70.902
3651 371.127
3567 367.127
3486 363.127
3705 116
3704 112
3703 108
3707 124
3706 120
3697 84
3696 80
3699 92
3698 88
3701 100
3700 96
3702 104
3689 61
3690 62
3693 68
3692 64
3695 76
3694 72
3681 63.999
3680 67.999
3683 60.999
3682 60.999
3685 60.999
3684 60.999
3687 60.999
3686 60.999
3741 350.004
3827 346.004
3916 342.004
4005 338.004
3742 350.135
3730 387.127
3648 383.127
3733 375.127
3734 375.127
3652 371.127
3769 64.999
3768 67.999
3771 64.999
3770 64.999
3773 64.999
3772 64.999
3774 64.999
3761 74.902
3760 75
3763 74.902
3762 74.902
3765 74.902
3764 74.902
3767 71.999
3766 73.999
3753 195
3667 191
3583 187
3499 183
3411 179
3320 175
3226 171
3134 167
3752 195
3666 191
3498 183
3410 179
3759 79
3746 317.004
3748 313.004
3836 309.004
3751 195
3793 121
3792 117
3795 129
3785 89
3784 85
3787 97
3786 93
3789 105
3788 101
3791 113
3790 109
3777 66
3776 65
3778 67
3781 73
3780 69
3783 81
3782 77
3833 351.004
3832 347.004
3920 343.004
4008 339.004
4096 333.004
3834 355.004
3922 351.004
4010 347.004
4009 343.004
3837 309.004
3926 305.004
3838 201
3825 354.004
3826 350.004
3915 346.004
4004 342.004
4094 337.004
3828 349.324
3819 383.127
3732 379.127
3821 369.127
3735 365.127
3736 361.127
3654 357.127
3655 353.127
3570 349.127
3865 70
3864 69
3866 71
3869 77
3868 73
3871 85
3870 81
3857 68.999
3856 68.999
3859 68.999
3858 68.999
3861 68.999
3860 68.999
3849 78.902
3848 78.902
3851 78.902
3850 78.902
3853 77.999
3852 78.902
3855 71.999
3854 75.999
3841 199
3840 199
3846 83
3847 79
3889 157
3801 153
3713 148
3629 144
3543 140
3457 135
3372 131
3371 127
3370 123
3276 119
3182 114
3881 125
3880 121
3879 117
3883 133
3882 129
3887 149
3799 145
3711 140
3710 136
3709 132
3886 145
3798 141
3873 93
3872 89
3875 101
3874 97
3877 109
3876 105
3878 113
3929 203
3930 203
3932 94.387
3921 347.004
3923 355.004
4011 351.004
3924 306.004
4013 302.004
3914 350.004
3904 390.004
3905 386.004
3906 382.004
3995 378.004
4085 373.004
4086 369.004
4176 365.004
4177 361.004
4270 357.004
3907 378.004
3996 374.004
3909 370.004
3910 366.004
3911 362.004
3912 358.004
4001 354.004
4091 349.004
4092 345.004
4182 341.004
4275 337.004
3961 93
3960 89
3959 85
3958 81
3963 101
3962 97
3965 109
3964 105
3967 117
3966 113
3953 73
3955 75
3954 74
3957 77
3945 72.999
3944 72.999
3947 72.999
3946 72.999
3949 72.999
3948 72.999
3950 72.999
3943 75.999
3992 390.004
4082 385.004
4083 381.004
3977 157
3976 153
3979 165
3890 161
3978 161
3969 125
3968 121
3971 133
3970 129
3973 141
3972 137
3975 149
4024 87
3935 83
4031 83.999
3942 79.999
4017 207
4019 207
3931 203
4018 207
4023 91
4000 358.004
4090 353.004
4180 349.004
4273 345.004
4003 346.004
4093 341.004
4183 337.004
4276 333.004
4057 121
4056 117
4055 113
4059 129
4058 125
4061 137
4060 133
4063 145
4062 141
4049 89
4048 85
4051 97
4050 93
4053 105
4052 101
4054 109
4041 76.999
4043 77
4045 79
4044 78
4047 81
4033 76.999
4032 79.999
4034 76.999
4037 76.999
4039 76.999
4038 76.999
4065 153
4067 161
4066 157
4069 169
4068 165
4071 177
4070 173
3980 169
3891 165
3803 161
3715 156
3631 152
3630 148
3544 144
3458 139
4121 83.999
4123 80.999
4122 80.999
4112 95
4106 211
4108 211
4111 99
4022 95
4097 321.004
4098 317.004
4189 313.004
4190 309.004
4283 305.004
4101 301.004
4153 150
4152 146
4155 158
4157 166
4156 162
4159 174
4158 170
4145 118
4144 114
4149 134
4148 130
4151 142
4150 138
4137 86
4139 94
4138 90
4141 102
4140 98
4143 110
4142 106
4130 80.999
4133 82
4132 81
4135 84
4134 83
4184 333.004
4277 329.004
4187 321.004
4188 317.004
4186 325.004
4279 321.004
4175 369.004
4268 365.004
4161 182
4160 178
4162 186
4072 181
3982 177
3893 173
3805 169
3717 164
3716 160
4216 84.999
4215 84.999
4214 84.999
4203 103
4195 217
4198 215
4249 166
4248 162
4251 174
4250 170
4253 182
4252 178
4255 190
4254 186
4241 134
4243 142
4242 138
4245 150
4244 146
4246 154
4233 102
4232 98
4231 94
4235 110
4234 106
4237 118
4236 114
4227 87
4226 86
4228 88
4230 90
4281 313.004
4280 317.004
4282 309.004
4272 349.004
4274 341.004
4265 385.004
4264 389.004
4266 381.004
4256 194
4263 393.004
4262 218
4261 214
4168 210
4078 205
4077 201
3987 197
3986 193
3985 189
3984 185
3895 181
3807 177
3719 172
3718 168
4317 89
4225 85
4319 91
4318 90
4305 88.999
4290 219
4295 103
4204 99
4294 107
4345 186
4344 182
4347 194
4346 190
4348 198
4337 154
4336 150
4335 146
4338 158
4341 170
4343 178
4342 174
4329 122
4328 118
4333 138
4334 142
4320 92
4323 98
4325 106
4324 102
4327 114
4326 110
4355 391.004
4354 395.004
4357 368.004
4409 94
4408 93
4411 96
4410 95
4412 97
4415 103
4414 99
4322 94
4395 95.999
4304 91.999
4213 87.999
4394 99.999
4303 95.999
4387 103
4296 99
4205 95
4113 91
4388 102.902
4297 98.902
4206 94.902
4114 90.902
4025 86.902
3936 82.902
4441 207
4349 202
4440 203
4442 211
4350 206
4258 202
4165 198
4075 193
4445 395.004
4444 219
4352 214
4351 210
4259 206
4447 368.004
4433 175
4435 183
4434 179
4437 191
4436 187
4438 195
4429 159
4431 167
4430 163
4417 111
4416 107
4419 119
4418 115
4421 127
4420 123
4465 289.004
4553 285.004
4639 281.004
4640 277.004
4641 273.004
4642 269.004
4464 293.004
4552 289.004
4459 313.004
4460 309.004
4461 305.004
4462 301.004
4463 297.004
4551 293.004
4449 353.004
4537 349.004
4623 345.004
4624 341.004
4625 337.004
4626 333.004
4627 329.004
4628 325.004
4629 321.004
4630 317.004
4631 313.004
4632 309.004
4633 305.004
4634 301.004
4635 297.004
4636 293.004
4637 289.004
4638 285.004
4448 357.004
4536 353.004
4622 349.004
4451 345.004
4452 341.004
4540 337.004
4541 333.004
4450 349.004
4453 337.004
4455 329.004
4456 325.004
4544 321.004
4505 111
4504 107
4503 103
4507 119
4506 115
4508 123
4497 97
4499 99
4498 98
4501 101
4500 100
4488 96.999
4400 92.999
4309 88.999
4217 84.999
4125 80.999
4036 76.999
4485 96.999
4397 92.999
4306 88.999
4484 96.999
4396 92.999
4487 96.999
4398 92.999
4307 88.999
4486 96.999
4539 341.004
4538 345.004
4529 207
4528 203
4439 199
4531 215
4530 211
4533 399.004
4532 219
4443 215
4534 403.004
4523 183
4522 179
4525 191
4524 187
4527 199
4526 195
4571 100.999
4570 100.999
4573 100.999
4572 100.999
4575 100.999
4489 96.999
4554 281.004
4546 313.004
4549 301.004
4550 297.004
4548 305.004
4593 119
4592 115
4591 111
4590 107
4595 127
4594 123
4596 131
4509 127
4587 104
4576 100.999
4617 215
4616 211
4619 403.004
4618 219
4621 353.004
4609 183
4611 191
4610 187
4613 199
4612 195
4615 207
4614 203
4657 104.999
4659 104.999
4574 100.999
4658 104.999
4660 104.999
4697 195
4699 203
4698 199
4701 211
4700 207
4702 215
4681 131
4680 127
4679 123
4678 119
4677 115
4683 139
4682 135
4684 143
4598 139
4511 135
4422 131
4330 126
4674 109
4588 105
4676 111
4721 281.004
4722 277.004
4723 273.004
4724 269.004
4725 265.004
4720 285.004
4713 313.004
4714 309.004
4715 305.004
4716 301.004
4717 297.004
4718 293.004
4719 289.004
4705 345.004
4706 341.004
4707 337.004
4708 333.004
4709 329.004
4710 325.004
4711 321.004
4712 317.004
4704 349.004
4763 114
4765 116
4767 124
4766 120
4747 108.999
4746 108.999
4749 108.999
4661 104.999
4748 108.999
4793 343.968
4794 339.968
4795 335.968
4792 347.968
4785 196
4696 191
4787 204
4786 200
4789 212
4788 208
4791 220
4790 216
4769 132
4768 128
4771 140
4772 144
4816 252.968
4815 256.968
4860 152
4859 148
4863 164
4776 160
4687 155
4686 151
4685 147
4599 143
4512 139
4423 135
4331 130
4853 124
4852 120
4855 132
4854 128
4843 112.999
4835 112.999
4839 112.999
4752 108.999
4664 104.999
4578 100.999
4889 303.968
4890 299.968
4888 307.968
4891 295.968
4893 287.968
4892 291.968
4895 279.968
4896 275.968
4897 271.968
4894 283.968
4883 327.968
4884 323.968
4882 331.968
4887 311.968
4873 204
4872 200
4875 212
4874 208
4877 220
4876 216
4879 343.968
4878 347.968
4865 172
4778 168
4689 163
4688 159
4602 155
4601 151
4600 147
4864 168
4777 164
4918 116.999
4834 112.999
4901 256.968
4900 260.968
4957 204
4959 212
4958 208
4945 156
4947 164
4946 160
4949 172
4948 168
4950 176
4937 124
4939 132
4938 128
4940 136
4942 144
4941 140
4856 136
4985 260.968
4984 264.968
4977 291.968
4978 287.968
4979 283.968
4981 275.968
4980 279.968
4968 327.968
4973 307.968
4972 311.968
4974 303.968
4961 220
4960 216
4963 347.968
4962 351.968
4965 339.968
4967 331.968
4966 335.968
5022 133
5011 120.999
4928 116.999
5015 123
4931 118
4846 114
4759 110
4670 105
4584 101
5051 331.968
5050 335.968
5053 323.968
5054 319.968
5055 315.968
5052 327.968
4969 323.968
4885 319.968
5041 209
5043 217
5042 213
5045 355.968
5044 221
5033 177
5032 173
5027 153
4943 148
5026 149
5031 169
5030 165
5057 307.968
5058 303.968
4975 299.968
5056 311.968
5059 299.968
4976 295.968
5061 291.968
5060 295.968
5063 283.968
5062 287.968
5113 173
5112 169
5111 165
5110 161
5028 157
4944 152
5101 131
5019 127
4935 122
4850 118
5093 124.999
5137 315.968
5136 319.968
5139 307.968
5138 311.968
5129 347.968
5130 343.968
5131 339.968
5132 335.968
5133 331.968
5134 327.968
5135 323.968
5123 213
5125 221
5124 217
5126 225
5176 130
5096 126
5014 122
4930 117
4845 113
4758 109
5175 129
5095 125
5013 121
5209 347.968
5208 351.968
5211 339.968
5213 331.968
5212 335.968
5214 327.968
5215 323.968
5203 217
5205 225
5204 221
5207 355.968
5193 177
5192 173
5191 169
5194 181
5224 287.968
5217 315.968
5216 319.968
5221 299.968
5220 303.968
5223 291.968
5222 295.968
5275 178
5274 174
5276 182
5307 307.968
5306 311.968
5309 299.968
5308 303.968
5311 291.968
5310 295.968
5296 351.968
5297 347.968
5298 343.968
5301 331.968
5302 327.968
5303 323.968
5295 355.968
5294 359.968
5287 226
5361 174
5360 170
5272 166
5189 161
5109 157
5108 153
5400 303.968
5393 331.968
5392 335.968
5397 315.968
5398 311.968
5396 319.968
5399 307.968
5386 359.968
5387 355.968
5388 351.968
5465 226
5489 311.968
5488 315.968
5493 295.968
5492 299.968
5483 335.968
5485 327.968
5486 323.968
5487 319.968
5472 378.968
5567 343.968
5568 339.968
5566 347.968
5554 394.968
5585 292.968
5661 288.968
5584 284.968
5499 280.968
5408 276.968
5577 303.968
5576 307.968
5580 292.968
5495 288.968
5405 284.968
5314 280.968
5227 276.968
5148 272.968
5067 268.968
5571 327.968
5572 323.968
5570 331.968
5626 227
5549 222
5463 218
5371 214
5283 210
5200 205
5120 201
5038 197
4954 192
4953 188
4952 184
4867 180
4866 176
4779 172
4690 167
4604 163
4517 159
4428 155
5657 292.968
5656 296.968
5659 288.968
5583 284.968
5498 280.968
5660 288.968
5662 288.968
5500 280.968
5409 276.968
5317 272.968
5648 327.968
5651 315.968
5650 319.968
5652 311.968
5653 307.968
5643 347.968
5644 343.968
5647 331.968
5646 335.968
5695 187
5694 183
5614 179
5537 174
5451 170
5359 166
5271 162
5188 157
5725 339.968
5726 335.968
5727 331.968
5736 296.968
5739 292.968
5740 292.968
5729 323.968
5730 319.968
5731 315.968
5733 307.968
5735 300.968
5789 387.968
5714 383.968
5715 379.968
5716 375.968
5717 371.968
5718 367.968
5639 363.968
5563 359.968
5478 355.968
5479 351.968
5480 347.968
5390 343.968
5391 339.968
5808 311.968
5811 300.968
5810 304.968
5815 296.968
5814 296.968
5801 339.968
5800 343.968
5802 335.968
5805 323.968
5804 327.968
5806 319.968
5881 319.968
5807 315.968
5880 323.968
5882 315.968
5885 304.968
5884 308.968
5872 355.968
5798 351.968
5723 347.968
5875 343.968
5876 339.968
5874 347.968
5879 327.968
5878 331.968
5864 387.968
5865 383.968
5791 379.968
5863 391.968
5889 300.968
5888 300.968
5947 355.968
5949 343.968
5951 335.968
5939 387.968
5961 304.968
5962 304.968
5953 327.968
5952 331.968
5955 319.968
5954 323.968
5957 312.968
5958 308.968
6001 680.924
6082 675.924
6083 671.924
6159 667.924
6234 663.924
6309 658.924
6310 654.924
6311 650.924
6312 646.924
6000 232
5927 228
5853 224
5778 219
5702 215
5701 211
5700 207
5620 203
5543 198
5542 194
5456 190
5364 186
6003 672.924
6084 667.924
6160 663.924
6235 659.924
6002 676.924
6004 668.924
6085 663.924
6041 308.968
6033 331.968
6034 327.968
6035 323.968
6032 335.968
6037 316.968
6038 312.968
6031 339.968
6016 399.968
6017 395.968
6018 391.968
6019 387.968
6020 383.968
5941 379.968
5867 375.968
5793 371.968
6109 351.968
6110 347.968
6111 343.968
6081 679.924
6157 675.924
6158 671.924
6233 667.924
6308 662.924
6121 312.968
6122 312.968
6042 308.968
6113 335.968
6112 339.968
6115 327.968
6114 331.968
6117 320.968
6118 316.968
6161 659.924
6155 233
6079 228
6078 224
5997 220
5996 216
5995 212
5922 208
5848 204
5773 199
5772 195
5696 191
5616 187
5539 182
5538 178
5452 174
6156 679.924
6192 331.968
6195 320.968
6194 324.968
6197 316.968
6187 351.968
6186 355.968
6189 343.968
6190 339.968
6188 347.968
6191 335.968
6232 671.924
6307 666.924
6237 651.924
6236 655.924
6231 675.924
6306 670.924
6230 233
6229 229
6153 225
6077 220
6264 343.968
6269 324.968
6268 328.968
6271 320.968
6261 355.968
6262 351.968
6263 347.968
6241 434.968
6242 430.968
6243 426.968
6169 422.968
6092 418.968
6247 411.968
6173 407.968
6174 403.968
6097 399.968
6098 395.968
6099 391.968
6318 438.968
6305 674.924
6345 332.968
6346 328.968
6348 324.968
6351 324.968
6274 320.968
6200 316.968
6339 355.968
6338 359.968
6341 347.968
6340 351.968
6343 339.968
6393 627.924
6394 623.924
6392 631.924
6385 659.924
6386 655.924
6387 651.924
6388 647.924
6389 643.924
6390 639.924
6391 635.924
6384 663.924
6381 675.924
6382 671.924
6383 667.924
6380 234
6303 229
6302 225
6301 221
6226 217
6150 213
6074 208
6073 204
5992 200
5919 196
5845 192
5770 187
6424 332.968
6426 328.968
6417 359.968
6418 355.968
6419 351.968
6416 363.968
6421 343.968
6423 336.968
6409 391.968
6411 383.968
6333 379.968
6412 379.968
6413 375.968
6335 371.968
6258 367.968
6259 363.968
6185 359.968
6415 367.968
6337 363.968
6401 422.968
6323 418.968
6246 414.968
6172 410.968
6095 406.968
6015 402.968
6459 672.924
6540 668.924
6620 663.924
6621 659.924
6699 655.924
6775 651.924
6848 646.924
6920 642.924
6996 638.924
7067 633.924
7136 629.924
7201 625.924
7202 621.924
7269 617.924
7337 612.924
7338 608.924
7339 604.924
7408 600.924
7409 596.924
7410 592.924
7411 588.924
7412 584.924
7413 580.924
7414 576.924
6458 676.924
6539 672.924
6619 667.924
6461 664.924
6462 660.924
6463 656.924
6544 652.924
6624 647.924
6702 643.924
6703 639.924
6779 635.924
6852 630.924
6924 626.924
6925 622.924
6926 618.924
7002 614.924
7073 609.924
7142 605.924
7143 601.924
7208 597.924
7209 593.924
7276 589.924
7344 584.924
6460 668.924
6483 426.968
6484 423.968
6485 419.968
6486 415.968
6487 411.968
6473 616.924
6554 612.924
6634 607.924
6472 620.924
6477 603.924
6558 599.924
6638 594.924
6716 590.924
6792 586.924
6865 581.924
6937 577.924
7013 573.924
6476 604.924
6557 600.924
6478 602.924
6559 598.924
6639 593.924
6717 589.924
6793 585.924
6866 580.924
6938 576.924
6465 648.924
6546 644.924
6626 639.924
6627 635.924
6628 631.924
6706 627.924
6707 623.924
6783 619.924
6856 614.924
6928 610.924
6929 606.924
6930 602.924
6931 598.924
6932 594.924
7008 590.924
7079 585.924
7080 581.924
7081 577.924
7150 573.924
7215 569.924
7216 565.924
6464 652.924
6545 648.924
6625 643.924
6467 640.924
6548 636.924
6466 644.924
6547 640.924
6469 632.924
6470 628.924
6551 624.924
6631 619.924
6632 615.924
6710 611.924
6711 607.924
6468 636.924
6549 632.924
6629 627.924
6471 624.924
6552 620.924
6505 340.968
6507 332.968
6506 336.968
6497 371.968
6498 367.968
6553 616.924
6633 611.924
6550 628.924
6630 623.924
6541 664.924
6543 656.924
6623 651.924
6701 647.924
6542 660.924
6622 655.924
6585 351.968
6503 347.968
6584 355.968
6587 344.968
6588 340.968
6589 336.968
6591 336.968
6583 359.968
6582 363.968
6575 391.968
6576 387.968
6494 383.968
6495 379.968
6560 597.924
6640 592.924
6718 588.924
6565 430.968
6566 427.968
6618 671.924
6696 667.924
6697 663.924
6773 659.924
6846 654.924
6918 650.924
6994 646.924
7065 641.924
7134 637.924
7199 633.924
7266 629.924
7334 624.924
7335 620.924
7336 616.924
6651 407.968
6572 403.968
6644 434.968
6664 355.968
6667 344.968
6666 348.968
6659 375.968
6661 367.968
6660 371.968
6663 359.968
6662 363.968
6705 631.924
6781 627.924
6854 622.924
6704 635.924
6780 631.924
6853 626.924
6709 615.924
6785 611.924
6858 606.924
6708 619.924
6784 615.924
6857 610.924
6698 659.924
6700 651.924
6695 671.924
6745 348.968
6746 344.968
6668 340.968
6744 352.968
6737 379.968
6738 375.968
6739 371.968
6741 363.968
6742 359.968
6740 367.968
6733 395.968
6734 391.968
6656 387.968
6577 383.968
6578 379.968
6735 387.968
6723 435.968
6645 431.968
6777 643.924
6850 638.924
6851 634.924
6923 630.924
6776 647.924
6849 642.924
6778 639.924
6782 623.924
6855 618.924
6771 667.924
6844 662.924
6916 658.924
6992 654.924
7063 649.924
7132 645.924
7133 641.924
6770 239
6694 235
6616 230
6615 226
6535 222
6534 218
6452 214
6451 210
6450 206
6372 202
6295 197
6220 193
6144 189
6068 184
5987 180
5914 176
5840 172
5765 167
5689 163
5609 159
5532 154
5446 150
5354 146
5266 142
5183 137
5103 133
5021 129
6772 663.924
6845 658.924
6774 655.924
6847 650.924
6919 646.924
6809 395.968
6813 379.968
6814 375.968
6815 371.968
6816 367.968
6817 363.968
6812 383.968
6798 439.968
6787 603.924
6860 598.924
6786 607.924
6859 602.924
6789 595.924
6862 590.924
6788 599.924
6861 594.924
6843 666.924
6915 662.924
6819 356.968
6820 352.968
6821 348.968
6822 348.968
6879 403.968
6808 399.968
6869 443.968
6870 439.968
6871 435.968
6910 725.924
6888 367.968
6890 360.968
6891 356.968
6892 352.968
6880 399.968
6883 387.968
6882 391.968
6885 379.968
6884 383.968
6887 371.968
6886 375.968
6941 443.968
6940 447.968
6933 590.924
6934 586.924
7010 582.924
6935 582.924
6921 638.924
6997 634.924
7068 629.924
7069 625.924
7070 621.924
7071 617.924
7072 613.924
6922 634.924
6998 630.924
6927 614.924
7003 610.924
7074 605.924
6914 666.924
6917 654.924
6953 391.968
6952 395.968
6954 387.968
6955 383.968
6956 379.968
6957 375.968
6958 371.968
6949 407.968
7001 618.924
7000 622.924
7005 602.924
7076 597.924
7077 593.924
7078 589.924
7004 606.924
7075 601.924
7007 594.924
7006 598.924
6993 650.924
7064 645.924
6995 642.924
7066 637.924
6999 626.924
6985 690.924
7054 685.924
7055 681.924
7056 677.924
7057 673.924
7058 669.924
7127 665.924
7128 661.924
7129 657.924
7130 653.924
7131 649.924
6984 694.924
7053 689.924
6987 682.924
6986 686.924
6989 666.924
7060 661.924
6988 678.924
6991 658.924
7062 653.924
6990 662.924
7061 657.924
6977 722.924
7046 717.924
7047 713.924
7116 709.924
7181 705.924
7248 701.924
7316 696.924
7317 692.924
7318 688.924
7319 684.924
7388 680.924
7454 676.924
7455 672.924
6976 726.924
7045 721.924
6979 714.924
7048 709.924
7049 705.924
7050 701.924
6978 718.924
6981 706.924
6980 710.924
6983 698.924
7052 693.924
7032 375.968
7034 368.968
6960 364.968
7025 403.968
7027 395.968
7028 391.968
7029 387.968
7030 383.968
7031 379.968
7026 399.968
7017 447.968
7016 451.968
7018 443.968
6942 439.968
7009 586.924
7011 578.924
7082 573.924
7059 665.924
7044 725.924
7097 403.968
7096 407.968
7099 395.968
7100 391.968
7101 387.968
7098 399.968
7103 379.968
7102 383.968
7095 411.968
7085 458.968
7015 454.968
6939 450.968
6868 446.968
6797 442.968
6722 438.968
7087 451.968
7086 455.968
7135 633.924
7200 629.924
7121 689.924
7186 685.924
7253 681.924
7123 681.924
7188 677.924
7189 673.924
7190 669.924
7257 665.924
7325 660.924
7326 656.924
7327 652.924
7396 648.924
7122 685.924
7187 681.924
7125 673.924
7124 677.924
7126 669.924
7191 665.924
7258 661.924
7113 721.924
7178 717.924
7179 713.924
7246 709.924
7314 704.924
7315 700.924
7384 696.924
7450 692.924
7451 688.924
7452 684.924
7453 680.924
7112 725.924
7177 721.924
7244 717.924
7312 712.924
7313 708.924
7382 704.924
7448 700.924
7449 696.924
7115 713.924
7114 717.924
7117 705.924
7182 701.924
7183 697.924
7184 693.924
7251 689.924
7119 697.924
7118 701.924
7105 372.968
7163 423.968
7162 435.968
7228 431.968
7229 427.968
7165 415.968
7166 411.968
7167 407.968
7155 459.968
7156 455.968
7159 447.968
7158 447.968
7145 593.924
7210 589.924
7277 585.924
7345 580.924
7144 597.924
7147 585.924
7148 581.924
7149 577.924
7214 573.924
7281 569.924
7349 564.924
7350 560.924
7419 556.924
7420 552.924
7146 589.924
7211 585.924
7278 581.924
7346 576.924
7347 572.924
7348 568.924
7417 564.924
7151 569.924
7137 625.924
7139 617.924
7204 613.924
7205 609.924
7272 605.924
7340 600.924
7138 621.924
7141 609.924
7206 605.924
7273 601.924
7341 596.924
7140 613.924
7193 657.924
7194 653.924
7261 649.924
7329 644.924
7330 640.924
7331 636.924
7332 632.924
7333 628.924
7192 661.924
7259 657.924
7195 649.924
7262 645.924
7197 641.924
7264 637.924
7196 645.924
7263 641.924
7198 637.924
7265 633.924
7176 372.968
7106 368.968
7035 364.968
6961 360.968
6962 356.968
7180 709.924
7247 705.924
7169 399.968
7170 395.968
7168 403.968
7171 391.968
7172 387.968
7173 383.968
7175 376.968
7224 447.968
7225 443.968
7226 439.968
7227 435.968
7231 419.968
7232 415.968
7233 411.968
7219 466.968
7154 462.968
7221 459.968
7220 463.968
7223 451.968
7213 577.924
7280 573.924
7212 581.924
7203 617.924
7207 601.924
7256 669.924
7324 664.924
7393 660.924
7260 653.924
7328 648.924
7249 697.924
7250 693.924
7241 380.968
7242 376.968
7243 721.924
7311 716.924
7380 712.924
7381 708.924
7245 713.924
7235 403.968
7236 399.968
7234 407.968
7237 395.968
7238 391.968
7289 455.968
7290 451.968
7291 447.968
7292 443.968
7293 439.968
7283 561.924
7351 556.924
7282 565.924
7275 593.924
7343 588.924
7274 597.924
7342 592.924
7279 577.924
7267 625.924
7268 621.924
7271 609.924
7270 613.924
7323 668.924
7392 664.924
7305 391.968
7239 387.968
7304 395.968
7307 384.968
7308 380.968
7310 720.924
7379 716.924
7297 423.968
7298 419.968
7299 415.968
7300 411.968
7301 407.968
7303 399.968
7302 403.968
7353 551.968
7555 539.968
7355 471.968
7356 467.968
7359 455.968
7360 451.968
7361 447.968
7358 459.968
7376 388.968
7369 415.968
7370 411.968
7368 419.968
7371 407.968
7373 399.968
7372 403.968
7362 443.968
7365 431.968
7367 423.968
7366 427.968
7416 568.924
7418 560.924
7423 475.968
7422 477.968
7415 572.924
7401 628.924
7402 624.924
7400 632.924
7403 620.924
7405 612.924
7406 608.924
7404 616.924
7407 604.924
7395 652.924
7394 656.924
7397 644.924
7399 636.924
7398 640.924
7441 403.968
7440 407.968
7442 399.968
7433 435.968
7432 439.968
7435 427.968
7436 423.968
7437 419.968
7438 415.968
7434 431.968
7439 411.968
7424 471.968
7427 459.968
7428 455.968
7426 463.968
7513 707.968
7514 703.968
7515 699.968
7516 695.968
7517 691.968
7518 687.968
7519 683.968
7520 679.968
7521 675.968
7522 671.968
7523 667.968
7524 663.968
7525 659.968
7526 655.968
7527 651.968
7528 647.968
7529 643.968
7530 639.968
7531 635.968
7532 631.968
7533 627.968
7534 623.968
7535 619.968
7536 615.968
7537 611.968
7538 607.968
7539 603.968
7540 599.968
7541 595.968
7542 591.968
7543 587.968
7544 583.968
7545 579.968
7546 575.968
7547 571.968
7548 567.968
7549 563.968
7550 559.968
7551 555.968
7552 551.968
7553 547.968
7554 543.968
7505 415.968
7506 411.968
7507 407.968
7504 419.968
7497 447.968
7496 451.968
7499 439.968
7500 435.968
7498 443.968
7501 431.968
7502 427.968
7503 423.968
7489 479.968
7490 475.968
7493 463.968
7494 459.968
7492 467.968
7582 716.968
7583 712.968
7584 708.968
7585 704.968
7658 700.968
7659 696.968
7732 692.968
7806 687.968
7807 683.968
7569 447.968
7568 451.968
7570 443.968
7573 431.968
7574 427.968
7575 423.968
7576 419.968
7572 435.968
7561 479.968
7560 483.968
7563 471.968
7564 467.968
7565 463.968
7567 455.968
7559 485.968
7488 481.968
7609 608.968
7682 604.968
7683 600.968
7684 596.968
7685 592.968
7686 588.968
7759 584.968
7833 579.968
7608 612.968
7611 600.968
7610 604.968
7613 592.968
7612 596.968
7615 584.968
7688 580.968
7689 576.968
7690 572.968
7763 568.968
7837 563.968
7614 588.968
7603 632.968
7604 628.968
7677 624.968
7678 620.968
7679 616.968
7752 612.968
7826 607.968
7605 624.968
7607 616.968
7606 620.968
7592 676.968
7665 672.968
7738 668.968
7812 663.968
7641 455.968
7640 459.968
7643 447.968
7644 443.968
7645 439.968
7646 435.968
7642 451.968
7647 431.968
7633 487.968
7634 483.968
7637 471.968
7636 475.968
7638 467.968
7625 544.968
7698 540.968
7771 536.968
7845 531.968
7846 527.968
7624 548.968
7627 536.968
7628 532.968
7629 528.968
7630 524.968
7626 540.968
7617 576.968
7616 580.968
7619 568.968
7692 564.968
7693 560.968
7694 556.968
7695 552.968
7768 548.968
7842 543.968
7843 539.968
7844 535.968
7618 572.968
7621 560.968
7620 564.968
7623 552.968
7622 556.968
7648 427.968
7654 408.091
10081 404.055
7706 487.968
7709 475.968
7708 479.968
7697 544.968
7770 540.968
7696 548.968
7769 544.968
7699 536.968
7772 532.968
7701 528.968
7774 524.968
7848 519.968
7849 515.968
7850 511.968
7700 532.968
7773 528.968
7847 523.968
7703 520.968
7702 524.968
7691 568.968
7764 564.968
7838 559.968
7839 555.968
7681 608.968
7680 612.968
7753 608.968
7827 603.968
7687 584.968
7760 580.968
7834 575.968
7835 571.968
7720 431.968
7713 459.968
7712 463.968
7715 451.968
7714 455.968
7717 443.968
7718 439.968
7719 435.968
7716 447.968
7775 520.968
7761 576.968
7762 572.968
7836 567.968
7765 560.968
7767 552.968
7841 547.968
7766 556.968
7840 551.968
7755 600.968
7829 595.968
7830 591.968
7831 587.968
7754 604.968
7828 599.968
7757 592.968
7756 596.968
7758 588.968
7832 583.968
7751 616.968
7825 611.968
7793 435.968
7792 439.968
7785 467.968
7786 463.968
7784 471.968
7787 459.968
7788 455.968
7789 451.968
7790 447.968
7791 443.968
7776 516.968
7779 491.968
7778 508.968
7781 483.968
7782 479.968
7865 443.968
7864 447.968
7866 439.968
7857 475.968
7858 471.968
7859 467.968
7861 459.968
7860 463.968
7863 451.968
7862 455.968
7855 483.968
7854 487.968
7931 475.968
7930 479.968
7933 467.968
7934 463.968
7935 459.968
7932 471.968
7937 451.968
7938 447.968
7936 455.968
7941 435.968
8013 430.968
7944 423.968
8059 498.968
8062 486.968
8048 542.968
8035 594.968
8036 590.968
8074 439.968
8067 466.968
8123 482.968
