 key  value
8122 600.968
8123 596.968
8064 592.968
8065 588.968
8066 584.968
8004 580.968
8005 576.968
8006 572.968
8007 568.968
8008 564.968
8009 560.968
8010 556.968
8011 552.968
7942 545.968
7869 541.968
7796 537.968
7797 533.968
7724 529.968
7652 525.968
7579 521.968
7508 517.968
7509 513.968
7443 509.968
7375 505.968
7306 501.968
7240 497.968
7174 493.968
7104 489.968
7033 485.968
6959 481.968
6889 477.968
6818 473.968
6743 469.968
6665 465.968
6586 461.968
6504 457.968
6422 453.968
6344 449.968
6267 445.968
6193 441.968
6116 437.968
6036 433.968
5956 429.968
5883 425.968
5809 421.968
5734 417.968
5655 413.968
5579 409.968
5494 405.968
5404 401.968
5313 397.968
5226 393.968
5147 389.968
5066 385.968
4983 381.968
4899 377.968
4814 373.968
4727 366.968
4728 362.968
4729 358.968
9898 354.451
4643 349
4557 345
4469 341
4380 337
4289 333
4196 329
4105 325
4016 321
3928 317
3839 313
3750 309
3665 305
3582 301
3497 297
3409 293
3319 289
3225 285
3133 281
3043 277
2940 273
2941 269
2942 265
2943 261
2944 257
2945 253
2946 249
2947 245
2948 241
2949 237
3045 230
3046 226
3138 222
3229 217
3323 210
3324 206
3325 202
3326 198
3327 194
3328 190
3329 186
3330 182
3331 178
3415 174
3501 169
3587 165
3671 161
3759 156
3760 152
3848 148
3849 144
3850 140
3851 136
3852 132
3853 128
3854 124
3855 120
3856 116
3857 112
3858 108
3859 104
3860 100
3861 96
3950 92
3951 88
4041 84
4042 80
4043 76
4044 72
4045 68
4046 64
4047 60
4048 56
4049 52
4050 48
4051 44
4052 40
4053 36
4054 32
4055 28
4056 24
4057 20
4058 16
4059 12
4060 8
4061 4
8125 588.968
8124 592.968
8127 580.968
8128 576.968
8129 572.968
8070 568.968
8126 584.968
8113 636.968
8054 632.968
8055 628.968
7993 624.968
7994 620.968
7995 616.968
7996 612.968
7997 608.968
7998 604.968
7999 600.968
8000 596.968
8001 592.968
8002 588.968
8003 584.968
8112 640.968
8053 636.968
8115 628.968
8056 624.968
8114 632.968
8117 620.968
8058 616.968
8059 612.968
8060 608.968
8061 604.968
8116 624.968
8119 612.968
8120 608.968
8121 604.968
8118 616.968
8105 668.968
8046 664.968
8047 660.968
8048 656.968
8049 652.968
7987 648.968
7988 644.968
7989 640.968
7990 636.968
7991 632.968
7992 628.968
8104 672.968
8045 668.968
8107 660.968
8106 664.968
8109 652.968
8050 648.968
8051 644.968
8108 656.968
8111 644.968
8052 640.968
8110 648.968
8097 700.968
8038 696.968
8039 692.968
8040 688.968
8041 684.968
7979 680.968
7980 676.968
7981 672.968
7982 668.968
7983 664.968
7984 660.968
7985 656.968
7986 652.968
8096 704.968
8037 700.968
8099 692.968
8098 696.968
8101 684.968
8042 680.968
8100 688.968
8103 676.968
8044 672.968
8102 680.968
8043 676.968
8155 700.968
8157 692.968
8158 688.968
8159 684.968
8156 696.968
8136 776.968
8137 772.968
8080 768.968
8081 764.968
8022 760.968
8023 756.968
8024 752.968
8025 748.968
8026 744.968
7964 740.968
7965 736.968
7966 732.968
7967 728.968
7968 724.968
7969 720.968
7970 716.968
7971 712.968
7972 708.968
7973 704.968
7974 700.968
7975 696.968
7976 692.968
7977 688.968
7978 684.968
8185 580.968
8184 584.968
8177 612.968
8176 616.968
8179 604.968
8178 608.968
8181 596.968
8180 600.968
8183 588.968
8182 592.968
8169 644.968
8168 648.968
8171 636.968
8170 640.968
8173 628.968
8174 624.968
8175 620.968
8172 632.968
8161 676.968
8160 680.968
8163 668.968
8164 664.968
8165 660.968
8166 656.968
8162 672.968
8167 652.968
8217 684.968
8218 680.968
8219 676.968
8220 672.968
8221 668.968
8222 664.968
8223 660.968
8216 688.968
8215 692.968
8214 696.968
8241 588.968
8240 592.968
8242 584.968
8243 580.968
8244 576.968
8245 572.968
8246 568.968
8189 564.968
8132 560.968
8073 556.968
8233 620.968
8232 624.968
8235 612.968
8236 608.968
8234 616.968
8237 604.968
8239 596.968
8238 600.968
8225 652.968
8226 648.968
8227 644.968
8228 640.968
8229 636.968
8230 632.968
8231 628.968
8224 656.968
8281 644.968
8280 648.968
8283 636.968
8282 640.968
8285 628.968
8284 632.968
8287 620.968
8286 624.968
8273 676.968
8272 680.968
8275 668.968
8274 672.968
8277 660.968
8278 656.968
8279 652.968
8276 664.968
91 409
112 405
127 400
128 396
146 392
175 388
213 384
259 379
310 375
366 371
428 366
492 362
563 358
635 353
705 349
782 345
867 340
945 336
1017 332
1087 328
1160 323
1244 319
1328 315
1419 310
1516 306
1610 302
1708 297
1799 293
1882 289
1971 284
2062 280
2152 276
2238 272
2326 267
2412 263
2497 259
2583 254
2670 250
2759 246
2848 241
8269 692.968
93 401
114 397
115 393
116 389
117 385
118 381
135 369
154 362
183 358
221 354
267 349
318 345
374 341
436 336
500 332
571 328
643 323
713 319
790 315
875 310
876 306
877 302
878 298
879 294
880 290
958 286
1030 282
1031 278
1101 274
1174 269
1258 265
1342 261
1433 256
1530 252
1624 248
1722 243
1813 239
1814 235
1897 231
1986 226
1987 222
1988 218
1989 214
2080 210
2081 206
2171 202
2257 198
2345 193
2346 189
2347 185
2348 181
2349 177
2435 173
2520 169
2606 164
2607 160
2608 156
2609 152
2610 148
2611 144
2612 140
2613 136
2614 132
2615 128
2616 124
2617 120
2618 116
2701 112
2787 108
2876 103
2977 99
3072 95
3073 91
3074 87
3168 83
3262 78
3356 74
3357 70
3358 66
3359 62
3360 58
3445 54
3531 49
3617 45
3618 41
3619 37
3620 33
3621 29
3622 25
3623 21
3707 17
3795 12
3883 8
3972 4
8268 696.968
92 405
113 401
8271 684.968
8270 688.968
8319 692.968
8318 696.968
8298 576.968
8299 572.968
125 408
143 404
144 400
173 396
211 392
257 387
308 383
309 379
126 404
8289 612.968
8288 616.968
8291 604.968
8290 608.968
8293 596.968
8292 600.968
8294 592.968
8344 592.968
8295 588.968
8349 578.802
9963 576.837
110 413
8337 620.968
8336 624.968
8339 612.968
8338 616.968
8341 604.968
8342 600.968
8343 596.968
8340 608.968
8329 652.968
8328 656.968
8331 644.968
8332 640.968
8333 636.968
8334 632.968
8335 628.968
8330 648.968
8321 684.968
145 396
174 392
212 388
258 383
8320 688.968
8323 676.968
8324 672.968
147 389
176 385
214 381
260 376
261 372
312 368
368 364
430 359
494 355
565 351
637 346
707 342
784 338
869 333
947 329
1019 325
1089 321
1162 316
1246 312
1330 308
1421 303
1518 299
1612 295
1710 290
1801 286
1884 282
1973 277
2064 273
2154 269
2240 265
2328 260
2414 256
2499 252
2585 247
2672 243
2761 239
2850 234
2951 230
8322 680.968
8325 668.968
149 382
178 378
216 374
262 369
313 365
369 361
431 356
432 352
433 348
497 344
568 340
640 335
641 331
642 327
148 385
177 381
215 377
8327 660.968
8326 664.968
150 378
151 374
180 370
218 366
264 361
265 357
266 353
8377 656.968
8376 660.968
8379 648.968
8380 644.968
8378 652.968
8381 640.968
8383 632.968
8382 636.968
8369 688.968
8370 684.968
8371 680.968
8372 676.968
8373 672.968
129 393
130 389
131 385
132 381
133 377
134 373
8368 692.968
8375 664.968
8374 668.968
179 374
217 370
263 365
314 361
370 357
181 366
182 362
172 400
210 396
256 391
307 387
363 383
425 378
489 374
560 370
632 365
702 361
703 357
704 353
8393 592.968
8394 588.968
8395 584.968
8347 580.968
8348 576.968
219 362
8385 624.968
209 400
255 395
8384 628.968
8387 616.968
8388 612.968
8389 608.968
8390 604.968
8386 620.968
8391 600.968
8441 600.968
8392 596.968
8440 604.968
8433 632.968
8434 628.968
8435 624.968
8436 620.968
8437 616.968
8438 612.968
8439 608.968
8432 636.968
8425 664.968
8424 668.968
8427 656.968
8428 652.968
8426 660.968
8429 648.968
8431 640.968
8430 644.968
254 399
305 395
306 391
8419 688.968
8418 692.968
8421 680.968
8422 676.968
8420 684.968
8423 672.968
8473 664.968
8472 668.968
8475 656.968
8474 660.968
8477 648.968
8478 644.968
8476 652.968
8479 640.968
8480 636.968
8481 632.968
8482 628.968
8483 624.968
8484 620.968
8485 616.968
8467 688.968
8466 692.968
8469 680.968
8468 684.968
8471 672.968
8470 676.968
8499 748.968
8500 744.968
8454 740.968
8407 736.968
8358 732.968
8310 728.968
8311 724.968
8312 720.968
8313 716.968
8314 712.968
8315 708.968
8266 704.968
8213 700.968
315 357
371 353
317 349
373 345
435 340
316 353
372 349
434 344
319 344
375 340
437 335
501 331
572 327
8487 608.968
8488 604.968
311 372
367 368
429 363
8486 612.968
299 438
355 434
416 429
478 425
479 421
480 417
550 410
622 405
623 401
624 397
625 393
626 389
627 385
628 381
698 377
699 373
700 369
701 365
8529 628.968
8528 632.968
8531 620.968
8530 624.968
8533 612.968
8534 608.968
8532 616.968
8521 660.968
8520 664.968
8523 652.968
8522 656.968
8525 644.968
8526 640.968
8524 648.968
8527 636.968
8515 684.968
8516 680.968
8514 688.968
8517 676.968
8519 668.968
8518 672.968
8569 648.968
8568 652.968
8571 640.968
8570 644.968
8573 632.968
8574 628.968
8572 636.968
8575 624.968
8561 680.968
8560 684.968
8563 672.968
8562 676.968
8565 664.968
8566 660.968
8567 656.968
8564 668.968
361 391
423 386
424 382
488 378
559 374
631 369
360 395
422 390
362 387
8605 680.968
365 375
427 370
491 366
8604 684.968
364 379
426 374
490 370
8607 672.968
8606 676.968
353 442
414 437
415 433
477 429
8589 744.968
8546 740.968
8547 736.968
8548 732.968
8549 728.968
8505 724.968
8459 720.968
8412 716.968
8363 712.968
413 441
475 437
476 433
8588 748.968
412 445
8590 740.968
8576 620.968
8577 616.968
8632 740.968
8591 736.968
8631 744.968
8630 748.968
8617 632.968
8618 628.968
8616 636.968
8619 624.968
8609 664.968
8608 668.968
8611 656.968
8610 660.968
8613 648.968
8614 644.968
8612 652.968
8615 640.968
8671 744.968
8670 748.968
8657 640.968
8656 644.968
8659 632.968
8658 636.968
8661 624.968
8662 620.968
8621 616.968
8622 612.968
8579 608.968
8580 604.968
8536 600.968
8537 596.968
8491 592.968
8444 588.968
421 394
8660 628.968
420 398
8649 672.968
8650 668.968
473 445
474 441
8648 676.968
8651 664.968
8652 660.968
8653 656.968
8655 648.968
8654 652.968
469 461
470 457
471 453
472 449
8647 680.968
8646 684.968
8697 640.968
8698 636.968
8696 644.968
8699 632.968
8700 628.968
8701 624.968
8689 672.968
8691 664.968
8690 668.968
8693 656.968
8692 660.968
8695 648.968
8694 652.968
8686 684.968
8687 680.968
8688 676.968
8672 740.968
8633 736.968
8634 732.968
8635 728.968
8636 724.968
8637 720.968
8596 716.968
8553 712.968
8509 708.968
8510 704.968
8511 700.968
8512 696.968
8513 692.968
496 348
567 344
639 339
499 336
498 340
569 336
8729 668.968
8728 672.968
8731 660.968
8730 664.968
8733 652.968
8732 656.968
8735 644.968
8736 640.968
495 352
566 348
638 343
8734 648.968
483 398
484 394
485 390
556 386
487 382
558 378
630 373
8726 680.968
8727 676.968
486 386
557 382
629 377
537 462
609 457
610 453
611 449
612 445
613 441
614 437
615 433
616 429
617 425
618 421
619 417
620 413
621 409
539 454
538 458
541 446
540 450
543 438
542 442
8711 740.968
8712 736.968
8674 732.968
8710 744.968
8763 680.968
8765 672.968
8766 668.968
8767 664.968
8768 660.968
8769 656.968
8770 652.968
8764 676.968
8747 744.968
8746 748.968
570 332
8748 740.968
8749 736.968
8750 732.968
8714 728.968
8715 724.968
8716 720.968
8717 716.968
8679 712.968
8680 708.968
8641 704.968
8600 700.968
8557 696.968
8737 636.968
8739 628.968
8740 624.968
8741 620.968
8703 616.968
8664 612.968
8623 608.968
8738 632.968
564 355
636 350
706 346
783 342
868 337
553 398
552 402
555 390
554 394
545 430
544 434
8787 744.968
8788 740.968
547 422
8786 748.968
546 426
551 406
8776 628.968
605 473
606 469
607 465
608 461
8780 627.331
9950 621.669
8704 616.968
8665 612.968
8771 648.968
8772 644.968
8773 640.968
8775 632.968
8774 636.968
8827 744.968
8828 740.968
8829 736.968
8790 732.968
8751 728.968
8816 628.968
8777 624.968
8809 656.968
8808 660.968
8811 648.968
8810 652.968
8813 640.968
8814 636.968
8815 632.968
8812 644.968
8801 688.968
8802 684.968
8800 692.968
8803 680.968
8804 676.968
8805 672.968
8807 664.968
8806 668.968
8849 656.968
8848 660.968
8851 648.968
8852 644.968
8853 640.968
8850 652.968
8854 636.968
8841 688.968
8843 680.968
8844 676.968
8845 672.968
8846 668.968
8847 664.968
8842 684.968
8890 636.96
9969 633.03
8881 672.96
8882 668.96
8883 664.96
8884 660.96
8885 656.96
8886 652.96
8887 648.96
8888 644.96
8889 640.96
8880 676.96
8877 688.96
8878 684.96
8879 680.96
689 420
690 416
691 412
692 408
693 404
694 400
695 396
696 392
697 388
688 424
681 452
682 448
683 444
684 440
685 436
686 432
687 428
8920 656.96
8921 652.96
8922 648.96
680 456
8913 684.96
8912 688.96
8915 676.96
675 476
676 472
677 468
678 464
679 460
8914 680.96
8917 668.96
8916 672.96
8919 660.96
8918 664.96
8911 692.96
8910 696.96
8876 692.96
8953 660.96
8954 656.96
8952 664.96
712 323
789 319
874 314
8945 692.96
8944 696.96
8947 684.96
8946 688.96
8949 676.96
8950 672.96
709 335
786 331
871 326
872 322
950 318
951 314
1023 310
1024 306
1094 302
1167 297
1168 293
1169 289
1170 285
1171 281
1172 277
1173 273
8948 680.96
708 339
785 335
870 330
948 326
949 322
8951 668.96
711 327
788 323
873 318
710 331
787 327
761 451
762 447
763 443
764 439
765 435
766 431
767 427
768 423
769 419
770 415
771 411
772 407
773 403
774 399
760 455
753 483
754 479
755 475
756 471
757 467
758 463
759 459
8985 664.96
8986 660.96
8984 668.96
8977 696.96
8976 700.96
8979 688.96
8980 684.96
8981 680.96
8982 676.96
8983 672.96
8978 692.96
8975 704.96
8974 708.96
9017 664.96
9016 668.96
9009 696.96
9008 700.96
9011 688.96
9012 684.96
9013 680.96
9014 676.96
9010 692.96
9015 672.96
9005 712.96
9006 708.96
9007 704.96
8997 744.96
8998 740.96
8999 736.96
8968 732.96
8969 728.96
8970 724.96
8938 720.96
8905 716.96
8871 712.96
8872 708.96
8873 704.96
8874 700.96
8875 696.96
9041 692.96
9042 688.96
9043 684.96
9044 680.96
9040 696.96
9045 676.96
9046 672.96
9047 668.96
856 417
857 413
858 409
859 405
9037 708.96
9036 712.96
9039 700.96
9038 704.96
849 449
850 445
848 453
851 437
852 433
853 429
854 425
855 421
9029 740.96
9028 744.96
841 481
842 477
843 473
844 469
845 465
846 461
847 457
840 485
9073 680.96
9074 676.96
9072 684.96
9075 672.96
835 505
836 501
837 497
838 493
839 489
9065 712.96
9064 716.96
9067 704.96
9068 700.96
9069 696.96
9066 708.96
9071 688.96
9070 692.96
9059 736.96
9060 732.96
9061 728.96
9033 724.96
9003 720.96
8972 716.96
8940 712.96
8907 708.96
9058 740.96
9030 736.96
9000 732.96
9063 720.96
9035 716.96
9113 744.96
9114 740.96
9088 736.96
9117 728.96
9091 724.96
9092 720.96
9093 716.96
9119 720.96
9120 716.96
9121 712.96
9122 708.96
9123 704.96
9097 700.96
9098 696.96
9099 692.96
9100 688.96
9118 724.96
9104 672.96
9076 668.96
9077 664.96
9049 660.96
9019 656.96
9020 652.96
8989 648.96
8957 644.96
8924 640.96
921 501
9096 704.96
920 505
923 493
922 497
9101 684.96
9102 680.96
924 489
9103 676.96
927 477
928 473
926 481
9095 708.96
9094 712.96
9145 728.96
9146 724.96
9147 720.96
9144 732.96
9149 712.96
9150 708.96
9148 716.96
9151 704.96
9124 700.96
9141 744.96
9143 736.96
9128 684.96
952 310
9130 676.96
9131 672.96
9105 668.96
954 302
955 298
1027 294
1028 290
1098 286
9133 668.96
9107 664.96
9078 660.96
9050 656.96
944 340
1016 336
946 333
1018 329
9125 696.96
9127 688.96
9126 692.96
9177 704.96
9178 700.96
9179 696.96
9180 692.96
9155 688.96
9156 684.96
9157 680.96
9176 708.96
937 432
938 428
939 424
940 420
936 436
9181 688.96
9182 684.96
9169 736.96
929 469
930 465
931 461
9171 728.96
9172 724.96
9170 732.96
9173 720.96
9174 716.96
9175 712.96
933 453
932 457
935 437.127
1010 433.127
1080 429.127
1153 424.127
1236 420.127
1319 416.127
1406 411.127
1502 404.127
1596 400.127
1690 395.127
1691 391.127
1692 387.127
1693 383.127
1694 379.127
1695 375.127
1696 371.127
1697 367.127
1698 363.127
1699 359.127
1700 355.127
1604 351.232
1605 347.232
1414 330
1415 326
1416 322
1513 318
1514 314
1608 310
1706 305
1707 301
1798 297
1881 293
1970 288
2061 284
934 449
9153 696.96
9154 692.96
9152 700.96
9201 708.96
9202 704.96
9203 700.96
9204 696.96
9200 712.96
9205 692.96
9206 688.96
9207 684.96
9208 680.96
9184 676.96
9159 672.96
9132 668.96
9106 664.96
9193 740.96
9195 732.96
9197 724.96
1021 318
1091 314
1164 309
1248 305
1332 301
1423 296
1520 292
1614 288
1712 283
1713 279
1714 275
1715 271
1806 267
1889 263
1978 258
1979 254
1980 250
2071 246
2161 242
2247 238
2335 233
2336 229
2422 225
2507 221
2593 216
2594 212
2595 208
2682 204
2683 200
2772 196
2861 191
2962 187
3057 183
3149 179
3240 174
3241 170
3334 166
3418 162
3504 157
3590 153
3591 149
3592 145
3676 141
3764 136
9196 728.96
9199 716.96
9198 720.96
1022 314
1092 310
1165 305
1166 301
1250 297
1251 293
1335 289
1426 284
1427 280
1524 276
1525 272
1619 268
1717 263
1718 259
1719 255
1720 251
1721 247
1009 453
1008 457
1011 432.127
1081 428.127
1015 340
1014 344
9241 728.96
9220 724.96
1001 504
1000 508
9243 720.96
9222 716.96
9223 712.96
1003 484
1004 480
1005 476
1006 472
9242 724.96
9245 712.96
9246 708.96
9247 704.96
9226 700.96
9244 716.96
1007 461
9225 704.96
9224 708.96
9227 696.96
9228 692.96
9229 688.96
9219 728.96
9221 720.96
1037 238
1104 234
1181 229
1265 225
1266 221
1353 217
1444 212
1541 208
1542 204
1543 200
1544 196
1638 192
1736 187
1737 183
1828 179
1911 175
2000 170
2091 166
2181 162
2267 158
2355 153
2356 149
2442 145
2443 141
2444 137
2445 133
2530 129
1026 298
1096 294
1084 340
1157 335
1241 331
1242 327
1243 323
9249 696.96
9250 692.96
1073 488
9248 700.96
1075 480
1076 476
1074 484
1077 461
1078 461
1097 290
1099 282
1102 273
1088 325
1161 320
1245 316
1090 318
1163 313
1247 309
1331 305
1422 300
1519 296
1613 292
1711 287
1802 283
1885 279
1974 274
1975 270
1976 266
1977 262
1095 298
1145 477.127
1229 473.127
1230 469.127
1231 465.127
1232 461.127
1233 457.127
1316 453.127
1496 445.127
1590 441.127
1684 436.127
1778 432.127
1949 424.127
1866 418.127
1867 414.127
1781 410.127
1782 406.127
1783 402.127
1784 398.127
1785 394.127
1786 390.127
1787 386.127
1788 382.127
1789 378.127
1790 374.127
1791 370.127
1792 366.127
1793 362.127
1144 482
1146 471
1147 467
1143 486
1142 490
1183 221
1267 217
1268 213
1355 209
1446 204
1447 200
1182 225
1152 428.127
1156 339
1240 335
1159 327
1158 331
9421 2225.92
9422 2127.92
9423 2029.92
9424 1931.92
9442 1756.92
9443 1657.92
9461 1522.92
9477 1416.92
9494 1309.92
9512 1177.92
9531 1070.92
9551 963.924
6006 774.924
6087 769.924
6163 765.924
6238 761.924
6313 756.924
6314 752.924
6315 748.924
6316 744.924
6317 740.924
6395 733.924
6474 726.924
6475 722.924
6476 718.924
6557 714.924
6637 709.924
6715 705.924
6791 701.924
6864 696.924
6936 692.924
7012 688.924
7083 683.924
7152 679.924
7217 675.924
7284 671.924
7352 666.924
7421 662.924
7487 658.924
9982 654.983
7556 649.968
7557 645.968
7558 641.968
7631 634.968
7704 630.968
7777 626.968
7851 621.968
7852 617.968
7925 613.968
7926 609.968
7927 605.968
7928 601.968
7855 597.968
7856 593.968
7783 589.968
7710 585.968
7638 581.968
7565 577.968
7494 573.968
7428 569.968
7360 565.968
7361 561.968
7362 557.968
7293 553.968
7294 549.968
7295 545.968
7296 541.968
7297 537.968
7298 533.968
7232 529.968
7166 525.968
7167 521.968
7097 517.968
7026 513.968
7027 509.968
7028 505.968
7029 501.968
7030 497.968
6956 493.968
6886 489.968
6887 485.968
6816 481.968
6817 477.968
9420 2323.92
1235 424.127
1318 420.127
1405 415.127
1234 428.127
1317 424.127
1404 419.127
1225 490
1226 486
1224 494
1227 481.127
1228 477.127
1221 541
1220 537
1305 533
1392 529
1484 525
1485 521
1486 517
1393 510
1306 504
1223 497
9462 1486.42
9939 1396.01
9478 1378.1
9942 1289.22
9495 1270.92
1222 545
1264 229
1269 209
1270 205
1357 201
1448 196
1545 192
1639 188
1257 269
1341 265
1432 260
1529 256
1256 273
1259 249
1346 245
1437 240
1438 236
1535 232
1536 228
1537 224
1631 220
1729 215
1730 211
1731 207
1822 203
1905 199
1994 194
1995 190
2086 186
2176 182
2177 178
2263 174
2351 169
2352 165
2438 161
2439 157
2440 153
2525 149
9493 1364.92
9511 1231.92
9530 1125.92
9550 1019.92
9572 890.924
5928 793.924
1253 285
1254 281
1338 277
1429 272
1430 268
1431 264
1528 260
1252 289
1255 277
1339 273
1304 534
1307 501
1309 493.127
1310 489.127
1311 485.127
1312 481.127
1308 497.127
9529 1224.92
9528 1323.92
9532 1066.92
9525 2212.16
9544 2110.16
9563 2017.17
9586 1915.17
9607 1813.17
9629 1721.17
9630 1624.17
9631 1527.17
9984 1475.57
9609 1395.97
9610 1295.97
9611 1195.97
9612 1095.97
9613 995.968
9614 895.968
7873 829.968
7800 825.968
7801 821.968
7874 817.968
7875 813.968
7876 809.968
7877 805.968
7878 801.968
7879 797.968
7880 793.968
7881 789.968
7882 785.968
7883 781.968
7884 777.968
7885 773.968
7886 769.968
7887 765.968
7888 761.968
7889 757.968
7890 753.968
7891 749.968
7892 745.968
7893 741.968
7894 737.968
7895 733.968
7896 729.968
7897 725.968
7898 721.968
7899 717.968
7900 713.968
7901 709.968
7902 705.968
7903 701.968
7904 697.968
7905 693.968
7906 689.968
7907 685.968
7908 681.968
7909 677.968
7910 673.968
7911 669.968
7912 665.968
7913 661.968
7914 657.968
7915 653.968
7916 649.968
7917 645.968
7918 641.968
7919 637.968
7920 633.968
7921 629.968
7922 625.968
7923 621.968
7924 617.968
9524 2307.16
9543 2205.16
9562 2112.16
9585 2011.17
9606 1910.17
9628 1818.17
9527 1422.92
9513 1173.92
1337 281
1428 276
1336 285
1340 269
1343 257
1434 252
1435 248
1436 244
1329 312
1420 307
9506 2408.16
9509 1427.92
9510 1329.92
1334 293
1425 288
1325 327
9567 1380.92
9568 1282.92
9569 1184.92
9570 1086.92
9571 988.924
1327 319
1418 314
1515 310
1609 306
9566 1478.92
1326 323
1417 318
9547 1318.92
9546 1417.92
9549 1119.92
9548 1218.92
9593 887.924
6911 835.924
6912 831.924
6913 827.924
6982 816.924
7051 811.924
7120 807.924
7121 803.924
7186 799.924
7253 795.924
7321 790.924
7390 786.924
7456 782.924
7457 778.924
7458 774.924
7459 770.924
7460 766.924
7461 762.924
7462 758.924
7463 754.924
7464 750.924
7465 746.924
7466 742.924
7467 738.924
7468 734.924
7469 730.924
7470 726.924
7471 722.924
7472 718.924
7473 714.924
7474 710.924
7475 706.924
7476 702.924
7477 698.924
7478 694.924
7479 690.924
7480 686.924
7481 682.924
7482 678.924
7483 674.924
7484 670.924
7485 666.924
7486 662.924
9592 986.924
9595 258
9594 159
5374 85
5286 81
5203 76
5123 72
5041 68
4957 63
4872 59
4785 55
4696 50
4610 46
4609 42
4522 38
4521 34
4520 30
4519 26
4430 22
4338 17
4337 13
4245 9
4152 5
1352 221
1443 216
1359 193
1450 188
1451 184
1452 180
1549 176
1643 172
1741 167
1832 163
1833 159
1834 155
1917 151
2006 146
2007 142
2098 138
2188 134
2274 130
2362 125
2448 121
2533 117
2619 112
2620 108
2703 104
2789 100
2878 95
2979 91
2980 87
2981 83
3076 79
3077 75
3171 71
3265 66
1358 197
1449 192
1546 188
1640 184
1738 179
1739 175
1740 171
1345 249
1347 241
9589 1283.92
9590 1184.92
9591 1085.92
9588 1382.92
1349 233
1440 228
1348 237
1439 232
1350 229
1441 224
1538 220
1632 216
1401 476.127
1314 472.127
1315 468.127
1400 480.127
1403 448.127
1497 444.127
1591 440.127
1402 472.127
1395 505
1394 508
9573 415.004
4102 411.004
4287 403.004
4378 398.004
4468 391.004
4556 387.004
4726 375.004
9909 370.892
1397 497.127
1396 501.127
1399 484.127
9574 164
4262 77
4169 73
4079 68
4078 64
4077 60
4076 56
4075 52
4074 48
4073 44
4072 40
4071 36
4070 32
4069 28
4068 24
4067 20
4066 16
4065 12
4064 8
4063 4
1398 491.127
1391 533
9617 268
9616 205
6770 131
6538 120
6456 116
6378 112
6302 108
6227 104
6151 100
6076 96
5995 92
5922 88
5848 84
5774 80
5698 76
5618 72
5542 68
5456 64
5364 60
5276 56
5194 52
5114 48
5032 44
4949 40
4864 36
4777 32
4689 28
4603 24
4516 20
4427 16
4336 12
4244 8
4151 4
1424 292
1521 288
1615 284
9657 1137.97
9636 1034.97
9656 1234.97
9635 1131.97
9658 1235.97
9661 406.756
9638 298.756
10125 284.172
9660 394
9637 286
9615 193
6895 140
6828 136
6756 132
6680 128
6603 124
6523 120
6441 116
6363 112
6287 108
6212 104
6136 100
6061 96
5980 92
5907 88
5834 84
5760 80
5685 76
5606 72
5530 68
5445 64
5354 60
5267 56
5185 52
5106 48
5025 44
4942 40
4858 36
4772 32
4684 28
4599 24
4513 20
4425 16
4334 12
4243 8
9655 1332.97
9634 1228.97
9654 1429.97
9633 1325.97
9639 320
9681 502
9680 1242.97
9682 514.756
1445 208
1499 416.127
1593 412.127
1687 407.127
1688 403.127
1689 399.127
1498 420.127
1592 416.127
1686 411.127
9677 1507.44
10128 1408.03
1500 412.127
1594 408.127
9679 1240.97
9678 1337.97
1491 499.127
1492 495.127
1490 505.127
1493 490.127
1494 486.127
1495 449.127
9721 1435.97
9700 1331.97
9720 1433.97
1483 529
1482 541
1579 537
1580 533
1581 529
1582 525
1487 514
1531 248
1625 244
1723 239
1724 235
1815 231
1898 227
1533 240
1627 236
1725 231
1726 227
1817 223
1818 219
1901 215
1990 210
1991 206
1992 202
1993 198
2084 194
2174 190
2175 186
2261 182
1532 244
1534 236
9699 1428.97
9701 1333.97
1527 264
1526 268
1620 264
1512 322
1517 303
1511 326
9742 1613.97
9741 1514.97
1553 160
1647 156
1745 151
1836 147
1837 143
1920 139
2009 134
2100 130
2190 126
2276 122
2364 117
2365 113
2366 109
2367 105
2368 101
2369 97
2455 93
2456 89
2457 85
2458 81
2543 77
2629 72
2630 68
2713 64
2799 60
2888 55
2989 51
3084 47
3178 43
3272 38
3366 34
3451 30
3537 25
1552 164
1646 160
1744 155
1555 152
1556 148
1650 144
1748 139
1749 135
1750 131
1751 127
1752 123
1843 119
1844 115
1845 111
1846 107
1929 103
2018 98
2109 94
2199 90
2285 86
2373 81
2459 77
2544 73
1554 156
1551 168
1645 164
1743 159
1550 172
9782 1841.97
9781 1744.97
9761 1618.97
1585 515.723
1586 511.723
1587 507.723
1588 503.723
9901 502.737
1584 518
9762 1718.97
1589 445.127
9819 1910.97
9799 1807.97
9779 1706.97
9760 1616.97
9818 1909.97
9821 1916.97
9801 1812.97
9780 1708.97
9820 1913.97
9800 1809.97
9823 1255.22
9804 1158.22
9784 1061.22
9763 948.764
9744 851.764
9723 754.764
10126 661.03
9702 576
1583 521
9822 1952.97
9802 1848.97
1626 240
1628 232
1630 224
1728 219
1819 215
1902 211
1618 272
1716 267
1621 260
1623 252
9798 1830.97
9778 1728.97
9759 1638.97
9740 1536.97
1622 256
1611 299
1709 294
1800 290
1883 286
1972 281
9844 1166.27
9833 1149.21
10024 1114.55
9830 1074.46
9871 1024.12
9829 967.435
9912 930.523
9828 899.204
9927 856.736
9827 817.864
9897 802.143
1607 314
1705 309
1606 318
1704 313
1657 116
1755 111
1656 120
1754 115
9835 1121.13
9879 1108.57
9834 1183.83
9843 1149.95
1658 115
1756 110
1847 106
1930 102
2019 97
2110 93
2200 89
2286 85
2374 80
2460 76
2545 72
2631 67
2714 63
2800 59
2889 54
2990 50
3085 46
3179 42
3273 37
3367 33
3452 29
3538 24
3624 20
3708 16
9836 1004.24
9904 963.851
1649 148
1747 143
1838 139
1921 135
2010 130
2011 126
2012 122
2013 118
2014 114
2105 110
2195 106
2281 102
1648 152
1746 147
9826 564.887
6240 552.968
6166 548.968
6089 544.968
6009 540.968
6010 536.968
6011 532.968
6012 528.968
6013 524.968
5934 520.968
5860 516.968
5786 512.968
5711 508.968
5712 504.968
5633 500.968
5634 496.968
5558 492.968
5473 488.968
5383 484.968
5292 480.968
5206 473.968
5127 469.968
5128 465.968
5129 461.968
5048 457.968
4965 453.968
4881 449.968
4882 445.968
4883 441.968
4798 437.968
4799 433.968
4800 429.968
4801 425.968
4802 421.968
4803 417.968
4804 413.968
4805 409.968
4806 405.968
4807 401.968
4808 397.968
4809 393.968
4810 389.968
4811 385.968
4812 381.968
4813 377.968
1651 140
1653 132
9831 1168.11
10007 1116.97
1652 136
9881 239.581
1642 176
9885 423.566
1644 168
1742 163
1633 212
1635 204
1733 199
1734 195
1825 191
1908 187
1997 182
1998 178
1999 174
2090 170
2180 166
1634 208
1732 203
1823 199
1906 195
1637 196
1735 191
1636 200
9866 486.646
604 477
1683 437.127
1777 433.127
1865 429.127
1685 415.127
9913 362.263
1673 537
9915 410.149
4194 407.004
1675 529
9914 541.422
9825 532.519
5627 524.968
5551 520.968
5466 516.968
5467 512.968
5468 508.968
5378 504.968
5379 500.968
5380 496.968
5381 492.968
5382 488.968
1674 533
9917 687.848
7084 682.924
7153 678.924
7218 674.924
7285 670.924
1677 522
9916 908.66
1676 525
9919 877.387
9918 434.288
1678 519.723
1679 515.723
9905 503.939
9906 342.043
9908 130.108
3250 126
3344 122
3429 118
3515 113
3516 109
3602 105
3603 101
3604 97
3688 93
3776 88
3864 84
3953 80
9911 755.743
9910 470.442
5046 465.968
4963 461.968
4879 457.968
4880 453.968
9896 140.378
3340 138
3425 134
3511 129
3597 125
3681 121
3769 116
9899 519.383
2823 515.567
2824 511.567
2917 507.567
2918 503.567
3020 499.567
3021 495.567
3022 491.567
3023 487.567
3024 483.567
10073 480.251
3025 478.127
2923 474.127
2739 464.127
2651 460.127
2564 456.127
2565 452.127
2566 448.127
2482 444.127
2483 440.127
2484 436.127
2398 432.127
2399 428.127
2312 421.127
2135 413.127
2044 406.127
1955 402.127
1871 398.127
9900 701.737
6794 698.924
7014 686.924
9903 312.36
1727 223
9902 880.224
9893 543.499
9895 510.357
4170 503.004
4171 499.004
4172 495.004
4173 491.004
4174 487.004
4267 483.004
4358 478.004
4359 474.004
4360 470.004
4361 466.004
4362 462.004
4363 458.004
4364 454.004
4365 450.004
4366 446.004
4367 442.004
4368 438.004
4369 434.004
4370 430.004
4371 426.004
4372 422.004
4373 418.004
4374 414.004
4375 410.004
4376 406.004
4377 402.004
9894 570.589
9945 160.367
3476 100
3475 96
3560 92
3645 88
3728 84
3815 80
3814 76
3901 72
3989 68
9944 104.596
1770 104
2032 92
2122 88
2211 84
2296 80
2383 76
2469 72
2553 68
2638 64
2720 60
2805 56
2893 52
2994 48
3089 44
3183 40
3276 36
3370 32
3455 28
3540 24
3626 20
3710 16
3797 12
3884 8
3973 4
9946 147.999
918 146
996 142
1068 138
1135 134
1212 129
1296 125
1383 121
1474 116
1571 112
1665 108
1762 104
1853 100
1936 96
2024 92
2115 88
2205 84
2291 80
2378 76
2464 72
2549 68
2634 64
2717 60
2803 56
2891 52
2992 48
3087 44
3181 40
3274 36
3368 32
3453 28
9949 451.44
6428 442.968
6350 438.968
6273 434.968
6198 430.968
6120 426.968
6040 422.968
5959 418.968
5886 414.968
5812 410.968
5737 406.968
5658 402.968
5582 398.968
5497 394.968
5407 390.968
5316 386.968
5229 382.968
5069 374.968
4986 370.968
4902 366.968
4817 362.968
9948 619.453
9951 672.155
9936 1348.7
9938 1293.62
9943 907.635
1702 341
1794 334
1879 330
1963 324
2052 320
2142 316
2228 312
2316 307
2317 303
2403 299
2404 295
2489 291
2575 286
2662 282
2663 278
2752 274
2841 269
1753 119
9928 327.824
4104 327
9933 1302.01
1757 109
1848 105
1931 101
2020 96
2111 92
2201 88
2287 84
2375 79
2461 75
2546 71
2632 66
2715 62
2801 58
2890 53
2991 49
3086 45
3180 41
1758 108
1849 104
1932 100
2021 95
2112 91
2202 87
2288 83
2376 78
2462 74
2547 70
2633 65
2716 61
2802 57
9920 401.699
9923 120.626
3066 119
3160 115
3254 110
3255 106
3256 102
3257 98
3258 94
3352 90
3437 86
3523 81
3609 77
3693 73
3781 68
3869 64
3958 60
3959 56
3960 52
3961 48
9924 141.584
9926 447.665
9976 814.544
6005 778.924
6086 773.924
9979 163.911
2694 159
2695 155
2696 151
2697 147
9981 2193.41
9968 699.819
9270 693.773
10129 692.492
9252 688.96
9231 684.96
9971 537.932
7871 533.968
7798 529.968
7725 525.968
7653 521.968
7580 517.968
9973 339.123
9972 470.337
6893 467.497
10082 464.237
6747 458.968
6668 454.968
6589 450.968
6507 446.968
6425 442.968
6347 438.968
6270 434.968
6196 430.968
6119 426.968
6039 422.968
9975 205.329
9974 292.415
9960 375.254
5070 371
4987 367
4903 363
4818 359
4730 355
9967 588.876
8445 584.968
8396 580.968
9966 163.641
3933 160
3934 156
4024 152
4025 148
4026 144
4027 140
4028 136
4029 132
4030 128
4031 124
4032 120
4033 116
4034 112
4035 108
4036 104
4037 100
4038 96
4039 92
4040 88
9952 672.986
9954 550.147
9956 152.397
5670 148.485
10084 144.043
5589 142
5513 136
5428 132
5337 128
5250 124
5168 120
5169 116
5170 112
5171 108
5172 104
5093 100
5012 96
4929 92
4845 88
4846 84
4847 80
4848 76
4849 72
4850 68
4764 64
4676 60
4591 56
4505 52
4417 48
4326 44
4327 40
4236 36
4237 32
4238 28
4239 24
4147 20
4148 16
1780 414.127
9959 628.921
10009 1387.3
1769 104
1859 100
1941 96
2029 92
2119 88
2209 84
2295 80
2382 76
2468 72
10008 608.826
7853 605.968
7780 601.968
7707 597.968
7635 593.968
7636 589.968
7563 585.968
7564 581.968
1771 533
1772 529
1773 526
1775 519.723
1774 523.723
10005 306.018
1797 301
1880 297
1969 292
2060 288
1816 227
1821 207
9999 244.34
964 242
965 238
966 234
967 230
1040 226
1107 222
1184 217
1809 255
1892 251
1981 246
2072 242
2162 238
2248 234
1808 259
1811 247
1894 243
1983 238
2074 234
2075 230
2076 226
2166 222
2167 218
2253 214
2341 209
2427 205
2512 201
2598 196
2685 192
2774 188
2863 183
2864 179
2965 175
3060 171
3152 167
3243 162
3336 158
3337 154
3338 150
3422 146
3508 141
3594 137
3678 133
3766 128
1810 251
1893 247
1982 242
2073 238
1812 243
10041 550.54
2478 548.162
2734 531.567
2735 527.567
2736 523.567
2737 519.567
10040 824.21
6007 772.276
6164 762.276
6239 758.276
10043 507.51
1803 279
1886 275
10042 528.025
3479 525.004
3480 521.004
3481 517.004
3482 513.004
3564 509.004
3649 505.004
3732 500.004
3820 496.004
3907 492.004
3996 488.004
4086 483.004
4087 479.004
4088 475.004
4178 471.004
4271 467.004
10045 1499.64
1805 271
10044 122.424
2872 119
2873 115
2874 111
2875 107
1804 275
1887 271
10047 608.877
1807 263
1890 259
10046 1023.23
10033 495.8
10032 1408.87
10035 560.005
7090 558.968
7019 553.968
6943 549.968
6872 545.968
6801 541.968
6802 537.968
6803 533.968
6804 529.968
6729 525.968
6651 521.968
6572 517.968
6490 513.968
6408 509.968
6330 505.968
6331 501.968
6332 497.968
6333 493.968
6256 489.968
6182 485.968
6183 481.968
6106 477.968
6026 473.968
5947 469.968
5873 465.968
5799 461.968
5800 457.968
5725 453.968
5726 449.968
5727 445.968
5728 441.968
5729 437.968
5650 433.968
5651 429.968
5652 425.968
5576 421.968
5491 417.968
5401 413.968
5402 409.968
5311 405.968
5312 401.968
10034 559.938
10037 446.41
10036 491.616
10039 2151.77
10038 482.55
10027 536.063
1861 533
10026 555.522
1850 103
1933 99
2022 94
2113 90
2203 86
2289 82
2377 77
2463 73
2548 69
10029 355.575
10028 1230.37
10031 413.349
2043 410.127
1954 406.127
10030 339.138
1841 127
1924 123
1840 131
1842 123
1925 119
10072 470.907
3124 464.127
3031 460.127
2928 456.127
2831 452.127
2743 448.127
2655 444.127
2568 440.127
10075 412.348
1953 410.127
1835 151
10074 453.891
1839 135
1922 131
10065 426.909
10064 312.742
3749 311
10067 483.908
10066 426.624
10069 531.014
1829 175
1830 171
1831 167
10068 461.11
3829 459.004
3918 455.004
4006 451.004
4095 447.004
4185 443.004
4278 439.004
10071 469.221
10070 585.475
7286 581.968
7220 577.968
7155 573.968
7086 569.968
7016 565.968
7017 561.968
7018 557.968
6942 553.968
10057 438.498
3580 435.029
3747 427.004
3835 423.004
3925 419.004
4014 415.004
10056 531.192
1863 526.723
10059 138.816
3341 134
3342 130
3427 126
3513 121
3514 117
3600 113
3684 109
3772 104
10061 446.861
10060 461.316
2563 458.127
2394 448.127
2306 444.127
2307 440.127
2220 436.127
2130 432.127
2038 428.127
10063 719.706
6712 717.924
6713 713.924
6714 709.924
6790 705.924
6863 700.924
10062 728.178
10049 305.97
1873 390.127
10048 482.714
10051 815.131
10050 304.144
2487 299
2573 294
2574 290
2661 286
2750 282
2839 277
10053 590.657
7354 587.968
10055 820.76
10054 163.664
1864 433.127
1948 428.127
1860 100
1942 96
2030 92
2121 88
1862 530
1913 167
2002 162
2003 158
2094 154
2184 150
2270 146
2358 141
1912 171
2001 166
2092 162
2182 158
2268 154
1915 159
2004 154
2005 150
1914 163
1916 155
1919 143
2008 138
1918 147
1904 203
1896 235
1985 230
1899 223
1900 219
1903 207
1888 267
1891 255
1895 239
1984 234
1945 538
1946 534
1944 538.937
1947 530.723
1951 418.127
1952 414.127
1868 410.127
1950 422.127
1939 96
2027 92
2117 88
2207 84
2293 80
2380 76
2466 72
2551 68
2636 64
2719 60
1928 107
2017 102
1923 127
1927 111
2016 106
1926 115
2015 110
1968 296
1965 308
1966 304
1967 300
2041 418.127
2040 422.127
2042 414.127
2033 542.937
2035 538
2034 542
2037 432.127
2036 534.723
2039 426.127
2023 93
2114 89
2204 85
2290 81
2077 222
2079 214
2078 218
2065 270
2155 266
2241 262
2329 257
2330 253
2331 249
2417 245
2502 241
2588 236
2589 232
2590 228
2591 224
2592 220
2067 262
2157 258
2243 254
2066 266
2069 254
2159 250
2160 246
2068 258
2070 250
2057 300
2058 296
2148 292
2149 288
2235 284
2323 279
2324 275
2325 271
2056 304
2146 300
2232 296
2320 291
2321 287
2407 283
2408 279
2493 275
2579 270
2666 266
2755 262
2844 257
2845 253
2846 249
2059 292
2063 277
2153 273
2239 269
2327 264
2413 260
2055 308
2145 304
2231 300
2319 295
2104 114
2194 110
2107 102
2197 98
2283 94
2371 89
2106 106
2196 102
2282 98
2370 93
2108 98
2097 142
2096 146
2186 142
2187 138
2099 134
2101 126
2102 122
2103 118
2088 178
2178 174
2179 170
2093 158
2095 150
2083 198
2082 202
2172 198
2173 194
2085 190
2143 312
2229 308
2129 436.127
2128 538.723
2131 430.127
2132 426.127
2133 422.127
2134 418.127
2125 546.937
2127 542
2126 546
2169 210
2255 206
2343 201
2429 197
2514 193
2600 188
2687 184
2688 180
2689 176
2778 172
2867 167
2968 163
3063 159
3155 155
3246 150
3339 146
3423 142
3509 137
3595 133
3679 129
3767 124
2168 214
2254 210
2342 205
2170 206
2163 234
2249 230
2337 225
2338 221
2339 217
2340 213
2165 226
2164 230
2250 226
2158 254
2144 308
2230 304
2318 299
2147 296
2151 280
2237 276
2150 284
2236 280
2193 114
2192 118
2278 114
2198 94
2284 90
2372 85
2185 146
2189 130
2191 122
2183 154
2233 292
2234 288
2322 283
2225 417.127
2224 421.127
2217 550
2216 550.937
2219 440.127
2218 546
2221 433.127
2222 429.127
2223 425.127
2266 162
2354 157
2269 150
2357 145
2271 142
2359 137
2256 202
2344 197
2259 190
2258 194
2260 186
2251 222
2252 218
2245 246
2333 241
2334 237
2244 250
2332 245
2418 241
2503 237
2246 242
2280 106
2273 134
2361 129
2447 125
2532 121
2272 138
2360 133
2446 129
2531 125
2275 126
2363 121
2449 117
2534 113
2277 118
2279 110
2315 311
2401 307
2486 303
2572 298
2305 550
2304 554
2309 433.127
2310 429.127
2308 437.127
2311 425.127
2353 161
2393 559.162
2479 552.162
2392 554
2395 444.127
2397 436.127
2396 440.127
2387 76
2472 72
2556 68
2641 64
2723 60
2809 56
2897 52
2998 48
3093 44
3187 40
3280 36
3374 32
3458 28
3543 24
3628 20
3711 16
3798 12
3885 8
2425 213
2426 209
2424 217
2509 213
2428 201
2513 197
2599 192
2431 189
2516 185
2602 180
2430 193
2515 189
2601 184
2419 237
2504 233
2421 229
2420 233
2505 229
2423 221
2508 217
2409 275
2410 271
2495 267
2581 262
2582 258
2669 254
2402 303
2405 291
2490 287
2576 282
2577 278
2664 274
2753 270
2842 265
2406 287
2451 109
2452 105
2537 101
2623 96
2706 92
2707 88
2793 84
2882 79
2883 75
2984 71
2985 67
3080 63
3174 59
3268 54
3362 50
3447 46
3533 41
2450 113
2535 109
2621 104
2704 100
2705 96
2453 101
2538 97
2624 92
2454 97
2441 149
2433 181
2518 177
2604 172
2605 168
2432 185
2488 295
2492 279
2578 274
2665 270
2754 266
2843 261
2481 448.127
2480 452.127
2485 436.127
2523 157
2526 145
2517 181
2603 176
2519 173
2506 225
2511 205
2597 200
2510 209
2596 204
2498 256
2584 251
2536 105
2622 100
2539 93
2625 88
2708 84
2794 80
2541 85
2627 80
2628 76
2711 72
2797 68
2886 63
2887 59
2540 89
2626 84
2709 80
2795 76
2884 71
2542 81
2529 133
2528 137
2587 240
2674 236
2763 232
2852 227
2853 223
2954 219
2955 215
3050 211
3051 207
3052 203
3053 199
3145 195
3236 190
2586 244
2569 440.127
2570 441.127
2567 444.127
2649 530.567
2650 526.567
2653 452.127
2652 456.127
2654 448.127
2681 208
2680 212
2769 208
2858 203
2959 199
2960 195
3055 191
3147 187
3238 182
3239 178
2684 196
2686 188
2673 240
2675 232
2676 228
2677 224
2766 220
2855 215
2856 211
2857 207
2958 203
2679 216
2768 212
2678 220
2767 216
2671 247
2760 243
2849 238
2950 234
2657 444.127
2656 444.127
2659 294
2660 290
2712 68
2798 64
2710 76
2699 120
2785 116
2698 124
2700 116
2702 108
2691 171
2692 167
2693 163
2690 175
2779 171
2868 166
2969 162
3064 158
3156 154
2745 448.127
2747 294
2836 289
2837 285
2838 281
2746 448.127
2749 286
2748 290
2751 278
2840 273
2741 456.127
2740 460.127
2742 452.127
2733 535.567
2777 176
2866 171
2776 180
2865 175
2781 167
2780 170
2783 124
2782 163
2771 200
2860 195
2770 204
2859 199
2773 192
2862 187
2775 184
2762 236
2851 231
2952 227
3047 223
3048 219
3049 215
3141 211
3232 206
3233 202
2765 224
2854 219
2764 228
2792 88
2881 83
2982 79
2796 72
2885 67
2986 63
2987 59
3082 55
3176 51
3270 46
3364 42
3365 38
2784 120
2786 112
2788 104
2877 99
2978 95
2791 92
2880 87
2790 96
2879 91
2835 293
2827 468.127
2829 460.127
2828 464.127
2830 456.127
2822 519.567
2915 515.567
3017 511.567
3018 507.567
3019 503.567
2869 166
2871 166
2971 162
3065 158
3247 150
2870 166
2909 538.567
2910 534.567
2911 530.567
3014 523.567
3015 519.567
3016 515.567
2930 456.127
2832 452.127
2744 448.127
2933 301
2934 297
2935 293
2936 289
2937 285
2938 281
2939 277
2932 305
2921 486.584
2922 482.584
2925 468.127
2926 464.127
2924 472.127
2927 460.127
2913 523.567
2912 527.567
2914 519.567
2970 162
2973 115
3068 111
3162 107
2972 119
3067 115
3161 111
2975 107
3070 103
3164 99
2974 111
3069 107
3163 103
2961 191
2963 183
3058 179
3150 175
2964 179
2967 167
2966 171
3061 167
3153 163
3244 158
3245 154
2957 207
2956 211
2988 55
2976 103
2983 75
3033 460.127
3032 460.127
3035 309
3036 305
3034 313
3039 293
3027 472.127
3028 468.127
3029 464.127
3030 460.127
3026 476.127
3013 541.567
3012 545.567
3071 99
3056 187
3059 175
3062 163
3154 159
3054 195
3146 191
3237 186
3040 289
3081 59
3083 51
3075 83
3079 67
3173 63
3267 58
3361 54
3446 50
3532 45
3078 71
3121 468.127
3120 472.127
3127 305
3128 301
3129 297
3113 498.127
3114 494.127
3115 490.127
3116 486.127
3117 482.127
3112 502.127
3119 476.127
3118 480.127
3109 514.127
3110 510.127
3111 506.127
3108 518.127
3165 95
3259 90
3260 86
3354 82
3355 78
3167 87
3261 82
3166 91
3159 119
3253 114
3158 123
3252 118
3144 199
3235 194
3148 183
3151 171
3242 166
3335 162
3419 158
3505 153
3140 215
3231 210
3143 203
3234 198
3142 207
3177 47
3271 42
3169 79
3263 74
3170 75
3264 70
3172 67
3266 62
3175 55
3269 50
3363 46
3448 42
3534 37
3219 309
3220 305
3221 301
3222 297
3130 293
3218 313
3209 494.127
3208 498.127
3211 486.127
3210 490.127
3213 480.127
3214 476.127
3215 472.127
3216 468.127
3122 464.127
3212 484.127
3203 518.127
3205 510.127
3204 514.127
3207 502.127
3206 506.127
3249 130
3251 122
3345 118
3430 114
3275 36
3369 32
3454 28
3539 24
3305 494.127
3306 490.127
3304 498.127
3307 488.127
3309 480.127
3308 484.127
3299 522.127
3298 526.127
3300 518.127
3301 514.127
3303 502.127
3353 86
3346 114
3431 110
3517 105
3349 102
3434 98
3520 93
3606 89
3690 85
3778 80
3866 76
3955 72
3956 68
3957 64
3348 106
3351 94
3350 98
3435 94
3521 89
3522 85
3343 126
3333 170
3332 174
3417 166
3503 161
3416 170
3502 165
3588 161
3672 157
3421 150
3507 145
3593 141
3677 137
3765 132
3420 154
3506 149
3408 297
3318 293
3401 494.004
3402 490.004
3488 485.004
3569 481.004
3570 477.004
3571 473.004
3657 469.004
3740 464.004
3827 460.004
3916 456.004
4005 452.004
3405 480.127
3310 476.127
3311 472.127
3404 482.004
3490 477.004
3393 526.004
3399 502.127
3400 498.127
3449 38
3535 33
3450 34
3536 29
3441 70
3527 65
3528 61
3529 57
3615 53
3699 49
3787 44
3875 40
3964 36
3965 32
3440 74
3526 69
3443 62
3442 66
3444 58
3530 53
3616 49
3700 45
3788 40
3789 36
3877 32
3966 28
3433 102
3519 97
3432 106
3518 101
3436 90
3439 78
3525 73
3438 82
3524 77
3610 73
3694 69
3782 64
3870 60
3424 138
3510 133
3596 129
3680 125
3768 120
3426 130
3512 125
3598 121
3682 117
3770 112
3771 108
3428 122
3485 506.127
3487 489.004
3568 485.004
3477 534.171
3478 531.619
3492 476.004
3573 472.004
3658 468.004
3579 439.029
3581 439.029
3561 96
3646 92
3816 84
3608 81
3611 69
3695 65
3783 60
3871 56
3613 61
3697 57
3785 52
3873 48
3962 44
3963 40
3612 65
3614 57
3601 109
3605 93
3689 89
3777 84
3607 85
3599 117
3586 169
3589 157
3673 153
3761 148
3762 144
3675 145
3763 140
3674 149
3651 504.004
3733 500.004
3705 25
3793 20
3794 16
3704 29
3792 24
3696 61
3784 56
3698 53
3786 48
3701 41
3703 33
3791 28
3702 37
3790 32
3691 81
3779 76
3780 72
3692 77
3683 113
3685 105
3773 100
3687 97
3775 92
3686 101
3774 96
3862 92
3741 464.004
3742 464.135
3730 508.004
3818 504.004
3905 500.004
3906 496.004
3995 492.004
4085 487.004
3734 504.004
3753 309
3667 305
3583 301
3499 297
3411 293
3321 289
3226 285
3134 281
3752 309
3666 305
3498 297
3410 293
3746 431.004
3748 427.004
3836 423.004
3926 419.004
3751 309
3796 12
3833 465.004
3832 461.004
3920 457.004
4008 453.004
4096 447.004
3834 469.004
3837 423.004
3838 315
3825 468.004
3914 464.004
3915 460.004
3826 464.004
3828 463.324
3819 504.004
3821 484.004
3822 480.004
3911 476.004
4000 472.004
4090 467.004
4180 463.004
4273 459.004
3865 80
3867 72
3868 68
3863 88
3841 313
3840 313
3845 160
3846 156
3935 152
3889 24
3888 20
3976 16
3881 16
3882 12
3880 20
3887 16
3886 12
3974 8
3872 52
3874 44
3876 36
3879 24
3878 28
3967 24
3968 20
3969 16
3929 317
3930 317
3932 164
3921 461.004
4009 457.004
3923 469.004
4011 465.004
4010 461.004
3922 465.004
3924 420.004
4013 416.004
3904 504.004
3909 484.004
3998 480.004
3952 84
3954 76
3945 112
3946 108
3947 104
3948 100
3949 96
3944 116
3943 120
3992 504.004
4082 499.004
4083 495.004
3977 20
3979 28
3978 24
3971 8
3970 12
3975 12
4017 321
4019 321
4018 321
4023 156
4001 468.004
4091 463.004
4181 459.004
4182 455.004
4275 451.004
4003 460.004
4093 455.004
4094 451.004
4184 447.004
4277 443.004
4004 456.004
4121 124
4123 116
4122 120
4112 160
4113 156
4114 152
4115 148
4106 325
4108 325
4111 164
4097 435.004
4098 431.004
4099 427.004
4190 423.004
4191 419.004
4192 415.004
4193 411.004
4286 407.004
4101 415.004
4153 9
4155 17
4154 13
4157 25
4156 21
4159 33
4158 29
4145 28
4144 32
4149 12
4150 8
4137 60
4138 56
4139 52
4140 48
4136 64
4141 44
4142 40
4143 36
4131 84
4130 88
4133 76
4132 80
4135 68
4134 72
4187 435.004
4280 431.004
4186 439.004
4279 435.004
4189 427.004
4282 423.004
4188 431.004
4177 475.004
4183 451.004
4276 447.004
4175 483.004
4176 479.004
4269 475.004
4161 41
4160 37
4162 45
4216 116
4124 112
4215 120
4214 124
4203 168
4204 164
4205 160
4195 331
4198 329
4107 325
4249 25
4248 21
4247 17
4246 13
4251 33
4250 29
4253 41
4252 37
4255 49
4254 45
4241 16
4242 12
4233 48
4232 52
4235 40
4234 44
4224 84
4225 80
4227 72
4228 68
4229 64
4230 60
4231 56
4226 76
4281 427.004
4283 419.004
4272 463.004
4274 455.004
4265 499.004
4264 503.004
4266 495.004
4256 53
4263 507.004
4317 80
4316 84
4319 72
4320 68
4321 64
4322 60
4323 56
4324 52
4325 48
4318 76
4305 128
4306 124
4307 120
4308 116
4309 112
4310 108
4311 104
4312 100
4221 96
4129 92
4290 333
4295 168
4296 164
4297 160
4298 156
4207 152
4294 172
4345 45
4344 41
4343 37
4342 33
4347 53
4346 49
4348 57
4339 21
4341 29
4340 25
4329 32
4330 28
4328 36
4333 16
4335 12
4355 505.004
4354 509.004
4357 482.004
4409 80
4410 76
4411 72
4412 68
4413 64
4408 84
4415 56
4416 52
4414 60
4395 136
4396 132
4397 128
4394 140
4303 136
4304 132
4387 168
4388 164
4441 66
4349 61
4440 62
4442 70
4350 65
4445 509.004
4444 78
4352 73
4351 69
4447 482.004
4433 34
4432 30
4435 42
4434 38
4437 50
4436 46
4438 54
4429 18
4431 26
4419 40
4418 44
4421 32
4420 36
4465 403.004
4553 399.004
4639 395.004
4640 391.004
4641 387.004
4642 383.004
4464 407.004
4552 403.004
4638 399.004
4459 427.004
4460 423.004
4461 419.004
4549 415.004
4635 411.004
4636 407.004
4637 403.004
4463 411.004
4462 415.004
4550 411.004
4449 467.004
4537 463.004
4623 459.004
4624 455.004
4625 451.004
4626 447.004
4627 443.004
4628 439.004
4629 435.004
4630 431.004
4631 427.004
4632 423.004
4633 419.004
4634 415.004
4448 471.004
4536 467.004
4622 463.004
4451 459.004
4452 455.004
4540 451.004
4450 463.004
4453 451.004
4454 447.004
4542 443.004
4455 443.004
4456 439.004
4544 435.004
4545 431.004
4504 56
4507 44
4506 48
4508 40
4509 36
4497 84
4498 80
4499 76
4500 72
4501 68
4502 64
4503 60
4488 120
4400 116
4485 132
4484 136
4487 124
4486 128
4398 124
4539 455.004
4538 459.004
4541 447.004
4529 66
4528 62
4527 58
4531 74
4530 70
4533 513.004
4532 78
4443 74
4534 517.004
4523 42
4525 50
4524 46
4526 54
4571 136
4572 132
4573 128
4574 124
4575 120
4576 116
4577 112
4578 108
4492 104
4404 100
4313 96
4314 92
4315 88
4570 140
4554 395.004
4546 427.004
4548 419.004
4551 407.004
4593 48
4592 52
4595 40
4594 44
4596 36
4597 32
4511 28
4512 24
4424 20
4587 72
4588 68
4589 64
4590 60
4617 74
4616 70
4615 66
4619 517.004
4618 78
4621 467.004
4611 50
4613 58
4612 54
4614 62
4657 136
4658 132
4659 128
4660 124
4661 120
4662 116
4663 112
4664 108
4665 104
4666 100
4667 96
4582 92
4496 88
4697 54
4699 62
4698 58
4701 70
4700 66
4702 74
4681 40
4682 36
4680 44
4683 32
4598 28
4674 68
4675 64
4677 56
4678 52
4679 48
4721 395.004
4722 391.004
4723 387.004
4724 383.004
4725 379.004
4720 399.004
4713 427.004
4714 423.004
4715 419.004
4716 415.004
4717 411.004
4718 407.004
4719 403.004
4705 459.004
4706 455.004
4707 451.004
4708 447.004
4709 443.004
4710 439.004
4711 435.004
4712 431.004
4704 463.004
4763 68
4765 60
4767 52
4766 56
4747 132
4746 136
4749 124
4748 128
4750 120
4793 457.968
4794 453.968
4795 449.968
4796 445.968
4797 441.968
4792 461.968
4787 63
4786 59
4789 71
4788 67
4791 79
4790 75
4769 44
4768 48
4771 36
4816 366.968
4815 370.968
4860 36
4773 32
4685 28
4600 24
4863 36
4853 56
4852 60
4855 48
4856 44
4857 40
4854 52
4843 96
4757 92
4758 88
4670 84
4671 80
4586 76
4835 128
4836 124
4837 120
4838 116
4839 112
4753 108
4889 417.968
4890 413.968
4888 421.968
4891 409.968
4892 405.968
4893 401.968
4895 393.968
4896 389.968
4894 397.968
4887 425.968
4873 63
4875 71
4874 67
4877 79
4876 75
4878 461.968
4865 37
4778 33
4918 136
4919 132
4920 128
4921 124
4922 120
4897 385.968
4898 381.968
4901 370.968
4900 374.968
4959 71
4958 67
4945 40
4861 36
4775 32
4687 28
4602 24
4515 20
4947 40
4946 40
4862 36
4948 40
4950 41
4937 60
4936 64
4939 52
4938 56
4940 48
4941 44
4985 374.968
4984 378.968
4977 405.968
4978 401.968
4979 397.968
4981 389.968
4982 385.968
4980 393.968
4968 441.968
4969 437.968
4885 433.968
4973 421.968
4974 417.968
4975 413.968
4972 425.968
4961 79
4960 75
4962 465.968
4964 457.968
4967 445.968
4966 449.968
5020 64
5022 56
5011 100
5015 84
4932 80
4933 76
4934 72
4935 68
4851 64
5051 445.968
5052 441.968
5053 437.968
5054 433.968
4971 429.968
5050 449.968
5055 429.968
5040 64
4956 59
4955 55
4870 51
4869 47
4868 43
4781 39
4692 34
4691 30
4605 26
4518 22
5043 76
5042 72
5045 469.968
5044 80
5047 461.968
5033 45
5027 44
4944 40
4859 36
5026 44
4943 40
5031 44
5030 44
5065 389.968
5064 393.968
5057 421.968
5056 425.968
5059 413.968
5060 409.968
5061 405.968
5063 397.968
5062 401.968
5113 48
5112 48
5101 68
5102 64
5103 60
5104 56
5023 52
5094 96
5013 92
4930 88
4931 84
5145 397.968
5144 401.968
5137 429.968
5136 433.968
5139 421.968
5058 417.968
5138 425.968
5141 413.968
5142 409.968
5140 417.968
5143 405.968
5131 453.968
5130 457.968
5133 445.968
5132 449.968
5125 80
5124 76
5126 84
5176 88
5177 84
5178 80
5179 76
5100 72
5019 68
5175 92
5096 88
5209 461.968
5208 465.968
5211 453.968
5213 445.968
5134 441.968
5212 449.968
5214 441.968
5135 437.968
5205 84
5204 80
5207 469.968
5193 52
5192 52
5224 401.968
5217 429.968
5218 425.968
5219 421.968
5220 417.968
5221 413.968
5216 433.968
5223 405.968
5222 409.968
5275 56
5274 56
5305 429.968
5306 425.968
5304 433.968
5307 421.968
5308 417.968
5309 413.968
5310 409.968
5296 465.968
5301 445.968
5303 437.968
5302 441.968
5295 469.968
5294 473.968
5287 85
5361 60
5273 56
5191 52
5400 417.968
5393 445.968
5394 441.968
5392 449.968
5395 437.968
5397 429.968
5396 433.968
5399 421.968
5398 425.968
5386 473.968
5387 469.968
5465 85
5373 81
5285 77
5202 72
5122 68
5489 425.968
5490 421.968
5488 429.968
5493 409.968
5492 413.968
5483 449.968
5484 445.968
5485 441.968
5486 437.968
5487 433.968
5472 492.968
5567 457.968
5482 453.968
5566 461.968
5481 457.968
5391 453.968
5300 449.968
5554 508.968
5555 504.968
5470 500.968
5471 496.968
5585 406.968
5661 402.968
5584 398.968
5499 394.968
5409 390.968
5317 386.968
5577 417.968
5580 406.968
5581 402.968
5569 449.968
5568 453.968
5571 441.968
5572 437.968
5573 433.968
5574 429.968
5570 445.968
5575 425.968
5626 86
5549 81
5548 77
5547 73
5461 69
5369 65
5281 61
5198 56
5118 52
5036 48
4952 43
4867 39
4780 35
5657 406.968
5656 410.968
5659 402.968
5660 402.968
5583 398.968
5498 394.968
5408 390.968
5662 402.968
5500 394.968
5649 437.968
5648 441.968
5643 461.968
5644 457.968
5645 453.968
5646 449.968
5647 445.968
5695 76
5616 72
5540 68
5455 64
5724 457.968
5736 410.968
5739 406.968
5738 406.968
5740 406.968
5730 433.968
5733 421.968
5654 417.968
5735 414.968
5789 501.968
5714 497.968
5715 493.968
5716 489.968
5637 485.968
5561 481.968
5476 477.968
5788 504.968
5713 500.968
5808 425.968
5811 414.968
5810 418.968
5813 410.968
5815 410.968
5814 410.968
5801 453.968
5803 445.968
5802 449.968
5805 437.968
5806 433.968
5731 429.968
5804 441.968
5881 433.968
5882 429.968
5880 437.968
5885 418.968
5884 422.968
5887 414.968
5872 469.968
5875 457.968
5876 453.968
5877 449.968
5878 445.968
5879 441.968
5874 461.968
5864 501.968
5865 497.968
5866 493.968
5867 489.968
5793 485.968
5794 481.968
5719 477.968
5640 473.968
5564 469.968
5479 465.968
5389 461.968
5298 457.968
5863 505.968
5862 508.968
5889 414.968
5888 414.968
5949 457.968
5950 453.968
5951 449.968
5939 501.968
5940 497.968
5941 493.968
5942 489.968
5943 485.968
5944 481.968
5870 477.968
5796 473.968
5721 469.968
5642 465.968
5961 418.968
5960 418.968
5962 418.968
5953 441.968
5952 445.968
5955 433.968
5954 437.968
5957 426.968
5958 422.968
6001 794.924
6082 789.924
6083 785.924
6084 781.924
6085 777.924
6000 97
5780 86
5704 82
5624 78
6003 786.924
6002 790.924
6004 782.924
6041 422.968
6033 445.968
6032 449.968
6035 437.968
6034 441.968
6037 430.968
6038 426.968
6027 469.968
6028 465.968
6029 461.968
6030 457.968
6031 453.968
6016 513.968
5937 509.968
5938 505.968
6109 465.968
6111 457.968
6110 461.968
6081 793.924
6121 426.968
6122 426.968
6042 422.968
6113 449.968
6112 453.968
6115 441.968
6114 445.968
6117 434.968
6118 430.968
6161 773.924
6162 769.924
6237 765.924
6312 760.924
6160 777.924
6155 104
6079 99
5998 95
5925 91
5851 87
5776 82
5700 78
5620 74
5543 69
5457 65
5365 61
5277 57
6157 789.924
6232 785.924
6307 780.924
6308 776.924
6309 772.924
6310 768.924
6311 764.924
6156 793.924
6231 789.924
6306 784.924
6159 781.924
6158 785.924
6192 445.968
6195 434.968
6194 438.968
6197 430.968
6187 465.968
6188 461.968
6189 457.968
6190 453.968
6191 449.968
6186 469.968
6233 781.924
6235 773.924
6234 777.924
6236 769.924
6230 107
6154 103
6078 98
5997 94
5924 90
5850 86
5775 81
5699 77
5619 73
6265 453.968
6264 457.968
6266 449.968
6269 438.968
6268 442.968
6271 434.968
6261 469.968
6262 465.968
6263 461.968
6241 548.968
6167 544.968
6090 540.968
6247 525.968
6173 521.968
6096 517.968
6318 552.968
6305 788.924
6345 446.968
6346 442.968
6348 438.968
6351 438.968
6274 434.968
6200 430.968
6339 469.968
6338 473.968
6341 461.968
6342 457.968
6340 465.968
6343 453.968
6393 741.924
6394 737.924
6392 745.924
6385 773.924
6386 769.924
6387 765.924
6388 761.924
6389 757.924
6390 753.924
6391 749.924
6384 777.924
6381 789.924
6382 785.924
6383 781.924
6380 114
6303 109
6228 105
6152 101
6424 446.968
6426 442.968
6417 473.968
6416 477.968
6418 469.968
6421 457.968
6420 461.968
6423 450.968
6409 505.968
6410 501.968
6411 497.968
6412 493.968
6334 489.968
6257 485.968
6415 481.968
6337 477.968
6401 536.968
6323 532.968
6246 528.968
6172 524.968
6095 520.968
6015 516.968
5936 512.968
6459 786.924
6460 782.924
6461 778.924
6542 774.924
6622 769.924
6700 765.924
6701 761.924
6777 757.924
6850 752.924
6922 748.924
6923 744.924
6924 740.924
7000 736.924
7071 731.924
7072 727.924
7141 723.924
7142 719.924
7143 715.924
7208 711.924
7275 707.924
7343 702.924
7412 698.924
7413 694.924
6458 790.924
6539 786.924
6619 781.924
6697 777.924
6773 773.924
6846 768.924
6918 764.924
6994 760.924
7065 755.924
7134 751.924
7135 747.924
7200 743.924
7201 739.924
7202 735.924
7203 731.924
7204 727.924
7205 723.924
7206 719.924
7273 715.924
7341 710.924
7410 706.924
6463 770.924
6464 766.924
6465 762.924
6546 758.924
6626 753.924
6627 749.924
6628 745.924
6629 741.924
6630 737.924
6631 733.924
6632 729.924
6633 725.924
6711 721.924
6462 774.924
6543 770.924
6623 765.924
6483 540.968
6484 537.968
6485 533.968
6403 529.968
6325 525.968
6326 521.968
6327 517.968
6328 513.968
6251 509.968
6252 505.968
6178 501.968
6101 497.968
6021 493.968
6473 730.924
6554 726.924
6634 721.924
6635 717.924
6472 734.924
6553 730.924
6477 717.924
6558 713.924
6638 708.924
6716 704.924
6792 700.924
6865 695.924
6937 691.924
7013 687.924
6478 716.924
6559 712.924
6639 707.924
6717 703.924
6793 699.924
6866 694.924
6938 690.924
6467 754.924
6468 750.924
6469 746.924
6470 742.924
6551 738.924
6466 758.924
6547 754.924
6471 738.924
6552 734.924
6505 454.968
6506 450.968
6508 446.968
6497 485.968
6499 477.968
6498 481.968
6500 473.968
6501 469.968
6502 465.968
6555 722.924
6556 718.924
6636 713.924
6545 762.924
6625 757.924
6544 766.924
6624 761.924
6549 746.924
6548 750.924
6550 742.924
6541 778.924
6621 773.924
6540 782.924
6620 777.924
6698 773.924
6699 769.924
6775 765.924
6848 760.924
6849 756.924
6921 752.924
6585 465.968
6503 461.968
6584 469.968
6587 458.968
6588 454.968
6591 450.968
6590 450.968
6579 489.968
6580 485.968
6581 481.968
6582 477.968
6583 473.968
6575 505.968
6493 501.968
6560 711.924
6640 706.924
6718 702.924
6565 544.968
6566 541.968
6567 537.968
6618 785.924
6696 781.924
6644 548.968
6664 469.968
6667 458.968
6666 462.968
6659 489.968
6658 493.968
6661 481.968
6660 485.968
6663 473.968
6662 477.968
6705 745.924
6781 741.924
6854 736.924
6926 732.924
6927 728.924
7003 724.924
7074 719.924
6704 749.924
6780 745.924
6853 740.924
6707 737.924
6783 733.924
6856 728.924
6857 724.924
6929 720.924
7005 716.924
7076 711.924
7077 707.924
7078 703.924
7079 699.924
7080 695.924
7081 691.924
7150 687.924
7215 683.924
7216 679.924
6706 741.924
6782 737.924
6855 732.924
6709 729.924
6785 725.924
6858 720.924
6930 716.924
6931 712.924
6932 708.924
6933 704.924
6934 700.924
7010 696.924
6708 733.924
6784 729.924
6710 725.924
6786 721.924
6859 716.924
6703 753.924
6702 757.924
6778 753.924
6851 748.924
6695 785.924
6745 462.968
6744 466.968
6746 458.968
6737 493.968
6736 497.968
6739 485.968
6738 489.968
6741 477.968
6742 473.968
6740 481.968
6733 509.968
6734 505.968
6656 501.968
6577 497.968
6578 493.968
6735 501.968
6723 549.968
6645 545.968
6776 761.924
6779 749.924
6852 744.924
6771 781.924
6844 776.924
6916 772.924
6917 768.924
6772 777.924
6845 772.924
6774 769.924
6847 764.924
6809 509.968
6811 501.968
6812 497.968
6810 505.968
6813 493.968
6814 489.968
6815 485.968
6798 553.968
6799 549.968
6800 545.968
6787 717.924
6860 712.924
6789 709.924
6862 704.924
6788 713.924
6861 708.924
6843 780.924
6915 776.924
6991 772.924
7062 767.924
7131 763.924
7132 759.924
7133 755.924
6819 470.968
6820 466.968
6821 462.968
6822 462.968
6879 517.968
6808 513.968
6869 557.968
6870 553.968
6910 839.924
6888 481.968
6890 474.968
6891 470.968
6892 466.968
6881 509.968
6882 505.968
6880 513.968
6883 501.968
6884 497.968
6885 493.968
6941 557.968
6940 561.968
6935 696.924
6920 756.924
6996 752.924
7067 747.924
7068 743.924
7069 739.924
7070 735.924
6925 736.924
7001 732.924
6914 780.924
6919 760.924
6995 756.924
7066 751.924
6953 505.968
6954 501.968
6952 509.968
6957 489.968
6958 485.968
6949 521.968
6950 517.968
6951 513.968
7002 728.924
7073 723.924
7004 720.924
7075 715.924
7007 708.924
7006 712.924
6993 764.924
7064 759.924
6992 768.924
7063 763.924
6997 748.924
6999 740.924
6998 744.924
6985 804.924
7054 799.924
7123 795.924
7124 791.924
7125 787.924
7190 783.924
7257 779.924
7325 774.924
7326 770.924
7327 766.924
7328 762.924
7329 758.924
7398 754.924
6984 808.924
7053 803.924
6987 796.924
7056 791.924
7057 787.924
7058 783.924
7059 779.924
7060 775.924
7061 771.924
6986 800.924
7055 795.924
6989 780.924
6988 792.924
6990 776.924
6977 836.924
7046 831.924
7115 827.924
7116 823.924
7117 819.924
7118 815.924
7119 811.924
6976 840.924
7045 835.924
7114 831.924
6979 828.924
7048 823.924
6978 832.924
7047 827.924
6981 820.924
7050 815.924
6980 824.924
7049 819.924
6983 812.924
7052 807.924
7032 489.968
7034 482.968
7035 478.968
6961 474.968
7025 517.968
7024 521.968
7031 493.968
7023 525.968
7009 700.924
7008 704.924
7011 692.924
7082 687.924
7151 683.924
7044 839.924
7113 835.924
7178 831.924
7245 827.924
7313 822.924
7314 818.924
7383 814.924
7384 810.924
7450 806.924
7451 802.924
7452 798.924
7453 794.924
7454 790.924
7455 786.924
7096 521.968
7099 509.968
7098 513.968
7101 501.968
7100 505.968
7103 493.968
7102 497.968
7089 557.968
7088 561.968
7095 525.968
7094 529.968
7085 572.968
7015 568.968
6939 564.968
6868 560.968
6797 556.968
6722 552.968
7087 565.968
7129 771.924
7194 767.924
7195 763.924
7262 759.924
7330 754.924
7331 750.924
7332 746.924
7333 742.924
7334 738.924
7335 734.924
7336 730.924
7337 726.924
7406 722.924
7128 775.924
7193 771.924
7130 767.924
7122 799.924
7127 779.924
7126 783.924
7112 839.924
7105 486.968
7106 482.968
7163 537.968
7093 533.968
7022 529.968
7162 549.968
7228 545.968
7229 541.968
7165 529.968
7164 533.968
7157 565.968
7156 569.968
7159 561.968
7225 557.968
7226 553.968
7227 549.968
7158 561.968
7145 707.924
7210 703.924
7277 699.924
7345 694.924
7346 690.924
7347 686.924
7416 682.924
7144 711.924
7147 699.924
7148 695.924
7213 691.924
7280 687.924
7348 682.924
7349 678.924
7350 674.924
7351 670.924
7420 666.924
7146 703.924
7211 699.924
7278 695.924
7149 691.924
7214 687.924
7137 739.924
7136 743.924
7139 731.924
7138 735.924
7140 727.924
7192 775.924
7259 771.924
7197 755.924
7198 751.924
7199 747.924
7196 759.924
7185 803.924
7252 799.924
7320 794.924
7389 790.924
7184 807.924
7251 803.924
7319 798.924
7388 794.924
7187 795.924
7254 791.924
7322 786.924
7391 782.924
7189 787.924
7188 791.924
7255 787.924
7323 782.924
7324 778.924
7191 779.924
7258 775.924
7177 835.924
7176 486.968
7179 827.924
7246 823.924
7181 819.924
7248 815.924
7316 810.924
7385 806.924
7180 823.924
7247 819.924
7315 814.924
7183 811.924
7250 807.924
7318 802.924
7182 815.924
7249 811.924
7317 806.924
7169 513.968
7168 517.968
7171 505.968
7170 509.968
7173 497.968
7175 490.968
7224 561.968
7231 533.968
7230 537.968
7219 580.968
7154 576.968
7221 573.968
7223 565.968
7222 569.968
7209 707.924
7276 703.924
7344 698.924
7212 695.924
7279 691.924
7207 715.924
7256 783.924
7261 763.924
7260 767.924
7263 755.924
7241 494.968
7243 835.924
7311 830.924
7312 826.924
7381 822.924
7447 818.924
7448 814.924
7449 810.924
7242 490.968
7244 831.924
7233 525.968
7235 517.968
7234 521.968
7237 509.968
7236 513.968
7238 505.968
7172 501.968
7289 569.968
7290 565.968
7288 573.968
7291 561.968
7292 557.968
7281 683.924
7283 675.924
7282 679.924
7287 577.968
7272 719.924
7340 714.924
7409 710.924
7274 711.924
7342 706.924
7265 747.924
7264 751.924
7267 739.924
7266 743.924
7269 731.924
7268 735.924
7271 723.924
7339 718.924
7270 727.924
7338 722.924
7305 505.968
7304 509.968
7307 498.968
7310 834.924
7299 529.968
7301 521.968
7300 525.968
7303 513.968
7302 517.968
7353 665.968
7555 653.968
7355 585.968
7357 577.968
7356 581.968
7359 569.968
7358 573.968
7376 502.968
7369 529.968
7370 525.968
7368 533.968
7371 521.968
7373 513.968
7374 509.968
7372 517.968
7363 553.968
7364 549.968
7365 545.968
7366 541.968
7367 537.968
7417 678.924
7419 670.924
7418 674.924
7423 589.968
7422 591.968
7408 714.924
7411 702.924
7415 686.924
7414 690.924
7401 742.924
7400 746.924
7403 734.924
7402 738.924
7405 726.924
7404 730.924
7407 718.924
7395 766.924
7396 762.924
7394 770.924
7397 758.924
7399 750.924
7441 517.968
7442 513.968
7440 521.968
7433 549.968
7434 545.968
7432 553.968
7435 541.968
7437 533.968
7436 537.968
7439 525.968
7438 529.968
7425 581.968
7426 577.968
7427 573.968
7424 585.968
7429 565.968
7430 561.968
7431 557.968
7513 821.968
7514 817.968
7515 813.968
7516 809.968
7517 805.968
7518 801.968
7519 797.968
7520 793.968
7521 789.968
7522 785.968
7523 781.968
7524 777.968
7525 773.968
7526 769.968
7527 765.968
7528 761.968
7529 757.968
7530 753.968
7531 749.968
7532 745.968
7533 741.968
7534 737.968
7535 733.968
7536 729.968
7537 725.968
7538 721.968
7539 717.968
7540 713.968
7541 709.968
7542 705.968
7543 701.968
7544 697.968
7545 693.968
7546 689.968
7547 685.968
7548 681.968
7549 677.968
7550 673.968
7551 669.968
7552 665.968
7553 661.968
7554 657.968
7505 529.968
7506 525.968
7507 521.968
7504 533.968
7497 561.968
7498 557.968
7499 553.968
7500 549.968
7501 545.968
7496 565.968
7503 537.968
7502 541.968
7489 593.968
7490 589.968
7491 585.968
7492 581.968
7493 577.968
7495 569.968
7582 830.968
7583 826.968
7584 822.968
7657 818.968
7658 814.968
7659 810.968
7732 806.968
7806 801.968
7807 797.968
7569 561.968
7568 565.968
7570 557.968
7573 545.968
7574 541.968
7572 549.968
7575 537.968
7561 593.968
7560 597.968
7562 589.968
7567 569.968
7566 573.968
7559 599.968
7488 595.968
7609 722.968
7682 718.968
7683 714.968
7756 710.968
7830 705.968
7608 726.968
7611 714.968
7612 710.968
7685 706.968
7686 702.968
7759 698.968
7833 693.968
7610 718.968
7613 706.968
7615 698.968
7688 694.968
7761 690.968
7835 685.968
7614 702.968
7603 746.968
7604 742.968
7605 738.968
7606 734.968
7679 730.968
7680 726.968
7753 722.968
7827 717.968
7828 713.968
7829 709.968
7607 730.968
7592 790.968
7593 786.968
7666 782.968
7739 778.968
7813 773.968
7641 569.968
7640 573.968
7643 561.968
7644 557.968
7645 553.968
7646 549.968
7642 565.968
7647 545.968
7648 541.968
7633 601.968
7634 597.968
7637 585.968
7639 577.968
7625 658.968
7698 654.968
7771 650.968
7845 645.968
7624 662.968
7697 658.968
7627 650.968
7628 646.968
7701 642.968
7774 638.968
7848 633.968
7626 654.968
7629 642.968
7630 638.968
7617 690.968
7690 686.968
7691 682.968
7764 678.968
7838 673.968
7616 694.968
7619 682.968
7620 678.968
7621 674.968
7622 670.968
7695 666.968
7696 662.968
7618 686.968
7623 666.968
7677 738.968
7750 734.968
7824 729.968
7825 725.968
7678 734.968
7751 730.968
7654 522.091
10081 518.055
7706 601.968
7709 589.968
7708 593.968
7711 581.968
7699 650.968
7772 646.968
7846 641.968
7847 637.968
7700 646.968
7773 642.968
7703 634.968
7702 638.968
7689 690.968
7762 686.968
7836 681.968
7837 677.968
7693 674.968
7766 670.968
7840 665.968
7692 678.968
7765 674.968
7839 669.968
7694 670.968
7767 666.968
7841 661.968
7842 657.968
7843 653.968
7844 649.968
7681 722.968
7684 710.968
7757 706.968
7831 701.968
7832 697.968
7687 698.968
7760 694.968
7834 689.968
7720 545.968
7713 573.968
7714 569.968
7715 565.968
7716 561.968
7717 557.968
7712 577.968
7719 549.968
7718 553.968
7769 658.968
7768 662.968
7770 654.968
7775 634.968
7849 629.968
7850 625.968
7763 682.968
7752 726.968
7826 721.968
7755 714.968
7754 718.968
7758 702.968
7793 549.968
7794 545.968
7795 541.968
7792 553.968
7785 581.968
7786 577.968
7787 573.968
7784 585.968
7789 565.968
7790 561.968
7791 557.968
7788 569.968
7776 630.968
7779 605.968
7778 622.968
7781 597.968
7782 593.968
7865 557.968
7864 561.968
7866 553.968
7857 589.968
7858 585.968
7859 581.968
7861 573.968
7860 577.968
7863 565.968
7862 569.968
7854 601.968
7929 597.968
7930 593.968
7931 589.968
7933 581.968
7934 577.968
7935 573.968
7932 585.968
7937 565.968
7938 561.968
7939 557.968
7936 569.968
7941 549.968
7868 545.968
8013 544.968
7944 537.968
8057 620.968
8063 596.968
8062 600.968
8035 708.968
8036 704.968
8072 560.968
8074 553.968
8067 580.968
8068 576.968
8069 572.968
