 key  value
8122 451.968
8123 447.968
8064 443.968
8002 439.968
8003 435.968
8004 431.968
8005 427.968
8006 423.968
8007 419.968
8008 415.968
8009 411.968
8010 407.968
8011 403.968
7942 396.968
7869 392.968
7796 388.968
7723 384.968
7651 380.968
7578 376.968
7507 372.968
7441 368.968
7373 364.968
7374 360.968
7305 356.968
7239 352.968
7173 348.968
7103 344.968
7104 340.968
7033 336.968
6959 332.968
6889 328.968
6818 324.968
6743 320.968
6665 316.968
6586 312.968
6504 308.968
6422 304.968
6344 300.968
6267 296.968
6193 292.968
6116 288.968
6036 284.968
5956 280.968
5883 276.968
5809 272.968
5734 268.968
5655 264.968
5579 260.968
5494 256.968
5404 252.968
5313 248.968
5226 244.968
5147 240.968
5066 236.968
4983 232.968
4899 228.968
4814 224.968
4727 217.968
4728 213.968
4729 209.968
9898 205.451
4643 200
4557 196
4470 192
4381 188
4196 180
4105 176
4016 172
3928 168
3839 164
3750 160
3665 156
3582 152
3497 148
3409 144
3319 140
3225 136
3133 132
3043 128
2940 124
2941 120
2942 116
2943 112
2944 108
2844 104
2756 100
2668 96
2669 92
2583 88
2498 84
2499 80
2415 76
2330 72
2243 68
2244 64
2245 60
2246 56
2247 52
2162 48
2073 44
2074 40
2075 36
1985 32
1897 28
1815 24
1725 20
1726 16
1727 12
1728 8
1631 4
8125 439.968
8126 435.968
8127 431.968
8128 427.968
8069 423.968
8124 443.968
8065 439.968
8066 435.968
8113 487.968
8114 483.968
8115 479.968
8056 475.968
8057 471.968
7995 467.968
7996 463.968
7997 459.968
7998 455.968
7999 451.968
8000 447.968
8001 443.968
8112 491.968
8117 471.968
8118 467.968
8059 463.968
8116 475.968
8119 463.968
8120 459.968
8121 455.968
8105 519.968
8106 515.968
8047 511.968
8048 507.968
8049 503.968
8050 499.968
8051 495.968
8052 491.968
8053 487.968
7991 483.968
7992 479.968
7993 475.968
7994 471.968
8104 523.968
8107 511.968
8109 503.968
8108 507.968
8111 495.968
8110 499.968
8097 551.968
8038 547.968
8039 543.968
8040 539.968
8041 535.968
8042 531.968
8043 527.968
7981 523.968
7982 519.968
7983 515.968
7984 511.968
7985 507.968
7986 503.968
7987 499.968
7988 495.968
7989 491.968
7990 487.968
8096 555.968
8099 543.968
8098 547.968
8101 535.968
8100 539.968
8103 527.968
8044 523.968
8045 519.968
8102 531.968
8155 551.968
8157 543.968
8158 539.968
8159 535.968
8160 531.968
8156 547.968
8136 627.968
8137 623.968
8080 619.968
8021 615.968
7959 611.968
7960 607.968
7961 603.968
7962 599.968
7963 595.968
7964 591.968
7965 587.968
7966 583.968
7967 579.968
7968 575.968
7969 571.968
7970 567.968
7971 563.968
7972 559.968
7973 555.968
7974 551.968
7975 547.968
7976 543.968
7977 539.968
7978 535.968
7979 531.968
7980 527.968
8185 431.968
8184 435.968
8177 463.968
8178 459.968
8179 455.968
8176 467.968
8181 447.968
8180 451.968
8183 439.968
8182 443.968
8169 495.968
8170 491.968
8168 499.968
8171 487.968
8172 483.968
8173 479.968
8174 475.968
8175 471.968
8161 527.968
8162 523.968
8163 519.968
8165 511.968
8166 507.968
8164 515.968
8167 503.968
8217 535.968
8218 531.968
8219 527.968
8216 539.968
8221 519.968
8220 523.968
8223 511.968
8224 507.968
8225 503.968
8226 499.968
8222 515.968
8215 543.968
8214 547.968
8241 439.968
8240 443.968
8242 435.968
8233 471.968
8234 467.968
8232 475.968
8235 463.968
8237 455.968
8238 451.968
8239 447.968
8236 459.968
8227 495.968
8229 487.968
8228 491.968
8231 479.968
8230 483.968
8281 495.968
8280 499.968
8283 487.968
8282 491.968
8285 479.968
8284 483.968
8287 471.968
8286 475.968
8273 527.968
8272 531.968
8275 519.968
8274 523.968
8277 511.968
8278 507.968
8276 515.968
8279 503.968
91 189
112 185
113 181
114 177
115 173
116 169
117 165
118 161
135 149
154 142
183 138
221 134
267 129
318 125
374 121
436 116
500 112
571 108
643 103
713 99
714 95
791 91
876 86
877 82
878 78
956 74
957 70
1029 66
1030 62
1031 58
1101 54
1174 49
1258 45
1342 41
1433 36
1530 32
1531 28
1532 24
1533 20
1534 16
1535 12
1536 8
1537 4
8269 543.968
8270 539.968
8271 535.968
93 181
94 177
95 173
8268 547.968
92 185
8319 543.968
8318 547.968
8298 427.968
8299 423.968
8246 419.968
8189 415.968
8132 411.968
8073 407.968
125 189
126 185
127 181
128 177
129 173
130 169
131 165
132 161
133 157
134 153
8289 463.968
8288 467.968
8291 455.968
8292 451.968
8293 447.968
8294 443.968
8290 459.968
8344 443.968
8295 439.968
8349 429.802
9963 427.837
110 193
111 189
8337 471.968
8336 475.968
8339 463.968
8340 459.968
8338 467.968
8341 455.968
8342 451.968
8343 447.968
8329 503.968
8328 507.968
8331 495.968
8332 491.968
8330 499.968
8333 487.968
8335 479.968
8334 483.968
8321 535.968
8322 531.968
8323 527.968
145 178
146 174
175 170
213 166
259 161
310 157
311 153
367 149
429 144
493 140
564 136
636 131
706 127
707 123
708 119
785 115
870 110
871 106
949 102
1021 98
1091 94
1164 89
1165 85
1249 81
1250 77
1334 73
1425 68
1522 64
1523 60
1524 56
1525 52
1526 48
1527 44
1528 40
1529 36
8320 539.968
144 182
147 170
176 166
214 162
260 157
8325 519.968
8326 515.968
149 162
150 158
179 154
217 150
263 145
264 141
315 137
371 133
433 128
434 124
498 120
569 116
641 111
642 107
8324 523.968
148 166
8327 511.968
8377 507.968
8376 511.968
8379 499.968
8378 503.968
8381 491.968
8382 487.968
8383 483.968
8384 479.968
8380 495.968
143 186
8369 539.968
8368 543.968
8371 531.968
8370 535.968
8373 523.968
8374 519.968
8375 515.968
8372 527.968
177 162
215 158
261 153
312 149
368 145
430 140
431 136
495 132
566 128
638 123
639 119
640 115
178 158
181 146
182 142
220 138
266 133
317 129
180 150
173 178
174 174
212 170
258 165
172 182
8393 443.968
8394 439.968
8395 435.968
8396 431.968
8348 427.968
216 154
262 149
313 145
369 141
219 142
265 137
218 146
8385 475.968
209 182
255 177
306 173
362 169
424 164
488 160
559 156
631 151
701 147
702 143
703 139
704 135
705 131
8387 467.968
211 174
257 169
8386 471.968
210 178
256 173
307 169
308 165
364 161
426 156
427 152
428 148
8389 459.968
8390 455.968
8388 463.968
8391 451.968
8441 451.968
8442 447.968
8440 455.968
8433 483.968
8432 487.968
8435 475.968
8436 471.968
8437 467.968
8438 463.968
8439 459.968
8434 479.968
8425 515.968
8426 511.968
8424 519.968
8427 507.968
8428 503.968
8429 499.968
8430 495.968
8431 491.968
254 181
8419 539.968
8420 535.968
8418 543.968
8421 531.968
8422 527.968
8423 523.968
8473 515.968
8472 519.968
8475 507.968
8476 503.968
8474 511.968
8477 499.968
8479 491.968
8478 495.968
8467 539.968
8466 543.968
8469 531.968
8468 535.968
8471 523.968
8470 527.968
8499 599.968
8453 595.968
8406 591.968
8357 587.968
8309 583.968
8260 579.968
8261 575.968
8208 571.968
8209 567.968
8210 563.968
8211 559.968
8154 555.968
8500 595.968
8454 591.968
8455 587.968
8456 583.968
8409 579.968
8360 575.968
8312 571.968
8263 567.968
314 141
316 133
319 124
375 120
437 115
501 111
572 107
8481 483.968
305 177
8480 487.968
8483 475.968
8482 479.968
8485 467.968
8486 463.968
309 161
8484 471.968
8487 459.968
8488 455.968
8489 451.968
8490 447.968
8491 443.968
8444 439.968
8445 435.968
299 220
300 216
301 212
357 208
418 203
480 199
550 192
622 187
623 183
624 179
625 175
626 171
627 167
628 163
629 159
630 155
8529 479.968
8528 483.968
8531 471.968
8532 467.968
8530 475.968
8533 463.968
8534 459.968
8521 511.968
8522 507.968
8520 515.968
8523 503.968
8524 499.968
8525 495.968
8526 491.968
8527 487.968
8515 535.968
8516 531.968
8514 539.968
8517 527.968
8519 519.968
8518 523.968
8569 499.968
8570 495.968
8568 503.968
8571 491.968
8572 487.968
8573 483.968
8575 475.968
8576 471.968
8574 479.968
8561 531.968
8562 527.968
8563 523.968
8564 519.968
8565 515.968
8566 511.968
8567 507.968
8560 535.968
370 137
432 132
373 125
435 120
372 129
361 173
423 168
360 177
422 172
486 168
557 164
363 165
425 160
489 156
560 152
632 147
8605 531.968
8606 527.968
365 157
8604 535.968
8607 523.968
366 153
353 224
414 219
415 215
416 211
478 207
479 203
8589 595.968
8546 591.968
8502 587.968
413 223
475 219
476 215
477 211
8588 599.968
8545 595.968
8501 591.968
412 227
8590 591.968
8591 587.968
8548 583.968
8549 579.968
8550 575.968
8551 571.968
8507 567.968
8461 563.968
8414 559.968
8365 555.968
8317 551.968
8632 591.968
8631 595.968
8630 599.968
8617 483.968
8618 479.968
8619 475.968
8620 471.968
8621 467.968
8622 463.968
8579 459.968
8535 455.968
8616 487.968
8609 515.968
8608 519.968
8611 507.968
8610 511.968
8613 499.968
8614 495.968
8615 491.968
8612 503.968
8671 595.968
8672 591.968
8673 587.968
8674 583.968
8635 579.968
8594 575.968
8670 599.968
8657 491.968
8658 487.968
8656 495.968
8659 483.968
8660 479.968
8661 475.968
421 176
485 172
556 168
420 180
8649 523.968
8650 519.968
8651 515.968
8652 511.968
473 227
474 223
8648 527.968
8653 507.968
8654 503.968
8655 499.968
469 243
470 239
471 235
472 231
8647 531.968
8646 535.968
8697 491.968
8698 487.968
8699 483.968
8696 495.968
8701 475.968
8702 471.968
8663 467.968
8664 463.968
8623 459.968
8580 455.968
8581 451.968
8537 447.968
8700 479.968
8689 523.968
8691 515.968
8690 519.968
8693 507.968
8692 511.968
8695 499.968
8694 503.968
8686 535.968
497 124
496 128
567 124
499 116
570 112
8729 519.968
8728 523.968
8731 511.968
491 148
562 144
634 139
635 135
8730 515.968
490 152
8733 503.968
8734 499.968
8732 507.968
492 144
8735 495.968
483 180
554 176
484 176
487 164
558 160
8726 531.968
8727 527.968
537 244
609 239
610 235
611 231
612 227
613 223
614 219
615 215
616 211
617 207
618 203
619 199
620 195
621 191
539 236
538 240
541 228
540 232
543 220
542 224
8711 591.968
8712 587.968
8713 583.968
8714 579.968
8715 575.968
8677 571.968
8678 567.968
8679 563.968
8680 559.968
8641 555.968
8642 551.968
8601 547.968
8558 543.968
8559 539.968
8710 595.968
8763 531.968
8765 523.968
8764 527.968
8767 515.968
8766 519.968
8747 595.968
8746 599.968
8748 591.968
8737 487.968
8736 491.968
8739 479.968
563 140
8738 483.968
565 132
637 127
553 180
552 184
555 172
545 212
544 216
8787 595.968
547 204
8786 599.968
546 208
8788 591.968
8749 587.968
551 188
8776 479.968
8740 475.968
605 255
606 251
607 247
608 243
8780 478.331
9950 472.669
8704 467.968
8769 507.968
8770 503.968
8768 511.968
8771 499.968
8773 491.968
8772 495.968
8775 483.968
8774 487.968
8827 595.968
8828 591.968
8829 587.968
8830 583.968
8791 579.968
8752 575.968
8716 571.968
8717 567.968
8816 479.968
8777 475.968
8741 471.968
8703 467.968
8809 507.968
8808 511.968
8811 499.968
8810 503.968
8813 491.968
8812 495.968
8815 483.968
8814 487.968
8801 539.968
8802 535.968
8800 543.968
8803 531.968
8805 523.968
8804 527.968
8807 515.968
8806 519.968
8849 507.968
8850 503.968
8848 511.968
8851 499.968
8853 491.968
8854 487.968
8852 495.968
8841 539.968
8842 535.968
8843 531.968
8844 527.968
8845 523.968
8846 519.968
8847 515.968
8890 487.96
9969 484.03
8881 523.96
8882 519.96
8883 515.96
8884 511.96
8885 507.96
8886 503.96
8887 499.96
8888 495.96
8889 491.96
8880 527.96
8877 539.96
8878 535.96
8879 531.96
689 202
690 198
691 194
692 190
693 186
694 182
695 178
696 174
697 170
688 206
681 234
682 230
683 226
684 222
685 218
686 214
687 210
8920 507.96
680 238
8913 535.96
8912 539.96
8915 527.96
8916 523.96
675 258
676 254
677 250
678 246
679 242
8914 531.96
8917 519.96
8919 511.96
8918 515.96
8911 543.96
8910 547.96
8953 511.96
8952 515.96
712 103
789 99
874 94
952 90
953 86
954 82
1026 78
1027 74
1097 70
1170 65
1254 61
1338 57
1429 52
8945 543.96
8946 539.96
8944 547.96
8947 535.96
8949 527.96
709 115
786 111
8948 531.96
8951 519.96
711 107
8950 523.96
710 111
787 107
872 102
873 98
951 94
1023 90
1093 86
1166 81
761 233
762 229
763 225
764 221
765 217
766 213
767 209
768 205
769 201
770 197
771 193
772 189
773 185
774 181
760 237
753 265
754 261
755 257
756 253
757 249
758 245
759 241
8985 515.96
8984 519.96
8977 547.96
8978 543.96
8976 551.96
8979 539.96
8980 535.96
8981 531.96
8982 527.96
8983 523.96
8975 555.96
8974 559.96
8942 555.96
8909 551.96
784 119
869 114
947 110
1019 106
1020 102
788 103
790 95
875 90
9017 515.96
8986 511.96
8987 507.96
8955 503.96
8922 499.96
9016 519.96
9009 547.96
9008 551.96
9011 539.96
9010 543.96
9013 531.96
9012 535.96
9015 523.96
9014 527.96
9005 563.96
9007 555.96
8997 595.96
8998 591.96
8967 587.96
8935 583.96
8902 579.96
8868 575.96
8869 571.96
8870 567.96
8871 563.96
8872 559.96
8873 555.96
8874 551.96
8875 547.96
8876 543.96
9041 543.96
9040 547.96
9043 535.96
9042 539.96
9045 527.96
9046 523.96
9044 531.96
9047 519.96
9048 515.96
9049 511.96
9050 507.96
9020 503.96
8989 499.96
8957 495.96
8924 491.96
856 199
857 195
858 191
859 187
9037 559.96
9038 555.96
9036 563.96
9006 559.96
9039 551.96
849 231
850 227
848 235
851 219
852 215
853 211
854 207
855 203
9029 591.96
9030 587.96
9031 583.96
9001 579.96
8970 575.96
8971 571.96
8972 567.96
8973 563.96
8941 559.96
9028 595.96
841 263
842 259
843 255
844 251
845 247
846 243
847 239
840 267
9073 531.96
9074 527.96
9072 535.96
9075 523.96
9076 519.96
835 287
836 283
837 279
838 275
839 271
9065 563.96
9066 559.96
9064 567.96
9067 555.96
9068 551.96
9069 547.96
9071 539.96
9070 543.96
9059 587.96
9060 583.96
9061 579.96
9033 575.96
9034 571.96
9004 567.96
9058 591.96
9063 571.96
9035 567.96
9113 595.96
9087 591.96
9117 579.96
9091 575.96
9119 571.96
9093 567.96
9118 575.96
9092 571.96
9104 523.96
9097 551.96
9098 547.96
921 283
922 279
923 275
924 271
925 267
9096 555.96
920 287
9099 543.96
9101 535.96
9102 531.96
9100 539.96
9103 527.96
927 259
926 263
9095 559.96
9094 563.96
9145 579.96
9144 583.96
9147 571.96
9148 567.96
9149 563.96
9150 559.96
9123 555.96
9124 551.96
9146 575.96
9151 555.96
9141 595.96
9114 591.96
9088 587.96
9143 587.96
9128 535.96
9130 527.96
9133 519.96
9107 515.96
9078 511.96
9121 563.96
945 118
1017 114
1087 110
1160 105
1244 101
1328 97
1419 92
1420 88
1421 84
1518 80
1519 76
1520 72
1521 68
9120 567.96
944 122
1016 118
9122 559.96
946 114
1018 110
1088 106
1161 101
1162 97
1163 93
9125 547.96
9127 539.96
9126 543.96
950 98
1022 94
9177 555.96
9152 551.96
9176 559.96
937 214
938 210
939 206
940 202
936 218
9179 547.96
9180 543.96
9155 539.96
9178 551.96
9181 539.96
9182 535.96
9183 531.96
9184 527.96
9159 523.96
9132 519.96
9106 515.96
9169 587.96
929 251
928 255
9171 579.96
9172 575.96
9173 571.96
931 243
9170 583.96
930 247
933 235
932 239
9175 563.96
935 219.127
1010 215.127
1080 211.127
1153 206.127
1236 202.127
1319 198.127
1406 193.127
1502 186.127
1503 182.127
1597 178.127
1691 173.127
1692 169.127
1693 165.127
1694 161.127
1695 157.127
1696 153.127
1697 149.127
1698 145.127
1699 141.127
1700 137.127
1604 133.232
1605 129.232
1414 112
1415 108
1416 104
1417 100
1418 96
9174 567.96
934 231
9153 547.96
9154 543.96
9201 559.96
9202 555.96
9203 551.96
9204 547.96
9205 543.96
9206 539.96
9200 563.96
9193 591.96
9195 583.96
9196 579.96
9197 575.96
9199 567.96
9198 571.96
1009 235
1008 239
1011 214.127
1081 210.127
1015 122
1014 126
9241 579.96
9242 575.96
9221 571.96
9222 567.96
1001 286
1000 290
9243 571.96
1003 266
1004 262
1005 258
1006 254
9245 563.96
9246 559.96
9247 555.96
9248 551.96
9227 547.96
9228 543.96
9229 539.96
9207 535.96
9208 531.96
9244 567.96
9223 563.96
9224 559.96
1007 243
9225 555.96
9226 551.96
9219 579.96
9220 575.96
1037 24
1104 20
1180 16
1264 12
1351 8
1441 4
1028 70
1084 122
1157 117
1241 113
1325 109
9249 547.96
9250 543.96
1073 270
1075 262
1074 266
1077 243
1076 258
1078 243
1096 74
1169 69
1099 62
1172 57
1173 53
1102 53
1089 102
1090 98
1095 78
1168 73
1252 69
1336 65
1427 60
1145 259.127
1229 255.127
1230 251.127
1231 247.127
1232 243.127
1233 239.127
1316 235.127
1496 227.127
1590 223.127
1684 218.127
1778 214.127
1949 206.127
1866 200.127
1780 196.127
1781 192.127
1782 188.127
1783 184.127
1784 180.127
1785 176.127
1786 172.127
1787 168.127
1788 164.127
1789 160.127
1790 156.127
1791 152.127
1792 148.127
1793 144.127
1144 264
1146 253
1147 249
1143 268
1142 272
1183 16
1266 12
1352 8
1442 4
1182 16
1171 61
1167 77
1152 210.127
1156 121
1240 117
1324 113
1159 109
1243 105
1327 101
1158 113
1242 109
9421 2076.92
9422 1978.92
9423 1880.92
9424 1782.92
9442 1607.92
9443 1508.92
9461 1373.92
9477 1267.92
9494 1160.92
9512 1028.92
9531 921.924
9551 814.924
6006 625.924
6087 620.924
6163 616.924
6238 612.924
6313 607.924
6314 603.924
6315 599.924
6316 595.924
6317 591.924
6395 584.924
6474 577.924
6555 573.924
6635 568.924
6713 564.924
6714 560.924
6790 556.924
6863 551.924
6864 547.924
6936 543.924
7012 539.924
7083 534.924
7152 530.924
7217 526.924
7284 522.924
7352 517.924
7421 513.924
7487 509.924
9982 505.983
7556 500.968
7557 496.968
7558 492.968
7631 485.968
7704 481.968
7777 477.968
7851 472.968
7852 468.968
7925 464.968
7926 460.968
7927 456.968
7854 452.968
7855 448.968
7856 444.968
7857 440.968
7784 436.968
7785 432.968
7786 428.968
7713 424.968
7714 420.968
7642 416.968
7643 412.968
7570 408.968
7499 404.968
7433 400.968
7365 396.968
7366 392.968
7297 388.968
7298 384.968
7232 380.968
7233 376.968
7234 372.968
7235 368.968
7169 364.968
7170 360.968
7100 356.968
7101 352.968
7102 348.968
1245 97
1329 93
9420 2174.92
1247 89
1331 85
1422 80
1423 76
1424 72
1246 93
1330 89
1235 206.127
1318 202.127
1405 197.127
1234 210.127
1225 272
1226 268
1224 276
1227 263.127
1228 259.127
1221 323
1220 319
1305 315
1392 311
1484 307
1485 303
1486 299
1393 292
1306 286
1223 279
9462 1337.42
9939 1247.01
9478 1229.1
9942 1140.22
9495 1121.92
1222 327
1269 24
1355 20
1445 16
1444 12
1540 8
1539 4
1257 49
1341 45
1432 40
1256 53
1259 29
1346 25
1437 20
1248 85
1251 73
1335 69
1426 64
9493 1215.92
9511 1082.92
9530 976.924
9550 870.924
9572 741.924
5928 644.924
1253 65
1255 57
1304 316
1307 283
1309 275.127
1310 271.127
1311 267.127
1312 263.127
1308 279.127
9529 1075.92
9528 1174.92
9532 917.924
9525 2063.16
9544 1961.16
9563 1868.16
9586 1766.16
9607 1664.16
9629 1572.16
9630 1475.16
9631 1378.16
9984 1326.57
9609 1246.97
9610 1146.97
9611 1046.97
9612 946.968
9613 846.968
9614 746.968
7873 680.968
7800 676.968
7801 672.968
7874 668.968
7875 664.968
7876 660.968
7877 656.968
7878 652.968
7879 648.968
7880 644.968
7881 640.968
7882 636.968
7883 632.968
7884 628.968
7885 624.968
7886 620.968
7887 616.968
7888 612.968
7889 608.968
7890 604.968
7891 600.968
7892 596.968
7893 592.968
7894 588.968
7895 584.968
7896 580.968
7897 576.968
7898 572.968
7899 568.968
7900 564.968
7901 560.968
7902 556.968
7903 552.968
7904 548.968
7905 544.968
7906 540.968
7907 536.968
7908 532.968
7909 528.968
7910 524.968
7911 520.968
7912 516.968
7913 512.968
7914 508.968
7915 504.968
7916 500.968
7917 496.968
7918 492.968
7919 488.968
7920 484.968
7921 480.968
7922 476.968
7923 472.968
7924 468.968
9524 2158.16
9543 2056.16
9562 1963.16
9585 1862.16
9606 1761.16
9628 1669.16
9527 1273.92
9513 1024.92
1337 61
1428 56
1339 53
1430 48
1431 44
1340 49
1343 37
1434 32
1435 28
1436 24
9506 2259.16
9509 1278.92
9510 1180.92
1332 81
9567 1231.92
9568 1133.92
9569 1035.92
9570 937.924
9571 839.924
9566 1329.92
1326 105
1317 206.127
1404 201.127
9547 1169.92
9546 1268.92
9549 970.924
9548 1069.92
9593 738.924
6911 686.924
6912 682.924
6913 678.924
6982 667.924
7051 662.924
7120 658.924
7185 654.924
7252 650.924
7320 645.924
7321 641.924
7390 637.924
7391 633.924
7457 629.924
7458 625.924
7459 621.924
7460 617.924
7461 613.924
7462 609.924
7463 605.924
7464 601.924
7465 597.924
7466 593.924
7467 589.924
7468 585.924
7469 581.924
7470 577.924
7471 573.924
7472 569.924
7473 565.924
7474 561.924
7475 557.924
7476 553.924
7477 549.924
7478 545.924
7479 541.924
7480 537.924
7481 533.924
7482 529.924
7483 525.924
7484 521.924
7485 517.924
7486 513.924
9592 837.924
9595 475
9574 366
3392 282
3297 275
3107 260
3011 253
2908 242
2818 234
2732 229
2562 217
2477 212
2391 207
2302 199
2215 192
2124 185
2032 178
1943 173
1942 169
1941 165
1940 161
1857 157
1766 153
1668 148
1667 144
1573 140
1572 136
1571 132
1570 128
1569 124
1568 120
1567 116
1566 112
1565 108
1564 104
1563 100
1562 96
1561 92
1560 88
1559 84
1558 80
1557 76
1556 72
1555 68
1554 64
1553 60
1552 56
1551 52
1550 48
1549 44
1548 40
1547 36
1546 32
1545 28
1544 24
1543 20
1542 16
1541 12
9594 379
5374 305
5286 301
5203 296
5123 292
5041 288
4957 283
4956 279
4871 275
4784 271
4695 266
4694 262
4693 258
4607 254
4606 250
4519 246
4430 242
4338 237
4337 233
4245 229
4152 225
4062 220
3972 216
3971 212
3970 208
3969 204
3968 200
3967 196
3966 192
3877 188
3789 184
3701 179
3700 175
3699 171
3698 167
3614 163
3528 159
3442 154
3441 150
3440 146
3355 142
3354 138
3353 134
3352 130
3258 126
3164 121
3163 117
3069 113
2974 109
2873 105
2784 100
2698 96
2615 92
2529 87
2528 83
2443 79
2357 75
2269 70
2268 66
2267 62
2181 58
2180 54
2090 50
1999 46
1910 41
1909 37
1908 33
1907 29
1824 25
1733 21
1635 16
1634 12
1633 8
1357 28
1356 24
1359 36
1358 32
1345 29
1347 21
1438 16
1439 12
9589 1134.92
9590 1035.92
9591 936.924
9588 1233.92
1349 13
1440 8
1348 17
1350 9
1401 258.127
1314 254.127
1315 250.127
1400 262.127
1403 230.127
1497 226.127
1591 222.127
1402 254.127
1395 287
1394 290
9573 266.004
4102 262.004
4287 254.004
4378 249.004
4468 242.004
4556 238.004
4726 226.004
9909 221.892
1397 279.127
1396 283.127
1399 266.127
1398 273.127
1391 315
1483 311
9617 487
9616 388
7111 323
7042 318
6973 314
6906 310
6838 305
6765 301
6689 297
6611 292
6531 288
6449 284
6371 280
6294 275
6219 271
6143 267
6067 262
5986 258
5913 254
5839 250
5764 245
5688 241
5608 237
5531 232
5445 228
5353 224
5265 220
5182 215
5102 211
5020 207
4936 202
4851 198
4764 194
4675 189
4589 185
4502 181
4413 177
4321 172
4229 168
4136 164
4046 159
3956 155
3867 151
3779 147
3691 142
3607 138
3521 134
3435 129
3350 125
3256 121
3162 116
3068 112
2973 108
2872 104
9657 988.968
9636 885.968
9656 1085.97
9635 982.968
9658 1086.97
9661 589.756
9638 481.756
10125 467.172
9660 521
9637 413
9615 320
6824 261
6751 257
6675 253
6598 249
6518 245
6436 241
6358 237
6282 233
6207 229
6131 225
6055 220
5974 216
5901 212
5827 208
5752 203
5676 199
5596 195
5519 190
5433 186
5341 182
5253 178
5170 173
5090 169
5008 165
4924 160
4839 156
4752 152
4663 147
4577 143
4490 139
4401 135
4309 130
4217 126
4124 122
4034 117
3944 113
3855 109
3767 105
3679 100
3595 96
3509 92
3423 87
3339 83
3246 79
3155 74
3063 70
2968 66
2867 62
2778 57
2689 53
2602 49
2516 44
2431 40
2345 36
2258 32
2172 28
2082 24
1991 20
1903 16
1820 12
1729 8
1632 4
9655 1183.97
9634 1079.97
9654 1280.97
9633 1176.97
9639 503
1449 32
1448 28
1447 24
1446 20
9681 629
9680 1093.97
9682 697.756
1499 198.127
1593 194.127
1687 189.127
1688 185.127
1689 181.127
1690 177.127
1498 202.127
1592 198.127
1686 193.127
9677 1358.44
10128 1259.03
1500 194.127
1501 190.127
9679 1091.97
9678 1188.97
1491 281.127
1492 277.127
1490 287.127
1493 272.127
1494 268.127
1495 231.127
9721 1286.97
9700 1182.97
9720 1284.97
1482 323
1579 319
1580 315
1487 296
9699 1279.97
9701 1184.97
1513 100
1514 96
1515 92
1516 88
1517 84
1512 104
1511 108
9742 1464.97
9741 1365.97
9782 1692.97
9781 1595.97
9761 1469.97
1585 297.723
1586 293.723
1587 289.723
1588 285.723
9901 284.737
1584 300
9762 1569.97
1589 227.127
9819 1761.97
9799 1658.97
9779 1557.97
9760 1467.97
9818 1760.97
9821 1767.97
9801 1663.97
9780 1559.97
1581 311
9820 1764.97
9800 1660.97
9823 1382.22
9804 1285.22
9784 1188.22
9763 1075.76
9744 978.764
9723 881.764
10126 788.03
9702 703
1583 303
9822 1803.97
9802 1699.97
1582 307
1625 28
1624 32
1627 20
1628 16
1629 12
1626 24
1630 8
1619 52
1620 48
1621 44
1622 40
1618 56
1623 36
9798 1681.97
9778 1579.97
9759 1489.97
9740 1387.97
1609 92
1610 88
1611 84
1608 96
1613 76
1614 72
1615 68
1616 64
1617 60
1612 80
9844 1017.27
9833 1000.21
10024 965.552
9830 925.462
9871 875.121
9829 818.435
9912 781.523
9828 750.204
9927 707.736
9827 668.864
9897 653.143
1607 100
1606 104
1657 104
1656 100
9835 972.134
9879 959.566
9834 1034.83
9843 1000.95
1658 108
9836 855.24
9904 814.851
1649 72
1648 68
1647 64
1646 60
1645 56
9826 415.887
6240 403.968
6241 399.968
6242 395.968
6168 391.968
6091 387.968
6011 383.968
6012 379.968
6013 375.968
6014 371.968
5935 367.968
5936 363.968
5862 359.968
5788 355.968
5713 351.968
5634 347.968
5558 343.968
5473 339.968
5383 335.968
5292 331.968
5206 324.968
5207 320.968
5128 316.968
5129 312.968
5130 308.968
5131 304.968
5050 300.968
4967 296.968
4883 292.968
4884 288.968
4799 284.968
4800 280.968
4801 276.968
4802 272.968
4803 268.968
4804 264.968
4805 260.968
4806 256.968
4807 252.968
4808 248.968
4809 244.968
4810 240.968
4811 236.968
4812 232.968
4813 228.968
1651 80
1650 76
1653 88
1652 84
9831 1019.11
10007 967.972
9881 25.581
1640 36
1643 48
1642 44
1641 40
9885 205.566
1644 52
1637 24
1636 20
1639 32
1638 28
9866 268.646
604 259
1683 219.127
1777 215.127
1865 211.127
1685 197.127
9913 213.263
1673 319
9915 261.149
4194 258.004
1675 311
1676 307
9914 392.422
9825 383.519
5627 375.968
5551 371.968
5552 367.968
5553 363.968
5468 359.968
5469 355.968
5379 351.968
5380 347.968
5381 343.968
5382 339.968
1674 315
9917 538.848
7084 533.924
7153 529.924
7218 525.924
7285 521.924
1677 304
9916 759.66
9919 728.387
9918 216.288
1678 301.723
9905 285.939
9906 193.043
4380 188
4289 184
9908 107.612
3249 105
3248 101
3340 94
9911 606.743
9910 321.442
5046 316.968
4963 312.968
4879 308.968
4880 304.968
4881 300.968
4796 296.968
4797 292.968
4798 288.968
1721 36
9896 96.14
3424 91
1720 40
9899 301.383
2823 297.567
2824 293.567
2917 289.567
2918 285.567
3020 281.567
3021 277.567
3022 273.567
3023 269.567
3024 265.567
10073 262.251
3025 260.127
2923 256.127
2739 246.127
2740 242.127
2741 238.127
2653 234.127
2654 230.127
2655 226.127
2568 222.127
2484 218.127
2398 214.127
2399 210.127
2312 203.127
2135 195.127
2044 188.127
2045 184.127
1956 180.127
1872 176.127
1723 28
1724 24
1722 32
9900 552.737
6794 549.924
7014 537.924
9903 163.36
9902 731.224
1713 68
1712 72
1715 60
1714 64
9893 325.499
1717 52
1716 56
9895 331.48
4170 324.127
3992 316.127
3993 312.127
3994 308.127
3906 304.127
3820 300.127
3733 296.127
3651 292.127
3567 288.127
3486 284.127
3400 280.127
3305 276.127
3210 272.127
3211 268.127
3117 264.127
1719 44
9894 421.589
1718 48
9945 339.933
1705 100
9944 168.66
1672 164
1671 160
1670 156
1669 152
1704 104
1707 92
9946 141.999
918 140
917 136
916 132
994 128
1066 124
1132 120
1208 116
1291 112
1377 108
1376 104
1375 100
1465 96
1464 92
1463 88
1462 84
1706 96
9949 302.44
6428 293.968
6350 289.968
6273 285.968
6198 281.968
6120 277.968
6040 273.968
5959 269.968
5886 265.968
5812 261.968
5737 257.968
5658 253.968
5582 249.968
5497 245.968
5407 241.968
5316 237.968
5229 233.968
5069 225.968
4986 221.968
4902 217.968
4817 213.968
9948 470.453
8665 463.968
1708 88
1709 84
9951 523.155
1711 76
1710 80
9936 1199.7
9938 1144.62
9943 758.635
1702 129.104
10030 121.138
1753 101
1655 96
1654 92
9928 178.824
4104 178
1752 97
1754 105
9933 1153.01
1757 117
1659 112
1758 121
1660 116
1745 69
9920 183.699
1744 65
9923 112.862
2972 107.999
10101 103.112
2783 100
1747 77
1746 73
1749 85
9924 95.454
1748 81
1751 93
9926 229.665
1750 89
1737 37
9976 665.544
6005 629.924
6086 624.924
9979 67.307
2782 64
2693 60
2692 56
2605 52
2519 47
2434 43
2348 39
2260 34
2174 30
2084 26
1993 22
1904 17
1821 13
1730 9
1739 45
1738 41
9981 2044.41
1741 53
1740 49
1743 61
1742 57
9968 550.819
9270 544.773
10129 543.492
9252 539.96
9231 535.96
9971 388.932
7871 384.968
7798 380.968
7725 376.968
7653 372.968
7580 368.968
7509 364.968
7443 360.968
7375 356.968
7306 352.968
7240 348.968
7174 344.968
1731 13
9973 469.911
9972 321.337
6893 318.497
10082 315.237
6747 309.968
6669 305.968
6590 301.968
6507 297.968
6425 293.968
6347 289.968
6270 285.968
6196 281.968
6119 277.968
6039 273.968
1732 17
9975 82.808
3324 80
3232 76
3142 72
3051 68
2956 64
2856 60
2768 56
2679 52
2593 48
2508 44
2424 40
2339 36
2252 32
2167 28
2078 24
1988 20
1900 16
1818 12
1735 29
9974 419.415
1734 25
9960 226.254
5070 222
4987 218
4903 214
4818 210
4730 206
9967 439.876
9966 107.815
3845 104
3757 100
3586 92
3501 88
3416 84
3333 80
3240 76
3150 72
3058 68
2964 64
2864 60
2776 56
2687 52
2600 48
2515 44
9952 523.986
9954 401.147
9956 193.682
5669 189
5510 181
5424 177
5332 173
5244 169
5161 164
5081 160
4999 156
4916 152
4831 148
4744 144
4656 140
4570 136
4483 132
4394 128
4303 124
4211 120
4118 116
4029 112
3939 108
3850 104
3762 100
3675 96
3591 92
3505 88
3420 84
3336 80
3243 76
3153 72
3061 68
2966 64
2865 60
2777 56
2688 52
2601 48
9959 479.921
10009 1238.3
1769 165
10008 459.826
7853 456.968
1771 315
1772 311
1770 169
1578 160
1577 156
1576 152
1575 148
1574 144
1773 308
1775 301.723
1679 297.723
1774 305.723
10005 100.417
1817 16
1816 20
1819 12
9999 30.34
964 28
1809 48
1808 52
1811 40
1810 44
1813 32
1812 36
1814 28
10041 332.54
2478 330.162
2734 313.567
2735 309.567
2736 305.567
2737 301.567
1801 80
10040 675.21
6007 623.276
6164 613.276
6239 609.276
1800 84
10043 289.51
1803 72
1804 68
1805 64
1806 60
10042 310.532
3393 308.127
3394 304.127
3395 300.127
3301 296.127
3205 292.127
3111 288.127
3112 284.127
3113 280.127
3114 276.127
3115 272.127
3116 268.127
1802 76
10045 1350.64
10044 102.69
10047 459.877
1807 56
10046 874.23
10033 346.8
10032 1259.87
10035 411.005
7090 409.968
7019 404.968
6943 400.968
6872 396.968
6801 392.968
6802 388.968
6803 384.968
6728 380.968
6650 376.968
6571 372.968
6572 368.968
6490 364.968
6408 360.968
6409 356.968
6410 352.968
6411 348.968
6412 344.968
6334 340.968
6257 336.968
6258 332.968
6259 328.968
6260 324.968
6186 320.968
6187 316.968
6188 312.968
6189 308.968
6112 304.968
6032 300.968
5952 296.968
5953 292.968
5880 288.968
5806 284.968
5807 280.968
5732 276.968
5733 272.968
5654 268.968
5578 264.968
5493 260.968
5403 256.968
10034 410.938
10037 228.41
1797 96
1798 92
1799 88
10036 273.616
10039 2002.77
10038 264.55
10027 318.063
1861 315
10026 406.522
1850 129
1759 125
1661 120
10029 137.575
10028 1081.37
10031 195.349
2043 192.127
1841 93
1840 89
1839 85
1838 81
1837 77
1836 73
1835 69
1834 65
1843 101
1842 97
1845 109
1844 105
1846 113
1833 61
1832 57
1831 53
1830 49
10072 252.907
3124 246.127
3031 242.127
2929 238.127
2831 234.127
2743 230.127
10075 194.348
1953 192.127
1869 188.127
10074 235.891
10065 208.909
10064 163.742
3749 162
10067 316.031
4358 310.127
4268 306.127
4176 302.127
4087 298.127
4088 294.127
3999 290.127
3911 286.127
3823 282.127
3737 278.127
3655 274.127
3570 270.127
3490 266.127
3405 262.127
3310 258.127
3215 254.127
3121 250.127
3122 246.127
3030 242.127
2928 238.127
10066 208.624
10069 316.786
3478 314.126
1829 45
10068 286.341
3828 284.127
3741 280.127
3658 275.127
3572 271.127
3491 267.127
10071 320.221
5873 316.968
5799 312.968
5724 308.968
5645 304.968
5569 300.968
5484 296.968
5485 292.968
5486 288.968
5487 284.968
5397 280.968
5306 276.968
5219 272.968
5140 268.968
5141 264.968
5142 260.968
5061 256.968
4978 252.968
4894 248.968
10070 436.475
7286 432.968
7287 428.968
7221 424.968
7222 420.968
7157 416.968
7088 412.968
7018 408.968
10057 289.498
3580 286.029
3747 278.004
3836 274.004
3926 270.004
4014 266.004
1881 92
1882 88
1883 84
1884 80
1885 76
1886 72
1887 68
1888 64
1889 60
1890 56
1891 52
1892 48
1893 44
10056 313.192
1863 308.723
1880 96
10059 97.685
10061 297.861
4185 294.004
4278 290.004
4369 285.004
4370 281.004
4371 277.004
4372 273.004
4373 269.004
4374 265.004
4375 261.004
4376 257.004
4377 253.004
10060 243.316
2563 240.127
2394 230.127
2395 226.127
2307 222.127
2220 218.127
2130 214.127
2038 210.127
10063 570.706
6712 568.924
10062 579.178
6475 573.924
6556 569.924
6636 564.924
10049 100.389
1873 172.127
10048 264.714
10051 666.131
10050 131.144
2487 126
2403 122
2318 118
2231 114
2146 110
2057 106
1967 102
10053 441.657
7354 438.968
10055 671.76
10054 67.35
1864 215.127
1948 210.127
1860 169
1859 165
1858 161
1767 157
1862 312
1913 53
1912 49
1911 45
1915 61
1914 57
1917 69
1916 65
1919 77
1918 73
1905 21
1896 32
1899 20
1898 24
1901 16
1902 16
1895 36
1894 40
1945 320
1946 316
1944 320.937
1947 312.723
1951 200.127
1952 196.127
1868 192.127
1950 204.127
1939 157
1856 153
1855 149
1854 145
1853 141
1762 137
1664 132
1929 117
1928 113
1930 121
1847 117
1756 113
1921 85
1920 81
1923 93
1922 89
1925 101
1924 97
1927 109
1926 105
1977 64
1976 68
1979 56
1978 60
1981 48
1980 52
1983 40
1982 44
1969 96
1968 100
1971 88
1970 92
1973 80
1972 84
1975 72
1974 76
1965 110
1966 106
1954 188.127
1870 184.127
1871 180.127
2009 86
2008 82
2011 94
2010 90
2013 102
2012 98
2015 110
2014 106
2001 54
2000 50
2003 62
2002 58
2005 70
2004 66
2007 78
2006 74
1992 21
1994 26
1997 38
1998 42
1984 36
1987 24
1986 28
1989 20
1990 20
2041 200.127
2040 204.127
2042 196.127
2033 324.937
2035 320
2034 324
2037 214.127
2036 316.723
2039 208.127
2024 146
1935 141
1852 137
1761 133
1663 128
1662 124
2027 158
1938 153
2017 118
2016 114
2019 126
2018 122
2021 134
1932 129
1849 125
1848 121
2020 130
1931 125
2023 142
1934 137
1851 133
1760 129
2022 138
1933 133
2072 48
2077 28
2076 32
2079 24
2065 76
2064 80
2067 68
2068 64
2069 60
2070 56
2071 52
2066 72
2056 110
2059 100
2060 96
2061 92
2062 88
2063 84
2055 114
2105 110
2104 106
2107 118
2106 114
2109 126
2108 122
2110 130
2097 78
2096 74
2099 86
2098 82
2101 94
2100 90
2103 102
2102 98
2088 42
2091 54
2093 62
2092 58
2095 70
2094 66
2081 24
2080 24
2083 25
2085 30
2086 34
2143 122
2054 118
1964 114
2129 218.127
2128 320.723
2131 212.127
2132 208.127
2133 204.127
2134 200.127
2125 328.937
2127 324
2126 328
2113 142
2169 28
2168 28
2171 28
2170 28
2173 29
2175 34
2161 52
2160 56
2163 44
2164 40
2165 36
2166 32
2153 84
2154 80
2152 88
2155 76
2159 60
2158 64
2145 114
2144 118
2147 108
2058 104
2148 104
2149 100
2150 96
2151 92
2201 138
2200 134
2193 106
2192 102
2191 98
2190 94
2195 114
2194 110
2197 122
2196 118
2199 130
2198 126
2185 74
2184 70
2187 82
2186 78
2189 90
2188 86
2176 38
2183 66
2182 62
2233 108
2234 104
2235 100
2236 96
2237 92
2238 88
2239 84
2232 112
2225 199.127
2224 203.127
2229 122
2228 126
2230 118
2217 332
2216 332.937
2219 222.127
2218 328
2221 215.127
2222 211.127
2223 207.127
2266 58
2265 54
2179 50
2178 46
2177 42
2087 38
2271 78
2270 74
2257 32
2256 32
2259 33
2261 38
2249 44
2248 48
2251 36
2250 40
2253 32
2255 32
2254 32
2281 118
2280 114
2283 126
2282 122
2285 134
2284 130
2286 138
2273 86
2272 82
2275 94
2274 90
2277 102
2276 98
2279 110
2278 106
2331 68
2333 60
2332 64
2335 52
2334 56
2321 108
2322 104
2323 100
2320 112
2325 92
2324 96
2315 130
2316 126
2317 122
2319 116
2305 332
2304 336
2306 226.127
2309 215.127
2308 219.127
2311 207.127
2310 211.127
2361 91
2360 87
2363 99
2362 95
2365 107
2364 103
2367 115
2366 111
2353 59
2352 55
2264 50
2355 67
2354 63
2356 71
2359 83
2358 79
2344 36
2347 38
2346 37
2337 44
2338 40
2336 48
2341 36
2340 36
2343 36
2342 36
2393 341.162
2479 334.162
2392 336
2397 218.127
2396 222.127
2387 195
2299 190
2298 186
2297 182
2296 178
2295 174
2294 170
2208 166
2207 162
2117 158
2026 154
1937 149
1936 145
2369 123
2368 119
2371 131
2370 127
2373 139
2372 135
2375 147
2287 142
2374 143
2425 40
2427 40
2426 40
2429 40
2428 40
2430 40
2419 60
2420 56
2421 52
2422 48
2423 44
2409 100
2410 96
2411 92
2412 88
2327 84
2240 80
2408 104
2401 130
2402 126
2405 116
2406 112
2407 108
2404 120
2457 135
2456 131
2455 127
2454 123
2453 119
2459 143
2458 139
2460 147
2449 103
2448 99
2451 111
2450 107
2452 115
2441 71
2440 67
2442 75
2445 87
2444 83
2447 95
2446 91
2433 42
2432 41
2489 120
2490 116
2491 112
2492 108
2493 104
2494 100
2495 96
2496 92
2497 88
2488 124
2481 230.127
2480 234.127
2483 222.127
2482 226.127
2485 218.127
2486 130
2520 51
2435 47
2349 43
2523 63
2438 59
2525 71
2524 67
2439 63
2526 75
2513 44
2512 44
2514 44
2517 45
2518 46
2505 56
2506 52
2504 60
2507 48
2509 44
2511 44
2510 44
2503 64
2502 68
2418 64
2544 147
2543 143
2537 119
2536 115
2535 111
2539 127
2538 123
2541 135
2540 131
2542 139
2531 95
2530 91
2533 103
2532 99
2534 107
2585 80
2500 76
2501 72
2417 68
2587 72
2586 76
2589 64
2588 68
2591 56
2590 60
2569 222.127
2570 223.127
2573 128
2572 130
2575 120
2574 124
2565 234.127
2564 238.127
2567 226.127
2566 230.127
2617 100
2616 96
2619 108
2618 104
2621 116
2620 112
2623 124
2622 120
2609 68
2612 80
2614 88
2603 50
2604 51
2606 56
2592 52
2595 48
2594 48
2597 48
2596 48
2599 48
2598 48
2649 312.567
2650 308.567
2651 242.127
2652 238.127
2625 132
2624 128
2627 140
2626 136
2629 148
2628 144
2630 152
2681 52
2680 52
2683 52
2682 52
2685 52
2684 52
2686 52
2673 76
2672 80
2675 68
2674 72
2677 60
2676 64
2678 56
2671 84
2670 88
2657 226.127
2656 226.127
2659 132
2661 124
2662 120
2663 116
2577 112
2660 128
2713 156
2712 152
2705 124
2704 120
2707 132
2706 128
2709 140
2708 136
2711 148
2710 144
2699 100
2701 108
2700 104
2703 116
2702 112
2691 55
2690 54
2694 64
2745 230.127
2747 136
2748 132
2749 128
2750 124
2751 120
2752 116
2753 112
2754 108
2755 104
2667 100
2581 96
2746 230.127
2742 234.127
2733 317.567
2779 58
2781 60
2780 59
2769 56
2771 56
2770 56
2773 56
2772 56
2775 56
2774 56
2761 80
2763 72
2762 76
2765 64
2764 68
2767 56
2766 60
2793 136
2792 132
2795 144
2794 140
2797 152
2796 148
2799 160
2798 156
2785 104
2787 112
2786 108
2789 120
2788 116
2791 128
2790 124
2840 120
2845 100
2757 96
2835 140
2836 136
2837 132
2838 128
2839 124
2827 250.127
2828 246.127
2829 242.127
2830 238.127
2822 301.567
2915 297.567
3017 293.567
3018 289.567
3019 285.567
2875 113
2874 109
2877 121
2876 117
2879 129
2878 125
2866 61
2869 64
2868 63
2871 69
2870 65
2857 60
2859 60
2858 60
2861 60
2860 60
2863 60
2862 60
2850 80
2851 76
2855 60
2854 64
2909 320.567
2910 316.567
2911 312.567
3014 305.567
3015 301.567
3016 297.567
2888 165
2881 137
2880 133
2883 145
2882 141
2885 153
2884 149
2887 161
2886 157
2930 238.127
2832 234.127
2744 230.127
2933 149
2834 142
2932 153
2935 144
2936 140
2921 268.584
2922 264.584
2925 250.127
2924 254.127
2927 242.127
2926 246.127
2913 305.567
2912 309.567
2914 301.567
2969 67
2971 69
2970 68
2975 113
2961 64
2960 64
2963 64
2962 64
2965 64
2967 65
2952 76
2953 72
2954 68
2955 64
2957 64
2959 64
2958 64
2946 100
2947 96
2948 92
2848 88
2760 84
2985 153
2984 149
2983 145
2987 161
2986 157
2989 169
2988 165
2977 121
2976 117
2979 129
2978 125
2981 137
2980 133
2982 141
3033 242.127
3032 242.127
3035 157
3034 161
3036 153
3039 144
3027 254.127
3026 258.127
3028 250.127
3013 323.567
3012 327.567
3065 72
3064 71
3067 111.999
3066 111.999
3071 121
3070 117
3057 68
3056 68
3059 68
3060 68
3062 69
3049 68
3050 68
3053 68
3052 68
3055 68
3054 68
3040 140
2937 136
3081 161
3080 157
3079 153
3078 149
3077 145
3083 169
3082 165
3084 173
3073 129
3072 125
3075 137
3074 133
3076 141
3120 254.127
3127 154
3037 150
2934 146
3119 258.127
3118 262.127
3109 296.127
3110 292.127
3108 300.127
3161 115.999
3160 115.999
3165 125
3167 133
3166 129
3152 72
3154 73
3156 75
3159 115.999
3158 115
3157 111
3145 72
3144 72
3147 72
3146 72
3149 72
3148 72
3151 72
3141 72
3140 72
3143 72
3177 173
3176 169
3175 165
3178 177
3169 141
3168 137
3171 149
3170 145
3173 157
3172 153
3174 161
3231 76
3219 158
3218 161
3126 157
3220 156
3128 152
3129 148
3130 144
3131 140
3041 136
2938 132
3209 276.127
3208 280.127
3213 262.127
3212 266.127
3203 300.127
3204 296.127
3207 284.127
3206 288.127
3257 122
3259 130
3261 138
3260 134
3263 146
3262 142
3251 113
3250 109
3253 119.999
3252 117
3255 120
3254 119.999
3241 76
3245 78
3244 77
3233 76
3239 76
3238 76
3272 182
3275 194
3181 189
3180 185
3086 181
3085 177
2990 173
2889 169
2800 164
2714 160
2631 156
2545 151
3265 154
3264 150
3267 162
3266 158
3269 170
3268 166
3271 178
3270 174
3325 80
3304 280.127
3307 270.127
3308 266.127
3309 262.127
3306 272.127
3299 304.127
3300 300.127
3298 308.127
3303 284.127
3357 150
3356 146
3359 158
3358 154
3345 114
3344 110
3343 106
3342 102
3341 98
3346 118
3349 124
3348 123.999
3351 126
3337 81
3338 82
3332 80
3335 80
3242 76
3334 80
3361 166
3360 162
3363 174
3362 170
3365 182
3364 178
3417 84
3419 84
3418 84
3421 85
3422 86
3408 148
3415 84
3331 80
3401 276.127
3402 274.127
3403 270.127
3404 266.127
3399 284.127
3449 182
3448 178
3450 186
3453 198
3368 194
3274 190
3443 158
3445 166
3444 162
3447 174
3446 170
3433 127
3432 123
3431 119
3430 115
3429 111
3428 107
3427 103
3426 99
3425 95
3434 128
3437 134
3436 130
3439 142
3438 138
3481 304.127
3482 300.127
3483 296.127
3484 292.127
3485 288.127
3487 278.127
3477 318.126
3513 108
3512 104
3515 116
3514 112
3517 124
3516 120
3519 132
3518 128
3504 88
3507 90
3506 89
3508 91
3510 96
3503 88
3502 88
3492 271.127
3529 163
3531 171
3530 167
3533 179
3532 175
3535 187
3534 183
3520 133
3523 139
3522 135
3525 147
3524 143
3527 155
3526 151
3579 290.029
3581 290.029
3561 287
3475 282
3390 277
3296 272
3202 267
3564 300.127
3565 296.127
3609 143
3608 139
3611 151
3610 147
3613 159
3612 155
3615 167
3601 120
3600 116
3599 112
3603 128
3602 124
3605 136
3604 132
3606 137
3593 94
3592 93
3594 95
3597 104
3511 100
3596 100
3598 108
3589 92
3588 92
3590 92
3624 203
3623 199
3622 195
3621 191
3617 175
3616 171
3619 183
3618 179
3620 187
3673 96
3672 96
3674 96
3677 98
3676 97
3678 99
3671 96
3705 195
3704 191
3703 187
3707 203
3697 163
3696 159
3695 155
3694 151
3702 183
3689 140
3688 136
3687 132
3690 141
3693 147
3692 143
3681 108
3680 104
3683 116
3682 112
3685 124
3684 120
3686 128
3742 284.127
3659 279.127
3573 275.127
3730 308.127
3648 304.127
3649 300.127
3734 296.127
3652 292.127
3769 113
3768 109
3771 121
3770 117
3773 129
3772 125
3775 137
3774 133
3761 100
3760 100
3763 101
3765 103
3764 102
3766 104
3753 160
3667 156
3583 152
3499 148
3411 144
3321 140
3226 136
3134 132
3044 128
3752 160
3666 156
3498 148
3410 144
3320 140
3759 100
3746 282.004
3748 278.004
3751 160
3793 200
3792 196
3795 208
3796 212
3708 207
3785 168
3784 164
3787 176
3786 172
3788 180
3791 192
3790 188
3777 145
3776 141
3778 146
3781 152
3780 148
3783 160
3782 156
3833 304.127
3832 300.127
3745 296.127
3662 291.127
3576 287.127
3575 283.127
3494 279.127
3493 275.127
3835 274.004
3925 270.004
3834 308.127
3837 274.004
3838 166
3825 282.127
3739 278.127
3657 274.127
3571 270.127
3827 283.127
3740 279.127
3826 282.127
3829 288.447
3819 304.127
3732 300.127
3821 290.127
3735 286.127
3736 282.127
3654 278.127
3569 274.127
3865 149
3864 145
3863 141
3866 150
3869 156
3868 152
3871 164
3870 160
3857 117
3856 113
3859 125
3858 121
3861 133
3860 129
3862 137
3849 104
3848 104
3851 105
3853 107
3852 106
3854 108
3841 164
3840 164
3846 104
3889 236
3801 232
3713 227
3629 223
3628 219
3627 215
3541 211
3455 206
3370 202
3369 198
3881 204
3880 200
3879 196
3878 192
3883 212
3882 208
3794 204
3706 199
3885 220
3797 216
3709 211
3884 216
3887 228
3799 224
3711 219
3886 224
3873 172
3872 168
3875 180
3874 176
3876 184
3929 168
3930 168
3932 111.387
3921 304.127
3923 312.127
3922 308.127
3924 271.004
4013 267.004
3915 286.127
3914 286.127
3916 287.127
3904 312.127
3905 308.127
3907 304.127
3909 294.127
3961 172
3960 168
3959 164
3963 180
3962 176
3965 188
3964 184
3953 149
3952 145
3955 154
3954 153
3957 156
3958 160
3945 117
3947 125
3946 121
3949 133
3948 129
3951 141
3950 137
3943 112
3977 236
3976 232
3979 244
3890 240
3802 236
3714 231
3978 240
3973 220
3975 228
3974 224
4024 112
3935 108
3847 104
4031 114
3941 110
4017 172
4019 172
4018 172
4023 112
3933 108
4011 312.127
4010 308.127
4001 290.127
3912 286.127
4000 290.127
4003 290.127
4005 291.127
4004 290.127
4006 295.127
4057 200
4056 196
4059 208
4058 204
4061 216
4060 212
4063 224
4049 168
4048 164
4047 160
4051 176
4050 172
4053 184
4052 180
4055 192
4054 188
4041 145
4040 141
4039 137
4038 133
4043 153
4042 149
4045 158
4044 157
4033 116
4032 115
3942 111
4037 129
4036 125
4035 121
4091 294.127
4002 290.127
3913 286.127
3824 282.127
4095 296.127
4065 232
4064 228
4067 240
4066 236
4069 248
4068 244
4071 256
3981 252
3892 248
3891 244
4070 252
3980 248
4121 119
4123 121
4122 120
4112 116
4106 176
4108 176
4111 116
4022 112
4097 286.004
4098 282.004
4189 278.004
4282 274.004
4096 298.004
4101 266.004
4153 229
4155 237
4154 233
4157 245
4156 241
4159 253
4158 249
4145 197
4144 193
4149 213
4148 209
4151 221
4150 217
4137 165
4139 173
4138 169
4141 181
4140 177
4143 189
4142 185
4131 150
4130 146
4133 158
4132 154
4135 163
4134 162
4184 298.004
4187 286.004
4280 282.004
4186 290.004
4279 286.004
4188 282.004
4281 278.004
4190 274.004
4283 270.004
4177 298.127
4180 298.127
4183 298.127
4093 294.127
4173 314.127
4084 310.127
4085 306.127
3996 302.127
3997 298.127
4172 316.127
4083 312.127
4175 306.127
4161 261
4160 257
4162 265
4072 260
3982 256
4216 125
4215 124
4214 123
4203 120
4195 182
4198 180
4249 245
4248 241
4251 253
4250 249
4253 261
4252 257
4255 269
4254 265
4241 213
4243 221
4242 217
4244 225
4247 237
4246 233
4233 181
4232 177
4235 189
4234 185
4237 197
4236 193
4224 154
4223 150
4227 166
4226 162
4228 167
4231 173
4230 169
4273 302.127
4272 302.127
4275 302.004
4366 297.004
4367 293.004
4368 289.004
4274 302.127
4181 298.127
4277 294.004
4276 298.004
4265 320.127
4264 324.127
4266 318.127
4256 273
4263 328.127
4262 297
4169 293
4079 288
4078 284
4077 280
4076 276
3986 272
3985 268
3896 264
3808 260
3720 255
3719 251
3635 247
3549 243
3463 238
3462 234
3377 230
3283 226
3189 221
3188 217
3187 213
3186 209
3185 205
3091 201
2996 197
2895 193
2806 188
2805 184
2804 180
2718 176
2717 172
2634 168
2548 163
2463 159
2377 155
2289 150
2203 146
4317 162
4225 158
4316 158
4315 154
4319 170
4318 166
4305 126
4213 122
4120 118
4030 113
3940 109
4290 184
4295 124
4204 120
4294 124
4345 265
4344 261
4347 273
4346 269
4348 277
4336 229
4339 241
4341 249
4340 245
4343 257
4342 253
4329 201
4328 197
4333 217
4335 225
4334 221
4320 171
4323 177
4322 173
4325 185
4324 181
4327 193
4326 189
4361 306.127
4271 302.127
4178 298.127
4089 294.127
4360 306.127
4270 302.127
4363 306.127
4362 306.127
4365 301.004
4364 305.004
4355 326.127
4354 330.127
4357 314.127
4267 310.127
4409 167
4408 163
4411 175
4410 171
4412 176
4415 182
4414 178
4395 129
4387 128
4296 124
4388 128
4297 124
4206 120
4113 116
4441 286
4349 281
4257 277
4164 273
4074 268
3984 264
3895 260
3807 256
4440 282
4442 290
4350 285
4445 330.127
4444 298
4352 293
4351 289
4447 314.127
4433 254
4432 250
4435 262
4434 258
4437 270
4436 266
4438 274
4429 238
4431 246
4417 190
4416 186
4419 198
4418 194
4421 206
4420 202
4465 254.004
4553 250.004
4554 246.004
4555 242.004
4641 238.004
4642 234.004
4464 258.004
4459 278.004
4547 274.004
4633 270.004
4634 266.004
4635 262.004
4636 258.004
4637 254.004
4638 250.004
4639 246.004
4640 242.004
4461 270.004
4549 266.004
4463 262.004
4551 258.004
4462 266.004
4449 310.127
4448 310.127
4359 306.127
4269 302.127
4451 310.004
4539 306.004
4540 302.004
4626 298.004
4627 294.004
4628 290.004
4629 286.004
4630 282.004
4631 278.004
4632 274.004
4450 310.127
4453 302.004
4454 298.004
4455 294.004
4456 290.004
4544 286.004
4545 282.004
4452 306.004
4505 190
4504 186
4503 182
4507 198
4506 194
4508 202
4497 167
4499 175
4498 171
4501 180
4500 179
4488 137
4399 133
4307 128
4485 134
4396 130
4304 125
4212 121
4119 117
4484 133
4487 136
4398 132
4306 127
4486 135
4397 131
4537 314.004
4623 310.004
4624 306.004
4625 302.004
4536 314.127
4538 310.004
4541 298.004
4529 286
4528 282
4527 278
4526 274
4525 270
4524 266
4531 294
4530 290
4533 334.127
4532 298
4534 338.127
4521 254
4523 262
4522 258
4571 137
4573 139
4572 138
4575 141
4552 254.004
4546 278.004
4548 270.004
4550 262.004
4593 198
4592 194
4595 206
4594 202
4596 210
4509 206
4587 183
4591 190
4590 186
4576 142
4489 138
4400 134
4308 129
4617 294
4616 290
4619 338.127
4618 298
4621 318.004
4622 314.004
4609 262
4611 270
4610 266
4613 278
4612 274
4615 286
4614 282
4657 141
4659 143
4658 142
4660 144
4574 140
4697 274
4699 282
4698 278
4701 290
4700 286
4702 294
4681 210
4680 206
4683 218
4597 214
4682 214
4684 222
4674 188
4588 184
4677 194
4676 190
4679 202
4678 198
4721 246.004
4722 242.004
4723 238.004
4724 234.004
4725 230.004
4720 250.004
4713 278.004
4714 274.004
4715 270.004
4716 266.004
4717 262.004
4718 258.004
4719 254.004
4705 310.004
4706 306.004
4707 302.004
4708 298.004
4709 294.004
4710 290.004
4711 286.004
4712 282.004
4704 314.004
4763 193
4765 195
4767 203
4766 199
4747 147
4746 146
4749 149
4748 148
4750 150
4661 145
4793 308.968
4794 304.968
4795 300.968
4792 312.968
4785 275
4696 270
4787 283
4786 279
4789 291
4788 287
4791 299
4790 295
4769 211
4768 207
4771 219
4772 223
4816 217.968
4815 221.968
4860 231
4859 227
4858 223
4863 243
4862 239
4861 235
4774 231
4685 226
4853 203
4852 199
4855 211
4854 207
4843 172
4756 168
4667 163
4581 159
4494 155
4405 151
4313 146
4221 142
4128 138
4835 152
4889 268.968
4888 272.968
4891 260.968
4893 252.968
4892 256.968
4895 244.968
4882 296.968
4887 276.968
4873 283
4872 279
4875 291
4874 287
4877 299
4876 295
4878 312.968
4865 251
4778 247
4689 242
4688 238
4687 234
4686 230
4600 226
4513 222
4424 218
4332 213
4331 209
4239 205
4238 201
4864 247
4777 243
4918 154
4833 150
4897 236.968
4896 240.968
4898 232.968
4901 221.968
4900 225.968
4959 291
4958 287
4945 235
4947 243
4946 239
4949 251
4948 247
4950 255
4937 203
4939 211
4938 207
4940 215
4942 223
4857 219
4770 215
4985 225.968
4984 229.968
4977 256.968
4979 248.968
4981 240.968
4982 236.968
4980 244.968
4968 292.968
4973 272.968
4972 276.968
4974 268.968
4975 264.968
4976 260.968
4961 299
4960 295
4962 316.968
4965 304.968
4964 308.968
4966 300.968
5022 212
5011 177
4927 172
4842 168
4755 164
4666 159
4580 155
4493 151
4492 147
4403 143
4311 138
4310 134
5015 193
4931 188
4846 184
4759 180
4670 175
4584 171
5051 296.968
5052 292.968
5053 288.968
4970 284.968
4971 280.968
5055 280.968
5056 276.968
5057 272.968
5040 284
5043 296
5042 292
5045 320.968
5044 300
5047 312.968
5048 308.968
5033 256
5032 252
5027 232
4943 227
5026 228
5031 248
5030 244
5065 240.968
5064 244.968
5059 264.968
5060 260.968
5063 248.968
5062 252.968
5113 252
5112 248
5101 210
5019 206
4935 201
4850 197
5093 181
5094 185
5145 248.968
5144 252.968
5137 280.968
5138 276.968
5139 272.968
5058 268.968
5136 284.968
5143 256.968
5133 296.968
5134 292.968
5132 300.968
5125 300
5124 296
5127 320.968
5126 304
5176 197
5175 193
5174 189
5173 185
5209 312.968
5208 316.968
5211 304.968
5212 300.968
5213 296.968
5214 292.968
5135 288.968
5205 304
5204 300
5193 256
5192 252
5194 260
5224 252.968
5225 248.968
5217 280.968
5218 276.968
5216 284.968
5221 264.968
5220 268.968
5223 256.968
5222 260.968
5275 257
5274 253
5191 248
5190 244
5110 240
5109 236
5108 232
5276 261
5305 280.968
5304 284.968
5307 272.968
5309 264.968
5310 260.968
5311 256.968
5308 268.968
5296 316.968
5297 312.968
5298 308.968
5299 304.968
5301 296.968
5302 292.968
5303 288.968
5295 320.968
5294 324.968
5287 305
5361 253
5273 249
5401 264.968
5400 268.968
5402 260.968
5393 296.968
5392 300.968
5395 288.968
5396 284.968
5394 292.968
5399 272.968
5398 276.968
5386 324.968
5387 320.968
5465 305
5464 301
5372 297
5284 293
5201 288
5121 284
5039 280
4955 275
4954 271
4953 267
4868 263
4781 259
4692 254
5489 276.968
5488 280.968
5491 268.968
5490 272.968
5492 264.968
5483 300.968
5472 343.968
5567 308.968
5568 304.968
5566 312.968
5481 308.968
5391 304.968
5300 300.968
5554 359.968
5585 257.968
5661 253.968
5584 249.968
5499 245.968
5409 241.968
5317 237.968
5577 268.968
5576 272.968
5580 257.968
5581 253.968
5496 249.968
5571 292.968
5570 296.968
5573 284.968
5572 288.968
5575 276.968
5574 280.968
5626 306
5549 301
5548 297
5547 293
5546 289
5460 285
5459 281
5458 277
5366 273
5365 269
5364 265
5657 257.968
5656 261.968
5659 253.968
5583 249.968
5498 245.968
5660 253.968
5662 253.968
5500 245.968
5649 288.968
5648 292.968
5651 280.968
5652 276.968
5653 272.968
5650 284.968
5643 312.968
5644 308.968
5647 296.968
5646 300.968
5695 266
5694 262
5614 258
5537 253
5451 249
5359 245
5271 241
5188 236
5725 304.968
5727 296.968
5728 292.968
5729 288.968
5730 284.968
5731 280.968
5726 300.968
5736 261.968
5739 257.968
5738 257.968
5740 257.968
5735 265.968
5789 352.968
5714 348.968
5715 344.968
5716 340.968
5717 336.968
5718 332.968
5639 328.968
5640 324.968
5641 320.968
5565 316.968
5808 276.968
5811 265.968
5810 269.968
5813 261.968
5815 261.968
5814 261.968
5801 304.968
5800 308.968
5803 296.968
5804 292.968
5805 288.968
5802 300.968
5881 284.968
5882 280.968
5885 269.968
5884 273.968
5887 265.968
5872 320.968
5798 316.968
5723 312.968
5875 308.968
5874 312.968
5877 300.968
5878 296.968
5876 304.968
5879 292.968
5864 352.968
5865 348.968
5866 344.968
5867 340.968
5793 336.968
5863 356.968
5889 265.968
5888 265.968
5947 320.968
5949 308.968
5950 304.968
5951 300.968
5939 352.968
5961 269.968
5960 269.968
5962 269.968
5955 284.968
5954 288.968
5957 277.968
5958 273.968
6001 645.924
6082 640.924
6083 636.924
6084 632.924
6160 628.924
6161 624.924
6236 620.924
6311 615.924
6312 611.924
6000 311
5927 307
5926 303
5925 299
5851 295
5776 290
5700 286
5620 282
5543 277
5542 273
5541 269
5540 265
5454 261
5362 257
6003 637.924
6002 641.924
6004 633.924
6085 628.924
6041 273.968
6033 296.968
6035 288.968
6034 292.968
6037 281.968
6038 277.968
6027 320.968
6028 316.968
6029 312.968
6030 308.968
6031 304.968
6016 364.968
6017 360.968
6018 356.968
6019 352.968
6020 348.968
6021 344.968
6022 340.968
6023 336.968
5944 332.968
5945 328.968
5871 324.968
5797 320.968
5722 316.968
6109 316.968
6111 308.968
6110 312.968
6081 644.924
6157 640.924
6232 636.924
6307 631.924
6308 627.924
6309 623.924
6310 619.924
6121 277.968
6122 277.968
6042 273.968
6113 300.968
6115 292.968
6114 296.968
6117 285.968
6118 281.968
6162 620.924
6237 616.924
6155 312
6079 307
6078 303
5997 299
5996 295
5995 291
5994 287
5993 283
5920 279
5919 275
5845 271
5770 266
6156 644.924
6159 632.924
6158 636.924
6192 296.968
6195 285.968
6194 289.968
6197 281.968
6191 300.968
6190 304.968
6233 632.924
6235 624.924
6234 628.924
6231 640.924
6306 635.924
6230 312
6229 308
6228 304
6227 300
6226 296
6150 292
6074 287
6265 304.968
6266 300.968
6264 308.968
6269 289.968
6268 293.968
6271 285.968
6261 320.968
6262 316.968
6263 312.968
6247 376.968
6248 372.968
6174 368.968
6175 364.968
6176 360.968
6099 356.968
6100 352.968
6318 403.968
6319 399.968
6320 395.968
6321 391.968
6244 387.968
6245 383.968
6246 379.968
6172 375.968
6095 371.968
6015 367.968
6305 639.924
6345 297.968
6346 293.968
6348 289.968
6351 289.968
6274 285.968
6199 281.968
6339 320.968
6338 324.968
6341 312.968
6340 316.968
6343 304.968
6342 308.968
6393 592.924
6394 588.924
6392 596.924
6385 624.924
6386 620.924
6387 616.924
6388 612.924
6389 608.924
6390 604.924
6391 600.924
6384 628.924
6381 640.924
6382 636.924
6383 632.924
6380 313
6303 308
6424 297.968
6426 293.968
6417 324.968
6418 320.968
6419 316.968
6416 328.968
6421 308.968
6420 312.968
6423 301.968
6415 332.968
6401 387.968
6323 383.968
6459 637.924
6540 633.924
6620 628.924
6621 624.924
6699 620.924
6700 616.924
6701 612.924
6777 608.924
6850 603.924
6851 599.924
6923 595.924
6924 591.924
6925 587.924
6926 583.924
6927 579.924
6928 575.924
6929 571.924
6930 567.924
6931 563.924
7007 559.924
7078 554.924
7079 550.924
7080 546.924
7149 542.924
7214 538.924
7215 534.924
7216 530.924
7283 526.924
7351 521.924
6458 641.924
6539 637.924
6619 632.924
6697 628.924
6773 624.924
6846 619.924
6918 615.924
6919 611.924
6995 607.924
7066 602.924
7135 598.924
7136 594.924
7201 590.924
7268 586.924
7336 581.924
7405 577.924
7406 573.924
6461 629.924
6542 625.924
6622 620.924
6623 616.924
6460 633.924
6463 621.924
6464 617.924
6545 613.924
6625 608.924
6626 604.924
6627 600.924
6628 596.924
6629 592.924
6630 588.924
6708 584.924
6709 580.924
6785 576.924
6858 571.924
6462 625.924
6543 621.924
6483 391.968
6484 388.968
6485 384.968
6403 380.968
6404 376.968
6326 372.968
6327 368.968
6328 364.968
6329 360.968
6252 356.968
6253 352.968
6179 348.968
6102 344.968
6473 581.924
6554 577.924
6634 572.924
6472 585.924
6477 568.924
6558 564.924
6638 559.924
6716 555.924
6792 551.924
6865 546.924
6937 542.924
7013 538.924
6476 569.924
6557 565.924
6637 560.924
6715 556.924
6791 552.924
6478 567.924
6559 563.924
6639 558.924
6717 554.924
6793 550.924
6866 545.924
6938 541.924
6465 613.924
6466 609.924
6547 605.924
6467 605.924
6468 601.924
6469 597.924
6470 593.924
6551 589.924
6631 584.924
6471 589.924
6505 305.968
6506 301.968
6508 297.968
6497 336.968
6499 328.968
6498 332.968
6500 324.968
6501 320.968
6502 316.968
6503 312.968
6553 581.924
6633 576.924
6711 572.924
6787 568.924
6860 563.924
6861 559.924
6862 555.924
6934 551.924
7010 547.924
7081 542.924
7082 538.924
6552 585.924
6632 580.924
6544 617.924
6624 612.924
6546 609.924
6549 597.924
6548 601.924
6550 593.924
6541 629.924
6585 316.968
6584 320.968
6587 309.968
6589 301.968
6588 305.968
6591 301.968
6509 297.968
6427 293.968
6579 340.968
6580 336.968
6581 332.968
6583 324.968
6582 328.968
6575 356.968
6576 352.968
6494 348.968
6560 562.924
6640 557.924
6718 553.924
6565 395.968
6566 392.968
6567 388.968
6568 384.968
6569 380.968
6570 376.968
6618 636.924
6651 372.968
6644 399.968
6664 320.968
6667 309.968
6666 313.968
6659 340.968
6658 344.968
6661 332.968
6662 328.968
6663 324.968
6660 336.968
6705 596.924
6781 592.924
6854 587.924
6704 600.924
6780 596.924
6853 591.924
6707 588.924
6706 592.924
6782 588.924
6855 583.924
6710 576.924
6786 572.924
6859 567.924
6696 632.924
6698 624.924
6774 620.924
6847 615.924
6848 611.924
6849 607.924
6703 604.924
6779 600.924
6852 595.924
6702 608.924
6695 636.924
6771 632.924
6844 627.924
6845 623.924
6745 313.968
6744 317.968
6746 309.968
6668 305.968
6737 344.968
6736 348.968
6739 336.968
6740 332.968
6741 328.968
6738 340.968
6742 324.968
6733 360.968
6655 356.968
6735 352.968
6723 400.968
6645 396.968
6776 612.924
6778 604.924
6783 584.924
6856 579.924
6770 318
6769 314
6768 310
6692 306
6614 301
6613 297
6533 293
6532 289
6450 285
6372 281
6295 276
6220 272
6144 268
6068 263
5987 259
5914 255
5840 251
5765 246
5689 242
5609 238
5532 233
5446 229
5354 225
5266 221
5183 216
5103 212
5021 208
6772 628.924
6775 616.924
6809 360.968
6810 356.968
6811 352.968
6812 348.968
6813 344.968
6814 340.968
6815 336.968
6798 404.968
6784 580.924
6857 575.924
6789 560.924
6788 564.924
6843 631.924
6817 328.968
6816 332.968
6819 321.968
6820 317.968
6821 313.968
6822 313.968
6879 368.968
6808 364.968
6869 408.968
6870 404.968
6799 400.968
6800 396.968
6910 690.924
6888 332.968
6890 325.968
6892 317.968
6881 360.968
6880 364.968
6883 352.968
6882 356.968
6885 344.968
6886 340.968
6887 336.968
6884 348.968
6941 408.968
6942 404.968
6940 412.968
6933 555.924
6932 559.924
6935 547.924
6921 603.924
6922 599.924
6920 607.924
6996 603.924
7067 598.924
6915 627.924
6991 623.924
7062 618.924
7131 614.924
7132 610.924
7133 606.924
7134 602.924
6914 631.924
6917 619.924
6993 615.924
7064 610.924
6916 623.924
6953 356.968
6952 360.968
6954 352.968
6955 348.968
6956 344.968
6957 340.968
6958 336.968
6949 372.968
6951 364.968
6950 368.968
7001 583.924
7072 578.924
7141 574.924
7142 570.924
7207 566.924
7274 562.924
7342 557.924
7343 553.924
7412 549.924
7413 545.924
7000 587.924
7071 582.924
7140 578.924
7002 579.924
7073 574.924
7074 570.924
7075 566.924
7076 562.924
7077 558.924
7005 567.924
7004 571.924
7006 563.924
6992 619.924
7063 614.924
6994 611.924
7065 606.924
6997 599.924
7068 594.924
7069 590.924
7070 586.924
7139 582.924
6999 591.924
6998 595.924
6985 655.924
7054 650.924
7123 646.924
7124 642.924
7189 638.924
7256 634.924
7324 629.924
7325 625.924
7326 621.924
7395 617.924
6984 659.924
7053 654.924
6987 647.924
7056 642.924
7057 638.924
7058 634.924
7127 630.924
7128 626.924
7129 622.924
7130 618.924
6986 651.924
7055 646.924
6989 631.924
7060 626.924
6988 643.924
6990 627.924
7061 622.924
6977 687.924
7046 682.924
7047 678.924
7116 674.924
7117 670.924
7118 666.924
7119 662.924
6976 691.924
7045 686.924
6979 679.924
7048 674.924
7049 670.924
6978 683.924
6981 671.924
7050 666.924
6980 675.924
6983 663.924
7052 658.924
7032 340.968
7034 333.968
7035 329.968
6961 325.968
6891 321.968
7025 368.968
7026 364.968
7027 360.968
7028 356.968
7029 352.968
7030 348.968
7024 372.968
7031 344.968
7017 412.968
7016 416.968
7023 376.968
7009 551.924
7008 555.924
7011 543.924
7059 630.924
7044 690.924
7113 686.924
7178 682.924
7245 678.924
7313 673.924
7382 669.924
7383 665.924
7384 661.924
7385 657.924
7386 653.924
7452 649.924
7453 645.924
7454 641.924
7455 637.924
7456 633.924
7097 368.968
7098 364.968
7099 360.968
7096 372.968
7089 408.968
7095 376.968
7094 380.968
7085 423.968
7015 419.968
6939 415.968
6868 411.968
6797 407.968
6722 403.968
7087 416.968
7086 420.968
7121 654.924
7186 650.924
7187 646.924
7254 642.924
7322 637.924
7323 633.924
7122 650.924
7125 638.924
7126 634.924
7112 690.924
7177 686.924
7115 678.924
7114 682.924
7179 678.924
7246 674.924
7314 669.924
7105 337.968
7106 333.968
7163 388.968
7164 384.968
7162 400.968
7228 396.968
7229 392.968
7230 388.968
7165 380.968
7166 376.968
7167 372.968
7168 368.968
7155 424.968
7156 420.968
7159 412.968
7158 412.968
7145 558.924
7146 554.924
7147 550.924
7212 546.924
7279 542.924
7347 537.924
7416 533.924
7144 562.924
7209 558.924
7210 554.924
7277 550.924
7345 545.924
7346 541.924
7148 546.924
7213 542.924
7151 534.924
7150 538.924
7137 590.924
7202 586.924
7269 582.924
7337 577.924
7138 586.924
7143 566.924
7193 622.924
7260 618.924
7328 613.924
7397 609.924
7192 626.924
7259 622.924
7327 617.924
7396 613.924
7195 614.924
7196 610.924
7197 606.924
7264 602.924
7332 597.924
7333 593.924
7334 589.924
7335 585.924
7404 581.924
7194 618.924
7261 614.924
7329 609.924
7398 605.924
7199 598.924
7266 594.924
7198 602.924
7265 598.924
7184 658.924
7251 654.924
7319 649.924
7188 642.924
7191 630.924
7190 634.924
7176 337.968
7181 670.924
7248 666.924
7316 661.924
7180 674.924
7247 670.924
7315 665.924
7183 662.924
7250 658.924
7318 653.924
7182 666.924
7249 662.924
7317 657.924
7171 356.968
7175 341.968
7224 412.968
7225 408.968
7226 404.968
7227 400.968
7231 384.968
7219 431.968
7154 427.968
7220 428.968
7223 416.968
7208 562.924
7211 550.924
7278 546.924
7200 594.924
7267 590.924
7203 582.924
7270 578.924
7338 573.924
7407 569.924
7205 574.924
7272 570.924
7340 565.924
7341 561.924
7410 557.924
7204 578.924
7206 570.924
7273 566.924
7257 630.924
7258 626.924
7263 606.924
7331 601.924
7262 610.924
7330 605.924
7241 345.968
7242 341.968
7243 686.924
7311 681.924
7312 677.924
7244 682.924
7237 360.968
7238 356.968
7236 364.968
7289 420.968
7290 416.968
7291 412.968
7288 424.968
7293 404.968
7292 408.968
7295 396.968
7296 392.968
7294 400.968
7281 534.924
7349 529.924
7418 525.924
7419 521.924
7420 517.924
7280 538.924
7348 533.924
7282 530.924
7350 525.924
7275 558.924
7276 554.924
7344 549.924
7271 574.924
7339 569.924
7304 360.968
7307 349.968
7308 345.968
7310 685.924
7299 380.968
7300 376.968
7301 372.968
7303 364.968
7302 368.968
7353 516.968
7555 504.968
7355 436.968
7356 432.968
7357 428.968
7359 420.968
7360 416.968
7358 424.968
7376 353.968
7369 380.968
7370 376.968
7368 384.968
7371 372.968
7372 368.968
7361 412.968
7362 408.968
7363 404.968
7364 400.968
7367 388.968
7417 529.924
7423 440.968
7424 436.968
7425 432.968
7426 428.968
7427 424.968
7428 420.968
7422 442.968
7409 561.924
7408 565.924
7411 553.924
7415 537.924
7414 541.924
7401 593.924
7400 597.924
7403 585.924
7402 589.924
7394 621.924
7399 601.924
7440 372.968
7442 364.968
7432 404.968
7435 392.968
7434 396.968
7437 384.968
7438 380.968
7436 388.968
7439 376.968
7429 416.968
7430 412.968
7431 408.968
7513 672.968
7514 668.968
7515 664.968
7516 660.968
7517 656.968
7518 652.968
7519 648.968
7520 644.968
7521 640.968
7522 636.968
7523 632.968
7524 628.968
7525 624.968
7526 620.968
7527 616.968
7528 612.968
7529 608.968
7530 604.968
7531 600.968
7532 596.968
7533 592.968
7534 588.968
7535 584.968
7536 580.968
7537 576.968
7538 572.968
7539 568.968
7540 564.968
7541 560.968
7542 556.968
7543 552.968
7544 548.968
7545 544.968
7546 540.968
7547 536.968
7548 532.968
7549 528.968
7550 524.968
7551 520.968
7552 516.968
7553 512.968
7554 508.968
7505 380.968
7506 376.968
7504 384.968
7497 412.968
7498 408.968
7496 416.968
7501 396.968
7502 392.968
7503 388.968
7489 444.968
7491 436.968
7490 440.968
7493 428.968
7494 424.968
7495 420.968
7492 432.968
7579 372.968
7508 368.968
7582 681.968
7583 677.968
7584 673.968
7585 669.968
7586 665.968
7587 661.968
7588 657.968
7589 653.968
7662 649.968
7663 645.968
7664 641.968
7665 637.968
7738 633.968
7812 628.968
7813 624.968
7569 412.968
7568 416.968
7573 396.968
7572 400.968
7575 388.968
7574 392.968
7561 444.968
7560 448.968
7563 436.968
7562 440.968
7565 428.968
7564 432.968
7567 420.968
7566 424.968
7559 450.968
7488 446.968
7609 573.968
7682 569.968
7683 565.968
7684 561.968
7685 557.968
7686 553.968
7687 549.968
7760 545.968
7834 540.968
7608 577.968
7611 565.968
7610 569.968
7613 557.968
7612 561.968
7615 549.968
7616 545.968
7689 541.968
7690 537.968
7763 533.968
7837 528.968
7614 553.968
7603 597.968
7676 593.968
7749 589.968
7823 584.968
7605 589.968
7606 585.968
7679 581.968
7680 577.968
7753 573.968
7827 568.968
7604 593.968
7607 581.968
7592 641.968
7641 420.968
7640 424.968
7645 404.968
7644 408.968
7647 396.968
7646 400.968
7633 452.968
7634 448.968
7635 444.968
7636 440.968
7637 436.968
7639 428.968
7638 432.968
7625 509.968
7698 505.968
7771 501.968
7845 496.968
7846 492.968
7624 513.968
7697 509.968
7627 501.968
7628 497.968
7629 493.968
7630 489.968
7703 485.968
7626 505.968
7617 541.968
7619 533.968
7620 529.968
7693 525.968
7694 521.968
7767 517.968
7841 512.968
7618 537.968
7621 525.968
7622 521.968
7623 517.968
7696 513.968
7677 589.968
7750 585.968
7824 580.968
7678 585.968
7751 581.968
7825 576.968
7648 392.968
7654 373.091
10081 369.055
7707 448.968
7708 444.968
7706 452.968
7709 440.968
7711 432.968
7710 436.968
7699 501.968
7772 497.968
7701 493.968
7774 489.968
7848 484.968
7849 480.968
7850 476.968
7700 497.968
7773 493.968
7847 488.968
7702 489.968
7688 545.968
7761 541.968
7835 536.968
7836 532.968
7691 533.968
7764 529.968
7838 524.968
7692 529.968
7765 525.968
7839 520.968
7840 516.968
7695 517.968
7768 513.968
7842 508.968
7843 504.968
7844 500.968
7681 573.968
7754 569.968
7828 564.968
7720 396.968
7712 428.968
7715 416.968
7717 408.968
7718 404.968
7719 400.968
7716 412.968
7769 509.968
7770 505.968
7775 485.968
7762 537.968
7766 521.968
7752 577.968
7826 572.968
7755 565.968
7829 560.968
7830 556.968
7831 552.968
7757 557.968
7756 561.968
7759 549.968
7833 544.968
7758 553.968
7832 548.968
7793 400.968
7792 404.968
7787 424.968
7789 416.968
7790 412.968
7788 420.968
7791 408.968
7776 481.968
7779 456.968
7780 452.968
7778 473.968
7781 448.968
7783 440.968
7782 444.968
7865 408.968
7864 412.968
7866 404.968
7867 400.968
7868 396.968
7859 432.968
7858 436.968
7861 424.968
7860 428.968
7863 416.968
7862 420.968
7929 448.968
7928 452.968
7931 440.968
7932 436.968
7930 444.968
7933 432.968
7934 428.968
7935 424.968
7937 416.968
7938 412.968
7939 408.968
7940 404.968
7936 420.968
7941 400.968
8013 395.968
7944 388.968
8058 467.968
8061 455.968
8062 451.968
8063 447.968
8060 459.968
8055 479.968
8054 483.968
8046 515.968
8035 559.968
8036 555.968
8037 551.968
8072 411.968
8074 404.968
8067 431.968
8068 427.968
