 key  value
8122 429
8063 425
8001 421
7931 417
7858 413
7785 409
7712 405
7640 401
7566 397
7495 393
7428 389
7360 385
7291 381
7225 377
7159 373
7089 369
7019 365
6943 361
6871 357
6800 353
6725 349
6646 345
6567 341
6485 337
6402 333
6324 329
6247 325
6173 321
6096 317
6016 313
5937 309
5863 305
5789 301
5714 297
5635 293
5559 289
5474 285
5384 281
5293 277
5206 273
5127 269
5046 265
4962 261
4792 253
4705 249
4623 245
4537 241
4449 237
4360 233
4270 229
4177 225
4087 221
3998 217
3910 213
3822 209
3736 205
3654 201
3569 197
3489 193
3404 189
3309 185
3214 181
3120 177
3028 173
2926 169
2829 165
2741 161
2653 157
2566 153
2482 149
2396 145
2308 141
2221 137
2131 133
2039 129
1950 125
1866 121
1779 117
1685 113
1498 105
1317 97
1235 93
1153 89
1081 85
1012 81
938 77
939 73
940 69
857 62
858 58
772 54
693 50
623 46
552 42
482 38
419 34
359 28
304 24
254 20
209 16
172 12
144 8
127 4
8125 429
8066 425
8004 421
7933 417
7860 413
7787 409
7713 405
8124 429
8065 425
8002 421
8127 429
8068 425
8005 421
7934 417
8126 429
8067 425
8113 449
8054 445
8055 441
8056 437
8057 433
8058 429
7996 425
7997 421
7927 417
7854 413
7781 409
7708 405
7636 401
7562 397
7491 393
7424 389
7355 385
7286 381
7220 377
7155 373
7086 369
7016 365
6940 361
6869 357
6798 353
6723 349
6645 345
6566 341
6484 337
8112 453
8053 449
8115 441
8114 445
8117 433
8116 437
8119 429
8060 425
8118 429
8059 425
8105 481
8046 477
8047 473
8048 469
8049 465
7987 461
7988 457
7918 453
7919 449
7920 445
7921 441
7922 437
7923 433
7924 429
7925 425
7926 421
8104 485
8045 481
8107 473
8108 469
8106 477
8109 465
8050 461
8111 457
8110 461
8051 457
8052 453
7990 449
7991 445
7992 441
8097 513
8038 509
7976 505
7906 501
7907 497
7908 493
7909 489
7910 485
7911 481
7912 477
7913 473
7914 469
7915 465
7916 461
7917 457
8096 517
8037 513
8099 505
8040 501
8041 497
8042 493
8043 489
8044 485
8098 509
8101 497
8100 501
8103 489
8102 493
8155 513
8157 505
8156 509
8159 497
8160 493
8161 489
8158 501
8136 589
8137 585
8080 581
8021 577
8022 573
7960 569
7961 565
7891 561
7892 557
7893 553
7894 549
7895 545
7896 541
7897 537
7898 533
7899 529
7900 525
7901 521
7902 517
7903 513
7904 509
7905 505
8128 429
8069 425
8007 421
7936 417
7862 413
7789 409
7716 405
7644 401
7570 397
7499 393
7433 389
7364 385
7295 381
7229 377
7163 373
7093 369
7022 365
6948 361
6878 357
6807 353
6731 349
6653 345
6574 341
6492 337
6409 333
6330 329
6253 325
6178 321
6100 317
6020 313
5941 309
5867 305
5793 301
5718 297
5639 293
5562 289
5477 285
5387 281
5296 277
5209 273
5130 269
5048 265
4964 261
4880 257
4795 253
4707 249
4625 245
4539 241
4452 237
4364 233
4274 229
4182 225
4092 221
4003 217
3915 213
3826 209
3739 205
3657 201
3571 197
3490 193
3405 189
3310 185
3215 181
3121 177
3029 173
2927 169
2830 165
2742 161
2654 157
2567 153
2483 149
2397 145
2309 141
2222 137
2132 133
2040 129
8185 433
8184 433
8177 433
8176 433
8179 433
8121 429
8062 425
7999 421
7928 417
7855 413
7782 409
8178 433
8120 429
8061 425
7998 421
8181 433
8123 429
8064 425
8180 433
8183 433
8182 433
8169 457
8168 461
8171 449
8172 445
8170 453
8173 441
8174 437
8175 433
8163 481
8164 477
8162 485
8165 473
8167 465
8166 469
8217 497
8216 501
8219 489
8220 485
8221 481
8218 493
8223 473
8222 477
8215 505
8214 509
8241 437
8240 437
8242 437
8233 437
8232 437
8235 437
8234 437
8237 437
8236 437
8239 437
8238 437
8225 465
8226 461
8224 469
8227 457
8228 453
8229 449
8230 445
8231 441
8281 457
8282 453
8280 461
8283 449
8285 441
8284 445
8287 441
8286 441
8273 489
8272 493
8275 481
8274 485
8277 473
8276 477
8279 465
8278 469
91 8
112 4
8269 505
8270 501
93 4
8268 509
92 4
8271 497
8319 505
8320 501
8321 497
8322 493
8318 509
8298 441
8245 437
8188 433
8130 429
8071 425
8009 421
7939 417
7866 413
7793 409
7719 405
7646 401
7572 397
7501 393
7435 389
7367 385
7298 381
7232 377
7165 373
7094 369
7023 365
6949 361
6879 357
6808 353
6732 349
125 12
126 8
8289 441
8288 441
8291 441
115 8
114 4
8290 441
8293 441
8292 441
8294 441
8344 445
8295 441
8349 446.834
9963 444.869
8299 441
8246 437
8189 433
8132 429
8073 425
8011 421
7941 417
7867 413
7794 409
7721 405
7648 401
7574 397
7503 393
7437 389
7368 385
7299 381
110 12
111 8
8337 445
8336 445
8339 445
8338 445
8341 445
8340 445
8343 445
8342 445
8329 465
8328 469
8331 457
8330 461
8333 449
8334 445
8332 453
8335 445
145 8
8323 489
8324 485
8325 481
147 13
146 9
128 5
149 21
148 17
8327 473
8326 477
150 25
8377 469
8376 473
8379 461
8378 465
8381 453
8380 457
8383 449
143 12
8382 449
8369 501
129 9
8368 505
8371 493
131 17
116 12
8370 497
130 13
8373 485
133 25
118 20
117 16
8372 489
8375 477
8374 481
177 21
176 17
175 13
179 29
178 25
181 36
152 32
134 28
180 33
173 12
174 12
8393 449
8345 445
217 33
216 29
215 25
219 40
218 37
8385 449
8384 449
8387 449
211 16
8386 449
210 16
8389 449
213 17
8388 449
212 16
8391 449
8390 449
214 21
8441 453
8392 449
8440 453
8433 453
8432 453
8435 453
8434 453
8437 453
8436 453
8439 453
8438 453
8425 477
8424 481
8427 469
8428 465
8426 473
8429 461
8431 453
255 20
8430 457
8419 501
8420 497
8421 493
8422 489
8418 505
8423 485
8473 477
8474 473
8472 481
8475 469
8477 461
8478 457
8476 465
8479 457
8467 501
8466 505
8469 493
8468 497
8471 485
8470 489
264 42
266 49
220 44
257 20
256 20
8499 561
8500 557
8501 553
8502 549
8503 545
8457 541
8410 537
8361 533
8313 529
8264 525
8211 521
8154 517
259 22
258 21
261 30
263 38
262 34
313 38
312 34
311 30
310 26
315 46
314 42
317 53
316 49
265 45
319 60
268 56
222 51
184 47
183 43
154 39
135 32
318 56
267 52
221 47
8481 457
305 24
8480 457
8483 457
307 24
8482 457
306 24
8485 457
309 25
8484 457
308 24
8487 457
8486 457
299 77
355 73
416 68
478 64
479 60
480 56
550 49
481 42
8529 461
8528 461
8531 461
8530 461
8533 461
8532 461
8521 473
8522 469
8523 465
8520 477
8525 461
8524 461
8527 461
8526 461
8515 497
8516 493
8514 501
8517 489
8519 481
8518 485
8569 465
8568 465
8571 465
8570 465
8573 465
8572 465
8575 465
8574 465
8561 493
8562 489
8560 497
8563 485
8564 481
8565 477
8566 473
8567 469
369 42
368 38
367 34
366 30
371 50
370 46
373 57
372 53
375 64
374 60
361 28
360 28
363 28
362 28
8605 493
365 29
8604 497
364 28
8607 485
8606 489
353 81
414 76
415 72
8589 557
8546 553
8547 549
8548 545
8549 541
8550 537
8551 533
8552 529
8508 525
8462 521
8415 517
8416 513
8417 509
413 80
8588 561
8545 557
412 84
8590 553
8591 549
8576 465
8632 553
8631 557
8630 561
8617 469
8616 469
8619 469
8618 469
8609 477
8610 473
8611 469
433 55
8608 481
432 51
435 62
434 58
8613 469
8612 469
436 65
8615 469
8614 469
425 32
424 32
427 34
426 33
429 39
428 35
8671 557
8670 561
8657 473
8656 473
8659 473
8658 473
8661 473
421 32
8660 473
420 32
423 32
422 32
8649 485
8650 481
473 84
474 80
475 76
476 72
477 68
8648 489
8651 477
8653 473
8652 473
8655 473
8654 473
469 100
470 96
471 92
472 88
8647 493
8646 497
8697 477
8696 477
8699 477
8698 477
8701 477
8700 477
8689 485
8690 481
8691 477
8693 477
8692 477
8695 477
8694 477
8686 497
8687 493
8688 489
497 59
8672 553
8673 549
8674 545
8635 541
8594 537
496 55
499 66
498 62
8729 481
489 36
8728 485
488 36
8731 481
491 38
8730 481
490 37
8733 481
8732 481
492 39
8735 481
495 51
494 47
493 43
8734 481
483 36
485 36
484 36
487 36
8726 493
8727 489
486 36
537 101
538 97
539 93
540 89
541 85
542 81
543 77
544 73
545 69
546 65
547 61
548 57
549 53
8711 553
8712 549
8713 545
8714 541
8676 537
8637 533
8638 529
8639 525
8598 521
8555 517
8556 513
8557 509
8513 505
8710 557
8763 493
8765 485
8764 489
8767 485
8766 485
8747 557
8746 561
570 70
8748 553
8737 481
8736 481
8739 481
563 43
8738 481
565 51
564 47
566 55
553 40
555 40
554 40
557 40
556 40
8787 557
8788 553
8749 549
8786 561
551 46
8776 485
8740 481
605 117
606 113
535 109
536 105
8780 487.363
9950 481.701
8704 477
8664 473
8622 469
8579 465
8535 461
8489 457
8442 453
607 109
8769 485
8768 485
8771 485
8770 485
8773 485
8772 485
8775 485
8774 485
8827 557
8828 553
8829 549
8830 545
8831 541
8792 537
8793 533
8794 529
8795 525
8796 521
8797 517
8798 513
8799 509
8800 505
8761 501
8762 497
8816 489
8777 485
8741 481
8702 477
8662 473
8620 469
8577 465
8809 489
8808 489
8811 489
8810 489
8813 489
8812 489
636 52
8815 489
8814 489
8801 501
625 44
624 44
8803 493
626 44
8805 489
8804 489
8807 489
8806 489
617 69
618 65
619 61
616 73
621 53
620 57
622 50
8849 493
609 101
610 97
611 93
612 89
8848 493
608 105
8851 493
8850 493
8853 493
613 85
8852 493
615 77
8854 493
614 81
8841 501
8842 497
8843 493
8845 493
8844 493
8847 493
8846 493
8890 496.992
9969 493.062
8881 497
641 71
569 66
8880 497
8883 497
8882 497
642 75
8885 497
8884 497
8887 497
8886 497
8877 501
8878 497
8879 497
689 65
688 69
691 57
692 54
695 48
694 48
681 97
682 93
8920 501
680 101
683 89
684 85
685 81
686 77
687 73
8913 501
8912 501
8915 501
675 121
676 117
8914 501
8917 501
677 113
8916 501
8919 501
679 105
8918 501
678 109
8911 505
8910 509
8876 505
8953 505
8952 505
712 79
8945 505
8944 509
8947 505
8946 505
8949 505
709 68
639 64
567 59
8948 505
708 64
638 60
8951 505
711 75
8950 505
710 72
640 68
568 63
761 97
760 101
763 89
764 85
762 93
765 81
767 73
768 69
766 77
753 129
754 125
755 121
757 113
758 109
759 105
756 117
8985 509
8984 509
8977 509
8976 513
8979 509
8978 509
8981 509
8980 509
8983 509
8982 509
8975 517
8974 521
8942 517
8909 513
8875 509
8840 505
785 68
784 64
707 60
637 56
787 76
786 72
789 83
788 79
790 86
713 82
643 78
571 73
500 69
9017 513
8986 509
9016 513
9009 513
769 65
770 61
9008 513
9011 513
771 58
9010 513
9013 513
9012 513
9015 513
9014 513
774 52
9005 525
9007 517
8997 557
8966 553
8967 549
8968 545
8969 541
8937 537
8938 533
8939 529
8906 525
8872 521
8837 517
8998 553
9041 517
9040 517
9043 517
9042 517
9045 517
9044 517
9047 517
9046 517
856 65
9037 521
9038 517
9036 525
9039 517
849 95
850 91
848 99
851 85
852 81
9029 553
8999 549
853 77
9028 557
855 69
854 73
841 127
842 123
843 119
844 115
845 111
846 107
847 103
840 131
9073 521
9072 521
9075 521
835 151
836 147
837 143
838 139
839 135
752 131
673 127
533 117
534 113
9074 521
9065 525
9064 529
9067 521
9066 521
9069 521
9068 521
9071 521
9070 521
9059 549
9031 545
9001 541
9002 537
9003 533
9004 529
8973 525
8941 521
8908 517
8874 513
9058 553
9063 533
9113 557
9087 553
873 84
872 81
875 91
874 88
9117 541
9118 537
9092 533
876 95
791 90
714 86
9119 533
9093 529
9104 525
9076 521
869 69
871 77
870 73
9097 525
921 147
9096 525
920 151
9099 525
923 139
9098 525
922 143
9101 525
9100 525
924 135
925 131
926 127
9103 525
927 123
928 119
9102 525
9091 537
9095 525
9094 525
9145 541
9144 545
9147 533
9120 529
9146 537
9149 533
9121 529
9148 533
9151 533
9124 529
9150 533
9123 529
9141 557
9114 553
9088 549
9089 545
9090 541
9143 549
9128 529
952 92
951 88
9130 529
954 99
953 95
9133 528.992
9107 524.992
9078 520.992
9050 516.992
9020 512.992
8989 508.992
8957 504.992
8924 500.992
945 65
867 61
782 56
705 52
635 48
944 64
866 60
947 73
9122 529
946 69
9125 529
949 81
9127 529
9126 529
950 85
9177 537
9152 533
9176 537
937 81
936 85
9179 537
9153 533
9178 537
9181 537
9155 533
9180 537
9182 537
9157 533
9169 549
9170 545
929 115
930 111
931 107
9171 541
9173 537
933 99
934 95
9172 537
932 103
9175 537
935 89
9174 537
9154 533
9201 541
9200 541
9203 541
9202 541
9205 541
9204 541
9206 541
9193 553
1017 69
9195 545
9196 541
1019 77
1018 73
9197 541
1021 85
9199 541
9198 541
1022 89
1009 99
1008 103
1011 85
1010 89
1015 68
943 64
865 60
781 56
1014 68
942 64
9241 549
9219 545
1001 150
1000 154
9243 549
9221 545
1003 130
1004 126
1005 122
1006 118
9242 549
9245 549
9224 545
9244 549
9222 545
9247 549
9226 545
1007 107
9246 549
9225 545
9227 545
9228 545
9220 545
9223 545
1037 168.952
964 164.952
9999 162.612
963 156.953
962 152.953
1035 148.953
1103 142.097
1034 135.097
1033 131.097
1032 127.099
10013 126.27
1031 123
959 119
881 115
796 110
719 106
718 102
717 98
716 94
715 90
1027 107
1026 103
1028 111
956 107
878 103
793 98
1080 89
1084 72
1087 73
9249 549
1073 134
1074 130
1075 126
1076 122
9248 549
1077 107
1078 107
1097 111
1096 107
1099 119
1098 115
1102 131.58
1089 81
1088 77
1090 85
1095 103
1025 99
1145 125
1229 121
1146 117
1147 113
1144 128
1143 132
1142 136
1183 185.952
1106 180.952
1039 176.952
966 172.952
965 168.952
1182 181.952
1105 176.952
1104 172.952
1169 112
1168 108
1171 120
1170 116
1173 128
1100 123
1172 124
1161 82
1160 78
1163 90
1162 86
1165 98
1092 93
1167 105
1094 100
1024 96
1166 101
1093 96
1023 92
1152 93
1157 76
1085 72
1156 76
1159 77
1086 72
1016 68
1158 76
1241 80
1243 81
1242 80
9421 2036.96
9422 1938.96
9423 1840.96
9424 1742.96
9442 1567.96
9443 1468.96
9461 1333.96
9477 1227.96
9494 1120.96
9512 988.956
9531 881.956
9551 774.956
6006 585.956
6087 580.956
6163 576.956
6238 572.956
6313 567.956
6314 563.956
6315 559.956
6316 555.956
6317 551.956
6395 544.956
6474 537.956
6475 533.956
6476 529.956
6557 525.956
6637 520.956
6715 516.956
6791 512.956
6864 507.956
6936 503.956
7012 499.956
7083 494.956
7152 490.956
7217 486.956
7284 482.956
7352 477.956
7421 473.956
7487 469.956
9982 466.015
7556 461
7557 457
7558 453
7631 446
7704 442
7777 438
7851 433
7852 429
1245 86
1244 82
9420 2134.96
1247 94
1246 90
1234 97
1225 136
1226 132
1224 140
1227 129
1228 125
1221 187
1220 183
1305 179
1392 175
1484 171
1485 167
1486 163
1393 156
1306 150
1223 143
9462 1297.46
9939 1207.04
9478 1189.14
9942 1100.26
9495 1081.96
1222 191
1264 180.952
1180 176.952
1269 197.952
1185 193.952
1108 188.952
1041 184.952
1040 180.952
1257 132
1256 128
1259 161
1345 157
1435 153
1344 148
1343 144
1342 140
1258 136
1174 132
1101 127
1248 98
1164 94
1091 89
1251 109
1250 105
9493 1175.96
9511 1042.96
9530 936.956
9550 830.956
9572 701.956
5928 604.956
1253 116
1252 112
1255 124
1254 120
1304 180
1307 147
1309 140
1308 144
1311 133
1312 129
1310 137
9529 1035.96
9528 1134.96
9532 877.956
9525 2023.2
9544 1921.2
9563 1828.2
9586 1726.2
9607 1624.2
9629 1532.2
9630 1435.2
9631 1338.2
9984 1286.6
9609 1207
9610 1107
9611 1007
9612 907
9613 807
9614 707
7873 641
7800 637
7801 633
7874 629
7875 625
7876 621
7877 617
7878 613
7879 609
7880 605
7881 601
7882 597
7883 593
7884 589
7885 585
7886 581
7887 577
7888 573
7889 569
7890 565
9524 2118.2
9543 2016.2
9562 1923.2
9585 1822.2
9606 1721.2
9628 1629.2
9527 1233.96
9513 984.956
1337 120
1336 116
1339 128
1338 124
1341 136
1340 132
1329 90
1328 86
9506 2219.2
1330 94
9509 1238.96
9510 1140.96
1332 102
1335 113
1334 109
1325 84
9567 1191.96
9568 1093.96
9569 995.956
9570 897.956
9571 799.956
1327 85
9566 1289.96
1326 84
1319 97
1236 93
1318 97
9547 1129.96
9546 1228.96
9549 930.956
9548 1029.96
9593 698.956
6911 646.956
6912 642.956
6913 638.956
6982 627.956
7051 622.956
7120 618.956
7121 614.956
7122 610.956
7123 606.956
7124 602.956
7125 598.956
7126 594.956
7191 590.956
7258 586.956
7326 581.956
7395 577.956
7396 573.956
7397 569.956
7463 565.956
7464 561.956
7465 557.956
7466 553.956
7467 549.956
7468 545.956
7469 541.956
7470 537.956
7471 533.956
7472 529.956
7473 525.956
7474 521.956
7475 517.956
7476 513.956
7477 509.956
7478 505.956
7479 501.956
7480 497.956
7481 493.956
7482 489.956
7483 485.956
7484 481.956
7485 477.956
7486 473.956
9592 797.956
9595 656
9574 547
3392 463
3297 456
3107 441
3011 434
2908 423
2818 415
2732 410
2562 398
2477 393
2391 388
2302 380
2215 373
2124 366
2032 359
1943 354
1942 350
1941 346
1940 342
1939 338
1938 334
1937 330
1854 326
1763 322
1665 317
1571 313
1474 309
1473 305
1472 301
1471 297
1470 293
1469 289
1468 285
1467 281
1466 277
1465 273
1464 269
1463 265
1462 261
1461 257
1460 253
1459 249
1458 245
1457 241
1456 237
1455 233
1454 229
1453 225
1452 221
1451 217
1450 213
1449 209
1448 205
1447 201
1446 197
1445 193
1444 189
1443 185
1442 181
1441 177
1440 173
1439 169
1438 165
1437 161
1436 157
1352 185
9594 560
5374 486
5286 482
5203 477
5202 473
5122 469
5040 465
4956 460
4955 456
4870 452
4783 448
4694 443
4693 439
4692 435
4606 431
4519 427
4430 423
4338 418
4246 414
4245 410
4152 406
4062 401
3972 397
3883 393
3795 389
3707 384
3706 380
3622 376
3536 372
3450 367
3365 363
3271 359
3177 354
3083 350
2988 346
2887 342
2798 337
2712 333
2629 329
2543 324
2542 320
2457 316
2371 312
2283 307
2197 303
2107 299
2106 295
2015 291
1926 286
1925 282
1842 278
1751 274
1653 269
1652 265
1651 261
1557 257
1355 197
1354 193
1357 205
1356 201
1359 213
1358 209
1347 165
1346 161
9589 1094.96
9590 995.956
9591 896.956
9588 1193.96
1349 173
1348 169
1350 177
1401 127
1314 123
1315 119
1231 115
1148 111
1400 131
1403 125
1316 120
1150 112
1402 123
1405 101
1404 101
1395 151
1394 154
9573 275
4102 271
4194 267
4286 263
4193 259
4192 255
4191 251
4190 247
4189 243
4188 239
4187 235
4186 231
4185 227
4095 223
4005 218
3916 214
3827 210
3740 206
1397 144
1396 148
1399 135
1398 139
1391 179
1483 175
9617 662
9616 563
7111 498
7110 494
7109 490
7108 486
7038 478
7037 474
6967 467
6966 463
6965 459
6964 455
6896 448
6828 443
6827 439
6826 435
6753 431
6677 427
6599 422
6519 418
6437 414
6359 410
6282 405
6207 401
6131 397
6055 392
5974 388
5901 384
5900 380
5826 376
5751 371
5750 367
5749 363
5748 359
5672 355
5592 351
5515 346
5514 342
5513 338
5427 334
5335 330
5334 326
5246 322
5163 317
5162 313
5082 309
5000 305
4916 300
4831 296
4744 292
4655 287
4569 283
4482 279
4393 275
4301 270
4209 266
4116 262
4026 257
3936 253
3847 249
3759 245
3671 240
3587 236
3501 232
3415 227
3331 223
3330 219
3329 215
3328 211
3327 207
3326 203
3325 199
3324 195
3323 191
3229 184
3138 179
3137 175
3045 171
2949 164
2848 160
2759 155
2670 151
2583 147
2497 142
2412 138
2326 134
2238 129
2152 125
2062 121
1971 117
1882 112
1799 108
1708 104
1610 99
1516 95
1419 91
1433 145
1432 141
1434 149
1424 111
1333 106
1427 121
1426 118
1429 129
1428 125
1431 137
1430 133
9657 949
9636 846
1417 89
9656 1046
9635 943
1416 88
9658 1047
1418 90
9661 764.756
9638 656.756
10125 642.172
1421 99
9660 693
9637 585
9615 492
6824 433
6751 429
6675 425
6598 421
6518 417
6436 413
6358 409
1420 95
9655 1144
9634 1040
1415 88
9654 1241
9633 1137
1414 92
9639 678
9681 801
9680 1054
9682 872.756
1497 129
1496 128
1499 105
9677 1318.47
10128 1219.06
1500 105
9679 1052
9678 1149
1491 147
1492 143
1490 152
1493 141
1494 137
1495 132
9721 1247
9700 1143
9720 1245
1482 187
1579 183
1580 179
1581 175
1582 171
1583 167
1487 160
1529 145
1528 141
1531 153
1530 149
1533 161
1532 157
1534 165
9699 1240
9701 1145
1525 129
1524 125
1527 137
1526 133
1513 92
1512 92
1515 94
1514 93
1517 99
1511 92
9742 1425
9741 1326
1553 241
1552 237
1555 249
1554 245
1556 253
1545 209
1544 205
1543 201
1542 197
1541 193
1540 189
1546 213
1549 225
1548 221
1547 217
1551 233
1550 229
1537 177
1536 173
1535 169
1538 181
9782 1653
9781 1556
9761 1430
1593 109
1592 109
1585 162
1488 158
1584 164
9762 1530
1586 159
1489 155
1589 132
1591 133
1590 132
9819 1722
9799 1619
9779 1518
9760 1428
9818 1721
9821 1728
9801 1624
9780 1520
9820 1725
9800 1621
9823 1554.22
9804 1457.22
9784 1360.22
9763 1247.76
9744 1150.76
9723 1053.76
10126 960.03
9702 875
9822 1764
9802 1660
1625 157
1624 153
1627 165
1626 161
1628 169
1630 177
1619 133
1618 129
1621 141
1620 137
1623 149
9798 1642
9778 1540
9759 1450
9740 1348
1622 145
1609 98
1608 97
1611 103
1613 111
1612 107
1605 109.232
9844 977.306
9833 960.243
10024 925.584
9830 885.494
9871 835.153
9829 778.467
9912 741.555
9828 710.236
9927 667.768
9827 628.896
9897 613.175
1607 96
1606 96
1657 285
1563 281
1562 277
1561 273
1656 281
1655 277
9835 932.166
9879 919.598
9834 994.857
9843 960.979
1658 289
1564 285
9836 815.272
9904 774.883
1649 253
1648 249
9826 363.919
6240 352
6241 348
6167 344
6090 340
6010 336
5931 332
5932 328
5933 324
5859 320
5860 316
5861 312
5862 308
5788 304
5713 300
5634 296
5558 292
5473 288
5383 284
5292 280
1650 257
9831 979.143
10007 928.004
9881 168.875
1640 217
1643 229
1642 225
9885 100.033
1645 237
1644 233
1647 245
1646 241
1633 189
1539 185
1632 185
1631 181
1635 197
1634 193
1637 205
1636 201
1639 213
1638 209
9866 125.917
1683 136
1684 137
1686 113
9913 248.263
4729 244.968
9898 240.451
4643 235
4557 231
4469 227
4380 223
4289 219
4196 215
4105 211
4016 207
3928 203
3839 199
3750 195
3665 191
3582 187
3497 183
3409 179
3318 175
3223 171
3131 167
3041 163
2938 159
2838 155
2750 151
2661 147
2574 143
2489 139
2404 135
2319 131
2232 127
2147 123
2058 119
1968 115
1880 111
1798 107
1707 103
1673 183
9915 270.145
1675 175
1676 171
9914 340.454
9825 331.551
5627 324
5551 320
5466 316
5376 312
5377 308
5378 304
5379 300
5380 296
5381 292
5382 288
1674 179
9917 498.88
7084 493.956
7153 489.956
7218 485.956
7285 481.956
1677 168
9916 719.692
9919 688.419
9918 137.161
1865 132
1949 127
1678 166
9905 149.939
9906 228.043
9909 256.892
4727 252.968
4728 248.968
9908 279.612
3249 277
3248 273
3340 266
3423 259
3422 255
3338 251
3337 247
3336 243
3243 239
3152 234
3151 230
3059 226
2964 222
2963 218
2862 214
2773 209
2772 205
2683 201
2596 197
2510 192
2509 188
2508 184
2507 180
2506 176
2421 172
2335 168
2247 163
2161 159
2071 155
1980 151
1891 146
1890 142
1807 138
1716 134
9911 566.775
9910 266.958
5045 265
1721 154
9896 268.14
3424 263
1720 150
9899 222.256
2823 218.44
2824 214.44
2917 210.44
3019 206.44
3020 202.44
3021 198.44
3022 194.44
3023 190.44
3024 186.44
10073 183.124
3025 181
2923 177
2739 167
2740 163
2652 159
2565 155
2481 151
2395 147
2307 143
2220 139
2130 135
2038 131
1723 162
1722 158
1725 170
9900 512.769
6794 509.956
7014 497.956
1724 166
9903 198.36
1727 178
1629 173
9902 691.256
1713 124
1615 119
1521 115
1712 120
1614 115
1715 131
1617 126
1616 122
1522 118
1425 114
1714 127
9893 189.499
1717 138
9895 252.353
4170 245
3992 237
3904 233
3818 229
3819 225
3732 221
3733 217
3651 213
3567 209
3486 205
3400 201
3305 197
3210 193
3116 189
3117 185
1719 146
9894 369.621
1718 142
9945 520.933
1705 101
9944 349.66
1672 345
1671 341
1670 337
1669 333
1668 329
1667 325
1573 321
1572 317
1475 313
1704 100
9946 298.112
918 296.113
917 292.113
916 288.113
915 284.113
914 280.113
913 276.113
912 272.113
911 268.113
910 264.113
909 260.113
908 256.113
907 252.113
906 248.113
905 244.113
904 240.113
903 236.113
902 232.113
901 228.113
900 224.113
899 220.113
898 216.113
897 212.113
896 208.113
895 204.113
894 200.113
893 196.113
892 192.113
891 188.113
890 184.113
889 180.113
888 176.113
887 172.113
886 168.113
1706 102
9949 337.44
6428 328.968
6349 324.968
6272 320.968
6198 316.968
6121 312.968
6041 308.968
5961 304.968
5887 300.968
5812 296.968
5737 292.968
5658 288.968
5582 284.968
5497 280.968
5407 276.968
5316 272.968
5229 268.968
5069 260.968
4986 256.968
4902 252.968
4817 248.968
9948 479.485
8665 473
8623 469
8580 465
9951 532.187
1711 116
1710 112
9936 1159.73
1699 121.127
1700 117.127
1604 113.232
9938 1104.66
9943 718.667
1702 109.104
10030 101.138
1753 282
9928 213.824
4104 213
1752 278
1654 273
1754 286
9933 1113.04
1757 298
1659 293
1758 302
1660 297
1745 250
9920 53.713
1744 246
9923 293.862
2972 288.999
10101 284.112
2783 281
2698 277
2615 273
2529 268
2528 264
2527 260
2442 256
2356 252
2268 247
2267 243
2181 239
2091 235
2090 231
2089 227
1998 223
1909 218
1908 214
1825 210
1824 206
1823 202
1732 198
1747 258
1746 254
1749 266
9924 267.454
1748 262
9926 132.788
1750 270
1737 218
9976 625.576
6005 589.956
6086 584.956
9979 248.307
2782 245
2781 241
2780 237
2691 233
2604 229
2518 224
2517 220
2432 216
2431 212
2430 208
2344 204
2256 199
2255 195
2169 191
2168 187
2167 183
2166 179
2076 175
1985 171
1896 166
1895 162
1812 158
1739 226
1641 221
1738 222
9981 2004.44
1741 234
1740 230
1743 242
1742 238
1729 186
9968 559.851
9270 553.805
10129 552.524
9252 548.992
9231 544.992
9208 540.992
9184 536.992
9159 532.992
9132 528.992
9106 524.992
9971 414.861
7870 414
7796 409
7723 405
7650 401
7576 397
7505 393
7438 389
7369 385
7300 381
7234 377
7167 373
7096 369
7025 365
6950 361
1731 194
1730 190
9973 641.911
9972 356.337
6893 353.497
10082 350.237
6747 344.968
6669 340.968
6590 336.968
6508 332.968
6426 328.968
6348 324.968
6271 320.968
6197 316.968
6119 312.968
6039 308.968
5959 304.968
5886 300.968
9975 197.054
1735 210
9974 591.415
1734 206
9960 261.254
5070 257
4987 253
4903 249
4818 245
4730 241
9967 456.908
8445 453
8395 449
8346 445
8296 441
8243 437
9966 250.815
3845 247
3757 243
3586 235
3500 231
1790 136.127
1791 132.127
1792 128.127
1793 124.127
1777 136
9952 533.018
9954 420.134
1781 117
1687 113
1594 109
9956 341.682
5669 337
5510 329
5424 325
5332 321
5244 317
5161 312
5081 308
4999 304
4915 299
4830 295
4743 291
4654 286
4568 282
4481 278
4392 274
4300 269
4208 265
4115 261
4025 256
3935 252
3846 248
3758 244
3670 239
1780 117
9959 488.953
10009 1198.33
1769 346
10008 413.184
7779 409
7706 405
7633 401
7560 397
7489 393
7423 389
1771 179
1772 175
1770 350
1578 341
1577 337
1576 333
1575 329
1574 325
1773 172
1775 167
1679 163
1774 170
10005 104.723
1817 178
1816 174
1819 186
1818 182
1821 194
1809 146
1808 142
1811 154
1810 150
1813 162
1815 170
1814 166
10041 209.235
2392 200
2305 196
2218 192
2127 188
2035 184
1946 180
1862 176
1801 116
1800 112
10040 635.242
6007 583.308
6164 573.308
6239 569.308
10043 153.51
1803 124
1802 120
10042 231.405
3393 229
3394 225
3300 221
3301 217
3205 213
3111 209
3112 205
3113 201
3114 197
3115 193
10045 1310.67
1805 131
10044 283.69
1804 128
10047 413.233
10046 834.262
1806 135
10033 294.832
10032 1219.91
10035 371.037
7090 370
10034 370.97
10037 92.41
1797 107
10036 142.489
10039 1962.8
10038 123.386
10027 182.063
1861 179
10026 354.554
1850 310
1759 306
1661 301
10029 52.959
703 50
633 46
561 41
10028 1041.4
10031 132.222
2043 129
1953 125
1869 121
1782 117
1841 274
1840 270
1843 282
1845 290
1844 286
1846 294
1833 242
10072 183.78
3124 177
3032 173
2930 169
2832 165
2744 161
2655 157
1832 238
1831 234
1830 230
10075 127.221
1835 250
10074 120.301
1233 116
1834 246
1837 258
1836 254
1839 266
1838 262
10065 98.417
10064 198.742
3749 197
10067 238.904
4358 233
4268 229
4176 225
10066 98.161
10069 237.659
3478 234.999
1829 226
1828 222
1827 218
1736 214
10068 213.214
3828 211
3741 207
3658 202
3572 198
3491 194
10071 308.253
5873 305
5799 301
5724 297
5645 293
5569 289
5484 285
5394 281
5302 277
5214 273
5135 269
5053 265
4969 261
4885 257
4799 253
4711 249
4629 245
4543 241
4455 237
4366 233
4276 229
4183 225
4093 221
4004 217
10070 384.507
10057 298.494
3580 295.025
3747 287
3835 283
3925 279
4014 275
1881 111
10056 178.469
1863 174
10059 269.685
1883 116
10061 226.912
1885 124
10060 164.189
2563 161
2394 151
2306 147
1884 120
10063 530.738
6712 528.956
6713 524.956
6714 520.956
1887 132
10062 539.21
1886 128
10049 104.742
1873 130
1786 126
1691 122
1597 117
1596 113
1502 109
1406 102
10048 130.587
10051 626.163
10050 146.144
2487 141
2403 137
2318 133
2231 129
2146 125
2057 121
1967 117
10053 389.689
7354 387
10055 631.792
10054 248.35
1864 136
1948 131
1860 350
1859 346
1858 342
1767 338
1913 234
1912 230
1911 226
1915 242
1914 238
1917 250
1916 246
1919 258
1918 254
1905 202
1904 198
1897 170
1899 178
1898 174
1901 186
1900 182
1903 194
1820 190
1902 190
1889 139
1888 135
1893 154
1892 150
1894 158
1945 184
1944 184.937
1947 178
1951 125
1867 121
1929 298
1928 294
1930 302
1921 266
1920 262
1923 274
1922 270
1924 278
1927 290
1977 140
1976 137
1979 147
1978 144
1981 155
1983 163
1982 159
1969 115
1970 116
1973 125
1972 121
1975 133
1974 129
1965 125
1966 121
1954 126
2009 267
2008 263
2011 275
2010 271
2013 283
2012 279
2014 287
2001 235
2000 231
2003 243
2002 239
2005 251
2004 247
2007 259
2006 255
1992 199
1994 207
1997 219
1999 227
1910 222
1984 167
1987 179
1986 175
1989 187
1988 183
1991 195
1990 191
2041 129
1952 125
1868 121
2042 129
2044 130
2033 188.937
2034 188
2037 135
2036 182
2024 327
1935 322
1852 318
1761 314
1663 309
1662 305
1568 301
2027 339
2017 299
2016 295
2019 307
2018 303
2021 315
1932 310
1849 306
2020 311
1931 306
1848 302
2023 323
1934 318
1851 314
1760 310
2022 319
1933 314
2073 163
2072 159
2075 171
2074 167
2077 179
2079 187
2078 183
2065 133
2064 129
2063 125
2067 141
2066 137
2069 148
2068 144
2070 151
2056 125
2059 119
2061 120
2060 119
2055 129
2105 291
2104 287
2103 283
2109 307
2108 303
2110 311
2097 259
2096 255
2095 251
2094 247
2093 243
2099 267
2098 263
2101 275
2100 271
2102 279
2088 223
2092 239
2081 195
2080 191
2083 203
2082 199
2085 211
2084 207
1993 203
2086 215
2143 137
2144 133
2129 139
2128 186
2133 133
2135 133
2134 133
2125 192.937
2126 192
2113 323
2112 319
2111 315
2171 199
2170 195
2173 207
2172 203
2175 215
2174 211
2160 155
2163 167
2162 163
2165 175
2164 171
2153 129
2155 137
2154 133
2159 152
2158 148
2145 129
2148 123
2151 124
2150 123
2201 319
2200 315
2199 311
2193 287
2192 283
2191 279
2195 295
2194 291
2196 299
2198 307
2185 255
2184 251
2187 263
2186 259
2189 271
2188 267
2190 275
2176 219
2183 247
2182 243
2233 127
2235 127
2234 127
2237 128
2236 127
2239 133
2225 137
2224 137
2229 137
2228 138.104
2142 134.104
2052 130.104
1963 126.104
1879 120.104
1794 116.104
2230 133
2217 196
2216 196.937
2219 143
2223 137
2266 239
2180 235
2179 231
2269 251
2271 259
2270 255
2257 203
2259 211
2258 207
2261 219
2260 215
2249 171
2248 167
2251 179
2250 175
2253 187
2252 183
2254 191
2243 149
2157 145
2245 156
2244 152
2246 159
2281 299
2280 295
2282 303
2285 315
2284 311
2286 319
2273 267
2272 263
2275 275
2274 271
2277 283
2276 279
2279 291
2278 287
2331 154
2330 150
2242 145
2156 141
2333 161
2332 157
2334 164
2321 131
2320 131
2323 131
2322 131
2325 133
2324 132
2312 141
2315 142.104
2317 137
2316 141
2304 200
2311 141
2310 141
2361 272
2360 268
2363 280
2362 276
2365 288
2364 284
2367 296
2366 292
2353 240
2265 235
2352 236
2264 231
2178 227
2355 248
2354 244
2357 256
2359 264
2358 260
2345 208
2347 216
2346 212
2348 220
2337 176
2336 172
2339 184
2338 180
2341 192
2340 188
2343 200
2342 196
2393 217.938
2479 210.938
2478 206.938
2399 145
2398 145
2387 376
2299 371
2298 367
2297 363
2296 359
2210 355
2120 351
2029 347
2369 304
2368 300
2370 308
2373 320
2372 316
2375 328
2287 323
2374 324
2425 188
2424 184
2423 180
2427 196
2426 192
2429 204
2428 200
2419 165
2420 168
2422 176
2409 135
2408 135
2401 145
2402 141
2405 135
2407 135
2406 135
2456 312
2459 324
2458 320
2460 328
2449 284
2448 280
2447 276
2446 272
2451 292
2450 288
2453 300
2452 296
2455 308
2454 304
2441 252
2440 248
2439 244
2443 260
2445 268
2444 264
2433 220
2488 139
2490 139
2493 139
2492 139
2495 140
2410 136
2480 155
2485 149
2484 149
2486 145
2520 232
2435 228
2434 224
2523 244
2522 240
2437 236
2351 232
2263 227
2177 223
2087 219
1996 215
1907 210
2525 252
2526 256
2513 204
2512 200
2511 196
2515 212
2514 208
2516 216
2519 228
2505 172
2504 169
2498 146
2503 165
2418 161
2502 162
2417 158
2544 328
2537 300
2536 296
2539 308
2538 304
2541 316
2540 312
2531 276
2530 272
2533 284
2532 280
2535 292
2534 288
2585 155
2499 150
2587 163
2501 158
2500 154
2415 150
2329 146
2241 141
2240 137
2586 159
2589 170
2588 167
2591 177
2590 174
2569 153
2568 153
2570 154
2573 143
2572 145
2575 143
2564 159
2617 281
2616 277
2619 289
2618 285
2621 297
2620 293
2623 305
2622 301
2609 249
2612 261
2614 269
2601 217
2600 213
2603 225
2602 221
2605 233
2606 237
2593 185
2592 181
2595 193
2594 189
2597 201
2599 209
2598 205
2649 227.533
2734 223.533
2651 163
2650 229.44
2737 222.44
2625 313
2624 309
2627 321
2626 317
2628 325
2630 333
2681 193
2680 189
2679 185
2678 181
2682 197
2685 209
2684 205
2687 217
2686 213
2673 163
2672 159
2671 155
2584 151
2675 171
2674 167
2677 178
2676 174
2657 157
2656 157
2659 147
2660 147
2662 147
2576 143
2491 139
2713 337
2705 305
2704 301
2703 297
2707 313
2706 309
2709 321
2708 317
2711 329
2710 325
2699 281
2701 289
2700 285
2702 293
2689 225
2688 221
2690 229
2693 241
2692 237
2694 245
2607 241
2521 236
2745 161
2747 151
2746 161
2749 151
2748 151
2751 151
2663 147
2736 226.44
2743 161
2733 227.533
2735 227.533
2777 225
2776 221
2779 233
2778 229
2769 193
2768 189
2771 201
2770 197
2775 217
2774 213
2761 163
2760 159
2763 171
2762 167
2765 178
2764 175
2767 185
2766 182
2793 317
2792 313
2791 309
2795 325
2794 321
2797 333
2796 329
2799 341
2785 285
2784 281
2787 293
2786 289
2789 301
2788 297
2790 305
2840 155
2752 151
2845 157
2756 152
2667 148
2580 144
2494 139
2835 155
2837 155
2836 155
2839 155
2827 171
2828 167
2831 165
2822 222.44
2915 218.44
3017 214.44
3018 210.44
2873 286
2872 285
2875 294
2874 290
2877 302
2876 298
2879 310
2878 306
2865 226
2864 222
2867 234
2866 230
2869 242
2868 238
2871 250
2870 246
2857 194
2856 190
2859 202
2858 198
2861 210
2860 206
2863 218
2850 168
2855 187
2854 183
2909 241.44
2910 237.44
2911 233.44
3014 226.44
3015 222.44
3016 218.44
2888 346
2881 318
2880 314
2883 326
2882 322
2885 334
2884 330
2886 338
2928 169
2933 164
2834 157
2932 168
2935 159
2921 189.457
2922 185.457
2925 171
2924 175
2913 226.44
2914 222.44
2912 230.44
2969 242
2968 238
2971 250
2970 246
2973 289
2975 294
2974 290
2961 210
2960 206
2962 214
2965 226
2967 234
2966 230
2952 176
2851 172
2955 187
2957 194
2956 191
2959 202
2958 198
2946 161
2985 334
2984 330
2983 326
2987 342
2986 338
2989 350
2977 302
2976 298
2979 310
2978 306
2981 318
2980 314
2982 322
3033 173
3035 172
3034 176
2931 172
3036 168
3039 163
3027 175
3026 179
3013 244.44
3012 248.44
3065 250
3064 246
3067 292.999
3066 292.999
3069 294
3068 293
3071 302
3070 298
3057 218
3056 214
3055 210
3058 222
3061 234
3060 230
3063 242
3062 238
3049 187
3048 183
3047 179
3046 175
3051 195
3050 191
3053 202
3052 198
3054 206
3040 163
2937 159
3081 342
3080 338
3082 346
3084 354
3073 310
3072 306
3075 318
3074 314
3077 326
3076 322
3079 334
3078 330
3127 169
3037 165
2934 161
3119 179
3118 183
3109 217
3110 213
3108 221
3161 296.999
3160 295
3159 291
3158 287
3157 283
3163 298
3162 297
3165 306
3164 302
3167 314
3166 310
3155 246
3154 242
3153 238
3156 250
3145 206
3144 202
3147 214
3146 210
3149 222
3148 218
3150 226
3141 191
3140 187
3143 199
3142 195
3176 350
3175 346
3174 342
3178 358
3169 322
3168 318
3171 330
3170 326
3173 338
3172 334
3231 192
3219 173
3218 176
3126 172
3220 171
3128 167
3038 163
3209 197
3208 201
3211 189
3213 183
3212 187
3203 221
3204 217
3207 205
3206 209
3257 303
3256 302
3259 311
3258 307
3261 319
3260 315
3263 327
3262 323
3251 285
3250 281
3253 293
3252 289
3255 301
3254 297
3241 231
3240 227
3245 247
3244 243
3246 251
3233 200
3232 196
3239 223
3238 219
3272 363
3275 375
3181 370
3180 366
3179 362
3265 335
3264 331
3267 343
3266 339
3269 351
3268 347
3270 355
3304 201
3307 191
3306 193
3308 187
3299 225
3298 229
3303 205
3353 315
3352 311
3355 323
3354 319
3357 331
3356 327
3359 339
3358 335
3345 286
3344 282
3343 278
3342 274
3341 270
3346 290
3349 302
3348 298
3347 294
3351 307
3350 306
3339 255
3333 231
3332 227
3335 239
3334 235
3361 347
3360 343
3363 355
3362 351
3364 359
3417 235
3416 231
3419 243
3418 239
3421 251
3420 247
3408 179
3401 197
3402 195
3399 205
3449 363
3448 359
3453 379
3368 375
3274 371
3441 331
3440 327
3439 323
3443 339
3442 335
3445 347
3444 343
3447 355
3446 351
3433 299
3432 295
3431 291
3430 287
3429 283
3428 279
3427 275
3426 271
3425 267
3435 307
3434 303
3437 315
3436 311
3438 319
3481 225
3395 221
3485 209
3487 199
3477 238.999
3513 280
3512 276
3515 288
3514 284
3517 296
3516 292
3519 304
3518 300
3505 248
3504 244
3507 256
3506 252
3509 264
3508 260
3510 268
3503 240
3502 236
3492 198
3529 344
3528 340
3531 352
3530 348
3533 360
3532 356
3535 368
3534 364
3521 312
3520 308
3523 320
3522 316
3525 328
3524 324
3527 336
3526 332
3579 299.025
3581 299.025
3561 468
3475 463
3390 458
3296 453
3202 448
3564 221
3483 217
3397 213
3398 209
3609 324
3608 320
3607 316
3611 332
3610 328
3613 340
3612 336
3615 348
3614 344
3601 292
3600 288
3603 300
3602 296
3605 308
3604 304
3606 312
3593 260
3592 256
3591 252
3595 268
3594 264
3597 276
3511 272
3596 272
3599 284
3598 280
3589 244
3588 240
3590 248
3624 384
3538 380
3452 375
3451 371
3366 367
3617 356
3616 352
3619 364
3618 360
3620 368
3673 248
3672 244
3675 256
3674 252
3677 264
3676 260
3679 272
3678 268
3705 376
3621 372
3704 372
3703 368
3697 344
3696 340
3695 336
3694 332
3693 328
3699 352
3698 348
3701 360
3700 356
3702 364
3689 312
3688 308
3687 304
3686 300
3685 296
3684 292
3691 320
3690 316
3692 324
3681 280
3680 276
3683 288
3682 284
3742 211
3659 206
3573 202
3730 229
3648 225
3734 217
3652 213
3769 285
3768 281
3771 293
3770 289
3773 301
3772 297
3775 309
3774 305
3761 253
3760 249
3763 261
3762 257
3765 269
3764 265
3767 277
3766 273
3753 195
3667 191
3584 187
3499 183
3411 179
3320 175
3226 171
3134 167
3043 163
2939 159
3752 195
3666 191
3498 183
3410 179
3746 291
3748 287
3836 283
3751 195
3793 381
3792 377
3796 393
3708 388
3785 349
3784 345
3787 357
3786 353
3789 365
3788 361
3791 373
3790 369
3777 317
3776 313
3779 325
3778 321
3781 333
3780 329
3783 341
3782 337
3833 231
3832 227
3831 223
3744 219
3661 214
3660 210
3834 235
3837 283
3926 279
3838 201
3825 209
3829 215.32
3821 213
3735 209
3865 321
3864 317
3863 313
3862 309
3867 329
3866 325
3869 337
3868 333
3871 345
3870 341
3857 289
3856 285
3859 297
3858 293
3861 305
3860 301
3849 257
3848 253
3851 265
3850 261
3853 273
3852 269
3855 281
3854 277
3841 199
3840 199
3889 417
3888 413
3800 409
3712 404
3711 400
3710 396
3626 392
3540 388
3454 383
3881 385
3880 381
3882 389
3885 401
3797 397
3709 392
3884 397
3887 409
3799 405
3886 405
3798 401
3873 353
3872 349
3875 361
3874 357
3877 369
3876 365
3879 377
3878 373
3929 203
3930 203
3932 254.387
3921 231
3920 227
3923 239
3922 235
3924 280
4013 276
3914 213
3907 225
3909 217
3961 353
3960 349
3959 345
3958 341
3963 361
3962 357
3965 369
3964 365
3967 377
3966 373
3953 321
3952 317
3951 313
3955 329
3954 325
3957 337
3956 333
3945 289
3944 285
3943 281
3947 297
3946 293
3949 305
3948 301
3950 309
3977 417
3976 413
3979 425
3978 421
3969 385
3968 381
3971 393
3970 389
3973 401
3975 409
3974 405
4024 255
3934 251
4031 277
3941 273
4017 207
4019 207
3931 203
3842 199
4018 207
4023 255
4011 239
4010 235
4001 217
3913 213
3824 209
3738 205
3656 201
4000 217
3911 213
4006 222
4057 381
4056 377
4055 373
4059 389
4058 385
4061 397
4060 393
4063 405
4049 349
4048 345
4047 341
4046 337
4051 357
4050 353
4053 365
4052 361
4054 369
4041 317
4040 313
4043 325
4042 321
4045 333
4044 329
4033 285
4032 281
3942 277
4034 289
4037 301
4036 297
4035 293
4039 309
4038 305
4091 221
4002 217
4065 413
4064 409
4067 421
4066 417
4069 429
4068 425
4071 437
4070 433
3980 429
4121 282
4123 290
4122 286
4112 259
4106 211
4108 211
4111 259
4022 255
3933 251
4097 239
4096 227
4101 275
4153 410
4155 418
4154 414
4157 426
4156 422
4159 434
4158 430
4145 378
4144 374
4149 394
4148 390
4151 402
4150 398
4137 346
4136 342
4139 354
4138 350
4141 362
4140 358
4143 370
4142 366
4131 322
4130 318
4133 330
4132 326
4135 338
4134 334
4184 226
4094 222
4180 225
4090 221
4173 237
4174 233
4085 229
3996 225
3997 221
4172 237
4083 233
3994 229
3906 225
3820 221
4175 229
4161 442
4160 438
4162 446
4072 441
3982 437
3981 433
4216 294
4215 290
4214 286
4213 282
4212 278
4119 274
4029 269
4028 265
3938 261
4203 263
4195 217
4198 215
4249 426
4248 422
4251 434
4250 430
4253 442
4252 438
4255 450
4254 446
4241 394
4240 390
4147 386
4243 402
4242 398
4244 406
4247 418
4233 362
4232 358
4235 370
4234 366
4237 378
4236 374
4224 326
4223 322
4227 338
4226 334
4225 330
4229 346
4228 342
4231 354
4230 350
4281 243
4280 239
4283 251
4282 247
4287 267
4273 229
4181 225
4272 229
4275 229
4277 230
4279 235
4278 231
4265 241
4264 245
4171 241
4266 241
4256 454
4163 450
4073 445
3983 441
3894 437
3806 433
3718 428
3634 424
3548 420
3462 415
3461 411
3460 407
3459 403
3374 399
3280 395
3186 390
3185 386
3091 382
2996 378
2895 374
2806 369
2805 365
2719 361
2636 357
2550 352
2549 348
2548 344
2547 340
2462 336
2461 332
4263 249
4262 478
4261 474
4260 470
4167 466
4077 461
4076 457
4075 453
3985 449
3896 445
3808 441
3720 436
3719 432
3635 428
3549 424
3463 419
4317 334
4316 330
4315 326
4319 342
4318 338
4305 286
4290 219
4295 267
4294 267
4345 446
4344 442
4347 454
4346 450
4348 458
4337 414
4336 410
4339 422
4341 430
4340 426
4343 438
4342 434
4329 382
4328 378
4333 398
4332 394
4335 406
4334 402
4320 346
4323 358
4322 354
4325 366
4324 362
4327 374
4326 370
4377 268
4376 264
4285 259
4284 255
4371 244
4373 252
4372 248
4375 260
4374 256
4361 233
4271 229
4178 225
4088 221
3999 217
4363 233
4362 233
4365 233
4355 247
4354 251
4357 237
4409 339
4408 335
4411 347
4410 343
4413 355
4321 350
4412 351
4415 363
4414 359
4395 283
4303 278
4302 274
4210 270
4394 279
4387 271
4296 267
4205 263
4388 271
4297 267
4441 467
4349 462
4440 463
4442 471
4350 466
4258 462
4165 458
4445 251
4444 479
4352 474
4447 237
4433 435
4432 431
4435 443
4434 439
4437 451
4436 447
4438 455
4429 419
4431 427
4417 371
4416 367
4419 379
4418 375
4421 387
4420 383
4465 268
4464 264
4459 244
4370 240
4461 252
4463 260
4462 256
4448 237
4451 237
4450 237
4453 237
4505 371
4504 367
4507 379
4506 375
4508 383
4497 339
4499 347
4498 343
4501 355
4500 351
4503 363
4502 359
4488 303
4399 299
4307 294
4306 290
4485 291
4396 287
4304 282
4484 287
4487 299
4486 295
4397 291
4536 241
4538 241
4541 241
4540 241
4529 467
4528 463
4527 459
4526 455
4525 451
4524 447
4531 475
4530 471
4533 255
4532 479
4534 259
4521 435
4523 443
4522 439
4571 291
4570 287
4573 299
4572 295
4575 307
4553 272
4552 268
4554 276
4546 244
4458 240
4369 236
4549 256
4548 252
4460 248
4551 264
4550 260
4593 379
4592 375
4595 387
4594 383
4596 391
4587 355
4586 351
4589 363
4588 359
4591 371
4590 367
4576 311
4489 307
4633 252
4632 248
4635 260
4634 256
4639 276
4638 272
4637 268
4624 245
4626 245
4617 475
4616 471
4615 467
4619 259
4618 479
4621 245
4622 245
4609 443
4611 451
4610 447
4613 459
4612 455
4614 463
4657 295
4659 303
4658 299
4660 307
4574 303
4642 269.004
4726 261.004
4697 455
4696 451
4695 447
4699 463
4698 459
4701 471
4700 467
4702 475
4681 391
4680 387
4683 399
4682 395
4684 403
4674 363
4677 375
4676 371
4679 383
4678 379
4721 277
4720 273
4722 277.004
4723 273.004
4724 269.004
4725 265.004
4713 251
4630 246
4544 242
4456 238
4367 234
4715 253
4714 252
4631 247
4545 243
4457 239
4368 235
4717 261
4716 257
4718 265
4704 249
4706 249
4708 249
4763 368
4765 376
4767 384
4766 380
4747 304
4746 300
4749 312
4748 308
4750 316
4661 311
4793 253
4794 253
4785 456
4787 464
4786 460
4789 472
4788 468
4791 480
4790 476
4769 392
4768 388
4771 400
4772 404
4816 252.968
4809 279.968
4810 275.968
4811 271.968
4812 267.968
4813 263.968
4814 259.968
4808 277
4807 273
4719 269
4636 264
4815 256.968
4801 255
4800 254
4712 250
4803 257
4802 256
4804 261
4806 269
4805 265
4860 412
4859 408
4858 404
4857 400
4770 396
4863 424
4862 420
4861 416
4853 384
4852 380
4851 376
4850 372
4849 368
4762 364
4673 359
4672 355
4855 392
4854 388
4843 344
4756 340
4667 335
4666 331
4580 327
4493 323
4404 319
4312 314
4220 310
4219 306
4218 302
4125 298
4835 312
4834 308
4833 304
4839 328
4752 324
4663 319
4662 315
4889 261
4888 260
4891 269
4893 277
4892 273
4895 279.968
4896 275.968
4894 281
4881 257
4883 257
4797 253
4709 249
4627 245
4882 257
4796 253
4887 259
4873 464
4872 460
4875 472
4874 468
4877 480
4876 476
4879 257
4878 257
4865 432
4864 428
4918 308
4917 304
4897 271.968
4899 263.968
4898 267.968
4901 256.968
4900 260.968
4957 464
4959 472
4958 468
4945 416
4944 412
4947 424
4946 420
4949 432
4948 428
4950 436
4937 384
4936 380
4935 376
4939 392
4938 388
4940 396
4942 404
4941 400
4985 260.968
4984 264.968
4977 278
4979 283.968
4980 279.968
4978 282
4981 275.968
4982 271.968
4983 267.968
4968 261
4884 257
4973 265
4972 264
4974 266
4961 480
4960 476
4963 261
4965 261
4967 261
4966 261
5020 385
5022 393
5011 349
4927 344
4926 340
4841 336
4840 332
5015 365
4931 360
4930 356
4845 352
4758 348
4669 343
4583 339
4496 335
4407 331
5051 265
5050 265
5052 265
5055 267
4971 263
4886 258
5041 469
5043 477
5042 473
5044 481
5047 265
5033 437
5032 433
5027 413
4943 408
5026 409
5031 429
5030 425
5065 275.968
5066 271.968
5064 279.968
5057 269
5056 268
5059 274
4975 270
4890 265
5061 282
5060 278
5063 283.968
5062 286
5113 433
5112 429
5101 385
5100 381
5018 377
4934 372
5102 389
5093 353
5094 357
5145 283.968
5144 287.968
5137 271
5136 270
5054 266
4970 262
5139 273
5138 272
5141 278
5140 274
5058 270
5143 286
5142 282
5129 269
5128 269
5131 269
5133 269
5132 269
5123 473
5125 481
5124 477
5126 485
5176 369
5096 365
5014 361
5175 365
5174 361
5173 357
5172 353
5171 349
5091 345
5009 341
4925 336
4924 332
5208 273
5211 273
5213 273
5134 269
5212 273
5205 485
5204 481
5207 273
5193 437
5192 433
5194 441
5114 437
5224 287.968
5217 276
5216 275
5219 278
5218 277
5221 283
5220 279
5223 291
5222 287
5275 438
5274 434
5191 429
5111 425
5110 421
5028 417
5276 442
5305 280
5304 279
5307 282
5306 281
5309 287
5308 283
5311 291.968
5310 291
5301 277
5303 278
5215 274
5295 277
5294 277
5287 486
5361 434
5360 430
5272 426
5189 421
5188 417
5187 413
5107 409
5025 405
5401 291
5400 287
5402 295
5393 281
5392 281
5300 277
5395 282
5397 284
5396 283
5399 286
5398 285
5386 281
5465 486
5373 482
5285 478
5489 289
5488 288
5491 291
5490 290
5493 295.968
5494 291.968
5404 287.968
5313 283.968
5226 279.968
5147 275.968
5492 295
5483 285
5485 285
5487 287
5486 286
5472 292
5567 289
5482 285
5391 281
5299 277
5566 289
5481 285
5554 308
5469 304
5470 300
5585 292.968
5662 288.968
5500 280.968
5409 276.968
5317 272.968
5577 296
5576 295
5579 295.968
5580 292.968
5581 288.968
5496 284.968
5406 280.968
5315 276.968
5228 272.968
5149 268.968
5068 264.968
5568 289
5571 290
5570 289
5573 292
5572 291
5575 294
5574 293
5626 487
5549 482
5463 478
5371 474
5370 470
5369 466
5281 462
5198 457
5118 453
5036 449
4952 444
4867 440
4780 436
4691 431
4605 427
4604 423
4517 419
4428 415
5657 292.968
5656 296.968
5659 288.968
5583 284.968
5498 280.968
5408 276.968
5660 288.968
5649 295
5648 294
5651 297
5650 296
5652 298
5655 299.968
5643 293
5644 293
5647 293
5646 293
5695 447
5615 443
5538 438
5452 434
5725 297
5727 297
5726 297
5736 296.968
5739 292.968
5738 292.968
5740 292.968
5661 288.968
5584 284.968
5499 280.968
5729 299
5728 298
5730 300
5733 303
5653 299
5735 300.968
5734 303.968
5809 307.968
5808 307
5732 302
5811 300.968
5810 304.968
5813 296.968
5815 296.968
5814 296.968
5801 301
5800 301
5803 302
5802 301
5805 304
5804 303
5806 305
5881 309
5880 308
5883 311
5882 310
5807 306
5731 301
5885 304.968
5884 308.968
5872 305
5798 301
5723 297
5875 305
5874 305
5877 305
5876 305
5879 307
5878 306
5864 305
5790 301
5715 297
5889 300.968
5888 300.968
5947 309
5949 309
5951 309
5950 309
5939 309
5960 304.968
5962 304.968
5953 311
5952 310
5955 313
5954 312
5957 312.968
5958 308.968
5956 314
6001 605.956
6082 600.956
6083 596.956
6084 592.956
6160 588.956
6161 584.956
6236 580.956
6311 575.956
6312 571.956
6000 492
5999 488
5998 484
5925 480
5851 476
5776 471
5700 467
5620 463
5543 458
5457 454
5365 450
5277 446
6003 597.956
6002 601.956
6004 593.956
6085 588.956
6040 308.968
6033 314
6032 313
6035 316
6034 315
6037 316.968
6036 317
6038 312.968
6027 313
6029 313
6031 313
6030 313
6109 317
6111 317
6110 317
6081 604.956
6120 312.968
6122 312.968
6042 308.968
6113 318
6112 317
6115 320
6114 319
6117 320.968
6116 321
6118 316.968
6162 580.956
6237 576.956
6155 493
6079 488
6157 600.956
6158 596.956
6233 592.956
6308 587.956
6309 583.956
6310 579.956
6156 604.956
6231 600.956
6306 595.956
6307 591.956
6159 592.956
6193 324
6192 323
6195 320.968
6196 316.968
6194 324.968
6187 321
6186 321
6189 321
6188 321
6191 322
6190 321
6232 596.956
6235 584.956
6234 588.956
6230 493
6154 489
6078 484
6077 480
6076 476
5995 472
5922 468
5848 464
5773 459
5697 455
5617 451
5540 446
5539 442
5453 438
6265 325
6264 325
6267 327
6266 326
6269 324.968
6268 328
6270 320.968
6261 325
6263 325
6262 325
6318 352
6305 599.956
6345 332
6344 331
6347 324.968
6346 328.968
6351 324.968
6274 320.968
6199 316.968
6339 329
6338 329
6341 329
6340 329
6343 330
6342 329
6393 552.956
6394 548.956
6392 556.956
6385 584.956
6386 580.956
6387 576.956
6388 572.956
6389 568.956
6390 564.956
6391 560.956
6384 588.956
6381 600.956
6382 596.956
6383 592.956
6380 494
6303 489
6228 485
6227 481
6151 477
6075 472
5994 468
5921 464
5847 460
5772 455
5696 451
5616 447
6425 328.968
6424 332.968
6417 333
6416 333
6418 333
6421 333
6420 333
6423 335
6422 334
6411 333
6333 329
6256 325
6182 321
6104 317
6024 313
5945 309
5871 305
5796 301
5721 297
5642 293
6412 333
6415 333
6336 329
6259 325
6184 321
6106 317
6026 313
6401 336
6323 332
6246 328
6172 324
6095 320
6015 316
5936 312
6459 597.956
6540 593.956
6620 588.956
6698 584.956
6699 580.956
6700 576.956
6701 572.956
6777 568.956
6850 563.956
6922 559.956
6923 555.956
6924 551.956
7000 547.956
7071 542.956
7140 538.956
7141 534.956
7142 530.956
7143 526.956
7208 522.956
7275 518.956
7343 513.956
7344 509.956
7345 505.956
7346 501.956
7347 497.956
7416 493.956
6458 601.956
6539 597.956
6619 592.956
6461 589.956
6462 585.956
6463 581.956
6544 577.956
6624 572.956
6702 568.956
6703 564.956
6779 560.956
6852 555.956
6460 593.956
6483 340
6473 541.956
6554 537.956
6634 532.956
6635 528.956
6636 524.956
6472 545.956
6553 541.956
6633 536.956
6711 532.956
6787 528.956
6860 523.956
6861 519.956
6862 515.956
6934 511.956
6935 507.956
6477 528.956
6558 524.956
6638 519.956
6716 515.956
6792 511.956
6865 506.956
6937 502.956
7013 498.956
6478 527.956
6559 523.956
6639 518.956
6717 514.956
6793 510.956
6866 505.956
6938 501.956
6465 573.956
6466 569.956
6547 565.956
6627 560.956
6628 556.956
6629 552.956
6707 548.956
6783 544.956
6856 539.956
6928 535.956
6929 531.956
6930 527.956
6931 523.956
7007 519.956
7078 514.956
7079 510.956
7080 506.956
7081 502.956
7150 498.956
7215 494.956
7282 490.956
7350 485.956
7351 481.956
6464 577.956
6545 573.956
6625 568.956
6467 565.956
6468 561.956
6549 557.956
6469 557.956
6550 553.956
6630 548.956
6631 544.956
6632 540.956
6471 549.956
6470 553.956
6551 549.956
6505 338
6504 337
6507 332.968
6506 336.968
6497 337
6414 333
6335 329
6258 325
6499 337
6498 337
6500 337
6502 337
6419 333
6552 545.956
6555 533.956
6556 529.956
6546 569.956
6626 564.956
6548 561.956
6541 589.956
6621 584.956
6622 580.956
6623 576.956
6543 581.956
6542 585.956
6585 341
6584 341
6501 337
6587 341
6586 341
6589 336.968
6588 340.968
6591 336.968
6509 332.968
6579 341
6581 341
6580 341
6583 341
6582 341
6575 341
6560 522.956
6640 517.956
6718 513.956
6565 344
6618 596.956
6651 345
6572 341
6489 337
6406 333
6327 329
6250 325
6176 321
6099 317
6019 313
6644 348
6665 345
6664 345
6667 344.968
6666 345
6659 345
6658 345
6661 345
6660 345
6663 345
6662 345
6705 556.956
6781 552.956
6854 547.956
6855 543.956
6704 560.956
6780 556.956
6853 551.956
6706 552.956
6782 548.956
6709 540.956
6785 536.956
6858 531.956
6708 544.956
6784 540.956
6857 535.956
6710 536.956
6697 588.956
6696 592.956
6772 588.956
6845 583.956
6846 579.956
6847 575.956
6848 571.956
6920 567.956
6921 563.956
6695 596.956
6771 592.956
6844 587.956
6916 583.956
6992 579.956
7063 574.956
7132 570.956
7133 566.956
7198 562.956
7199 558.956
7200 554.956
7201 550.956
7268 546.956
7336 541.956
7337 537.956
7406 533.956
7407 529.956
7408 525.956
6745 348.968
6744 349
6746 344.968
6668 340.968
6737 349
6736 349
6739 349
6738 349
6741 349
6740 349
6743 349
6742 349
6733 349
6655 345
6576 341
6493 337
6410 333
6331 329
6254 325
6180 321
6103 317
6023 313
5943 309
5868 305
6735 349
6656 345
6577 341
6495 337
6776 572.956
6849 567.956
6778 564.956
6851 559.956
6770 499
6769 495
6693 491
6615 486
6535 482
6534 478
6452 474
6374 470
6297 465
6222 461
6146 457
6070 452
6069 448
6068 444
6067 440
6066 436
6065 432
5984 428
5911 424
5837 420
5762 415
5686 411
5606 407
5529 402
5528 398
5527 394
5526 390
5440 386
5348 382
5260 378
5177 373
5097 369
6773 584.956
6775 576.956
6774 580.956
6809 353
6734 349
6811 353
6810 353
6813 353
6812 353
6815 353
6814 353
6786 532.956
6859 527.956
6789 520.956
6788 524.956
6790 516.956
6863 511.956
6843 591.956
6915 587.956
6817 353
6816 353
6819 353
6818 353
6821 348.968
6822 348.968
6870 357
6799 353
6910 650.956
6889 357
6888 357
6890 357
6892 352.968
6881 357
6880 357
6883 357
6882 357
6885 357
6884 357
6887 357
6886 357
6941 361
6933 515.956
6932 519.956
6925 547.956
7001 543.956
7072 538.956
6927 539.956
6926 543.956
7002 539.956
7073 534.956
6914 591.956
6917 579.956
6993 575.956
7064 570.956
6919 571.956
6918 575.956
6994 571.956
7065 566.956
7066 562.956
7067 558.956
7068 554.956
7069 550.956
7138 546.956
7139 542.956
6953 361
6952 361
6954 361
6957 361
6956 361
6959 361
6958 361
6951 361
7005 527.956
7076 522.956
7145 518.956
7146 514.956
7147 510.956
7148 506.956
7213 502.956
7280 498.956
7348 493.956
7417 489.956
7418 485.956
7004 531.956
7075 526.956
7144 522.956
7006 523.956
7077 518.956
6995 567.956
6997 559.956
6996 563.956
6999 551.956
7070 546.956
6998 555.956
6985 615.956
7054 610.956
6984 619.956
7053 614.956
6987 607.956
7056 602.956
6986 611.956
7055 606.956
6989 591.956
7060 586.956
7129 582.956
7130 578.956
7131 574.956
7196 570.956
7263 566.956
7331 561.956
7332 557.956
7401 553.956
6988 603.956
7057 598.956
6991 583.956
7062 578.956
6990 587.956
7061 582.956
6977 647.956
7046 642.956
7115 638.956
7116 634.956
7117 630.956
7118 626.956
7119 622.956
6976 651.956
7045 646.956
7114 642.956
6979 639.956
7048 634.956
6978 643.956
7047 638.956
6981 631.956
7050 626.956
6980 635.956
7049 630.956
6983 623.956
7052 618.956
7033 365
7032 365
7034 365
7024 365
7027 365
7026 365
7029 365
7028 365
7031 365
7030 365
6955 361
7017 365
7018 365
6942 361
7009 511.956
7008 515.956
7011 503.956
7082 498.956
7010 507.956
7059 590.956
7128 586.956
7058 594.956
7044 650.956
7113 646.956
7097 369
7099 369
7098 369
7101 369
7100 369
7103 369
7102 369
7088 369
7095 369
7085 372
7015 368
6939 364
6868 360
6797 356
6722 352
7087 369
7074 530.956
7135 558.956
7134 562.956
7127 590.956
7192 586.956
7259 582.956
7327 577.956
7112 650.956
7105 369
7104 369
7162 382
7161 378
7160 374
7164 373
7166 373
7157 373
7156 373
7158 373
7149 502.956
7151 494.956
7137 550.956
7202 546.956
7269 542.956
7136 554.956
7193 582.956
7260 578.956
7328 573.956
7195 574.956
7194 578.956
7261 574.956
7329 569.956
7330 565.956
7399 561.956
7400 557.956
7197 566.956
7185 614.956
7252 610.956
7320 605.956
7321 601.956
7322 597.956
7391 593.956
7457 589.956
7458 585.956
7459 581.956
7460 577.956
7461 573.956
7462 569.956
7184 618.956
7251 614.956
7319 609.956
7388 605.956
7454 601.956
7455 597.956
7456 593.956
7187 606.956
7188 602.956
7255 598.956
7323 593.956
7324 589.956
7393 585.956
7186 610.956
7253 606.956
7189 598.956
7256 594.956
7190 594.956
7257 590.956
7325 585.956
7177 646.956
7244 642.956
7312 637.956
7381 633.956
7382 629.956
7383 625.956
7384 621.956
7385 617.956
7386 613.956
7452 609.956
7453 605.956
7176 372.968
7106 368.968
7035 364.968
6961 360.968
6962 356.968
7179 638.956
7246 634.956
7314 629.956
7178 642.956
7245 638.956
7313 633.956
7181 630.956
7248 626.956
7316 621.956
7317 617.956
7318 613.956
7180 634.956
7247 630.956
7315 625.956
7183 622.956
7250 618.956
7182 626.956
7249 622.956
7169 373
7168 373
7171 373
7170 373
7173 373
7175 373
7174 373
7224 377
7227 382
7226 378
7228 381
7231 377
7230 377
7216 490.956
7219 380
7154 376
7221 377
7223 377
7222 377
7209 518.956
7276 514.956
7211 510.956
7278 506.956
7210 514.956
7277 510.956
7212 506.956
7279 502.956
7214 498.956
7281 494.956
7349 489.956
7203 542.956
7204 538.956
7205 534.956
7272 530.956
7340 525.956
7341 521.956
7410 517.956
7411 513.956
7207 526.956
7274 522.956
7342 517.956
7206 530.956
7273 526.956
7262 570.956
7241 377
7240 377
7243 646.956
7311 641.956
7242 376.968
7233 377
7235 377
7237 377
7236 377
7238 377
7289 381
7288 381
7290 381
7293 382
7292 381
7294 385
7283 486.956
7287 381
7265 558.956
7333 553.956
7334 549.956
7335 545.956
7404 541.956
7264 562.956
7267 550.956
7266 554.956
7271 534.956
7339 529.956
7270 538.956
7338 533.956
7305 381
7304 381
7307 381
7306 381
7310 645.956
7379 641.956
7380 637.956
7446 633.956
7447 629.956
7448 625.956
7449 621.956
7450 617.956
7451 613.956
7297 381
7296 381
7301 381
7303 381
7302 381
7353 477
7555 465
7357 385
7356 385
7359 385
7358 385
7376 385
7371 385
7370 385
7373 385
7372 385
7361 385
7363 387
7362 386
7365 385
7366 385
7419 481.956
7420 477.956
7422 391
7409 521.956
7413 505.956
7412 509.956
7415 497.956
7414 501.956
7403 545.956
7402 549.956
7405 537.956
7394 581.956
7398 565.956
7441 389
7440 389
7442 389
7432 389
7434 389
7436 389
7439 389
7425 389
7427 389
7426 389
7429 389
7431 390
7430 389
7513 633
7514 629
7515 625
7516 621
7517 617
7518 613
7519 609
7520 605
7521 601
7522 597
7523 593
7524 589
7525 585
7526 581
7527 577
7528 573
7529 569
7530 565
7531 561
7532 557
7533 553
7534 549
7535 545
7536 541
7537 537
7538 533
7539 529
7540 525
7541 521
7542 517
7543 513
7544 509
7545 505
7546 501
7547 497
7548 493
7549 489
7550 485
7551 481
7552 477
7553 473
7554 469
7504 393
7507 393
7506 393
7509 393
7497 393
7496 393
7498 393
7502 393
7490 393
7493 393
7492 393
7494 393
7579 397
7508 393
7580 397
7582 642
7655 638
7728 634
7802 629
7803 625
7804 621
7805 617
7806 613
7569 397
7568 397
7573 397
7575 397
7561 397
7563 397
7565 397
7564 397
7567 397
7559 399
7488 395
7609 534
7682 530
7683 526
7684 522
7685 518
7686 514
7687 510
7688 506
7689 502
7762 498
7836 493
7608 538
7681 534
7611 526
7610 530
7613 518
7612 522
7615 510
7614 514
7603 558
7676 554
7677 550
7678 546
7679 542
7680 538
7605 550
7604 554
7607 542
7606 546
7592 602
7593 598
7594 594
7667 590
7668 586
7669 582
7670 578
7671 574
7744 570
7818 565
7641 401
7643 401
7642 401
7645 401
7571 397
7500 393
7647 401
7635 401
7634 401
7637 401
7639 401
7638 401
7625 470
7698 466
7771 462
7845 457
7624 474
7627 462
7628 458
7629 454
7702 450
7775 446
7849 441
7626 466
7699 462
7772 458
7846 453
7847 449
7630 450
7617 502
7618 498
7619 494
7692 490
7693 486
7766 482
7840 477
7841 473
7616 506
7621 486
7622 482
7623 478
7620 490
7654 401.123
10081 397.087
7707 405
7709 405
7711 405
7710 405
7697 470
7696 474
7769 470
7843 465
7701 454
7700 458
7773 454
7703 446
7691 494
7690 498
7695 478
7694 482
7720 405
7715 405
7714 405
7717 405
7718 405
7768 474
7842 469
7770 466
7844 461
7774 450
7848 445
7761 502
7835 497
7760 506
7834 501
7763 494
7837 489
7838 485
7765 486
7839 481
7764 490
7767 478
7753 534
7827 529
7828 525
7829 521
7752 538
7826 533
7755 526
7754 530
7757 518
7831 513
7756 522
7830 517
7759 510
7833 505
7758 514
7832 509
7751 542
7825 537
7792 409
7784 409
7786 409
7788 409
7791 409
7790 409
7776 442
7850 437
7778 434
7780 409
7783 409
7865 413
7864 413
7871 413
7798 409
7724 405
7652 401
7857 413
7856 413
7859 413
7861 413
7863 413
7853 413
7929 417
7930 417
7932 417
7935 417
7937 417
7938 417
7942 417
7868 413
7795 409
7993 437
7994 433
7995 429
7985 469
7984 473
7986 465
7989 453
7977 501
7979 493
7980 489
7981 485
7978 497
7983 477
7982 481
7971 525
7972 521
7973 517
7974 513
7975 509
8008 421
8013 422.51
7943 418.51
10089 414.861
8000 421
8003 421
8006 421
8035 521
8036 517
8039 505
8072 425
8074 425
