 key  value
8122 177.956
8062 172.956
8061 168.956
7998 164.956
7997 160.956
7996 156.956
7925 152.956
7852 148.956
7778 143.956
7777 139.956
7704 135.956
7631 131.956
7558 124.956
7557 120.956
7556 116.956
9982 111.941
7487 108
7486 104
7485 100
7484 96
7418 92
7349 88
7281 83
7280 79
7279 75
7278 71
7277 67
7276 63
7209 59
7144 55
7143 51
7074 47
7003 42
6927 38
6926 34
6854 30
6781 25
6780 21
6779 17
6778 13
6702 9
6624 5
8125 189.956
8065 184.956
8002 180.956
7931 176.956
7930 172.956
7929 168.956
7928 164.956
7927 160.956
7926 156.956
8124 185.956
8064 180.956
8001 176.956
8000 172.956
7999 168.956
8127 197.956
8067 192.956
8066 188.956
8126 193.956
8113 143
8053 138
8052 134
7989 130
7918 126
7917 122
7916 118
7843 114
7769 109
7768 105
7767 101
7766 97
7765 93
7764 89
7763 85
7690 81
7689 77
7616 73
7544 69
7476 64
7410 60
7409 56
7408 52
7339 48
7271 43
7204 39
7139 35
7070 31
6999 26
6923 22
6851 18
8112 139
8115 150.956
8055 145.956
7992 141.956
7921 137.956
7848 133.956
7774 128.956
7701 124.956
7628 120.956
8114 147
8054 142
7991 138
7920 134
7919 130
7846 126
7772 121
7699 117
7698 113
7625 109
7553 105
8117 158.956
8057 153.956
7994 149.956
7993 145.956
7922 141.956
7849 137.956
7775 132.956
8116 154.956
8056 149.956
8119 165.956
8059 160.956
8118 161.956
8058 156.956
7995 152.956
7924 148.956
7851 144.956
8105 111
8045 106
8044 102
7981 98
7980 94
7979 90
7978 86
7907 82
7834 78
7760 73
7687 69
7614 65
7542 61
7474 56
8104 107
8107 119
8047 114
7984 110
7983 106
7912 102
7911 98
7838 94
8106 115
8046 110
8109 127
8049 122
7986 118
7985 114
8108 123
8048 118
8111 135
8051 130
7988 126
7987 122
8110 131
8050 126
8097 91
8037 86
7974 82
7903 78
7830 74
7756 69
7683 65
7610 61
7538 57
7470 52
7404 48
7335 44
7268 40
7201 36
7136 32
7067 28
6997 24
6921 20
6849 16
6777 12
6701 8
6623 4
8096 90
8036 85
7973 81
7902 77
7829 73
7755 68
7682 64
7609 60
7537 56
8099 93
8039 88
7976 84
7905 80
7832 76
7758 71
7685 67
7612 63
7540 59
7472 54
7406 50
7337 46
7269 41
7202 37
7137 33
7068 29
8098 92
8038 87
7975 83
7904 79
7831 75
7757 70
7684 66
7611 62
7539 58
7471 53
7405 49
7336 45
8101 95
8041 90
8100 94
8040 89
7977 85
7906 81
7833 77
7759 72
7686 68
7613 64
7541 60
7473 55
7407 51
7338 47
7270 42
7203 38
7138 34
7069 30
6998 25
6922 21
6850 17
8103 103
8043 98
8102 99
8042 94
8155 95
8157 97
8156 96
8159 99
8158 98
8136 96
8137 92
8080 88
8021 84
7959 80
7889 76
7816 72
7743 68
7671 64
7599 60
7528 56
7461 52
7396 48
7328 44
7261 40
7195 36
7131 32
7063 28
6993 24
6918 20
6847 16
6775 12
6700 8
8128 201.956
8068 196.956
8185 201.956
8184 197.956
8183 193.956
8182 189.956
8181 185.956
8123 181.956
8063 176.956
8177 169.956
8176 165.956
8179 177.956
8178 173.956
8180 181.956
8169 139
8168 135
8167 131
8166 127
8165 123
8164 119
8163 115
8171 147
8170 143
8173 154.956
8172 151
8175 162.956
8174 158.956
8161 107
8160 103
8162 111
8217 103
8216 102
8219 111
8218 107
8221 119
8220 115
8223 127
8222 123
8215 101
8214 100
8241 197.956
8240 193.956
8239 189.956
8238 185.956
8237 181.956
8242 201.956
8233 166.956
8232 162.956
8231 158.956
8235 173.956
8234 169.956
8236 177.956
8225 135
8224 131
8227 143
8226 139
8229 151
8228 147
8230 155
8281 148
8280 144
8283 156
8282 152
8285 163.956
8284 160
8287 171.956
8286 167.956
8273 116
8272 112
8275 124
8274 120
8277 132
8276 128
8279 140
8278 136
91 581.956
112 577.956
126 573.956
143 569.956
172 565.956
209 561.956
254 557.956
304 553.956
359 549.956
419 543.956
482 539.956
552 535.956
551 531.956
622 527.956
692 523.956
771 519.956
857 515.956
940 508.956
939 504.956
938 500.956
1012 496.956
1081 492.956
1153 488.956
1235 484.956
1318 480.956
1404 476.956
1498 472.956
1685 464.956
1780 460.956
1867 456.956
1951 452.956
2040 448.956
2132 444.956
2222 440.956
2309 436.956
2397 432.956
2483 428.956
2567 424.956
2654 420.956
2742 416.956
2830 412.956
2927 408.956
3029 404.956
3121 400.956
3215 396.956
3310 392.956
3405 388.956
3490 384.956
3570 380.956
3656 376.956
3738 372.956
3824 368.956
3913 364.956
4001 360.956
4090 356.956
4180 352.956
4272 348.956
4362 344.956
4450 340.956
4538 336.956
4624 332.956
4706 328.956
4794 324.956
4880 320.956
4964 316.956
5047 312.956
5128 308.956
5207 304.956
5294 300.956
5386 296.956
5476 292.956
5561 288.956
5637 284.956
5716 280.956
5791 276.956
5866 272.956
5940 268.956
6019 264.956
6099 260.956
6176 256.956
6250 252.956
6327 248.956
6405 244.956
6487 240.956
6569 236.956
6648 232.956
6726 228.956
6801 224.956
6872 220.956
6943 216.956
7019 212.956
7089 208.956
7158 204.956
7223 200.956
7289 196.956
7358 192.956
7426 188.956
7492 184.956
7563 180.956
7636 176.956
7708 172.956
7781 168.956
7854 164.956
8269 106
93 581.956
113 577.956
127 573.956
144 569.956
8268 105
92 581.956
8271 108
8270 107
8319 110
8318 109
8298 214.956
8244 209.956
8243 205.956
125 573.956
142 569.956
170 565.956
208 561.956
253 557.956
8289 178.956
8288 174.956
8291 186.956
115 584.956
129 580.956
146 576.956
174 572.956
211 568.956
256 564.956
306 560.956
361 556.956
422 552.956
485 548.956
555 544.956
626 540.956
696 536.956
774 529.956
859 523.956
858 519.956
8290 182.956
114 581.956
128 577.956
145 573.956
173 569.956
210 565.956
255 561.956
8293 194.956
8292 190.956
8294 198.956
8344 202.956
8343 198.956
8342 194.956
8341 190.956
8349 222.956
8348 218.956
8347 214.956
8346 210.956
8345 206.956
110 577.956
124 573.956
8337 175.956
8336 171.956
8339 182.956
8338 178.956
8340 186.956
8329 144
8328 140
8331 152
8330 148
8333 160
8332 156
8335 167.956
8334 164
8321 112
8320 111
8323 120
8322 116
147 580.956
8325 128
149 587.956
177 583.956
176 579.956
213 575.956
258 571.956
308 567.956
363 563.956
424 559.956
487 555.956
557 551.956
628 547.956
697 540.956
8324 124
148 583.956
8327 136
8326 132
150 591.956
8377 144
8376 140
8375 136
8374 132
8373 128
8372 124
8371 120
8379 152
8378 148
8381 160
8380 156
8383 168
8382 164
8369 115
8368 114
131 587.956
8370 116
130 584.956
133 595.956
132 591.956
179 591.956
178 587.956
181 599.956
180 595.956
175 576.956
212 572.956
8393 206.956
217 591.956
216 587.956
215 583.956
260 579.956
310 575.956
309 571.956
219 599.956
264 595.956
314 591.956
313 587.956
312 583.956
311 579.956
218 595.956
8385 175.956
8384 171.956
8387 182.956
8386 179.956
8389 190.956
8388 186.956
8391 198.956
8390 194.956
214 579.956
259 575.956
8441 202.956
8440 198.956
8433 172
8432 168
8435 179.956
8434 175.956
8437 186.956
8436 183.956
8439 194.956
8438 190.956
8425 140
8424 136
8423 132
8427 148
8426 144
8429 156
8428 152
8431 164
8430 160
8419 119
8418 118
8421 124
8420 120
8422 128
8473 145
8472 141
8475 153
8474 149
8477 161
8476 157
8479 169
8478 165
8467 124
8466 123
8469 129
8468 125
8471 137
8470 133
266 603.956
265 599.956
257 568.956
307 564.956
8499 120
8452 116
8405 112
8356 108
8308 104
8258 100
8205 96
8147 92
8089 88
8030 84
7967 80
7897 76
7824 72
7751 68
7678 64
7606 60
7534 56
7467 52
7402 48
7334 44
7267 40
7200 36
7135 32
7066 28
6996 24
6920 20
261 583.956
8500 120
8454 116
8407 112
8357 108
263 591.956
262 587.956
315 595.956
317 603.083
372 599.083
433 595.083
497 591.083
568 587.083
639 583.083
709 579.083
786 575.083
870 571.083
947 567.083
1018 563.083
1087 559.083
1159 555.083
1242 551.083
1325 547.083
1415 543.083
1414 539.083
1605 521.851
1604 517.851
1700 513.956
1793 506.956
1792 502.956
1791 498.956
1790 494.956
1876 490.956
1960 486.956
1959 482.956
1958 478.956
1957 474.956
1956 470.956
2045 466.956
2044 462.956
2135 455.956
2312 447.956
2399 440.956
2398 436.956
316 599.956
371 595.956
432 591.956
495 587.956
565 583.956
564 579.956
563 575.956
634 571.956
633 567.956
632 563.956
631 559.956
630 555.956
629 551.956
319 603.083
375 599.083
436 595.083
500 591.083
570 587.083
641 583.083
710 579.083
318 603.083
374 599.083
435 595.083
498 591.083
8481 177
305 557.956
8480 173
8483 184.956
8482 180.956
8485 191.956
8484 188.956
8487 199.956
8486 195.956
299 536.956
355 532.956
415 528.956
477 524.956
546 520.956
617 516.956
688 512.956
768 508.956
854 504.956
8529 184.956
8528 181
8531 192.956
8530 188.956
8533 199.956
8532 195.956
8521 153
8520 149
8519 145
8523 161
8522 157
8525 169
8524 165
8527 177
8526 173
8515 129
8514 128
8517 137
8516 133
8518 141
8569 169
8568 165
8567 161
8566 157
8565 153
8564 149
8563 145
8562 141
8561 137
8571 177
8570 173
8573 185
8572 181
8575 192.956
8574 188.956
8560 133
369 587.956
430 583.956
429 579.956
428 575.956
427 571.956
490 567.956
560 563.956
368 583.956
370 591.956
431 587.956
373 599.083
434 595.083
360 553.956
421 549.956
484 545.956
554 541.956
625 537.956
695 533.956
362 560.956
423 556.956
8605 142
365 571.956
426 567.956
489 563.956
488 559.956
558 555.956
8604 138
364 567.956
425 563.956
8607 150
367 579.956
366 575.956
8606 146
353 532.956
413 528.956
474 524.956
543 520.956
614 516.956
685 512.956
765 508.956
851 504.956
935 500.956
1010 496.956
1234 484.956
1317 480.956
8589 128
8546 124
8502 120
8456 116
8409 112
8360 108
8312 104
8262 100
8209 96
8151 92
8093 88
8034 84
7971 80
7901 76
7828 72
8588 128
8545 124
8501 120
412 528.956
8590 128
8547 124
414 528.956
476 524.956
545 520.956
616 516.956
687 512.956
767 508.956
853 504.956
937 500.956
8576 196.956
8632 132
8631 132
8630 132
8617 190
8616 186
8619 197.956
8618 193.956
8609 158
8608 154
8611 166
8610 162
8613 174
8612 170
8615 182
8614 178
8671 136
8670 136
8657 186
8656 182
416 528.956
478 524.956
547 520.956
618 516.956
8659 194
8658 190
8661 201.956
8660 197.956
420 547.956
483 543.956
8649 154
8648 150
8647 146
473 525.956
541 521.956
612 517.956
683 513.956
762 509.956
849 505.956
933 501.956
1008 497.956
1078 493.956
1150 488.956
1316 480.956
1496 472.956
1590 468.956
1683 464.956
1864 456.956
2129 444.956
2220 440.956
2307 436.956
2396 432.956
8651 162
8650 158
475 524.956
8653 170
8652 166
8655 178
8654 174
469 525.956
538 521.956
609 517.956
680 513.956
760 509.956
847 505.956
932 501.956
471 525.956
540 521.956
611 517.956
681 513.956
8646 142
8697 190
8696 186
8699 198
8698 194
8701 205.956
8700 201.956
8689 158
8688 154
8687 150
8686 146
8691 166
8690 162
8693 174
8692 170
8695 182
8694 178
8672 136
496 591.083
567 587.083
638 583.083
707 579.083
783 575.083
867 571.083
944 567.083
1015 563.083
1085 559.083
1157 555.083
1241 551.083
499 591.083
8729 166
8728 162
8731 174
8730 170
491 571.956
8733 182
8732 178
492 575.956
8735 190
8734 186
8726 154
8725 150
486 552.956
537 522.956
539 521.956
610 517.956
542 521.956
8711 140
8673 136
8634 132
8592 128
8549 124
8505 120
8458 116
8411 112
8362 108
8313 104
8263 100
8210 96
8152 92
8094 88
8035 84
7972 80
8710 140
8763 159
8765 167
8764 163
8727 158
8767 175
8766 171
8747 144
8746 144
8748 144
8712 140
8737 198
8736 194
8739 205.956
8738 202
566 587.083
637 583.083
706 579.083
553 539.956
624 535.956
623 531.956
693 527.956
556 548.956
627 544.956
544 520.956
615 516.956
686 512.956
766 508.956
852 504.956
8787 148
8786 148
8788 148
8749 144
8713 140
8675 136
8635 132
8594 128
8551 124
8506 120
8459 116
8412 112
8776 210.956
605 530.956
676 526.956
677 522.956
678 518.956
679 514.956
759 510.956
8780 226.952
8779 222.956
8778 218.956
8741 213.956
8740 209.956
607 522.956
606 526.956
8769 183
8768 179
8771 191
8770 187
8773 199
8772 195
8775 207
8774 203
8827 152
8816 214.956
8809 187
8808 183
8807 179
8806 175
8805 171
8804 167
8811 195
8810 191
8813 203
8812 199
636 579.956
635 575.956
8815 211
8814 207
8801 158
8761 154
8724 149
8685 145
8645 141
8603 137
8559 132
8800 157
8760 153
8723 148
8684 144
8644 140
8602 136
8558 131
8513 127
8803 163
619 516.956
689 512.956
621 524.956
620 520.956
690 516.956
8849 191
8848 187
608 518.956
8851 199
8850 195
8853 207
8852 203
613 517.956
684 513.956
764 509.956
8854 211
8841 162
8843 167
8842 163
8802 159
8762 155
8845 175
8844 171
8847 183
8846 179
8890 216
8881 180
8880 176
8883 188
8882 184
642 587.083
711 583.083
787 579.083
8885 196
8884 192
8887 204
8886 200
8877 167
8879 172
8878 168
691 520.956
694 531.956
773 527.956
8920 200
682 513.956
8913 172
8912 171
8915 180
8914 176
675 530.956
755 526.956
843 521.956
844 517.956
845 513.956
930 509.956
931 505.956
1007 501.956
8917 188
8916 184
8919 196
8918 192
8911 170
8876 166
8840 161
8910 169
8875 165
8839 160
8799 156
8759 152
8722 147
8683 143
8643 139
8601 135
8557 130
8512 126
8465 122
8417 117
8367 113
8953 200
8952 196
8951 192
712 587.083
8945 174
8944 173
8947 176
8946 175
8949 184
8948 180
708 579.083
785 575.083
869 571.083
8950 188
761 509.956
848 505.956
763 513.956
850 509.956
753 529.489
840 525.489
925 521.489
1003 517.489
1073 513.489
1142 509.489
1223 502.489
1306 495.489
1393 489.489
1487 485.489
1584 481.489
1677 477.489
1773 473.489
1862 469.489
1946 465.489
2035 461.489
2127 457.489
2218 453.489
2305 449.489
2392 445.489
2478 438.551
2734 421.956
2820 416.956
2913 412.956
3015 408.956
3108 404.956
3203 399.956
3300 395.956
3395 391.956
3482 386.956
3564 382.956
3649 378.956
3732 373.956
3820 369.956
3907 365.956
3996 361.956
4086 356.956
4176 352.956
4269 348.956
4359 344.956
4448 340.956
4536 336.956
4622 332.956
4704 328.956
4792 324.956
4962 316.956
5045 312.956
5127 308.956
5206 304.956
754 529.489
841 525.489
926 521.489
757 518.956
756 522.956
758 514.956
846 509.956
8985 200
8984 196
8977 177
8976 176
8943 172
8909 168
8874 164
8838 159
8798 155
8758 151
8721 146
8682 142
8642 138
8600 134
8556 129
8511 125
8464 121
8416 116
8366 112
8317 108
8267 104
8213 99
8979 179
8978 178
8981 184
8980 180
8983 192
8982 188
8975 175
8942 171
8908 167
8873 163
8837 158
8797 154
8757 150
8720 145
8681 141
8641 137
8599 133
8555 128
8510 124
8463 120
8415 115
8365 111
8316 107
8266 103
8212 98
8154 94
8974 174
8941 170
8907 166
8872 162
8836 157
8796 153
8756 149
8719 144
8680 140
8640 136
8598 132
8554 127
8509 123
8462 119
8414 114
8364 110
8315 106
8265 102
8211 97
8153 93
8095 89
784 575.083
868 571.083
946 567.083
789 587.083
788 583.083
790 591.083
874 587.083
951 583.083
1022 579.083
1091 575.083
1163 571.083
1246 567.083
1245 563.083
1328 559.083
1418 555.083
1417 551.083
1416 547.083
9017 205
9016 201
9009 182
769 512.956
9008 181
9011 184
9010 183
770 516.956
856 512.956
855 508.956
9013 189
9012 185
9015 197
9014 193
9005 178
8973 173
8940 169
8906 165
8871 161
8835 156
8795 152
8755 148
8718 143
8679 139
8639 135
8597 131
8553 126
8508 122
8461 118
8413 113
8363 109
8314 105
8264 101
9007 180
8997 172
8966 168
8934 164
8900 160
8866 156
8831 152
8791 148
8751 144
8715 140
8676 136
8636 132
8998 172
8967 168
9041 187
9040 186
9043 189
9042 188
9045 197
9044 193
9047 205
9046 201
9037 183
9006 179
9036 182
9039 185
9038 184
9029 176
8999 172
8968 168
8935 164
8901 160
9028 176
842 525.489
9073 197
9072 193
9075 205
9074 201
835 545.489
836 541.489
921 537.489
922 533.489
923 529.489
924 525.489
837 537.489
839 529.489
838 533.489
9065 186
9064 185
9035 181
9004 177
8972 172
8939 168
8905 164
8870 160
8834 155
8794 151
8754 147
8717 142
8678 138
8638 134
8596 130
8552 125
8507 121
8460 117
9067 188
9066 187
9069 190
9068 189
9071 192
9070 191
9059 180
9030 176
9058 180
9063 184
9034 180
9003 176
8971 171
8938 167
8904 163
8869 159
8833 154
8793 150
8753 146
8716 141
8677 137
8637 133
8595 129
9113 188
9087 184
873 583.083
950 579.083
949 575.083
948 571.083
872 579.083
875 589.924
952 585.924
1023 581.924
1092 577.924
1164 573.924
1247 569.924
1330 565.924
1420 561.924
1517 557.924
1611 553.924
1708 549.924
1798 545.924
1881 541.924
1969 537.924
2059 533.924
2149 529.924
2235 525.924
2322 521.924
2407 517.924
2492 513.924
2577 509.924
2664 505.924
2752 501.924
2840 497.924
2940 493.924
3043 489.924
3133 485.924
3225 481.924
3319 477.924
3409 473.924
3497 469.924
3582 465.924
3665 461.924
3750 457.924
3839 453.924
3928 449.924
4016 445.924
4105 441.924
4196 437.924
4381 429.924
4470 425.924
4557 421.924
4643 417.924
9898 412.473
4729 407.956
4728 403.956
4727 399.956
4814 392.956
4899 388.956
4983 384.956
4982 380.956
4981 376.956
4980 372.956
4979 368.956
5062 364.956
5143 360.956
5142 356.956
5221 352.956
5220 348.956
5219 344.956
5218 340.956
5305 336.956
5396 332.956
5486 328.956
5485 324.956
5484 320.956
5569 316.956
5645 312.956
5644 308.956
5643 304.956
5722 300.956
5797 296.956
5796 292.956
5795 288.956
5794 284.956
5868 280.956
5942 276.956
6021 272.956
6020 268.956
6100 264.956
6177 260.956
9117 191
9090 186
9061 182
9032 178
9001 174
8969 169
8936 165
8902 161
8867 157
876 589.924
954 585.924
1026 581.924
1096 577.924
1168 573.924
1252 569.924
1336 565.924
1426 561.924
1522 557.924
1616 553.924
1713 549.924
1803 545.924
1885 541.924
1973 537.924
2063 533.924
2152 529.924
2237 525.924
2324 521.924
2409 517.924
2493 513.924
2578 509.924
9119 193
9092 188
9118 192
9091 187
9062 183
9033 179
9002 175
8970 170
8937 166
8903 162
8868 158
8832 153
8792 149
8752 145
9104 209
871 575.083
9097 193
9096 192
920 541.489
9099 195
9098 194
9101 197
9100 196
9103 205
927 521.956
928 517.956
929 513.956
9102 201
9093 189
9095 191
9094 190
9145 195
9144 194
9116 190
9089 185
9060 181
9031 177
9000 173
9147 197
9146 196
9149 199
9121 195
9148 198
9120 194
9151 201
9123 197
9150 200
9122 196
9141 192
9114 188
9088 184
9143 193
9115 189
9128 202
9130 210
9133 222
9106 217
9105 213
9076 209
945 567.083
1017 563.083
9125 199
9124 198
9127 201
9126 200
9177 205
9176 204
936 500.956
1011 496.956
9179 207
9153 203
9178 206
9152 202
9181 209
9155 205
9180 208
9154 204
9182 210
9156 206
9169 197
9171 199
9170 198
9173 201
9172 200
9175 203
9174 202
934 505.956
9201 209
9200 208
9203 211
9202 210
9205 213
9204 212
9206 214
9193 201
9168 196
9142 192
9195 203
1019 567.083
9197 205
1021 575.083
1090 571.083
1162 567.083
9196 204
9199 207
9198 206
1009 501.956
1014 564.083
1156 556.083
1240 552.083
1324 548.083
9241 212
9219 208
1001 540.489
1000 544.489
9243 214
9221 210
9242 213
9220 209
9245 216
9223 212
1005 520.956
1006 516.956
9244 215
9222 211
1004 521.489
9247 218
9225 214
9246 217
9224 213
9227 216
9226 215
9228 217
1037 629.924
1104 625.924
1180 621.924
1179 617.924
1262 613.924
1348 609.924
1438 605.924
1437 601.924
1436 597.924
1435 593.924
1531 589.924
1530 585.924
1529 581.924
1528 577.924
1621 573.924
1620 569.924
1717 565.924
1807 561.924
1889 557.924
1977 553.924
1976 549.924
1975 545.924
1974 541.924
2064 537.924
1027 581.924
1097 577.924
1169 573.924
1028 581.924
1098 577.924
1170 573.924
1254 569.924
1337 565.924
1427 561.924
1523 557.924
1080 492.956
1152 488.956
1084 560.083
9249 220
9248 219
1075 521.489
1144 517.489
1143 513.489
1074 517.489
1077 496.956
1148 492.956
1232 488.956
1233 484.956
1076 520.956
1099 577.924
1171 573.924
1102 589.924
1174 585.924
1173 581.924
1256 577.924
1255 573.924
1089 567.083
1161 563.083
1160 559.083
1088 563.083
1095 577.924
1167 573.924
1251 569.924
1334 565.924
1424 561.924
1521 557.924
1614 553.924
1711 549.924
1801 545.924
1883 541.924
1971 537.924
2061 533.924
2151 529.924
1145 504.956
1229 500.956
1230 496.956
1231 492.956
1146 500.956
1183 633.924
1182 629.924
1181 625.924
1172 577.924
1165 573.924
1248 569.924
1331 565.924
1421 561.924
1518 557.924
1612 553.924
1709 549.924
1800 545.924
1166 573.924
1249 569.924
1333 565.924
1423 561.924
1519 557.924
1158 555.083
1243 555.083
1326 551.083
9421 1475
9422 1377
9423 1279
9424 1181
9442 1006
9443 907
9461 772
9477 666
9494 559
9512 427
9531 320
9551 213
5928 33
6002 29
6083 24
6159 20
6234 16
6308 12
6385 8
6463 4
9420 1573
1244 559.083
1225 510.489
1224 506.489
1227 508.956
1228 504.956
1226 514.216
10048 510.543
1221 501.489
1220 497.489
1305 493.489
1392 489.489
1484 485.489
1582 481.489
1675 477.489
1772 473.489
9462 735.5
9939 645.086
9478 627.18
9942 538.301
9495 520
1222 505.489
1264 621.924
1350 617.924
1440 613.924
1536 609.924
1629 605.924
1726 601.924
1725 597.924
1724 593.924
1723 589.924
1722 585.924
1721 581.924
1811 577.924
1893 573.924
1892 569.924
1891 565.924
1890 561.924
1978 557.924
1269 641.924
1355 637.924
1445 633.924
1541 629.924
1540 625.924
1633 621.924
1730 617.924
1820 613.924
1819 609.924
1901 605.924
1900 601.924
1899 597.924
1987 593.924
1986 589.924
1985 585.924
1984 581.924
1983 577.924
1982 573.924
2072 569.924
2071 565.924
2160 561.924
2245 557.924
2332 553.924
2331 549.924
2330 545.924
2329 541.924
2414 537.924
2498 533.924
2497 529.924
2582 525.924
2668 521.924
2667 517.924
2755 513.924
2754 509.924
2842 505.924
2942 501.924
2941 497.924
1257 581.924
1259 601.924
1345 597.924
1250 569.924
9493 603
9511 470
9530 364
9550 258
9572 129
6001 30
6082 25
6158 21
6233 17
1253 569.924
1304 494.489
1307 499.489
1309 507.489
1308 503.489
1311 512.956
1312 508.956
1310 511.489
9529 463
9528 562
9532 316
9525 1500.2
9544 1398.2
9563 1305.2
9586 1203.2
9607 1101.2
9629 1009.2
9630 912.197
9631 815.197
9984 763.603
9609 684
9610 584
9611 484
9612 384
9613 284
9614 184
7112 105
6976 97
6977 93
6978 89
6979 85
6980 81
6981 77
6982 73
6983 69
6984 65
6985 61
6986 57
6987 53
6988 49
6695 28
6618 24
6619 20
6620 16
6541 12
6542 8
6543 4
9524 1595.2
9543 1493.2
9562 1400.2
9585 1299.2
9606 1198.2
9628 1106.2
9527 661
9513 423
1339 573.924
1429 569.924
1428 565.924
1338 569.924
1341 581.924
1431 577.924
1430 573.924
1340 577.924
1343 589.924
1433 585.924
1342 585.924
1432 581.924
1329 563.083
1419 559.083
9506 1696.2
9509 666
9510 568
1332 565.924
1422 561.924
1335 565.924
1425 561.924
9567 619
9568 521
9569 423
9570 325
9571 227
1327 555.083
9566 717
1319 480.956
1405 476.956
1500 472.956
1594 468.956
1687 464.956
1781 460.956
9547 557
9546 656
9549 358
9548 457
9593 144
6911 92
6912 88
6913 84
9592 243
9595 1024.92
9594 925.924
5374 851.924
5286 847.924
5203 842.924
5202 838.924
5201 834.924
5200 830.924
5120 826.924
5119 822.924
5118 818.924
5036 814.924
4952 809.924
4867 805.924
4780 801.924
4691 796.924
4690 792.924
4604 788.924
4517 784.924
4516 780.924
4427 776.924
4335 771.924
4334 767.924
4333 763.924
4241 759.924
4148 755.924
4058 750.924
3968 746.924
3879 742.924
3878 738.924
3790 734.924
3702 729.924
3701 725.924
3700 721.924
3699 717.924
3615 713.924
3529 709.924
3443 704.924
3442 700.924
3441 696.924
3440 692.924
3439 688.924
3438 684.924
3437 680.924
3436 676.924
3435 672.924
3434 668.924
3433 664.924
3432 660.924
3431 656.924
3430 652.924
3429 648.924
3428 644.924
3427 640.924
3426 636.924
3425 632.924
3424 628.924
3423 624.924
3422 620.924
3338 616.924
3337 612.924
3336 608.924
3335 604.924
3334 600.924
3333 596.924
3332 592.924
3331 588.924
3330 584.924
3329 580.924
3328 576.924
3327 572.924
3326 568.924
3325 564.924
3324 560.924
3323 556.924
3229 549.924
3138 544.924
3137 540.924
3045 536.924
2949 529.924
2948 525.924
2947 521.924
2946 517.924
2945 513.924
2944 509.924
2943 505.924
1352 625.924
1442 621.924
1441 617.924
1357 645.924
1447 641.924
1446 637.924
1359 653.924
1449 649.924
1545 645.924
1638 641.924
1735 637.924
1734 633.924
1733 629.924
1732 625.924
1731 621.924
1358 649.924
1448 645.924
1347 605.924
1346 601.924
9589 540
9590 441
9591 342
9588 639
1349 613.924
1439 609.924
1401 503.956
1314 499.956
1315 495.956
1400 507.956
1403 476.956
1497 472.956
1591 468.956
1778 460.956
1949 452.956
2038 448.956
2131 444.956
2221 440.956
2308 436.956
1402 499.956
1395 496.489
1489 492.489
1586 488.489
1679 484.489
1775 480.489
1863 473.489
1394 493.489
9573 392.956
4102 388.956
4194 384.956
4286 380.956
4376 376.956
4375 372.956
4374 368.956
4373 364.956
4372 360.956
4460 356.956
4547 352.956
4546 348.956
4631 344.956
4713 340.956
4712 336.956
4799 332.956
4798 328.956
4797 324.956
4882 320.956
4966 316.956
5049 312.956
5130 308.956
5209 304.956
5296 300.956
5387 296.956
5477 292.956
5562 288.956
5638 284.956
5717 280.956
5792 276.956
1397 504.489
1396 500.489
1399 511.956
9574 921.924
3561 837.924
3475 832.924
3474 828.924
3473 824.924
3472 820.924
3471 816.924
3470 812.924
3469 808.924
3468 804.924
3467 800.924
3466 796.924
3465 792.924
3464 788.924
3463 784.924
3462 780.924
3461 776.924
3460 772.924
3459 768.924
3458 764.924
3457 760.924
3456 756.924
3455 752.924
3454 748.924
3453 744.924
3452 740.924
3451 736.924
3450 732.924
3449 728.924
3448 724.924
3447 720.924
3446 716.924
3445 712.924
3444 708.924
1398 509.085
1492 505.085
1491 501.085
9901 497.475
1588 496.489
1587 492.489
1391 490.489
1483 486.489
1581 482.489
9617 1027.92
9616 928.924
7111 863.924
7110 859.924
7109 855.924
7108 851.924
7038 843.924
7037 839.924
6967 832.924
6966 828.924
6965 824.924
6964 820.924
6896 813.924
6828 808.924
6755 804.924
6754 800.924
6678 796.924
6600 791.924
6599 787.924
6519 783.924
6437 779.924
6359 775.924
6282 770.924
6207 766.924
6131 762.924
6055 757.924
5974 753.924
5973 749.924
5972 745.924
5899 741.924
5825 737.924
5750 732.924
5674 728.924
5594 724.924
5517 719.924
5431 715.924
5339 711.924
5251 707.924
5168 702.924
5167 698.924
5087 694.924
5005 690.924
4921 685.924
4836 681.924
4749 677.924
4660 672.924
4574 668.924
4487 664.924
4486 660.924
4397 656.924
4305 651.924
4213 647.924
4120 643.924
4030 638.924
3940 634.924
3939 630.924
3850 626.924
3849 622.924
3848 618.924
3847 614.924
3759 610.924
3671 605.924
3587 601.924
3501 597.924
3415 592.924
1434 589.924
9657 426
9636 323
9656 523
9635 420
9658 524
9661 1130.68
9638 1022.68
10125 1008.1
9660 1058.92
9637 950.924
9615 857.924
6824 798.924
6751 794.924
6675 790.924
6598 786.924
6518 782.924
6436 778.924
6358 774.924
9655 621
9634 517
9654 718
9633 614
9639 1043.92
9681 1166.92
9680 531
9682 1238.68
1499 472.956
1593 468.956
1686 464.956
9677 795.473
10128 696.061
9679 529
9678 626
1490 496.489
1493 513.085
1495 476.956
1494 513.956
9721 724
9700 620
9720 722
1482 494.489
1579 490.489
1580 486.489
1674 481.489
1485 485.489
1486 485.489
1533 597.924
1626 593.924
1532 593.924
1534 601.924
9699 717
9701 622
1525 565.924
1524 561.924
1617 557.924
1527 573.924
1526 569.924
1513 551.083
1512 547.083
1511 543.083
1515 558.924
1609 554.924
1707 549.924
1514 555.083
9742 902
9741 803
1553 677.924
1552 673.924
1551 669.924
1550 665.924
1549 661.924
1548 657.924
1547 653.924
1546 649.924
1639 645.924
1555 685.924
1648 681.924
1745 677.924
1744 673.924
1743 669.924
1742 665.924
1832 661.924
1914 657.924
2002 653.924
2092 649.924
2181 645.924
2266 641.924
2353 637.924
2438 633.924
2522 629.924
2607 625.924
2606 621.924
2692 617.924
2780 613.924
2868 609.924
2867 605.924
2967 601.924
2966 597.924
2965 593.924
2964 589.924
2963 585.924
2962 581.924
2961 577.924
2960 573.924
2959 569.924
2958 565.924
2957 561.924
2956 557.924
2955 553.924
2954 549.924
2953 545.924
2952 541.924
2951 537.924
2950 533.924
1554 681.924
1556 689.924
1649 685.924
1544 641.924
1637 637.924
1537 613.924
1538 617.924
1631 613.924
1630 609.924
9782 1130
9781 1033
9761 907
1543 637.924
1636 633.924
1542 633.924
1592 468.956
1585 485.489
9762 1007
1589 472.956
9819 1199
9799 1096
9779 995
9760 905
9818 1198
9821 1205
9801 1101
9780 997
9820 1202
9800 1098
9823 1920.15
9804 1823.15
9784 1726.15
9763 1613.69
9744 1516.69
9723 1419.69
10126 1325.95
9702 1240.92
1583 481.489
1676 477.489
9822 1241
9802 1137
1625 589.924
1624 585.924
1623 581.924
1622 577.924
1627 597.924
1628 601.924
1619 565.924
1716 561.924
1806 557.924
1805 553.924
1887 549.924
1886 545.924
1618 561.924
9798 1119
9778 1017
9759 927
9740 825
1608 558.636
1705 554.636
10049 550.894
1797 545.924
1880 541.924
1968 537.924
1610 553.924
1613 553.924
1710 549.924
9844 419.267
9833 402.204
10024 367.545
9830 327.455
9871 277.114
9829 220.428
9912 183.516
9828 152.197
9927 109.729
9827 70.857
9897 55.136
6005 28
6085 24
6161 20
6236 16
6310 12
6386 8
6464 4
1607 555.083
1606 551.083
1657 716.924
1754 712.924
1753 708.924
1752 704.924
1751 700.924
1841 696.924
1840 692.924
1922 688.924
2010 684.924
2100 680.924
2099 676.924
2188 672.924
2273 668.924
2360 664.924
2445 660.924
2444 656.924
2443 652.924
2527 648.924
2612 644.924
2697 637.924
2696 633.924
2695 629.924
2694 625.924
2782 621.924
2781 617.924
1656 712.924
9835 374.127
9879 361.559
9834 436.818
9843 402.94
1658 720.924
1755 716.924
1845 712.924
1927 708.924
2015 704.924
2105 700.924
2104 696.924
2103 692.924
2102 688.924
2101 684.924
9836 257.233
9904 216.844
9826 264.875
6240 252.956
6396 244.956
6479 240.956
6562 236.956
6641 232.956
6720 228.956
6796 224.956
6867 220.956
7015 212.956
7154 204.956
7219 200.956
7286 196.956
7355 192.956
7423 188.956
7490 184.956
7561 180.956
7635 176.956
1651 692.924
1748 688.924
1838 684.924
1837 680.924
1919 676.924
2007 672.924
2097 668.924
2186 664.924
2271 660.924
2358 656.924
1650 688.924
1747 684.924
1653 700.924
1652 696.924
1749 692.924
9831 417.187
10007 366.048
9881 631.505
1640 649.924
1643 661.924
1740 657.924
1739 653.924
1738 649.924
1737 645.924
1736 641.924
1642 657.924
9885 478.42
1645 669.924
1644 665.924
1741 661.924
1647 677.924
1646 673.924
1632 617.924
1635 629.924
1634 625.924
9866 542.589
673 533.489
1684 464.956
1777 460.956
1865 456.956
1948 452.956
2037 448.956
9913 406.206
1673 490.489
9915 388.101
9914 301.41
9825 292.507
5627 284.956
5706 280.956
5929 268.956
6009 264.956
6089 260.956
6166 256.956
9917 88.388
6938 82
6937 78
6865 74
6792 69
6716 65
6715 61
6637 57
6557 52
6556 48
6555 44
6554 40
6553 36
6552 32
6551 28
6550 24
6549 20
6548 16
6547 12
6546 8
6545 4
9916 161.653
9919 130.38
9918 458.799
1678 481.489
1774 477.489
9905 543.348
9906 427.952
4469 425.924
9909 397.068
4726 392.956
4725 388.956
4812 384.956
4897 380.956
9908 645.536
3249 642.924
3248 638.924
3340 631.924
9911 23.546
6313 20
6389 16
6388 12
6465 8
9910 311.898
9896 634.064
1720 577.924
1719 573.924
1809 569.924
9899 418.772
2823 414.956
2916 410.956
3017 406.956
3110 402.956
3204 398.956
3301 394.956
3396 390.956
3483 385.956
3565 381.956
3650 377.956
9900 76.578
6718 73
6717 69
6639 65
6559 60
6558 56
9903 463.001
3749 457.924
3838 453.924
1727 605.924
9902 133.217
1712 549.924
1802 545.924
1884 541.924
1972 537.924
1715 557.924
1714 553.924
9893 500.988
9895 381.309
4170 373.956
4171 369.956
4172 365.956
4173 361.956
4174 357.956
4267 353.956
4358 348.956
9894 270.577
1718 569.924
1808 565.924
9945 897.291
3476 836.924
9944 777.173
1769 772.924
1768 768.924
1767 764.924
1766 760.924
1765 756.924
1764 752.924
1854 748.924
1936 744.924
1935 740.924
1934 736.924
2022 732.924
2112 728.924
2111 724.924
2110 720.924
2199 716.924
2284 712.924
2371 708.924
2456 704.924
2455 700.924
2454 696.924
2453 692.924
2452 688.924
2451 684.924
2450 680.924
2534 676.924
2619 672.924
2618 668.924
2617 664.924
2616 660.924
2615 656.924
2614 652.924
2613 648.924
1704 556.083
9946 758.923
918 756.924
996 752.924
995 748.924
1067 744.924
1066 740.924
1132 736.924
1208 732.924
1291 728.924
1290 724.924
1289 720.924
1375 716.924
1465 712.924
1464 708.924
1463 704.924
1559 700.924
1706 553.924
9949 336.455
6510 330.849
6591 323.849
10087 322.961
6670 319.956
6748 315.956
6822 308.956
6821 304.956
6820 300.956
6819 296.956
6818 292.956
6889 288.956
6888 284.956
6958 280.956
7032 276.956
7031 272.956
7102 268.956
7101 264.956
7100 260.956
7099 256.956
7169 252.956
7168 248.956
7234 244.956
7300 240.956
7369 236.956
7437 232.956
7503 228.956
7574 224.956
7573 220.956
7646 216.956
7645 212.956
7717 208.956
7716 204.956
7715 200.956
7788 196.956
7787 192.956
7860 188.956
7933 184.956
7932 180.956
9948 223.441
8665 216.956
8623 212.956
8579 207.956
8534 203.956
9951 227.011
9936 597.772
1699 510.956
1698 506.956
9938 542.7
9943 214.667
7873 137
7727 129
7728 125
7656 121
7584 117
7585 113
7514 109
7515 105
7516 101
7517 97
7518 93
7519 89
7520 85
7453 81
7454 77
7389 73
7321 69
7254 65
7188 61
7124 57
7056 53
1702 529.851
9928 441.749
4195 437.924
4289 433.924
4380 429.924
9933 551.087
1757 724.924
1756 720.924
1758 728.924
1848 724.924
1930 720.924
2018 716.924
2108 712.924
2107 708.924
2106 704.924
9920 532.655
9923 660.954
3159 656.924
3158 652.924
3157 648.924
1746 681.924
9924 633.378
9926 475.494
1750 696.924
9976 63.62
9979 624.915
2871 621.924
2971 617.924
2970 613.924
2969 609.924
2968 605.924
9981 1481.44
9969 219.018
1729 613.924
1728 609.924
9968 233.859
9270 227.813
10129 226.532
9252 223
9230 219
9207 215
9971 229.817
7870 228.956
7869 224.956
7868 220.956
7867 216.956
7866 212.956
7865 208.956
7938 204.956
7937 200.956
7936 196.956
7935 192.956
7934 188.956
9973 1007.84
9972 305.196
6892 300.956
6891 296.956
6890 292.956
6960 288.956
7034 284.956
7105 280.956
7104 276.956
7174 272.956
7173 268.956
7172 264.956
7238 260.956
7304 256.956
7373 252.956
7372 248.956
7440 244.956
7506 240.956
7577 236.956
7650 232.956
7649 228.956
7721 224.956
7794 220.956
7793 216.956
7792 212.956
9975 562.978
9974 957.339
9960 397.58
5069 392.956
5229 384.956
5228 380.956
5227 376.956
5226 372.956
5225 368.956
5224 364.956
5311 360.956
5310 356.956
5309 352.956
5400 348.956
5399 344.956
5489 340.956
5574 336.956
5650 332.956
5649 328.956
5728 324.956
5803 320.956
5802 316.956
5801 312.956
5800 308.956
5799 304.956
5798 300.956
9963 222.825
8299 218.956
8245 213.956
9967 222.864
8445 218.956
8444 214.956
8443 210.956
8442 206.956
9966 616.739
3845 612.924
3757 608.924
3586 600.924
3500 596.924
9952 225.003
9132 218
9954 219.88
8011 216.956
7940 212.956
7939 208.956
9956 707.606
5669 702.924
5510 694.924
5424 690.924
5332 686.924
5244 682.924
5161 677.924
5081 673.924
4999 669.924
4915 664.924
4830 660.924
4743 656.924
4654 651.924
4568 647.924
4481 643.924
4392 639.924
4300 634.924
4208 630.924
4115 626.924
4025 621.924
3935 617.924
3846 613.924
3758 609.924
3670 604.924
9959 226.102
10009 660.56
10008 167.814
7853 164.956
1771 474.489
1861 470.489
1770 776.924
10005 550.942
1817 601.924
1816 597.924
1815 593.924
1897 589.924
1818 605.924
1821 617.924
9999 625.536
963 619.877
1036 615.877
1035 611.877
1103 605.021
1034 598.021
1033 594.021
1032 590.023
10013 589.194
1031 585.924
1100 581.924
1810 573.924
1813 585.924
1895 581.924
1812 581.924
1814 589.924
10041 440.929
10040 79.934
6007 28
6163 20
6237 16
6311 12
6387 8
10043 543.999
10042 401.977
3479 398.956
3480 394.956
3481 390.956
10045 737.713
10044 667.614
2783 664.924
2698 660.924
1804 549.924
10047 167.865
10046 276.223
10033 299.788
5381 296.956
5471 292.956
5556 288.956
5633 284.956
5713 280.956
5788 276.956
5862 272.956
5937 268.956
6017 264.956
6097 260.956
6174 256.956
6248 252.956
6325 248.956
6403 244.956
6486 240.956
6568 236.956
6647 232.956
10032 696.906
10035 213.668
10034 213.643
10037 510.281
10036 510.31
10039 1400.85
1799 545.924
1882 541.924
1970 537.924
10038 538.778
10027 468.151
1945 465.489
2034 461.489
2126 457.489
10026 254.379
6318 248.956
1850 732.924
1932 728.924
1931 724.924
10029 574.915
703 571.956
10028 479.444
10031 457.054
10030 529.986
1843 704.924
1925 700.924
2013 696.924
2012 692.924
2011 688.924
1842 700.924
1844 708.924
1926 704.924
2014 700.924
1846 716.924
10073 407.08
3025 404.956
3118 400.956
3212 396.956
3307 392.956
3402 388.956
3487 384.956
3568 380.956
3654 376.956
3736 372.956
3822 368.956
3911 364.956
4000 360.956
4089 356.956
4178 352.956
4271 348.956
4361 344.956
1833 665.924
1915 661.924
10072 407.245
3312 400.956
3311 396.956
10075 459.268
2042 456.956
2134 452.956
2224 448.956
2223 444.956
1835 673.924
1834 669.924
10074 482.72
1836 677.924
1918 673.924
2006 669.924
2005 665.924
2004 661.924
2003 657.924
1839 688.924
10065 483.738
10064 456.902
10067 354.86
10066 483.453
10069 404.966
1829 649.924
1828 645.924
1827 641.924
1826 637.924
1908 633.924
1996 629.924
2086 625.924
2175 621.924
2174 617.924
2173 613.924
2258 609.924
2345 605.924
2430 601.924
2514 597.924
2599 593.924
2598 589.924
2684 585.924
2772 581.924
2860 577.924
2859 573.924
2858 569.924
10068 371.062
3829 368.956
3918 364.956
4006 360.956
4095 356.956
4185 352.956
4278 348.956
4368 344.956
4456 340.956
4543 336.956
4628 332.956
4710 328.956
10071 298.34
5947 296.956
5946 292.956
6025 288.956
6105 284.956
6104 280.956
6103 276.956
6102 272.956
6101 268.956
1831 657.924
1913 653.924
2001 649.924
2000 645.924
1999 641.924
2089 637.924
2178 633.924
2263 629.924
2262 625.924
2261 621.924
2348 617.924
2347 613.924
2432 609.924
2516 605.924
2515 601.924
10070 196.33
7354 192.956
1830 653.924
10057 416.45
3580 412.981
3747 404.956
3835 400.956
3925 396.956
4014 392.956
10056 469.866
2036 465.489
2128 461.489
10059 635.609
10061 356.813
10060 427.292
2651 420.956
2740 416.956
2828 412.956
2925 408.956
3028 404.956
10063 47.719
6634 45
10062 44.037
6473 40
6472 36
1873 478.956
10051 64.207
10050 516.262
2486 514.924
2572 509.924
2659 505.924
2748 501.924
2836 497.924
2937 493.924
3040 489.924
3131 485.924
3223 481.924
3318 477.924
10053 191.13
7422 188.956
7488 184.956
7559 180.956
7633 176.956
7706 172.956
7780 168.956
10055 76.484
10054 625.216
1866 456.956
1950 452.956
1860 772.924
1859 768.924
1858 764.924
1940 760.924
2028 756.924
2027 752.924
2026 748.924
2025 744.924
2024 740.924
2114 736.924
2203 732.924
2202 728.924
2287 724.924
2286 720.924
2373 716.924
2372 712.924
1912 649.924
1917 669.924
1916 665.924
1905 621.924
1904 617.924
1992 613.924
1991 609.924
2081 605.924
2080 601.924
2079 597.924
2168 593.924
2167 589.924
2166 585.924
2165 581.924
2164 577.924
2249 573.924
2336 569.924
2335 565.924
2334 561.924
2333 557.924
1911 645.924
1896 585.924
1898 593.924
1903 613.924
1902 609.924
1888 553.924
1894 577.924
1944 465.489
1947 469.489
1939 756.924
1929 716.924
2017 712.924
1928 712.924
2016 708.924
1921 684.924
2009 680.924
1920 680.924
1923 692.924
1924 696.924
1979 561.924
1981 569.924
1980 565.924
1965 537.924
2055 533.924
2145 529.924
2230 525.924
2317 521.924
2402 517.924
2487 513.924
1967 537.924
2057 533.924
2147 529.924
2233 525.924
2320 521.924
2405 517.924
2490 513.924
2575 509.924
2661 505.924
2750 501.924
2838 497.924
2939 493.924
3042 489.924
3132 485.924
3224 481.924
1966 537.924
2056 533.924
1954 463.956
2043 459.956
2008 676.924
1994 621.924
1993 617.924
2083 613.924
2082 609.924
1997 633.924
2087 629.924
2176 625.924
1998 637.924
2088 633.924
2177 629.924
1989 601.924
1988 597.924
1990 605.924
2041 452.956
2033 461.489
2039 448.956
2019 720.924
2021 728.924
2020 724.924
2023 736.924
2073 573.924
2075 581.924
2074 577.924
2077 589.924
2076 585.924
2078 593.924
2065 541.924
2067 549.924
2156 545.924
2241 541.924
2328 537.924
2327 533.924
2326 529.924
2411 525.924
2495 521.924
2580 517.924
2666 513.924
2066 545.924
2155 541.924
2154 537.924
2239 533.924
2069 557.924
2068 553.924
2157 549.924
2242 545.924
2070 561.924
2060 533.924
2062 533.924
2109 716.924
2096 665.924
2095 661.924
2184 657.924
2269 653.924
2356 649.924
2441 645.924
2440 641.924
2524 637.924
2609 633.924
2608 629.924
2098 672.924
2187 668.924
2272 664.924
2359 660.924
2091 645.924
2180 641.924
2265 637.924
2352 633.924
2351 629.924
2350 625.924
2349 621.924
2093 653.924
2094 657.924
2183 653.924
2268 649.924
2355 645.924
2085 621.924
2084 617.924
2143 529.924
2229 525.924
2316 521.924
2130 444.956
2133 448.956
2125 457.489
2217 453.489
2304 449.489
2113 732.924
2169 597.924
2171 605.924
2256 601.924
2343 597.924
2428 593.924
2512 589.924
2597 585.924
2596 581.924
2595 577.924
2594 573.924
2593 569.924
2592 565.924
2591 561.924
2590 557.924
2589 553.924
2675 549.924
2763 545.924
2762 541.924
2850 537.924
2170 601.924
2172 609.924
2257 605.924
2344 601.924
2161 565.924
2163 573.924
2248 569.924
2162 569.924
2153 533.924
2159 557.924
2158 553.924
2144 529.924
2146 529.924
2232 525.924
2319 521.924
2148 529.924
2150 529.924
2201 724.924
2193 692.924
2192 688.924
2191 684.924
2190 680.924
2275 676.924
2362 672.924
2361 668.924
2195 700.924
2194 696.924
2197 708.924
2282 704.924
2369 700.924
2196 704.924
2281 700.924
2368 696.924
2198 712.924
2283 708.924
2370 704.924
2185 661.924
2189 676.924
2182 649.924
2234 525.924
2321 521.924
2236 525.924
2323 521.924
2238 529.924
2225 451.956
2228 526.924
2231 525.924
2318 521.924
2403 517.924
2488 513.924
2573 509.924
2660 505.924
2216 454.489
2219 448.956
2267 645.924
2270 657.924
2357 653.924
2442 649.924
2526 645.924
2611 641.924
2259 613.924
2260 617.924
2251 581.924
2338 577.924
2423 573.924
2507 569.924
2250 577.924
2337 573.924
2253 589.924
2252 585.924
2339 581.924
2255 597.924
2342 593.924
2427 589.924
2511 585.924
2254 593.924
2341 589.924
2426 585.924
2510 581.924
2243 549.924
2244 553.924
2247 565.924
2246 561.924
2280 696.924
2367 692.924
2366 688.924
2365 684.924
2364 680.924
2363 676.924
2448 672.924
2532 668.924
2285 716.924
2274 672.924
2277 684.924
2276 680.924
2279 692.924
2278 688.924
2325 525.924
2410 521.924
2315 522.924
2401 518.924
2306 436.956
2395 432.956
2481 428.956
2565 424.956
2653 420.956
2311 444.956
2310 440.956
2354 641.924
2439 637.924
2346 609.924
2431 605.924
2340 585.924
2393 449.551
2479 442.551
2394 432.956
2480 428.956
2564 424.956
2387 772.924
2386 768.924
2471 764.924
2470 760.924
2554 756.924
2639 752.924
2638 748.924
2637 744.924
2636 740.924
2635 736.924
2634 732.924
2633 728.924
2632 724.924
2631 720.924
2630 716.924
2629 712.924
2628 708.924
2627 704.924
2626 700.924
2625 696.924
2624 692.924
2623 688.924
2622 684.924
2621 680.924
2620 676.924
2375 724.924
2374 720.924
2459 716.924
2543 712.924
2425 581.924
2424 577.924
2429 597.924
2419 557.924
2503 553.924
2588 549.924
2674 545.924
2421 565.924
2420 561.924
2504 557.924
2422 569.924
2408 517.924
2404 517.924
2406 517.924
2491 513.924
2576 509.924
2663 505.924
2457 708.924
2458 712.924
2542 708.924
2541 704.924
2540 700.924
2539 696.924
2538 692.924
2460 720.924
2449 676.924
2447 668.924
2531 664.924
2530 660.924
2529 656.924
2528 652.924
2446 664.924
2433 613.924
2489 513.924
2574 509.924
2482 428.956
2566 424.956
2485 436.956
2484 432.956
2568 428.956
2655 424.956
2743 420.956
2520 621.924
2605 617.924
2604 613.924
2690 609.924
2778 605.924
2777 601.924
2865 597.924
2864 593.924
2863 589.924
2523 633.924
2525 641.924
2513 593.924
2517 609.924
2519 617.924
2518 613.924
2505 561.924
2506 565.924
2509 577.924
2508 573.924
2502 549.924
2501 545.924
2500 541.924
2585 537.924
2584 533.924
2583 529.924
2544 716.924
2537 688.924
2536 684.924
2533 672.924
2535 680.924
2587 545.924
2673 541.924
2761 537.924
2849 533.924
2848 529.924
2847 525.924
2586 541.924
2569 432.956
2656 428.956
2570 436.956
2657 432.956
2563 424.956
2601 601.924
2687 597.924
2775 593.924
2600 597.924
2686 593.924
2774 589.924
2862 585.924
2861 581.924
2603 609.924
2689 605.924
2602 605.924
2649 424.956
2735 420.956
2821 415.956
2914 411.956
3016 407.956
3109 403.956
2650 423.956
2736 419.956
2822 414.956
2915 410.956
2652 420.956
2681 573.924
2680 569.924
2679 565.924
2678 561.924
2766 557.924
2765 553.924
2764 549.924
2683 581.924
2771 577.924
2682 577.924
2685 589.924
2672 537.924
2671 533.924
2670 529.924
2758 525.924
2846 521.924
2677 557.924
2676 553.924
2662 505.924
2713 720.924
2712 716.924
2705 688.924
2704 684.924
2703 680.924
2707 696.924
2706 692.924
2709 704.924
2708 700.924
2711 712.924
2710 708.924
2699 664.924
2701 672.924
2700 668.924
2702 676.924
2688 601.924
2691 613.924
2693 621.924
2745 428.956
2744 424.956
2747 501.924
2835 497.924
2936 493.924
2746 430.956
2833 424.956
2832 420.956
2929 416.956
3031 412.956
3030 408.956
2749 501.924
2837 497.924
2751 501.924
2839 497.924
2737 418.956
2739 416.956
2827 412.956
2741 416.956
2829 412.956
2926 408.956
2733 425.956
2819 420.956
2776 597.924
2779 609.924
2769 569.924
2768 565.924
2856 561.924
2770 573.924
2773 585.924
2767 561.924
2793 700.924
2792 696.924
2791 692.924
2795 708.924
2794 704.924
2797 716.924
2796 712.924
2799 724.924
2798 720.924
2785 668.924
2784 664.924
2787 676.924
2786 672.924
2789 684.924
2788 680.924
2790 688.924
2845 517.924
2844 513.924
2831 416.956
2873 669.924
2872 667.924
2972 663.924
3066 659.924
2875 677.924
2874 673.924
2877 685.924
2876 681.924
2879 693.924
2878 689.924
2866 601.924
2869 613.924
2870 617.924
2857 565.924
2855 557.924
2854 553.924
2853 549.924
2852 545.924
2851 541.924
2909 427.956
2910 423.956
2911 419.956
3014 412.956
2888 729.924
2881 701.924
2880 697.924
2883 709.924
2882 705.924
2885 717.924
2884 713.924
2887 725.924
2886 721.924
2928 412.956
2930 420.956
3032 416.956
3124 412.956
3123 408.956
3122 404.956
2933 499.924
2934 495.924
3038 491.924
3129 487.924
3222 482.924
3317 478.924
3408 474.924
2932 503.924
2935 494.924
3039 490.924
3130 486.924
2921 408.956
3023 404.956
3116 400.956
3210 396.956
3306 392.956
2923 408.956
3026 404.956
2922 408.956
3024 404.956
2924 408.956
2912 416.956
2973 667.924
3067 663.924
2975 675.924
2974 671.924
3068 667.924
2985 715.924
2984 711.924
2983 707.924
3077 703.924
3076 699.924
3075 695.924
3074 691.924
3073 687.924
3072 683.924
3071 679.924
3070 675.924
3069 671.924
2987 723.924
3081 719.924
3080 715.924
3079 711.924
3078 707.924
2986 719.924
2989 731.924
2988 727.924
3082 723.924
2977 683.924
2976 679.924
2979 691.924
2978 687.924
2981 699.924
2980 695.924
2982 703.924
3033 419.956
3035 503.924
3036 499.924
3127 495.924
3220 490.924
3221 486.924
3034 507.924
3027 404.956
3119 400.956
3213 396.956
3309 392.956
3019 405.956
3112 401.956
3206 397.956
3302 393.956
3397 389.956
3018 406.956
3021 405.956
3113 401.956
3207 397.956
3303 393.956
3399 389.956
3485 385.956
3567 381.956
3651 377.956
3733 373.956
3020 405.956
3022 405.956
3115 401.956
3013 430.956
3012 434.956
3065 616.924
3064 612.924
3063 608.924
3062 604.924
3061 600.924
3060 596.924
3059 592.924
3058 588.924
3057 584.924
3056 580.924
3055 576.924
3054 572.924
3053 568.924
3052 564.924
3051 560.924
3050 556.924
3049 552.924
3048 548.924
3047 544.924
3046 540.924
3083 727.924
3084 731.924
3120 400.956
3214 396.956
3114 401.956
3208 397.956
3117 400.956
3211 396.956
3111 402.956
3161 664.924
3160 660.924
3163 672.924
3162 668.924
3165 680.924
3164 676.924
3167 688.924
3166 684.924
3152 600.924
3151 596.924
3150 592.924
3155 612.924
3154 608.924
3153 604.924
3156 616.924
3145 572.924
3144 568.924
3143 564.924
3142 560.924
3141 556.924
3140 552.924
3147 580.924
3146 576.924
3149 588.924
3148 584.924
3177 728.924
3176 724.924
3175 720.924
3174 716.924
3173 712.924
3172 708.924
3171 704.924
3170 700.924
3169 696.924
3168 692.924
3178 732.924
3231 557.924
3219 494.924
3314 490.924
3315 486.924
3316 482.924
3218 498.924
3209 397.956
3305 393.956
3400 389.956
3486 385.956
3205 398.956
3257 674.924
3256 670.924
3255 666.924
3254 662.924
3253 658.924
3252 654.924
3251 650.924
3250 646.924
3259 682.924
3258 678.924
3261 690.924
3260 686.924
3263 698.924
3262 694.924
3241 597.924
3240 593.924
3245 613.924
3244 609.924
3246 617.924
3233 565.924
3232 561.924
3239 589.924
3238 585.924
3272 734.924
3271 730.924
3270 726.924
3269 722.924
3268 718.924
3267 714.924
3266 710.924
3265 706.924
3264 702.924
3275 746.924
3274 742.924
3273 738.924
3304 393.956
3308 392.956
3403 388.956
3488 384.956
3299 399.956
3298 403.956
3393 399.956
3353 683.924
3352 679.924
3351 675.924
3350 671.924
3349 667.924
3348 663.924
3347 659.924
3346 655.924
3345 651.924
3344 647.924
3343 643.924
3342 639.924
3341 635.924
3355 691.924
3354 687.924
3357 699.924
3356 695.924
3359 707.924
3358 703.924
3339 620.924
3361 715.924
3360 711.924
3363 723.924
3362 719.924
3365 731.924
3364 727.924
3417 600.924
3416 596.924
3419 608.924
3418 604.924
3421 616.924
3420 612.924
3401 392.956
3404 388.956
3489 384.956
3477 408.123
3478 405.571
3513 645.924
3512 641.924
3515 653.924
3514 649.924
3517 661.924
3516 657.924
3519 669.924
3518 665.924
3505 613.924
3504 609.924
3507 621.924
3506 617.924
3509 629.924
3508 625.924
3510 633.924
3503 605.924
3502 601.924
3492 384.956
3573 380.956
3659 376.956
3741 372.956
3827 368.956
3915 364.956
4003 360.956
4092 356.956
4181 352.956
4274 348.956
4364 344.956
4452 340.956
4540 336.956
4626 332.956
4708 328.956
4796 324.956
4881 320.956
4965 316.956
3528 705.924
3531 717.924
3530 713.924
3533 725.924
3532 721.924
3535 733.924
3534 729.924
3521 677.924
3520 673.924
3523 685.924
3522 681.924
3525 693.924
3524 689.924
3527 701.924
3526 697.924
3579 416.981
3581 416.981
3609 689.924
3608 685.924
3611 697.924
3610 693.924
3613 705.924
3612 701.924
3614 709.924
3601 657.924
3600 653.924
3599 649.924
3603 665.924
3602 661.924
3605 673.924
3604 669.924
3607 681.924
3606 677.924
3593 625.924
3592 621.924
3595 633.924
3594 629.924
3597 641.924
3511 637.924
3596 637.924
3598 645.924
3589 609.924
3588 605.924
3591 617.924
3590 613.924
3624 749.924
3538 745.924
3617 721.924
3616 717.924
3619 729.924
3618 725.924
3620 733.924
3673 613.924
3672 609.924
3675 621.924
3674 617.924
3677 629.924
3676 625.924
3679 637.924
3678 633.924
3705 741.924
3621 737.924
3704 737.924
3707 749.924
3706 745.924
3622 741.924
3697 709.924
3696 705.924
3698 713.924
3703 733.924
3689 677.924
3688 673.924
3687 669.924
3691 685.924
3690 681.924
3693 693.924
3692 689.924
3695 701.924
3694 697.924
3681 645.924
3680 641.924
3683 653.924
3682 649.924
3685 661.924
3684 657.924
3686 665.924
3742 374.087
3730 378.956
3818 374.956
3905 370.956
3906 366.956
3995 362.956
4085 357.956
4175 353.956
4268 349.956
3734 377.956
3769 650.924
3768 646.924
3771 658.924
3770 654.924
3773 666.924
3772 662.924
3775 674.924
3774 670.924
3761 618.924
3760 614.924
3763 626.924
3762 622.924
3765 634.924
3764 630.924
3767 642.924
3766 638.924
3753 462.924
3842 458.924
3931 454.924
4019 450.924
4108 446.924
4199 442.924
4291 438.924
4471 428.924
3752 459.924
3841 455.924
3930 451.924
4018 447.924
4107 443.924
4198 439.924
4290 435.924
3746 408.956
3748 404.956
3836 400.956
3751 459.924
3840 455.924
3793 746.924
3792 742.924
3795 754.924
3796 758.924
3708 753.924
3785 714.924
3784 710.924
3787 722.924
3786 718.924
3789 730.924
3788 726.924
3791 738.924
3777 682.924
3776 678.924
3779 690.924
3778 686.924
3781 698.924
3780 694.924
3783 706.924
3782 702.924
3833 374.956
3832 370.956
3920 366.956
4008 362.956
4096 356.956
3834 378.956
3922 374.956
4010 370.956
4009 366.956
3837 400.956
3926 396.956
3825 368.956
3826 368.956
3914 364.956
3828 372.956
3819 374.956
3821 368.956
3909 364.956
3998 360.956
4087 356.956
4177 352.956
4270 348.956
4360 344.956
3865 686.924
3864 682.924
3867 694.924
3866 690.924
3869 702.924
3868 698.924
3871 710.924
3870 706.924
3857 654.924
3856 650.924
3855 646.924
3859 662.924
3858 658.924
3861 670.924
3860 666.924
3863 678.924
3862 674.924
3851 630.924
3853 638.924
3852 634.924
3854 642.924
3889 782.924
3801 778.924
3713 773.924
3629 769.924
3628 765.924
3627 761.924
3541 757.924
3881 750.924
3880 746.924
3883 758.924
3882 754.924
3885 766.924
3884 762.924
3887 774.924
3886 770.924
3873 718.924
3872 714.924
3875 726.924
3874 722.924
3877 734.924
3876 730.924
3929 451.924
3932 620.311
3921 370.956
3923 378.956
3924 397.956
4013 393.956
3916 364.956
4005 360.956
4094 356.956
4183 352.956
4276 348.956
4366 344.956
4455 340.956
4542 336.956
4627 332.956
4709 328.956
3904 374.956
3993 370.956
4083 365.956
3961 718.924
3960 714.924
3963 726.924
3962 722.924
3965 734.924
3964 730.924
3967 742.924
3966 738.924
3953 686.924
3952 682.924
3951 678.924
3950 674.924
3949 670.924
3955 694.924
3954 690.924
3957 702.924
3956 698.924
3959 710.924
3958 706.924
3945 654.924
3944 650.924
3947 662.924
3946 658.924
3948 666.924
3943 646.924
3942 642.924
3941 638.924
3992 374.956
4082 369.956
3977 782.924
3888 778.924
3976 778.924
3979 790.924
3978 786.924
3969 750.924
3971 758.924
3970 754.924
3973 766.924
3972 762.924
3975 774.924
3974 770.924
4024 620.924
3934 616.924
4031 642.924
4017 447.924
4106 443.924
4023 620.924
4011 374.956
4004 360.956
4093 356.956
4057 746.924
4056 742.924
4055 738.924
4059 754.924
4061 762.924
4060 758.924
4063 770.924
4062 766.924
4049 714.924
4048 710.924
4047 706.924
4046 702.924
4051 722.924
4050 718.924
4053 730.924
4052 726.924
4054 734.924
4041 682.924
4040 678.924
4043 690.924
4042 686.924
4045 698.924
4044 694.924
4033 650.924
4032 646.924
4034 654.924
4037 666.924
4039 674.924
4038 670.924
4091 356.956
4065 778.924
4064 774.924
4067 786.924
4066 782.924
4069 794.924
4068 790.924
4071 802.924
3981 798.924
3892 794.924
3804 790.924
3716 785.924
3632 781.924
3631 777.924
3630 773.924
4070 798.924
4121 647.924
4123 655.924
4122 651.924
4112 624.924
4104 441.924
4111 624.924
4022 620.924
3933 616.924
4097 360.956
4187 356.956
4279 352.956
4369 348.956
4101 392.956
4153 775.924
4152 771.924
4155 783.924
4154 779.924
4157 791.924
4156 787.924
4159 799.924
4158 795.924
4145 743.924
4144 739.924
4149 759.924
4151 767.924
4150 763.924
4137 711.924
4136 707.924
4139 719.924
4138 715.924
4141 727.924
4140 723.924
4143 735.924
4142 731.924
4131 687.924
4130 683.924
4133 695.924
4132 691.924
4135 703.924
4134 699.924
4184 352.956
4186 352.956
4189 364.956
4281 360.956
4371 356.956
4370 352.956
4458 348.956
4457 344.956
4544 340.956
4629 336.956
4711 332.956
4188 360.956
4190 368.956
4161 807.924
4160 803.924
4162 811.924
4072 806.924
3982 802.924
3893 798.924
4216 659.924
4215 655.924
4214 651.924
4203 628.924
4249 791.924
4248 787.924
4247 783.924
4251 799.924
4250 795.924
4253 807.924
4252 803.924
4255 815.924
4254 811.924
4243 767.924
4242 763.924
4245 775.924
4244 771.924
4246 779.924
4233 727.924
4232 723.924
4235 735.924
4234 731.924
4237 743.924
4236 739.924
4224 691.924
4223 687.924
4227 703.924
4226 699.924
4225 695.924
4229 711.924
4228 707.924
4231 719.924
4230 715.924
4280 356.956
4283 368.956
4282 364.956
4287 384.956
4377 380.956
4273 348.956
4363 344.956
4275 348.956
4365 344.956
4454 340.956
4277 348.956
4367 344.956
4265 369.956
4264 373.956
4266 365.956
4256 819.924
4263 377.956
4262 843.924
4169 839.924
4079 834.924
4078 830.924
4077 826.924
3987 822.924
3898 818.924
3810 814.924
3722 809.924
3721 805.924
3637 801.924
3551 797.924
4317 699.924
4316 695.924
4315 691.924
4319 707.924
4318 703.924
4295 632.924
4294 632.924
4345 811.924
4344 807.924
4347 819.924
4346 815.924
4348 823.924
4337 779.924
4336 775.924
4339 787.924
4338 783.924
4341 795.924
4340 791.924
4343 803.924
4342 799.924
4329 747.924
4328 743.924
4327 739.924
4326 735.924
4320 711.924
4323 723.924
4322 719.924
4325 731.924
4324 727.924
4355 375.956
4354 379.956
4357 352.956
4409 704.924
4408 700.924
4411 712.924
4410 708.924
4413 720.924
4321 715.924
4412 716.924
4415 728.924
4414 724.924
4395 648.924
4303 643.924
4211 639.924
4118 635.924
4028 630.924
4027 626.924
4026 622.924
3936 618.924
4394 644.924
4302 639.924
4210 635.924
4209 631.924
4116 627.924
4387 636.924
4296 632.924
4205 628.924
4388 636.924
4297 632.924
4206 628.924
4113 624.924
4441 832.924
4349 827.924
4257 823.924
4164 819.924
4074 814.924
4073 810.924
3983 806.924
3894 802.924
3806 798.924
3718 793.924
3717 789.924
3633 785.924
3547 781.924
4440 828.924
4442 836.924
4350 831.924
4258 827.924
4165 823.924
4075 818.924
4445 379.956
4444 844.924
4352 839.924
4351 835.924
4447 352.956
4433 800.924
4432 796.924
4435 808.924
4434 804.924
4437 816.924
4436 812.924
4438 820.924
4429 784.924
4431 792.924
4430 788.924
4417 736.924
4416 732.924
4419 744.924
4418 740.924
4421 752.924
4420 748.924
4465 376.956
4464 372.956
4463 368.956
4462 364.956
4461 360.956
4459 352.956
4449 340.956
4537 336.956
4623 332.956
4705 328.956
4451 340.956
4453 340.956
4505 736.924
4504 732.924
4507 744.924
4506 740.924
4508 748.924
4497 704.924
4496 700.924
4407 696.924
4499 712.924
4498 708.924
4501 720.924
4500 716.924
4503 728.924
4502 724.924
4488 668.924
4485 656.924
4396 652.924
4304 647.924
4484 652.924
4483 648.924
4482 644.924
4393 640.924
4301 635.924
4539 336.956
4541 336.956
4529 832.924
4528 828.924
4439 824.924
4531 840.924
4530 836.924
4533 383.956
4532 844.924
4443 840.924
4534 387.956
4521 800.924
4523 808.924
4522 804.924
4525 816.924
4524 812.924
4527 824.924
4526 820.924
4571 656.924
4570 652.924
4573 664.924
4572 660.924
4575 672.924
4553 376.956
4552 372.956
4551 368.956
4550 364.956
4549 360.956
4634 356.956
4716 352.956
4715 348.956
4714 344.956
4554 380.956
4548 356.956
4593 744.924
4592 740.924
4591 736.924
4595 752.924
4594 748.924
4596 756.924
4587 720.924
4589 728.924
4590 732.924
4576 676.924
4633 352.956
4632 348.956
4635 360.956
4639 376.956
4721 372.956
4808 368.956
4893 364.956
4977 360.956
4976 356.956
4975 352.956
4974 348.956
5057 344.956
5138 340.956
5217 336.956
5216 332.956
5303 328.956
5394 324.956
4638 372.956
4720 368.956
4807 364.956
4892 360.956
4625 332.956
4707 328.956
4617 840.924
4619 387.956
4618 844.924
4621 333.956
4609 808.924
4611 816.924
4610 812.924
4613 824.924
4612 820.924
4615 832.924
4614 828.924
4657 660.924
4656 656.924
4659 668.924
4658 664.924
4642 388.956
4641 384.956
4640 380.956
4722 376.956
4697 820.924
4699 828.924
4698 824.924
4701 836.924
4700 832.924
4702 840.924
4681 756.924
4680 752.924
4683 764.924
4597 760.924
4682 760.924
4684 768.924
4598 764.924
4674 728.924
4673 724.924
4677 740.924
4676 736.924
4675 732.924
4679 748.924
4678 744.924
4730 411.956
4724 384.956
4811 380.956
4896 376.956
4717 356.956
4718 360.956
4805 356.956
4890 352.956
4763 733.924
4765 741.924
4767 749.924
4766 745.924
4747 669.924
4746 665.924
4748 673.924
4750 681.924
4661 676.924
4793 324.956
4879 320.956
4963 316.956
4795 324.956
4785 821.924
4696 816.924
4787 829.924
4786 825.924
4789 837.924
4788 833.924
4791 845.924
4790 841.924
4769 757.924
4768 753.924
4771 765.924
4772 769.924
4817 404.956
4902 400.956
4986 396.956
4816 400.956
4815 396.956
4818 408.956
4809 372.956
4810 376.956
4813 388.956
4801 340.956
4886 336.956
4970 332.956
4969 328.956
4968 324.956
5051 320.956
5132 316.956
5211 312.956
5210 308.956
4800 336.956
4803 348.956
4802 344.956
4887 340.956
4971 336.956
4804 352.956
4806 360.956
4860 777.924
4773 773.924
4863 789.924
4776 785.924
4687 780.924
4686 776.924
4600 772.924
4599 768.924
4853 749.924
4852 745.924
4855 757.924
4854 753.924
4843 709.924
4842 705.924
4841 701.924
4754 697.924
4665 692.924
4664 688.924
4578 684.924
4577 680.924
4490 676.924
4401 672.924
4309 667.924
4308 663.924
4307 659.924
4835 677.924
4834 673.924
4833 669.924
4839 693.924
4752 689.924
4663 684.924
4889 348.956
4973 344.956
4972 340.956
5055 336.956
5136 332.956
5215 328.956
5214 324.956
5301 320.956
5392 316.956
5482 312.956
5567 308.956
5566 304.956
5565 300.956
5564 296.956
5640 292.956
5719 288.956
4888 344.956
4891 356.956
4895 372.956
4894 368.956
4978 364.956
4883 324.956
4967 320.956
5050 316.956
4873 829.924
4872 825.924
4871 821.924
4870 817.924
4869 813.924
4782 809.924
4693 804.924
4692 800.924
4875 837.924
4874 833.924
4877 845.924
4876 841.924
4878 320.956
4865 797.924
4864 793.924
4918 673.924
4917 669.924
4916 665.924
4831 661.924
4744 657.924
4655 652.924
4569 648.924
4898 384.956
4901 396.956
4985 392.956
4984 388.956
4900 392.956
4903 404.956
4957 829.924
4956 825.924
4959 837.924
4958 833.924
4945 781.924
4947 789.924
4946 785.924
4861 781.924
4774 777.924
4685 772.924
4949 797.924
4948 793.924
4950 801.924
4937 749.924
4936 745.924
4851 741.924
4850 737.924
4939 757.924
4938 753.924
4940 761.924
4942 769.924
4857 765.924
4770 761.924
4961 845.924
4960 841.924
5020 750.924
5022 758.924
5011 714.924
4927 709.924
5015 730.924
4931 725.924
4930 721.924
4845 717.924
4758 713.924
4669 708.924
4583 704.924
5053 328.956
5052 324.956
5041 834.924
5040 830.924
5043 842.924
5042 838.924
5044 846.924
5046 312.956
5033 802.924
5032 798.924
5027 778.924
4943 773.924
5026 774.924
5031 794.924
5030 790.924
5065 376.956
5146 372.956
5064 372.956
5145 368.956
5056 340.956
5059 352.956
5058 348.956
5061 360.956
5060 356.956
5063 368.956
5113 798.924
5112 794.924
5101 750.924
5100 746.924
5018 742.924
4934 737.924
4849 733.924
4762 729.924
5102 754.924
5093 718.924
5092 714.924
5010 710.924
4926 705.924
4925 701.924
4840 697.924
4753 693.924
5094 722.924
5012 718.924
4928 713.924
5144 364.956
5223 360.956
5137 336.956
5139 344.956
5141 352.956
5140 348.956
5129 308.956
5208 304.956
5131 312.956
5133 320.956
5123 838.924
5125 846.924
5124 842.924
5126 850.924
5176 734.924
5096 730.924
5095 726.924
5175 730.924
5213 320.956
5300 316.956
5391 312.956
5390 308.956
5480 304.956
5212 316.956
5299 312.956
5205 850.924
5204 846.924
5193 802.924
5192 798.924
5191 794.924
5190 790.924
5110 786.924
5028 782.924
4944 777.924
4859 773.924
5194 806.924
5222 356.956
5275 803.924
5274 799.924
5276 807.924
5304 332.956
5307 344.956
5306 340.956
5308 348.956
5302 324.956
5295 300.956
5287 851.924
5361 799.924
5360 795.924
5272 791.924
5189 786.924
5109 782.924
5401 352.956
5402 356.956
5492 352.956
5577 348.956
5653 344.956
5732 340.956
5807 336.956
5881 332.956
5954 328.956
6034 324.956
6033 320.956
6032 316.956
6031 312.956
6030 308.956
6029 304.956
6109 300.956
6108 296.956
6185 292.956
6259 288.956
6258 284.956
6257 280.956
6256 276.956
6333 272.956
6411 268.956
6493 264.956
6575 260.956
6654 256.956
6653 252.956
6652 248.956
6730 244.956
6729 240.956
6804 236.956
6875 232.956
6874 228.956
6873 224.956
6944 220.956
5393 320.956
5395 328.956
5397 336.956
5398 340.956
5488 336.956
5573 332.956
5572 328.956
5571 324.956
5570 320.956
5380 296.956
5382 296.956
5473 292.956
5558 288.956
5635 284.956
5715 280.956
5790 276.956
5864 272.956
5938 268.956
6018 264.956
6098 260.956
6175 256.956
5465 851.924
5373 847.924
5285 843.924
5491 348.956
5576 344.956
5652 340.956
5731 336.956
5806 332.956
5805 328.956
5804 324.956
5878 320.956
5951 316.956
5490 344.956
5493 356.956
5483 316.956
5568 312.956
5487 332.956
5472 292.956
5557 288.956
5554 288.956
5630 284.956
5709 280.956
5784 276.956
5859 272.956
5934 268.956
6014 264.956
6094 260.956
6172 256.956
6246 252.956
6323 248.956
6402 244.956
6485 240.956
5585 378.849
5661 374.849
5740 370.849
5815 366.849
5889 362.849
5962 358.849
6042 354.849
6122 350.849
6199 346.849
6273 342.849
6350 338.849
6428 334.849
5579 356.956
5578 352.956
5580 360.956
5575 340.956
5626 852.924
5549 847.924
5463 843.924
5371 839.924
5283 835.924
5657 360.956
5736 356.956
5811 352.956
5885 348.956
5958 344.956
6038 340.956
6037 336.956
6117 332.956
6116 328.956
6115 324.956
6192 320.956
6266 316.956
6343 312.956
6421 308.956
6420 304.956
6502 300.956
6584 296.956
6663 292.956
6741 288.956
6740 284.956
6815 280.956
6886 276.956
6885 272.956
6884 268.956
6883 264.956
6953 260.956
7027 256.956
7026 252.956
7025 248.956
7096 244.956
7095 240.956
7165 236.956
7231 232.956
7230 228.956
7296 224.956
7365 220.956
7433 216.956
7499 212.956
7498 208.956
7569 204.956
7642 200.956
7714 196.956
5656 356.956
5735 352.956
5810 348.956
5809 344.956
5808 340.956
5659 368.956
5738 364.956
5813 360.956
5812 356.956
5886 352.956
5658 364.956
5660 371.849
5739 367.849
5814 363.849
5888 359.849
5961 355.849
6041 351.849
6121 347.849
6198 343.849
6272 339.849
6349 335.849
6427 331.849
6509 327.849
5662 378.849
5648 324.956
5727 320.956
5651 336.956
5655 352.956
5654 348.956
5647 320.956
5726 316.956
5646 316.956
5634 284.956
5695 812.924
5694 808.924
5614 804.924
5537 799.924
5451 795.924
5359 791.924
5271 787.924
5188 782.924
5108 778.924
5107 774.924
5025 770.924
4941 765.924
4856 761.924
5725 312.956
5724 308.956
5723 304.956
5737 360.956
5729 328.956
5730 332.956
5733 344.956
5734 348.956
5789 276.956
5880 328.956
5953 324.956
5952 320.956
5883 340.956
5956 336.956
6036 332.956
5882 336.956
5884 344.956
5957 340.956
5887 356.956
5873 300.956
5872 296.956
5875 312.956
5874 308.956
5877 316.956
5950 312.956
5876 312.956
5949 308.956
5879 324.956
5863 272.956
5939 268.956
5960 352.956
6040 348.956
6120 344.956
6119 340.956
6118 336.956
5955 332.956
5959 348.956
6000 857.924
5927 853.924
5853 849.924
5778 844.924
5777 840.924
5776 836.924
5700 832.924
5620 828.924
5543 823.924
5457 819.924
5456 815.924
5455 811.924
5363 807.924
5362 803.924
6003 28
6004 28
6084 24
6006 28
6086 24
6162 20
6035 328.956
6039 344.956
6027 296.956
6107 292.956
6184 288.956
6016 264.956
6096 260.956
6173 256.956
6111 308.956
6110 304.956
6081 29
6157 25
6087 24
6113 316.956
6112 312.956
6114 320.956
6191 316.956
6265 312.956
6342 308.956
6160 20
6235 16
6309 12
6164 24
6238 20
6155 858.924
6079 853.924
5998 849.924
5997 845.924
5996 841.924
5995 837.924
5994 833.924
5921 829.924
5920 825.924
5919 821.924
5918 817.924
5917 813.924
5843 809.924
5768 804.924
5767 800.924
5766 796.924
5690 792.924
5610 788.924
5533 783.924
5447 779.924
5355 775.924
5354 771.924
5266 767.924
5183 762.924
5182 758.924
5181 754.924
6156 29
6193 324.956
6195 332.956
6194 328.956
6268 324.956
6345 320.956
6344 316.956
6197 340.956
6196 336.956
6270 332.956
6347 328.956
6346 324.956
6187 300.956
6186 296.956
6189 308.956
6188 304.956
6262 300.956
6339 296.956
6338 292.956
6337 288.956
6415 284.956
6497 280.956
6579 276.956
6658 272.956
6736 268.956
6735 264.956
6810 260.956
6881 256.956
6951 252.956
6190 312.956
6232 21
6307 16
6239 24
6231 25
6306 20
6230 858.924
6154 854.924
6078 849.924
6077 845.924
6076 841.924
6264 308.956
6263 304.956
6340 300.956
6267 320.956
6269 328.956
6271 336.956
6348 332.956
6426 328.956
6425 324.956
6507 320.956
6589 316.956
6668 312.956
6667 308.956
6666 304.956
6665 300.956
6664 296.956
6261 296.956
6241 252.956
6247 252.956
6324 248.956
6312 16
6315 28
6314 24
6390 20
6467 16
6317 36
6316 32
6305 24
6351 342.849
6429 338.849
6511 334.849
6341 304.956
6393 32
6392 28
6469 24
6395 40
6394 36
6384 12
6391 24
6381 24
6382 20
6383 16
6380 859.924
6303 854.924
6228 850.924
6152 846.924
6424 320.956
6423 316.956
6422 312.956
6417 292.956
6499 288.956
6581 284.956
6660 280.956
6659 276.956
6416 288.956
6418 296.956
6409 260.956
6491 256.956
6573 252.956
6412 272.956
6494 268.956
6401 244.956
6484 240.956
6567 236.956
6646 232.956
6725 228.956
6800 224.956
6871 220.956
6459 20
6460 16
6458 24
6461 12
6462 8
6483 240.956
6566 236.956
6645 232.956
6723 228.956
6798 224.956
6869 220.956
6940 216.956
7017 212.956
7087 208.956
7157 204.956
6475 48
6474 44
6477 56
6476 52
6478 60
6466 12
6468 20
6471 32
6470 28
6505 312.956
6504 308.956
6586 304.956
6506 316.956
6588 312.956
6508 324.956
6498 284.956
6500 292.956
6539 20
6540 16
6585 300.956
6587 308.956
6590 320.956
6580 280.956
6583 292.956
6662 288.956
6661 284.956
6582 288.956
6560 64
6565 236.956
6644 232.956
6621 12
6622 8
6651 244.956
6640 69
6633 41
6632 37
6635 49
6636 53
6638 61
6625 9
6627 17
6626 13
6629 25
6628 21
6631 33
6630 29
6713 53
6712 49
6711 45
6714 57
6705 21
6704 17
6703 13
6707 29
6706 25
6709 37
6708 33
6710 41
6697 20
6696 24
6699 12
6698 16
6745 304.956
6744 300.956
6743 296.956
6746 308.956
6737 272.956
6739 280.956
6738 276.956
6813 272.956
6742 292.956
6733 256.956
6732 252.956
6807 248.956
6878 244.956
6948 240.956
7022 236.956
7093 232.956
7163 228.956
7229 224.956
7228 220.956
7294 216.956
7363 212.956
7362 208.956
7361 204.956
7429 200.956
7495 196.956
7566 192.956
7565 188.956
7564 184.956
6776 12
6783 33
6782 29
6771 28
6770 864.924
6694 860.924
6616 855.924
6536 851.924
6535 847.924
6453 843.924
6375 839.924
6298 834.924
6297 830.924
6222 826.924
6221 822.924
6220 818.924
6144 814.924
6068 809.924
6067 805.924
5986 801.924
5985 797.924
5984 793.924
5911 789.924
5837 785.924
5762 780.924
5686 776.924
5685 772.924
5684 768.924
5683 764.924
5603 760.924
5526 755.924
5525 751.924
5524 747.924
5523 743.924
5522 739.924
5436 735.924
5344 731.924
5343 727.924
5342 723.924
5254 719.924
5171 714.924
5170 710.924
5169 706.924
6773 20
6774 16
6772 24
6809 256.956
6880 252.956
6879 248.956
6949 244.956
6811 264.956
6812 268.956
6814 276.956
6793 73
6794 77
6785 41
6784 37
6787 49
6786 45
6789 57
6788 53
6791 65
6790 61
6843 32
6845 24
6846 20
6844 28
6817 288.956
6816 284.956
6864 70
6866 78
6870 220.956
6942 216.956
6857 42
6859 50
6858 46
6861 58
6860 54
6863 66
6862 62
6848 16
6853 26
6852 22
6855 34
6910 96
6893 304.956
6882 260.956
6887 280.956
6936 74
6941 216.956
6929 46
6931 54
6930 50
6933 62
6932 58
6935 70
6934 66
6925 30
6924 26
6915 32
6914 36
6917 24
6916 28
6919 20
6952 256.956
6954 264.956
6957 276.956
6956 272.956
6955 268.956
6959 284.956
6950 248.956
7001 34
7000 30
7002 38
7005 50
7004 46
7007 58
7006 54
6992 28
6995 24
6994 24
6989 40
6990 36
6991 32
7033 280.956
7024 244.956
7029 264.956
7028 260.956
7030 268.956
7016 212.956
7086 208.956
7156 204.956
7222 200.956
7018 212.956
7088 208.956
7023 240.956
7009 66
7008 62
7011 74
7010 70
7013 82
7012 78
7014 86
7065 28
7064 28
7071 35
7057 50
7059 44
7060 40
7058 46
7061 36
7062 32
7049 81
7050 77
7048 85
7051 73
7053 65
7052 69
7055 57
7054 61
7045 97
7046 93
7047 89
7044 101
7097 248.956
7098 252.956
7103 272.956
7090 212.956
7094 236.956
7081 75
7080 71
7083 83
7082 79
7085 208.956
7084 87
7073 43
7072 39
7075 51
7077 59
7076 55
7079 67
7078 63
7129 40
7130 36
7128 44
7133 32
7132 32
7134 32
7121 69
7122 65
7123 61
7120 73
7125 54
7127 48
7126 50
7113 101
7114 97
7115 93
7117 85
7116 89
7119 77
7118 81
7162 220.956
7161 216.956
7160 212.956
7159 208.956
7224 204.956
7164 232.956
7167 244.956
7166 240.956
7153 91
7152 87
7155 204.956
7221 200.956
7288 196.956
7357 192.956
7145 59
7147 67
7146 63
7149 75
7148 71
7151 83
7150 79
7141 43
7140 39
7142 47
7193 44
7192 48
7194 40
7197 36
7196 36
7199 36
7198 36
7185 73
7184 77
7187 65
7186 69
7189 58
7190 54
7191 52
7177 105
7178 101
7179 97
7176 280.956
7175 276.956
7181 89
7180 93
7183 81
7182 85
7171 260.956
7170 256.956
7227 216.956
7226 212.956
7225 208.956
7291 204.956
7360 200.956
7359 196.956
7427 192.956
7493 188.956
7217 91
7216 87
7215 83
7218 95
7220 200.956
7208 55
7211 67
7210 63
7213 75
7212 71
7214 79
7205 43
7207 51
7206 47
7257 56
7258 52
7259 48
7256 58
7260 44
7263 40
7262 40
7249 85
7250 81
7251 77
7248 89
7252 73
7253 69
7241 272.956
7307 268.956
7376 264.956
7375 260.956
7443 256.956
7442 252.956
7508 248.956
7579 244.956
7578 240.956
7240 268.956
7306 264.956
7243 109
7242 276.956
7245 101
7246 97
7247 93
7244 105
7233 240.956
7232 236.956
7235 248.956
7237 256.956
7236 252.956
7302 248.956
7301 244.956
7370 240.956
7290 200.956
7293 212.956
7292 208.956
7295 220.956
7283 91
7282 87
7285 99
7284 95
7287 196.956
7356 192.956
7424 188.956
7491 184.956
7562 180.956
7273 51
7272 47
7275 59
7274 55
7265 40
7264 40
7266 40
7323 62
7325 56
7327 48
7326 52
7319 77
7305 260.956
7310 113
7297 228.956
7366 224.956
7434 220.956
7299 236.956
7368 232.956
7367 228.956
7298 232.956
7303 252.956
7353 104
7352 100
7345 72
7344 68
7347 80
7346 76
7348 84
7351 96
7350 92
7341 56
7340 52
7343 64
7342 60
7329 44
7331 44
7330 44
7333 44
7332 44
7371 244.956
7439 240.956
7505 236.956
7576 232.956
7417 88
7416 84
7415 80
7419 96
7421 104
7420 100
7411 64
7413 72
7412 68
7414 76
7401 48
7400 48
7403 48
7395 52
7394 56
7397 48
7399 48
7398 48
7441 248.956
7432 212.956
7435 224.956
7436 228.956
7438 236.956
7504 232.956
7575 228.956
7425 188.956
7428 196.956
7431 208.956
7497 204.956
7568 200.956
7567 196.956
7640 192.956
7712 188.956
7785 184.956
7784 180.956
7857 176.956
7856 172.956
7430 204.956
7481 84
7480 80
7479 76
7478 72
7483 92
7482 88
7475 60
7477 68
7465 52
7464 52
7466 52
7469 52
7468 52
7463 52
7462 52
7513 113
7446 109
7447 105
7448 101
7449 97
7384 93
7385 89
7386 85
7318 81
7507 244.956
7509 252.956
7580 248.956
7496 200.956
7501 220.956
7572 216.956
7502 224.956
7489 184.956
7560 180.956
7494 192.956
7545 73
7547 81
7546 77
7549 89
7548 85
7551 97
7550 93
7536 56
7543 65
7529 56
7531 56
7530 56
7533 56
7532 56
7535 56
7582 125
7444 117
7379 113
7311 109
7570 208.956
7643 204.956
7552 101
7555 113
7554 109
7608 60
7615 69
7603 60
7605 60
7604 60
7607 60
7592 85
7521 81
7641 196.956
7644 208.956
7647 220.956
7634 176.956
7637 180.956
7709 176.956
7782 172.956
7639 188.956
7638 184.956
7710 180.956
7624 105
7627 117
7626 113
7629 124.956
7630 128.956
7617 77
7619 85
7618 81
7621 93
7620 89
7623 101
7622 97
7677 64
7679 64
7648 224.956
7720 220.956
7654 248.956
7653 244.956
7652 240.956
7651 236.956
7707 172.956
7711 184.956
7697 109
7696 105
7700 121
7703 132.956
7702 128.956
7688 73
7691 85
7693 93
7692 89
7695 101
7694 97
7681 64
7680 64
7713 192.956
7719 216.956
7718 212.956
7771 117
7770 113
7773 125
7761 77
7762 81
7753 68
7752 68
7754 68
7786 188.956
7859 184.956
7789 200.956
7791 208.956
7864 204.956
7790 204.956
7863 200.956
7862 196.956
7776 136.956
7779 169.956
7783 176.956
7835 82
7837 90
7836 86
7839 98
7825 72
7827 72
7826 72
7871 233.211
10012 231.364
7858 180.956
7861 192.956
7850 141.956
7855 168.956
7841 106
7840 102
7842 110
7845 122
7844 118
7847 130
7899 76
7900 76
7923 145.956
7913 106
7915 114
7914 110
7909 90
7908 86
7910 94
7941 216.956
7942 220.956
7990 134
7982 102
8008 204.956
8013 228.294
8012 224.294
10115 220.013
8003 184.956
8005 192.956
8004 188.956
8007 200.956
8006 196.956
8060 164.956
8073 216.956
8072 212.956
8009 208.956
8074 224.307
10077 221.185
8069 200.956
8121 173.956
8120 169.956
