 key  value
8122 184
8063 180
8000 176
7929 172
7855 168
7782 164
7708 160
7635 156
7561 152
7490 148
7424 144
7356 140
7287 136
7221 132
7156 128
7087 124
7017 120
6941 116
6870 112
6799 108
6724 104
6646 100
6567 96
6485 92
6403 88
6325 84
6248 80
6174 76
6097 72
6017 68
5938 64
5864 60
5790 56
5715 52
5636 48
5560 44
5475 40
5385 36
5294 32
5207 28
5128 24
5047 20
4964 16
4880 12
4795 8
4708 4
8125 184
8066 180
8004 176
7933 172
7859 168
7786 164
7713 160
7640 156
7566 152
7495 148
7429 144
7360 140
7291 136
7225 132
7159 128
7089 124
7019 120
6943 116
6872 112
6801 108
6726 104
6647 100
6568 96
6486 92
6404 88
6326 84
6249 80
6175 76
6098 72
6018 68
8124 184
8065 180
8002 176
7931 172
7858 168
7785 164
7711 160
7638 156
7564 152
7493 148
7427 144
7358 140
7289 136
7223 132
7158 128
7088 124
7018 120
8127 184
8068 180
8006 176
7935 172
7861 168
7788 164
7714 160
7642 156
7568 152
7497 148
7430 144
7361 140
7292 136
8126 184
8067 180
8113 204
8054 200
8055 196
8056 192
8057 188
8058 184
8059 180
7997 176
7927 172
7854 168
7781 164
8112 208
8115 196
8116 192
8114 200
8117 188
8119 184
8060 180
8118 184
8105 236
8046 232
7984 228
7914 224
7915 220
7916 216
7917 212
7918 208
7919 204
7920 200
7921 196
7922 192
7923 188
7924 184
7925 180
7926 176
8104 240
8045 236
8107 228
8108 224
8049 220
8050 216
8051 212
8052 208
8053 204
8106 232
8047 228
8048 224
7986 220
8109 220
8110 216
8111 212
8097 268
8098 264
8099 260
8100 256
8101 252
8042 248
7980 244
7910 240
7911 236
7912 232
7913 228
8096 272
8103 244
8044 240
8102 248
8043 244
8155 268
8156 264
8157 260
8159 252
8158 256
8136 344
8137 340
8138 336
8081 332
8022 328
8023 324
8024 320
7962 316
7963 312
7964 308
7894 304
7895 300
7896 296
7897 292
7898 288
7899 284
7900 280
7901 276
7902 272
7903 268
7904 264
7905 260
7906 256
7907 252
7908 248
7909 244
8128 184
8069 180
8185 188
8184 188
8177 188
8120 184
8061 180
7998 176
8176 188
8179 188
8121 184
8062 180
7999 176
7928 172
8178 188
8181 188
8180 188
8183 188
8182 188
8169 212
8170 208
8171 204
8168 216
8173 196
8172 200
8175 188
8174 192
8161 244
8162 240
8163 236
8160 248
8165 228
8164 232
8167 220
8166 224
8217 252
8216 256
8219 244
8220 240
8221 236
8222 232
8218 248
8223 228
8224 224
8215 260
8214 264
8241 192
8240 192
8242 192
8233 192
8232 192
8235 192
8234 192
8237 192
8236 192
8239 192
8238 192
8225 220
8226 216
8227 212
8228 208
8229 204
8230 200
8231 196
8281 212
8280 216
8283 204
8284 200
8282 208
8285 196
8287 196
8286 196
8273 244
8274 240
8275 236
8272 248
8277 228
8276 232
8279 220
8278 224
91 249
111 245
125 241
143 237
171 233
209 229
254 225
304 221
359 217
419 211
482 207
481 203
550 196
549 192
548 188
619 184
689 180
768 176
854 172
938 168
1012 164
1081 160
1153 156
1235 152
1317 148
1498 140
1685 132
1780 128
1867 124
1951 120
2040 116
2132 112
2222 108
2309 104
2397 100
2483 96
2567 92
2654 88
2742 84
2830 80
2927 76
3029 72
3121 68
3215 64
3310 60
3405 56
3490 52
3571 48
3657 44
3739 40
3825 36
3914 32
4003 28
4092 24
4182 20
4275 16
4365 12
4453 8
4541 4
8269 260
93 249
113 245
127 241
144 237
172 233
8268 264
92 249
8271 252
8270 256
8319 260
8320 256
8318 264
8298 196
8245 192
8187 188
8129 184
8070 180
8008 176
7937 172
7863 168
7790 164
7716 160
7644 156
7571 152
7500 148
7434 144
7365 140
7296 136
7230 132
7163 128
7093 124
7022 120
6948 116
6877 112
6806 108
6731 104
6652 100
6573 96
6490 92
6408 88
6330 84
6253 80
6178 76
6100 72
6020 68
5941 64
5867 60
5793 56
5718 52
5638 48
5561 44
5476 40
126 241
8289 196
8288 196
112 245
8291 196
115 252
129 248
146 244
174 240
211 236
256 232
306 228
361 224
422 220
485 216
555 212
626 208
696 204
774 197
859 191
858 187
857 183
940 176
939 172
8290 196
114 249
8293 196
8292 196
8294 196
8344 200
8349 201.834
9963 199.869
8299 196
8246 192
8189 188
8132 184
8073 180
8010 176
7939 172
7866 168
7793 164
7720 160
7647 156
7574 152
7503 148
7436 144
7367 140
7298 136
7232 132
7165 128
7095 124
7024 120
6949 116
6879 112
6808 108
6733 104
6655 100
6576 96
6493 92
6410 88
6331 84
6254 80
6180 76
6102 72
6022 68
5943 64
5868 60
110 245
124 241
141 237
170 233
208 229
253 225
8337 200
8336 200
8339 200
8338 200
8341 200
8340 200
8343 200
8342 200
8329 220
8330 216
8331 212
8332 208
8333 204
8328 224
8335 200
8334 200
8321 252
8322 248
8323 244
145 241
173 237
210 233
147 248
175 244
8325 236
8326 232
8327 228
149 255
177 251
214 247
213 243
258 239
308 235
363 231
424 227
487 223
557 219
628 215
697 208
8324 240
148 251
176 247
150 259
8377 224
8376 228
8379 216
8378 220
8381 208
8380 212
8383 204
8382 204
8369 256
8370 252
8368 260
128 245
8371 248
131 255
130 252
8373 240
133 263
132 259
8372 244
8375 232
8374 236
179 259
178 255
215 251
181 267
180 263
217 259
216 255
8393 204
8345 200
8296 196
8243 192
8186 188
219 267
218 263
8385 204
8384 204
8387 204
8386 204
8389 204
8388 204
212 240
257 236
307 232
8391 204
8390 204
8441 208
8392 204
8440 208
8433 208
8432 208
8435 208
8434 208
8437 208
8436 208
8439 208
8438 208
8425 232
8424 236
8427 224
8426 228
8429 216
8428 220
8431 208
255 229
8430 212
8419 256
8420 252
8418 260
8421 248
8423 240
8422 244
8473 232
8474 228
8472 236
8475 224
8477 216
8478 212
8476 220
8479 212
8467 256
8466 260
8469 248
8470 244
8471 240
8468 252
264 263
263 259
262 255
312 251
311 247
310 243
309 239
266 271
265 267
315 263
370 259
431 255
494 251
493 247
563 243
634 239
633 235
632 231
631 227
630 223
629 219
8499 316
8500 312
8501 308
8455 304
8408 300
8409 296
8410 292
8411 288
8412 284
8363 280
8315 276
8316 272
8317 268
259 243
261 251
313 255
314 259
369 255
430 251
429 247
428 243
427 239
490 235
489 231
488 227
558 223
317 270.127
372 266.127
433 262.127
496 258.127
567 254.127
638 250.127
708 246.127
785 242.127
869 238.127
947 234.127
1018 230.127
1087 226.127
1159 222.127
1242 218.127
1325 214.127
1415 210.127
1414 206.127
1605 188.895
1604 184.895
1700 181
1793 174
1792 170
1791 166
1790 162
1789 158
1875 154
1874 150
1958 146
2047 142
2046 138
2045 134
2044 130
2135 123
2312 115
2399 108
2398 104
316 267
371 263
319 270.127
374 266.127
435 262.127
499 258.127
570 254.127
641 250.127
710 246.127
786 242.127
870 238.127
318 270.127
8481 212
305 225
8480 212
8483 212
8482 212
8485 212
8484 212
8487 212
8486 212
299 204
355 200
415 196
476 192
545 188
616 184
687 180
766 176
852 172
936 168
1010 164
1234 152
8529 216
8528 216
8531 216
8530 216
8533 216
8532 216
8521 228
8520 232
8523 220
8522 224
8525 216
8524 216
8527 216
8526 216
8515 252
8516 248
8517 244
8514 256
8519 236
8518 240
8569 220
8568 220
8571 220
8570 220
8573 220
8572 220
8575 220
8574 220
8561 248
8560 252
8563 240
8562 244
8565 232
8564 236
8567 224
8566 228
368 251
373 266.127
434 262.127
498 258.127
568 254.127
639 250.127
709 246.127
375 266.127
436 262.127
360 221
362 228
8605 248
365 239
426 235
8604 252
364 235
425 231
8607 240
367 247
8606 244
366 243
353 200
413 196
475 192
544 188
615 184
686 180
8589 312
8590 308
8591 304
8548 300
8504 296
8458 292
8459 288
8588 316
412 196
474 192
543 188
614 184
685 180
765 176
851 172
414 196
8576 220
8632 308
8631 312
8630 316
8617 224
8616 224
8619 224
8618 224
8609 232
8608 236
432 259
8611 224
8610 228
8613 224
8612 224
8615 224
8614 224
8671 312
8670 316
8657 228
8656 228
416 196
478 192
547 188
618 184
688 180
8659 228
8658 228
8661 228
8620 224
8577 220
421 217
484 213
554 209
625 205
695 201
8660 228
420 215
423 224
8649 240
8650 236
8651 232
473 193
542 189
8648 244
8653 228
477 192
8652 228
8655 228
8654 228
469 193
538 189
609 185
680 181
760 177
847 173
932 169
1008 165
1078 161
1150 156
1316 148
1496 140
1590 136
1683 132
1864 124
2129 112
2220 108
2307 104
2395 100
2481 96
2565 92
2652 88
2741 84
2829 80
2926 76
3028 72
3120 68
3214 64
8647 248
471 193
539 189
610 185
681 181
8646 252
8697 232
8696 232
8699 232
8698 232
8701 232
8700 232
8689 240
8690 236
8691 232
8693 232
8692 232
8695 232
8694 232
8686 252
497 258.127
8672 308
8673 304
8634 300
8593 296
8550 292
8506 288
8507 284
8461 280
8414 276
8415 272
8416 268
8367 264
8729 236
8728 240
8731 236
491 239
561 235
8730 236
8733 236
8732 236
492 243
562 239
8735 236
495 255
8734 236
483 211
553 207
624 203
623 199
693 195
772 191
8726 248
8688 244
486 220
537 190
541 189
612 185
683 181
762 177
849 173
933 169
540 189
611 185
682 181
8711 308
8710 312
8763 248
8727 244
8765 240
8764 244
8767 240
8766 240
8747 312
8746 316
8748 308
8712 304
8713 300
8714 296
8715 292
8716 288
8717 284
8718 280
8680 276
8681 272
8642 268
8643 264
8602 260
8559 256
8737 236
8736 236
8739 236
8738 236
565 251
636 247
635 243
564 247
566 254.127
637 250.127
707 246.127
783 242.127
867 238.127
945 234.127
1017 230.127
552 203
556 216
8787 312
8788 308
8789 304
8790 300
8791 296
8792 292
8753 288
8786 316
546 188
617 184
551 199
622 195
692 191
771 187
8776 240
8740 236
605 198
606 194
607 190
608 186
679 182
759 178
8780 242.363
9950 236.701
8704 232
8665 228
8623 224
8580 220
8536 216
8489 212
8442 208
8769 240
8768 240
8771 240
8770 240
8773 240
8772 240
8775 240
8774 240
8827 312
8828 308
8829 304
8830 300
8831 296
8816 244
8777 240
8741 236
8702 232
8662 228
8809 244
8808 244
8811 244
8810 244
8813 244
8812 244
8815 244
8814 244
8801 256
8762 252
8800 260
8803 248
8804 244
8805 244
8807 244
8806 244
621 192
620 188
8849 248
8848 248
8851 248
8850 248
8853 248
613 185
8852 248
8854 248
8841 256
8842 252
8843 248
8845 248
8844 248
8847 248
8846 248
8890 251.992
9969 248.062
8881 252
8880 252
8883 252
8882 252
642 254.127
711 250.127
787 246.127
8885 252
8884 252
8887 252
8886 252
8877 256
8879 252
8878 252
691 188
770 184
856 180
855 176
694 199
8920 256
684 181
764 177
8913 256
8912 256
8915 256
675 198
755 194
843 189
844 185
845 181
846 177
931 173
1007 169
8914 256
8917 256
677 190
678 186
8916 256
676 194
8919 256
8918 256
8911 260
8910 264
8953 260
8952 260
712 254.127
788 250.127
8945 260
8944 264
8947 260
8946 260
8949 260
8948 260
8951 260
8950 260
761 177
848 173
763 181
767 176
853 172
753 202
841 197
926 193
927 189
928 185
929 181
930 177
754 198
842 193
757 186
756 190
758 182
8985 264
8984 264
8977 264
8976 268
8979 264
8978 264
8981 264
8980 264
8983 264
8982 264
8975 272
8943 268
8974 276
784 242.127
868 238.127
789 254.127
790 258.127
9017 268
8986 264
9016 268
9009 268
769 180
9008 268
9011 268
9010 268
9013 268
9012 268
9015 268
9014 268
9005 280
9006 276
9007 272
8997 312
8966 308
8934 304
8901 300
8867 296
8832 292
8793 288
8794 284
8795 280
8756 276
8720 272
8682 268
8998 308
8967 304
8968 300
8969 296
8970 292
8938 288
8939 284
8940 280
8907 276
8873 272
8874 268
8839 264
8840 260
9041 272
9040 272
9043 272
9042 272
9045 272
9044 272
9047 272
9046 272
9037 276
9038 272
9036 280
9039 272
850 177
934 173
1009 169
9029 308
9030 304
9031 300
9032 296
9002 292
9003 288
8972 284
9028 312
840 201
9073 276
9072 276
9075 276
835 221
836 217
837 213
922 209
923 205
924 201
925 197
9074 276
839 205
838 209
9065 280
9066 276
9064 284
9067 276
9069 276
9068 276
9071 276
9070 276
9059 304
9060 300
9058 308
9063 288
9035 284
9113 312
9087 308
9088 304
873 250.127
872 246.127
871 242.127
875 258.127
874 254.127
9117 296
9091 292
876 262.127
953 258.127
1024 254.127
1023 250.127
1022 246.127
1091 242.127
1090 238.127
1089 234.127
1161 230.127
1244 226.127
1327 222.127
1417 218.127
1416 214.127
9119 288
9093 284
9094 280
9118 292
9104 280
9076 276
9048 272
9097 280
921 213
9096 280
920 217
9099 280
9098 280
9101 280
9100 280
9103 280
9102 280
9092 288
9095 280
9145 296
9146 292
9144 300
9147 288
9120 284
9149 288
9121 284
9148 288
9151 288
9123 284
9150 288
9141 312
9142 308
9115 304
9089 300
9061 296
9033 292
9143 304
9128 284
952 254.127
951 250.127
950 246.127
949 242.127
1020 238.127
9130 284
954 262.127
9133 283.992
9107 279.992
9078 275.992
9050 271.992
9020 267.992
8989 263.992
8957 259.992
8924 255.992
944 234.127
1016 230.127
1085 226.127
1157 222.127
1241 218.127
9122 284
946 234.127
9125 284
9124 284
9127 284
9126 284
9177 292
9176 292
937 168
1011 164
9179 292
9154 288
9178 292
9152 288
9181 292
9155 288
9180 292
9182 292
9157 288
9129 284
9169 304
9171 296
9170 300
9173 292
9172 292
9175 292
935 168
9174 292
9153 288
9201 296
9200 296
9203 296
9202 296
9205 296
9204 296
9206 296
9193 308
9195 300
9196 296
1019 234.127
1088 230.127
9197 296
1021 242.127
9199 296
9198 296
1015 230.127
1014 231.127
1156 223.127
1240 219.127
1324 215.127
9241 304
9219 300
1001 216
1000 220
9243 304
9221 300
1003 193.26
1074 189.26
1143 185.26
1226 181.26
10048 177.587
1227 176
1228 172
1229 168
1230 164
1231 160
1232 156
1233 152
9242 304
9245 304
9224 300
1005 188
1006 184
9244 304
9222 300
1004 192
9247 304
9225 300
9246 304
9227 300
9226 300
9228 300
9220 300
9223 300
1037 310.004
1104 306.004
1180 302.004
1263 298.004
1349 294.004
1439 290.004
1438 286.004
1437 282.004
1436 278.004
1435 274.004
1531 270.004
1624 266.004
1721 262.004
1720 258.004
1719 254.004
1809 250.004
1808 246.004
1807 242.004
1889 238.004
1977 234.004
1976 230.004
2066 226.004
2155 222.004
2240 218.004
2239 214.004
2238 210.004
2237 206.004
2324 202.004
2409 198.004
2493 194.004
2578 190.004
2664 186.004
2752 182.004
2840 178.004
2940 174.004
3043 170.004
3133 166.004
3225 162.004
3319 158.004
3409 154.004
3497 150.004
3582 146.004
3665 142.004
3750 138.004
3839 134.004
3928 130.004
4016 126.004
4105 122.004
4196 118.004
4381 110.004
4470 106.004
4557 102.004
4643 98.004
9898 92.553
4729 88.036
4728 84.036
4727 80.036
9909 76.112
4726 72
4642 64
4641 60
4640 56
4639 52
4638 48
4637 44
4636 40
4635 36
4634 32
4633 28
4632 24
4631 20
4630 16
4629 12
4628 8
4627 4
1027 262.004
1097 258.004
1169 254.004
1253 250.004
1336 246.004
1426 242.004
1522 238.004
1615 234.004
1712 230.004
1803 226.004
1885 222.004
1973 218.004
2063 214.004
2152 210.004
1026 262.004
1095 258.004
1167 254.004
1250 250.004
1334 246.004
1424 242.004
1521 238.004
1614 234.004
1711 230.004
1801 226.004
1883 222.004
1971 218.004
2062 214.004
1028 262.004
1080 160
1152 156
1084 227.127
9249 304
1073 190.26
9248 304
1075 189.26
1144 185.26
1077 164
1148 160
1076 188
1096 258.004
1168 254.004
1251 250.004
1335 246.004
1425 242.004
1099 258.004
1171 254.004
1254 250.004
1337 246.004
1427 242.004
1523 238.004
1616 234.004
1713 230.004
1102 270.004
1174 266.004
1257 262.004
1256 258.004
1339 254.004
1429 250.004
1428 246.004
1524 242.004
1617 238.004
1714 234.004
1804 230.004
1145 172
1146 168
1147 164
1142 189.26
1183 314.004
1182 310.004
1181 306.004
1170 254.004
1173 262.004
1172 258.004
1255 254.004
1160 226.127
1243 222.127
1326 218.127
1163 238.127
1246 234.127
1245 230.127
1162 234.127
1165 246.127
1248 242.127
1247 238.127
1166 250.127
1158 222.127
9421 1791.96
9422 1693.96
9423 1595.96
9424 1497.96
9442 1322.96
9443 1223.96
9461 1088.96
9477 982.956
9494 875.956
9512 743.956
9531 636.956
9551 529.956
6006 340.956
6087 335.956
6163 331.956
6238 327.956
6313 322.956
6314 318.956
6315 314.956
6316 310.956
6317 306.956
6395 299.956
6474 292.956
6475 288.956
6556 284.956
6636 279.956
6714 275.956
6715 271.956
6791 267.956
6864 262.956
6936 258.956
7012 254.956
7083 249.956
7152 245.956
7217 241.956
7284 237.956
7352 232.956
7421 228.956
7487 224.956
9982 221.015
7556 216
7557 212
7558 208
7631 201
7704 197
7777 193
7851 188
7852 184
9420 1889.96
1225 185.26
1224 186.533
1223 182.533
1306 175.533
1393 169.533
1487 165.533
1584 161.533
1677 157.533
1773 153.533
1862 149.533
1946 145.533
2035 141.533
2127 137.533
2218 133.533
2305 129.533
2392 125.533
2478 118.595
2734 102
2820 97
2913 93
3015 89
3108 85
3203 80
3300 76
3395 72
3482 67
3564 63
3649 59
3732 54
3820 50
3907 46
3996 42
4086 37
4176 33
4177 29
4178 25
4179 21
4272 17
4363 12
4452 8
4540 4
1221 181.533
1220 177.533
1305 173.533
1392 169.533
1484 165.533
1582 161.533
1675 157.533
1772 153.533
9462 1052.46
9939 962.042
9478 944.136
9942 855.257
9495 836.956
1222 185.533
1264 302.004
1269 322.004
1268 318.004
1267 314.004
1266 310.004
1265 306.004
1259 282.004
1345 278.004
9493 930.956
9511 797.956
9530 691.956
9550 585.956
9572 456.956
5928 359.956
1252 250.004
1304 174.533
1307 179.533
1309 187.533
1308 183.533
1311 180
1312 176
1310 184
9529 790.956
9528 889.956
9532 632.956
9525 1778.2
9544 1676.2
9563 1583.2
9586 1481.2
9607 1379.2
9629 1287.2
9630 1190.2
9631 1093.2
9984 1041.6
9609 962
9610 862
9611 762
9612 662
9613 562
9614 462
7873 396
7800 392
7801 388
7802 384
7875 380
7876 376
7877 372
7878 368
7879 364
7880 360
7881 356
7882 352
7883 348
7884 344
7885 340
7886 336
7887 332
7888 328
7889 324
7890 320
7891 316
7892 312
7893 308
9524 1873.2
9543 1771.2
9562 1678.2
9585 1577.2
9606 1476.2
9628 1384.2
9527 988.956
9513 739.956
1338 250.004
1341 262.004
1431 258.004
1527 254.004
1620 250.004
1717 246.004
1340 258.004
1343 270.004
1433 266.004
1529 262.004
1622 258.004
1342 266.004
1432 262.004
1528 258.004
1621 254.004
1718 250.004
1329 230.127
1419 226.127
1418 222.127
1328 226.127
9506 1974.2
1330 234.127
9509 993.956
9510 895.956
1332 242.127
1331 238.127
1421 234.127
1420 230.127
9567 946.956
9568 848.956
9569 750.956
9570 652.956
9571 554.956
9566 1044.96
1319 148
1405 144
1499 140
1593 136
1686 132
1318 148
1404 144
9547 884.956
9546 983.956
9549 685.956
9548 784.956
9593 453.956
6911 401.956
6912 397.956
6913 393.956
6982 382.956
7051 377.956
7120 373.956
7121 369.956
7122 365.956
7123 361.956
7124 357.956
7125 353.956
7126 349.956
7127 345.956
7128 341.956
7129 337.956
7130 333.956
7131 329.956
7132 325.956
7133 321.956
7134 317.956
7135 313.956
7136 309.956
7137 305.956
7138 301.956
7139 297.956
7140 293.956
7141 289.956
7142 285.956
7143 281.956
7208 277.956
7275 273.956
7343 268.956
7412 264.956
7413 260.956
7479 256.956
7480 252.956
7481 248.956
7482 244.956
7483 240.956
7484 236.956
7485 232.956
7486 228.956
9592 552.956
9595 705.004
9594 606.004
5374 532.004
5286 528.004
5203 523.004
5123 519.004
5041 515.004
4957 510.004
4872 506.004
4785 502.004
4696 497.004
4610 493.004
4523 489.004
4434 485.004
4342 480.004
4341 476.004
4340 472.004
4248 468.004
4247 464.004
4154 460.004
4064 455.004
4063 451.004
4062 447.004
3972 443.004
3971 439.004
3882 435.004
3794 431.004
3706 426.004
3705 422.004
3621 418.004
3620 414.004
3534 410.004
3448 405.004
3447 401.004
3446 397.004
3445 393.004
3444 389.004
3443 385.004
3442 381.004
3441 377.004
3440 373.004
3439 369.004
3438 365.004
3437 361.004
3436 357.004
3435 353.004
3434 349.004
3433 345.004
3432 341.004
3431 337.004
3430 333.004
3429 329.004
3428 325.004
3427 321.004
3426 317.004
3425 313.004
3424 309.004
3423 305.004
3422 301.004
3421 297.004
3337 293.004
3336 289.004
3335 285.004
3334 281.004
3333 277.004
3332 273.004
3331 269.004
3330 265.004
3329 261.004
3328 257.004
3327 253.004
3326 249.004
3325 245.004
3324 241.004
3323 237.004
3229 230.004
3138 225.004
3137 221.004
3045 217.004
2949 210.004
2948 206.004
2947 202.004
2946 198.004
2945 194.004
2944 190.004
2943 186.004
2942 182.004
2941 178.004
1352 306.004
1442 302.004
1538 298.004
1537 294.004
1536 290.004
1629 286.004
1726 282.004
1725 278.004
1724 274.004
1723 270.004
1722 266.004
1812 262.004
1811 258.004
1810 254.004
1355 318.004
1445 314.004
1444 310.004
1443 306.004
1357 326.004
1356 322.004
1446 318.004
1359 334.004
1449 330.004
1448 326.004
1544 322.004
1637 318.004
1734 314.004
1824 310.004
1906 306.004
1994 302.004
1993 298.004
1992 294.004
2082 290.004
2081 286.004
2080 282.004
2079 278.004
2168 274.004
2167 270.004
2252 266.004
2339 262.004
2424 258.004
2423 254.004
2422 250.004
2421 246.004
2420 242.004
2504 238.004
2589 234.004
2588 230.004
2587 226.004
2586 222.004
2585 218.004
2671 214.004
2670 210.004
2669 206.004
2757 202.004
2845 198.004
1358 330.004
1347 286.004
1346 282.004
9589 849.956
9590 750.956
9591 651.956
9588 948.956
1348 290.004
1350 298.004
1401 171
1314 167
1315 163
1400 175
1403 144
1497 140
1591 136
1778 128
1949 120
2038 116
2130 112
2221 108
2308 104
1402 167
1395 176.533
1489 172.533
1586 168.533
1679 164.533
1775 160.533
1863 153.533
1947 149.533
2036 145.533
2128 141.533
1394 173.533
9573 68
4102 64
4194 60
4286 56
4376 52
4375 48
4463 44
4462 40
4461 36
4460 32
4459 28
4458 24
4457 20
4544 16
1397 184.533
1396 180.533
1399 179
9574 602.004
3561 518.004
3475 513.004
3474 509.004
3473 505.004
3472 501.004
3471 497.004
3470 493.004
3469 489.004
3468 485.004
3467 481.004
3466 477.004
3465 473.004
3464 469.004
3463 465.004
3462 461.004
3461 457.004
3460 453.004
3459 449.004
3458 445.004
3457 441.004
3456 437.004
3455 433.004
3454 429.004
3453 425.004
3452 421.004
3451 417.004
3450 413.004
3449 409.004
1398 186
1391 170.533
1483 166.533
1581 162.533
9617 708.004
9616 609.004
7111 544.004
7110 540.004
7109 536.004
7108 532.004
7038 524.004
7037 520.004
6967 513.004
6966 509.004
6965 505.004
6964 501.004
6896 494.004
6828 489.004
6827 485.004
6754 481.004
6753 477.004
6677 473.004
6599 468.004
6519 464.004
6437 460.004
6359 456.004
6282 451.004
6207 447.004
6131 443.004
6055 438.004
5974 434.004
5973 430.004
5972 426.004
5899 422.004
5898 418.004
5824 414.004
5749 409.004
5673 405.004
5593 401.004
5516 396.004
5515 392.004
5514 388.004
5513 384.004
5512 380.004
5511 376.004
5425 372.004
5333 368.004
5245 364.004
5162 359.004
5082 355.004
5000 351.004
4916 346.004
4831 342.004
4744 338.004
4655 333.004
4569 329.004
4482 325.004
4393 321.004
4301 316.004
4209 312.004
4116 308.004
4026 303.004
3936 299.004
3847 295.004
3759 291.004
3671 286.004
3587 282.004
3501 278.004
3415 273.004
1434 270.004
1430 254.004
9657 704
9636 601
9656 801
9635 698
9658 802
9661 810.76
9638 702.76
10125 688.176
9660 739.004
9637 631.004
9615 538.004
6824 479.004
6751 475.004
6675 471.004
6598 467.004
6518 463.004
6436 459.004
6358 455.004
9655 899
9634 795
9654 996
9633 892
9639 724.004
9681 847.004
9680 809
9682 918.76
1447 322.004
9677 1073.47
10128 974.061
1500 140
9679 807
9678 904
1491 181.129
9901 177.519
1588 176.533
1587 172.533
1490 176.533
1493 185
1494 181
1492 185.129
1495 144
9721 1002
9700 898
9720 1000
1482 174.533
1579 170.533
1580 166.533
1674 161.533
1485 165.533
1486 165.533
1583 161.533
1676 157.533
1530 266.004
1533 278.004
1626 274.004
1532 274.004
1534 282.004
9699 995
9701 900
1525 246.004
1526 250.004
1619 246.004
1716 242.004
1806 238.004
1888 234.004
1513 218.127
1512 214.127
1511 210.127
1515 226.127
1514 222.127
1517 234.127
1516 230.127
9742 1180
9741 1081
1553 358.004
1552 354.004
1645 350.004
1742 346.004
1832 342.004
1914 338.004
1913 334.004
2001 330.004
2000 326.004
2090 322.004
2089 318.004
2088 314.004
2087 310.004
2176 306.004
2175 302.004
2260 298.004
2347 294.004
2346 290.004
2345 286.004
2430 282.004
2514 278.004
2599 274.004
2685 270.004
2773 266.004
2772 262.004
2860 258.004
2960 254.004
2959 250.004
2958 246.004
2957 242.004
2956 238.004
2955 234.004
2954 230.004
2953 226.004
2952 222.004
2951 218.004
2950 214.004
1555 366.004
1648 362.004
1745 358.004
1835 354.004
1917 350.004
1916 346.004
1915 342.004
1554 362.004
1556 370.004
1649 366.004
1545 326.004
1546 330.004
1639 326.004
1736 322.004
1735 318.004
1825 314.004
1907 310.004
1549 342.004
1548 338.004
1547 334.004
1551 350.004
1644 346.004
1741 342.004
1831 338.004
1550 346.004
1643 342.004
1740 338.004
1830 334.004
1829 330.004
1911 326.004
1999 322.004
1541 310.004
1540 306.004
1633 302.004
1632 298.004
1729 294.004
1728 290.004
1727 286.004
1817 282.004
1816 278.004
1898 274.004
1986 270.004
1985 266.004
1984 262.004
1983 258.004
2073 254.004
2162 250.004
2247 246.004
2334 242.004
2333 238.004
2332 234.004
2417 230.004
2416 226.004
2500 222.004
9782 1408
9781 1311
9761 1185
1543 318.004
1542 314.004
1592 136
1585 165.533
1678 161.533
9762 1285
1589 140
9819 1477
9799 1374
9779 1273
9760 1183
9818 1476
9821 1483
9801 1379
9780 1275
9820 1480
9800 1376
9823 1600.23
9804 1503.23
9784 1406.23
9763 1293.77
9744 1196.77
9723 1099.77
10126 1006.03
9702 921.004
9822 1519
9802 1415
1625 270.004
1627 278.004
1628 282.004
1630 290.004
1618 242.004
1623 262.004
9798 1397
9778 1295
9759 1205
9740 1103
1609 230.127
1608 226.127
1607 222.127
1611 234.004
1708 230.004
1799 226.004
1882 222.004
1970 218.004
2061 214.004
2151 210.004
1610 234.004
1707 230.004
1797 226.004
1880 222.004
1968 218.004
2059 214.004
2149 210.004
2235 206.004
2322 202.004
2407 198.004
2492 194.004
2577 190.004
2663 186.004
1613 234.004
1710 230.004
1612 234.004
1709 230.004
1800 226.004
9844 732.306
9833 715.243
10024 680.584
9830 640.494
9871 590.153
9829 533.467
9912 496.555
9828 465.236
9927 422.768
9827 383.896
9897 368.175
1606 218.127
1657 397.004
1656 393.004
1753 389.004
1843 385.004
1925 381.004
2013 377.004
2103 373.004
2192 369.004
2191 365.004
2190 361.004
2275 357.004
2362 353.004
2361 349.004
2446 345.004
2445 341.004
2444 337.004
2528 333.004
2527 329.004
2612 325.004
2697 318.004
2696 314.004
2695 310.004
2694 306.004
2782 302.004
2781 298.004
2869 294.004
2969 290.004
2968 286.004
2967 282.004
2966 278.004
2965 274.004
2964 270.004
2963 266.004
2962 262.004
2961 258.004
9835 687.166
9879 674.598
9834 749.857
9843 715.979
1658 401.004
1755 397.004
1845 393.004
1927 389.004
2015 385.004
2014 381.004
2104 377.004
9836 570.272
9904 529.883
9826 122.919
6240 111
6241 107
6167 103
6090 99
6010 95
5931 91
5857 87
5783 83
5784 79
5709 75
5630 71
5554 67
5469 63
5379 59
5380 55
5381 51
5382 47
5383 43
5292 39
5206 32
5127 28
5046 24
4963 20
4879 16
4794 12
4707 8
1651 373.004
1748 369.004
1747 365.004
1837 361.004
1919 357.004
2007 353.004
2097 349.004
2186 345.004
2271 341.004
2358 337.004
2443 333.004
1650 369.004
1653 381.004
1750 377.004
1749 373.004
9831 734.143
10007 683.004
1652 377.004
9881 311.585
1640 330.004
1642 338.004
1739 334.004
1738 330.004
1828 326.004
1910 322.004
1998 318.004
9885 145.464
1647 358.004
1744 354.004
1743 350.004
1646 354.004
1635 310.004
1732 306.004
1731 302.004
1730 298.004
1634 306.004
1636 314.004
1733 310.004
1638 322.004
9866 211.646
604 202
1684 132
1777 128
9913 86.286
1673 170.533
9915 63.145
9914 99.454
9825 90.551
5627 83
5628 79
5552 75
5553 71
9917 253.88
7084 248.956
7153 244.956
7218 240.956
7285 236.956
9916 474.692
9919 443.419
9918 125.843
9905 218.859
9906 108.032
4469 106.004
9908 325.616
3249 323.004
3248 319.004
3340 312.004
9911 321.775
9910 28.474
9896 314.144
9899 98.816
2823 95
2916 91
3017 87
3110 83
3204 79
3301 75
3396 71
3483 66
3565 62
3650 58
9900 267.769
6794 264.956
7014 252.956
9903 143.081
3749 138.004
9902 446.256
1715 238.004
9893 181.032
9895 64.353
4170 57
4171 53
4172 49
4173 45
4174 41
4175 37
9894 128.621
9945 577.371
3476 517.004
1705 227.127
9944 457.253
1769 453.004
1768 449.004
1767 445.004
1857 441.004
1939 437.004
2027 433.004
2026 429.004
2025 425.004
2024 421.004
2114 417.004
2203 413.004
2288 409.004
2287 405.004
2286 401.004
2373 397.004
2372 393.004
2371 389.004
2370 385.004
2369 381.004
2368 377.004
2367 373.004
2452 369.004
2536 365.004
2621 361.004
2620 357.004
2619 353.004
2618 349.004
2617 345.004
2616 341.004
2615 337.004
2614 333.004
2613 329.004
1704 223.127
9946 439.003
918 437.004
917 433.004
916 429.004
915 425.004
914 421.004
992 417.004
991 413.004
1063 409.004
1062 405.004
1061 401.004
1060 397.004
1126 393.004
1202 389.004
1285 385.004
1371 381.004
1461 377.004
1557 373.004
1706 231.127
9949 112.606
6510 107
6509 103
6426 99
6347 95
6269 90
6194 86
6193 82
6115 78
6034 73
5953 69
5879 65
5804 61
5728 56
5648 52
5571 48
5485 43
5394 39
5302 35
5214 31
5134 26
5052 22
4968 18
4883 13
4797 9
4709 5
9948 234.485
9951 287.187
9936 914.728
1699 178
1698 174
1697 170
1696 166
1695 162
9938 859.656
9943 473.667
1702 196.895
9928 121.829
4195 118.004
4288 114.004
4379 110.004
1752 385.004
1751 381.004
1841 377.004
1923 373.004
2011 369.004
2101 365.004
1754 393.004
9933 868.043
1757 405.004
1756 401.004
1846 397.004
1928 393.004
1758 409.004
9920 199.699
9923 341.034
3159 337.004
3158 333.004
3157 329.004
1746 362.004
9924 313.458
9926 142.538
1737 326.004
9976 380.576
6005 344.956
6086 339.956
9979 304.995
2871 302.004
2971 298.004
2970 294.004
9981 1759.44
9968 314.851
9270 308.805
10129 307.524
9252 303.992
9231 299.992
9208 295.992
9184 291.992
9159 287.992
9132 283.992
9106 279.992
9971 169.861
7870 169
7796 164
7723 160
7650 156
7577 152
7506 148
7440 144
7371 140
7302 136
7236 132
7170 128
7099 124
7028 120
6953 116
6883 112
6812 108
6737 104
6659 100
6580 96
6498 92
6416 88
6337 84
6260 80
6185 76
6107 72
6027 68
5947 64
5873 60
5799 56
5724 52
5644 48
5567 44
5482 40
5391 36
5299 32
5211 28
5132 24
5050 20
4966 16
4882 12
4796 8
9973 687.915
9972 118.84
6893 116
6821 111
6745 107
6666 103
6586 98
6503 94
6420 90
6341 86
6263 81
6188 77
6110 73
6030 69
5949 65
5875 61
5800 57
9975 243.058
9974 637.419
9960 93.624
5069 89
4985 85
4900 80
4814 76
9967 211.908
8445 208
8395 204
8346 200
9966 296.819
3845 293.004
3757 289.004
3586 281.004
3500 277.004
9952 288.018
9954 175.134
7941 172
7868 168
7795 164
7721 160
7648 156
1781 128
9956 387.686
5669 383.004
5510 375.004
5424 371.004
5332 367.004
5244 363.004
5161 358.004
5081 354.004
4999 350.004
4915 345.004
4830 341.004
4743 337.004
4654 332.004
4568 328.004
4481 324.004
4392 320.004
4300 315.004
4208 311.004
4115 307.004
4025 302.004
3935 298.004
3846 294.004
3758 290.004
3670 285.004
9959 243.953
10009 953.331
10008 168.184
7779 164
7706 160
7634 156
1771 154.533
1861 150.533
1770 457.004
1774 157.533
10005 230.85
1819 290.004
1901 286.004
1989 282.004
1988 278.004
1987 274.004
1818 286.004
1821 298.004
1820 294.004
1902 290.004
9999 305.616
963 299.957
962 295.957
1035 291.957
1103 285.101
1034 278.101
1033 274.101
1032 270.103
10013 269.274
1031 266.004
1100 262.004
1813 266.004
1815 274.004
1814 270.004
10041 120.973
10040 390.242
6007 338.308
6164 328.308
6239 324.308
10043 219.51
10042 82.021
3479 79
3480 75
3481 71
1802 226.004
1884 222.004
1972 218.004
10045 1065.67
1805 234.004
10044 347.694
2783 345.004
2698 341.004
10047 168.233
10046 589.262
10033 53.832
10032 974.906
10035 126.037
7090 125
10034 125.97
10037 177.325
10036 186.489
10039 1717.8
10038 207.55
1798 226.004
10027 148.195
1945 145.533
10026 113.554
1850 413.004
1932 409.004
1931 405.004
1930 401.004
1929 397.004
10029 241.959
703 239
702 235
701 231
10028 796.4
10031 124.098
10030 197.03
1840 373.004
1922 369.004
2010 365.004
2009 361.004
2099 357.004
2188 353.004
2273 349.004
2272 345.004
2359 341.004
1842 381.004
1844 389.004
10073 74.124
3025 72
3117 68
3211 64
3306 60
3402 56
3487 52
3568 48
3654 44
3736 40
3823 36
3912 32
4001 28
4090 24
4180 20
4273 16
1833 346.004
10072 74.289
3312 68
3311 64
10075 126.312
2042 124
2041 120
2133 116
2223 112
10074 149.764
1834 350.004
1836 358.004
1839 369.004
1921 365.004
1838 365.004
10065 150.782
10064 136.982
3838 134.004
10067 37.904
4358 32
4359 28
4360 24
4361 20
4362 16
10066 150.497
10069 85.01
10068 38.106
3829 36
3918 32
4006 28
4095 24
4184 20
4276 16
4366 12
4454 8
10071 63.253
10070 143.507
7286 140
7220 136
10057 91.494
3580 88.025
3747 80
3836 76
3925 72
4014 68
1881 222.004
1969 218.004
10056 149.91
10059 315.689
10061 27.857
4185 24
4277 20
10060 94.336
2651 88
2739 84
2827 80
2924 76
3027 72
10063 285.738
6712 283.956
6713 279.956
1887 230.004
1975 226.004
2065 222.004
2154 218.004
10062 294.21
1886 226.004
1974 222.004
10049 230.869
1873 146
1957 142
1956 138
10051 381.163
10050 196.342
2486 195.004
2572 190.004
2659 186.004
2748 182.004
2836 178.004
2937 174.004
3041 170.004
3131 166.004
3223 162.004
3318 158.004
10053 148.689
7354 146
10055 386.792
10054 305.296
1865 124
1948 120
2037 116
1866 124
1950 120
1860 453.004
1942 449.004
2030 445.004
2029 441.004
2028 437.004
1912 330.004
1918 354.004
1905 302.004
1904 298.004
1897 270.004
1896 266.004
1899 278.004
1900 282.004
1903 294.004
1891 246.004
1979 242.004
1978 238.004
1890 242.004
1893 254.004
1981 250.004
1980 246.004
1892 250.004
1895 262.004
1894 258.004
1982 254.004
1944 145.533
2033 141.533
2125 137.533
2217 133.533
2304 129.533
1920 361.004
2008 357.004
2098 353.004
2187 349.004
1924 377.004
1926 385.004
1965 218.004
2055 214.004
2145 210.004
2230 206.004
2317 202.004
2403 198.004
2487 194.004
1967 218.004
2058 214.004
2148 210.004
2234 206.004
2321 202.004
1966 218.004
2057 214.004
2147 210.004
2232 206.004
2319 202.004
2405 198.004
2490 194.004
2575 190.004
2661 186.004
2750 182.004
2838 178.004
2939 174.004
3042 170.004
3132 166.004
3224 162.004
1954 131
2043 127
2012 373.004
2102 369.004
2003 338.004
2002 334.004
2005 346.004
2004 342.004
2006 350.004
1997 314.004
1991 290.004
1990 286.004
2034 141.533
2039 116
2017 393.004
2016 389.004
2106 385.004
2195 381.004
2280 377.004
2019 401.004
2018 397.004
2021 409.004
2020 405.004
2023 417.004
2113 413.004
2202 409.004
2022 413.004
2112 409.004
2201 405.004
2072 250.004
2071 246.004
2070 242.004
2069 238.004
2068 234.004
2067 230.004
2075 262.004
2164 258.004
2163 254.004
2074 258.004
2077 270.004
2076 266.004
2078 274.004
2064 218.004
2056 214.004
2146 210.004
2060 214.004
2105 381.004
2107 389.004
2109 397.004
2108 393.004
2197 389.004
2282 385.004
2110 401.004
2096 346.004
2185 342.004
2270 338.004
2357 334.004
2356 330.004
2441 326.004
2525 322.004
2610 318.004
2100 361.004
2091 326.004
2093 334.004
2092 330.004
2181 326.004
2266 322.004
2353 318.004
2352 314.004
2351 310.004
2436 306.004
2520 302.004
2519 298.004
2518 294.004
2603 290.004
2602 286.004
2601 282.004
2600 278.004
2095 342.004
2094 338.004
2183 334.004
2182 330.004
2083 294.004
2085 302.004
2174 298.004
2259 294.004
2084 298.004
2086 306.004
2143 210.004
2229 206.004
2316 202.004
2402 198.004
2131 112
2134 120
2126 137.533
2169 278.004
2171 286.004
2256 282.004
2343 278.004
2428 274.004
2512 270.004
2597 266.004
2596 262.004
2682 258.004
2770 254.004
2858 250.004
2170 282.004
2173 294.004
2172 290.004
2257 286.004
2344 282.004
2429 278.004
2513 274.004
2598 270.004
2684 266.004
2161 246.004
2160 242.004
2159 238.004
2158 234.004
2243 230.004
2330 226.004
2415 222.004
2499 218.004
2584 214.004
2165 262.004
2166 266.004
2251 262.004
2338 258.004
2153 214.004
2144 210.004
2150 210.004
2193 373.004
2194 377.004
2196 385.004
2199 397.004
2198 393.004
2184 338.004
2189 357.004
2233 206.004
2320 202.004
2406 198.004
2491 194.004
2576 190.004
2236 206.004
2323 202.004
2225 119
2224 116
2228 207.004
2231 206.004
2318 202.004
2216 134.533
2219 116
2267 326.004
2269 334.004
2268 330.004
2355 326.004
2440 322.004
2524 318.004
2609 314.004
2608 310.004
2607 306.004
2693 302.004
2258 290.004
2261 302.004
2348 298.004
2249 254.004
2336 250.004
2335 246.004
2248 250.004
2250 258.004
2337 254.004
2253 270.004
2255 278.004
2342 274.004
2427 270.004
2426 266.004
2510 262.004
2595 258.004
2594 254.004
2593 250.004
2592 246.004
2591 242.004
2590 238.004
2676 234.004
2764 230.004
2852 226.004
2851 222.004
2254 274.004
2245 238.004
2244 234.004
2331 230.004
2246 242.004
2281 381.004
2283 389.004
2285 397.004
2284 393.004
2274 353.004
2277 365.004
2364 361.004
2363 357.004
2448 353.004
2447 349.004
2276 361.004
2279 373.004
2278 369.004
2325 206.004
2410 202.004
2315 203.004
2401 199.004
2306 104
2311 112
2310 108
2360 345.004
2365 365.004
2450 361.004
2449 357.004
2366 369.004
2354 322.004
2341 270.004
2340 266.004
2393 129.595
2479 122.595
2394 100
2396 100
2482 96
2566 92
2387 453.004
2386 449.004
2385 445.004
2470 441.004
2469 437.004
2468 433.004
2467 429.004
2466 425.004
2465 421.004
2464 417.004
2548 413.004
2547 409.004
2546 405.004
2545 401.004
2630 397.004
2629 393.004
2628 389.004
2627 385.004
2626 381.004
2625 377.004
2624 373.004
2623 369.004
2622 365.004
2375 405.004
2460 401.004
2459 397.004
2458 393.004
2542 389.004
2374 401.004
2425 262.004
2431 286.004
2419 238.004
2503 234.004
2408 198.004
2404 198.004
2488 194.004
2573 190.004
2457 389.004
2456 385.004
2455 381.004
2454 377.004
2453 373.004
2451 365.004
2442 330.004
2433 294.004
2432 290.004
2489 194.004
2574 190.004
2495 202.004
2580 198.004
2579 194.004
2665 190.004
2753 186.004
2480 96
2564 92
2485 104
2569 100
2568 96
2655 92
2484 100
2523 314.004
2526 326.004
2515 282.004
2517 290.004
2516 286.004
2505 242.004
2507 250.004
2506 246.004
2509 258.004
2508 254.004
2511 266.004
2498 214.004
2583 210.004
2502 230.004
2544 397.004
2543 393.004
2537 369.004
2539 377.004
2538 373.004
2541 385.004
2540 381.004
2529 337.004
2531 345.004
2530 341.004
2533 353.004
2532 349.004
2535 361.004
2534 357.004
2570 104
2563 92
2605 298.004
2604 294.004
2606 302.004
2649 105
2735 101
2821 96
2914 92
3016 88
3109 84
2650 104
2736 100
2822 95
2915 91
2653 88
2681 254.004
2680 250.004
2679 246.004
2767 242.004
2855 238.004
2683 262.004
2687 278.004
2775 274.004
2863 270.004
2862 266.004
2861 262.004
2686 274.004
2673 222.004
2672 218.004
2675 230.004
2674 226.004
2762 222.004
2850 218.004
2677 238.004
2765 234.004
2678 242.004
2657 100
2656 96
2744 92
2832 88
2929 84
2928 80
2660 186.004
2662 186.004
2713 401.004
2712 397.004
2711 393.004
2710 389.004
2705 369.004
2704 365.004
2707 377.004
2706 373.004
2709 385.004
2708 381.004
2699 345.004
2701 353.004
2700 349.004
2703 361.004
2702 357.004
2689 286.004
2777 282.004
2776 278.004
2864 274.004
2688 282.004
2691 294.004
2779 290.004
2778 286.004
2690 290.004
2692 298.004
2745 96
2833 92
2747 182.004
2835 178.004
2936 174.004
3040 170.004
2746 98
2749 182.004
2837 178.004
2751 182.004
2839 178.004
2737 99
2740 84
2828 80
2743 88
2733 106
2819 101
2780 294.004
2769 250.004
2857 246.004
2856 242.004
2768 246.004
2771 258.004
2774 270.004
2761 218.004
2849 214.004
2848 210.004
2847 206.004
2846 202.004
2763 226.004
2766 238.004
2793 381.004
2792 377.004
2795 389.004
2794 385.004
2797 397.004
2796 393.004
2799 405.004
2798 401.004
2785 349.004
2784 345.004
2787 357.004
2786 353.004
2789 365.004
2788 361.004
2791 373.004
2790 369.004
2831 84
2873 350.004
2872 348.004
2972 344.004
3066 340.004
2875 358.004
2874 354.004
2877 366.004
2876 362.004
2879 374.004
2878 370.004
2865 278.004
2867 286.004
2866 282.004
2868 290.004
2870 298.004
2859 254.004
2854 234.004
2853 230.004
2909 108
2910 104
2911 100
3014 93
2888 410.004
2881 382.004
2880 378.004
2883 390.004
2882 386.004
2885 398.004
2884 394.004
2887 406.004
2886 402.004
2930 88
2933 180.004
3037 176.004
3038 172.004
3129 168.004
3222 163.004
3317 159.004
3408 155.004
2932 184.004
2935 175.004
3039 171.004
3130 167.004
2921 76
3024 72
2923 76
2922 76
2925 76
2912 97
2973 348.004
3067 344.004
2975 356.004
2974 352.004
3068 348.004
2985 396.004
3079 392.004
3078 388.004
3077 384.004
3076 380.004
3075 376.004
3074 372.004
3073 368.004
3072 364.004
3071 360.004
3070 356.004
3069 352.004
2984 392.004
2987 404.004
3081 400.004
3080 396.004
2986 400.004
2989 412.004
2988 408.004
3082 404.004
2977 364.004
2976 360.004
2979 372.004
2978 368.004
2981 380.004
2980 376.004
2983 388.004
2982 384.004
3033 87
3124 80
3123 76
3122 72
3216 68
3032 84
3035 184.004
3126 180.004
3219 175.004
3220 171.004
3221 167.004
3034 188.004
3036 180.004
3026 72
3119 68
3213 64
3309 60
3019 85
3112 81
3207 76
3303 72
3304 68
3305 64
3018 87
3021 77
3022 73
3115 69
3210 64
3020 81
3013 111
3012 115
3065 297.004
3064 293.004
3063 289.004
3062 285.004
3061 281.004
3060 277.004
3059 273.004
3058 269.004
3057 265.004
3056 261.004
3055 257.004
3054 253.004
3053 249.004
3052 245.004
3051 241.004
3050 237.004
3049 233.004
3048 229.004
3047 225.004
3046 221.004
3083 408.004
3084 412.004
3127 176.004
3113 77
3208 72
3209 68
3114 73
3116 68
3118 68
3212 64
3308 60
3403 56
3488 52
3569 48
3655 44
3737 40
3111 83
3206 78
3302 74
3397 70
3161 345.004
3160 341.004
3163 353.004
3162 349.004
3165 361.004
3164 357.004
3167 369.004
3166 365.004
3152 281.004
3155 293.004
3154 289.004
3156 297.004
3145 253.004
3144 249.004
3143 245.004
3147 261.004
3146 257.004
3149 269.004
3148 265.004
3151 277.004
3150 273.004
3141 237.004
3140 233.004
3139 229.004
3142 241.004
3177 409.004
3176 405.004
3175 401.004
3174 397.004
3173 393.004
3172 389.004
3171 385.004
3170 381.004
3169 377.004
3168 373.004
3178 413.004
3231 238.004
3218 179.004
3313 175.004
3314 171.004
3315 167.004
3316 163.004
3205 79
3257 355.004
3256 351.004
3255 347.004
3254 343.004
3253 339.004
3252 335.004
3251 331.004
3250 327.004
3259 363.004
3258 359.004
3261 371.004
3260 367.004
3263 379.004
3262 375.004
3241 278.004
3240 274.004
3245 294.004
3244 290.004
3153 285.004
3246 298.004
3233 246.004
3232 242.004
3239 270.004
3238 266.004
3272 415.004
3271 411.004
3270 407.004
3269 403.004
3268 399.004
3267 395.004
3266 391.004
3265 387.004
3264 383.004
3275 427.004
3274 423.004
3273 419.004
3307 60
3299 80
3394 76
3298 84
3393 80
3353 364.004
3352 360.004
3351 356.004
3350 352.004
3349 348.004
3348 344.004
3347 340.004
3346 336.004
3345 332.004
3344 328.004
3343 324.004
3342 320.004
3341 316.004
3355 372.004
3354 368.004
3357 380.004
3356 376.004
3359 388.004
3358 384.004
3339 301.004
3338 297.004
3361 396.004
3360 392.004
3363 404.004
3362 400.004
3365 412.004
3364 408.004
3417 281.004
3416 277.004
3419 289.004
3418 285.004
3420 293.004
3401 60
3404 56
3489 52
3399 70
3485 66
3566 62
3651 58
3733 54
3477 88.167
3478 85.615
3513 326.004
3512 322.004
3515 334.004
3514 330.004
3517 342.004
3516 338.004
3519 350.004
3518 346.004
3505 294.004
3504 290.004
3507 302.004
3506 298.004
3509 310.004
3508 306.004
3510 314.004
3503 286.004
3502 282.004
3492 52
3573 48
3659 44
3741 40
3827 36
3916 32
4005 28
4094 24
4183 20
3529 390.004
3528 386.004
3531 398.004
3530 394.004
3533 406.004
3532 402.004
3535 414.004
3521 358.004
3520 354.004
3523 366.004
3522 362.004
3525 374.004
3524 370.004
3527 382.004
3526 378.004
3579 92.025
3581 92.025
3609 370.004
3608 366.004
3611 378.004
3610 374.004
3613 386.004
3612 382.004
3615 394.004
3614 390.004
3601 338.004
3600 334.004
3603 346.004
3602 342.004
3605 354.004
3604 350.004
3607 362.004
3606 358.004
3593 306.004
3592 302.004
3591 298.004
3590 294.004
3595 314.004
3594 310.004
3597 322.004
3596 318.004
3599 330.004
3598 326.004
3589 290.004
3588 286.004
3624 430.004
3538 426.004
3617 402.004
3616 398.004
3619 410.004
3618 406.004
3673 294.004
3672 290.004
3675 302.004
3674 298.004
3677 310.004
3676 306.004
3679 318.004
3678 314.004
3704 418.004
3703 414.004
3707 430.004
3623 426.004
3537 422.004
3697 390.004
3696 386.004
3695 382.004
3699 398.004
3698 394.004
3701 406.004
3700 402.004
3702 410.004
3689 358.004
3688 354.004
3691 366.004
3690 362.004
3693 374.004
3692 370.004
3694 378.004
3681 326.004
3680 322.004
3683 334.004
3682 330.004
3685 342.004
3684 338.004
3687 350.004
3686 346.004
3742 41.131
3730 62
3818 58
3905 54
3906 50
3734 58
3769 331.004
3768 327.004
3771 339.004
3770 335.004
3773 347.004
3772 343.004
3775 355.004
3774 351.004
3761 299.004
3760 295.004
3763 307.004
3762 303.004
3765 315.004
3764 311.004
3767 323.004
3766 319.004
3753 143.004
3842 139.004
3931 135.004
4019 131.004
4108 127.004
4199 123.004
4291 119.004
4471 109.004
3752 140.004
3841 136.004
3930 132.004
4018 128.004
4107 124.004
4198 120.004
4290 116.004
3746 84
3748 80
3751 140.004
3840 136.004
3793 427.004
3792 423.004
3795 435.004
3796 439.004
3708 434.004
3785 395.004
3784 391.004
3787 403.004
3786 399.004
3789 411.004
3788 407.004
3791 419.004
3790 415.004
3777 363.004
3776 359.004
3779 371.004
3778 367.004
3781 379.004
3780 375.004
3783 387.004
3782 383.004
3833 46
3921 42
3920 38
4008 34
4096 28
3835 76
3834 50
3837 76
3926 72
3826 36
3828 40
3819 58
3821 38
3910 34
3999 30
4089 25
3865 367.004
3864 363.004
3863 359.004
3867 375.004
3866 371.004
3869 383.004
3868 379.004
3871 391.004
3870 387.004
3857 335.004
3856 331.004
3859 343.004
3858 339.004
3861 351.004
3860 347.004
3862 355.004
3849 303.004
3848 299.004
3851 311.004
3850 307.004
3853 319.004
3852 315.004
3855 327.004
3854 323.004
3889 463.004
3801 459.004
3713 454.004
3629 450.004
3543 446.004
3881 431.004
3880 427.004
3883 439.004
3885 447.004
3797 443.004
3709 438.004
3884 443.004
3887 455.004
3886 451.004
3873 399.004
3872 395.004
3875 407.004
3874 403.004
3877 415.004
3876 411.004
3879 423.004
3878 419.004
3929 132.004
4017 128.004
4106 124.004
3932 300.391
3923 50
3922 46
4010 42
4009 38
3924 73
4013 69
3915 32
3904 58
3909 38
3961 399.004
3960 395.004
3959 391.004
3958 387.004
3963 407.004
3962 403.004
3965 415.004
3964 411.004
3967 423.004
3966 419.004
3953 367.004
3952 363.004
3955 375.004
3954 371.004
3957 383.004
3956 379.004
3945 335.004
3944 331.004
3943 327.004
3942 323.004
3941 319.004
3940 315.004
3947 343.004
3946 339.004
3949 351.004
3948 347.004
3951 359.004
3950 355.004
3992 58
4082 53
3977 463.004
3976 459.004
3975 455.004
3979 471.004
3890 467.004
3978 467.004
3969 431.004
3968 427.004
3970 435.004
3973 447.004
3974 451.004
4024 301.004
3934 297.004
4031 323.004
4023 301.004
3933 297.004
4011 46
4000 29
4004 28
4093 24
4057 427.004
4056 423.004
4055 419.004
4054 415.004
4059 435.004
4058 431.004
4061 443.004
4060 439.004
4049 395.004
4048 391.004
4047 387.004
4051 403.004
4050 399.004
4053 411.004
4052 407.004
4041 363.004
4040 359.004
4043 371.004
4042 367.004
4045 379.004
4044 375.004
4046 383.004
4033 331.004
4032 327.004
4034 335.004
4037 347.004
4039 355.004
4038 351.004
4091 24
4065 459.004
4067 467.004
4066 463.004
4069 475.004
4068 471.004
4071 483.004
4070 479.004
3980 475.004
3891 471.004
3803 467.004
3715 462.004
3631 458.004
3630 454.004
3544 450.004
4121 328.004
4123 336.004
4122 332.004
4112 305.004
4104 122.004
4111 305.004
4022 301.004
4097 36
4187 32
4279 28
4369 24
4101 68
4153 456.004
4152 452.004
4155 464.004
4157 472.004
4156 468.004
4159 480.004
4158 476.004
4145 424.004
4144 420.004
4149 440.004
4148 436.004
4151 448.004
4150 444.004
4137 392.004
4136 388.004
4139 400.004
4138 396.004
4141 408.004
4140 404.004
4143 416.004
4142 412.004
4131 368.004
4130 364.004
4133 376.004
4132 372.004
4135 384.004
4134 380.004
4186 28
4278 24
4368 20
4456 16
4455 12
4542 8
4189 40
4188 36
4280 32
4370 28
4190 44
4161 488.004
4160 484.004
4162 492.004
4072 487.004
3982 483.004
3893 479.004
3805 475.004
3717 470.004
3716 466.004
3632 462.004
4216 340.004
4215 336.004
4214 332.004
4213 328.004
4120 324.004
4030 319.004
4203 309.004
4249 472.004
4251 480.004
4250 476.004
4253 488.004
4252 484.004
4255 496.004
4254 492.004
4241 440.004
4240 436.004
4147 432.004
4243 448.004
4242 444.004
4245 456.004
4244 452.004
4246 460.004
4233 408.004
4232 404.004
4231 400.004
4235 416.004
4234 412.004
4237 424.004
4236 420.004
4224 372.004
4227 384.004
4226 380.004
4225 376.004
4229 392.004
4228 388.004
4230 396.004
4281 36
4283 44
4373 40
4372 36
4282 40
4287 60
4377 56
4274 16
4364 12
4265 53
4264 57
4266 49
4256 500.004
4263 61
4262 524.004
4169 520.004
4079 515.004
4078 511.004
4077 507.004
3987 503.004
3898 499.004
3810 495.004
3722 490.004
3638 486.004
3637 482.004
3551 478.004
4317 380.004
4316 376.004
4315 372.004
4314 368.004
4313 364.004
4221 360.004
4220 356.004
4127 352.004
4319 388.004
4318 384.004
4305 332.004
4289 114.004
4380 110.004
4295 313.004
4294 313.004
4345 492.004
4344 488.004
4343 484.004
4347 500.004
4346 496.004
4348 504.004
4337 460.004
4336 456.004
4339 468.004
4338 464.004
4329 428.004
4328 424.004
4327 420.004
4333 444.004
4332 440.004
4331 436.004
4330 432.004
4335 452.004
4334 448.004
4320 392.004
4323 404.004
4325 412.004
4324 408.004
4326 416.004
4371 32
4374 44
4355 59
4354 63
4357 36
4409 385.004
4408 381.004
4411 393.004
4410 389.004
4413 401.004
4321 396.004
4412 397.004
4415 409.004
4414 405.004
4322 400.004
4395 329.004
4303 324.004
4211 320.004
4118 316.004
4028 311.004
3938 307.004
4394 325.004
4302 320.004
4210 316.004
4387 317.004
4296 313.004
4205 309.004
4113 305.004
4388 317.004
4297 313.004
4206 309.004
4441 513.004
4349 508.004
4257 504.004
4164 500.004
4074 495.004
4073 491.004
4440 509.004
4442 517.004
4350 512.004
4258 508.004
4445 63
4444 525.004
4352 520.004
4351 516.004
4259 512.004
4447 36
4433 481.004
4432 477.004
4435 489.004
4437 497.004
4436 493.004
4438 501.004
4429 465.004
4431 473.004
4430 469.004
4417 417.004
4416 413.004
4419 425.004
4418 421.004
4421 433.004
4420 429.004
4465 52
4464 48
4449 20
4450 16
4451 12
4448 24
4505 417.004
4504 413.004
4507 425.004
4506 421.004
4508 429.004
4497 385.004
4496 381.004
4495 377.004
4494 373.004
4493 369.004
4404 365.004
4312 360.004
4499 393.004
4498 389.004
4501 401.004
4500 397.004
4503 409.004
4502 405.004
4488 349.004
4487 345.004
4398 341.004
4306 336.004
4485 337.004
4396 333.004
4304 328.004
4212 324.004
4119 320.004
4029 315.004
3939 311.004
4484 333.004
4486 341.004
4537 16
4623 12
4624 8
4625 4
4536 20
4539 8
4538 12
4529 513.004
4528 509.004
4439 505.004
4531 521.004
4530 517.004
4533 67
4532 525.004
4443 521.004
4534 71
4521 481.004
4522 485.004
4525 497.004
4524 493.004
4527 505.004
4526 501.004
4571 337.004
4570 333.004
4483 329.004
4573 345.004
4572 341.004
4575 353.004
4553 52
4552 48
4554 56
4546 24
4549 36
4548 32
4551 44
4550 40
4593 425.004
4592 421.004
4595 433.004
4594 429.004
4596 437.004
4587 401.004
4589 409.004
4591 417.004
4590 413.004
4576 357.004
4617 521.004
4619 71
4618 525.004
4621 20
4622 16
4609 489.004
4608 485.004
4611 497.004
4613 505.004
4612 501.004
4615 513.004
4614 509.004
4657 341.004
4656 337.004
4659 349.004
4658 345.004
4660 353.004
4697 501.004
4699 509.004
4698 505.004
4701 517.004
4700 513.004
4702 521.004
4616 517.004
4681 437.004
4680 433.004
4679 429.004
4683 445.004
4597 441.004
4510 437.004
4682 441.004
4684 449.004
4674 409.004
4588 405.004
4677 421.004
4676 417.004
4675 413.004
4678 425.004
4730 92.036
4721 53
4720 49
4722 57
4725 69
4724 65
4713 21
4715 29
4714 25
4717 37
4716 33
4718 41
4705 16
4704 20
4706 12
4763 414.004
4765 422.004
4767 430.004
4766 426.004
4747 350.004
4746 346.004
4749 358.004
4748 354.004
4750 362.004
4661 357.004
4793 16
4792 20
4787 510.004
4786 506.004
4789 518.004
4788 514.004
4791 526.004
4790 522.004
4769 438.004
4768 434.004
4771 446.004
4772 450.004
4817 88
4816 84
4815 80
4818 92
4809 57
4808 53
4811 65
4723 61
4810 61
4813 73
4812 69
4801 25
4800 21
4799 17
4798 13
4803 33
4802 29
4804 37
4807 49
4719 45
4806 45
4860 458.004
4859 454.004
4858 450.004
4857 446.004
4856 442.004
4855 438.004
4863 470.004
4776 466.004
4687 461.004
4686 457.004
4685 453.004
4599 449.004
4512 445.004
4423 441.004
4853 430.004
4852 426.004
4851 422.004
4764 418.004
4854 434.004
4843 390.004
4756 386.004
4667 381.004
4581 377.004
4835 358.004
4834 354.004
4839 374.004
4752 370.004
4663 365.004
4577 361.004
4889 37
4888 33
4891 45
4890 41
4893 53
4892 49
4895 61
4894 57
4881 12
4887 29
4886 25
4885 21
4884 17
4873 510.004
4875 518.004
4874 514.004
4877 526.004
4876 522.004
4878 20
4865 478.004
4778 474.004
4689 469.004
4603 465.004
4516 461.004
4427 457.004
4864 474.004
4918 354.004
4833 350.004
4897 69
4896 65
4899 77
4898 73
4901 84
4903 92
4902 88
4959 518.004
4958 514.004
4945 462.004
4944 458.004
4943 454.004
4947 470.004
4862 466.004
4861 462.004
4774 458.004
4946 466.004
4949 478.004
4948 474.004
4950 482.004
4937 430.004
4936 426.004
4939 438.004
4938 434.004
4940 442.004
4942 450.004
4984 82
4986 89
4977 54
4979 62
4978 58
4981 70
4980 66
4983 78
4982 74
4973 38
4972 34
4974 42
4961 526.004
4960 522.004
4962 24
4965 16
4967 17
5020 431.004
5022 439.004
5011 395.004
4927 390.004
4926 386.004
4841 382.004
4754 378.004
4665 373.004
4579 369.004
4492 365.004
4491 361.004
4490 357.004
4489 353.004
4400 349.004
4308 344.004
5015 411.004
4931 406.004
4846 402.004
4845 398.004
4844 394.004
5051 21
5053 26
4969 22
5055 34
5054 30
5040 511.004
4956 506.004
4955 502.004
4870 498.004
4869 494.004
4782 490.004
4693 485.004
4607 481.004
4520 477.004
5043 523.004
5042 519.004
5045 28
5044 527.004
5033 483.004
5032 479.004
5027 459.004
5026 455.004
5031 475.004
5030 471.004
5065 74
5064 70
5063 66
5062 62
5057 42
5056 38
5059 50
4975 46
5061 58
5060 54
4976 50
5113 479.004
5112 475.004
5101 431.004
5100 427.004
5018 423.004
4934 418.004
4849 414.004
4762 410.004
4673 405.004
5102 435.004
5093 399.004
5092 395.004
5091 391.004
5090 387.004
5008 383.004
4924 378.004
5094 403.004
5145 70
5144 66
5143 62
5142 58
5141 54
5137 38
5136 34
5139 46
5138 42
5140 50
5129 24
5131 24
5049 20
5130 24
5133 25
5125 527.004
5124 523.004
5126 531.004
5176 415.004
5096 411.004
5095 407.004
5013 403.004
4929 398.004
5175 411.004
5174 407.004
5173 403.004
5209 28
5208 28
5213 30
5212 29
5205 531.004
5204 527.004
5193 483.004
5192 479.004
5194 487.004
5224 71
5217 43
5216 39
5219 51
5218 47
5221 59
5220 55
5223 67
5222 63
5275 484.004
5274 480.004
5191 475.004
5111 471.004
5029 467.004
5276 488.004
5305 47
5304 43
5307 55
5306 51
5309 63
5308 59
5311 71
5310 67
5296 32
5301 34
5303 39
5215 35
5135 30
5295 32
5287 532.004
5361 480.004
5273 476.004
5190 471.004
5189 467.004
5188 463.004
5108 459.004
5401 67
5400 63
5402 71
5393 38
5392 37
5300 33
5395 43
5397 51
5396 47
5399 59
5398 55
5386 36
5465 532.004
5464 528.004
5372 524.004
5284 520.004
5201 515.004
5200 511.004
5120 507.004
5038 503.004
4954 498.004
5489 59
5488 55
5487 51
5486 47
5491 67
5490 63
5493 75
5492 71
5483 41
5484 42
5472 51
5566 44
5481 40
5390 36
5298 32
5585 108
5661 104
5584 100
5498 95
5497 91
5496 87
5405 83
5313 79
5312 75
5577 72
5576 68
5579 80
5580 84
5494 79
5403 75
5569 46
5568 45
5570 47
5573 56
5572 52
5575 64
5574 60
5626 533.004
5549 528.004
5548 524.004
5547 520.004
5546 516.004
5545 512.004
5544 508.004
5543 504.004
5457 500.004
5365 496.004
5277 492.004
5657 88
5656 84
5655 80
5654 76
5659 96
5582 92
5658 92
5581 88
5495 83
5660 100
5583 96
5662 108
5649 56
5651 64
5650 60
5652 68
5643 48
5645 49
5647 51
5646 50
5634 55
5558 51
5473 47
5695 493.004
5615 489.004
5538 484.004
5452 480.004
5360 476.004
5272 472.004
5725 53
5727 55
5726 54
5737 92
5736 88
5739 100
5738 96
5740 104
5729 60
5730 64
5733 76
5732 72
5735 84
5734 80
5789 60
5714 56
5788 63
5713 59
5809 81
5808 77
5811 89
5810 85
5813 97
5812 93
5815 105
5814 101
5801 58
5803 60
5802 59
5805 65
5806 69
5881 73
5880 69
5883 81
5882 77
5885 89
5884 85
5887 97
5886 93
5872 60
5797 56
5722 52
5642 48
5565 44
5480 40
5874 60
5877 63
5876 62
5878 64
5863 64
5862 67
5889 105
5888 101
5951 67
5950 66
5939 64
5865 60
5961 101
5960 97
5962 105
5952 68
5955 77
5954 73
5957 85
5956 81
5959 93
5958 89
6001 360.956
6082 355.956
6083 351.956
6084 347.956
6085 343.956
6161 339.956
6236 335.956
6311 330.956
6312 326.956
6000 538.004
5927 534.004
5853 530.004
5778 525.004
5777 521.004
5776 517.004
5775 513.004
5774 509.004
5698 505.004
5618 501.004
5541 496.004
5540 492.004
5539 488.004
5453 484.004
6003 352.956
6002 356.956
6004 348.956
6041 101
6040 97
6039 93
6033 72
6032 71
6035 77
6037 85
6036 81
6038 89
6029 69
6031 70
6016 72
5937 68
6109 73
6111 74
6081 359.956
6157 355.956
6232 351.956
6307 346.956
6308 342.956
6309 338.956
6310 334.956
6121 102
6120 98
6122 106
6113 76
6112 75
6114 77
6117 86
6116 82
6119 94
6118 90
6160 343.956
6235 339.956
6162 335.956
6155 539.004
6079 534.004
5998 530.004
5925 526.004
5924 522.004
5923 518.004
5849 514.004
6156 359.956
6231 355.956
6306 350.956
6159 347.956
6234 343.956
6158 351.956
6233 347.956
6192 81
6195 90
6197 98
6196 94
6198 102
6187 77
6186 77
6108 73
6189 78
6191 80
6190 79
6237 331.956
6230 539.004
6229 535.004
6228 531.004
6152 527.004
6076 522.004
5995 518.004
5994 514.004
5921 510.004
5920 506.004
5919 502.004
5918 498.004
5844 494.004
5769 489.004
5693 485.004
5613 481.004
5536 476.004
5535 472.004
5449 468.004
5448 464.004
5447 460.004
5446 456.004
5354 452.004
5266 448.004
5183 443.004
5182 439.004
5181 435.004
5180 431.004
5179 427.004
5178 423.004
5098 419.004
5016 415.004
4932 410.004
6265 83
6264 82
6267 85
6266 84
6268 86
6271 98
6270 94
6261 81
6262 81
6247 84
6318 111
6305 354.956
6345 90
6344 89
6346 91
6348 99
6351 111
6273 106
6272 102
6339 85
6338 85
6340 85
6343 88
6342 87
6393 307.956
6394 303.956
6392 311.956
6385 339.956
6386 335.956
6387 331.956
6388 327.956
6389 323.956
6390 319.956
6391 315.956
6384 343.956
6381 355.956
6382 351.956
6383 347.956
6380 540.004
6303 535.004
6425 95
6424 94
6417 89
6418 89
6421 91
6423 93
6422 92
6409 88
6411 88
6332 84
6255 80
6412 88
6333 84
6256 80
6182 76
6105 72
6025 68
5946 64
6415 88
6336 84
6259 80
6401 95
6323 91
6246 87
6172 83
6095 79
6015 75
5936 71
6459 352.956
6540 348.956
6620 343.956
6698 339.956
6774 335.956
6847 330.956
6848 326.956
6849 322.956
6850 318.956
6851 314.956
6852 310.956
6853 306.956
6925 302.956
6926 298.956
7002 294.956
7073 289.956
6458 356.956
6461 344.956
6462 340.956
6463 336.956
6544 332.956
6624 327.956
6625 323.956
6703 319.956
6704 315.956
6705 311.956
6706 307.956
6782 303.956
6855 298.956
6856 294.956
6857 290.956
6929 286.956
7005 282.956
7076 277.956
7077 273.956
7146 269.956
7147 265.956
7148 261.956
7149 257.956
7150 253.956
7151 249.956
6460 348.956
6483 99
6484 96
6402 92
6324 88
6473 296.956
6554 292.956
6634 287.956
6635 283.956
6472 300.956
6553 296.956
6633 291.956
6711 287.956
6477 283.956
6558 279.956
6638 274.956
6716 270.956
6792 266.956
6865 261.956
6937 257.956
7013 253.956
6476 284.956
6557 280.956
6637 275.956
6478 282.956
6559 278.956
6639 273.956
6717 269.956
6793 265.956
6866 260.956
6938 256.956
6465 328.956
6546 324.956
6626 319.956
6464 332.956
6545 328.956
6467 320.956
6548 316.956
6628 311.956
6466 324.956
6547 320.956
6627 315.956
6469 312.956
6550 308.956
6630 303.956
6708 299.956
6784 295.956
6468 316.956
6549 312.956
6629 307.956
6707 303.956
6783 299.956
6471 304.956
6470 308.956
6551 304.956
6631 299.956
6632 295.956
6710 291.956
6505 96
6504 95
6507 98
6506 97
6508 99
6497 92
6499 92
6500 93
6502 93
6419 89
6552 300.956
6555 288.956
6539 352.956
6619 347.956
6697 343.956
6773 339.956
6846 334.956
6541 344.956
6621 339.956
6622 335.956
6623 331.956
6543 336.956
6542 340.956
6585 97
6584 97
6501 93
6587 99
6589 101
6588 100
6591 103
6590 102
6579 96
6581 96
6583 97
6582 96
6575 96
6560 277.956
6640 272.956
6718 268.956
6565 103
6566 100
6618 351.956
6696 347.956
6651 100
6572 96
6489 92
6406 88
6328 84
6251 80
6177 76
6099 72
6019 68
5940 64
6644 107
6665 102
6664 101
6667 104
6658 100
6661 100
6660 100
6663 101
6662 101
6709 295.956
6785 291.956
6858 286.956
6859 282.956
6931 278.956
6932 274.956
7008 270.956
7079 265.956
6699 335.956
6775 331.956
6701 327.956
6702 323.956
6700 331.956
6776 327.956
6695 351.956
6744 106
6746 108
6736 104
6657 100
6578 96
6496 92
6414 88
6739 104
6738 104
6741 105
6740 104
6743 105
6742 105
6735 104
6656 100
6577 96
6495 92
6413 88
6335 84
6258 80
6183 76
6723 108
6777 323.956
6779 315.956
6778 319.956
6781 307.956
6854 302.956
6780 311.956
6771 347.956
6844 342.956
6845 338.956
6770 545.004
6769 541.004
6693 537.004
6615 532.004
6614 528.004
6613 524.004
6612 520.004
6611 516.004
6610 512.004
6609 508.004
6608 504.004
6528 500.004
6527 496.004
6526 492.004
6444 488.004
6366 484.004
6289 479.004
6288 475.004
6287 471.004
6212 467.004
6211 463.004
6135 459.004
6059 454.004
5978 450.004
5977 446.004
5976 442.004
5903 438.004
5829 434.004
5754 429.004
5678 425.004
5598 421.004
5521 416.004
5435 412.004
5434 408.004
5433 404.004
5432 400.004
5431 396.004
5339 392.004
5251 388.004
5168 383.004
5167 379.004
5087 375.004
5005 371.004
4921 366.004
4836 362.004
6772 343.956
6809 108
6811 108
6810 108
6813 108
6815 108
6814 108
6798 112
6787 283.956
6860 278.956
6786 287.956
6789 275.956
6862 270.956
6934 266.956
7010 262.956
7081 257.956
6788 279.956
6861 274.956
6933 270.956
6790 271.956
6863 266.956
6935 262.956
7011 258.956
7082 253.956
6843 346.956
6817 109
6816 108
6819 109
6818 109
6822 112
6869 116
6910 405.956
6889 113
6888 113
6890 113
6892 115
6820 110
6881 112
6880 112
6882 112
6885 112
6884 112
6887 112
6886 112
6940 120
6930 282.956
6921 318.956
6997 314.956
7068 309.956
6920 322.956
6996 318.956
7067 313.956
6923 310.956
6999 306.956
7070 301.956
6922 314.956
6998 310.956
7069 305.956
6924 306.956
7000 302.956
7071 297.956
6927 294.956
7003 290.956
7074 285.956
6915 342.956
6991 338.956
7062 333.956
6914 346.956
6990 342.956
7061 337.956
6917 334.956
6993 330.956
7064 325.956
6916 338.956
6992 334.956
7063 329.956
6919 326.956
6995 322.956
7066 317.956
6918 330.956
6994 326.956
7065 321.956
6952 116
6954 116
6957 116
6956 116
6959 117
6958 116
6951 116
6950 116
7001 298.956
7072 293.956
7004 286.956
7075 281.956
7007 274.956
7078 269.956
7006 278.956
6985 370.956
7054 365.956
6984 374.956
7053 369.956
6987 362.956
7056 357.956
6986 366.956
7055 361.956
6989 346.956
7060 341.956
6988 358.956
7057 353.956
6977 402.956
7046 397.956
7115 393.956
7116 389.956
7117 385.956
7118 381.956
7119 377.956
6976 406.956
7045 401.956
7114 397.956
6979 394.956
7048 389.956
6978 398.956
7047 393.956
6981 386.956
7050 381.956
6980 390.956
7049 385.956
6983 378.956
7052 373.956
7033 120
7032 120
7034 121
7025 120
7027 120
7026 120
7029 120
7031 120
7030 120
7016 124
7023 120
7009 266.956
7080 261.956
7059 345.956
7058 349.956
7044 405.956
7113 401.956
7097 124
7096 124
7098 124
7101 124
7100 124
7103 124
7102 124
7094 124
7085 131
7015 127
6939 123
6868 119
6797 115
6722 111
7086 128
7112 405.956
7177 401.956
7244 397.956
7312 392.956
7381 388.956
7382 384.956
7383 380.956
7449 376.956
7450 372.956
7451 368.956
7452 364.956
7453 360.956
7454 356.956
7455 352.956
7456 348.956
7457 344.956
7458 340.956
7459 336.956
7460 332.956
7461 328.956
7462 324.956
7463 320.956
7464 316.956
7465 312.956
7466 308.956
7467 304.956
7468 300.956
7469 296.956
7470 292.956
7471 288.956
7472 284.956
7473 280.956
7474 276.956
7475 272.956
7476 268.956
7477 264.956
7478 260.956
7105 125
7104 124
7162 137
7161 133
7160 129
7164 128
7167 128
7166 128
7155 132
7157 128
7145 273.956
7144 277.956
7193 337.956
7260 333.956
7328 328.956
7397 324.956
7398 320.956
7192 341.956
7259 337.956
7327 332.956
7396 328.956
7195 329.956
7196 325.956
7263 321.956
7331 316.956
7332 312.956
7333 308.956
7402 304.956
7194 333.956
7261 329.956
7329 324.956
7330 320.956
7197 321.956
7198 317.956
7265 313.956
7199 313.956
7266 309.956
7334 304.956
7403 300.956
7404 296.956
7405 292.956
7406 288.956
7185 369.956
7252 365.956
7320 360.956
7389 356.956
7184 373.956
7251 369.956
7319 364.956
7187 361.956
7254 357.956
7322 352.956
7323 348.956
7324 344.956
7325 340.956
7326 336.956
7186 365.956
7253 361.956
7321 356.956
7189 353.956
7256 349.956
7188 357.956
7255 353.956
7191 345.956
7258 341.956
7190 349.956
7257 345.956
7176 129
7179 393.956
7246 389.956
7314 384.956
7178 397.956
7245 393.956
7313 388.956
7181 385.956
7248 381.956
7316 376.956
7317 372.956
7318 368.956
7387 364.956
7388 360.956
7180 389.956
7247 385.956
7315 380.956
7183 377.956
7250 373.956
7182 381.956
7249 377.956
7169 128
7168 128
7171 128
7173 128
7175 128
7174 128
7224 132
7227 137
7229 132
7228 136
7231 132
7216 245.956
7219 139
7154 135
7222 132
7209 273.956
7276 269.956
7344 264.956
7211 265.956
7212 261.956
7279 257.956
7347 252.956
7416 248.956
7417 244.956
7418 240.956
7419 236.956
7420 232.956
7210 269.956
7277 265.956
7345 260.956
7346 256.956
7213 257.956
7280 253.956
7348 248.956
7215 249.956
7214 253.956
7281 249.956
7349 244.956
7201 305.956
7268 301.956
7336 296.956
7200 309.956
7267 305.956
7335 300.956
7203 297.956
7204 293.956
7271 289.956
7339 284.956
7340 280.956
7341 276.956
7342 272.956
7411 268.956
7202 301.956
7205 289.956
7272 285.956
7207 281.956
7274 277.956
7206 285.956
7262 325.956
7241 132
7240 132
7243 401.956
7311 396.956
7242 132
7233 132
7235 132
7234 132
7237 132
7238 132
7288 136
7290 136
7293 137
7226 133
7295 136
7294 140
7283 241.956
7351 236.956
7282 245.956
7350 240.956
7273 281.956
7278 261.956
7264 317.956
7269 297.956
7337 292.956
7270 293.956
7338 288.956
7305 136
7239 132
7172 128
7304 136
7307 136
7306 136
7310 400.956
7297 136
7299 136
7301 136
7300 136
7303 136
7353 232
7555 220
7355 144
7357 140
7359 140
7376 140
7369 140
7368 140
7370 140
7373 140
7372 140
7363 142
7362 141
7366 140
7423 148
7422 150
7409 276.956
7410 272.956
7408 280.956
7415 252.956
7414 256.956
7401 308.956
7400 312.956
7407 284.956
7395 332.956
7394 336.956
7399 316.956
7441 144
7442 144
7433 144
7432 144
7364 140
7435 144
7437 144
7439 144
7438 144
7425 144
7426 144
7428 144
7431 145
7513 388
7514 384
7515 380
7516 376
7517 372
7518 368
7519 364
7520 360
7521 356
7522 352
7523 348
7524 344
7525 340
7526 336
7527 332
7528 328
7529 324
7530 320
7531 316
7532 312
7533 308
7534 304
7535 300
7536 296
7537 292
7538 288
7539 284
7540 280
7541 276
7542 272
7543 268
7544 264
7545 260
7546 256
7547 252
7548 248
7549 244
7550 240
7551 236
7552 232
7553 228
7554 224
7505 148
7504 148
7507 148
7509 148
7496 148
7499 148
7498 148
7501 148
7502 148
7489 152
7491 148
7492 148
7494 148
7579 152
7508 148
7580 152
7582 397
7655 393
7656 389
7729 385
7803 380
7569 152
7570 152
7573 152
7572 152
7575 152
7560 156
7563 152
7562 152
7565 152
7567 152
7559 158
7488 154
7609 289
7682 285
7683 281
7756 277
7830 272
7831 268
7608 293
7681 289
7611 281
7612 277
7613 273
7614 269
7687 265
7760 261
7834 256
7835 252
7836 248
7837 244
7610 285
7615 265
7688 261
7761 257
7603 313
7676 309
7677 305
7678 301
7679 297
7680 293
7605 305
7604 309
7607 297
7606 301
7592 357
7593 353
7666 349
7667 345
7668 341
7669 337
7670 333
7671 329
7672 325
7673 321
7746 317
7820 312
7821 308
7822 304
7823 300
7824 296
7825 292
7641 156
7643 156
7645 156
7646 156
7633 160
7637 156
7636 156
7639 156
7625 225
7698 221
7699 217
7772 213
7846 208
7847 204
7624 229
7627 217
7628 213
7701 209
7774 205
7848 200
7626 221
7629 209
7630 205
7703 201
7617 257
7690 253
7691 249
7764 245
7838 240
7616 261
7689 257
7762 253
7619 249
7692 245
7693 241
7694 237
7695 233
7768 229
7842 224
7618 253
7621 241
7620 245
7623 233
7622 237
7654 156.123
10081 152.087
7707 160
7709 160
7710 160
7697 225
7770 221
7844 216
7845 212
7696 229
7769 225
7843 220
7700 213
7702 205
7685 273
7686 269
7684 277
7757 273
7712 160
7715 160
7717 160
7719 160
7718 160
7771 217
7773 209
7775 201
7849 196
7763 249
7765 241
7839 236
7840 232
7841 228
7767 233
7766 237
7753 289
7827 284
7828 280
7752 293
7826 288
7755 281
7829 276
7754 285
7759 265
7833 260
7758 269
7832 264
7751 297
7792 164
7784 164
7787 164
7789 164
7791 164
7776 197
7850 192
7778 189
7780 164
7783 164
7865 168
7864 168
7871 168
7798 164
7724 160
7652 156
7857 168
7856 168
7860 168
7862 168
7853 168
7930 172
7932 172
7934 172
7936 172
7938 172
7942 172
7993 192
7994 188
7992 196
7995 184
7996 180
7985 224
7987 216
7989 208
7988 212
7991 200
7990 204
7977 256
7976 260
7979 248
7978 252
7981 240
7983 232
7982 236
7971 280
7972 276
7973 272
7974 268
7975 264
8013 177.51
7943 173.51
10089 169.861
8001 176
8003 176
8005 176
8007 176
8041 252
8040 256
8035 276
8036 272
8037 268
8038 264
8039 260
8072 180
8074 180
8064 180
8123 184
