 key  value
8122 459.968
8063 455.968
8001 451.968
8002 447.968
8003 443.968
8004 439.968
8005 435.968
8006 431.968
8007 427.968
8008 423.968
8009 419.968
8010 415.968
8011 411.968
7942 404.968
7869 400.968
7796 396.968
7797 392.968
7724 388.968
7652 384.968
7653 380.968
7580 376.968
7509 372.968
7443 368.968
7375 364.968
7306 360.968
7240 356.968
7174 352.968
7104 348.968
7033 344.968
6959 340.968
6889 336.968
6818 332.968
6743 328.968
6665 324.968
6586 320.968
6504 316.968
6422 312.968
6344 308.968
6267 304.968
6193 300.968
6116 296.968
6036 292.968
5956 288.968
5883 284.968
5809 280.968
5734 276.968
5655 272.968
5579 268.968
5494 264.968
5404 260.968
5313 256.968
5226 252.968
5147 248.968
5066 244.968
4983 240.968
4899 236.968
4814 232.968
4727 225.968
4728 221.968
4729 217.968
9898 213.451
4643 208
4557 204
4469 200
4380 196
4289 192
4196 188
4105 184
4016 180
3928 176
3839 172
3750 168
3665 164
3582 160
3497 156
3409 152
3319 148
3225 144
3133 140
3043 136
2940 132
2941 128
2942 124
2943 120
2944 116
2945 112
2946 108
2947 104
2948 100
2949 96
3045 89
3046 85
3138 81
3229 76
3323 69
3324 65
3325 61
3326 57
3327 53
3328 49
3329 45
3330 41
3331 37
3415 33
3501 28
3587 24
3588 20
3589 16
3590 12
3591 8
3592 4
8125 447.968
8126 443.968
8067 439.968
8068 435.968
8124 451.968
8127 439.968
8113 495.968
8054 491.968
8055 487.968
7993 483.968
7994 479.968
7995 475.968
7996 471.968
7997 467.968
7998 463.968
7999 459.968
8000 455.968
8112 499.968
8053 495.968
8115 487.968
8116 483.968
8117 479.968
8058 475.968
8059 471.968
8114 491.968
8119 471.968
8120 467.968
8121 463.968
8118 475.968
8105 527.968
8106 523.968
8047 519.968
8048 515.968
8049 511.968
8050 507.968
8051 503.968
8052 499.968
8104 531.968
8107 519.968
8109 511.968
8108 515.968
8111 503.968
8110 507.968
8097 559.968
8098 555.968
8099 551.968
8100 547.968
8101 543.968
8102 539.968
8043 535.968
7981 531.968
7982 527.968
7983 523.968
7984 519.968
7985 515.968
7986 511.968
7987 507.968
7988 503.968
7989 499.968
7990 495.968
7991 491.968
7992 487.968
8096 563.968
8103 535.968
8155 559.968
8156 555.968
8157 551.968
8159 543.968
8158 547.968
8136 635.968
8137 631.968
8080 627.968
8021 623.968
8022 619.968
7960 615.968
7961 611.968
7962 607.968
7963 603.968
7964 599.968
7965 595.968
7966 591.968
7967 587.968
7968 583.968
7969 579.968
7970 575.968
7971 571.968
7972 567.968
7973 563.968
7974 559.968
7975 555.968
7976 551.968
7977 547.968
7978 543.968
7979 539.968
7980 535.968
8128 435.968
8069 431.968
8185 439.968
8186 435.968
8187 431.968
8188 427.968
8189 423.968
8132 419.968
8073 415.968
8184 443.968
8177 471.968
8178 467.968
8176 475.968
8179 463.968
8181 455.968
8180 459.968
8183 447.968
8182 451.968
8169 503.968
8170 499.968
8171 495.968
8172 491.968
8173 487.968
8174 483.968
8168 507.968
8175 479.968
8161 535.968
8162 531.968
8160 539.968
8163 527.968
8165 519.968
8166 515.968
8167 511.968
8164 523.968
8217 543.968
8216 547.968
8219 535.968
8218 539.968
8221 527.968
8222 523.968
8223 519.968
8224 515.968
8225 511.968
8220 531.968
8215 551.968
8214 555.968
8241 447.968
8240 451.968
8242 443.968
8233 479.968
8234 475.968
8235 471.968
8232 483.968
8237 463.968
8238 459.968
8236 467.968
8239 455.968
8227 503.968
8226 507.968
8229 495.968
8230 491.968
8231 487.968
8228 499.968
8281 503.968
8282 499.968
8280 507.968
8283 495.968
8284 491.968
8285 487.968
8287 479.968
8288 475.968
8286 483.968
8273 535.968
8274 531.968
8272 539.968
8275 527.968
8277 519.968
8276 523.968
8279 511.968
8278 515.968
91 268
112 264
127 259
145 255
146 251
175 247
213 243
259 238
310 234
366 230
428 225
492 221
563 217
635 212
705 208
782 204
867 199
945 195
1017 191
1087 187
1160 182
1244 178
1328 174
1419 169
1516 165
1610 161
1708 156
1799 152
1882 148
1971 143
2062 139
2152 135
2238 131
2326 126
2412 122
2497 118
2583 113
2670 109
2759 105
2848 100
8269 551.968
93 260
94 256
115 252
116 248
117 244
118 240
135 228
154 221
183 217
221 213
267 208
318 204
374 200
436 195
500 191
571 187
643 182
713 178
714 174
791 170
876 165
877 161
955 157
956 153
1028 149
1029 145
1030 141
1031 137
1101 133
1174 128
1258 124
1342 120
1433 115
1434 111
1531 107
1625 103
1723 98
1724 94
1725 90
1816 86
1899 82
1988 77
2079 73
2169 69
2255 65
2343 60
2429 56
2514 52
2600 47
2687 43
2776 39
2865 34
2966 30
3061 26
3153 22
3244 17
3337 13
3421 9
3507 4
8268 555.968
92 264
8271 543.968
8270 547.968
8319 551.968
8318 555.968
8298 435.968
8299 431.968
8246 427.968
125 267
143 263
172 259
210 255
256 250
257 246
308 242
309 238
365 234
427 229
126 263
8289 471.968
113 260
128 255
8291 463.968
8292 459.968
8293 455.968
8290 467.968
114 256
8294 451.968
8344 451.968
8345 447.968
8346 443.968
8347 439.968
8348 435.968
8349 437.802
9963 435.837
110 272
8337 479.968
8336 483.968
8339 471.968
8338 475.968
8341 463.968
8340 467.968
8343 455.968
8342 459.968
8329 511.968
8330 507.968
8331 503.968
8328 515.968
8333 495.968
8332 499.968
8335 487.968
8334 491.968
8321 543.968
8320 547.968
144 259
173 255
211 251
8323 535.968
147 248
176 244
177 240
215 236
261 231
312 227
368 223
430 218
494 214
565 210
637 205
707 201
784 197
869 192
947 188
1019 184
1089 180
1162 175
1246 171
1330 167
1421 162
1518 158
1612 154
1710 149
1801 145
1884 141
1973 136
2064 132
2154 128
2240 124
2328 119
2414 115
2499 111
2585 106
2672 102
2761 98
2850 93
2951 89
8322 539.968
8325 527.968
149 241
178 237
216 233
262 228
313 224
314 220
315 216
316 212
317 208
8324 531.968
148 244
8327 519.968
8326 523.968
150 237
151 233
180 229
218 225
264 220
265 216
8377 515.968
8378 511.968
8376 519.968
8379 507.968
8380 503.968
8381 499.968
8383 491.968
8382 495.968
8369 547.968
129 252
130 248
131 244
132 240
133 236
134 232
8368 551.968
8371 539.968
8370 543.968
8373 531.968
8372 535.968
8375 523.968
8374 527.968
179 233
181 225
219 221
174 251
212 247
258 242
8393 451.968
217 229
263 224
8385 483.968
209 259
255 254
306 250
307 246
363 242
425 237
489 233
490 229
561 225
633 220
703 216
704 212
8384 487.968
8387 475.968
8388 471.968
8389 467.968
8386 479.968
8391 459.968
8392 455.968
8390 463.968
214 240
260 235
311 231
8441 459.968
8440 463.968
8433 491.968
8432 495.968
8435 483.968
8436 479.968
8434 487.968
8437 475.968
8438 471.968
8439 467.968
8425 523.968
8424 527.968
8427 515.968
8426 519.968
8429 507.968
8428 511.968
8431 499.968
8430 503.968
254 258
305 254
8419 547.968
8420 543.968
8421 539.968
8422 535.968
8418 551.968
8423 531.968
8473 523.968
8472 527.968
8475 515.968
8474 519.968
8477 507.968
8476 511.968
8479 499.968
8480 495.968
8481 491.968
8478 503.968
8467 547.968
8466 551.968
8469 539.968
8468 543.968
8471 531.968
8470 535.968
266 212
8499 607.968
8453 603.968
8406 599.968
8357 595.968
8358 591.968
8310 587.968
8261 583.968
8262 579.968
8209 575.968
8210 571.968
8211 567.968
8212 563.968
8213 559.968
8500 603.968
8454 599.968
8407 595.968
319 203
375 199
437 194
501 190
572 186
8483 483.968
8484 479.968
8485 475.968
8486 471.968
8487 467.968
8488 463.968
8489 459.968
8490 455.968
8491 451.968
8444 447.968
8395 443.968
8482 487.968
299 297
355 293
416 288
478 284
479 280
480 276
550 269
622 264
623 260
624 256
625 252
626 248
627 244
628 240
629 236
699 232
700 228
701 224
702 220
8529 487.968
8530 483.968
8528 491.968
8531 479.968
8532 475.968
8533 471.968
8534 467.968
8535 463.968
8521 519.968
8522 515.968
8523 511.968
8524 507.968
8525 503.968
8526 499.968
8527 495.968
8520 523.968
8515 543.968
8514 547.968
8517 535.968
8516 539.968
8519 527.968
8518 531.968
8569 507.968
8570 503.968
8568 511.968
8571 499.968
8573 491.968
8574 487.968
8572 495.968
8575 483.968
8576 479.968
8561 539.968
8562 535.968
8563 531.968
8560 543.968
8565 523.968
8564 527.968
8567 515.968
8566 519.968
369 220
431 215
495 211
496 207
497 203
568 199
640 194
641 190
642 186
712 182
371 212
433 207
434 203
435 199
370 216
432 211
373 204
372 208
361 250
423 245
424 241
360 254
422 249
362 246
8605 539.968
8604 543.968
364 238
426 233
8607 531.968
367 227
429 222
8606 535.968
353 301
414 296
415 292
477 288
8589 603.968
8546 599.968
8547 595.968
8503 591.968
8457 587.968
8410 583.968
8361 579.968
8313 575.968
8314 571.968
8315 567.968
8266 563.968
413 300
8588 607.968
8545 603.968
412 304
474 300
475 296
476 292
8590 599.968
8632 599.968
8633 595.968
8634 591.968
8635 587.968
8636 583.968
8637 579.968
8638 575.968
8597 571.968
8554 567.968
8555 563.968
8556 559.968
8557 555.968
8558 551.968
8631 603.968
8630 607.968
8617 491.968
8616 495.968
8619 483.968
8618 487.968
8609 523.968
8610 519.968
8611 515.968
8612 511.968
8613 507.968
8614 503.968
8608 527.968
8615 499.968
8671 603.968
8670 607.968
8657 499.968
8656 503.968
8659 491.968
8660 487.968
8658 495.968
8661 483.968
8620 479.968
8621 475.968
8578 471.968
421 253
420 257
484 253
485 249
556 245
8649 531.968
8650 527.968
473 304
8648 535.968
8651 523.968
8653 515.968
8652 519.968
8655 507.968
8654 511.968
469 320
470 316
471 312
472 308
8647 539.968
8646 543.968
8697 499.968
8698 495.968
8699 491.968
8696 503.968
8701 483.968
8702 479.968
8663 475.968
8664 471.968
8623 467.968
8580 463.968
8536 459.968
8700 487.968
8689 531.968
8691 523.968
8690 527.968
8693 515.968
8694 511.968
8692 519.968
8695 507.968
8686 543.968
8687 539.968
8672 599.968
499 195
498 199
8729 527.968
8728 531.968
488 237
8731 519.968
8732 515.968
8733 511.968
8734 507.968
491 225
8730 523.968
8735 503.968
483 257
487 241
558 237
630 232
631 228
8726 539.968
8727 535.968
486 245
537 321
609 316
610 312
611 308
612 304
613 300
614 296
615 292
616 288
617 284
618 280
619 276
620 272
621 268
539 313
538 317
541 305
540 309
543 297
542 301
8711 599.968
8712 595.968
8713 591.968
8675 587.968
8710 603.968
8763 539.968
8764 535.968
8765 531.968
8767 523.968
8766 527.968
8747 603.968
8748 599.968
8749 595.968
8746 607.968
570 191
8737 495.968
8736 499.968
8739 487.968
8740 483.968
8738 491.968
564 214
636 209
566 207
638 202
708 198
785 194
870 189
871 185
949 181
1021 177
1091 173
1164 168
1165 164
1249 160
1250 156
1251 152
1252 148
1336 144
1427 139
1428 135
1429 131
1526 127
1620 123
1718 118
1719 114
1720 110
1721 106
1812 102
1895 98
1984 93
1985 89
1986 85
1987 81
553 257
552 261
555 249
554 253
557 241
545 289
544 293
8787 603.968
547 281
8786 607.968
546 285
8788 599.968
8789 595.968
8790 591.968
8751 587.968
8752 583.968
8716 579.968
8717 575.968
8718 571.968
8719 567.968
8720 563.968
8721 559.968
8683 555.968
8644 551.968
8603 547.968
551 265
8776 487.968
605 332
606 328
607 324
608 320
8780 486.331
9950 480.669
8704 475.968
8769 515.968
8770 511.968
8768 519.968
8771 507.968
8773 499.968
8772 503.968
8775 491.968
8774 495.968
8827 603.968
8828 599.968
8829 595.968
8816 487.968
8777 483.968
8741 479.968
8703 475.968
8809 515.968
8808 519.968
8811 507.968
8812 503.968
8810 511.968
8813 499.968
8814 495.968
8815 491.968
8801 547.968
8762 543.968
8800 551.968
8803 539.968
8805 531.968
8806 527.968
8804 535.968
8807 523.968
8849 515.968
8850 511.968
8848 519.968
8851 507.968
8853 499.968
8852 503.968
8854 495.968
8841 547.968
8842 543.968
8843 539.968
8844 535.968
8845 531.968
8847 523.968
8846 527.968
8890 495.96
9969 492.03
8881 531.96
8882 527.96
8883 523.96
8884 519.96
8885 515.96
8886 511.96
8887 507.96
8888 503.96
8889 499.96
8880 535.96
8877 547.96
8878 543.96
8879 539.96
689 279
690 275
691 271
692 267
693 263
694 259
695 255
696 251
697 247
688 283
681 311
682 307
683 303
684 299
685 295
686 291
687 287
8920 515.96
8921 511.96
8922 507.96
680 315
8913 543.96
8914 539.96
8915 535.96
8912 547.96
675 335
676 331
677 327
678 323
679 319
8917 527.96
8916 531.96
8919 519.96
8918 523.96
8911 551.96
8910 555.96
8953 519.96
8952 523.96
8945 551.96
8946 547.96
8947 543.96
8944 555.96
8949 535.96
709 194
786 190
8948 539.96
8951 527.96
711 186
8950 531.96
710 190
761 310
762 306
763 302
764 298
765 294
766 290
767 286
768 282
769 278
770 274
771 270
772 266
773 262
774 258
760 314
753 342
754 338
755 334
756 330
757 326
758 322
759 318
8985 523.96
8986 519.96
8987 515.96
8988 511.96
8989 507.96
8957 503.96
8924 499.96
8984 527.96
8977 555.96
8978 551.96
8979 547.96
8976 559.96
8981 539.96
8980 543.96
8983 531.96
8982 535.96
8975 563.96
8974 567.96
787 186
872 181
873 177
951 173
952 169
1024 165
1025 161
1095 157
1168 152
1169 148
1253 144
1337 140
789 178
874 173
788 182
790 174
875 169
953 165
9017 523.96
9018 519.96
9016 527.96
9009 555.96
9008 559.96
9011 547.96
9010 551.96
9013 539.96
9014 535.96
9015 531.96
9012 543.96
9005 571.96
9006 567.96
9007 563.96
8997 603.96
8966 599.96
8967 595.96
8968 591.96
8969 587.96
8937 583.96
8904 579.96
8905 575.96
8906 571.96
8872 567.96
8873 563.96
8874 559.96
8875 555.96
8876 551.96
8998 599.96
8999 595.96
9041 551.96
9040 555.96
9043 543.96
9042 547.96
9045 535.96
9044 539.96
9047 527.96
9048 523.96
9046 531.96
856 276
857 272
858 268
859 264
9037 567.96
9038 563.96
9039 559.96
9036 571.96
849 308
850 304
848 312
851 296
852 292
853 288
854 284
855 280
9029 599.96
9028 603.96
841 340
842 336
843 332
844 328
845 324
846 320
847 316
840 344
9073 539.96
9072 543.96
9075 531.96
9076 527.96
835 364
836 360
837 356
838 352
839 348
9074 535.96
9065 571.96
9066 567.96
9064 575.96
9067 563.96
9068 559.96
9069 555.96
9070 551.96
9071 547.96
9059 595.96
9060 591.96
9061 587.96
9033 583.96
9034 579.96
9035 575.96
9058 599.96
9030 595.96
9031 591.96
9001 587.96
8970 583.96
8938 579.96
9063 579.96
9113 603.96
9114 599.96
9115 595.96
9116 591.96
9090 587.96
9091 583.96
9092 579.96
9093 575.96
9094 571.96
9095 567.96
9096 563.96
9097 559.96
9117 587.96
9119 579.96
9118 583.96
9104 531.96
921 360
922 356
920 364
9099 551.96
923 352
924 348
925 344
926 340
9098 555.96
9101 543.96
9100 547.96
9103 535.96
927 336
9102 539.96
9145 587.96
9146 583.96
9147 579.96
9148 575.96
9149 571.96
9150 567.96
9123 563.96
9144 591.96
9151 563.96
9124 559.96
9141 603.96
9143 595.96
9128 543.96
9130 535.96
954 161
9133 527.96
9107 523.96
9078 519.96
9050 515.96
9020 511.96
9121 571.96
9120 575.96
944 199
9122 567.96
946 192
9125 555.96
9127 547.96
9126 551.96
950 177
9177 563.96
9178 559.96
9153 555.96
9176 567.96
937 291
938 287
939 283
940 279
936 295
9179 555.96
9180 551.96
9181 547.96
9182 543.96
9157 539.96
9169 595.96
9170 591.96
929 328
928 332
9171 587.96
931 320
930 324
9173 579.96
9174 575.96
9175 571.96
933 312
934 308
9172 583.96
932 316
935 296.127
1010 292.127
1080 288.127
1153 283.127
1236 279.127
1319 275.127
1406 270.127
1502 263.127
1596 259.127
1690 254.127
1691 250.127
1692 246.127
1693 242.127
1694 238.127
1695 234.127
1696 230.127
1697 226.127
1698 222.127
1699 218.127
1700 214.127
1604 210.232
1605 206.232
1414 189
1511 185
1512 181
1513 177
1607 173
1705 168
1706 164
1707 160
9152 559.96
9155 547.96
9154 551.96
9201 567.96
9200 571.96
9203 559.96
9202 563.96
9205 551.96
9204 555.96
9206 547.96
9207 543.96
9208 539.96
9184 535.96
9159 531.96
9132 527.96
9106 523.96
9193 599.96
9195 591.96
1018 188
9197 583.96
9196 587.96
9199 575.96
9198 579.96
1022 173
1023 169
1009 312
1008 316
1011 291.127
1081 287.127
1015 199
1085 195
1158 190
1242 186
1243 182
1014 203
9241 587.96
9220 583.96
1001 363
1000 367
9243 579.96
9244 575.96
9245 571.96
9246 567.96
9225 563.96
1003 343
1004 339
1005 335
1006 331
9242 583.96
9247 563.96
9248 559.96
9227 555.96
1007 320
9224 567.96
9226 559.96
9228 551.96
9229 547.96
9230 543.96
9219 587.96
9221 579.96
9222 575.96
9223 571.96
1037 118
1104 114
1181 109
1265 105
1352 101
1443 96
1540 92
1634 88
1731 84
1822 80
1905 76
1993 72
2084 68
2174 64
2260 60
2347 56
2433 52
2518 48
2603 44
2690 40
2779 36
2867 32
2968 28
3063 24
3155 20
3245 16
3338 12
3422 8
1027 153
1026 157
1096 153
1084 199
1157 194
9249 555.96
9250 551.96
1073 347
1074 343
1075 339
1076 335
1077 320
1078 320
1097 149
1170 144
1254 140
1338 136
1099 141
1172 136
1173 132
1257 128
1102 132
1088 184
1161 179
1245 175
1329 171
1420 166
1517 162
1090 177
1163 172
1247 168
1331 164
1422 159
1519 155
1613 151
1711 146
1712 142
1803 138
1886 134
1975 129
1976 125
2067 121
2157 117
2243 113
2331 108
2417 104
2502 100
2588 95
2675 91
2764 87
2853 82
2854 78
2955 74
3050 70
3051 66
3143 62
3234 57
1145 336.127
1229 332.127
1230 328.127
1231 324.127
1232 320.127
1233 316.127
1316 312.127
1496 304.127
1590 300.127
1684 295.127
1778 291.127
1949 283.127
1866 277.127
1867 273.127
1781 269.127
1782 265.127
1783 261.127
1784 257.127
1785 253.127
1786 249.127
1787 245.127
1788 241.127
1789 237.127
1790 233.127
1791 229.127
1792 225.127
1793 221.127
1144 341
1146 330
1147 326
1143 345
1142 349
1183 108
1267 104
1354 100
1444 96
1541 92
1635 88
1732 84
1823 80
1182 108
1266 104
1353 100
1171 140
1255 136
1339 132
1430 127
1527 123
1621 119
1167 156
1166 160
1152 287.127
1235 283.127
1318 279.127
1405 274.127
1156 198
1240 194
1324 190
1415 185
1416 181
1159 186
1241 190
1325 186
9421 2084.92
9422 1986.92
9423 1888.92
9424 1790.92
9442 1615.92
9443 1516.92
9461 1381.92
9477 1275.92
9494 1168.92
9512 1036.92
9531 929.924
9551 822.924
6006 633.924
6087 628.924
6163 624.924
6238 620.924
6313 615.924
6314 611.924
6315 607.924
6316 603.924
6317 599.924
6395 592.924
6474 585.924
6475 581.924
6476 577.924
6557 573.924
6637 568.924
6715 564.924
6791 560.924
6864 555.924
6936 551.924
7012 547.924
7083 542.924
7152 538.924
7217 534.924
7284 530.924
7352 525.924
7421 521.924
7487 517.924
9982 513.983
7556 508.968
7557 504.968
7558 500.968
7631 493.968
7704 489.968
7777 485.968
7851 480.968
7852 476.968
7925 472.968
7926 468.968
7927 464.968
7854 460.968
7855 456.968
7856 452.968
7857 448.968
7858 444.968
7785 440.968
7712 436.968
7713 432.968
7714 428.968
7642 424.968
7643 420.968
7644 416.968
7645 412.968
7572 408.968
7501 404.968
7502 400.968
7436 396.968
7437 392.968
7369 388.968
7300 384.968
7234 380.968
7235 376.968
7169 372.968
7099 368.968
7028 364.968
7029 360.968
6955 356.968
6885 352.968
6814 348.968
6815 344.968
6816 340.968
6741 336.968
6742 332.968
6664 328.968
6585 324.968
6503 320.968
6421 316.968
6343 312.968
9420 2182.92
1234 287.127
1225 349
1226 345
1224 353
1227 340.127
1228 336.127
1221 400
1220 396
1305 392
1392 388
1484 384
1485 380
1486 376
1393 369
1306 363
1223 356
9462 1345.42
9939 1255.01
9478 1237.1
9942 1148.22
9495 1129.92
1222 404
1264 106
1351 102
1442 97
1539 93
1633 89
1269 104
1355 100
1445 96
1542 92
1636 88
1733 84
1256 132
1259 111
1346 107
1437 102
1534 98
1628 94
1726 89
1817 85
1900 81
1989 76
2080 72
2170 68
2256 64
2344 59
2430 55
2515 51
2601 46
2688 42
2777 38
2866 33
2967 29
3062 25
3154 21
1248 164
9493 1223.92
9511 1090.92
9530 984.924
9550 878.924
9572 749.924
5928 652.924
1304 393
1307 360
1309 352.127
1310 348.127
1311 344.127
1312 340.127
1308 356.127
9529 1083.92
9528 1182.92
9532 925.924
9525 2071.16
9544 1969.16
9563 1876.16
9586 1774.16
9607 1672.16
9629 1580.16
9630 1483.16
9631 1386.16
9984 1334.57
9609 1254.97
9610 1154.97
9611 1054.97
9612 954.968
9613 854.968
9614 754.968
7873 688.968
7800 684.968
7801 680.968
7802 676.968
7875 672.968
7876 668.968
7877 664.968
7878 660.968
7879 656.968
7880 652.968
7881 648.968
7882 644.968
7883 640.968
7884 636.968
7885 632.968
7886 628.968
7887 624.968
7888 620.968
7889 616.968
7890 612.968
7891 608.968
7892 604.968
7893 600.968
7894 596.968
7895 592.968
7896 588.968
7897 584.968
7898 580.968
7899 576.968
7900 572.968
7901 568.968
7902 564.968
7903 560.968
7904 556.968
7905 552.968
7906 548.968
7907 544.968
7908 540.968
7909 536.968
7910 532.968
7911 528.968
7912 524.968
7913 520.968
7914 516.968
7915 512.968
7916 508.968
7917 504.968
7918 500.968
7919 496.968
7920 492.968
7921 488.968
7922 484.968
7923 480.968
7924 476.968
9524 2166.16
9543 2064.16
9562 1971.16
9585 1870.16
9606 1769.16
9628 1677.16
9527 1281.92
9513 1032.92
1341 124
1432 119
1529 115
1530 111
1340 128
1431 123
1528 119
1622 115
1343 116
9506 2267.16
9509 1286.92
9510 1188.92
1332 160
1423 155
1520 151
1614 147
1335 148
1426 143
1334 152
1425 147
1522 143
1523 139
1524 135
1525 131
9567 1239.92
9568 1141.92
9569 1043.92
9570 945.924
9571 847.924
1327 178
1418 173
1515 169
1609 165
9566 1337.92
1326 182
1417 177
1317 283.127
1404 278.127
9547 1177.92
9546 1276.92
9549 978.924
9548 1077.92
9593 746.924
6911 694.924
6912 690.924
6913 686.924
6982 675.924
7051 670.924
7052 666.924
7053 662.924
7054 658.924
7055 654.924
7124 650.924
7125 646.924
7190 642.924
7257 638.924
7325 633.924
7326 629.924
7327 625.924
7328 621.924
7329 617.924
7330 613.924
7399 609.924
7400 605.924
7466 601.924
7467 597.924
7468 593.924
7469 589.924
7470 585.924
7471 581.924
7472 577.924
7473 573.924
7474 569.924
7475 565.924
7476 561.924
7477 557.924
7478 553.924
7479 549.924
7480 545.924
7481 541.924
7482 537.924
7483 533.924
7484 529.924
7485 525.924
7486 521.924
9592 845.924
9595 399
9594 300
5374 226
5286 222
5203 217
5123 213
5122 209
5121 205
5120 201
5038 197
4954 192
4869 188
4782 184
4693 179
4607 175
4520 171
4431 167
4339 162
4247 158
4246 154
4245 150
4152 146
4062 141
4061 137
3971 133
3882 129
3881 125
3793 121
3705 116
3621 112
3620 108
3619 104
3618 100
3617 96
3616 92
3615 88
3614 84
3613 80
3612 76
3611 72
3610 68
3609 64
3608 60
3607 56
3606 52
3605 48
3604 44
3603 40
3602 36
3601 32
3600 28
3599 24
3598 20
3597 16
3596 12
3595 8
3594 4
1357 99.902
1447 95.902
1544 91.902
1638 87.902
1735 83.902
1826 79.902
1909 75.902
1997 71.902
2088 67.902
2178 63.902
2264 59.902
2351 55.902
2437 51.902
2522 47.902
2607 43.902
2694 39.902
9979 34.991
2871 32
2971 28
3065 24
3247 16
3423 8
3508 4
1359 99.902
1449 95.902
1545 91.902
1358 99.902
1448 95.902
1345 108
1436 103
1533 99
1627 95
1347 106
1438 101
1535 97
1629 93
1727 88
1818 84
1901 80
1990 75
2081 71
2171 67
2257 63
2345 58
2431 54
2516 50
2602 45
2689 41
2778 37
9589 1142.92
9590 1043.92
9591 944.924
9588 1241.92
1349 104
1440 99
1537 95
1631 91
1729 86
1820 82
1903 78
1992 73
2083 69
2173 65
2259 61
1348 105
1439 100
1536 96
1630 92
1728 87
1819 83
1902 79
1991 74
2082 70
2172 66
2258 62
2346 57
2432 53
2517 49
1350 103
1441 98
1538 94
1632 90
1730 85
1821 81
1904 77
1401 335.127
1314 331.127
1315 327.127
1400 339.127
1403 307.127
1497 303.127
1591 299.127
1402 331.127
1395 364
1394 367
9573 274.004
4102 270.004
4287 262.004
4378 257.004
4468 250.004
4556 246.004
4726 234.004
9909 229.892
1397 356.127
1396 360.127
1399 343.127
9574 300
3561 216
3560 212
3645 208
3644 204
3643 200
3642 196
3641 192
3640 188
3639 184
3638 180
3637 176
3636 172
3635 168
3634 164
3633 160
3632 156
3631 152
3630 148
3629 144
3628 140
3627 136
3626 132
3625 128
3624 124
3623 120
3622 116
1398 350.127
1391 392
9617 402
9616 303
7111 238
7110 234
7109 230
7108 226
7038 218
7037 214
6967 207
6966 203
6965 199
6964 195
6896 188
6828 183
6827 179
6754 175
6678 171
6600 166
6520 162
6519 158
6437 154
6359 150
6282 145
6207 141
6131 137
6055 132
5974 128
5973 124
5900 120
5826 116
5751 111
5675 107
5595 103
5518 98
5517 94
5431 90
5339 86
5251 82
5168 77
5088 73
5006 69
4922 64
4837 60
4750 56
4661 51
4575 47
4488 43
4399 39
4307 34
4215 30
4122 26
4032 21
3942 17
3853 13
3765 9
3677 4
1435 107
1532 103
1626 99
1424 151
9657 996.968
9636 893.968
9656 1093.97
9635 990.968
9658 1094.97
9661 504.756
9638 396.756
10125 382.172
9660 433
9637 325
9615 232
6824 173
6751 169
6675 165
6598 161
6518 157
6436 153
6358 149
9655 1191.97
9634 1087.97
9654 1288.97
9633 1184.97
9639 418
9681 541
9680 1101.97
9682 612.756
1446 96
1499 275.127
1593 271.127
1687 266.127
1688 262.127
1689 258.127
1498 279.127
9677 1366.44
10128 1267.03
1500 271.127
1501 267.127
9679 1099.97
9678 1196.97
1491 358.127
1492 354.127
1490 364.127
1493 349.127
1494 345.127
1495 308.127
9721 1294.97
9700 1190.97
9720 1292.97
1483 388
1482 400
1579 396
1580 392
1581 388
1582 384
1487 373
9699 1287.97
9701 1192.97
1514 173
9742 1472.97
9741 1373.97
1553 91.902
1646 87.902
1743 83.902
1833 79.902
1915 75.902
2003 71.902
2093 67.902
2182 63.902
2267 59.902
2354 55.902
2439 51.902
2523 47.902
2608 43.902
1552 91.902
1555 99.902
1554 95.902
1647 91.902
1744 87.902
1834 83.902
1916 79.902
1556 103.902
1546 91.902
1640 87.902
1737 83.902
1828 79.902
1910 75.902
1998 71.902
2089 67.902
1549 91.902
1643 87.902
1740 83.902
1831 79.902
1913 75.902
2001 71.902
2091 67.902
2180 63.902
2265 59.902
2352 55.902
1551 91.902
1644 87.902
1741 83.902
1832 79.902
1550 91.902
9782 1700.97
9781 1603.97
9761 1477.97
1543 92
1592 275.127
1686 270.127
1585 374.723
1586 370.723
1587 366.723
1588 362.723
9901 361.737
1584 377
9762 1577.97
1589 304.127
9819 1769.97
9799 1666.97
9779 1565.97
9760 1475.97
9818 1768.97
9821 1775.97
9801 1671.97
9780 1567.97
9820 1772.97
9800 1668.97
9823 1294.22
9804 1197.22
9784 1100.22
9763 987.764
9744 890.764
9723 793.764
10126 700.03
9702 615
1583 380
9822 1811.97
9802 1707.97
1624 107
1722 102
1813 98
1896 94
1619 127
1717 122
1808 118
1809 114
1810 110
1893 106
1982 101
1983 97
1618 131
1716 126
1807 122
1890 118
1979 113
1980 109
2071 105
2161 101
2247 97
2335 92
2336 88
2422 84
2507 80
2593 75
2680 71
2681 67
2770 63
2859 58
2960 54
3055 50
3147 46
3238 41
1623 111
9798 1689.97
9778 1587.97
9759 1497.97
9740 1395.97
1608 169
1611 158
1709 153
1800 149
9844 1025.27
9833 1008.21
10024 973.552
9830 933.462
9871 883.121
9829 826.435
9912 789.523
9828 758.204
9927 715.736
9827 676.864
9897 661.143
1606 177
1704 172
1657 115
1754 111
1844 107
1926 103
2014 99
2013 95
2103 91
2192 87
2277 83
2364 79
2449 75
2533 71
2618 67
2617 63
2699 59
2784 55
2872 51
2972 47
3066 43
3158 36
3157 32
3249 26
3248 22
3340 15
1656 111
1753 107
1843 103
1925 99
9835 980.134
9879 967.566
9834 1042.83
9843 1008.95
1658 119
1755 115
1845 111
1927 107
2015 103
2105 99
2194 95
2279 91
2366 87
2451 83
2535 79
2620 75
2619 71
2701 67
2700 63
9836 863.24
9904 822.851
1649 99.902
1648 95.902
9826 423.887
6240 411.968
6241 407.968
6242 403.968
6168 399.968
6091 395.968
6011 391.968
6012 387.968
6013 383.968
5934 379.968
5935 375.968
5936 371.968
5862 367.968
5788 363.968
5713 359.968
5634 355.968
5558 351.968
5473 347.968
5383 343.968
5292 339.968
5206 332.968
5127 328.968
5046 324.968
4963 320.968
4879 316.968
4794 312.968
4795 308.968
4796 304.968
4797 300.968
4798 296.968
4799 292.968
4800 288.968
4801 284.968
4802 280.968
4803 276.968
4804 272.968
4805 268.968
4806 264.968
4807 260.968
4808 256.968
4809 252.968
4810 248.968
4811 244.968
4812 240.968
4813 236.968
1651 106.902
1650 102.902
1747 98.902
1837 94.902
1919 90.902
2007 86.902
2097 82.902
2186 78.902
2271 74.902
2358 70.902
2443 66.902
2527 62.902
2612 58.902
2697 51.902
2696 47.902
2695 43.902
1653 106.999
1750 102.999
1841 98.999
1923 94.999
2011 90.999
2101 86.999
2190 82.999
2275 78.999
2362 74.999
2447 70.999
2531 66.999
2616 62.999
2698 58.999
2783 54.999
10101 51.887
9831 1027.11
10007 975.972
1652 106.999
1749 102.999
1839 98.999
1921 94.999
2009 90.999
2100 86.999
9881 119.581
1642 87.902
1739 83.902
1830 79.902
9885 282.566
1645 87.902
1742 83.902
1637 88
1734 84
1825 80
1908 76
1996 72
2086 68
2176 64
2262 60
2349 56
2435 52
2520 48
2605 44
2692 40
2780 36
2868 32
2969 28
3064 24
3156 20
3246 16
3339 12
1639 87.902
1736 83.902
9866 345.646
604 336
1683 296.127
1777 292.127
1865 288.127
1685 274.127
9913 221.263
1673 396
9915 269.149
4194 266.004
1675 388
9914 400.422
9825 391.519
5627 383.968
5628 379.968
5629 375.968
5630 371.968
5631 367.968
5555 363.968
5470 359.968
5380 355.968
5381 351.968
5382 347.968
1674 392
9917 546.848
7084 541.924
7153 537.924
7218 533.924
7285 529.924
1677 381
9916 767.66
1676 384
9919 736.387
9918 293.288
1678 378.723
1679 374.723
9905 362.939
9906 201.043
9908 28.612
9911 614.743
9910 329.442
9896 17.14
3424 12
3509 8
9899 378.383
2823 374.567
2824 370.567
2917 366.567
2918 362.567
3020 358.567
3021 354.567
3022 350.567
3023 346.567
3024 342.567
10073 339.251
3025 337.127
2923 333.127
2739 323.127
2740 319.127
2741 315.127
2742 311.127
2743 307.127
2655 303.127
2568 299.127
2484 295.127
2398 291.127
2399 287.127
2312 280.127
2135 272.127
2044 265.127
1955 261.127
1956 257.127
1957 253.127
1873 249.127
9900 560.737
6794 557.924
7014 545.924
9903 171.36
9902 739.224
1713 138
1804 134
1887 130
1715 130
1714 134
1805 130
1888 126
1977 121
1978 117
2069 113
2159 109
2160 105
9893 402.499
9895 369.357
4170 362.004
4171 358.004
4172 354.004
4173 350.004
4174 346.004
4175 342.004
4268 338.004
4359 333.004
4360 329.004
4361 325.004
4362 321.004
4363 317.004
4364 313.004
4365 309.004
4366 305.004
4367 301.004
4368 297.004
4369 293.004
4370 289.004
4371 285.004
4372 281.004
4373 277.004
4374 273.004
4375 269.004
4376 265.004
4377 261.004
9894 429.589
9945 280.367
3476 220
9944 175.249
1769 171
1768 167
1767 163
1766 159
1856 155
1938 151
2026 147
2116 143
2205 139
2290 135
2377 131
2462 127
2461 123
2545 119
2630 115
2629 111
2711 107
2710 103
2795 99
2883 95
2882 91
2881 87
2880 83
2879 79
2979 75
3073 71
3072 67
3071 63
3070 59
3069 55
3068 51
3067 47
9946 156.999
918 155
996 151
1068 147
1134 143
1210 139
1209 135
1208 131
1291 127
1377 123
1376 119
1466 115
1562 111
1655 107
1752 103
1842 99
1924 95
2012 91
2102 87
2191 83
2276 79
2363 75
2448 71
2532 67
9949 310.44
6428 301.968
6350 297.968
6273 293.968
6198 289.968
6121 285.968
6041 281.968
5960 277.968
5887 273.968
5813 269.968
5738 265.968
5658 261.968
5582 257.968
5497 253.968
5407 249.968
5316 245.968
5229 241.968
5069 233.968
4986 229.968
4902 225.968
4817 221.968
9948 478.453
8665 471.968
9951 531.155
9936 1207.7
9938 1152.62
9943 766.635
1702 200
1794 193
1879 189
1963 183
2052 179
2053 175
2054 171
2144 167
2230 163
2318 158
2404 154
2405 150
2490 146
2576 141
2577 137
2578 133
2665 129
2666 125
2667 121
2668 117
2757 113
2846 108
9928 186.824
4104 186
9933 1161.01
1757 123
1756 119
1758 127
1745 91.902
9920 260.699
9923 44.03
3159 40
1746 95.902
9924 16.454
1748 102.902
1838 98.902
1920 94.902
1751 102.999
9926 306.665
9976 673.544
6005 637.924
6086 632.924
6162 628.924
1738 83.902
9981 2052.41
9968 558.819
9270 552.773
10129 551.492
9252 547.96
9971 396.932
7871 392.968
7798 388.968
7725 384.968
9973 381.911
9972 329.337
6893 326.497
10082 323.237
6747 317.968
6669 313.968
6590 309.968
6507 305.968
6425 301.968
6347 297.968
6270 293.968
6196 289.968
6119 285.968
6039 281.968
5959 277.968
5886 273.968
5812 269.968
5737 265.968
9975 64.329
9974 331.415
9960 234.254
5070 230
4987 226
4903 222
4818 218
4730 214
9967 447.876
8445 443.968
8396 439.968
9966 35.815
3845 32
3758 28
3671 24
3672 20
3673 16
3674 12
9952 531.986
9954 409.147
9956 99.912
5670 96
5511 88
5425 84
5333 80
5245 76
5163 72
5083 68
5001 64
4918 60
4833 56
4746 52
4658 48
4572 44
4485 40
4396 36
4305 32
4213 28
4120 24
4031 20
3941 16
3852 12
3764 8
1780 273.127
9959 487.921
10009 1246.3
10008 467.826
7853 464.968
1771 392
1772 388
1770 175
1773 385
1775 378.723
1774 382.723
10005 165.018
1797 160
1798 156
9999 124.34
964 122
1811 106
1815 90
1814 94
1897 90
10041 409.54
2478 407.162
2734 390.567
2735 386.567
2736 382.567
2737 378.567
10040 683.21
6007 631.276
6164 621.276
6239 617.276
10043 366.51
10042 387.025
3479 384.004
3480 380.004
3481 376.004
3482 372.004
3564 368.004
3649 364.004
3732 359.004
3820 355.004
3907 351.004
3996 347.004
4086 342.004
4087 338.004
4088 334.004
4178 330.004
4271 326.004
1802 142
1885 138
1974 133
2065 129
2155 125
2241 121
2329 116
2330 112
10045 1358.64
10044 54.424
10047 467.877
10046 882.23
1806 126
10033 354.8
10032 1267.87
10035 419.005
7090 417.968
7019 412.968
6943 408.968
6872 404.968
6801 400.968
6802 396.968
6727 392.968
6649 388.968
6650 384.968
6571 380.968
6572 376.968
6490 372.968
6408 368.968
6330 364.968
6253 360.968
6179 356.968
6102 352.968
6022 348.968
5943 344.968
5944 340.968
5945 336.968
5946 332.968
5872 328.968
5873 324.968
5799 320.968
5724 316.968
5725 312.968
5726 308.968
5647 304.968
5571 300.968
5486 296.968
5396 292.968
5305 288.968
5218 284.968
5139 280.968
5058 276.968
4975 272.968
4891 268.968
10034 418.938
10037 305.41
10036 350.616
10039 2010.77
10038 341.55
10027 395.063
1861 392
10026 414.522
1850 131
1849 127
1848 123
1847 119
1929 115
2017 111
2016 107
2106 103
10029 214.575
10028 1089.37
10031 272.349
2043 269.127
1954 265.127
10030 198.138
1840 98.999
1846 115
10072 329.907
3124 323.127
3032 319.127
2930 315.127
2832 311.127
2744 307.127
10075 271.348
1953 269.127
1835 87.902
10074 312.891
1836 91.902
10065 285.909
10064 171.742
3749 170
10067 342.908
4358 337.004
10066 285.624
10069 390.014
1829 79.902
1912 75.902
2000 71.902
10068 320.11
3829 318.004
3918 314.004
4007 310.004
4096 306.004
4185 302.004
4278 298.004
10071 328.221
10070 444.475
7286 440.968
7220 436.968
7155 432.968
7086 428.968
7016 424.968
6940 420.968
6869 416.968
6798 412.968
6799 408.968
6800 404.968
10057 297.498
3580 294.029
3747 286.004
3835 282.004
3925 278.004
4014 274.004
1881 152
1970 147
10056 390.192
1863 385.723
1880 156
1969 151
2060 147
2150 143
2236 139
2324 134
2325 130
2411 126
2496 122
2582 117
2669 113
2758 109
2847 104
10059 18.685
1883 145
1972 140
10061 305.861
10060 320.316
2563 317.127
2394 307.127
2306 303.127
2307 299.127
2220 295.127
2130 291.127
2038 287.127
10063 578.706
6712 576.924
6788 572.924
6861 567.924
6933 563.924
7009 559.924
7080 554.924
7149 550.924
7150 546.924
7215 542.924
7216 538.924
7283 534.924
7351 529.924
10062 587.178
10049 164.97
10048 341.714
10051 674.131
10050 163.144
2487 158
2573 153
2660 149
2749 145
2838 140
2839 136
2840 132
10053 449.657
7354 446.968
10055 679.76
10054 35.292
1864 292.127
1948 287.127
1860 171
1859 167
1858 163
1940 159
2028 155
2118 151
2207 147
2292 143
2291 139
1862 389
1914 75.902
2002 71.902
1917 83.902
1918 87.902
2006 83.902
2096 79.902
2185 75.902
2184 71.902
2269 67.902
2268 63.902
2355 59.902
1911 75.902
1999 71.902
2090 67.902
1898 86
1889 122
1891 114
1892 110
1981 105
2072 101
2162 97
2248 93
1894 102
1945 397
1946 393
1944 397.937
1947 389.723
1951 277.127
1950 281.127
1939 155
1928 111
1930 119
1922 94.999
2010 90.999
1968 155
2059 151
2149 147
1965 167
1966 163
2057 159
2147 155
2233 151
2321 146
2407 142
2492 138
1967 159
2058 155
2148 151
2234 147
2322 142
2408 138
2493 134
2579 129
2008 90.902
2098 86.902
2005 79.902
2095 75.902
2004 75.902
1994 72
2085 68
2175 64
2261 60
2348 56
2434 52
2519 48
2604 44
2041 277.127
1952 273.127
1868 269.127
2040 281.127
2042 273.127
2033 401.937
2035 397
2034 401
2037 291.127
2036 393.723
2039 285.127
2024 139
2023 135
2022 131
2021 127
2020 123
2110 119
2199 115
2284 111
2371 107
2370 103
2369 99
2368 95
2367 91
2027 151
2117 147
2206 143
2019 119
2018 115
2108 111
2107 107
2073 97
2074 93
2075 89
2165 85
2166 81
2252 77
2340 72
2341 68
2342 64
2428 60
2513 56
2599 51
2686 47
2077 81
2078 77
2168 73
2254 69
2076 85
2066 125
2068 117
2070 109
2056 163
2061 143
2151 139
2237 135
2063 136
2055 167
2145 163
2231 159
2319 154
2104 95
2109 115
2099 86.999
2188 82.999
2274 78.999
2361 74.999
2092 67.902
2094 71.902
2143 171
2229 167
2317 162
2129 295.127
2128 397.723
2131 289.127
2133 281.127
2134 277.127
2132 285.127
2125 405.937
2127 401
2126 405
2113 131
2202 127
2287 123
2374 119
2373 115
2372 111
2163 93
2164 89
2167 77
2153 132
2158 113
2146 159
2201 123
2286 119
2193 91
2195 99
2197 107
2282 103
2196 103
2281 99
2198 111
2283 107
2187 82.902
2272 78.902
2189 82.999
2181 63.902
2266 59.902
2353 55.902
2438 51.902
2183 67.902
2232 155
2320 150
2406 146
2491 142
2235 143
2323 138
2239 128
2327 123
2413 119
2498 115
2584 110
2671 106
2225 276.127
2224 280.127
2228 171
2316 166
2217 409
2216 409.937
2219 299.127
2218 405
2221 292.127
2222 288.127
2223 284.127
2270 71.902
2249 89
2337 84
2338 80
2424 76
2425 72
2510 68
2596 63
2683 59
2772 55
2861 50
2862 46
2963 42
2964 38
2965 34
2251 81
2339 76
2250 85
2253 73
2245 105
2333 100
2334 96
2420 92
2421 88
2506 84
2592 79
2679 75
2244 109
2332 104
2418 100
2503 96
2589 91
2590 87
2677 83
2678 79
2246 101
2280 95
2285 115
2273 78.999
2360 74.999
2445 70.999
2530 66.999
2615 62.999
2278 87
2365 83
2450 79
2315 170
2401 166
2486 162
2572 157
2659 153
2748 149
2837 144
2305 409
2304 413
2309 292.127
2310 288.127
2311 284.127
2308 296.127
2357 67.902
2356 63.902
2359 74.902
2393 418.162
2479 411.162
2392 413
2395 303.127
2397 295.127
2396 299.127
2387 171
2386 167
2385 163
2384 159
2383 155
2468 151
2552 147
2637 143
2719 139
2804 135
2892 131
2891 127
2890 123
2889 119
2989 115
3083 111
3082 107
3081 103
3080 99
3079 95
3078 91
3077 87
3076 83
3075 79
3074 75
2375 123
2427 64
2426 68
2511 64
2597 59
2684 55
2773 51
2419 96
2423 80
2409 134
2410 130
2495 126
2581 121
2403 158
2402 162
2457 107
2541 103
2540 99
2539 95
2538 91
2537 87
2536 83
2456 103
2459 115
2458 111
2460 119
2453 91
2452 87
2455 99
2454 95
2441 59.902
2440 55.902
2524 51.902
2609 47.902
2442 63.902
2444 70.902
2528 66.902
2613 62.902
2446 70.999
2489 150
2575 145
2488 154
2574 149
2661 145
2750 141
2481 307.127
2482 303.127
2483 299.127
2480 311.127
2485 295.127
2525 55.902
2610 51.902
2526 59.902
2512 60
2598 55
2505 88
2591 83
2504 92
2509 72
2595 67
2508 76
2594 71
2544 115
2543 111
2542 107
2529 67.999
2534 75
2587 99
2586 103
2569 299.127
2570 300.127
2565 311.127
2564 315.127
2567 303.127
2566 307.127
2621 79
2623 87
2622 83
2614 66.902
2606 44
2649 389.567
2650 385.567
2651 319.127
2653 311.127
2654 307.127
2652 315.127
2625 95
2707 91
2706 87
2791 83
2624 91
2627 103
2626 99
2708 95
2628 107
2682 63
2685 51
2673 99
2674 95
2676 87
2657 303.127
2656 303.127
2662 141
2751 137
2713 115
2798 111
2886 107
2986 103
2712 111
2705 83
2790 79
2878 75
2877 71
2977 67
2976 63
2975 59
2974 55
2704 79
2703 75
2788 71
2876 67
2709 99
2702 71
2691 40
2693 40
2781 36
2869 32
2745 307.127
2747 153
2836 148
2937 144
2938 140
2939 136
2746 307.127
2733 394.567
2782 36
2870 32
2970 28
2769 67
2858 62
2768 71
2857 66
2958 62
3053 58
3145 54
3236 49
3237 45
2771 59
2860 54
2775 43
2864 38
2774 47
2863 42
2763 91
2852 86
2762 95
2851 90
2952 86
2953 82
3048 78
3049 74
2765 83
2767 75
2856 70
2766 79
2855 74
2956 70
2793 91
2792 87
2794 95
2797 107
2885 103
2985 99
2796 103
2799 115
2887 111
2785 59
2787 67
2875 63
2786 63
2874 59
2789 75
2845 112
2835 152
2936 148
2827 327.127
2828 323.127
2829 319.127
2831 311.127
2830 315.127
2822 378.567
2915 374.567
3017 370.567
3018 366.567
3019 362.567
2873 55
2973 51
2909 397.567
2910 393.567
2911 389.567
3014 382.567
3015 378.567
3016 374.567
2888 115
2884 99
2928 315.127
2933 160
2934 156
2935 152
2932 164
2921 345.584
2922 341.584
2925 327.127
2924 331.127
2927 319.127
2926 323.127
2913 382.567
2914 378.567
2912 386.567
2961 50
3056 46
3148 42
3239 37
3332 33
3416 29
3502 24
3503 20
3504 16
3505 12
2962 46
3057 42
3058 38
3150 34
3241 29
3242 25
3243 21
2957 66
3052 62
2959 58
2984 95
2987 107
2988 111
2978 71
2981 83
2980 79
2983 91
2982 87
3033 319.127
3035 168
3036 164
3034 172
3039 152
3027 331.127
3026 335.127
3028 327.127
3029 323.127
3030 319.127
3013 400.567
3012 404.567
3059 34
3151 30
3060 30
3054 54
3040 148
3084 115
3121 327.127
3122 323.127
3120 331.127
3127 164
3128 160
3038 156
3113 357.127
3114 353.127
3115 349.127
3116 345.127
3117 341.127
3112 361.127
3119 335.127
3118 339.127
3109 373.127
3110 369.127
3111 365.127
3108 377.127
3161 48
3160 44
3163 56
3162 52
3165 64
3164 60
3167 72
3166 68
3152 26
3144 58
3235 53
3146 50
3149 38
3240 33
3141 70
3232 65
3140 74
3231 69
3142 66
3233 61
3177 112
3176 108
3175 104
3174 100
3173 96
3172 92
3171 88
3170 84
3169 80
3168 76
3178 116
3219 168
3218 172
3126 168
3220 164
3209 353.127
3208 357.127
3211 345.127
3210 349.127
3213 339.127
3212 343.127
3203 377.127
3204 373.127
3205 369.127
3206 365.127
3207 361.127
3257 58
3256 54
3255 50
3254 46
3253 42
3252 38
3251 34
3250 30
3259 66
3258 62
3261 74
3260 70
3263 82
3262 78
3272 118
3271 114
3270 110
3269 106
3268 102
3267 98
3266 94
3265 90
3264 86
3275 130
3274 126
3273 122
3305 353.127
3306 349.127
3304 357.127
3307 347.127
3308 343.127
3309 339.127
3310 335.127
3215 331.127
3216 327.127
3299 381.127
3298 385.127
3300 377.127
3303 361.127
3353 67
3352 63
3351 59
3350 55
3349 51
3348 47
3347 43
3346 39
3345 35
3344 31
3343 27
3342 23
3341 19
3355 75
3354 71
3357 83
3356 79
3359 91
3358 87
3336 17
3333 29
3417 25
3335 21
3334 25
3361 99
3360 95
3363 107
3362 103
3365 115
3364 111
3419 17
3418 21
3420 13
3506 8
3408 156
3318 152
3224 148
3401 353.004
3402 349.004
3488 344.004
3489 340.004
3570 336.004
3656 332.004
3739 327.004
3740 323.004
3827 319.004
3916 315.004
4005 311.004
4095 306.004
3405 339.127
3404 341.004
3490 336.004
3571 332.004
3657 328.004
3393 385.004
3399 361.127
3400 357.127
3449 112
3448 108
3447 104
3446 100
3531 96
3450 116
3453 128
3452 124
3451 120
3536 116
3441 80
3440 76
3525 72
3524 68
3443 88
3442 84
3445 96
3444 92
3433 48
3432 44
3517 40
3516 36
3515 32
3514 28
3513 24
3512 20
3511 16
3510 12
3435 56
3434 52
3437 64
3436 60
3439 72
3438 68
3425 16
3427 24
3426 20
3429 32
3428 28
3431 40
3430 36
3485 365.127
3486 361.127
3487 348.004
3477 393.171
3478 390.619
3519 48
3518 44
3492 335.004
3573 331.004
3658 327.004
3529 88
3528 84
3530 92
3533 104
3532 100
3535 112
3534 108
3521 56
3520 52
3523 64
3522 60
3527 80
3526 76
3579 298.029
3581 298.029
3586 28
3675 8
3676 4
3679 12
3678 8
3651 363.004
3733 359.004
3704 112
3703 108
3707 124
3697 84
3696 80
3695 76
3699 92
3698 88
3701 100
3700 96
3702 104
3689 52
3688 48
3687 44
3691 60
3690 56
3693 68
3692 64
3694 72
3681 20
3680 16
3683 28
3682 24
3685 36
3684 32
3686 40
3741 323.004
3742 323.135
3730 367.004
3818 363.004
3905 359.004
3994 355.004
4084 350.004
4085 346.004
3734 363.004
3769 25
3768 21
3771 33
3770 29
3773 41
3772 37
3775 49
3774 45
3761 16
3762 12
3763 8
3760 20
3767 17
3766 13
3753 168
3667 164
3583 160
3499 156
3411 152
3320 148
3226 144
3134 140
3044 136
3752 168
3666 164
3498 156
3410 152
3759 24
3746 290.004
3748 286.004
3836 282.004
3926 278.004
3751 168
3792 117
3795 129
3796 133
3708 128
3785 89
3784 85
3787 97
3786 93
3789 105
3788 101
3791 113
3790 109
3777 57
3776 53
3779 65
3778 61
3781 73
3780 69
3783 81
3782 77
3833 324.004
3921 320.004
4009 316.004
4008 312.004
3834 328.004
3837 282.004
3838 174
3825 327.004
3914 323.004
3915 319.004
3826 323.004
3828 322.324
3819 363.004
3821 343.004
3910 339.004
3999 335.004
4089 330.004
4090 326.004
4180 322.004
4181 318.004
4182 314.004
4275 310.004
3865 61
3864 57
3863 53
3867 69
3866 65
3869 77
3868 73
3871 85
3870 81
3857 29
3856 25
3859 37
3858 33
3861 45
3860 41
3862 49
3849 16
3848 20
3851 12
3850 12
3855 21
3854 17
3841 172
3840 172
3846 28
3847 24
3889 157
3801 153
3713 148
3712 144
3711 140
3880 121
3883 133
3885 141
3797 137
3709 132
3884 137
3887 149
3799 145
3886 145
3873 93
3872 89
3875 101
3874 97
3877 109
3876 105
3879 117
3878 113
3929 176
3930 176
3932 39.387
3923 328.004
4011 324.004
4010 320.004
3922 324.004
3924 279.004
4013 275.004
3904 363.004
3909 343.004
3961 93
3960 89
3959 85
3963 101
3962 97
3965 109
3964 105
3967 117
3966 113
3953 61
3952 57
3955 69
3954 65
3957 77
3956 73
3958 81
3945 29
3944 25
3947 37
3946 33
3949 45
3948 41
3951 53
3950 49
3943 21
3992 363.004
4082 358.004
3977 157
3976 153
3979 165
3890 161
3802 157
3714 152
3978 161
3969 125
3968 121
3970 129
3973 141
3972 137
3975 149
3974 145
4024 32
3935 28
4017 180
4019 180
4018 180
4023 36
3934 32
4001 327.004
4091 322.004
4000 331.004
4003 319.004
4093 314.004
4183 310.004
4276 306.004
4004 315.004
4094 310.004
4006 310.004
4057 121
4056 117
4055 113
4054 109
4053 105
4052 101
4059 129
4058 125
4060 133
4063 145
4049 89
4048 85
4047 81
4051 97
4050 93
4041 57
4040 53
4039 49
4038 45
4043 65
4042 61
4045 73
4044 69
4046 77
4033 25
4034 29
4037 41
4065 153
4064 149
4067 161
4066 157
4069 169
4068 165
4071 177
3981 173
3980 169
4070 173
4121 25
4123 30
4112 40
4106 184
4108 184
4111 44
4022 40
4097 294.004
4098 290.004
4189 286.004
4282 282.004
4101 274.004
4153 150
4155 158
4154 154
4157 166
4156 162
4159 174
4158 170
4145 118
4144 114
4149 134
4148 130
4151 142
4150 138
4137 86
4136 82
4139 94
4138 90
4141 102
4140 98
4143 110
4142 106
4131 62
4130 58
4133 70
4132 66
4135 78
4134 74
4184 306.004
4277 302.004
4187 294.004
4280 290.004
4186 298.004
4279 294.004
4188 290.004
4190 282.004
4191 278.004
4192 274.004
4285 270.004
4177 334.004
4161 182
4160 178
4162 186
4072 181
3982 177
4216 34
4214 29
4203 48
4195 190
4198 188
4107 184
4249 166
4248 162
4251 174
4250 170
4253 182
4252 178
4255 190
4254 186
4241 134
4243 142
4242 138
4244 146
4233 102
4232 98
4231 94
4230 90
4229 86
4235 110
4234 106
4237 118
4236 114
4224 66
4223 62
4227 78
4226 74
4228 82
4281 286.004
4283 278.004
4273 318.004
4272 322.004
4274 314.004
4265 358.004
4264 362.004
4266 354.004
4256 194
4163 190
4073 185
4263 366.004
4262 218
4169 214
4079 209
4078 205
4077 201
3987 197
3898 193
3810 189
3722 184
3721 180
4317 74
4316 70
4319 82
4318 78
4290 192
4295 48
4296 44
4297 40
4298 36
4207 32
4208 28
4116 24
4027 20
3938 16
4294 52
4345 186
4344 182
4343 178
4342 174
4347 194
4346 190
4348 198
4337 154
4336 150
4335 146
4338 158
4341 170
4340 166
4329 122
4328 118
4333 138
4332 134
4240 130
4147 126
4334 142
4320 86
4323 98
4322 94
4325 106
4324 102
4327 114
4326 110
4355 364.004
4354 368.004
4357 341.004
4409 79
4408 75
4411 87
4410 83
4413 95
4321 90
4412 91
4415 103
4414 99
4395 36
4304 32
4394 36
4303 32
4211 28
4119 24
4030 20
4387 48
4388 44
4389 40
4441 207
4349 202
4440 203
4442 211
4350 206
4445 368.004
4444 219
4352 214
4351 210
4447 341.004
4433 175
4432 171
4435 183
4434 179
4437 191
4436 187
4438 195
4429 159
4430 163
4417 111
4416 107
4419 119
4418 115
4421 127
4420 123
4465 262.004
4553 258.004
4554 254.004
4640 250.004
4641 246.004
4642 242.004
4464 266.004
4552 262.004
4459 286.004
4460 282.004
4548 278.004
4634 274.004
4635 270.004
4636 266.004
4637 262.004
4638 258.004
4639 254.004
4461 278.004
4462 274.004
4550 270.004
4463 270.004
4449 326.004
4537 322.004
4538 318.004
4624 314.004
4625 310.004
4626 306.004
4627 302.004
4628 298.004
4629 294.004
4630 290.004
4631 286.004
4632 282.004
4633 278.004
4448 330.004
4536 326.004
4451 318.004
4539 314.004
4540 310.004
4450 322.004
4453 310.004
4454 306.004
4455 302.004
4456 298.004
4544 294.004
4545 290.004
4546 286.004
4547 282.004
4452 314.004
4505 111
4504 107
4503 103
4507 119
4506 115
4508 123
4497 79
4499 87
4498 83
4501 95
4500 91
4502 99
4484 40
4487 42
4398 38
4306 33
4486 41
4397 37
4541 306.004
4542 302.004
4529 207
4528 203
4527 199
4531 215
4530 211
4533 372.004
4532 219
4443 215
4534 376.004
4521 175
4523 183
4522 179
4525 191
4524 187
4526 195
4571 44
4570 44
4483 40
4573 45
4549 274.004
4551 266.004
4593 119
4592 115
4591 111
4595 127
4594 123
4596 131
4587 95
4586 91
4589 103
4588 99
4590 107
4576 51
4617 215
4619 376.004
4618 219
4621 326.004
4622 322.004
4623 318.004
4609 183
4608 179
4611 191
4610 187
4613 199
4612 195
4615 207
4614 203
4657 48
4659 49
4660 50
4574 46
4697 195
4699 203
4698 199
4701 211
4700 207
4702 215
4681 131
4680 127
4679 123
4683 139
4682 135
4684 143
4674 103
4677 115
4676 111
4678 119
4721 254.004
4722 250.004
4723 246.004
4724 242.004
4725 238.004
4720 258.004
4713 286.004
4714 282.004
4715 278.004
4716 274.004
4717 270.004
4718 266.004
4719 262.004
4705 318.004
4706 314.004
4707 310.004
4708 306.004
4709 302.004
4710 298.004
4711 294.004
4712 290.004
4704 322.004
4763 108
4765 116
4767 124
4766 120
4747 53
4749 55
4748 54
4793 316.968
4792 320.968
4785 196
4696 191
4787 204
4786 200
4789 212
4788 208
4791 220
4790 216
4769 132
4768 128
4771 140
4772 144
4816 225.968
4815 229.968
4860 152
4859 148
4863 164
4862 160
4861 156
4774 152
4685 147
4599 143
4512 139
4423 135
4331 130
4239 126
4146 122
4853 124
4852 120
4855 132
4854 128
4843 84
4756 80
4667 75
4666 71
4580 67
4493 63
4404 59
4312 54
4311 50
4219 46
4218 42
4125 38
4035 33
4835 58
4839 68
4838 64
4751 60
4662 55
4889 276.968
4888 280.968
4893 260.968
4892 264.968
4895 252.968
4894 256.968
4881 308.968
4880 312.968
4883 300.968
4882 304.968
4887 284.968
4873 204
4872 200
4871 196
4870 192
4783 188
4694 183
4875 212
4874 208
4877 220
4876 216
4878 320.968
4865 172
4778 168
4689 163
4603 159
4516 155
4427 151
4864 168
4777 164
4688 159
4687 155
4686 151
4897 244.968
4896 248.968
4898 240.968
4901 229.968
4900 233.968
4957 204
4956 200
4959 212
4958 208
4945 156
4944 152
4943 148
4858 144
4947 164
4946 160
4949 172
4948 168
4950 176
4937 124
4936 120
4851 116
4764 112
4675 107
4939 132
4938 128
4940 136
4942 144
4857 140
4770 136
4985 233.968
4984 237.968
4977 264.968
4979 256.968
4980 252.968
4978 260.968
4981 248.968
4982 244.968
4968 300.968
4969 296.968
4885 292.968
4886 288.968
4973 280.968
4974 276.968
4890 272.968
4972 284.968
4961 220
4960 216
4962 324.968
4965 312.968
4964 316.968
4967 304.968
4966 308.968
5020 125
5022 133
5011 89
4927 84
4842 80
4755 76
5015 105
4931 100
4930 96
4929 92
4844 88
5051 304.968
5050 308.968
5053 296.968
5054 292.968
4971 288.968
5052 300.968
5055 288.968
5056 284.968
5057 280.968
5041 209
5040 205
5043 217
5042 213
5045 328.968
5044 221
5047 320.968
5033 177
5032 173
5027 153
5026 149
5031 169
5030 165
5065 248.968
5064 252.968
5059 272.968
4976 268.968
5061 264.968
5062 260.968
5063 256.968
5060 268.968
5113 173
5112 169
5111 165
5029 161
5101 125
5100 121
5018 117
4934 112
4933 108
4932 104
4847 100
4760 96
4671 91
4670 87
4584 83
5102 129
5093 93
5094 97
5145 256.968
5146 252.968
5144 260.968
5137 288.968
5136 292.968
5138 284.968
5141 272.968
5142 268.968
5143 264.968
5140 276.968
5129 320.968
5048 316.968
5128 324.968
5131 312.968
5130 316.968
5133 304.968
5134 300.968
5132 308.968
5125 221
5124 217
5126 225
5176 109
5175 105
5095 101
5013 97
5209 320.968
5210 316.968
5208 324.968
5211 312.968
5213 304.968
5212 308.968
5214 300.968
5215 296.968
5216 292.968
5205 225
5204 221
5207 328.968
5193 177
5192 173
5191 169
5194 181
5224 260.968
5225 256.968
5217 288.968
5219 280.968
5220 276.968
5221 272.968
5222 268.968
5223 264.968
5275 178
5274 174
5276 182
5304 292.968
5307 280.968
5308 276.968
5309 272.968
5306 284.968
5311 264.968
5312 260.968
5310 268.968
5296 324.968
5301 304.968
5303 296.968
5302 300.968
5295 328.968
5294 332.968
5287 226
5361 174
5360 170
5272 166
5189 161
5109 157
5401 272.968
5400 276.968
5402 268.968
5403 264.968
5393 304.968
5392 308.968
5395 296.968
5394 300.968
5397 288.968
5398 284.968
5399 280.968
5386 332.968
5387 328.968
5465 226
5464 222
5463 218
5371 214
5370 210
5282 206
5199 201
5198 197
5118 193
5117 189
5035 185
4951 180
4866 176
4779 172
4690 167
5489 284.968
5490 280.968
5491 276.968
5488 288.968
5493 268.968
5492 272.968
5483 308.968
5485 300.968
5484 304.968
5487 292.968
5472 351.968
5567 316.968
5482 312.968
5566 320.968
5481 316.968
5554 367.968
5585 265.968
5661 261.968
5584 257.968
5499 253.968
5408 249.968
5577 276.968
5578 272.968
5576 280.968
5580 265.968
5581 261.968
5569 308.968
5568 312.968
5570 304.968
5573 292.968
5572 296.968
5575 284.968
5574 288.968
5626 227
5549 222
5657 265.968
5656 269.968
5659 261.968
5660 261.968
5583 257.968
5498 253.968
5662 261.968
5500 253.968
5409 249.968
5317 245.968
5649 296.968
5648 300.968
5651 288.968
5650 292.968
5652 284.968
5653 280.968
5654 276.968
5643 320.968
5644 316.968
5645 312.968
5646 308.968
5695 187
5615 183
5538 178
5452 174
5727 304.968
5736 269.968
5739 265.968
5740 265.968
5729 296.968
5730 292.968
5731 288.968
5732 284.968
5728 300.968
5733 280.968
5735 273.968
5789 360.968
5714 356.968
5635 352.968
5559 348.968
5474 344.968
5475 340.968
5476 336.968
5808 284.968
5811 273.968
5810 277.968
5815 269.968
5814 269.968
5801 312.968
5802 308.968
5803 304.968
5800 316.968
5805 296.968
5804 300.968
5806 292.968
5807 288.968
5881 292.968
5880 296.968
5882 288.968
5885 277.968
5884 281.968
5875 316.968
5876 312.968
5874 320.968
5877 308.968
5879 300.968
5878 304.968
5864 360.968
5865 356.968
5866 352.968
5867 348.968
5793 344.968
5718 340.968
5719 336.968
5720 332.968
5641 328.968
5565 324.968
5863 364.968
5889 273.968
5888 273.968
5947 328.968
5949 316.968
5950 312.968
5951 308.968
5952 304.968
5953 300.968
5939 360.968
5961 277.968
5962 277.968
5955 292.968
5954 296.968
5957 285.968
5958 281.968
6001 653.924
6082 648.924
6158 644.924
6159 640.924
6234 636.924
6309 631.924
6310 627.924
6311 623.924
6312 619.924
6000 232
5927 228
5926 224
5852 220
5777 215
5701 211
5621 207
5544 202
5458 198
5366 194
5365 190
5364 186
6003 645.924
6084 640.924
6085 636.924
6161 632.924
6002 649.924
6083 644.924
6004 641.924
6040 281.968
6033 304.968
6032 308.968
6035 296.968
6034 300.968
6037 289.968
6038 285.968
6027 328.968
6028 324.968
6029 320.968
6030 316.968
6031 312.968
6016 372.968
6017 368.968
6018 364.968
6019 360.968
6020 356.968
5941 352.968
5942 348.968
6109 324.968
6111 316.968
6110 320.968
6081 652.924
6157 648.924
6232 644.924
6307 639.924
6308 635.924
6120 285.968
6122 285.968
6042 281.968
6113 308.968
6112 312.968
6115 300.968
6114 304.968
6117 293.968
6118 289.968
6160 636.924
6155 233
6079 228
6078 224
6077 220
5996 216
5923 212
5849 208
5774 203
5773 199
5697 195
5617 191
5540 186
5454 182
5362 178
6156 652.924
6192 304.968
6195 293.968
6194 297.968
6197 289.968
6187 324.968
6188 320.968
6186 328.968
6189 316.968
6190 312.968
6191 308.968
6233 640.924
6235 632.924
6237 624.924
6236 628.924
6231 648.924
6306 643.924
6230 233
6229 229
6153 225
6265 312.968
6264 316.968
6266 308.968
6269 297.968
6268 301.968
6271 293.968
6261 328.968
6262 324.968
6263 320.968
6247 384.968
6248 380.968
6174 376.968
6097 372.968
6098 368.968
6099 364.968
6100 360.968
6318 411.968
6319 407.968
6305 647.924
6345 305.968
6346 301.968
6348 297.968
6351 297.968
6274 293.968
6200 289.968
6339 328.968
6338 332.968
6341 320.968
6342 316.968
6340 324.968
6393 600.924
6394 596.924
6392 604.924
6385 632.924
6386 628.924
6387 624.924
6388 620.924
6389 616.924
6390 612.924
6391 608.924
6384 636.924
6381 648.924
6382 644.924
6383 640.924
6380 234
6303 229
6228 225
6227 221
6226 217
6150 213
6074 208
6073 204
6072 200
5991 196
5918 192
5917 188
5843 184
5768 179
5692 175
5612 171
5535 166
5534 162
5448 158
5356 154
5268 150
5185 145
5184 141
5183 137
5182 133
6424 305.968
6426 301.968
6417 332.968
6418 328.968
6419 324.968
6416 336.968
6420 320.968
6423 309.968
6409 364.968
6410 360.968
6411 356.968
6412 352.968
6334 348.968
6335 344.968
6258 340.968
6184 336.968
6107 332.968
6415 340.968
6337 336.968
6401 395.968
6323 391.968
6246 387.968
6172 383.968
6095 379.968
6015 375.968
6459 645.924
6460 641.924
6541 637.924
6621 632.924
6699 628.924
6775 624.924
6848 619.924
6920 615.924
6996 611.924
7067 606.924
7136 602.924
7201 598.924
7202 594.924
7203 590.924
7204 586.924
7271 582.924
7339 577.924
7340 573.924
7341 569.924
7342 565.924
7343 561.924
7412 557.924
7413 553.924
6458 649.924
6539 645.924
6619 640.924
6620 636.924
6461 637.924
6542 633.924
6622 628.924
6623 624.924
6624 620.924
6702 616.924
6703 612.924
6704 608.924
6705 604.924
6706 600.924
6782 596.924
6855 591.924
6927 587.924
7003 583.924
7074 578.924
7143 574.924
7144 570.924
7209 566.924
7276 562.924
7344 557.924
7345 553.924
7346 549.924
7347 545.924
7348 541.924
7417 537.924
7418 533.924
7419 529.924
7420 525.924
6463 629.924
6464 625.924
6465 621.924
6466 617.924
6547 613.924
6627 608.924
6462 633.924
6483 399.968
6484 396.968
6485 392.968
6486 388.968
6487 384.968
6405 380.968
6406 376.968
6328 372.968
6251 368.968
6177 364.968
6473 589.924
6554 585.924
6634 580.924
6472 593.924
6553 589.924
6633 584.924
6711 580.924
6787 576.924
6860 571.924
6932 567.924
6477 576.924
6558 572.924
6638 567.924
6716 563.924
6792 559.924
6865 554.924
6937 550.924
7013 546.924
6478 575.924
6559 571.924
6639 566.924
6717 562.924
6793 558.924
6866 553.924
6938 549.924
6467 613.924
6468 609.924
6549 605.924
6629 600.924
6707 596.924
6708 592.924
6709 588.924
6785 584.924
6858 579.924
6859 575.924
6931 571.924
7007 567.924
7078 562.924
7147 558.924
7148 554.924
6469 605.924
6550 601.924
6630 596.924
6631 592.924
6632 588.924
6710 584.924
6471 597.924
6470 601.924
6551 597.924
6505 313.968
6506 309.968
6508 305.968
6497 344.968
6499 336.968
6498 340.968
6500 332.968
6501 328.968
6502 324.968
6552 593.924
6555 581.924
6635 576.924
6636 572.924
6556 577.924
6545 621.924
6625 616.924
6544 625.924
6546 617.924
6626 612.924
6548 609.924
6628 604.924
6540 641.924
6543 629.924
6584 328.968
6587 317.968
6589 309.968
6588 313.968
6591 309.968
6509 305.968
6579 348.968
6581 340.968
6580 344.968
6583 332.968
6582 336.968
6575 364.968
6576 360.968
6494 356.968
6560 570.924
6640 565.924
6718 561.924
6565 403.968
6566 400.968
6618 644.924
6651 380.968
6644 407.968
6667 317.968
6666 321.968
6659 348.968
6658 352.968
6661 340.968
6660 344.968
6663 332.968
6662 336.968
6713 572.924
6789 568.924
6862 563.924
6934 559.924
6935 555.924
7011 551.924
7082 546.924
6714 568.924
6790 564.924
6863 559.924
6697 636.924
6773 632.924
6846 627.924
6847 623.924
6696 640.924
6698 632.924
6701 620.924
6777 616.924
6850 611.924
6922 607.924
6998 603.924
7069 598.924
7138 594.924
6700 624.924
6776 620.924
6849 615.924
6921 611.924
6695 644.924
6771 640.924
6844 635.924
6845 631.924
6917 627.924
6993 623.924
7064 618.924
7133 614.924
7198 610.924
7265 606.924
7333 601.924
7402 597.924
6745 321.968
6746 317.968
6668 313.968
6744 325.968
6737 352.968
6736 356.968
6739 344.968
6738 348.968
6740 340.968
6733 368.968
6734 364.968
6656 360.968
6657 356.968
6578 352.968
6735 360.968
6723 408.968
6724 404.968
6646 400.968
6647 396.968
6568 392.968
6779 608.924
6852 603.924
6853 599.924
6925 595.924
6926 591.924
6778 612.924
6851 607.924
6781 600.924
6854 595.924
6780 604.924
6783 592.924
6856 587.924
6857 583.924
6770 239
6769 235
6768 231
6692 227
6614 222
6613 218
6612 214
6611 210
6531 206
6530 202
6529 198
6528 194
6527 190
6445 186
6367 182
6290 177
6215 173
6139 169
6063 164
5982 160
5909 156
5835 152
5760 147
5759 143
5683 139
5603 135
5526 130
5440 126
5439 122
5347 118
5259 114
6772 636.924
6774 628.924
6809 368.968
6810 364.968
6811 360.968
6813 352.968
6812 356.968
6784 588.924
6786 580.924
6843 639.924
6915 635.924
6991 631.924
7062 626.924
7131 622.924
7196 618.924
7263 614.924
7331 609.924
7332 605.924
7401 601.924
6817 336.968
6819 329.968
6821 321.968
6822 321.968
6879 376.968
6808 372.968
6870 412.968
6910 698.924
6888 340.968
6890 333.968
6891 329.968
6820 325.968
6892 325.968
6881 368.968
6880 372.968
6883 360.968
6884 356.968
6882 364.968
6887 344.968
6886 348.968
6941 416.968
6942 412.968
6871 408.968
6929 579.924
6930 575.924
7006 571.924
7077 566.924
7146 562.924
6923 603.924
6999 599.924
7070 594.924
7071 590.924
7072 586.924
7141 582.924
7142 578.924
6924 599.924
7000 595.924
6914 639.924
6990 635.924
7061 630.924
7130 626.924
7195 622.924
6916 631.924
6919 619.924
6918 623.924
6994 619.924
7065 614.924
7066 610.924
6953 364.968
6952 368.968
6954 360.968
6957 348.968
6956 352.968
6958 344.968
6949 380.968
6951 372.968
6950 376.968
7001 591.924
7002 587.924
7073 582.924
7005 575.924
7076 570.924
7145 566.924
7004 579.924
7075 574.924
6992 627.924
7063 622.924
7132 618.924
6995 615.924
6997 607.924
7068 602.924
7137 598.924
6985 663.924
6984 667.924
6987 655.924
7056 650.924
7057 646.924
7058 642.924
7059 638.924
7060 634.924
7129 630.924
7194 626.924
6986 659.924
6989 639.924
6988 651.924
6977 695.924
7046 690.924
7115 686.924
7116 682.924
7117 678.924
7118 674.924
7119 670.924
7120 666.924
7185 662.924
7186 658.924
7187 654.924
7254 650.924
7322 645.924
7323 641.924
7392 637.924
7393 633.924
7459 629.924
7460 625.924
7461 621.924
7462 617.924
7463 613.924
7464 609.924
7465 605.924
6976 699.924
7045 694.924
7114 690.924
6979 687.924
7048 682.924
6978 691.924
7047 686.924
6981 679.924
7050 674.924
6980 683.924
7049 678.924
6983 671.924
7032 348.968
7034 341.968
6960 337.968
6961 333.968
6962 329.968
7025 376.968
7024 380.968
7027 368.968
7026 372.968
7031 352.968
7030 356.968
7017 420.968
7018 416.968
7023 384.968
7008 563.924
7079 558.924
7010 555.924
7081 550.924
7044 698.924
7113 694.924
7097 376.968
7096 380.968
7098 372.968
7101 360.968
7100 364.968
7103 352.968
7102 356.968
7089 416.968
7088 420.968
7095 384.968
7094 388.968
7085 431.968
7015 427.968
6939 423.968
6868 419.968
6797 415.968
6722 411.968
7087 424.968
7128 634.924
7193 630.924
7135 606.924
7200 602.924
7134 610.924
7199 606.924
7121 662.924
7123 654.924
7188 650.924
7255 646.924
7122 658.924
7127 638.924
7192 634.924
7259 630.924
7126 642.924
7112 698.924
7105 345.968
7163 396.968
7093 392.968
7162 408.968
7228 404.968
7229 400.968
7165 388.968
7164 392.968
7167 380.968
7166 384.968
7157 424.968
7156 428.968
7159 420.968
7160 416.968
7161 412.968
7158 420.968
7151 542.924
7139 590.924
7140 586.924
7197 614.924
7264 610.924
7184 666.924
7189 646.924
7191 638.924
7258 634.924
7177 694.924
7244 690.924
7312 685.924
7381 681.924
7382 677.924
7448 673.924
7449 669.924
7450 665.924
7451 661.924
7452 657.924
7453 653.924
7454 649.924
7455 645.924
7456 641.924
7457 637.924
7458 633.924
7176 345.968
7106 341.968
7035 337.968
7179 686.924
7246 682.924
7314 677.924
7383 673.924
7178 690.924
7245 686.924
7313 681.924
7181 678.924
7248 674.924
7316 669.924
7385 665.924
7386 661.924
7180 682.924
7247 678.924
7315 673.924
7183 670.924
7250 666.924
7318 661.924
7319 657.924
7320 653.924
7321 649.924
7390 645.924
7182 674.924
7249 670.924
7317 665.924
7168 376.968
7171 364.968
7172 360.968
7173 356.968
7170 368.968
7175 349.968
7224 420.968
7225 416.968
7226 412.968
7227 408.968
7231 392.968
7230 396.968
7219 439.968
7154 435.968
7221 432.968
7222 428.968
7223 424.968
7208 570.924
7211 558.924
7278 554.924
7210 562.924
7277 558.924
7213 550.924
7280 546.924
7212 554.924
7214 546.924
7281 542.924
7349 537.924
7350 533.924
7205 582.924
7272 578.924
7207 574.924
7274 570.924
7206 578.924
7256 642.924
7324 637.924
7261 622.924
7260 626.924
7262 618.924
7252 658.924
7241 353.968
7243 694.924
7311 689.924
7380 685.924
7242 349.968
7233 384.968
7232 388.968
7237 368.968
7238 364.968
7236 372.968
7289 428.968
7290 424.968
7288 432.968
7291 420.968
7292 416.968
7293 412.968
7295 404.968
7296 400.968
7297 396.968
7294 408.968
7282 538.924
7287 436.968
7273 574.924
7275 566.924
7279 550.924
7267 598.924
7335 593.924
7404 589.924
7405 585.924
7266 602.924
7334 597.924
7269 590.924
7337 585.924
7406 581.924
7407 577.924
7268 594.924
7336 589.924
7270 586.924
7338 581.924
7305 364.968
7239 360.968
7304 368.968
7307 357.968
7310 693.924
7299 388.968
7298 392.968
7301 380.968
7303 372.968
7302 376.968
7353 524.968
7555 512.968
7355 444.968
7357 436.968
7358 432.968
7356 440.968
7359 428.968
7376 361.968
7368 392.968
7371 380.968
7370 384.968
7373 372.968
7372 376.968
7361 420.968
7360 424.968
7363 412.968
7364 408.968
7362 416.968
7365 404.968
7367 396.968
7366 400.968
7416 541.924
7423 448.968
7422 450.968
7409 569.924
7408 573.924
7411 561.924
7410 565.924
7415 545.924
7414 549.924
7403 593.924
7395 625.924
7396 621.924
7394 629.924
7397 617.924
7398 613.924
7441 376.968
7440 380.968
7442 372.968
7374 368.968
7433 408.968
7434 404.968
7432 412.968
7435 400.968
7439 384.968
7438 388.968
7425 440.968
7424 444.968
7427 432.968
7428 428.968
7429 424.968
7426 436.968
7431 416.968
7430 420.968
7513 680.968
7514 676.968
7515 672.968
7516 668.968
7517 664.968
7518 660.968
7519 656.968
7520 652.968
7521 648.968
7522 644.968
7523 640.968
7524 636.968
7525 632.968
7526 628.968
7527 624.968
7528 620.968
7529 616.968
7530 612.968
7531 608.968
7532 604.968
7533 600.968
7534 596.968
7535 592.968
7536 588.968
7537 584.968
7538 580.968
7539 576.968
7540 572.968
7541 568.968
7542 564.968
7543 560.968
7544 556.968
7545 552.968
7546 548.968
7547 544.968
7548 540.968
7549 536.968
7550 532.968
7551 528.968
7552 524.968
7553 520.968
7554 516.968
7505 388.968
7506 384.968
7507 380.968
7508 376.968
7504 392.968
7497 420.968
7498 416.968
7496 424.968
7499 412.968
7500 408.968
7503 396.968
7489 452.968
7491 444.968
7492 440.968
7493 436.968
7490 448.968
7495 428.968
7494 432.968
7579 380.968
7582 689.968
7583 685.968
7656 681.968
7729 677.968
7803 672.968
7569 420.968
7568 424.968
7570 416.968
7573 404.968
7574 400.968
7575 396.968
7561 452.968
7562 448.968
7563 444.968
7564 440.968
7560 456.968
7565 436.968
7567 428.968
7566 432.968
7559 458.968
7488 454.968
7609 581.968
7682 577.968
7683 573.968
7684 569.968
7685 565.968
7758 561.968
7832 556.968
7833 552.968
7608 585.968
7611 573.968
7610 577.968
7613 565.968
7614 561.968
7615 557.968
7688 553.968
7689 549.968
7690 545.968
7691 541.968
7764 537.968
7838 532.968
7839 528.968
7612 569.968
7603 605.968
7604 601.968
7605 597.968
7678 593.968
7679 589.968
7680 585.968
7753 581.968
7827 576.968
7607 589.968
7606 593.968
7592 649.968
7665 645.968
7666 641.968
7739 637.968
7813 632.968
7641 428.968
7640 432.968
7647 404.968
7646 408.968
7633 460.968
7634 456.968
7635 452.968
7637 444.968
7636 448.968
7639 436.968
7638 440.968
7625 517.968
7626 513.968
7627 509.968
7628 505.968
7629 501.968
7702 497.968
7703 493.968
7776 489.968
7850 484.968
7624 521.968
7630 497.968
7617 549.968
7616 553.968
7619 541.968
7620 537.968
7621 533.968
7622 529.968
7623 525.968
7618 545.968
7677 597.968
7750 593.968
7824 588.968
7648 400.968
7649 396.968
7576 392.968
7654 381.091
10081 377.055
7707 456.968
7706 460.968
7709 448.968
7708 452.968
7711 440.968
7710 444.968
7697 517.968
7770 513.968
7844 508.968
7696 521.968
7769 517.968
7843 512.968
7699 509.968
7772 505.968
7846 500.968
7698 513.968
7771 509.968
7845 504.968
7701 501.968
7700 505.968
7773 501.968
7847 496.968
7848 492.968
7849 488.968
7693 533.968
7766 529.968
7840 524.968
7841 520.968
7692 537.968
7765 533.968
7695 525.968
7768 521.968
7842 516.968
7694 529.968
7681 581.968
7687 557.968
7760 553.968
7834 548.968
7686 561.968
7759 557.968
7720 404.968
7715 424.968
7717 416.968
7716 420.968
7719 408.968
7718 412.968
7775 493.968
7774 497.968
7761 549.968
7835 544.968
7836 540.968
7837 536.968
7763 541.968
7762 545.968
7767 525.968
7752 585.968
7826 580.968
7755 573.968
7829 568.968
7754 577.968
7828 572.968
7757 565.968
7831 560.968
7756 569.968
7830 564.968
7751 589.968
7825 584.968
7793 408.968
7794 404.968
7795 400.968
7792 412.968
7784 444.968
7787 432.968
7786 436.968
7789 424.968
7790 420.968
7788 428.968
7791 416.968
7779 464.968
7778 481.968
7781 456.968
7780 460.968
7783 448.968
7782 452.968
7865 416.968
7864 420.968
7866 412.968
7859 440.968
7860 436.968
7861 432.968
7862 428.968
7863 424.968
7929 456.968
7928 460.968
7931 448.968
7930 452.968
7933 440.968
7934 436.968
7935 432.968
7936 428.968
7937 424.968
7938 420.968
7932 444.968
7941 408.968
8013 403.968
7944 396.968
8057 479.968
8056 483.968
8061 463.968
8062 459.968
8060 467.968
8041 543.968
8042 539.968
8040 547.968
8045 527.968
8044 531.968
8046 523.968
8035 567.968
8037 559.968
8038 555.968
8039 551.968
8036 563.968
8072 419.968
8074 412.968
8065 447.968
8066 443.968
8064 451.968
8123 455.968
