 key  value
8122 104
8179 100
8237 96
8290 92
8339 88
8387 84
8436 80
8483 76
8529 72
8573 68
8616 64
8658 60
8698 56
8736 52
8772 48
8811 44
8850 40
8885 36
8919 32
8952 28
8984 24
9015 20
9045 16
9073 12
9101 8
9127 4
8125 104
8182 100
8239 96
8292 92
8341 88
8389 84
8438 80
8485 76
8531 72
8575 68
8618 64
8659 60
8124 104
8181 100
8127 112
8184 108
8241 104
8240 100
8126 108
8183 104
8113 104
8171 100
8228 96
8281 92
8330 88
8379 84
8428 80
8475 76
8521 72
8565 68
8608 64
8650 60
8689 56
8727 52
8763 48
8803 44
8843 40
8878 36
8913 32
8947 28
8980 24
9011 20
9042 16
9071 12
9100 8
9126 4
8112 104
8169 100
8227 96
8280 92
8115 104
8172 100
8230 96
8283 92
8333 88
8382 84
8431 80
8478 76
8525 72
8570 68
8613 64
8654 60
8694 56
8733 52
8769 48
8808 44
8847 40
8882 36
8916 32
8949 28
8982 24
9013 20
9044 16
8114 104
8117 104
8175 100
8233 96
8286 92
8335 88
8383 84
8433 80
8480 76
8526 72
8571 68
8614 64
8655 60
8695 56
8734 52
8770 48
8810 44
8116 104
8174 100
8231 96
8284 92
8334 88
8119 104
8176 100
8234 96
8287 92
8337 88
8386 84
8118 104
8105 105
8163 101
8221 97
8275 92
8325 88
8374 84
8424 80
8471 76
8518 72
8563 68
8606 64
8648 60
8688 56
8104 106
8162 102
8220 98
8274 93
8324 89
8373 85
8423 81
8107 104
8165 100
8222 96
8106 104
8164 100
8109 104
8166 100
8224 96
8277 92
8326 88
8375 84
8425 80
8472 76
8519 72
8564 68
8607 64
8108 104
8111 104
8110 104
8168 100
8226 96
8279 92
8329 88
8378 84
8097 119
8155 115
8156 111
8214 107
8268 102
8318 98
8367 94
8417 90
8465 85
8466 81
8513 77
8558 73
8602 68
8644 64
8684 60
8723 56
8760 51
8800 47
8840 43
8876 38
8911 34
8945 30
8978 26
9010 21
9041 17
9070 13
9099 9
8096 123
8154 119
8099 111
8157 107
8215 103
8269 98
8319 94
8368 90
8418 86
8098 115
8101 109
8159 105
8217 101
8271 96
8321 92
8370 88
8420 84
8468 79
8515 75
8560 71
8604 66
8646 62
8686 58
8725 54
8762 49
8802 45
8842 41
8100 110
8158 106
8216 102
8270 97
8320 93
8369 89
8419 85
8467 80
8514 76
8559 72
8603 67
8645 63
8685 59
8724 55
8761 50
8801 46
8841 42
8877 37
8912 33
8946 29
8979 25
8103 107
8161 103
8219 99
8273 94
8323 90
8372 86
8422 82
8470 77
8517 73
8562 69
8102 108
8160 104
8218 100
8272 95
8322 91
8371 87
8421 83
8469 78
8516 74
8561 70
8605 65
8647 61
8687 57
8726 53
8136 190
8137 186
8138 182
8196 178
8197 174
8251 169
8301 165
8350 161
8400 157
8448 152
8495 148
8540 144
8584 139
8626 135
8666 131
8706 124
8743 119
8783 115
8784 111
8785 107
8825 103
8861 98
8896 94
8930 90
8963 86
8995 81
8996 77
9027 73
9028 69
9057 65
9086 61
9113 56
9141 52
9142 48
9143 44
9144 40
9145 36
9146 32
9147 28
9148 24
9149 20
9150 16
9151 12
9152 8
9153 4
8128 116
8185 112
8177 100
8178 100
8235 96
8288 92
8338 88
8180 100
8170 100
8173 100
8167 100
8225 96
8278 92
8328 88
8377 84
8427 80
8474 76
8223 96
8276 92
8242 108
8232 96
8285 92
8236 96
8289 92
8238 96
8291 92
8229 96
8282 92
8332 88
8381 84
91 537
112 533
126 529
144 525
172 521
209 517
254 513
304 509
359 505
419 499
482 495
552 491
551 487
622 483
692 479
771 475
857 471
940 464
939 460
938 456
1012 452
1081 448
1153 444
1235 440
1317 436
1498 428
1685 420
1780 416
1866 412
1950 408
2040 404
2132 400
2222 396
2309 392
2397 388
2483 384
2567 380
2654 376
2742 372
2830 368
2927 364
3029 360
3121 356
3215 352
3310 348
3405 344
3490 340
3570 336
3655 332
3737 328
3823 324
3911 320
4000 316
4089 312
4179 308
4271 304
4361 300
4449 296
4537 292
4623 288
4705 284
4793 280
4879 276
4963 272
5046 268
5127 264
5206 260
5293 256
5385 252
5476 248
5561 244
5637 240
5717 236
5792 232
5866 228
5941 224
6021 220
6101 216
6178 212
6253 208
6330 204
6408 200
6490 196
6573 192
6652 188
6731 184
6807 180
6878 176
6948 172
7022 168
7093 164
7163 160
7229 156
7295 152
7364 148
7433 144
7499 140
7570 136
7643 132
7715 128
7788 124
7861 120
7934 116
8004 112
8066 108
93 537
113 533
127 529
92 537
8298 115.992
8347 111.992
8346 107.992
8394 103.992
8443 99.992
8490 95.992
8536 91.992
8580 87.992
8623 83.992
8664 79.992
8703 75.992
8741 71.992
8777 67.992
8816 63.992
9969 59.93
8890 56
8889 52
8888 48
8887 44
8886 40
125 529
142 525
170 521
208 517
253 513
115 540
129 536
146 532
174 528
211 524
256 520
306 516
361 512
422 508
485 504
555 500
626 496
696 492
774 485
859 479
858 475
114 537
8293 96
8342 92
8294 100
8344 100
8343 96
8349 118.992
8396 111.992
8445 107.992
8444 103.992
8491 99.992
110 533
124 529
8336 88
8385 84
8435 80
8482 76
8528 72
8340 88
8388 84
8437 80
8484 76
8331 88
145 529
147 536
149 543
148 539
176 535
213 531
258 527
308 523
363 519
424 515
487 511
557 507
628 503
697 496
8327 88
150 547
8376 84
8380 84
8430 80
8477 76
8523 72
8568 68
8611 64
8652 60
8692 56
8731 52
8767 48
8806 44
8845 40
8880 36
8915 32
143 525
128 533
131 543
130 540
133 551
177 539
179 547
178 543
181 555
180 551
217 547
262 543
312 539
311 535
310 531
365 527
364 523
425 519
173 525
210 521
175 532
212 528
8393 100
8442 96
8489 92
8535 88
8579 84
8622 80
8621 76
8662 72
8701 68
8700 64
8738 60
8737 56
8773 52
216 543
261 539
260 535
219 555
264 551
314 547
313 543
218 551
8384 84
8391 92
8390 88
8439 84
8486 80
215 539
214 535
8441 92
8488 88
8487 84
8533 80
8577 76
8620 72
8661 68
8440 88
8432 80
8479 76
8434 80
8481 76
8426 80
8473 76
8429 80
8476 76
255 517
266 551.96
317 547.96
373 543.96
434 539.96
497 535.96
568 531.96
639 527.96
708 523.96
785 519.96
869 515.96
947 511.96
1019 507.96
1089 503.96
1161 499.96
1245 495.96
1329 491.96
1419 487.96
1516 483.96
1610 479.96
1707 475.96
1797 471.96
1880 467.96
1968 463.96
2059 459.96
2149 455.96
2235 451.96
2322 447.96
2407 443.96
2492 439.96
2577 435.96
2663 431.96
2752 427.96
2840 423.96
2940 419.96
3043 415.96
3133 411.96
3225 407.96
3319 403.96
3409 399.96
3497 395.96
3582 391.96
3665 387.96
3750 383.96
3839 379.96
3928 375.96
4016 371.96
4105 367.96
4196 363.96
4381 355.96
4470 351.96
4557 347.96
4643 343.96
9898 338.509
4729 333.992
4728 329.992
4727 325.992
4814 318.992
4899 314.992
4898 310.992
4897 306.992
4981 302.992
5064 298.992
5145 294.992
5224 290.992
5311 286.992
5402 282.992
5492 278.992
5577 274.992
5653 270.992
5732 266.992
5807 262.992
5881 258.992
5954 254.992
6034 250.992
6114 246.992
6191 242.992
6265 238.992
6342 234.992
6420 230.992
6502 226.992
6584 222.992
6663 218.992
6741 214.992
6816 210.992
6887 206.992
6957 202.992
7031 198.992
7102 194.992
7172 190.992
7238 186.992
7304 182.992
7373 178.992
7441 174.992
7507 170.992
7578 166.992
7651 162.992
7723 158.992
7796 154.992
7869 150.992
7942 146.992
8011 139.992
8073 135.992
8072 131.992
8131 127.992
8130 123.992
8187 119.992
8244 115.992
8297 111.992
257 524
307 520
362 516
8499 133
8544 129
8588 124
8589 120
8631 116
8632 112
8633 108
8673 104
8712 100
8749 95
8789 91
8790 87
8791 83
8831 79
8867 74
8902 70
8903 66
8904 62
8905 58
8906 54
8940 50
8941 46
8974 42
9006 37
9037 33
9066 29
9067 25
9096 21
9123 16
9124 12
259 531
309 527
8500 129
8545 125
263 547
315 547.96
371 543.96
432 539.96
496 535.96
567 531.96
638 527.96
316 547.96
319 547.96
374 543.96
435 539.96
499 535.96
570 531.96
641 527.96
710 523.96
787 519.96
871 515.96
949 511.96
1021 507.96
1090 503.96
1162 499.96
1246 495.96
318 547.96
305 513
299 492
354 488
414 484
476 480
545 476
616 472
686 468
766 464
852 460
937 456
8530 72
8574 68
8617 64
8532 76
8520 72
8522 72
8566 68
8609 64
8524 72
8527 72
8569 68
8612 64
8572 68
8615 64
8657 60
8697 56
8735 52
8771 48
8567 68
8610 64
369 543
430 539
493 535
563 531
562 527
633 523
632 519
631 515
630 511
629 507
368 539
367 535
428 531
491 527
561 523
560 519
559 515
558 511
370 544.96
372 543.96
433 539.96
375 543.96
436 539.96
500 535.96
360 509
366 531
353 488
413 484
475 480
544 476
615 472
685 468
765 464
851 460
935 456
1010 452
1234 440
412 484
474 480
543 476
614 472
8590 116
8576 72
8619 68
8630 120
427 527
426 523
429 535
492 531
8671 112
8710 108
8747 103
8748 99
8670 116
8656 60
416 484
477 480
421 505
484 501
554 497
625 493
695 489
8660 64
420 503
423 512
8649 60
473 481
541 477
612 473
683 469
762 465
849 461
933 457
1008 453
1078 449
1150 444
1316 436
1496 428
1590 424
1683 420
1864 412
2129 400
2220 396
2307 392
2395 388
2482 384
2566 380
2653 376
2741 372
2829 368
8651 60
8690 56
8729 52
8765 48
8804 44
8844 40
8879 36
8653 60
478 480
547 476
618 472
689 468
768 464
854 460
469 481
538 477
609 473
680 469
760 465
847 461
932 457
471 481
540 477
611 473
682 469
8696 56
8699 60
8691 56
8693 56
8672 108
498 535.96
489 519
8728 52
8764 48
488 515
8730 52
8766 48
490 523
8732 52
8768 48
495 536.96
566 532.96
483 499
553 495
624 491
694 487
773 483
772 479
486 508
556 504
537 478
539 477
610 473
681 469
542 477
8711 104
8746 107
8739 64
565 533.96
637 528.96
707 524.96
784 520.96
564 534.96
636 529.96
706 525.96
783 521.96
868 516.96
946 512.96
1018 508.96
1088 504.96
8787 99
8827 95
8863 90
8898 86
8899 82
8933 78
8966 74
8998 69
8999 65
9030 61
9031 57
9060 53
9061 49
9090 45
9117 40
9118 36
9119 32
9120 28
8786 103
546 476
617 472
688 468
8788 95
8776 64
8815 60
8854 56
605 486
676 482
677 478
757 474
845 469
930 465
931 461
8780 78.114
8779 74.118
8778 70.118
8817 66.118
8855 62.118
10102 59.481
607 478
608 474
679 470
759 466
606 482
8775 60
8774 56
8809 44
8849 40
8884 36
8918 32
8951 28
8983 24
9014 20
8813 52
8812 48
8851 44
8814 56
8853 52
8805 44
8807 44
619 472
621 480
620 476
690 472
623 487
8848 40
8883 36
8917 32
8950 28
613 473
8852 48
8846 40
8881 36
642 527.96
712 523.96
788 519.96
872 515.96
691 476
693 483
8920 36
8953 32
8985 28
9016 24
9046 20
9074 16
9102 12
9128 8
9155 4
684 469
764 465
687 468
767 464
853 460
675 486
8914 32
678 474
8910 38
8944 34
8977 30
9009 25
709 523.96
8948 28
711 523.96
761 465
848 461
763 469
753 484.533
840 480.533
925 476.533
1003 472.533
1073 468.533
1142 464.533
1223 457.533
1306 450.533
1393 444.533
1487 440.533
1584 436.533
1677 432.533
1773 428.533
1862 424.533
1946 420.533
2035 416.533
2127 412.533
2218 408.533
2305 404.533
2392 400.533
2478 393.595
2734 377
2820 372
2913 368
3015 364
3108 360
3203 355
3300 351
3395 347
3482 342
3564 338
3649 334
3732 329
3820 325
3907 321
3996 317
4086 312
4176 308
4269 304
4359 300
4448 296
4536 292
4622 288
4704 284
4792 280
4962 272
755 482
843 477
928 473
929 469
754 484.533
841 480.533
756 478
844 473
758 470
846 465
8976 34
9008 29
8981 24
9012 20
8975 38
9007 33
9038 29
786 519.96
870 515.96
789 519.96
873 515.96
951 511.96
1023 507.96
1092 503.96
1164 499.96
1247 495.96
1331 491.96
1421 487.96
1517 483.96
790 519.96
874 515.96
9017 28
769 468
855 464
770 472
9005 41
8997 73
9040 21
9043 16
9047 24
9075 20
856 468
9036 37
9039 25
850 465
934 461
1009 457
9029 65
842 480.533
926 476.533
9072 12
835 500.533
920 496.533
921 492.533
922 488.533
923 484.533
924 480.533
837 492.533
836 496.533
839 484.533
838 488.533
9065 33
9064 37
9093 33
9069 17
9098 13
9125 8
9068 21
9059 57
9088 53
9115 48
9058 61
9087 57
9114 52
9063 41
9092 37
875 515.96
953 511.96
1024 507.96
1093 503.96
1165 499.96
1249 495.96
1333 491.96
1423 487.96
1519 483.96
1613 479.96
1710 475.96
1800 471.96
1883 467.96
1971 463.96
2062 459.96
2151 455.96
2237 451.96
2324 447.96
2409 443.96
2493 439.96
2578 435.96
2664 431.96
876 515.96
954 511.96
1026 507.96
1096 503.96
1168 499.96
1251 495.96
1335 491.96
1425 487.96
1522 483.96
1616 479.96
1713 475.96
1803 471.96
1885 467.96
1973 463.96
2063 459.96
2152 455.96
9104 20
9130 16
9129 12
9156 8
9097 17
9103 16
927 477
9091 41
9095 25
9122 20
9094 29
9121 24
952 511.96
9133 28
9132 24
9131 20
945 513.96
1017 509.96
1087 505.96
1160 500.96
1244 496.96
1328 492.96
944 514.96
1016 510.96
1086 506.96
1159 501.96
1243 497.96
1327 493.96
1418 488.96
1515 484.96
1609 480.96
950 511.96
9177 12
9176 16
936 456
1011 452
1080 448
1152 444
9179 4
9178 8
9181 8
9180 4
9182 12
9169 44
9170 40
9171 36
9173 28
9172 32
9175 20
9174 24
9201 16
9202 12
9203 8
9200 20
9205 9
9204 8
9206 13
9193 48
9195 40
9196 36
9197 32
9198 28
9199 24
1022 507.96
1015 514.672
1085 510.672
1158 505.672
1242 501.672
1326 497.672
1417 492.672
1514 488.672
1608 484.672
1705 480.672
10049 476.93
1014 515.672
1084 511.672
1157 506.672
1241 502.672
1325 498.672
1416 493.672
1513 489.672
1607 485.672
9241 36
9242 32
9243 28
9222 24
1001 495.533
1000 499.533
9245 20
9224 16
1005 476
1006 472
9244 24
9223 20
1004 476.533
1074 472.533
9247 16
9226 12
1007 457
9246 16
9225 12
9227 12
9228 13
9219 36
9220 32
9221 28
1037 555.96
1104 551.96
1180 547.96
1263 543.96
1349 539.96
1439 535.96
1535 531.96
1628 527.96
1725 523.96
1724 519.96
1723 515.96
1722 511.96
1721 507.96
1720 503.96
1719 499.96
1718 495.96
1808 491.96
1890 487.96
1889 483.96
1977 479.96
1976 475.96
1975 471.96
1974 467.96
2064 463.96
2153 459.96
2238 455.96
1027 507.96
1097 503.96
1169 499.96
1253 495.96
1336 491.96
1426 487.96
1028 507.96
9249 16
9248 16
1075 476.533
1144 472.533
1143 468.533
1077 452
1148 448
1232 444
1233 440
1076 476
1099 503.96
1171 499.96
1254 495.96
1337 491.96
1427 487.96
1523 483.96
1102 515.96
1174 511.96
1173 507.96
1256 503.96
1339 499.96
1338 495.96
1428 491.96
1095 503.96
1167 499.96
1145 460
1229 456
1230 452
1231 448
1146 456
1183 559.96
1266 555.96
1265 551.96
1264 547.96
1182 555.96
1170 499.96
1172 503.96
1255 499.96
1163 499.96
1166 499.96
1250 495.96
1334 491.96
1424 487.96
1521 483.96
1614 479.96
1711 475.96
1802 471.96
1884 467.96
1972 463.96
1156 510.672
1240 506.672
1324 502.672
1415 497.672
1512 493.672
1606 489.672
1704 484.672
9421 1679
9422 1581
9423 1483
9424 1385
9442 1210
9443 1111
9461 976
9477 870
9494 763
9512 631
9531 524
9551 417
5928 237
6002 233
6083 228
6159 224
6234 220
6309 215
6386 211
6464 207
6545 203
6625 198
6703 194
6779 190
6852 185
6924 181
7000 177
7071 172
7140 168
7205 164
7272 160
7340 155
7409 151
7475 147
7543 142
7615 138
7688 134
7761 130
7835 125
7908 121
7979 117
8042 113
9420 1777
1225 465.533
1224 461.533
1227 464
1228 460
1226 469.26
10048 465.587
1221 456.533
1220 452.533
1305 448.533
1392 444.533
1484 440.533
1582 436.533
1675 432.533
1772 428.533
9462 939.5
9939 849.086
9478 831.18
9942 742.301
9495 724
1222 460.533
1269 567.96
1268 563.96
1267 559.96
1257 507.96
1259 527.96
1345 523.96
1435 519.96
1531 515.96
1624 511.96
1248 495.96
9493 807
9511 674
9530 568
9550 462
9572 333
6001 234
6082 229
6158 225
6233 221
6308 216
6385 212
6463 208
6544 204
6624 199
6702 195
6778 191
6851 186
6923 182
6999 178
7070 173
7139 169
7204 165
7271 161
7339 156
7408 152
7474 148
7542 143
7614 139
7687 135
7760 131
7834 126
7907 122
7978 118
8041 114
1252 495.96
1304 449.533
1307 454.533
1309 462.533
1308 458.533
1311 468
1310 466.533
9529 661
9549 555
9571 424
9593 318
6911 266
6912 262
6913 258
6981 251
7050 246
7119 242
7184 238
7251 234
7319 229
7388 225
7454 221
7522 216
7594 212
7667 208
7740 204
7814 199
7887 195
7958 191
8021 187
8081 182
8139 178
9528 760
9548 654
9570 522
9592 417
9532 520
9525 1641.2
9544 1539.2
9563 1446.2
9586 1344.2
9607 1242.2
9629 1150.2
9630 1053.2
9631 956.197
9984 904.603
9609 825
9610 725
9611 625
9612 525
9613 425
9614 325
7873 259
7800 255
7801 251
7874 247
7875 243
7876 239
7877 235
7878 231
7879 227
7880 223
7951 219
7952 215
8015 211
8075 206
8076 202
8077 198
8078 194
8079 190
8080 186
9524 1736.2
9543 1634.2
9562 1541.2
9585 1440.2
9606 1339.2
9628 1247.2
9527 859
9547 754
9569 620
9513 627
1341 507.96
1431 503.96
1430 499.96
1526 495.96
1525 491.96
1618 487.96
1715 483.96
1805 479.96
1804 475.96
1340 503.96
1343 515.96
1433 511.96
1529 507.96
1622 503.96
1342 511.96
1432 507.96
9506 1837.2
1330 491.96
1420 487.96
9509 865
1332 491.96
1422 487.96
9510 767
9567 816
9568 718
9566 914
1312 464
1319 436
1405 432
1499 428
1593 424
1686 420
1318 436
1404 432
9546 853
9595 950.96
9594 851.96
5374 777.96
5373 773.96
5372 769.96
5284 765.96
5201 760.96
5121 756.96
5039 752.96
4955 747.96
4870 743.96
4783 739.96
4694 734.96
4693 730.96
4607 726.96
4520 722.96
4519 718.96
4518 714.96
4517 710.96
4516 706.96
4427 702.96
4335 697.96
4243 693.96
4150 689.96
4060 684.96
4059 680.96
4058 676.96
4057 672.96
3967 668.96
3966 664.96
3965 660.96
3964 656.96
3963 652.96
3874 648.96
3786 644.96
3698 639.96
3614 635.96
3528 631.96
3442 626.96
3441 622.96
3440 618.96
3439 614.96
3438 610.96
3437 606.96
3436 602.96
3435 598.96
3434 594.96
3433 590.96
3432 586.96
3431 582.96
3430 578.96
3429 574.96
3428 570.96
3427 566.96
3426 562.96
3425 558.96
3424 554.96
3423 550.96
3422 546.96
3421 542.96
3337 538.96
3336 534.96
3335 530.96
3334 526.96
3333 522.96
3332 518.96
3331 514.96
3330 510.96
3329 506.96
3328 502.96
3327 498.96
3326 494.96
3325 490.96
3324 486.96
3323 482.96
3229 475.96
3138 470.96
3137 466.96
3045 462.96
2949 455.96
2948 451.96
2947 447.96
2946 443.96
2945 439.96
2944 435.96
2943 431.96
2942 427.96
2941 423.96
1352 551.96
1442 547.96
1441 543.96
1440 539.96
1536 535.96
1629 531.96
1726 527.96
1355 563.96
1445 559.96
1541 555.96
1540 551.96
1539 547.96
1632 543.96
1729 539.96
1728 535.96
1727 531.96
1817 527.96
1899 523.96
1987 519.96
1986 515.96
2076 511.96
2165 507.96
2250 503.96
2337 499.96
2422 495.96
2506 491.96
2505 487.96
2590 483.96
2676 479.96
2764 475.96
2852 471.96
2952 467.96
2951 463.96
2950 459.96
1357 571.96
1447 567.96
1446 563.96
1359 579.96
1449 575.96
1448 571.96
1358 575.96
1347 531.96
1437 527.96
1436 523.96
1346 527.96
9589 714
9590 615
9591 516
9588 813
1348 535.96
1438 531.96
1534 527.96
1627 523.96
1350 543.96
1401 459
1314 455
1315 451
1400 463
1403 432
1497 428
1591 424
1778 416
1949 408
2038 404
2130 400
1402 455
1395 451.533
1489 447.533
1586 443.533
1679 439.533
1775 435.533
1863 428.533
1947 424.533
2036 420.533
2128 416.533
1394 448.533
1488 444.533
1585 440.533
9573 320
4102 316
4194 312
4286 308
4376 304
4464 300
4551 296
4550 292
4635 288
4717 284
4804 280
4889 276
4973 272
5056 268
5137 264
5216 260
5303 256
5394 252
5484 248
5569 244
5645 240
5724 236
5799 232
5873 228
5947 224
6026 220
6106 216
6183 212
6257 208
6334 204
6412 200
6494 196
6576 192
6655 188
6733 184
6808 180
6879 176
6949 172
7023 168
7094 164
7164 160
7230 156
7296 152
7365 148
1397 459.533
1396 455.533
1399 467
9574 847.96
3561 763.96
3475 758.96
3474 754.96
3473 750.96
3472 746.96
3471 742.96
3470 738.96
3469 734.96
3468 730.96
3467 726.96
3466 722.96
3465 718.96
3464 714.96
3463 710.96
3462 706.96
3461 702.96
3460 698.96
3459 694.96
3458 690.96
3457 686.96
3456 682.96
3455 678.96
3454 674.96
3453 670.96
3452 666.96
3451 662.96
3450 658.96
3449 654.96
3448 650.96
3447 646.96
3446 642.96
3445 638.96
3444 634.96
3443 630.96
1398 464.129
1492 460.129
1491 456.129
9901 452.519
1588 451.533
1587 447.533
1391 445.533
1483 441.533
1581 437.533
9617 953.96
9616 854.96
7111 789.96
7110 785.96
7109 781.96
7108 777.96
7038 769.96
7037 765.96
6967 758.96
6966 754.96
6965 750.96
6964 746.96
6896 739.96
6828 734.96
6827 730.96
6826 726.96
6753 722.96
6677 718.96
6599 713.96
6519 709.96
6437 705.96
6359 701.96
6282 696.96
6207 692.96
6131 688.96
6055 683.96
5974 679.96
5973 675.96
5972 671.96
5899 667.96
5825 663.96
5750 658.96
5674 654.96
5594 650.96
5517 645.96
5431 641.96
5430 637.96
5429 633.96
5337 629.96
5336 625.96
5248 621.96
5165 616.96
5085 612.96
5084 608.96
5083 604.96
5001 600.96
4917 595.96
4916 591.96
4831 587.96
4744 583.96
4655 578.96
4569 574.96
4482 570.96
4393 566.96
4301 561.96
4209 557.96
4116 553.96
4026 548.96
3936 544.96
3847 540.96
3759 536.96
3671 531.96
3587 527.96
3501 523.96
3415 518.96
1434 515.96
1429 495.96
9657 567
9636 464
9656 664
9635 561
9658 665
9661 1056.72
9638 948.716
10125 934.132
9660 984.96
9637 876.96
9615 783.96
6824 724.96
6751 720.96
6675 716.96
6598 712.96
6518 708.96
6436 704.96
6358 700.96
9655 762
9634 658
9654 859
9633 755
1414 494.127
1605 476.895
1604 472.895
1700 469
1793 462
1792 458
1791 454
1790 450
1789 446
1788 442
1874 438
1958 434
2047 430
2046 426
2045 422
2044 418
2135 411
2312 403
2399 396
2398 392
9639 969.96
9681 1092.96
9680 672
9682 1164.72
9677 936.473
10128 837.061
1500 428
9679 670
9678 767
1490 451.533
1493 468.129
1495 432
1494 469
9721 865
9700 761
9720 863
1482 449.533
1579 445.533
1580 441.533
1674 436.533
1485 440.533
1583 436.533
1676 432.533
1486 440.533
1528 503.96
1527 499.96
1530 511.96
1533 523.96
1532 519.96
9699 858
9701 763
1524 487.96
1511 497.672
9742 1043
9741 944
1553 603.96
1646 599.96
1743 595.96
1742 591.96
1832 587.96
1914 583.96
2002 579.96
2001 575.96
2091 571.96
2180 567.96
2265 563.96
2352 559.96
2351 555.96
2350 551.96
2349 547.96
2434 543.96
2518 539.96
2603 535.96
2689 531.96
2688 527.96
2687 523.96
2686 519.96
2685 515.96
2684 511.96
2772 507.96
2771 503.96
2770 499.96
2858 495.96
2857 491.96
2856 487.96
2956 483.96
2955 479.96
2954 475.96
2953 471.96
1552 599.96
1551 595.96
1550 591.96
1643 587.96
1740 583.96
1739 579.96
1738 575.96
1737 571.96
1736 567.96
1826 563.96
1825 559.96
1824 555.96
1823 551.96
1822 547.96
1821 543.96
1820 539.96
1819 535.96
1901 531.96
1900 527.96
1555 611.96
1648 607.96
1745 603.96
1835 599.96
1917 595.96
2005 591.96
2004 587.96
2003 583.96
1554 607.96
1647 603.96
1744 599.96
1834 595.96
1916 591.96
1556 615.96
1649 611.96
1746 607.96
1836 603.96
1545 571.96
1544 567.96
1543 563.96
1542 559.96
1546 575.96
1549 587.96
1548 583.96
1641 579.96
1537 539.96
1538 543.96
1631 539.96
9782 1271
9781 1174
9761 1048
1592 424
9762 1148
1589 428
9819 1340
9799 1237
9779 1136
9760 1046
9818 1339
9821 1346
9801 1242
9780 1138
9820 1343
9800 1239
9823 1846.18
9804 1749.18
9784 1652.18
9763 1539.72
9744 1442.72
9723 1345.72
10126 1251.99
9702 1166.96
9822 1382
9802 1278
1625 515.96
1626 519.96
1630 535.96
1619 491.96
1621 499.96
1620 495.96
1717 491.96
1807 487.96
1623 507.96
9798 1260
9778 1158
9759 1068
9740 966
1611 479.96
1708 475.96
1798 471.96
1881 467.96
1969 463.96
1612 479.96
1709 475.96
9844 620.35
9833 603.287
10024 568.628
9830 528.538
9871 478.197
9829 421.511
9912 384.599
9828 353.28
9927 310.812
9827 271.94
9897 256.219
6006 229
6087 224
6163 220
6238 216
6313 211
6390 207
6468 203
6549 199
6629 194
6707 190
6783 186
6856 181
6928 177
7004 173
7075 168
7144 164
7209 160
7276 156
7344 151
7413 147
7479 143
7547 138
7619 134
7692 130
7765 126
7839 121
7912 117
7983 113
8046 109
1657 642.96
1754 638.96
1844 634.96
1843 630.96
1842 626.96
1841 622.96
1840 618.96
1922 614.96
2010 610.96
2009 606.96
2099 602.96
2098 598.96
2097 594.96
2186 590.96
2271 586.96
2358 582.96
2443 578.96
2527 574.96
2612 570.96
2697 563.96
2696 559.96
2695 555.96
2694 551.96
2693 547.96
2781 543.96
2869 539.96
2969 535.96
2968 531.96
2967 527.96
2966 523.96
2965 519.96
2964 515.96
2963 511.96
2962 507.96
2961 503.96
2960 499.96
2959 495.96
2958 491.96
2957 487.96
1656 638.96
1753 634.96
1752 630.96
9835 575.21
9879 562.642
9834 637.901
9843 604.023
1658 646.96
1755 642.96
1845 638.96
9836 458.316
9904 417.927
9826 219.919
6240 208
6396 200
6479 196
6562 192
6641 188
6720 184
6796 180
6867 176
7015 168
7154 160
7220 156
7286 152
7355 148
7424 144
7491 140
7562 136
7636 132
7709 128
7783 124
7856 120
7929 116
7999 112
8062 108
8121 104
1651 618.96
1748 614.96
1838 610.96
1920 606.96
2008 602.96
1650 614.96
1747 610.96
1837 606.96
1919 602.96
2007 598.96
1653 626.96
1652 622.96
1749 618.96
1839 614.96
1921 610.96
9831 621.187
10007 570.048
9881 557.541
1640 575.96
1642 583.96
9885 433.464
1645 595.96
1644 591.96
1633 547.96
1635 555.96
1732 551.96
1731 547.96
1730 543.96
1634 551.96
1637 563.96
1734 559.96
1636 559.96
1733 555.96
1639 571.96
1638 567.96
1735 563.96
9866 497.633
673 488.533
1684 420
1777 416
9913 332.242
1673 445.533
9915 315.145
9914 256.454
9825 247.551
5627 240
5707 236
5782 232
5856 228
5930 224
6009 220
6089 216
6167 212
6241 208
6318 204
9917 168.924
7084 164
7153 160
7217 156
7283 152
7350 148
7418 144
7484 140
7551 136
7623 132
7696 128
7769 124
7842 120
7915 116
7985 112
8047 108
9916 362.736
9919 331.463
9918 413.843
1678 436.533
9905 498.392
9906 353.988
4469 351.96
9909 323.104
4726 318.992
4813 314.992
9908 571.572
3249 568.96
3248 564.96
3340 557.96
9911 212.819
6314 210
6391 206
6469 202
6550 198
6630 193
6708 189
6784 185
6857 180
6929 176
7005 172
7076 167
7145 163
7210 159
7277 155
7345 150
7414 146
7480 142
7548 137
7620 133
7693 129
7766 125
7840 120
7913 116
7984 112
9910 266.942
9896 560.1
9899 373.816
2823 370
2915 366
3017 362
3110 358
3204 354
3301 350
3396 346
3483 341
3565 337
3650 333
9900 182.813
6794 180
7014 168
7218 156
7284 152
7351 148
7420 144
7486 140
7553 136
7625 132
7698 128
7771 124
7844 120
7917 116
7987 112
8049 108
9903 389.037
3749 383.96
3838 379.96
9902 334.3
1712 475.96
1714 479.96
9893 456.032
1716 487.96
9895 336.353
4170 329
4171 325
4172 321
4173 317
4174 313
4175 309
4268 305
9894 225.621
9945 823.327
3476 762.96
9944 703.209
1769 698.96
1768 694.96
1858 690.96
1940 686.96
2028 682.96
2027 678.96
2026 674.96
2116 670.96
2115 666.96
2204 662.96
2203 658.96
2288 654.96
2375 650.96
2460 646.96
2544 642.96
2629 638.96
2628 634.96
2627 630.96
2626 626.96
2625 622.96
2624 618.96
2623 614.96
2622 610.96
2621 606.96
2620 602.96
2619 598.96
2618 594.96
2617 590.96
2616 586.96
2615 582.96
2614 578.96
2613 574.96
9946 684.959
918 682.96
917 678.96
995 674.96
1067 670.96
1133 666.96
1209 662.96
1208 658.96
1207 654.96
1206 650.96
1289 646.96
1288 642.96
1287 638.96
1286 634.96
1285 630.96
1371 626.96
1461 622.96
1557 618.96
1706 479.96
9949 262.491
6510 256.885
6591 249.885
10087 248.997
6670 245.992
6748 241.992
6822 234.992
6821 230.992
6892 226.992
6891 222.992
6890 218.992
6960 214.992
7034 210.992
7033 206.992
7032 202.992
9948 85.806
8704 78.118
8742 74.118
9951 30.407
9160 24
9159 20
9158 16
9157 12
9936 801.772
1699 466
1698 462
1697 458
9938 746.7
9943 336.667
1702 481.96
1794 474.96
1879 470.96
1963 464.96
2052 460.96
2142 456.96
2228 452.96
2316 447.96
2402 443.96
2487 439.96
2572 435.96
2659 431.96
2747 427.96
2835 423.96
2936 419.96
3040 415.96
3131 411.96
3223 407.96
3318 403.96
9928 367.785
4195 363.96
4288 359.96
4379 355.96
9933 755.087
1757 650.96
1756 646.96
1846 642.96
1758 654.96
1848 650.96
1930 646.96
2018 642.96
2108 638.96
2197 634.96
2196 630.96
2281 626.96
2368 622.96
2367 618.96
2366 614.96
2451 610.96
2535 606.96
9920 487.699
9923 586.99
3159 582.96
3158 578.96
3157 574.96
9924 559.414
1751 626.96
1750 622.96
9926 430.538
9976 265.62
6005 230
6086 225
6162 221
6237 217
6312 212
6389 208
6467 204
6548 200
6628 195
6706 191
6782 187
6855 182
6927 178
7003 174
7074 169
7143 165
7208 161
7275 157
7343 152
7412 148
7478 144
7546 139
7618 135
7691 131
7764 127
7838 122
7911 118
7982 114
8045 110
9979 550.951
2871 547.96
2870 543.96
9981 1622.44
1741 587.96
1831 583.96
1913 579.96
9982 139.612
7555 136
7627 132
7700 128
7772 124
7845 120
9968 34.242
9287 29
9286 25
9268 20
9971 155.853
7870 154.992
9973 933.871
9972 231.232
9975 489.014
9974 883.375
9960 323.616
5069 318.992
5229 310.992
5228 306.992
5315 302.992
5314 298.992
5405 294.992
5404 290.992
5403 286.992
5493 282.992
9963 120.957
9967 107.708
8492 102.639
8538 98.639
9961 96.458
8582 93.992
8624 87.992
9966 542.775
3845 538.96
3757 534.96
3586 526.96
3500 522.96
9952 27.891
9954 142.916
1781 416
1867 412
1951 408
9956 633.642
5669 628.96
5510 620.96
5424 616.96
5332 612.96
5244 608.96
5161 603.96
5081 599.96
4999 595.96
4915 590.96
4830 586.96
4743 582.96
4654 577.96
4568 573.96
4481 569.96
4392 565.96
4300 560.96
4208 556.96
4115 552.96
4025 547.96
3935 543.96
3846 539.96
3758 535.96
3670 530.96
9959 77.264
10009 816.331
10008 122.858
7853 120
7927 116
7997 112
8060 108
1771 429.533
1861 425.533
1770 702.96
1774 432.533
10005 476.978
1816 523.96
1815 519.96
1814 515.96
1896 511.96
1984 507.96
1983 503.96
1982 499.96
1981 495.96
1980 491.96
1979 487.96
2069 483.96
2158 479.96
2243 475.96
2330 471.96
2415 467.96
2499 463.96
2584 459.96
2583 455.96
2582 451.96
2581 447.96
2580 443.96
2666 439.96
2754 435.96
2842 431.96
2841 427.96
1818 531.96
9999 551.572
963 545.913
1036 541.913
1035 537.913
1103 531.057
1034 524.057
1033 520.057
1032 516.059
10013 515.23
1031 511.96
1030 507.96
1809 495.96
1811 503.96
1893 499.96
1810 499.96
1892 495.96
1813 511.96
1812 507.96
10041 395.973
1801 471.96
10040 279.934
6007 228
10043 499.043
10042 357.021
3479 354
3480 350
3481 346
10045 936.713
10044 593.65
2783 590.96
2698 586.96
10047 122.909
10046 477.306
1806 483.96
10033 254.832
5381 252
5471 248
5556 244
5633 240
5713 236
5788 232
5862 228
5937 224
6017 220
6097 216
6174 212
6248 208
6325 204
6403 200
6486 196
6569 192
6648 188
6726 184
6801 180
6872 176
6943 172
7019 168
7089 164
7158 160
7224 156
7291 152
7360 148
7429 144
7496 140
7567 136
7640 132
7713 128
7786 124
7859 120
7933 116
10032 837.906
10035 164.892
7160 160
7226 156
7293 152
7362 148
7430 144
7497 140
7568 136
7642 132
10034 164.823
10037 465.325
10036 465.354
10039 1604.85
1799 471.96
10038 493.822
10027 423.195
1945 420.533
2034 416.533
2126 412.533
2217 408.533
2304 404.533
10026 209.423
1850 658.96
1932 654.96
1931 650.96
10029 529.959
703 527
10028 683.444
10031 412.098
10030 485.03
10073 362.124
3025 360
3118 356
3212 352
3308 348
3404 344
3489 340
3569 336
3654 332
3736 328
3822 324
3910 320
3998 316
4087 312
1833 591.96
10072 362.289
3312 356
3311 352
10075 414.312
2042 412
2134 408
2224 404
2311 400
10074 437.764
10065 438.782
10064 382.938
10067 309.904
4358 304
10066 438.497
10069 360.01
1829 575.96
1828 571.96
1910 567.96
1909 563.96
1908 559.96
1996 555.96
1995 551.96
2085 547.96
2084 543.96
2083 539.96
2082 535.96
2171 531.96
2170 527.96
2169 523.96
2254 519.96
2341 515.96
2426 511.96
2510 507.96
2595 503.96
2681 499.96
2680 495.96
2768 491.96
10068 326.106
3829 324
3918 320
4007 316
4096 312
4185 308
4277 304
4367 300
4455 296
4543 292
4628 288
4710 284
4798 280
4883 276
4967 272
5051 268
5133 264
5212 260
5299 256
5390 252
5481 248
5566 244
5643 240
5722 236
5797 232
5872 228
10071 225.384
10070 151.374
7354 148
7422 144
7489 140
7560 136
7634 132
7706 128
7780 124
1830 579.96
1912 575.96
2000 571.96
1999 567.96
2089 563.96
2088 559.96
2177 555.96
2262 551.96
10057 343.494
3580 340.025
3747 332
3836 328
3925 324
4014 320
10056 424.91
10059 561.645
1882 467.96
1970 463.96
2061 459.96
10061 311.857
10060 382.336
2651 376
2740 372
2828 368
2925 364
3027 360
3120 356
3214 352
10063 186.782
6712 185
6788 181
6861 176
6933 172
7009 168
7079 164
7148 160
7213 156
7280 152
7347 148
7416 144
7482 140
7549 136
7621 132
7694 128
7767 124
1887 475.96
10062 199.445
6474 197
6555 193
6635 188
6713 184
6789 180
1886 471.96
1873 434
1872 430
1871 426
1955 422
10051 266.207
10050 442.298
2486 440.96
10053 146.174
10055 276.484
10054 551.252
1865 412
1948 408
1860 698.96
1859 694.96
1915 587.96
1918 599.96
2006 595.96
1905 547.96
1904 543.96
1992 539.96
1991 535.96
1990 531.96
1989 527.96
1988 523.96
1911 571.96
1897 515.96
1898 519.96
1903 539.96
1902 535.96
1888 479.96
1891 491.96
1895 507.96
1894 503.96
1944 420.533
1939 682.96
1929 642.96
2017 638.96
2107 634.96
1928 638.96
2016 634.96
2106 630.96
2105 626.96
2104 622.96
2103 618.96
2102 614.96
2191 610.96
2190 606.96
2275 602.96
2274 598.96
2361 594.96
2446 590.96
2530 586.96
1923 618.96
1925 626.96
1924 622.96
2012 618.96
1927 634.96
2015 630.96
2014 626.96
1926 630.96
1978 483.96
2068 479.96
2157 475.96
2242 471.96
2329 467.96
2328 463.96
2327 459.96
2326 455.96
2325 451.96
1965 463.96
2055 459.96
2145 455.96
2231 451.96
2318 447.96
2403 443.96
1967 463.96
2057 459.96
2146 455.96
2232 451.96
2319 447.96
2404 443.96
2489 439.96
2574 435.96
2660 431.96
2748 427.96
2836 423.96
2937 419.96
3041 415.96
3132 411.96
3224 407.96
1966 463.96
1954 419
2043 415
2011 614.96
2013 622.96
1994 547.96
1993 543.96
1997 559.96
1998 563.96
1985 511.96
2041 408
2133 404
2223 400
2033 416.533
2125 412.533
2037 404
2039 404
2131 400
2024 666.96
2114 662.96
2019 646.96
2109 642.96
2021 654.96
2111 650.96
2200 646.96
2199 642.96
2198 638.96
2020 650.96
2023 662.96
2022 658.96
2112 654.96
2201 650.96
2073 499.96
2072 495.96
2071 491.96
2070 487.96
2075 507.96
2074 503.96
2163 499.96
2248 495.96
2335 491.96
2334 487.96
2333 483.96
2332 479.96
2331 475.96
2077 515.96
2166 511.96
2251 507.96
2338 503.96
2079 523.96
2078 519.96
2065 467.96
2154 463.96
2239 459.96
2067 475.96
2066 471.96
2155 467.96
2240 463.96
2056 459.96
2060 459.96
2110 646.96
2096 591.96
2095 587.96
2094 583.96
2093 579.96
2092 575.96
2101 610.96
2100 606.96
2081 531.96
2080 527.96
2086 551.96
2143 455.96
2229 451.96
2113 658.96
2168 519.96
2253 515.96
2340 511.96
2339 507.96
2424 503.96
2508 499.96
2593 495.96
2592 491.96
2678 487.96
2766 483.96
2854 479.96
2853 475.96
2173 539.96
2258 535.96
2345 531.96
2344 527.96
2429 523.96
2428 519.96
2427 515.96
2511 511.96
2596 507.96
2682 503.96
2172 535.96
2175 547.96
2260 543.96
2347 539.96
2346 535.96
2431 531.96
2515 527.96
2600 523.96
2599 519.96
2598 515.96
2597 511.96
2174 543.96
2259 539.96
2161 491.96
2246 487.96
2160 487.96
2245 483.96
2162 495.96
2247 491.96
2164 503.96
2167 515.96
2252 511.96
2159 483.96
2144 455.96
2147 455.96
2233 451.96
2320 447.96
2406 443.96
2491 439.96
2576 435.96
2148 455.96
2234 451.96
2321 447.96
2150 455.96
2193 618.96
2278 614.96
2277 610.96
2276 606.96
2192 614.96
2195 626.96
2194 622.96
2279 618.96
2185 587.96
2184 583.96
2269 579.96
2268 575.96
2355 571.96
2440 567.96
2524 563.96
2609 559.96
2608 555.96
2187 594.96
2189 602.96
2188 598.96
2176 551.96
2261 547.96
2181 571.96
2183 579.96
2182 575.96
2236 451.96
2323 447.96
2225 407
2230 451.96
2317 447.96
2216 409.533
2219 404
2221 396
2308 392
2267 571.96
2266 567.96
2353 563.96
2270 583.96
2257 531.96
2256 527.96
2255 523.96
2342 519.96
2249 499.96
2244 479.96
2280 622.96
2283 634.96
2370 630.96
2369 626.96
2282 630.96
2285 642.96
2284 638.96
2286 646.96
2273 594.96
2272 590.96
2315 448.96
2401 444.96
2306 392
2310 396
2360 590.96
2359 586.96
2363 602.96
2362 598.96
2365 610.96
2364 606.96
2354 567.96
2357 579.96
2356 575.96
2348 543.96
2433 539.96
2517 535.96
2602 531.96
2601 527.96
2336 495.96
2343 523.96
2393 404.595
2479 397.595
2394 388
2480 384
2564 380
2652 376
2396 388
2387 698.96
2386 694.96
2471 690.96
2555 686.96
2554 682.96
2639 678.96
2638 674.96
2637 670.96
2636 666.96
2635 662.96
2634 658.96
2633 654.96
2632 650.96
2631 646.96
2630 642.96
2371 634.96
2373 642.96
2458 638.96
2542 634.96
2372 638.96
2374 646.96
2425 507.96
2430 527.96
2514 523.96
2419 483.96
2418 479.96
2502 475.96
2587 471.96
2586 467.96
2585 463.96
2421 491.96
2420 487.96
2423 499.96
2408 443.96
2405 443.96
2457 634.96
2456 630.96
2455 626.96
2454 622.96
2453 618.96
2452 614.96
2459 642.96
2543 638.96
2449 602.96
2448 598.96
2532 594.96
2531 590.96
2450 606.96
2441 571.96
2442 575.96
2526 571.96
2611 567.96
2445 586.96
2444 582.96
2447 594.96
2432 535.96
2488 439.96
2573 435.96
2490 439.96
2575 435.96
2661 431.96
2750 427.96
2838 423.96
2938 419.96
2495 447.96
2481 384
2565 380
2485 392
2569 388
2568 384
2484 388
2520 547.96
2605 543.96
2604 539.96
2523 559.96
2525 567.96
2513 519.96
2512 515.96
2516 531.96
2519 543.96
2504 483.96
2589 479.96
2588 475.96
2507 495.96
2509 503.96
2498 459.96
2503 479.96
2537 614.96
2536 610.96
2539 622.96
2538 618.96
2541 630.96
2540 626.96
2529 582.96
2528 578.96
2533 598.96
2534 602.96
2591 487.96
2570 392
2657 388
2745 384
2744 380
2832 376
2929 372
3031 368
3030 364
3122 360
2563 380
2606 547.96
2594 499.96
2649 380
2735 376
2821 371
2914 367
3016 363
3109 359
2650 379
2736 375
2822 370
2655 380
2743 376
2831 372
2928 368
2683 507.96
2673 467.96
2672 463.96
2671 459.96
2670 455.96
2758 451.96
2846 447.96
2675 475.96
2763 471.96
2851 467.96
2850 463.96
2674 471.96
2762 467.96
2677 483.96
2679 491.96
2656 384
2662 431.96
2713 646.96
2712 642.96
2705 614.96
2704 610.96
2703 606.96
2707 622.96
2706 618.96
2709 630.96
2708 626.96
2711 638.96
2710 634.96
2699 590.96
2701 598.96
2700 594.96
2702 602.96
2691 539.96
2779 535.96
2778 531.96
2777 527.96
2865 523.96
2690 535.96
2692 543.96
2746 386
2833 380
2749 427.96
2837 423.96
2751 427.96
2839 423.96
2737 374
2739 372
2827 368
2924 364
3026 360
2733 381
2819 376
2776 523.96
2864 519.96
2863 515.96
2780 539.96
2782 547.96
2769 495.96
2773 511.96
2775 519.96
2774 515.96
2862 511.96
2861 507.96
2860 503.96
2859 499.96
2761 463.96
2760 459.96
2848 455.96
2765 479.96
2767 487.96
2793 626.96
2792 622.96
2791 618.96
2790 614.96
2789 610.96
2795 634.96
2794 630.96
2797 642.96
2796 638.96
2799 650.96
2798 646.96
2785 594.96
2784 590.96
2787 602.96
2786 598.96
2788 606.96
2845 443.96
2844 439.96
2843 435.96
2873 595.96
2872 593.96
2972 589.96
3066 585.96
2875 603.96
2874 599.96
2877 611.96
2876 607.96
2879 619.96
2878 615.96
2867 531.96
2866 527.96
2868 535.96
2855 483.96
2909 383
2910 379
2911 375
3014 368
2888 655.96
2881 627.96
2880 623.96
2883 635.96
2882 631.96
2885 643.96
2884 639.96
2887 651.96
2886 647.96
2930 376
2933 425.96
3037 421.96
3038 417.96
3129 413.96
3222 408.96
3317 404.96
3408 400.96
2932 429.96
2935 420.96
3039 416.96
3130 412.96
2921 364
3024 360
3117 356
3211 352
3306 348
3402 344
3487 340
3568 336
2923 364
2922 364
2926 364
2912 372
2971 543.96
2970 539.96
2973 593.96
3067 589.96
2975 601.96
2974 597.96
3068 593.96
2985 641.96
2984 637.96
3078 633.96
3077 629.96
3076 625.96
3075 621.96
3074 617.96
3073 613.96
3072 609.96
3071 605.96
3070 601.96
3069 597.96
2987 649.96
3081 645.96
3080 641.96
3079 637.96
2986 645.96
2989 657.96
2988 653.96
3082 649.96
2977 609.96
2976 605.96
2979 617.96
2978 613.96
2981 625.96
2980 621.96
2983 633.96
2982 629.96
3033 375
3124 368
3123 364
3032 372
3035 429.96
3036 425.96
3127 421.96
3220 416.96
3221 412.96
3316 408.96
3034 433.96
3028 360
3019 361
3112 357
3206 353
3302 349
3398 345
3484 341
3566 337
3651 333
3733 329
3018 362
3111 358
3021 361
3113 357
3207 353
3020 361
3022 361
3115 357
3210 352
3013 386
3012 390
3065 542.96
3064 538.96
3063 534.96
3062 530.96
3061 526.96
3060 522.96
3059 518.96
3058 514.96
3057 510.96
3056 506.96
3055 502.96
3054 498.96
3053 494.96
3052 490.96
3051 486.96
3050 482.96
3049 478.96
3048 474.96
3047 470.96
3046 466.96
3083 653.96
3084 657.96
3114 357
3208 353
3304 349
3400 345
3486 341
3567 337
3116 356
3119 356
3213 352
3309 348
3161 590.96
3160 586.96
3163 598.96
3162 594.96
3165 606.96
3164 602.96
3167 614.96
3166 610.96
3152 526.96
3151 522.96
3155 538.96
3154 534.96
3156 542.96
3145 498.96
3144 494.96
3147 506.96
3146 502.96
3149 514.96
3148 510.96
3150 518.96
3141 482.96
3140 478.96
3143 490.96
3142 486.96
3177 654.96
3176 650.96
3175 646.96
3174 642.96
3173 638.96
3172 634.96
3171 630.96
3170 626.96
3169 622.96
3168 618.96
3178 658.96
3231 483.96
3219 420.96
3218 424.96
3209 353
3205 354
3257 600.96
3256 596.96
3255 592.96
3254 588.96
3253 584.96
3252 580.96
3251 576.96
3250 572.96
3259 608.96
3258 604.96
3261 616.96
3260 612.96
3263 624.96
3262 620.96
3241 523.96
3240 519.96
3245 539.96
3244 535.96
3153 530.96
3246 543.96
3233 491.96
3232 487.96
3239 515.96
3238 511.96
3272 660.96
3271 656.96
3270 652.96
3269 648.96
3268 644.96
3267 640.96
3266 636.96
3265 632.96
3264 628.96
3275 672.96
3274 668.96
3273 664.96
3305 349
3307 348
3403 344
3488 340
3299 355
3298 359
3393 355
3303 349
3399 345
3485 341
3353 609.96
3352 605.96
3351 601.96
3350 597.96
3349 593.96
3348 589.96
3347 585.96
3346 581.96
3345 577.96
3344 573.96
3343 569.96
3342 565.96
3341 561.96
3355 617.96
3354 613.96
3357 625.96
3356 621.96
3359 633.96
3358 629.96
3339 546.96
3338 542.96
3361 641.96
3360 637.96
3363 649.96
3362 645.96
3365 657.96
3364 653.96
3417 526.96
3416 522.96
3419 534.96
3418 530.96
3420 538.96
3401 348
3477 363.167
3478 360.615
3513 571.96
3512 567.96
3515 579.96
3514 575.96
3517 587.96
3516 583.96
3519 595.96
3518 591.96
3505 539.96
3504 535.96
3507 547.96
3506 543.96
3509 555.96
3508 551.96
3510 559.96
3503 531.96
3502 527.96
3492 340
3572 336
3658 332
3740 328
3827 324
3916 320
4005 316
4094 312
4184 308
3529 635.96
3531 643.96
3530 639.96
3533 651.96
3532 647.96
3535 659.96
3534 655.96
3521 603.96
3520 599.96
3523 611.96
3522 607.96
3525 619.96
3524 615.96
3527 627.96
3526 623.96
3579 344.025
3581 344.025
3609 615.96
3608 611.96
3611 623.96
3610 619.96
3613 631.96
3612 627.96
3615 639.96
3601 583.96
3600 579.96
3603 591.96
3602 587.96
3605 599.96
3604 595.96
3607 607.96
3606 603.96
3593 551.96
3592 547.96
3595 559.96
3594 555.96
3597 567.96
3511 563.96
3596 563.96
3599 575.96
3598 571.96
3589 535.96
3588 531.96
3591 543.96
3590 539.96
3624 675.96
3623 671.96
3537 667.96
3617 647.96
3616 643.96
3619 655.96
3618 651.96
3620 659.96
3673 539.96
3672 535.96
3675 547.96
3674 543.96
3677 555.96
3676 551.96
3679 563.96
3678 559.96
3705 667.96
3621 663.96
3704 663.96
3707 675.96
3706 671.96
3622 667.96
3697 635.96
3696 631.96
3699 643.96
3701 651.96
3700 647.96
3703 659.96
3702 655.96
3689 603.96
3688 599.96
3687 595.96
3686 591.96
3691 611.96
3690 607.96
3693 619.96
3692 615.96
3695 627.96
3694 623.96
3681 571.96
3680 567.96
3683 579.96
3682 575.96
3685 587.96
3684 583.96
3741 328
3742 329.131
3730 334
3818 330
3905 326
3994 322
4084 317
4085 313
3734 333
3769 576.96
3768 572.96
3771 584.96
3770 580.96
3773 592.96
3772 588.96
3775 600.96
3774 596.96
3761 544.96
3760 540.96
3763 552.96
3762 548.96
3765 560.96
3764 556.96
3767 568.96
3766 564.96
3753 388.96
3842 384.96
3931 380.96
4019 376.96
4108 372.96
4199 368.96
4291 364.96
4471 354.96
3752 385.96
3841 381.96
3930 377.96
4018 373.96
4107 369.96
4198 365.96
4290 361.96
3746 336
3748 332
3751 385.96
3840 381.96
3793 672.96
3792 668.96
3795 680.96
3796 684.96
3708 679.96
3785 640.96
3784 636.96
3787 648.96
3789 656.96
3788 652.96
3791 664.96
3790 660.96
3777 608.96
3776 604.96
3779 616.96
3778 612.96
3781 624.96
3780 620.96
3783 632.96
3782 628.96
3833 330
3832 326
3920 322
4008 318
3835 328
3834 334
3837 328
3926 324
3825 324
3914 320
4003 316
4092 312
4182 308
4275 304
4365 300
4453 296
4541 292
4627 288
4709 284
4797 280
3826 324
3828 328
3819 330
3821 324
3909 320
3865 612.96
3864 608.96
3863 604.96
3867 620.96
3866 616.96
3869 628.96
3868 624.96
3871 636.96
3870 632.96
3857 580.96
3856 576.96
3859 588.96
3858 584.96
3861 596.96
3860 592.96
3862 600.96
3849 548.96
3848 544.96
3851 556.96
3850 552.96
3853 564.96
3852 560.96
3855 572.96
3854 568.96
3889 708.96
3888 704.96
3800 700.96
3712 695.96
3711 691.96
3627 687.96
3541 683.96
3881 676.96
3880 672.96
3883 684.96
3882 680.96
3794 676.96
3885 692.96
3884 688.96
3887 700.96
3799 696.96
3886 696.96
3798 692.96
3710 687.96
3709 683.96
3625 679.96
3539 675.96
3873 644.96
3872 640.96
3875 652.96
3877 660.96
3876 656.96
3879 668.96
3878 664.96
3929 377.96
3932 546.347
3921 326
4009 322
3923 334
3922 330
3924 325
4013 321
3915 320
3904 330
3993 326
4083 321
3961 644.96
3960 640.96
3959 636.96
3962 648.96
3953 612.96
3952 608.96
3951 604.96
3950 600.96
3949 596.96
3955 620.96
3954 616.96
3957 628.96
3956 624.96
3958 632.96
3945 580.96
3944 576.96
3943 572.96
3942 568.96
3947 588.96
3946 584.96
3948 592.96
3992 330
4082 325
3977 708.96
3976 704.96
3979 716.96
3978 712.96
3969 676.96
3968 672.96
3971 684.96
3970 680.96
3973 692.96
3972 688.96
3975 700.96
3974 696.96
4024 546.96
3934 542.96
4031 568.96
3941 564.96
3940 560.96
3939 556.96
4017 373.96
4106 369.96
4023 546.96
4011 330
4010 326
4001 316
4090 312
4004 316
4093 312
4006 316
4095 312
4056 668.96
4061 688.96
4063 696.96
4062 692.96
4049 640.96
4048 636.96
4047 632.96
4046 628.96
4045 624.96
4051 648.96
4050 644.96
4053 656.96
4052 652.96
4055 664.96
4054 660.96
4041 608.96
4040 604.96
4039 600.96
4038 596.96
4043 616.96
4042 612.96
4044 620.96
4033 576.96
4032 572.96
4034 580.96
4037 592.96
4091 312
4181 308
4273 304
4363 300
4451 296
4539 292
4625 288
4707 284
4794 280
4880 276
4964 272
5048 268
5130 264
5209 260
5296 256
5387 252
5478 248
5563 244
5640 240
5720 236
5795 232
5869 228
5944 224
6023 220
6103 216
6181 212
6255 208
6332 204
6410 200
6493 196
4065 704.96
4064 700.96
4067 712.96
4066 708.96
4069 720.96
4068 716.96
4071 728.96
4070 724.96
4121 573.96
4123 581.96
4122 577.96
4112 550.96
4104 367.96
4111 550.96
4022 546.96
3933 542.96
4097 312
4187 308
4279 304
4369 300
4457 296
4545 292
4630 288
4712 284
4799 280
4884 276
4968 272
4101 320
4153 701.96
4152 697.96
4155 709.96
4154 705.96
4157 717.96
4156 713.96
4159 725.96
4158 721.96
4145 669.96
4144 665.96
4149 685.96
4148 681.96
4151 693.96
4137 637.96
4136 633.96
4139 645.96
4138 641.96
4141 653.96
4140 649.96
4143 661.96
4142 657.96
4131 613.96
4130 609.96
4133 621.96
4132 617.96
4135 629.96
4134 625.96
4186 308
4278 304
4368 300
4189 308
4282 304
4372 300
4460 296
4548 292
4634 288
4716 284
4803 280
4188 308
4280 304
4370 300
4459 296
4546 292
4632 288
4714 284
4801 280
4886 276
4970 272
5054 268
5135 264
5214 260
5302 256
5393 252
5483 248
5568 244
5644 240
5723 236
5798 232
4190 308
4177 308
4270 304
4360 300
4180 308
4272 304
4362 300
4183 308
4161 733.96
4160 729.96
4162 737.96
4072 732.96
3982 728.96
3981 724.96
3892 720.96
3804 716.96
3716 711.96
3632 707.96
3546 703.96
4216 585.96
4215 581.96
4214 577.96
4203 554.96
4249 717.96
4248 713.96
4251 725.96
4250 721.96
4253 733.96
4252 729.96
4255 741.96
4254 737.96
4241 685.96
4242 689.96
4245 701.96
4244 697.96
4247 709.96
4246 705.96
4233 653.96
4232 649.96
4235 661.96
4234 657.96
4237 669.96
4236 665.96
4224 617.96
4223 613.96
4227 629.96
4226 625.96
4229 637.96
4228 633.96
4231 645.96
4230 641.96
4281 304
4371 300
4283 304
4373 300
4462 296
4287 312
4377 308
4465 304
4552 300
4637 296
4719 292
4718 288
4274 304
4364 300
4276 304
4366 300
4265 325
4266 321
4264 329
4256 745.96
4263 333
4262 769.96
4261 765.96
4168 761.96
4078 756.96
4077 752.96
3987 748.96
3898 744.96
3810 740.96
3722 735.96
3638 731.96
3552 727.96
4317 625.96
4316 621.96
4315 617.96
4319 633.96
4318 629.96
4305 577.96
4304 573.96
4303 569.96
4302 565.96
4289 359.96
4380 355.96
4295 558.96
4204 554.96
4294 558.96
4345 737.96
4344 733.96
4347 745.96
4346 741.96
4348 749.96
4337 705.96
4336 701.96
4339 713.96
4338 709.96
4341 721.96
4340 717.96
4343 729.96
4342 725.96
4329 673.96
4328 669.96
4327 665.96
4333 689.96
4334 693.96
4320 637.96
4323 649.96
4322 645.96
4325 657.96
4324 653.96
4326 661.96
4375 300
4463 296
4374 300
4355 331
4354 335
4357 308
4409 630.96
4408 626.96
4411 638.96
4410 634.96
4413 646.96
4321 641.96
4412 642.96
4415 654.96
4414 650.96
4395 574.96
4394 570.96
4387 562.96
4296 558.96
4388 562.96
4297 558.96
4206 554.96
4113 550.96
4441 758.96
4349 753.96
4257 749.96
4164 745.96
4074 740.96
4073 736.96
4440 754.96
4442 762.96
4350 757.96
4445 335
4444 770.96
4352 765.96
4351 761.96
4447 308
4433 726.96
4432 722.96
4435 734.96
4434 730.96
4437 742.96
4436 738.96
4438 746.96
4429 710.96
4431 718.96
4430 714.96
4417 662.96
4416 658.96
4419 670.96
4418 666.96
4421 678.96
4420 674.96
4461 296
4450 296
4538 292
4624 288
4706 284
4452 296
4505 662.96
4504 658.96
4507 670.96
4506 666.96
4508 674.96
4497 630.96
4499 638.96
4498 634.96
4501 646.96
4500 642.96
4503 654.96
4502 650.96
4488 594.96
4487 590.96
4398 586.96
4306 581.96
4485 582.96
4484 578.96
4483 574.96
4486 586.96
4397 582.96
4540 292
4529 758.96
4528 754.96
4439 750.96
4531 766.96
4530 762.96
4533 339
4532 770.96
4443 766.96
4534 343
4521 726.96
4523 734.96
4522 730.96
4525 742.96
4524 738.96
4527 750.96
4526 746.96
4571 582.96
4570 578.96
4573 590.96
4572 586.96
4575 598.96
4553 304
4638 300
4554 308
4639 304
4549 292
4593 670.96
4592 666.96
4595 678.96
4594 674.96
4596 682.96
4509 678.96
4587 646.96
4586 642.96
4589 654.96
4588 650.96
4591 662.96
4590 658.96
4576 602.96
4633 288
4715 284
4626 288
4708 284
4796 280
4882 276
4966 272
5049 268
5131 264
5210 260
5298 256
4617 766.96
4616 762.96
4619 343
4618 770.96
4621 289
4609 734.96
4611 742.96
4610 738.96
4613 750.96
4612 746.96
4615 758.96
4614 754.96
4657 586.96
4659 594.96
4658 590.96
4660 598.96
4574 594.96
4642 315.992
4724 311.992
4811 307.992
4896 303.992
4895 299.992
4894 295.992
4978 291.992
5061 287.992
5142 283.992
5221 279.992
5308 275.992
5399 271.992
5489 267.992
5574 263.992
5650 259.992
5729 255.992
5804 251.992
5878 247.992
5951 243.992
6031 239.992
6111 235.992
6188 231.992
6262 227.992
6339 223.992
6417 219.992
6499 215.992
6581 211.992
6660 207.992
6738 203.992
6813 199.992
6884 195.992
6954 191.992
7028 187.992
7099 183.992
7169 179.992
7235 175.992
7301 171.992
7370 167.992
7438 163.992
7504 159.992
7575 155.992
7648 151.992
7720 147.992
7793 143.992
7866 139.992
7939 135.992
8009 131.992
8071 127.992
4697 746.96
4699 754.96
4698 750.96
4701 762.96
4700 758.96
4702 766.96
4681 682.96
4680 678.96
4683 690.96
4597 686.96
4682 686.96
4684 694.96
4598 690.96
4511 686.96
4422 682.96
4330 677.96
4674 654.96
4673 650.96
4672 646.96
4677 666.96
4676 662.96
4675 658.96
4679 674.96
4678 670.96
4730 337.992
4721 300
4720 296
4722 303.992
4809 299.992
4725 314.992
4812 310.992
4713 284
4800 280
4763 659.96
4765 667.96
4767 675.96
4766 671.96
4747 595.96
4746 591.96
4749 603.96
4748 599.96
4750 607.96
4661 602.96
4795 280
4785 747.96
4696 742.96
4695 738.96
4787 755.96
4786 751.96
4789 763.96
4788 759.96
4791 771.96
4790 767.96
4769 683.96
4768 679.96
4771 691.96
4772 695.96
4817 330.992
4816 326.992
4901 322.992
4900 318.992
4818 334.992
4903 330.992
4902 326.992
4808 296
4893 292
4977 288
4976 284
4975 280
4974 276
5057 272
5138 268
5217 264
4810 303.992
4815 322.992
4802 280
4887 276
4971 272
4807 292
4892 288
4806 288
4891 284
4860 703.96
4773 699.96
4863 715.96
4776 711.96
4687 706.96
4686 702.96
4600 698.96
4513 694.96
4424 690.96
4332 685.96
4240 681.96
4239 677.96
4146 673.96
4853 675.96
4852 671.96
4851 667.96
4764 663.96
4855 683.96
4854 679.96
4843 635.96
4842 631.96
4841 627.96
4754 623.96
4665 618.96
4579 614.96
4492 610.96
4491 606.96
4490 602.96
4401 598.96
4309 593.96
4308 589.96
4835 603.96
4834 599.96
4833 595.96
4839 619.96
4838 615.96
4751 611.96
4662 606.96
4888 276
4972 272
4881 276
4965 272
4873 755.96
4872 751.96
4875 763.96
4874 759.96
4877 771.96
4876 767.96
4878 276
4865 723.96
4778 719.96
4689 714.96
4603 710.96
4864 719.96
4918 599.96
4957 755.96
4959 763.96
4958 759.96
4945 707.96
4947 715.96
4946 711.96
4861 707.96
4774 703.96
4685 698.96
4599 694.96
4512 690.96
4423 686.96
4331 681.96
4949 723.96
4948 719.96
4950 727.96
4937 675.96
4936 671.96
4939 683.96
4938 679.96
4940 687.96
4942 695.96
4857 691.96
4856 687.96
4985 318.992
5068 314.992
5149 310.992
5148 306.992
5147 302.992
5146 298.992
4984 314.992
5067 310.992
4986 322.992
4979 295.992
4980 299.992
5063 295.992
5144 291.992
5143 287.992
4983 310.992
5066 306.992
4982 306.992
5065 302.992
4961 771.96
4960 767.96
5020 676.96
5022 684.96
5011 640.96
4927 635.96
5015 656.96
4931 651.96
4846 647.96
4759 643.96
4670 638.96
4584 634.96
5050 268
5132 264
5211 260
5053 268
5052 268
5055 268
5136 264
5215 260
5041 760.96
5040 756.96
4956 751.96
5043 768.96
5042 764.96
5045 268
5044 772.96
5047 268
5128 264
5207 260
5295 256
5033 728.96
5032 724.96
5027 704.96
4943 699.96
4858 695.96
5026 700.96
5031 720.96
5030 716.96
5059 280
5140 276
5219 272
5218 268
5060 284
5141 280
5220 276
5062 291.992
5113 724.96
5112 720.96
5111 716.96
5029 712.96
5101 676.96
5019 672.96
4935 667.96
4934 663.96
4849 659.96
4762 655.96
5102 680.96
5093 644.96
5094 648.96
5012 644.96
4928 639.96
5139 272
5129 264
5208 260
5123 764.96
5125 772.96
5124 768.96
5126 776.96
5176 660.96
5175 656.96
5174 652.96
5173 648.96
5172 644.96
5171 640.96
5170 636.96
5090 632.96
5008 628.96
4924 623.96
5213 260
5300 256
5391 252
5203 768.96
5202 764.96
5205 776.96
5204 772.96
5193 728.96
5192 724.96
5191 720.96
5194 732.96
5114 728.96
5223 287.992
5310 283.992
5309 279.992
5400 275.992
5222 283.992
5275 729.96
5274 725.96
5276 733.96
5305 264
5396 260
5486 256
5571 252
5647 248
5726 244
5801 240
5800 236
5304 260
5307 272
5398 268
5488 264
5573 260
5649 256
5728 252
5803 248
5877 244
5950 240
6030 236
6110 232
6109 228
6186 224
6260 220
6337 216
6336 212
6335 208
6413 204
6495 200
6577 196
5306 268
5301 256
5392 252
5294 256
5287 777.96
5361 725.96
5360 721.96
5272 717.96
5189 712.96
5188 708.96
5108 704.96
5107 700.96
5106 696.96
5024 692.96
5401 279.992
5491 275.992
5490 271.992
5395 256
5485 252
5397 264
5386 252
5477 248
5562 244
5639 240
5719 236
5794 232
5380 252
5382 252
5472 248
5557 244
5634 240
5714 236
5789 232
5864 228
5939 224
6019 220
6099 216
6176 212
6251 208
6328 204
6407 200
5465 777.96
5487 260
5572 256
5567 244
5554 244
5631 240
5711 236
5786 232
5861 228
5936 224
6016 220
6096 216
5585 304.885
5661 300.885
5740 296.885
5815 292.885
5889 288.885
5962 284.885
6042 280.885
6122 276.885
6199 272.885
6273 268.885
6350 264.885
6428 260.885
5576 271.992
5652 267.992
5731 263.992
5730 259.992
5805 255.992
5879 251.992
5579 282.992
5655 278.992
5654 274.992
5580 286.992
5656 282.992
5570 248
5646 244
5575 267.992
5626 778.96
5549 773.96
5463 769.96
5462 765.96
5370 761.96
5369 757.96
5281 753.96
5198 748.96
5118 744.96
5036 740.96
4952 735.96
4951 731.96
4866 727.96
4779 723.96
4690 718.96
4604 714.96
5657 286.992
5659 294.992
5738 290.992
5737 286.992
5812 282.992
5811 278.992
5885 274.992
5884 270.992
5883 266.992
5956 262.992
5955 258.992
5658 290.992
5660 297.885
5739 293.885
5814 289.885
5888 285.885
5961 281.885
6041 277.885
6121 273.885
6198 269.885
6272 265.885
6349 261.885
6427 257.885
6509 253.885
5662 304.885
5741 300.885
5648 252
5651 263.992
5695 738.96
5694 734.96
5614 730.96
5537 725.96
5536 721.96
5450 717.96
5449 713.96
5448 709.96
5356 705.96
5355 701.96
5267 697.96
5184 692.96
5183 688.96
5103 684.96
5021 680.96
5725 240
5727 248
5736 282.992
5733 270.992
5735 278.992
5810 274.992
5734 274.992
5809 270.992
5808 266.992
5882 262.992
5813 286.992
5887 282.992
5886 278.992
5802 244
5876 240
5949 236
6029 232
5806 259.992
5880 255.992
5953 251.992
5952 247.992
6032 243.992
5875 240
5874 236
5863 228
5960 278.992
6040 274.992
6120 270.992
6197 266.992
6196 262.992
6195 258.992
6194 254.992
6268 250.992
6345 246.992
6423 242.992
6422 238.992
6504 234.992
6586 230.992
6665 226.992
6664 222.992
6742 218.992
6817 214.992
5957 266.992
5959 274.992
6039 270.992
6119 266.992
5958 270.992
6038 266.992
6118 262.992
6000 783.96
5927 779.96
5926 775.96
5925 771.96
5924 767.96
5923 763.96
5849 759.96
5774 754.96
5773 750.96
5697 746.96
5617 742.96
5540 737.96
5539 733.96
5453 729.96
6003 232
6084 227
6160 223
6235 219
6310 214
6387 210
6465 206
6546 202
6626 197
6704 193
6780 189
6853 184
6925 180
7001 176
7072 171
7141 167
7206 163
7273 159
7341 154
7410 150
7476 146
7544 141
7616 137
7689 133
7762 129
7836 124
7909 120
7980 116
8043 112
6004 231
6085 226
6161 222
6236 218
6311 213
6388 209
6466 205
6547 201
6627 196
6705 192
6781 188
6854 183
6926 179
7002 175
7073 170
7142 166
7207 162
7274 158
7342 153
7411 149
7477 145
7545 140
7617 136
7690 132
7763 128
7837 123
7910 119
7981 115
8044 111
6033 247.992
6113 243.992
6112 239.992
6189 235.992
6035 254.992
6037 262.992
6036 258.992
6116 254.992
6115 250.992
6027 224
6081 230
6157 226
6232 222
6307 217
6384 213
6462 209
6543 205
6623 200
6701 196
6777 192
6850 187
6922 183
6998 179
7069 174
7138 170
7203 166
7270 162
7338 157
7407 153
7473 149
7541 144
7613 140
7686 136
7759 132
7833 127
7906 123
7977 119
8040 115
6117 258.992
6164 219
6239 215
6155 784.96
6079 779.96
6078 775.96
5997 771.96
5996 767.96
6156 227
6231 223
6306 218
6383 214
6461 210
6542 206
6622 201
6700 197
6776 193
6849 188
6921 184
6997 180
7068 175
7137 171
7202 167
7269 163
7337 158
7406 154
7472 150
7540 145
7612 141
7685 137
7758 133
7832 128
7905 124
7976 120
8039 116
6193 250.992
6192 246.992
6266 242.992
6187 228
6190 239.992
6264 235.992
6263 231.992
6230 784.96
6229 780.96
6153 776.96
6077 771.96
6076 767.96
6075 763.96
5994 759.96
5921 755.96
5847 751.96
5772 746.96
5696 742.96
5616 738.96
6267 246.992
6269 254.992
6346 250.992
6424 246.992
6271 262.992
6348 258.992
6426 254.992
6425 250.992
6270 258.992
6347 254.992
6261 224
6247 208
6324 204
6402 200
6485 196
6568 192
6647 188
6725 184
6315 209
6392 205
6470 201
6551 197
6631 192
6709 188
6785 184
6858 179
6930 175
7006 171
7077 166
7146 162
7211 158
7278 154
7346 149
7415 145
7481 141
6317 207
6394 203
6472 199
6553 195
6633 190
6711 186
6787 182
6860 177
6932 173
7008 169
6316 208
6393 204
6471 200
6552 196
6632 191
6710 187
6786 183
6859 178
6931 174
7007 170
7078 165
7147 161
7212 157
7279 153
6305 222
6382 218
6344 242.992
6351 268.885
6338 220
6341 231.992
6419 227.992
6418 223.992
6500 219.992
6340 227.992
6343 238.992
6421 234.992
6503 230.992
6395 202
6473 198
6554 194
6634 189
6381 222
6380 785.96
6303 780.96
6302 776.96
6227 772.96
6151 768.96
6416 216
6415 212
6414 208
6409 200
6492 196
6575 192
6654 188
6732 184
6411 200
6401 200
6483 196
6566 192
6645 188
6723 184
6798 180
6869 176
6940 172
7016 168
7086 164
7155 160
6459 218
6540 214
6620 209
6621 205
6699 201
6458 222
6539 218
6619 213
6697 209
6773 205
6846 200
6847 196
6919 192
6995 188
7066 183
7135 179
7200 175
7267 171
7335 166
7336 162
6460 214
6541 210
6484 196
6475 196
6556 192
6477 196
6557 192
6636 188
6714 184
6790 180
6862 176
6476 196
6478 196
6558 192
6637 188
6715 184
6791 180
6863 176
6935 172
7011 168
7081 164
7149 160
7214 156
7281 152
7348 148
7417 144
7483 140
7550 136
7622 132
7695 128
7768 124
7841 120
7914 116
6505 238.992
6507 246.992
6589 242.992
6668 238.992
6667 234.992
6745 230.992
6820 226.992
6506 242.992
6508 250.992
6497 208
6579 204
6658 200
6736 196
6735 192
6810 188
6881 184
6880 180
6498 212
6580 208
6659 204
6737 200
6812 196
6883 192
6882 188
6559 192
6638 188
6585 226.992
6587 234.992
6588 238.992
6590 246.992
6583 219.992
6582 215.992
6560 192
6639 188
6717 184
6792 180
6864 176
6936 172
7012 168
7082 164
7151 160
7216 156
7282 152
7349 148
6565 192
6644 188
6618 217
6696 213
6651 188
6729 184
6805 180
6876 176
6947 172
6640 188
6666 230.992
6744 226.992
6743 222.992
6818 218.992
6661 211.992
6739 207.992
6662 215.992
6740 211.992
6716 184
6718 184
6698 205
6774 201
6695 217
6746 234.992
6771 213
6844 208
6845 204
6917 200
6993 196
7064 191
7133 187
7134 183
6770 790.96
6694 786.96
6616 781.96
6536 777.96
6535 773.96
6534 769.96
6452 765.96
6374 761.96
6297 756.96
6296 752.96
6221 748.96
6145 744.96
6069 739.96
6068 735.96
5987 731.96
5986 727.96
5985 723.96
5912 719.96
5911 715.96
5837 711.96
5762 706.96
5686 702.96
5606 698.96
5529 693.96
5443 689.96
5351 685.96
5263 681.96
5180 676.96
5179 672.96
5099 668.96
5017 664.96
4933 659.96
4848 655.96
4761 651.96
6772 209
6775 197
6848 192
6809 184
6811 192
6815 207.992
6814 203.992
6885 199.992
6955 195.992
6793 180
6865 176
6843 212
6819 222.992
6866 176
6937 172
6870 176
6941 172
7018 168
7088 164
7157 160
7222 156
7288 152
7357 148
7426 144
7492 140
7563 136
7637 132
7710 128
7784 124
7857 120
7930 116
8001 112
8063 108
6910 270
6889 214.992
6888 210.992
6893 230.992
6886 203.992
6938 172
7013 168
7083 164
7152 160
6934 172
6920 188
6996 184
7067 179
7136 175
7201 171
6915 208
6991 204
7062 199
7063 195
6914 212
6990 208
7061 203
7130 199
7195 195
7196 191
7197 187
7264 183
7332 178
7333 174
7334 170
6916 204
6918 196
6953 188
6952 184
6951 180
7025 176
7024 172
6956 199.992
7030 195.992
7029 191.992
7100 187.992
6959 210.992
6958 206.992
6950 176
6992 200
6994 192
7065 187
6985 236
7054 231
7123 227
7124 223
7125 219
7190 215
7257 211
7325 206
7326 202
7327 198
7328 194
7329 190
7330 186
7331 182
7400 178
7466 174
7534 169
7535 165
7536 161
7537 157
7609 153
7610 149
7611 145
6984 240
7053 235
6987 228
7056 223
6986 232
7055 227
6989 212
7060 207
6988 224
7057 219
7058 215
7127 211
7192 207
7193 203
7260 199
6977 267
7046 262
7115 258
7180 254
7181 250
7182 246
7183 242
6976 271
7045 266
7114 262
7179 258
6979 259
7048 254
7049 250
7118 246
6978 263
7047 258
6980 255
6983 244
7052 239
6982 248
7051 243
7027 184
7098 180
7168 176
7234 172
7300 168
7369 164
7437 160
7436 156
7502 152
7573 148
7646 144
7718 140
7791 136
7864 132
7863 128
7862 124
7935 120
7026 180
7017 168
7087 164
7156 160
7010 168
7080 164
7059 211
7128 207
7044 270
7097 176
7167 172
7233 168
7299 164
7368 160
7096 172
7095 168
7101 191.992
7103 198.992
7090 164
7159 160
7085 164
7129 203
7131 195
7132 191
7121 235
7186 231
7253 227
7321 222
7322 218
7323 214
7324 210
7393 206
7459 202
7527 197
7599 193
7672 189
7745 185
7819 180
7820 176
7893 172
7894 168
7965 164
7966 160
7967 156
7968 152
8031 148
8091 143
8149 139
8150 135
8208 131
8262 126
8312 122
8313 118
8314 114
8363 110
8413 106
8461 101
8462 97
8463 93
8464 89
8511 85
8556 81
8600 76
8642 72
8682 68
8683 64
7120 239
7185 235
7252 231
7320 226
7389 222
7455 218
7523 213
7524 209
7596 205
7597 201
7598 197
7122 231
7126 215
7191 211
7258 207
7113 266
7178 262
7245 258
7313 253
7382 249
7448 245
7516 240
7588 236
7661 232
7734 228
7808 223
7881 219
7882 215
7883 211
7954 207
7955 203
8018 199
7112 270
7117 250
7116 254
7105 206.992
7175 202.992
7241 198.992
7307 194.992
7306 190.992
7305 186.992
7104 202.992
7174 198.992
7173 194.992
7162 160
7227 156
7294 152
7363 148
7432 144
7165 164
7231 160
7297 156
7366 152
7166 168
7232 164
7298 160
7367 156
7435 152
7501 148
7572 144
7645 140
7644 136
7716 132
7150 160
7194 199
7199 179
7198 183
7265 179
7187 227
7254 223
7189 219
7188 223
7255 219
7177 266
7176 206.992
7171 187.992
7237 183.992
7236 179.992
7302 175.992
7170 183.992
7228 156
7219 156
7221 156
7223 156
7289 152
7358 148
7215 156
7256 215
7259 203
7261 195
7263 187
7262 191
7249 242
7317 237
7318 233
7387 229
7248 246
7316 241
7250 238
7240 194.992
7243 266
7311 261
7380 257
7381 253
7242 202.992
7244 262
7312 257
7247 250
7315 245
7290 152
7359 148
7428 144
7494 140
7565 136
7638 132
7711 128
7785 124
7858 120
7932 116
8003 112
7292 152
7361 148
7285 152
7352 148
7287 152
7356 148
7266 175
7268 167
7310 265
7379 261
7303 179.992
7372 175.992
7440 171.992
7439 167.992
7505 163.992
7353 148
7376 190.992
7375 186.992
7443 182.992
7442 178.992
7371 171.992
7419 144
7421 144
7423 144
7401 174
7467 170
7403 166
7469 162
7402 170
7468 166
7405 158
7404 162
7470 158
7538 153
7539 149
7395 198
7461 194
7529 189
7530 185
7531 181
7603 177
7604 173
7605 169
7606 165
7607 161
7608 157
7394 202
7397 190
7463 186
7396 194
7462 190
7399 182
7465 178
7533 173
7398 186
7434 148
7425 144
7427 144
7493 140
7564 136
7431 144
7485 140
7552 136
7487 140
7554 136
7464 182
7532 177
7471 154
7513 252
7585 248
7658 244
7659 240
7732 236
7806 231
7807 227
7517 236
7518 232
7590 228
7663 224
7736 220
7810 215
7811 211
7812 207
7885 203
7886 199
7957 195
8020 191
7506 167.992
7577 163.992
7650 159.992
7649 155.992
7721 151.992
7509 178.992
7580 174.992
7579 170.992
7652 166.992
7498 140
7569 136
7503 156
7490 140
7561 136
7495 140
7566 136
7639 132
7582 260
7655 256
7656 252
7729 248
7803 243
7804 239
7805 235
7574 152
7557 136
7628 132
7556 136
7559 136
7633 132
7558 136
7629 132
7702 128
7775 124
7848 120
7920 116
7991 112
8053 108
7592 220
7593 216
7666 212
7641 132
7647 148
7635 132
7707 128
7624 132
7626 132
7631 132
7704 128
7777 124
7850 120
7923 116
7993 112
8056 108
7630 132
7677 169
7750 165
7824 160
7897 156
7679 161
7752 157
7826 152
7899 148
7900 144
7971 140
8034 136
8094 131
8095 127
8153 123
7678 165
7654 174.992
7653 170.992
7708 128
7782 124
7855 120
7928 116
7697 128
7699 128
7701 128
7773 124
7846 120
7918 116
7989 112
8052 108
7703 128
7776 124
7849 120
7921 116
7681 153
7754 149
7828 144
7901 140
7972 136
8035 132
7680 157
7753 153
7827 148
7683 145
7756 141
7830 136
7831 132
7682 149
7684 141
7712 128
7714 128
7787 124
7860 120
7717 136
7719 144
7770 124
7843 120
7774 124
7847 120
7755 145
7829 140
7757 137
7751 161
7825 156
7792 140
7789 128
7790 132
7779 125
7778 124
7851 120
7924 116
7995 112
8058 108
7781 124
7854 120
7865 136
7938 132
8008 128
8070 124
8129 120
7871 159.247
10012 157.4
7852 120
7925 116
7996 112
7903 132
7974 128
8037 124
7902 136
7973 132
8036 128
7931 116
7922 116
7926 116
7916 116
7986 112
7919 116
7904 128
7937 128
8007 124
8006 120
8068 116
7936 124
7941 143.992
7940 139.992
8010 135.992
7992 112
8054 108
7994 112
8057 108
7998 112
7988 112
8051 108
7990 112
7975 124
8013 150.967
8012 146.967
10139 142.625
8074 140.002
10121 135.506
8133 133.992
8190 129.992
8247 125.992
8299 119.992
8000 112
8002 112
8064 108
8123 104
8005 116
8059 108
8061 108
8120 104
8048 108
8050 108
8055 108
8038 120
8065 108
8067 112
8069 120
