 key  value
8122 685.968
8063 681.968
8001 677.968
8002 673.968
8003 669.968
8004 665.968
8005 661.968
8006 657.968
8007 653.968
8008 649.968
8009 645.968
8010 641.968
8011 637.968
7942 630.968
7869 626.968
7796 622.968
7797 618.968
7724 614.968
7725 610.968
7653 606.968
7580 602.968
7509 598.968
7443 594.968
7375 590.968
7306 586.968
7240 582.968
7174 578.968
7104 574.968
7033 570.968
6959 566.968
6889 562.968
6818 558.968
6743 554.968
6665 550.968
6586 546.968
6504 542.968
6422 538.968
6344 534.968
6267 530.968
6193 526.968
6116 522.968
6036 518.968
5956 514.968
5883 510.968
5809 506.968
5734 502.968
5655 498.968
5579 494.968
5494 490.968
5404 486.968
5313 482.968
5226 478.968
5147 474.968
5066 470.968
4983 466.968
4899 462.968
4814 458.968
4727 451.968
4728 447.968
4729 443.968
9898 439.451
4643 434
4557 430
4470 426
4380 422
4289 418
4196 414
4105 410
4016 406
3928 402
3839 398
3750 394
3665 390
3582 386
3497 382
3409 378
3319 374
3225 370
3133 366
3043 362
2940 358
2941 354
2942 350
2943 346
2944 342
2945 338
2946 334
2947 330
2948 326
2949 322
3045 315
3137 311
3138 307
3229 302
3323 295
3324 291
3325 287
3326 283
3327 279
3328 275
3329 271
3330 267
3331 263
3415 259
3501 254
3587 250
3671 246
3759 241
3847 237
3936 233
4026 229
4116 224
4117 220
4118 216
4211 212
4303 208
4395 203
4484 199
4485 195
4572 191
4658 187
4747 182
4748 178
4835 174
4836 170
4837 166
4922 162
5006 157
5007 153
5089 149
5169 145
5252 140
5253 136
5254 132
5255 128
5256 124
5257 120
5258 116
5259 112
5260 108
5261 104
5262 100
5263 96
5264 92
5265 88
5266 84
5267 80
5268 76
5269 72
5270 68
5271 64
5272 60
5273 56
5274 52
5275 48
5276 44
5277 40
5278 36
5279 32
5280 28
5281 24
5282 20
5283 16
5284 12
5285 8
5286 4
8125 673.968
8066 669.968
8124 677.968
8127 665.968
8128 661.968
8129 657.968
8070 653.968
8126 669.968
8113 721.968
8114 717.968
8115 713.968
8116 709.968
8117 705.968
8118 701.968
8059 697.968
7997 693.968
7998 689.968
7999 685.968
8000 681.968
8112 725.968
8053 721.968
8054 717.968
7992 713.968
7993 709.968
7994 705.968
7995 701.968
7996 697.968
8119 697.968
8120 693.968
8121 689.968
8105 753.968
8046 749.968
8047 745.968
7985 741.968
7986 737.968
7987 733.968
7988 729.968
7989 725.968
7990 721.968
7991 717.968
8104 757.968
8045 753.968
8107 745.968
8048 741.968
8049 737.968
8106 749.968
8109 737.968
8050 733.968
8108 741.968
8111 729.968
8052 725.968
8110 733.968
8097 785.968
8038 781.968
8039 777.968
7977 773.968
7978 769.968
7979 765.968
7980 761.968
7981 757.968
7982 753.968
7983 749.968
7984 745.968
8096 789.968
8037 785.968
8099 777.968
8100 773.968
8041 769.968
8098 781.968
8101 769.968
8042 765.968
8043 761.968
8044 757.968
8103 761.968
8102 765.968
8155 785.968
8156 781.968
8157 777.968
8159 769.968
8160 765.968
8161 761.968
8158 773.968
8136 861.968
8137 857.968
8080 853.968
8021 849.968
7959 845.968
7960 841.968
7961 837.968
7962 833.968
7963 829.968
7964 825.968
7965 821.968
7966 817.968
7967 813.968
7968 809.968
7969 805.968
7970 801.968
7971 797.968
7972 793.968
7973 789.968
7974 785.968
7975 781.968
7976 777.968
8185 665.968
8184 669.968
8177 697.968
8176 701.968
8179 689.968
8178 693.968
8181 681.968
8182 677.968
8180 685.968
8183 673.968
8169 729.968
8170 725.968
8171 721.968
8168 733.968
8173 713.968
8172 717.968
8175 705.968
8174 709.968
8163 753.968
8164 749.968
8162 757.968
8165 745.968
8166 741.968
8167 737.968
8217 769.968
8218 765.968
8216 773.968
8219 761.968
8221 753.968
8220 757.968
8223 745.968
8224 741.968
8222 749.968
8215 777.968
8214 781.968
8241 673.968
8242 669.968
8240 677.968
8233 705.968
8234 701.968
8232 709.968
8235 697.968
8236 693.968
8237 689.968
8238 685.968
8239 681.968
8225 737.968
8226 733.968
8227 729.968
8228 725.968
8229 721.968
8230 717.968
8231 713.968
8281 729.968
8280 733.968
8283 721.968
8282 725.968
8285 713.968
8284 717.968
8287 705.968
8286 709.968
8273 761.968
8272 765.968
8275 753.968
8274 757.968
8277 745.968
8276 749.968
8279 737.968
8278 741.968
91 494
92 490
113 486
128 481
146 477
175 473
213 469
259 464
310 460
366 456
428 451
492 447
563 443
635 438
705 434
782 430
867 425
945 421
1017 417
1087 413
1160 408
1244 404
1328 400
1419 395
1516 391
1610 387
1708 382
1799 378
1882 374
1971 369
2062 365
2152 361
2238 357
2326 352
2412 348
2497 344
2583 339
2670 335
2759 331
2848 326
8269 777.968
93 486
94 482
115 478
116 474
117 470
118 466
135 454
154 447
183 443
221 439
267 434
318 430
374 426
436 421
500 417
571 413
643 408
713 404
790 400
875 395
876 391
954 387
955 383
956 379
957 375
1029 371
1030 367
1031 363
1101 359
1174 354
1258 350
1342 346
1433 341
1530 337
1531 333
1532 329
1533 325
1627 321
1725 316
1816 312
1899 308
1988 303
2079 299
2080 295
2170 291
2256 287
2344 282
2345 278
2346 274
2347 270
2433 266
2434 262
2519 258
2605 253
2606 249
2607 245
2608 241
2609 237
2610 233
2611 229
2612 225
2613 221
2614 217
2615 213
2616 209
2699 205
2785 201
2874 196
2875 192
2976 188
3071 184
3072 180
3073 176
3074 172
3168 168
3262 163
3263 159
3264 155
3265 151
3266 147
3267 143
3361 139
3446 135
3532 130
3533 126
3619 122
3703 118
3791 113
3792 109
3880 105
3881 101
3970 97
4060 93
4150 88
4243 84
4335 80
4427 75
4428 71
4429 67
4518 63
4605 59
4691 55
4780 50
4867 46
4868 42
4953 38
5037 33
5119 29
5120 25
5200 21
8268 781.968
8271 769.968
8270 773.968
8319 777.968
8320 773.968
8321 769.968
8322 765.968
8323 761.968
8324 757.968
8318 781.968
8298 661.968
8245 657.968
8188 653.968
8189 649.968
8132 645.968
8073 641.968
125 493
126 489
127 485
145 481
174 477
212 473
258 468
8289 697.968
8288 701.968
112 490
8291 689.968
8292 685.968
8293 681.968
8294 677.968
8295 673.968
8290 693.968
114 482
8344 677.968
8349 663.802
9963 661.837
8299 657.968
8246 653.968
110 498
8337 705.968
8338 701.968
8336 709.968
8339 697.968
8340 693.968
8341 689.968
8342 685.968
8343 681.968
8329 737.968
8330 733.968
8331 729.968
8328 741.968
8333 721.968
8334 717.968
8335 713.968
8332 725.968
144 485
173 481
147 474
176 470
177 466
215 462
261 457
312 453
368 449
430 444
494 440
565 436
637 431
707 427
784 423
869 418
947 414
1019 410
1089 406
1162 401
1246 397
1330 393
1421 388
1518 384
1612 380
1710 375
1801 371
1884 367
1973 362
2064 358
2154 354
2240 350
2328 345
2414 341
2499 337
2585 332
2672 328
2761 324
2850 319
2951 315
3046 311
8325 753.968
8326 749.968
8327 745.968
149 467
178 463
216 459
262 454
313 450
369 446
431 441
432 437
433 433
497 429
568 425
640 420
641 416
642 412
148 470
150 463
179 459
217 455
263 450
314 446
370 442
8377 741.968
8378 737.968
8379 733.968
8380 729.968
8376 745.968
8381 725.968
8383 717.968
8384 713.968
143 489
172 485
210 481
256 476
307 472
363 468
425 463
426 459
490 455
491 451
562 447
634 442
704 438
8382 721.968
8369 773.968
129 478
8368 777.968
8371 765.968
131 470
132 466
133 462
134 458
8370 769.968
130 474
8373 757.968
8372 761.968
8375 749.968
8374 753.968
181 451
182 447
180 455
8393 677.968
8394 673.968
8395 669.968
8347 665.968
8348 661.968
219 447
265 442
316 438
317 434
373 430
435 425
218 451
264 446
315 442
8385 709.968
8386 705.968
209 485
255 480
8387 701.968
8388 697.968
8389 693.968
8390 689.968
211 477
257 472
8391 685.968
214 466
260 461
8441 685.968
8392 681.968
8440 689.968
8433 717.968
8432 721.968
8435 709.968
8434 713.968
8437 701.968
8438 697.968
8436 705.968
8439 693.968
8425 749.968
8426 745.968
8427 741.968
8428 737.968
8429 733.968
8430 729.968
8431 725.968
8424 753.968
254 484
8419 773.968
8420 769.968
8421 765.968
8422 761.968
8418 777.968
8423 757.968
8473 749.968
8472 753.968
8475 741.968
8474 745.968
8477 733.968
8476 737.968
8479 725.968
8480 721.968
8478 729.968
8467 773.968
8466 777.968
8469 765.968
8470 761.968
8471 757.968
8468 769.968
266 438
8499 833.968
8453 829.968
8454 825.968
8407 821.968
8408 817.968
8409 813.968
8410 809.968
8411 805.968
8412 801.968
8363 797.968
8364 793.968
8365 789.968
8366 785.968
8500 829.968
319 429
375 425
437 420
501 416
572 412
8481 717.968
305 480
361 476
423 471
487 467
558 463
630 458
700 454
701 450
702 446
703 442
8483 709.968
8484 705.968
8482 713.968
306 476
362 472
424 467
488 463
559 459
631 454
8485 701.968
309 464
308 468
8487 693.968
8488 689.968
311 457
367 453
429 448
493 444
8486 697.968
299 523
355 519
416 514
478 510
479 506
480 502
550 495
622 490
623 486
624 482
625 478
626 474
627 470
628 466
698 462
699 458
8529 713.968
8530 709.968
8528 717.968
8531 705.968
8532 701.968
8533 697.968
8534 693.968
8535 689.968
8536 685.968
8537 681.968
8491 677.968
8444 673.968
8521 745.968
8520 749.968
8523 737.968
8522 741.968
8525 729.968
8526 725.968
8524 733.968
8527 721.968
8515 769.968
8514 773.968
8517 761.968
8516 765.968
8519 753.968
8518 757.968
8569 733.968
8570 729.968
8568 737.968
8571 725.968
8573 717.968
8574 713.968
8575 709.968
8576 705.968
8577 701.968
8572 721.968
8561 765.968
8560 769.968
8563 757.968
8564 753.968
8565 749.968
8566 745.968
8567 741.968
8562 761.968
371 438
372 434
434 429
360 480
422 475
486 471
557 467
629 462
8605 765.968
8606 761.968
8607 757.968
8608 753.968
8609 749.968
8610 745.968
365 460
427 455
8604 769.968
364 464
353 527
414 522
476 518
477 514
8589 829.968
8590 825.968
8547 821.968
8548 817.968
8549 813.968
8505 809.968
8459 805.968
413 526
475 522
8588 833.968
8545 829.968
8546 825.968
8502 821.968
8503 817.968
8504 813.968
412 530
8632 825.968
8633 821.968
8634 817.968
8635 813.968
8594 809.968
8551 805.968
8552 801.968
8553 797.968
8554 793.968
8510 789.968
8464 785.968
8417 781.968
8631 829.968
8630 833.968
8617 717.968
8618 713.968
8619 709.968
8620 705.968
8621 701.968
8578 697.968
8616 721.968
8611 741.968
8613 733.968
8612 737.968
8615 725.968
8614 729.968
8671 829.968
8672 825.968
8673 821.968
8674 817.968
8675 813.968
8636 809.968
8595 805.968
8670 833.968
8657 725.968
8658 721.968
8659 717.968
8660 713.968
8661 709.968
8656 729.968
421 479
420 483
484 479
485 475
556 471
8649 757.968
473 530
474 526
8648 761.968
8651 749.968
8650 753.968
8653 741.968
8654 737.968
8652 745.968
8655 733.968
469 546
470 542
471 538
472 534
8647 765.968
8646 769.968
8697 725.968
8698 721.968
8696 729.968
8699 717.968
8700 713.968
8701 709.968
8662 705.968
8689 757.968
8691 749.968
8692 745.968
8693 741.968
8694 737.968
8695 733.968
8690 753.968
8686 769.968
8687 765.968
496 433
499 421
498 425
569 421
8729 753.968
489 459
560 455
632 450
633 446
8728 757.968
8731 745.968
8730 749.968
8733 737.968
8732 741.968
8735 729.968
495 437
566 433
638 428
708 424
785 420
870 415
871 411
872 407
873 403
874 399
8734 733.968
483 483
8726 765.968
8688 761.968
537 547
609 542
610 538
611 534
612 530
613 526
614 522
615 518
616 514
617 510
618 506
619 502
620 498
621 494
539 539
538 543
541 531
540 535
543 523
542 527
8711 825.968
8710 829.968
8763 765.968
8727 761.968
8765 757.968
8764 761.968
8767 749.968
8768 745.968
8766 753.968
8747 829.968
8746 833.968
570 417
8748 825.968
8712 821.968
8737 721.968
8738 717.968
8736 725.968
8739 713.968
564 440
636 435
706 431
553 483
552 487
555 475
554 479
545 515
544 519
8787 829.968
547 507
8786 833.968
546 511
8788 825.968
8789 821.968
8750 817.968
8714 813.968
8715 809.968
8716 805.968
8717 801.968
8679 797.968
8640 793.968
8641 789.968
8600 785.968
8557 781.968
8558 777.968
8559 773.968
551 491
8776 713.968
8740 709.968
8702 705.968
8663 701.968
8622 697.968
8579 693.968
605 558
606 554
607 550
608 546
8780 712.331
9950 706.669
8704 701.968
8665 697.968
8623 693.968
8580 689.968
8769 741.968
8771 733.968
8770 737.968
8773 725.968
8772 729.968
8775 717.968
8774 721.968
8827 829.968
8828 825.968
8816 713.968
8777 709.968
8741 705.968
8703 701.968
8664 697.968
8809 741.968
8808 745.968
8811 733.968
8810 737.968
8813 725.968
8814 721.968
8815 717.968
8812 729.968
8801 773.968
8762 769.968
8800 777.968
8761 773.968
8725 769.968
8803 765.968
8805 757.968
8804 761.968
8807 749.968
8806 753.968
8849 741.968
8850 737.968
8851 733.968
8852 729.968
8853 725.968
8848 745.968
8854 721.968
8841 773.968
8842 769.968
8843 765.968
8844 761.968
8845 757.968
8846 753.968
8847 749.968
8890 721.96
9969 718.03
8881 757.96
8882 753.96
8883 749.96
8884 745.96
8885 741.96
8886 737.96
8887 733.96
8888 729.96
8889 725.96
8880 761.96
8877 773.96
8878 769.96
8879 765.96
689 505
690 501
691 497
692 493
693 489
694 485
695 481
696 477
697 473
688 509
681 537
682 533
683 529
684 525
685 521
686 517
687 513
8920 741.96
8921 737.96
680 541
8913 769.96
8914 765.96
8912 773.96
8915 761.96
8916 757.96
8917 753.96
8918 749.96
675 561
676 557
677 553
678 549
679 545
8919 745.96
8911 777.96
8910 781.96
8953 745.96
8954 741.96
8955 737.96
8956 733.96
8957 729.96
8924 725.96
8952 749.96
712 408
789 404
8945 777.96
8946 773.96
8947 769.96
8944 781.96
8949 761.96
709 420
786 416
8948 765.96
8951 753.96
711 412
788 408
8950 757.96
710 416
761 536
762 532
763 528
764 524
765 520
766 516
767 512
768 508
769 504
770 500
771 496
772 492
773 488
774 484
760 540
753 568
754 564
755 560
756 556
757 552
758 548
759 544
8985 749.96
8986 745.96
8984 753.96
8977 781.96
8976 785.96
8979 773.96
8978 777.96
8981 765.96
8980 769.96
8983 757.96
8982 761.96
8975 789.96
8974 793.96
8942 789.96
8909 785.96
787 412
9017 749.96
9018 745.96
8987 741.96
8988 737.96
9016 753.96
9009 781.96
9008 785.96
9011 773.96
9012 769.96
9010 777.96
9013 765.96
9014 761.96
9015 757.96
9005 797.96
9006 793.96
9007 789.96
8997 829.96
8966 825.96
8967 821.96
8968 817.96
8936 813.96
8903 809.96
8869 805.96
8870 801.96
8871 797.96
8872 793.96
8873 789.96
8874 785.96
8875 781.96
8876 777.96
8998 825.96
9041 777.96
9042 773.96
9040 781.96
9043 769.96
9044 765.96
9045 761.96
9046 757.96
9047 753.96
9048 749.96
856 502
857 498
858 494
859 490
9037 793.96
9038 789.96
9036 797.96
9039 785.96
849 534
850 530
848 538
851 522
852 518
853 514
854 510
855 506
9029 825.96
9030 821.96
9031 817.96
9001 813.96
8970 809.96
8971 805.96
8939 801.96
8940 797.96
8907 793.96
9028 829.96
841 566
842 562
843 558
844 554
845 550
846 546
847 542
840 570
9073 765.96
9072 769.96
9075 757.96
9076 753.96
835 590
836 586
837 582
838 578
839 574
9074 761.96
9065 797.96
9066 793.96
9064 801.96
9067 789.96
9068 785.96
9069 781.96
9070 777.96
9071 773.96
9059 821.96
9058 825.96
9063 805.96
9113 829.96
9087 825.96
9117 813.96
9118 809.96
9092 805.96
9093 801.96
9094 797.96
9119 805.96
9104 757.96
9097 785.96
9098 781.96
921 586
9096 789.96
920 590
9099 777.96
9100 773.96
923 578
922 582
9101 769.96
9102 765.96
9103 761.96
924 574
927 562
926 566
9091 809.96
9095 793.96
9145 813.96
9144 817.96
9147 805.96
9148 801.96
9149 797.96
9150 793.96
9123 789.96
9146 809.96
9151 789.96
9152 785.96
9125 781.96
9126 777.96
9141 829.96
9142 825.96
9143 821.96
9128 769.96
952 395
1024 391
1094 387
1167 382
1168 378
1252 374
1336 370
1427 365
1524 361
1525 357
1619 353
1717 348
1718 344
1719 340
1810 336
1893 332
1982 327
1983 323
1984 319
1985 315
1986 311
1987 307
2078 303
9130 761.96
9133 753.96
9107 749.96
9079 745.96
9051 741.96
9020 737.96
8989 733.96
9121 797.96
9120 801.96
944 425
9122 793.96
946 418
1018 414
949 407
1021 403
1091 399
1164 394
1248 390
1249 386
1250 382
1334 378
1425 373
1426 369
1523 365
9124 785.96
9127 773.96
951 399
1023 395
1093 391
1166 386
950 403
1022 399
9177 789.96
9178 785.96
9179 781.96
9180 777.96
9181 773.96
9182 769.96
9183 765.96
9158 761.96
9159 757.96
9132 753.96
9106 749.96
9078 745.96
9050 741.96
9176 793.96
937 517
938 513
939 509
940 505
936 521
9169 821.96
929 554
930 550
928 558
9171 813.96
9172 809.96
9173 805.96
9174 801.96
9175 797.96
931 546
932 542
9170 817.96
933 538
934 534
935 522.127
1010 518.127
1080 514.127
1153 509.127
1236 505.127
1319 501.127
1406 496.127
1502 489.127
1596 485.127
1690 480.127
1691 476.127
1692 472.127
1693 468.127
1694 464.127
1695 460.127
1696 456.127
1697 452.127
1698 448.127
1699 444.127
1700 440.127
1604 436.232
1605 432.232
1414 415
1511 411
1512 407
1606 403
1704 398
1705 394
1706 390
1707 386
1798 382
1881 378
1970 373
2061 369
2151 365
9153 781.96
9155 773.96
9154 777.96
9201 793.96
9200 797.96
9203 785.96
9202 789.96
9205 777.96
9204 781.96
9206 773.96
9207 769.96
9193 825.96
9195 817.96
9197 809.96
9196 813.96
9199 801.96
9198 805.96
1009 538
1008 542
1011 517.127
1081 513.127
1015 425
1016 421
1086 417
1159 412
1243 408
1327 404
1418 399
1014 429
1084 425
1157 420
1241 416
1325 412
1416 407
1417 403
9241 813.96
9242 809.96
9221 805.96
1001 589
1000 593
9243 805.96
9222 801.96
1003 569
1004 565
1005 561
1006 557
9245 797.96
9246 793.96
9247 789.96
9248 785.96
9227 781.96
9244 801.96
1007 546
9225 789.96
9224 793.96
9226 785.96
9228 777.96
9229 773.96
9219 813.96
9220 809.96
9223 797.96
1037 323
1104 319
1181 314
1265 310
1266 306
1267 302
1354 298
1445 293
1446 289
1543 285
1637 281
1735 276
1736 272
1737 268
1738 264
1829 260
1912 256
2001 251
2092 247
2093 243
2183 239
2269 235
2357 230
2358 226
2359 222
2445 218
2530 214
1027 379
1097 375
1170 370
1171 366
1172 362
1173 358
1257 354
1341 350
1432 345
1529 341
1026 383
1028 375
9249 781.96
9250 777.96
9251 773.96
9230 769.96
9208 765.96
9184 761.96
1073 573
1075 565
1074 569
1077 546
1076 561
1078 546
1096 379
1169 374
1099 367
1102 358
1088 410
1161 405
1245 401
1090 403
1163 398
1095 383
1145 562.127
1229 558.127
1230 554.127
1231 550.127
1232 546.127
1233 542.127
1316 538.127
1496 530.127
1590 526.127
1684 521.127
1778 517.127
1949 509.127
1866 503.127
1780 499.127
1781 495.127
1782 491.127
1783 487.127
1784 483.127
1785 479.127
1786 475.127
1787 471.127
1788 467.127
1789 463.127
1790 459.127
1791 455.127
1792 451.127
1793 447.127
1144 567
1146 556
1147 552
1143 571
1142 575
1183 306
1182 310
1165 390
1152 513.127
1235 509.127
1156 424
1240 420
1158 416
1242 412
1326 408
9421 2310.92
9422 2212.92
9423 2114.92
9424 2016.92
9442 1841.92
9443 1742.92
9461 1607.92
9477 1501.92
9494 1394.92
9512 1262.92
9531 1155.92
9551 1048.92
6006 859.924
6087 854.924
6163 850.924
6238 846.924
6313 841.924
6314 837.924
6315 833.924
6316 829.924
6317 825.924
6395 818.924
6474 811.924
6555 807.924
6635 802.924
6713 798.924
6789 794.924
6862 789.924
6934 785.924
6935 781.924
6936 777.924
7012 773.924
7083 768.924
7152 764.924
7217 760.924
7284 756.924
7352 751.924
7421 747.924
7487 743.924
9982 739.983
7556 734.968
7557 730.968
7558 726.968
7631 719.968
7704 715.968
7777 711.968
7851 706.968
7852 702.968
7925 698.968
7926 694.968
7927 690.968
7928 686.968
7929 682.968
7856 678.968
7783 674.968
7710 670.968
7711 666.968
7639 662.968
7566 658.968
7567 654.968
7568 650.968
7569 646.968
7498 642.968
7499 638.968
7500 634.968
7501 630.968
7435 626.968
7367 622.968
7298 618.968
7299 614.968
7300 610.968
7234 606.968
7235 602.968
7169 598.968
7170 594.968
7100 590.968
7029 586.968
6955 582.968
6885 578.968
6886 574.968
6887 570.968
6816 566.968
6817 562.968
6742 558.968
9420 2408.92
1247 394
1234 513.127
1225 575
1226 571
1224 579
1227 566.127
1228 562.127
1221 626
1220 622
1305 618
1392 614
1484 610
1485 606
1486 602
1393 595
1306 589
1223 582
9462 1571.42
9939 1481.01
9478 1463.1
9942 1374.22
9495 1355.92
1222 630
1264 314
1269 294
1356 290
1447 285
1448 281
1449 277
1546 273
1547 269
1548 265
1642 261
1740 256
1741 252
1832 248
1915 244
2004 239
2095 235
2185 231
2271 227
1256 358
1259 334
1346 330
1437 325
1534 321
1535 317
1629 313
1727 308
1728 304
1729 300
1820 296
1903 292
1992 287
2083 283
2084 279
2174 275
2260 271
2348 266
1251 378
9493 1449.92
9511 1316.92
9530 1210.92
9550 1104.92
9572 975.924
5928 878.924
1253 370
1337 366
1428 361
1255 362
1254 366
1304 619
1307 586
1309 578.127
1310 574.127
1311 570.127
1308 582.127
9529 1309.92
9528 1408.92
9532 1151.92
9525 2297.16
9544 2195.16
9563 2102.16
9586 2000.17
9607 1898.17
9629 1806.17
9630 1709.17
9631 1612.17
9984 1560.57
9609 1480.97
9610 1380.97
9611 1280.97
9612 1180.97
9613 1080.97
9614 980.968
7873 914.968
7800 910.968
7801 906.968
7802 902.968
7875 898.968
7876 894.968
7877 890.968
7878 886.968
7879 882.968
7880 878.968
7881 874.968
7882 870.968
7883 866.968
7884 862.968
7885 858.968
7886 854.968
7887 850.968
7888 846.968
7889 842.968
7890 838.968
7891 834.968
7892 830.968
7893 826.968
7894 822.968
7895 818.968
7896 814.968
7897 810.968
7898 806.968
7899 802.968
7900 798.968
7901 794.968
7902 790.968
7903 786.968
7904 782.968
7905 778.968
7906 774.968
7907 770.968
7908 766.968
7909 762.968
7910 758.968
7911 754.968
7912 750.968
7913 746.968
7914 742.968
7915 738.968
7916 734.968
7917 730.968
7918 726.968
7919 722.968
7920 718.968
7921 714.968
7922 710.968
7923 706.968
7924 702.968
9524 2392.16
9543 2290.16
9562 2197.16
9585 2096.16
9606 1995.17
9628 1903.17
9527 1507.92
9513 1258.92
1339 358
1430 353
1431 349
1338 362
1429 357
1340 354
1343 342
1434 337
1329 397
1420 392
1517 388
9506 2493.16
9509 1512.92
9510 1414.92
1332 386
1423 381
1424 377
1521 373
1615 369
1713 364
1714 360
1715 356
1806 352
1807 348
1890 344
1979 339
1980 335
1981 331
2072 327
2073 323
2074 319
2164 315
2250 311
2338 306
2424 302
2425 298
2510 294
2596 289
2683 285
2772 281
2861 276
2862 272
2863 268
2864 264
2965 260
2966 256
2967 252
3062 248
3063 244
3155 240
3246 235
3339 231
3423 227
3509 222
3595 218
3679 214
3767 209
3768 205
3856 201
3945 197
3946 193
4036 189
4126 184
4127 180
4220 176
4312 172
4404 167
4405 163
4494 159
4581 155
4667 151
4756 146
4757 142
4844 138
4929 134
5013 129
5014 125
5015 121
5097 117
5177 113
1335 374
9567 1465.92
9568 1367.92
9569 1269.92
9570 1171.92
9571 1073.92
9566 1563.92
1312 566.127
1317 509.127
1404 504.127
1405 500.127
1318 505.127
9547 1403.92
9546 1502.92
9549 1204.92
9548 1303.92
9593 972.924
6911 920.924
6912 916.924
6913 912.924
6982 901.924
7051 896.924
7120 892.924
7121 888.924
7122 884.924
7187 880.924
7254 876.924
7322 871.924
7391 867.924
7457 863.924
7458 859.924
7459 855.924
7460 851.924
7461 847.924
7462 843.924
7463 839.924
7464 835.924
7465 831.924
7466 827.924
7467 823.924
7468 819.924
7469 815.924
7470 811.924
7471 807.924
7472 803.924
7473 799.924
7474 795.924
7475 791.924
7476 787.924
7477 783.924
7478 779.924
7479 775.924
7480 771.924
7481 767.924
7482 763.924
7483 759.924
7484 755.924
7485 751.924
7486 747.924
9592 1071.92
9595 174
9594 75
1352 306
1443 301
1540 297
1541 293
1635 289
1733 284
1734 280
1825 276
1826 272
1909 268
1998 263
1999 259
2000 255
1355 294
1357 286
1359 278
1450 273
1358 282
1345 334
1436 329
1347 326
1438 321
9589 1368.92
9590 1269.92
9591 1170.92
9588 1467.92
1349 318
1440 313
1441 309
1538 305
1539 301
1348 322
1439 317
1350 314
1401 561.127
1314 557.127
1315 553.127
1400 565.127
1403 533.127
1497 529.127
1591 525.127
1402 557.127
1395 590
1394 593
9573 500.004
4102 496.004
4287 488.004
4378 483.004
4468 476.004
4556 472.004
4726 460.004
9909 455.892
1397 582.127
1396 586.127
1399 569.127
9574 134
4262 47
4444 39
5126 8
1398 576.127
1391 618
9617 184
9616 148
6770 74
6155 43
6000 35
5374 4
1435 333
9657 1222.97
9636 1119.97
9656 1319.97
9635 1216.97
9658 1320.97
9661 349.756
9638 241.756
10125 227.172
9660 343.859
10127 250.052
9655 1417.97
9634 1313.97
1415 411
9654 1514.97
9633 1410.97
9639 263
9681 446.756
9680 1327.97
9682 457.756
1499 501.127
1593 497.127
1687 492.127
1688 488.127
1689 484.127
1498 505.127
1592 501.127
1686 496.127
9677 1592.44
10128 1493.03
1500 497.127
1594 493.127
9679 1325.97
9678 1422.97
1491 584.127
1492 580.127
1490 590.127
1493 575.127
1494 571.127
1495 534.127
9721 1520.97
9700 1416.97
9720 1518.97
1483 614
1482 626
1579 622
1580 618
1581 614
1487 599
1528 345
9699 1513.97
9701 1418.97
1527 349
1621 345
1526 353
1513 403
1607 399
1515 395
1609 391
1514 399
9742 1698.97
9741 1599.97
1553 245
1554 241
1648 237
1746 232
1837 228
1838 224
1921 220
2010 215
2101 211
2191 207
2277 203
2365 198
2451 194
2536 190
2622 185
2705 181
2791 177
2880 172
2881 168
2882 164
2983 160
3078 156
3172 152
1552 249
1555 237
1556 233
1650 229
1748 224
1749 220
1840 216
1841 212
1924 208
2013 203
2104 199
2105 195
2106 191
2196 187
2282 183
2370 178
2371 174
2372 170
2458 166
2543 162
2629 157
2712 153
2713 149
2714 145
2715 141
2801 137
2890 132
2891 128
2992 124
3087 120
3181 116
3275 111
3276 107
3277 103
3371 99
3372 95
3457 91
3543 86
3629 82
3713 78
3801 73
3889 69
3978 65
4068 61
4158 56
4251 52
4343 48
4435 43
4524 39
4611 35
4697 31
4786 26
4873 22
4958 18
5042 13
5124 9
5204 5
1545 277
1544 281
1638 277
1549 261
1643 257
1551 253
1645 249
1743 244
1744 240
1745 236
1550 257
1537 309
1536 313
9782 1926.97
9781 1829.97
9761 1703.97
1542 289
1636 285
1585 600.723
1586 596.723
1587 592.723
1588 588.723
9901 587.737
1584 603
9762 1803.97
1589 530.127
9819 1995.97
9799 1892.97
9779 1791.97
9760 1701.97
9818 1994.97
9821 2001.97
9801 1897.97
9780 1793.97
9820 1998.97
9800 1894.97
9823 1205.08
9804 1108.08
9784 1011.08
9763 898.623
9744 801.623
9723 704.623
10126 610.889
9702 525.859
1583 606
9822 2037.97
9802 1933.97
1582 610
1625 329
1723 324
1814 320
1815 316
1898 312
1624 333
1722 328
1626 325
1724 320
1628 317
1726 312
1817 308
1900 304
1989 299
1630 309
1618 357
1716 352
1620 349
1623 337
1721 332
9798 1915.97
9778 1813.97
9759 1723.97
9740 1621.97
1622 341
1720 336
1811 332
1812 328
1813 324
1896 320
1608 395
1611 384
1709 379
1613 377
1711 372
1802 368
1885 364
1974 359
2065 355
2155 351
2241 347
2329 342
2330 338
2416 334
2417 330
2418 326
2419 322
2504 318
2590 313
2591 309
2678 305
2679 301
2680 297
2769 293
2858 288
2959 284
3054 280
3055 276
3056 272
3148 268
3239 263
3332 259
3416 255
3502 250
3588 246
3672 242
3760 237
3761 233
3849 229
3938 225
4028 221
9844 1251.27
9833 1234.21
10024 1199.55
9830 1159.46
9871 1109.12
9829 1052.43
9912 1015.52
9828 984.204
9927 941.736
9827 902.864
9897 887.143
1657 201
1755 196
1846 192
1847 188
1930 184
2019 179
2020 175
2021 171
2022 167
2113 163
2114 159
2115 155
2205 151
2291 147
2379 142
2465 138
2550 134
2636 129
2719 125
2805 121
2894 116
2995 112
3090 108
3184 104
3278 99
1656 205
1754 200
9835 1206.13
9879 1193.57
9834 1268.82
9843 1234.95
1658 197
1756 192
9836 1089.24
9904 1048.85
1649 233
1747 228
9826 649.887
6240 637.968
6241 633.968
6242 629.968
6168 625.968
6169 621.968
6170 617.968
6093 613.968
6013 609.968
5934 605.968
5935 601.968
5936 597.968
5862 593.968
5788 589.968
5713 585.968
5634 581.968
5558 577.968
5473 573.968
5383 569.968
5292 565.968
5206 558.968
5207 554.968
5208 550.968
5209 546.968
5210 542.968
5211 538.968
5212 534.968
5213 530.968
5134 526.968
5135 522.968
5136 518.968
5055 514.968
4972 510.968
4888 506.968
4889 502.968
4804 498.968
4805 494.968
4806 490.968
4807 486.968
4808 482.968
4809 478.968
4810 474.968
4811 470.968
4812 466.968
4813 462.968
1651 225
1653 217
1751 212
1842 208
1925 204
2014 199
2015 195
2016 191
2017 187
2018 183
2109 179
2199 175
2200 171
2286 167
2374 162
2375 158
2376 154
2462 150
2547 146
2633 141
2634 137
2635 133
9831 1253.11
10007 1201.97
1652 221
1750 216
9881 324.581
1640 269
9885 508.566
1644 253
1742 248
1833 244
1834 240
1917 236
2006 231
2007 227
2098 223
2188 219
2274 215
2362 210
2448 206
2449 202
2450 198
2535 194
2621 189
2704 185
1647 241
1646 245
1633 297
1731 292
1822 288
1905 284
1994 279
1995 275
2086 271
2176 267
2177 263
2263 259
2351 254
2352 250
2353 246
2439 242
2524 238
1632 301
1730 296
1634 293
1732 288
1823 284
1906 280
1639 273
9866 571.646
604 562
1683 522.127
1777 518.127
1865 514.127
1685 500.127
9913 447.263
1673 622
9915 495.149
4194 492.004
1675 614
1676 610
9914 626.422
9825 617.519
5627 609.968
5551 605.968
5552 601.968
5553 597.968
5468 593.968
5378 589.968
5379 585.968
5380 581.968
5381 577.968
5382 573.968
1674 618
9917 772.848
7084 767.924
7153 763.924
7218 759.924
7285 755.924
1677 607
9916 993.66
9919 962.387
9918 519.288
1678 604.723
1679 600.723
9905 588.939
9906 427.043
9908 215.108
3250 211
3344 207
3345 203
3430 199
3516 194
3602 190
3686 186
3774 181
3862 177
3863 173
3952 169
4042 165
4132 160
4225 156
4317 152
4409 147
4498 143
4499 139
4586 135
4587 131
4588 127
4589 123
4675 119
4764 114
4851 110
4936 106
5020 101
5102 97
5182 93
9911 840.743
9910 555.442
5046 550.968
4963 546.968
4964 542.968
4965 538.968
4966 534.968
4882 530.968
4883 526.968
4798 522.968
4799 518.968
4800 514.968
4801 510.968
4802 506.968
4803 502.968
9896 225.378
3340 223
3425 219
3511 214
3512 210
3513 206
3599 202
3683 198
3771 193
3772 189
3773 185
9899 604.383
2823 600.567
2824 596.567
2917 592.567
2918 588.567
3020 584.567
3021 580.567
3022 576.567
3023 572.567
3024 568.567
10073 565.251
3025 563.127
2923 559.127
2739 549.127
2740 545.127
2652 541.127
2653 537.127
2654 533.127
2655 529.127
2568 525.127
2484 521.127
2398 517.127
2399 513.127
2312 506.127
2135 498.127
2044 491.127
2045 487.127
2046 483.127
2047 479.127
1958 475.127
1874 471.127
1875 467.127
9900 786.737
6794 783.924
7014 771.924
9903 397.36
9902 965.224
1712 368
1803 364
1886 360
1975 355
1976 351
1977 347
2068 343
2158 339
2159 335
2160 331
2161 327
2247 323
2335 318
2421 314
2422 310
2507 306
2593 301
9893 628.499
9895 595.357
4170 588.004
4171 584.004
4172 580.004
4173 576.004
4174 572.004
4175 568.004
4268 564.004
4359 559.004
4360 555.004
4361 551.004
4362 547.004
4363 543.004
4364 539.004
4365 535.004
4366 531.004
4367 527.004
4368 523.004
4369 519.004
4370 515.004
4371 511.004
4372 507.004
4373 503.004
4374 499.004
4375 495.004
4376 491.004
4377 487.004
9894 655.589
9945 142.367
3476 82
3561 78
9944 166.596
1770 166
2032 154
2123 149
2213 144
2298 140
2385 136
2471 132
2556 128
2642 123
2725 119
2811 115
2900 110
3001 106
3096 102
3190 98
3284 93
3378 89
3463 85
3549 80
3635 76
3719 72
3806 68
3894 64
3983 60
4073 56
4162 52
4255 48
4347 44
4438 40
4527 36
4614 32
4700 28
4788 24
4875 20
4960 16
5043 12
5125 8
5205 4
9946 214.999
918 213
996 209
1068 205
1135 201
1212 196
1296 192
1383 188
1474 183
1571 179
1665 175
1763 170
1854 166
1937 162
2026 157
2117 153
2207 149
2293 145
2381 140
2467 136
2552 132
2638 127
2721 123
2807 119
2896 114
2997 110
3092 106
3186 102
3280 97
3374 93
3459 89
3545 84
3631 80
3715 76
3803 71
3891 67
3980 63
4070 59
4160 54
4253 50
4345 46
4437 41
4526 37
4613 33
4699 29
9949 536.44
6428 527.968
6350 523.968
6273 519.968
6199 515.968
6121 511.968
6041 507.968
5960 503.968
5887 499.968
5813 495.968
5738 491.968
5658 487.968
5582 483.968
5497 479.968
5407 475.968
5316 471.968
5229 467.968
5069 459.968
4986 455.968
4902 451.968
4817 447.968
9948 704.453
9951 757.155
9936 1433.7
9938 1378.62
9943 992.635
1702 426
1794 419
1879 415
1963 409
2052 405
2053 401
2143 397
2144 393
2145 389
2231 385
2319 380
2405 376
2490 372
2576 367
2577 363
2664 359
2665 355
2666 351
2667 347
2756 343
2845 338
1753 204
1844 200
1845 196
9928 412.824
4104 412
1752 208
1843 204
1926 200
9933 1387.01
1757 188
1848 184
1931 180
1758 184
1759 180
1850 176
1933 172
9920 486.699
9923 205.626
3066 204
3067 200
3161 196
3255 191
3349 187
3350 183
3435 179
3521 174
3607 170
3608 166
3692 162
3780 157
3781 153
3782 149
3783 145
3784 141
3785 137
3786 133
3787 129
3875 125
3964 121
4054 117
4144 112
4237 108
4329 104
4421 99
4422 95
4511 91
4598 87
4684 83
4773 78
4774 74
4775 70
4862 66
4947 62
5031 57
5113 53
5114 49
5115 45
5195 41
9924 226.584
9926 532.665
9976 899.544
6005 863.924
6086 858.924
6162 854.924
9979 248.911
2694 244
2695 240
2696 236
2697 232
1739 260
1830 256
1831 252
1914 248
2003 243
9981 2278.41
9968 784.819
9270 778.773
10129 777.492
9252 773.96
9231 769.96
9971 622.932
7871 618.968
7798 614.968
9973 282.123
9972 555.337
6893 552.497
10082 549.237
6747 543.968
6669 539.968
6590 535.968
6508 531.968
6426 527.968
6347 523.968
6270 519.968
6196 515.968
6119 511.968
6039 507.968
5959 503.968
5886 499.968
5812 495.968
5737 491.968
9975 290.329
9974 254.415
9615 155
7109 96
7041 92
6973 88
6907 84
6840 80
6768 76
6693 72
6616 68
6537 64
6456 60
6379 56
6303 52
6229 48
6154 44
6079 40
5999 36
5927 32
5854 28
5780 24
5705 20
5626 16
5465 8
9960 460.254
5070 456
4987 452
4903 448
4818 444
4730 440
9967 673.876
8445 669.968
8396 665.968
9966 248.641
3933 245
3934 241
4024 237
4114 232
4207 228
4208 224
4300 220
4392 215
4393 211
4394 207
9952 757.986
9954 635.147
9956 176.397
5670 172.485
10084 168.043
5589 166
5513 160
5514 156
5515 152
5516 148
5517 144
5432 140
5341 136
5342 132
9959 713.921
10009 1472.3
1769 166
1859 162
1941 158
2029 154
2120 150
2210 146
2296 142
2384 137
2470 133
2555 129
2641 124
2724 120
2810 116
2899 111
3000 107
3095 103
3189 99
3283 94
3377 90
3462 86
3548 81
3634 77
3718 73
10008 693.826
7853 690.968
7780 686.968
7707 682.968
7708 678.968
7636 674.968
7563 670.968
7492 666.968
7493 662.968
7427 658.968
7359 654.968
7290 650.968
7224 646.968
7225 642.968
7226 638.968
7227 634.968
7228 630.968
7229 626.968
7163 622.968
7093 618.968
7022 614.968
7023 610.968
7024 606.968
6950 602.968
6880 598.968
6881 594.968
6882 590.968
6811 586.968
6812 582.968
6813 578.968
6738 574.968
6660 570.968
6581 566.968
6582 562.968
6500 558.968
6418 554.968
6340 550.968
6263 546.968
6189 542.968
6112 538.968
6032 534.968
5952 530.968
5879 526.968
5880 522.968
5881 518.968
5807 514.968
5732 510.968
5733 506.968
5654 502.968
1771 618
1772 614
1773 611
1775 604.723
1774 608.723
10005 391.018
1797 386
1819 300
1818 304
1901 300
1990 295
2081 291
2171 287
2172 283
2258 279
1821 292
9999 329.34
964 327
965 323
966 319
967 315
968 311
969 307
1042 303
1109 299
1186 294
1187 290
1188 286
1189 282
1190 278
1191 274
1192 270
1276 266
1277 262
1364 258
1455 253
1809 340
1892 336
1808 344
10041 635.54
2478 633.162
2734 616.567
2735 612.567
2736 608.567
2737 604.567
10040 909.21
6007 857.276
6164 847.276
6239 843.276
1800 375
10043 592.51
10042 613.025
3479 610.004
3480 606.004
3481 602.004
3482 598.004
3564 594.004
3649 590.004
3732 585.004
3820 581.004
3907 577.004
3996 573.004
4086 568.004
4176 564.004
4269 560.004
10045 1584.64
1805 356
10044 207.424
2872 204
2973 200
3068 196
3162 192
3256 187
1804 360
1887 356
10047 693.877
10046 1108.23
10033 580.8
10032 1493.87
10035 645.005
7090 643.968
7019 638.968
6943 634.968
6872 630.968
6801 626.968
6802 622.968
6727 618.968
6649 614.968
6570 610.968
6488 606.968
6406 602.968
6328 598.968
6329 594.968
6330 590.968
6331 586.968
6254 582.968
6255 578.968
6181 574.968
6104 570.968
6105 566.968
6106 562.968
6107 558.968
6108 554.968
6028 550.968
6029 546.968
6030 542.968
6031 538.968
10034 644.938
10037 531.41
10036 576.616
10039 2236.77
10038 567.55
10027 621.063
1861 618
10026 640.522
10029 440.575
10028 1315.37
10031 498.349
2043 495.127
1954 491.127
1870 487.127
10030 424.138
10072 555.907
3124 549.127
3031 545.127
2928 541.127
2831 537.127
2743 533.127
10075 497.348
1953 495.127
1835 236
1836 232
10074 538.891
1839 220
1922 216
2011 211
2102 207
2192 203
2278 199
2366 194
2452 190
2453 186
2538 182
2624 177
2625 173
2626 169
2627 165
2710 161
2711 157
10065 511.909
10064 397.742
3749 396
10067 568.908
4358 563.004
10066 511.624
10069 616.014
10068 546.11
3829 544.004
3918 540.004
4007 536.004
4096 532.004
4185 528.004
4278 524.004
10071 554.221
5873 550.968
5799 546.968
5724 542.968
5645 538.968
5569 534.968
5484 530.968
5485 526.968
5486 522.968
5487 518.968
5488 514.968
5398 510.968
5307 506.968
5308 502.968
5309 498.968
5310 494.968
5223 490.968
5224 486.968
5225 482.968
5146 478.968
5065 474.968
4982 470.968
4898 466.968
10070 670.475
7286 666.968
7220 662.968
7155 658.968
7086 654.968
7016 650.968
7017 646.968
6941 642.968
6870 638.968
6799 634.968
6724 630.968
6725 626.968
6647 622.968
6568 618.968
6569 614.968
10057 523.498
3580 520.029
3747 512.004
3835 508.004
3925 504.004
4014 500.004
10056 616.192
1863 611.723
1880 382
1969 377
2060 373
10059 223.816
3341 219
3426 215
1883 371
1972 366
10061 531.861
10060 546.316
2563 543.127
2394 533.127
2395 529.127
2396 525.127
2397 521.127
10063 804.706
6712 802.924
10062 813.178
6475 807.924
6556 803.924
6636 798.924
6637 794.924
6715 790.924
6791 786.924
6864 781.924
10049 390.97
1873 475.127
10048 567.714
10051 900.131
10050 389.144
2487 384
2573 379
2660 375
2661 371
2750 367
2839 362
2840 358
10053 675.657
7354 672.968
10055 905.76
10054 248.664
1864 518.127
1948 513.127
1860 162
1942 158
2030 154
1862 615
1913 252
2002 247
1916 240
2005 235
1919 228
2008 223
2009 219
1918 232
1904 288
1993 283
1911 260
1897 316
1902 296
1991 291
1889 348
1978 343
2069 339
1888 352
1891 340
1895 324
1894 328
1945 623
1946 619
1944 623.937
1947 615.723
1951 503.127
1867 499.127
1868 495.127
1869 491.127
1950 507.127
1939 160
2028 155
2119 151
2209 147
2295 143
2383 138
2469 134
2554 130
2640 125
2723 121
2809 117
2898 112
2999 108
3094 104
3188 100
3282 95
3376 91
3461 87
3547 82
3633 78
3717 74
3805 69
3893 65
3982 61
4072 57
1929 188
1928 192
1920 224
1923 212
2012 207
1927 196
1968 381
2059 377
2149 373
2235 369
2323 364
2409 360
2410 356
2411 352
1965 393
2056 389
2057 385
2147 381
2233 377
2321 372
2407 368
2408 364
1967 385
1966 389
1997 267
2041 503.127
2042 499.127
2040 507.127
2033 627.937
2035 623
2034 627
2037 517.127
2038 513.127
2036 619.723
2039 511.127
2024 159
2027 156
2118 152
2208 148
2294 144
2382 139
2468 135
2553 131
2639 126
2722 122
2808 118
2897 113
2998 109
3093 105
3187 101
3281 96
3375 92
3460 88
3546 83
3632 79
3716 75
3804 70
3892 66
3981 62
4071 58
4161 53
4254 49
4346 45
2023 163
2075 315
2165 311
2251 307
2339 302
2340 298
2341 294
2342 290
2343 286
2077 307
2076 311
2166 307
2167 303
2253 299
2067 347
2066 351
2071 331
2070 335
2063 362
2055 393
2107 187
2108 183
2198 179
2110 175
2097 227
2096 231
2186 227
2272 223
2360 218
2361 214
2447 210
2532 206
2618 201
2619 197
2702 193
2788 189
2877 184
2878 180
2979 176
2099 219
2189 215
2190 211
2100 215
2103 203
2088 263
2178 259
2264 255
2091 251
2094 239
2082 287
2085 275
2129 521.127
2130 517.127
2128 623.723
2131 515.127
2132 511.127
2133 507.127
2134 503.127
2125 631.937
2127 627
2126 631
2169 295
2168 299
2173 279
2175 271
2163 319
2249 315
2337 310
2162 323
2248 319
2336 314
2153 358
2146 385
2148 377
2150 369
2201 167
2202 163
2288 159
2193 199
2279 195
2367 190
2195 191
2194 195
2280 191
2368 186
2369 182
2455 178
2540 174
2197 183
2184 235
2187 223
2181 247
2267 243
2355 238
2441 234
2526 230
2182 243
2232 381
2320 376
2406 372
2491 368
2234 373
2322 368
2237 361
2325 356
2236 365
2324 360
2239 354
2327 349
2413 345
2498 341
2584 336
2225 502.127
2224 506.127
2229 393
2317 388
2318 384
2404 380
2228 397
2316 392
2402 388
2230 389
2217 635
2218 631
2216 635.937
2219 525.127
2221 518.127
2222 514.127
2223 510.127
2220 521.127
2266 247
2354 242
2440 238
2268 239
2356 234
2442 230
2527 226
2270 231
2257 283
2259 275
2261 267
2349 262
2350 258
2252 303
2255 291
2254 295
2243 339
2331 334
2245 331
2333 326
2244 335
2332 330
2246 327
2334 322
2420 318
2281 187
2283 179
2285 171
2373 166
2459 162
2544 158
2630 153
2284 175
2273 219
2275 211
2363 206
2364 202
2276 207
2315 396
2305 635
2304 639
2307 525.127
2306 529.127
2309 518.127
2308 522.127
2311 510.127
2310 514.127
2393 644.162
2479 637.162
2392 639
2387 136
2473 131
2558 126
2643 122
2726 118
2812 114
2901 109
3002 105
3097 101
3191 97
3285 92
3379 88
3464 84
2427 290
2512 286
2598 281
2599 277
2600 273
2687 269
2688 265
2689 261
2778 257
2867 252
2968 248
2426 294
2511 290
2597 285
2684 281
2773 277
2429 282
2514 278
2428 286
2513 282
2431 274
2516 270
2602 265
2603 261
2604 257
2430 278
2423 306
2401 392
2403 384
2457 170
2456 174
2541 170
2460 158
2545 154
2631 149
2454 182
2443 226
2528 222
2444 222
2446 214
2432 270
2489 376
2575 371
2488 380
2574 375
2493 360
2579 355
2492 364
2578 359
2495 352
2581 347
2668 343
2669 339
2481 533.127
2482 529.127
2480 537.127
2483 525.127
2485 521.127
2486 388
2572 383
2520 254
2523 242
2525 234
2515 274
2601 269
2517 266
2518 262
2505 314
2506 310
2592 305
2509 298
2595 293
2508 302
2594 297
2503 322
2589 317
2676 313
2677 309
2502 326
2588 321
2675 317
2764 313
2853 308
2954 304
2955 300
2956 296
3051 292
3143 288
3234 283
3235 279
2537 186
2623 181
2539 178
2542 166
2628 161
2529 218
2531 210
2617 205
2533 202
2534 198
2620 193
2587 325
2674 321
2763 317
2852 312
2586 329
2569 525.127
2570 526.127
2565 537.127
2564 541.127
2567 529.127
2566 533.127
2649 615.567
2650 611.567
2651 545.127
2681 293
2770 289
2859 284
2960 280
2682 289
2685 277
2774 273
2686 273
2673 325
2671 332
2760 328
2849 323
2950 319
2657 529.127
2656 529.127
2659 379
2662 367
2663 363
2707 173
2793 169
2706 177
2792 173
2709 165
2708 169
2794 165
2883 160
2984 156
3079 152
3173 148
2698 209
2701 197
2700 201
2703 189
2691 256
2692 252
2693 248
2690 260
2745 533.127
2747 379
2836 374
2837 370
2838 366
2746 533.127
2749 371
2748 375
2751 363
2741 541.127
2742 537.127
2733 620.567
2777 261
2866 256
2776 265
2865 260
2779 256
2868 251
2969 247
3064 243
3156 239
2781 252
2780 255
2783 209
2782 248
2768 297
2857 292
2958 288
2771 285
2860 280
2961 276
2775 269
2762 321
2851 316
2765 309
2854 304
2855 300
2856 296
2767 301
2766 305
2795 161
2884 156
2885 152
2986 148
3081 144
3175 140
3269 135
3270 131
3364 127
3365 123
3450 119
3536 114
3537 110
3623 106
3707 102
3795 97
3883 93
3884 89
3885 85
3974 81
4064 77
4154 72
4247 68
4339 64
4431 59
4520 55
4607 51
4693 47
4782 42
4783 38
4784 34
4785 30
2797 153
2886 148
2887 144
2888 140
2889 136
2990 132
3085 128
3179 124
3273 119
3367 115
3368 111
3453 107
3539 102
3625 98
3709 94
3797 89
2796 157
2799 145
2798 149
2784 205
2873 200
2974 196
2975 192
2787 193
2876 188
2977 184
2786 197
2789 185
2790 181
2879 176
2980 172
3075 168
3169 164
2835 378
2936 374
2937 370
2938 366
2939 362
2827 553.127
2829 545.127
2830 541.127
2828 549.127
2822 604.567
2915 600.567
3017 596.567
3018 592.567
3019 588.567
2869 251
2871 251
2971 247
3065 243
3247 235
2870 251
2909 623.567
2910 619.567
2911 615.567
3014 608.567
3015 604.567
3016 600.567
2930 541.127
2832 537.127
2744 533.127
2933 386
2934 382
2935 378
2932 390
2921 571.584
2922 567.584
2925 553.127
2924 557.127
2927 545.127
2926 549.127
2913 608.567
2914 604.567
2912 612.567
2970 247
2972 204
2963 268
2964 264
2962 272
2952 312
2953 308
2957 292
2985 152
2987 144
2988 140
3083 136
3177 132
3271 127
2989 136
2978 180
2981 168
3076 164
3170 160
2982 164
3077 160
3171 156
3033 545.127
3032 545.127
3035 394
3034 398
3036 390
3037 386
3039 378
3027 557.127
3028 553.127
3026 561.127
3013 626.567
3012 630.567
3069 192
3070 188
3164 184
3258 179
3259 175
3260 171
3261 167
3355 163
3356 159
3441 155
3527 150
3528 146
3529 142
3615 138
3699 134
3057 268
3149 264
3240 259
3333 255
3417 251
3503 246
3504 242
3505 238
3506 234
3592 230
3676 226
3764 221
3765 217
3766 213
3854 209
3943 205
4033 201
4123 196
4124 192
4125 188
3059 260
3060 256
3152 252
3243 247
3244 243
3337 239
3338 235
3422 231
3508 226
3058 264
3061 252
3049 300
3141 296
3232 291
3050 296
3053 284
3052 288
3144 284
3040 374
3041 370
3042 366
3080 148
3082 140
3084 132
3121 553.127
3122 549.127
3030 545.127
3120 557.127
3127 390
3113 583.127
3114 579.127
3115 575.127
3116 571.127
3117 567.127
3112 587.127
3119 561.127
3118 565.127
3109 599.127
3110 595.127
3111 591.127
3108 603.127
3160 200
3254 195
3163 188
3257 183
3165 180
3167 172
3166 176
3154 244
3245 239
3159 204
3253 199
3347 195
3348 191
3158 208
3252 203
3346 199
3145 280
3236 275
3147 272
3238 267
3146 276
3237 271
3151 256
3242 251
3150 260
3241 255
3334 251
3418 247
3140 300
3231 295
3142 292
3233 287
3176 136
3178 128
3272 123
3174 144
3268 139
3362 135
3447 131
3219 394
3218 398
3126 394
3220 390
3221 386
3129 382
3209 579.127
3208 583.127
3211 571.127
3210 575.127
3213 565.127
3212 569.127
3203 603.127
3204 599.127
3205 595.127
3206 591.127
3207 587.127
3249 215
3343 211
3428 207
3514 202
3600 198
3684 194
3251 207
3305 579.127
3306 575.127
3304 583.127
3307 573.127
3309 565.127
3310 561.127
3311 557.127
3216 553.127
3308 569.127
3299 607.127
3298 611.127
3300 603.127
3303 587.127
3353 171
3354 167
3352 175
3437 171
3523 166
3609 162
3610 158
3694 154
3357 155
3358 151
3443 147
3359 147
3444 143
3530 138
3616 134
3700 130
3788 125
3876 121
3877 117
3966 113
4056 109
4146 104
4147 100
4148 96
4241 92
4333 88
4425 83
4514 79
4601 75
4602 71
4688 67
4777 62
4864 58
4949 54
5033 49
3351 179
3336 243
3342 215
3335 247
3360 143
3363 131
3419 243
3421 235
3507 230
3593 226
3677 222
3420 239
3408 382
3401 579.004
3402 575.004
3488 570.004
3569 566.004
3570 562.004
3656 558.004
3739 553.004
3826 549.004
3827 545.004
3916 541.004
4005 537.004
4095 532.004
3405 565.127
3404 567.004
3490 562.004
3571 558.004
3657 554.004
3740 549.004
3393 611.004
3399 587.127
3449 123
3535 118
3448 127
3534 122
3440 159
3526 154
3612 150
3696 146
3442 151
3445 139
3531 134
3617 130
3618 126
3433 187
3519 182
3605 178
3689 174
3777 169
3778 165
3866 161
3955 157
3956 153
4046 149
4136 144
4137 140
4138 136
4231 132
4323 128
4415 123
4416 119
4417 115
4418 111
4419 107
4508 103
4595 99
4596 95
4597 91
3432 191
3518 186
3604 182
3688 178
3776 173
3434 183
3520 178
3436 175
3522 170
3439 163
3525 158
3438 167
3524 162
3424 223
3510 218
3427 211
3429 203
3515 198
3431 195
3517 190
3603 186
3485 591.127
3486 587.127
3400 583.127
3487 574.004
3568 570.004
3477 619.171
3478 616.619
3492 561.004
3572 557.004
3658 553.004
3579 524.029
3581 524.029
3611 154
3695 150
3613 146
3697 142
3614 142
3601 194
3685 190
3606 174
3594 222
3678 218
3597 210
3681 206
3769 201
3770 197
3596 214
3598 206
3586 254
3589 242
3673 238
3591 234
3590 238
3674 234
3762 229
3763 225
3624 102
3708 98
3796 93
3620 118
3621 114
3622 110
3675 230
3651 589.004
3733 585.004
3705 110
3793 105
3794 101
3704 114
3698 138
3701 126
3789 121
3702 122
3790 117
3691 166
3779 161
3867 157
3690 170
3693 158
3680 210
3682 202
3687 182
3775 177
3741 549.004
3742 549.135
3730 593.004
3818 589.004
3905 585.004
3994 581.004
4084 576.004
4085 572.004
3734 589.004
3753 394
3667 390
3583 386
3499 382
3411 378
3320 374
3226 370
3134 366
3044 362
3752 394
3666 390
3498 382
3410 378
3746 516.004
3748 512.004
3836 508.004
3751 394
3833 550.004
3921 546.004
3920 542.004
4008 538.004
3834 554.004
3922 550.004
3837 508.004
3926 504.004
3838 400
3825 553.004
3828 548.324
3819 589.004
3821 569.004
3822 565.004
3911 561.004
4000 557.004
4090 552.004
4180 548.004
4273 544.004
3865 165
3864 169
3953 165
4043 161
4133 156
4134 152
4227 148
4319 144
4411 139
4500 135
3869 149
3958 145
4048 141
3868 153
3871 141
3960 137
4050 133
4140 128
4141 124
4234 120
4326 116
3870 145
3857 197
3859 189
3860 185
3861 181
3858 193
3947 189
4037 185
3848 233
3851 221
3852 217
3853 213
3942 209
3850 225
3855 205
3841 398
3840 398
3845 245
3846 241
3935 237
4025 233
4115 228
3882 97
3887 77
3976 73
3977 69
4067 65
4157 60
4250 56
4342 52
4434 47
4523 43
4610 39
3886 81
3975 77
4065 73
4155 68
4156 64
4249 60
4341 56
4433 51
3873 133
3962 129
4052 125
4142 120
4235 116
4236 112
4328 108
4420 103
3872 137
3961 133
4051 129
3874 129
3963 125
4053 121
4143 116
3879 109
3878 113
3967 109
4057 105
3929 402
3930 402
3932 249
4022 245
4112 240
4113 236
3923 554.004
3924 505.004
4013 501.004
3915 545.004
3914 549.004
3904 589.004
3993 585.004
4083 580.004
3909 569.004
3998 565.004
4088 560.004
4178 556.004
4271 552.004
3965 117
3954 161
3957 149
3959 141
3944 201
3949 181
4039 177
4129 172
4222 168
4314 164
4406 159
4495 155
4582 151
4583 147
4669 143
4758 138
4759 134
4846 130
4931 126
3948 185
3951 173
3950 177
4040 173
4130 168
4223 164
4224 160
3992 589.004
4082 584.004
3979 64
4069 60
4159 55
4252 51
4344 47
4436 42
4525 38
4612 34
4698 30
4787 25
4874 21
4959 17
3969 101
3968 105
4058 101
3971 93
3972 89
4062 85
4152 80
4245 76
4337 72
3973 85
4031 209
4121 204
4122 200
4017 406
4019 406
3931 402
4018 406
4023 241
4011 550.004
4010 546.004
4009 542.004
4001 553.004
4091 548.004
4092 544.004
4182 540.004
4183 536.004
4184 532.004
4277 528.004
4003 545.004
4093 540.004
4004 541.004
4094 536.004
4006 536.004
4059 97
4149 92
4061 89
4151 84
4063 81
4153 76
4246 72
4338 68
4430 63
4519 59
4049 137
4139 132
4232 128
4324 124
4055 113
4145 108
4041 169
4131 164
4045 153
4135 148
4044 157
4047 145
4032 205
4034 197
4038 181
4128 176
4066 69
4106 410
4108 410
4111 244
4097 520.004
4098 516.004
4099 512.004
4190 508.004
4191 504.004
4284 500.004
4101 500.004
4187 520.004
4280 516.004
4186 524.004
4279 520.004
4189 512.004
4282 508.004
4188 516.004
4177 560.004
4270 556.004
4216 192
4308 188
4400 183
4489 179
4490 175
4577 171
4663 167
4752 162
4753 158
4754 154
4755 150
4215 196
4214 200
4203 244
4295 240
4387 235
4476 231
4477 227
4564 223
4650 219
4739 214
4740 210
4741 206
4828 202
4913 198
4997 193
4998 189
4999 185
5081 181
5161 177
5244 172
5245 168
5246 164
5247 160
5248 156
5249 152
5250 148
5251 144
4195 416
4198 414
4107 410
4248 64
4242 88
4244 80
4336 76
4233 124
4226 152
4229 140
4321 136
4413 131
4502 127
4228 144
4320 140
4412 135
4501 131
4230 136
4281 512.004
4283 504.004
4272 548.004
4275 536.004
4274 540.004
4276 532.004
4265 584.004
4266 580.004
4264 588.004
4256 48
4263 592.004
4316 156
4408 151
4497 147
4318 148
4410 143
4305 200
4397 195
4398 191
4399 187
4290 418
4294 244
4386 239
4475 235
4348 44
4440 39
4529 35
4616 31
4702 27
4790 23
4877 19
4340 60
4432 55
4521 51
4608 47
4694 43
4334 84
4426 79
4325 120
4327 112
4355 590.004
4354 594.004
4357 567.004
4414 127
4388 231
4441 39
4442 39
4531 35
4617 31
4445 594.004
4447 567.004
4465 488.004
4553 484.004
4554 480.004
4555 476.004
4464 492.004
4459 512.004
4460 508.004
4461 504.004
4549 500.004
4635 496.004
4636 492.004
4637 488.004
4638 484.004
4639 480.004
4640 476.004
4641 472.004
4642 468.004
4463 496.004
4462 500.004
4449 552.004
4537 548.004
4623 544.004
4624 540.004
4625 536.004
4626 532.004
4627 528.004
4628 524.004
4629 520.004
4630 516.004
4631 512.004
4632 508.004
4633 504.004
4634 500.004
4448 556.004
4536 552.004
4622 548.004
4451 544.004
4452 540.004
4453 536.004
4541 532.004
4542 528.004
4450 548.004
4538 544.004
4455 528.004
4456 524.004
4457 520.004
4545 516.004
4505 115
4592 111
4678 107
4767 102
4854 98
4939 94
5023 89
5024 85
5106 81
5107 77
5108 73
5109 69
5189 65
4504 119
4591 115
4677 111
4766 106
4507 107
4594 103
4680 99
4769 94
4856 90
4941 86
5025 81
5026 77
5027 73
4506 111
4503 123
4590 119
4488 183
4487 187
4574 183
4660 179
4749 174
4486 191
4573 187
4539 540.004
4540 536.004
4528 36
4615 32
4701 28
4530 35
4533 598.004
4532 35
4534 602.004
4522 47
4571 195
4570 199
4656 195
4745 190
4832 186
4917 182
5001 177
5083 173
5163 169
4575 179
4661 175
4750 170
4552 488.004
4546 512.004
4547 508.004
4548 504.004
4551 492.004
4550 496.004
4593 107
4576 175
4619 602.004
4618 31
4621 552.004
4609 43
4657 191
4746 186
4659 183
4681 95
4770 90
4771 86
4772 82
4859 78
4944 74
5028 69
5110 65
5111 61
5191 57
4683 87
4682 91
4674 123
4763 118
4850 114
4676 115
4765 110
4852 106
4937 102
5021 97
5103 93
5183 89
4679 103
4768 98
4855 94
4940 90
4721 480.004
4722 476.004
4723 472.004
4724 468.004
4725 464.004
4720 484.004
4713 512.004
4714 508.004
4715 504.004
4716 500.004
4717 496.004
4718 492.004
4719 488.004
4705 544.004
4706 540.004
4707 536.004
4708 532.004
4709 528.004
4710 524.004
4711 520.004
4712 516.004
4704 548.004
4793 542.968
4794 538.968
4795 534.968
4796 530.968
4797 526.968
4792 546.968
4789 24
4791 23
4816 451.968
4815 455.968
4860 74
4945 70
5029 65
4863 62
4948 58
5032 53
4853 102
4938 98
5022 93
4843 142
4839 158
4840 154
4841 150
4926 146
5010 141
5092 137
5172 133
4891 494.968
4893 486.968
4892 490.968
4895 478.968
4894 482.968
4881 534.968
4880 538.968
4887 510.968
4872 26
4876 20
4879 542.968
4878 546.968
4865 54
4866 50
4918 178
5002 173
5084 169
5085 165
5086 161
5166 157
4897 470.968
4896 474.968
4901 455.968
4900 459.968
4957 22
5041 17
4946 66
5030 61
4950 50
5034 45
5035 41
5117 37
5118 33
4942 82
4985 459.968
4984 463.968
4977 490.968
4979 482.968
4980 478.968
4978 486.968
4981 474.968
4968 526.968
4884 522.968
4973 506.968
4974 502.968
4975 498.968
4961 16
4962 550.968
4967 530.968
5011 137
5093 133
5173 129
5051 530.968
5050 534.968
5053 522.968
4970 518.968
4886 514.968
5052 526.968
5040 21
5122 17
5202 13
5045 554.968
5044 12
5047 546.968
5048 542.968
5064 478.968
5057 506.968
5056 510.968
5059 498.968
5060 494.968
5061 490.968
5062 486.968
5063 482.968
5112 57
5101 101
5094 129
5174 125
5145 482.968
5144 486.968
5137 514.968
5138 510.968
5139 506.968
5058 502.968
5141 498.968
5140 502.968
5143 490.968
5142 494.968
5129 546.968
5128 550.968
5131 538.968
5132 534.968
5133 530.968
5130 542.968
5049 538.968
5123 13
5127 554.968
5176 117
5175 121
5214 526.968
5203 9
5193 49
5192 53
5194 45
5217 514.968
5218 510.968
5219 506.968
5220 502.968
5221 498.968
5216 518.968
5222 494.968
5305 514.968
5304 518.968
5306 510.968
5311 490.968
5312 486.968
5296 550.968
5297 546.968
5301 530.968
5302 526.968
5215 522.968
5303 522.968
5295 554.968
5294 558.968
5361 56
5401 498.968
5400 502.968
5402 494.968
5403 490.968
5393 530.968
5392 534.968
5395 522.968
5396 518.968
5394 526.968
5397 514.968
5399 506.968
5386 558.968
5489 510.968
5491 502.968
5490 506.968
5493 494.968
5492 498.968
5483 534.968
5472 577.968
5567 542.968
5482 538.968
5566 546.968
5481 542.968
5391 538.968
5300 534.968
5554 593.968
5469 589.968
5585 491.968
5662 487.968
5500 479.968
5409 475.968
5317 471.968
5577 502.968
5578 498.968
5576 506.968
5580 491.968
5581 487.968
5496 483.968
5568 538.968
5571 526.968
5570 530.968
5573 518.968
5574 514.968
5575 510.968
5572 522.968
5657 491.968
5656 495.968
5659 487.968
5583 483.968
5498 479.968
5660 487.968
5649 522.968
5650 518.968
5648 526.968
5651 514.968
5652 510.968
5643 546.968
5644 542.968
5647 530.968
5646 534.968
5695 60
5696 56
5697 52
5618 48
5542 44
5543 40
5458 36
5459 32
5460 28
5369 24
5370 20
5371 16
5725 538.968
5726 534.968
5727 530.968
5728 526.968
5729 522.968
5736 495.968
5739 491.968
5740 491.968
5730 518.968
5731 514.968
5735 499.968
5789 586.968
5714 582.968
5635 578.968
5559 574.968
5474 570.968
5475 566.968
5476 562.968
5808 510.968
5811 499.968
5810 503.968
5815 495.968
5814 495.968
5801 538.968
5800 542.968
5803 530.968
5802 534.968
5805 522.968
5804 526.968
5806 518.968
5882 514.968
5885 503.968
5884 507.968
5872 554.968
5875 542.968
5876 538.968
5877 534.968
5878 530.968
5874 546.968
5864 586.968
5865 582.968
5866 578.968
5792 574.968
5793 570.968
5718 566.968
5639 562.968
5563 558.968
5478 554.968
5388 550.968
5863 590.968
5889 499.968
5888 499.968
5947 554.968
5949 542.968
5950 538.968
5951 534.968
5939 586.968
5961 503.968
5962 503.968
5953 526.968
5955 518.968
5954 522.968
5957 511.968
5958 507.968
6001 879.924
6082 874.924
6158 870.924
6233 866.924
6308 861.924
6309 857.924
6310 853.924
6311 849.924
6312 845.924
6003 871.924
6084 866.924
6160 862.924
6235 858.924
6002 875.924
6083 870.924
6159 866.924
6234 862.924
6004 867.924
6085 862.924
6040 507.968
6033 530.968
6035 522.968
6034 526.968
6037 515.968
6038 511.968
6027 554.968
6016 598.968
5937 594.968
6109 550.968
6111 542.968
6110 546.968
6081 878.924
6120 511.968
6122 511.968
6042 507.968
6113 534.968
6115 526.968
6114 530.968
6117 519.968
6118 515.968
6161 858.924
6157 874.924
6156 878.924
6192 530.968
6195 519.968
6194 523.968
6197 515.968
6198 515.968
6187 550.968
6188 546.968
6186 554.968
6191 534.968
6190 538.968
6232 870.924
6307 865.924
6237 850.924
6236 854.924
6231 874.924
6306 869.924
6230 47
6265 538.968
6266 534.968
6264 542.968
6269 523.968
6268 527.968
6271 519.968
6261 554.968
6262 550.968
6247 610.968
6173 606.968
6174 602.968
6175 598.968
6098 594.968
6018 590.968
6318 637.968
6319 633.968
6320 629.968
6321 625.968
6322 621.968
6323 617.968
6246 613.968
6172 609.968
6095 605.968
6015 601.968
6305 873.924
6345 531.968
6346 527.968
6348 523.968
6351 523.968
6274 519.968
6339 554.968
6338 558.968
6341 546.968
6343 538.968
6342 542.968
6393 826.924
6394 822.924
6392 830.924
6385 858.924
6386 854.924
6387 850.924
6388 846.924
6389 842.924
6390 838.924
6391 834.924
6384 862.924
6381 874.924
6382 870.924
6383 866.924
6380 55
6425 527.968
6424 531.968
6417 558.968
6416 562.968
6421 542.968
6420 546.968
6423 535.968
6409 590.968
6411 582.968
6412 578.968
6413 574.968
6414 570.968
6415 566.968
6401 621.968
6459 871.924
6540 867.924
6620 862.924
6621 858.924
6699 854.924
6700 850.924
6776 846.924
6849 841.924
6921 837.924
6922 833.924
6998 829.924
7069 824.924
7070 820.924
7071 816.924
7140 812.924
7205 808.924
7206 804.924
7273 800.924
7341 795.924
7410 791.924
6458 875.924
6461 863.924
6462 859.924
6543 855.924
6623 850.924
6624 846.924
6625 842.924
6626 838.924
6627 834.924
6628 830.924
6629 826.924
6630 822.924
6708 818.924
6709 814.924
6710 810.924
6711 806.924
6787 802.924
6860 797.924
6932 793.924
6933 789.924
6460 867.924
6463 855.924
6464 851.924
6465 847.924
6546 843.924
6483 625.968
6484 622.968
6402 618.968
6324 614.968
6325 610.968
6326 606.968
6249 602.968
6473 815.924
6554 811.924
6634 806.924
6472 819.924
6477 802.924
6558 798.924
6638 793.924
6716 789.924
6792 785.924
6865 780.924
6937 776.924
7013 772.924
6476 803.924
6557 799.924
6478 801.924
6559 797.924
6639 792.924
6717 788.924
6793 784.924
6866 779.924
6938 775.924
6467 839.924
6548 835.924
6466 843.924
6547 839.924
6469 831.924
6470 827.924
6551 823.924
6631 818.924
6468 835.924
6549 831.924
6471 823.924
6552 819.924
6632 814.924
6633 810.924
6505 539.968
6506 535.968
6507 531.968
6497 570.968
6499 562.968
6498 566.968
6502 550.968
6503 546.968
6553 815.924
6545 847.924
6544 851.924
6550 827.924
6539 871.924
6619 866.924
6541 863.924
6542 859.924
6622 854.924
6585 550.968
6584 554.968
6587 543.968
6589 535.968
6588 539.968
6591 535.968
6579 574.968
6580 570.968
6583 558.968
6575 590.968
6576 586.968
6494 582.968
6560 796.924
6640 791.924
6718 787.924
6565 629.968
6566 626.968
6567 622.968
6485 618.968
6403 614.968
6618 870.924
6651 606.968
6572 602.968
6573 598.968
6491 594.968
6644 633.968
6664 554.968
6667 543.968
6668 539.968
6666 547.968
6659 574.968
6658 578.968
6661 566.968
6662 562.968
6663 558.968
6714 794.924
6790 790.924
6863 785.924
6705 830.924
6781 826.924
6854 821.924
6855 817.924
6927 813.924
6928 809.924
7004 805.924
7075 800.924
7144 796.924
7145 792.924
7210 788.924
7211 784.924
7212 780.924
7213 776.924
7214 772.924
7215 768.924
7216 764.924
6704 834.924
6780 830.924
6853 825.924
6925 821.924
7001 817.924
7072 812.924
7141 808.924
7142 804.924
7143 800.924
6707 822.924
6706 826.924
6697 862.924
6698 858.924
6696 866.924
6701 846.924
6777 842.924
6850 837.924
6703 838.924
6779 834.924
6852 829.924
6924 825.924
6702 842.924
6778 838.924
6851 833.924
6923 829.924
6695 870.924
6745 547.968
6744 551.968
6746 543.968
6737 578.968
6736 582.968
6739 570.968
6740 566.968
6741 562.968
6733 594.968
6734 590.968
6735 586.968
6657 582.968
6578 578.968
6496 574.968
6723 634.968
6645 630.968
6783 818.924
6856 813.924
6782 822.924
6771 866.924
6844 861.924
6916 857.924
6917 853.924
6918 849.924
6994 845.924
7065 840.924
7134 836.924
7135 832.924
7136 828.924
7137 824.924
7138 820.924
7139 816.924
7204 812.924
6773 858.924
6846 853.924
6847 849.924
6848 845.924
6772 862.924
6845 857.924
6775 850.924
6774 854.924
6809 594.968
6810 590.968
6815 570.968
6814 574.968
6798 638.968
6785 810.924
6858 805.924
6859 801.924
6931 797.924
6784 814.924
6857 809.924
6786 806.924
6788 798.924
6861 793.924
6843 865.924
6819 555.968
6820 551.968
6821 547.968
6822 547.968
6879 602.968
6869 642.968
6910 924.924
6888 566.968
6890 559.968
6891 555.968
6892 551.968
6883 586.968
6884 582.968
6940 646.968
6929 805.924
7005 801.924
7076 796.924
6930 801.924
6920 841.924
6926 817.924
7002 813.924
7073 808.924
6915 861.924
6914 865.924
6919 845.924
6995 841.924
7066 836.924
7067 832.924
7068 828.924
6953 590.968
6952 594.968
6954 586.968
6957 574.968
6956 578.968
6958 570.968
6949 606.968
6951 598.968
7000 821.924
7007 793.924
7078 788.924
7079 784.924
7148 780.924
7149 776.924
7006 797.924
7077 792.924
6993 849.924
7064 844.924
7133 840.924
6992 853.924
7063 848.924
6997 833.924
6996 837.924
6999 825.924
6985 889.924
7054 884.924
7055 880.924
7056 876.924
7125 872.924
7190 868.924
7191 864.924
7192 860.924
7259 856.924
7327 851.924
7328 847.924
7329 843.924
7330 839.924
7331 835.924
7400 831.924
6984 893.924
7053 888.924
6987 881.924
6986 885.924
6989 865.924
7060 860.924
7061 856.924
7062 852.924
6988 877.924
7057 872.924
7126 868.924
7127 864.924
6991 857.924
6990 861.924
6977 921.924
7046 916.924
7115 912.924
7116 908.924
7117 904.924
7182 900.924
7183 896.924
7250 892.924
7318 887.924
7387 883.924
7453 879.924
7454 875.924
7455 871.924
7456 867.924
6976 925.924
7045 920.924
6979 913.924
7048 908.924
6978 917.924
7047 912.924
6981 905.924
7050 900.924
7119 896.924
6980 909.924
7049 904.924
7118 900.924
6983 897.924
7052 892.924
7032 574.968
7034 567.968
7035 563.968
6961 559.968
7025 602.968
7027 594.968
7028 590.968
7026 598.968
7031 578.968
7030 582.968
7018 642.968
7009 785.924
7080 780.924
7008 789.924
7011 777.924
7082 772.924
7010 781.924
7081 776.924
7059 864.924
7058 868.924
7044 924.924
7097 602.968
7098 598.968
7099 594.968
7096 606.968
7101 586.968
7103 578.968
7102 582.968
7089 642.968
7088 646.968
7095 610.968
7094 614.968
7085 657.968
7015 653.968
6939 649.968
6868 645.968
6797 641.968
6722 637.968
7087 650.968
7074 804.924
7129 856.924
7194 852.924
7195 848.924
7196 844.924
7197 840.924
7264 836.924
7332 831.924
7401 827.924
7128 860.924
7131 848.924
7130 852.924
7132 844.924
7123 880.924
7124 876.924
7113 920.924
7114 916.924
7112 924.924
7177 920.924
7244 916.924
7312 911.924
7381 907.924
7382 903.924
7448 899.924
7449 895.924
7450 891.924
7451 887.924
7452 883.924
7105 571.968
7162 634.968
7165 614.968
7166 610.968
7167 606.968
7164 618.968
7157 650.968
7158 646.968
7156 654.968
7159 646.968
7147 784.924
7146 788.924
7151 768.924
7150 772.924
7193 856.924
7199 832.924
7200 828.924
7267 824.924
7335 819.924
7404 815.924
7405 811.924
7198 836.924
7265 832.924
7333 827.924
7334 823.924
7403 819.924
7185 888.924
7252 884.924
7320 879.924
7321 875.924
7390 871.924
7184 892.924
7251 888.924
7319 883.924
7388 879.924
7186 884.924
7253 880.924
7189 872.924
7188 876.924
7176 571.968
7106 567.968
7179 912.924
7246 908.924
7314 903.924
7383 899.924
7384 895.924
7385 891.924
7178 916.924
7245 912.924
7313 907.924
7181 904.924
7180 908.924
7247 904.924
7315 899.924
7316 895.924
7317 891.924
7168 602.968
7171 590.968
7173 582.968
7175 575.968
7231 618.968
7230 622.968
7219 665.968
7154 661.968
7221 658.968
7222 654.968
7223 650.968
7209 792.924
7208 796.924
7275 792.924
7343 787.924
7344 783.924
7345 779.924
7346 775.924
7347 771.924
7416 767.924
7417 763.924
7201 824.924
7268 820.924
7336 815.924
7203 816.924
7202 820.924
7269 816.924
7337 811.924
7406 807.924
7207 800.924
7274 796.924
7342 791.924
7257 864.924
7325 859.924
7326 855.924
7256 868.924
7324 863.924
7258 860.924
7261 848.924
7260 852.924
7263 840.924
7262 844.924
7249 896.924
7248 900.924
7241 579.968
7242 575.968
7243 920.924
7311 915.924
7380 911.924
7233 610.968
7232 614.968
7237 594.968
7236 598.968
7238 590.968
7172 586.968
7289 654.968
7288 658.968
7291 646.968
7293 638.968
7292 642.968
7295 630.968
7296 626.968
7297 622.968
7294 634.968
7281 768.924
7349 763.924
7350 759.924
7351 755.924
7420 751.924
7280 772.924
7348 767.924
7283 760.924
7282 764.924
7287 662.968
7272 804.924
7340 799.924
7409 795.924
7277 784.924
7276 788.924
7279 776.924
7278 780.924
7266 828.924
7271 808.924
7339 803.924
7270 812.924
7338 807.924
7323 867.924
7305 590.968
7304 594.968
7307 583.968
7308 579.968
7310 919.924
7379 915.924
7301 606.968
7303 598.968
7302 602.968
7353 750.968
7555 738.968
7355 670.968
7356 666.968
7357 662.968
7358 658.968
7376 587.968
7369 614.968
7370 610.968
7368 618.968
7371 606.968
7373 598.968
7372 602.968
7361 646.968
7360 650.968
7363 638.968
7364 634.968
7362 642.968
7365 630.968
7366 626.968
7419 755.924
7418 759.924
7423 674.968
7422 676.968
7408 799.924
7411 787.924
7412 783.924
7413 779.924
7415 771.924
7414 775.924
7402 823.924
7407 803.924
7395 851.924
7394 855.924
7397 843.924
7398 839.924
7396 847.924
7399 835.924
7441 602.968
7442 598.968
7440 606.968
7433 634.968
7434 630.968
7432 638.968
7437 618.968
7436 622.968
7439 610.968
7438 614.968
7425 666.968
7426 662.968
7424 670.968
7429 650.968
7430 646.968
7431 642.968
7428 654.968
7513 906.968
7514 902.968
7515 898.968
7516 894.968
7517 890.968
7518 886.968
7519 882.968
7520 878.968
7521 874.968
7522 870.968
7523 866.968
7524 862.968
7525 858.968
7526 854.968
7527 850.968
7528 846.968
7529 842.968
7530 838.968
7531 834.968
7532 830.968
7533 826.968
7534 822.968
7535 818.968
7536 814.968
7537 810.968
7538 806.968
7539 802.968
7540 798.968
7541 794.968
7542 790.968
7543 786.968
7544 782.968
7545 778.968
7546 774.968
7547 770.968
7548 766.968
7549 762.968
7550 758.968
7551 754.968
7552 750.968
7553 746.968
7554 742.968
7505 614.968
7504 618.968
7507 606.968
7506 610.968
7497 646.968
7496 650.968
7503 622.968
7502 626.968
7489 678.968
7491 670.968
7490 674.968
7495 654.968
7494 658.968
7579 606.968
7508 602.968
7582 915.968
7583 911.968
7584 907.968
7657 903.968
7658 899.968
7659 895.968
7660 891.968
7733 887.968
7807 882.968
7570 642.968
7573 630.968
7572 634.968
7575 622.968
7574 626.968
7561 678.968
7562 674.968
7560 682.968
7565 662.968
7564 666.968
7559 684.968
7488 680.968
7609 807.968
7610 803.968
7611 799.968
7612 795.968
7685 791.968
7686 787.968
7759 783.968
7833 778.968
7834 774.968
7608 811.968
7681 807.968
7754 803.968
7828 798.968
7829 794.968
7613 791.968
7614 787.968
7615 783.968
7616 779.968
7689 775.968
7690 771.968
7691 767.968
7764 763.968
7838 758.968
7603 831.968
7604 827.968
7677 823.968
7750 819.968
7824 814.968
7825 810.968
7605 823.968
7606 819.968
7607 815.968
7592 875.968
7593 871.968
7666 867.968
7739 863.968
7813 858.968
7641 654.968
7640 658.968
7643 646.968
7644 642.968
7645 638.968
7642 650.968
7647 630.968
7646 634.968
7633 686.968
7634 682.968
7635 678.968
7637 670.968
7638 666.968
7625 743.968
7698 739.968
7699 735.968
7700 731.968
7773 727.968
7847 722.968
7848 718.968
7849 714.968
7850 710.968
7624 747.968
7627 735.968
7626 739.968
7629 727.968
7702 723.968
7703 719.968
7628 731.968
7630 723.968
7617 775.968
7619 767.968
7620 763.968
7621 759.968
7694 755.968
7695 751.968
7768 747.968
7842 742.968
7618 771.968
7623 751.968
7622 755.968
7679 815.968
7752 811.968
7826 806.968
7678 819.968
7751 815.968
7648 626.968
7654 607.091
10081 603.055
7706 686.968
7709 674.968
7697 743.968
7696 747.968
7769 743.968
7843 738.968
7844 734.968
7701 727.968
7688 779.968
7761 775.968
7835 770.968
7836 766.968
7837 762.968
7693 759.968
7692 763.968
7765 759.968
7839 754.968
7840 750.968
7680 811.968
7753 807.968
7827 802.968
7683 799.968
7756 795.968
7830 790.968
7682 803.968
7755 799.968
7684 795.968
7757 791.968
7831 786.968
7832 782.968
7687 783.968
7760 779.968
7720 630.968
7721 626.968
7649 622.968
7576 618.968
7713 658.968
7712 662.968
7715 650.968
7716 646.968
7717 642.968
7718 638.968
7719 634.968
7714 654.968
7771 735.968
7845 730.968
7846 726.968
7770 739.968
7772 731.968
7775 719.968
7774 723.968
7763 767.968
7762 771.968
7767 751.968
7841 746.968
7766 755.968
7758 787.968
7793 634.968
7794 630.968
7792 638.968
7785 666.968
7784 670.968
7787 658.968
7788 654.968
7789 650.968
7786 662.968
7791 642.968
7790 646.968
7776 715.968
7779 690.968
7778 707.968
7781 682.968
7782 678.968
7865 642.968
7864 646.968
7866 638.968
7857 674.968
7859 666.968
7858 670.968
7861 658.968
7860 662.968
7863 650.968
7862 654.968
7855 682.968
7854 686.968
7931 674.968
7930 678.968
7933 666.968
7934 662.968
7935 658.968
7936 654.968
7932 670.968
7937 650.968
7938 646.968
7939 642.968
7941 634.968
7868 630.968
8013 629.968
7944 622.968
7872 618.968
7726 610.968
8057 705.968
8056 709.968
8058 701.968
8061 689.968
8062 685.968
8060 693.968
8051 729.968
8055 713.968
8040 773.968
8035 793.968
8036 789.968
8072 645.968
8074 638.968
8065 673.968
8064 677.968
8067 665.968
8068 661.968
8069 657.968
8123 681.968
