 key  value
8122 116
8123 112
8064 108
8002 104
7932 100
7859 96
7786 92
7787 88
7714 84
7642 80
7569 76
7498 72
7499 68
7500 64
7434 60
7435 56
7367 52
7298 48
7232 44
7166 40
7167 36
7097 32
7026 28
6952 24
6882 20
6883 16
6812 12
6813 8
6814 4
8125 104
8066 100
8067 96
8068 92
8069 88
8070 84
8008 80
7938 76
7865 72
7866 68
7793 64
7720 60
7648 56
7575 52
7504 48
7505 44
7439 40
7371 36
7302 32
7303 28
7237 24
7171 20
7101 16
7030 12
6956 8
6886 4
8124 108
8065 104
8127 96
8126 100
8113 152
8114 148
8115 144
8116 140
8117 136
8118 132
8059 128
7997 124
7998 120
7999 116
8000 112
7930 108
7857 104
7858 100
8112 156
8119 128
8060 124
8061 120
8062 116
8063 112
8105 184
8046 180
8047 176
7985 172
7915 168
7916 164
7917 160
7918 156
7919 152
7920 148
7921 144
7922 140
7923 136
7924 132
7925 128
7926 124
7927 120
7854 116
7781 112
7782 108
7783 104
7710 100
7638 96
7565 92
7494 88
7495 84
7496 80
7430 76
7431 72
7432 68
7433 64
7365 60
7296 56
7230 52
7231 48
8104 188
8045 184
8107 176
8048 172
8049 168
8050 164
7988 160
7989 156
7990 152
7991 148
7992 144
8106 180
8109 168
8110 164
8051 160
8108 172
8111 160
8052 156
8097 216
8098 212
8099 208
8040 204
8041 200
7979 196
7909 192
7910 188
7911 184
7912 180
7913 176
7914 172
8096 220
8037 216
7975 212
7976 208
7906 204
7907 200
7908 196
8101 200
8042 196
8043 192
7981 188
7982 184
7983 180
8100 204
8103 192
8044 188
8102 196
8155 216
8157 208
8158 204
8156 212
8159 200
8160 196
8136 292
8137 288
8138 284
8081 280
8082 276
8023 272
8024 268
7962 264
7963 260
7964 256
7894 252
7895 248
7896 244
7897 240
7898 236
7899 232
7900 228
7901 224
7902 220
7903 216
7904 212
7905 208
8128 92
8185 96
8186 92
8129 88
8184 100
8177 128
8120 124
8176 132
8179 120
8178 124
8181 112
8180 116
8183 104
8182 108
8169 160
8170 156
8171 152
8172 148
8168 164
8173 144
8174 140
8175 136
8161 192
8162 188
8163 184
8164 180
8165 176
8166 172
8167 168
8217 200
8216 204
8219 192
8220 188
8221 184
8222 180
8223 176
8224 172
8218 196
8215 208
8214 212
8241 104
8240 108
8242 100
8243 96
8244 92
8245 88
8188 84
8189 80
8132 76
8073 72
8011 68
7941 64
7868 60
7795 56
7722 52
7650 48
7577 44
7506 40
7440 36
7372 32
8233 136
8234 132
8235 128
8236 124
8232 140
8237 120
8239 112
8238 116
8225 168
8226 164
8227 160
8228 156
8229 152
8230 148
8231 144
8281 160
8280 164
8283 152
8282 156
8285 144
8284 148
8287 136
8286 140
8273 192
8272 196
8275 184
8274 188
8277 176
8276 180
8279 168
8278 172
91 357
112 353
126 349
143 345
172 341
209 337
254 333
304 329
359 325
419 319
482 315
481 311
550 304
549 300
620 296
690 292
689 288
768 284
854 280
938 276
1012 272
1081 268
1153 264
1236 260
1318 256
1404 252
1498 248
1685 240
1780 236
1866 232
1950 228
2039 224
2131 220
2222 216
2309 212
2397 208
2483 204
2567 200
2654 196
2742 192
2830 188
2927 184
3029 180
3121 176
3215 172
3310 168
3405 164
3490 160
3571 156
3657 152
3739 148
3825 144
3914 140
4003 136
4092 132
4181 128
4274 124
4364 120
4452 116
4539 112
4624 108
4706 104
4794 100
4880 96
4964 92
5047 88
5129 84
5208 80
5296 76
5388 72
5479 68
5564 64
5641 60
5721 56
5796 52
5871 48
5946 44
6026 40
6106 36
6184 32
6259 28
6336 24
6415 20
6498 16
6581 12
6660 8
6739 4
8269 208
93 357
113 353
127 349
144 345
8268 212
92 357
8271 200
8270 204
8319 208
8320 204
8321 200
8318 212
8298 92
125 349
8289 128
8288 132
8291 120
115 360
129 356
146 352
174 348
211 344
256 340
306 336
361 332
422 328
485 324
555 320
626 316
696 312
774 305
859 299
858 295
857 291
940 284
939 280
8290 124
114 357
8293 112
8292 116
8294 108
8295 104
8344 108
8349 93.834
9963 91.869
8299 88
8246 84
110 353
124 349
142 345
171 341
208 337
253 333
8337 136
8338 132
8339 128
8340 124
8336 140
8341 120
8342 116
8343 112
8329 168
8330 164
8331 160
8328 172
8333 152
8334 148
8335 144
8332 156
145 349
173 345
8323 192
147 356
8322 196
8325 184
8326 180
149 359.968
178 355.968
216 351.968
262 346.968
313 342.968
369 338.968
431 333.968
495 329.968
566 325.968
638 320.968
708 316.968
785 312.968
869 308.968
947 304.968
1019 300.968
1089 296.968
1161 292.968
1245 288.968
1329 284.968
1419 280.968
1516 276.968
1610 272.968
1707 268.968
1797 264.968
1880 260.968
1968 256.968
2059 252.968
2149 248.968
2235 244.968
2322 240.968
2408 236.968
2493 232.968
2578 228.968
2664 224.968
2752 220.968
2840 216.968
2940 212.968
3043 208.968
3133 204.968
3225 200.968
3319 196.968
3409 192.968
3497 188.968
3582 184.968
3665 180.968
3750 176.968
3839 172.968
3928 168.968
4016 164.968
4105 160.968
4196 156.968
4381 148.968
4470 144.968
4557 140.968
4643 136.968
9898 131.517
4729 127
4728 123
4727 119
4814 112
4899 108
4983 104
5066 100
5147 96
5226 92
5225 88
5312 84
5403 80
5493 76
5578 72
5654 68
5733 64
5808 60
5807 56
5881 52
5880 48
5953 44
6033 40
6113 36
6190 32
6264 28
6341 24
6419 20
6501 16
6583 12
6662 8
6740 4
8324 188
148 359
176 355
213 351
258 347
308 343
363 339
424 335
487 331
557 327
628 323
697 316
8327 176
150 358.968
179 354.968
217 350.968
263 345.968
314 341.968
370 337.968
432 332.968
496 328.968
567 324.968
8377 172
8378 168
8376 176
8379 164
8381 156
8382 152
8383 148
8384 144
8380 160
8369 204
8368 208
128 353
8371 196
131 363
8370 200
130 360
8373 188
8374 184
133 361.968
151 357.968
180 353.968
218 349.968
264 344.968
315 340.968
371 336.968
8372 192
8375 180
177 356.968
215 352.968
261 347.968
312 343.968
368 339.968
430 334.968
494 330.968
565 326.968
637 321.968
707 317.968
784 313.968
181 352.968
219 348.968
175 352
8393 108
8345 104
8346 100
8347 96
8385 140
8386 136
8387 132
8388 128
210 341
255 337
8389 124
8390 120
212 348
257 344
307 340
8391 116
8392 112
214 353.968
260 348.968
311 344.968
367 340.968
429 335.968
493 331.968
564 327.968
636 322.968
706 318.968
783 314.968
868 309.968
946 305.968
1018 301.968
1088 297.968
8441 116
8442 112
8443 108
8444 104
8395 100
8396 96
8348 92
8440 120
8433 148
8434 144
8435 140
8436 136
8437 132
8438 128
8439 124
8432 152
8425 180
8426 176
8427 172
8424 184
8429 164
8430 160
8431 156
8428 168
8419 204
8420 200
8418 208
8421 196
8422 192
8423 188
8473 180
8472 184
8475 172
8476 168
8477 164
8474 176
8479 156
8478 160
8467 204
8466 208
8469 196
8470 192
8471 188
8468 200
266 344.968
317 340.968
373 336.968
434 332.968
497 328.968
568 324.968
639 320.968
709 316.968
786 312.968
870 308.968
8499 264
8500 260
8454 256
8455 252
8456 248
8457 244
8410 240
8411 236
8412 232
8413 228
8414 224
8365 220
8317 216
259 349.968
310 345.968
366 341.968
428 336.968
492 332.968
563 328.968
635 323.968
705 319.968
782 315.968
867 310.968
945 306.968
1017 302.968
1087 298.968
1160 293.968
1244 289.968
1328 285.968
316 340.968
372 336.968
433 332.968
319 340.968
374 336.968
435 332.968
498 328.968
318 340.968
8481 148
305 333
360 329
8480 152
8483 140
8482 144
8485 132
8486 128
309 347
364 343
425 339
488 335
558 331
8484 136
8487 124
299 312
354 308
414 304
476 300
545 296
616 292
686 288
766 284
852 280
937 276
1011 272
8529 144
8530 140
8531 136
8532 132
8528 148
8533 128
8521 176
8520 180
8523 168
8524 164
8525 160
8526 156
8522 172
8527 152
8515 200
8516 196
8517 192
8518 188
8514 204
8519 184
8569 164
8570 160
8568 168
8571 156
8572 152
8573 148
8574 144
8575 140
8576 136
8561 196
8560 200
8563 188
8564 184
8565 180
8566 176
8562 192
8567 172
375 336.968
436 332.968
500 328.968
571 324.968
642 320.968
712 316.968
788 312.968
872 308.968
949 304.968
1021 300.968
1090 296.968
1162 292.968
1246 288.968
362 336
8605 196
365 345.968
427 340.968
8604 200
8607 188
8606 192
353 308
413 304
474 300
543 296
614 292
685 288
765 284
851 280
936 276
8589 260
8546 256
8502 252
8588 264
412 304
8590 256
8547 252
8548 248
8549 244
8505 240
8506 236
8507 232
8508 228
8509 224
8463 220
8416 216
8417 212
8632 256
8633 252
8634 248
8593 244
8550 240
8631 260
8630 264
8617 148
8618 144
8619 140
8616 152
8609 180
8608 184
8611 172
8610 176
8613 164
8614 160
8615 156
8612 168
426 343
8671 260
8672 256
8670 264
8657 156
8658 152
8656 160
416 304
478 300
546 296
617 292
688 288
8659 148
8660 144
8661 140
8620 136
8577 132
8578 128
8579 124
8580 120
8536 116
8537 112
8491 108
421 325
484 321
554 317
625 313
695 309
420 323
483 319
423 332
8649 188
8650 184
473 301
541 297
612 293
683 289
762 285
849 281
933 277
1008 273
1078 269
1150 264
1316 256
1496 248
1590 244
1683 240
1864 232
2129 220
2220 216
2307 212
2395 208
2481 204
2565 200
2652 196
2741 192
2829 188
8648 192
8651 180
475 300
8653 172
8654 168
8655 164
477 300
8652 176
469 301
538 297
609 293
680 289
760 285
847 281
932 277
8647 196
471 301
539 297
610 293
8646 200
8697 156
8698 152
8699 148
8696 160
8701 140
8702 136
8663 132
8622 128
8700 144
8689 188
8691 180
8692 176
8693 172
8694 168
8695 164
8690 184
8686 200
8687 196
8688 192
499 328.968
570 324.968
641 320.968
711 316.968
787 312.968
871 308.968
8729 184
8730 180
8731 176
8732 172
489 339
8728 188
491 336.968
490 340.968
561 336.968
633 331.968
634 327.968
8733 168
8735 160
8734 164
8726 196
486 328
537 298
540 297
611 293
682 289
761 285
848 281
542 297
8711 256
8673 252
8710 260
8763 196
8727 192
8765 188
8766 184
8764 192
8767 180
8768 176
8747 260
8746 264
8748 256
8712 252
8674 248
8675 244
8636 240
8595 236
8552 232
8737 152
8736 156
8739 144
8740 140
8741 136
8703 132
8664 128
8623 124
8738 148
553 315
624 311
694 307
693 303
772 299
552 311
551 307
622 303
692 299
771 295
556 324
627 320
544 296
615 292
8787 260
8788 256
8749 252
8713 248
547 296
618 292
8786 264
8776 144
605 306
676 302
756 298
844 293
845 289
930 285
931 281
8780 142.363
9950 136.701
8704 132
607 298
678 294
758 290
846 285
606 302
8769 172
8771 164
8770 168
8773 156
8772 160
8775 148
8774 152
8827 260
8816 144
8777 140
8809 172
8810 168
8808 176
8811 164
8813 156
8812 160
8815 148
8814 152
8801 204
8762 200
8800 208
8803 196
8804 192
8805 188
8807 180
8806 184
619 292
621 300
691 296
770 292
856 288
855 284
623 307
8849 172
8848 176
608 294
679 290
759 286
8851 164
8852 160
8850 168
8853 156
613 293
684 289
764 285
8854 152
8841 204
8842 200
8843 196
8845 188
8846 184
8844 192
8847 180
8890 151.992
9969 148.062
8881 187.992
8882 183.992
8883 179.992
8884 175.992
8885 171.992
8886 167.992
8887 163.992
8888 159.992
8889 155.992
8880 191.992
8877 203.992
8878 199.992
8879 195.992
681 289
8920 171.992
687 288
8913 199.992
8912 203.992
8915 191.992
8916 187.992
675 306
8914 195.992
8917 183.992
8918 179.992
8919 175.992
677 298
757 294
8911 207.992
8910 211.992
8953 175.992
8952 179.992
8945 207.992
8946 203.992
8944 211.992
8947 199.992
8949 191.992
8948 195.992
8951 183.992
8950 187.992
710 316.968
763 289
850 285
934 281
767 284
853 280
753 305.533
840 301.533
925 297.533
1003 293.533
1073 289.533
1142 285.533
1223 278.533
1306 271.533
1393 265.533
1487 261.533
1584 257.533
1677 253.533
1773 249.533
1862 245.533
1946 241.533
2035 237.533
2127 233.533
2218 229.533
2305 225.533
2392 221.533
2478 214.595
2734 198
2820 193
2913 189
3015 185
3108 181
3203 176
3300 172
3395 168
3482 163
3564 159
3649 155
3732 150
3820 146
3907 142
3996 138
4086 133
4176 129
4269 125
4360 120
4449 116
4537 112
4623 108
4705 104
4793 100
4879 96
4963 92
755 302
843 297
754 305.533
841 301.533
8985 179.992
8986 175.992
8987 171.992
8988 167.992
8956 163.992
8923 159.992
8924 155.992
8984 183.992
8977 211.992
8978 207.992
8976 215.992
8979 203.992
8981 195.992
8980 199.992
8983 187.992
8982 191.992
8975 219.992
8943 215.992
8974 223.992
8942 219.992
8909 215.992
8875 211.992
8876 207.992
789 312.968
873 308.968
951 304.968
1023 300.968
1093 296.968
1165 292.968
1249 288.968
1333 284.968
1423 280.968
1519 276.968
1612 272.968
1709 268.968
1799 264.968
1881 260.968
1969 256.968
790 312.968
874 308.968
9017 179.992
9016 183.992
9009 211.992
769 288
9008 215.992
9011 203.992
9010 207.992
9013 195.992
9014 191.992
9015 187.992
9012 199.992
9005 227.992
9006 223.992
9007 219.992
8997 259.992
8966 255.992
8967 251.992
8968 247.992
8969 243.992
8970 239.992
8938 235.992
8905 231.992
8871 227.992
8872 223.992
8873 219.992
8874 215.992
8998 255.992
8999 251.992
9041 207.992
9042 203.992
9040 211.992
9043 199.992
9044 195.992
9045 191.992
9046 187.992
9047 183.992
9048 179.992
9018 175.992
9037 223.992
9036 227.992
9039 215.992
9038 219.992
9029 255.992
9028 259.992
842 301
927 297
928 293
929 289
9073 195.992
9074 191.992
9072 199.992
9075 187.992
835 321.533
836 317.533
837 313.533
922 309.533
923 305.533
924 301.533
839 305.533
838 309.533
9065 227.992
9064 231.992
9067 219.992
9068 215.992
9069 211.992
9066 223.992
9071 203.992
9070 207.992
9059 251.992
9031 247.992
9001 243.992
9058 255.992
9063 235.992
9035 231.992
9113 259.992
9087 255.992
875 308.968
952 304.968
9117 243.992
9091 239.992
876 308.968
954 304.968
1026 300.968
1096 296.968
1168 292.968
1251 288.968
1335 284.968
1425 280.968
1522 276.968
1615 272.968
1712 268.968
1802 264.968
1885 260.968
1973 256.968
2063 252.968
2152 248.968
2237 244.968
2324 240.968
2409 236.968
9119 235.992
9120 231.992
9094 227.992
9095 223.992
9096 219.992
9118 239.992
9092 235.992
9104 187.992
9076 183.992
9097 215.992
921 313.533
920 317.533
9099 207.992
9100 203.992
9098 211.992
9101 199.992
9102 195.992
9103 191.992
926 297.533
9093 231.992
9145 243.992
9144 247.992
9147 235.992
9146 239.992
9149 227.992
9150 223.992
9151 219.992
9152 215.992
9153 211.992
9154 207.992
9127 203.992
9128 199.992
9129 195.992
9148 231.992
9141 259.992
9114 255.992
9088 251.992
9060 247.992
9032 243.992
9033 239.992
9034 235.992
9143 251.992
9116 247.992
9090 243.992
9062 239.992
9130 191.992
9133 183.992
9107 179.992
9078 175.992
9050 171.992
9020 167.992
8989 163.992
8957 159.992
9121 227.992
944 307.968
1016 303.968
1086 299.968
1159 294.968
1243 290.968
1327 286.968
1418 281.968
1515 277.968
1609 273.968
9123 219.992
9124 215.992
9122 223.992
9125 211.992
9126 207.992
950 304.968
9177 219.992
9178 215.992
9176 223.992
9179 211.992
9180 207.992
9181 203.992
9182 199.992
9183 195.992
9158 191.992
9159 187.992
9132 183.992
9106 179.992
9169 251.992
9170 247.992
9171 243.992
9173 235.992
9172 239.992
9175 227.992
935 276
1010 272
1234 260
1317 256
9174 231.992
9155 203.992
9156 199.992
9157 195.992
9201 223.992
9200 227.992
9203 215.992
9204 211.992
9205 207.992
9206 203.992
9202 219.992
9193 255.992
9195 247.992
9197 239.992
9198 235.992
9199 231.992
9196 243.992
1022 300.968
1092 296.968
1164 292.968
1247 288.968
1331 284.968
1421 280.968
1517 276.968
1611 272.968
1708 268.968
1009 277
1015 307.68
1085 303.68
1158 298.68
1242 294.68
1326 290.68
1417 285.68
1514 281.68
1608 277.68
1705 273.68
10049 269.938
1014 308.68
1084 304.68
1157 299.68
1241 295.68
1325 291.68
1416 286.68
1513 282.68
1607 278.68
9241 243.992
9220 239.992
1001 316.533
1000 320.533
9243 235.992
9222 231.992
9223 227.992
9242 239.992
9245 227.992
9246 223.992
9247 219.992
9248 215.992
9227 211.992
9228 207.992
1005 296
1006 292
9244 231.992
1004 297.533
1074 293.533
1007 277
9225 219.992
9224 223.992
9226 215.992
9219 243.992
9221 235.992
1037 348.968
1104 344.968
1180 340.968
1263 336.968
1349 332.968
1439 328.968
1438 324.968
1437 320.968
1436 316.968
1435 312.968
1434 308.968
1433 304.968
1432 300.968
1528 296.968
1527 292.968
1526 288.968
1525 284.968
1524 280.968
1523 276.968
1616 272.968
1713 268.968
1803 264.968
1027 300.968
1028 300.968
1098 296.968
1170 292.968
1253 288.968
1337 284.968
1427 280.968
1080 268
1152 264
9249 211.992
1075 297.26
1144 293.26
1226 289.26
10048 285.587
1227 284
1228 280
1229 276
1230 272
1231 268
1232 264
1233 260
1077 272
1148 268
1076 296
1097 296.968
1169 292.968
1099 296.968
1171 292.968
1254 288.968
1102 308.968
1174 304.968
1257 300.968
1256 296.968
1255 292.968
1338 288.968
1428 284.968
1095 296.968
1167 292.968
1250 288.968
1145 280
1146 276
1147 272
1143 289.533
1183 352.968
1182 348.968
1265 344.968
1264 340.968
1350 336.968
1440 332.968
1173 300.968
1172 296.968
1163 292.968
1166 292.968
1156 303.68
1240 299.68
1324 295.68
1415 290.68
9421 1739.96
9422 1641.96
9423 1543.96
9424 1445.96
9442 1270.96
9443 1171.96
9461 1036.96
9477 930.956
9494 823.956
9512 691.956
9531 584.956
9551 477.956
6006 288.956
6087 283.956
6163 279.956
6238 275.956
6313 270.956
6314 266.956
6315 262.956
6316 258.956
6317 254.956
6395 247.956
6474 240.956
6555 236.956
6635 231.956
6713 227.956
6714 223.956
6715 219.956
6791 215.956
6864 210.956
6936 206.956
7012 202.956
7083 197.956
7152 193.956
7217 189.956
7284 185.956
7352 180.956
7421 176.956
7487 172.956
9982 169.015
7556 164
7557 160
7558 156
7631 149
7704 145
7777 141
7851 136
7852 132
9420 1837.96
1235 260
1225 286.533
1224 282.533
1221 277.533
1220 273.533
1305 269.533
1392 265.533
1484 261.533
1582 257.533
1675 253.533
1772 249.533
9462 1000.46
9939 910.042
9478 892.136
9942 803.257
9495 784.956
1222 281.533
1269 360.968
1355 356.968
1445 352.968
1444 348.968
1443 344.968
1442 340.968
1441 336.968
1259 320.968
1345 316.968
1248 288.968
9493 878.956
9511 745.956
9530 639.956
9550 533.956
9572 404.956
5928 307.956
1252 288.968
1304 270.533
1307 275.533
1309 283.533
1308 279.533
1311 288
1312 284
1310 287.533
9529 738.956
9528 837.956
9532 580.956
9525 1726.2
9544 1624.2
9563 1531.2
9586 1429.2
9607 1327.2
9629 1235.2
9630 1138.2
9631 1041.2
9984 989.603
9609 910
9610 810
9611 710
9612 610
9613 510
9614 410
7873 344
7800 340
7801 336
7874 332
7875 328
7876 324
7877 320
7878 316
7879 312
7880 308
7881 304
7882 300
7883 296
7884 292
7885 288
7886 284
7887 280
7888 276
7889 272
7890 268
7891 264
7892 260
7893 256
9524 1821.2
9543 1719.2
9562 1626.2
9585 1525.2
9606 1424.2
9628 1332.2
9527 936.956
9513 687.956
1336 284.968
1426 280.968
1339 292.968
1429 288.968
1341 300.968
1431 296.968
1430 292.968
1340 296.968
1343 308.968
1342 304.968
9506 1922.2
1330 284.968
1420 280.968
9509 941.956
9510 843.956
1332 284.968
1422 280.968
1334 284.968
1424 280.968
1521 276.968
9567 894.956
9568 796.956
9569 698.956
9570 600.956
9571 502.956
9566 992.956
1319 256
1405 252
1499 248
1592 244
9547 832.956
9546 931.956
9549 633.956
9548 732.956
9593 401.956
6911 349.956
6912 345.956
6913 341.956
6982 330.956
7051 325.956
7120 321.956
7121 317.956
7122 313.956
7123 309.956
7124 305.956
7189 301.956
7190 297.956
7191 293.956
7258 289.956
7326 284.956
7395 280.956
7461 276.956
7462 272.956
7463 268.956
7464 264.956
7465 260.956
7466 256.956
7467 252.956
7468 248.956
7469 244.956
7470 240.956
7471 236.956
7472 232.956
7473 228.956
7474 224.956
7475 220.956
7476 216.956
7477 212.956
7478 208.956
7479 204.956
7480 200.956
7481 196.956
7482 192.956
7483 188.956
7484 184.956
7485 180.956
7486 176.956
9592 500.956
9595 743.968
9594 644.968
5374 570.968
5373 566.968
5372 562.968
5371 558.968
5370 554.968
5282 550.968
5199 545.968
5198 541.968
5197 537.968
5117 533.968
5035 529.968
4951 524.968
4950 520.968
4949 516.968
4864 512.968
4777 508.968
4688 503.968
4687 499.968
4686 495.968
4685 491.968
4684 487.968
4598 483.968
4511 479.968
4422 475.968
4330 470.968
4238 466.968
4145 462.968
4055 457.968
4054 453.968
4053 449.968
4052 445.968
4051 441.968
4050 437.968
4049 433.968
3959 429.968
3958 425.968
3869 421.968
3781 417.968
3693 412.968
3692 408.968
3608 404.968
3607 400.968
3606 396.968
3520 392.968
3434 387.968
3433 383.968
3432 379.968
3431 375.968
3430 371.968
3429 367.968
3428 363.968
3427 359.968
3426 355.968
3425 351.968
3424 347.968
3423 343.968
3339 339.968
3338 335.968
3337 331.968
3336 327.968
3335 323.968
3334 319.968
3333 315.968
3332 311.968
3331 307.968
3330 303.968
3329 299.968
3328 295.968
3327 291.968
3326 287.968
3325 283.968
3324 279.968
3323 275.968
3229 268.968
3138 263.968
3046 259.968
3045 255.968
2949 248.968
2948 244.968
2947 240.968
2946 236.968
2945 232.968
2944 228.968
2943 224.968
2942 220.968
2941 216.968
1352 344.968
1357 364.968
1356 360.968
1359 372.968
1358 368.968
1347 324.968
1346 320.968
9589 797.956
9590 698.956
9591 599.956
9588 896.956
1348 328.968
1401 279
1314 275
1315 271
1400 283
1403 252
1402 275
1395 272.533
1489 268.533
1586 264.533
1679 260.533
1775 256.533
1863 249.533
1394 269.533
9573 136
4102 132
4287 124
4377 120
4466 116
4554 112
4640 108
4722 104
4809 100
4894 96
4978 92
5062 88
5143 84
5222 80
5309 76
5401 72
5491 68
5576 64
5652 60
5731 56
5806 52
1397 280.533
1396 276.533
1490 272.533
1587 268.533
1399 287
9574 640.968
3561 556.968
3475 551.968
3474 547.968
3473 543.968
3472 539.968
3471 535.968
3470 531.968
3469 527.968
3468 523.968
3467 519.968
3466 515.968
3465 511.968
3464 507.968
3463 503.968
3462 499.968
3461 495.968
3460 491.968
3459 487.968
3458 483.968
3457 479.968
3456 475.968
3455 471.968
3454 467.968
3453 463.968
3452 459.968
3451 455.968
3450 451.968
3449 447.968
3448 443.968
3447 439.968
3446 435.968
3445 431.968
3444 427.968
3443 423.968
3442 419.968
3441 415.968
3440 411.968
3439 407.968
3438 403.968
3437 399.968
3436 395.968
3435 391.968
1398 285.129
1492 281.129
1491 277.129
9901 273.519
1588 272.533
1391 266.533
1483 262.533
1581 258.533
9617 746.968
9616 647.968
7111 582.968
7110 578.968
7109 574.968
7108 570.968
7038 562.968
7037 558.968
6967 551.968
6966 547.968
6965 543.968
6964 539.968
6896 532.968
6828 527.968
6827 523.968
6826 519.968
6753 515.968
6677 511.968
6599 506.968
6519 502.968
6437 498.968
6359 494.968
6282 489.968
6207 485.968
6131 481.968
6055 476.968
5974 472.968
5901 468.968
5827 464.968
5752 459.968
5676 455.968
5596 451.968
5519 446.968
5518 442.968
5432 438.968
5340 434.968
5252 430.968
5169 425.968
5089 421.968
5088 417.968
5006 413.968
4922 408.968
4921 404.968
4836 400.968
4749 396.968
4660 391.968
4659 387.968
4658 383.968
4572 379.968
4485 375.968
4484 371.968
4483 367.968
4482 363.968
4393 359.968
4301 354.968
4209 350.968
4116 346.968
4026 341.968
3936 337.968
3847 333.968
3759 329.968
3671 324.968
3587 320.968
3501 316.968
3415 311.968
9657 652
9636 549
9656 749
9635 646
9658 750
9661 849.724
9638 741.724
10125 727.14
9660 777.968
9637 669.968
9615 576.968
6824 517.968
6751 513.968
6675 509.968
6598 505.968
6518 501.968
6436 497.968
6358 493.968
9655 847
9634 743
9654 944
9633 840
1414 292.072
10030 282.934
1702 274.968
1794 267.968
1879 263.968
1963 257.968
2052 253.968
2142 249.968
2228 245.968
2316 240.968
2402 236.968
2487 232.968
2572 228.968
2659 224.968
2748 220.968
2836 216.968
2936 212.968
3040 208.968
3131 204.968
3223 200.968
3318 196.968
9639 762.968
1449 368.968
1448 364.968
1544 360.968
1543 356.968
1542 352.968
1635 348.968
1732 344.968
1731 340.968
1821 336.968
1903 332.968
1991 328.968
2081 324.968
2170 320.968
2255 316.968
2254 312.968
2341 308.968
2340 304.968
2339 300.968
2338 296.968
2337 292.968
2336 288.968
2421 284.968
2420 280.968
2504 276.968
2589 272.968
2675 268.968
2763 264.968
2851 260.968
2850 256.968
2950 252.968
9681 885.968
9680 757
9682 957.724
1447 360.968
1446 356.968
1497 248
1591 244
1778 236
1949 228
9677 1021.47
10128 922.061
1500 248
1593 244
1686 240
9679 755
9678 852
1493 289.129
1495 252
1494 289
9721 950
9700 846
9720 948
1482 270.533
1579 266.533
1580 262.533
1674 257.533
1485 261.533
1486 261.533
1529 300.968
1531 308.968
1530 304.968
1533 316.968
1532 312.968
1534 320.968
9699 943
9701 848
1512 286.68
1606 282.68
1704 277.68
1511 290.68
9742 1128
9741 1029
1553 396.968
1552 392.968
1645 388.968
1644 384.968
1741 380.968
1831 376.968
1830 372.968
1912 368.968
2000 364.968
1999 360.968
1998 356.968
1997 352.968
1996 348.968
1995 344.968
2085 340.968
2084 336.968
2083 332.968
2082 328.968
2171 324.968
2256 320.968
2343 316.968
2342 312.968
1555 404.968
1554 400.968
1556 408.968
1649 404.968
1746 400.968
1745 396.968
1835 392.968
1917 388.968
2005 384.968
2095 380.968
2184 376.968
2269 372.968
2356 368.968
2355 364.968
2440 360.968
2439 356.968
2523 352.968
2608 348.968
2607 344.968
2606 340.968
2605 336.968
2604 332.968
2603 328.968
2689 324.968
2777 320.968
2865 316.968
2864 312.968
2964 308.968
2963 304.968
2962 300.968
2961 296.968
2960 292.968
2959 288.968
2958 284.968
2957 280.968
2956 276.968
2955 272.968
2954 268.968
2953 264.968
2952 260.968
2951 256.968
1545 364.968
1546 368.968
1549 380.968
1642 376.968
1739 372.968
1738 368.968
1828 364.968
1910 360.968
1551 388.968
1550 384.968
1537 332.968
1536 328.968
1629 324.968
1726 320.968
1725 316.968
1724 312.968
1723 308.968
1722 304.968
1721 300.968
1720 296.968
1810 292.968
1892 288.968
1891 284.968
1890 280.968
1889 276.968
1977 272.968
1976 268.968
1975 264.968
2065 260.968
2154 256.968
2239 252.968
2238 248.968
1538 336.968
1541 348.968
1634 344.968
9782 1356
9781 1259
9761 1133
1585 261.533
9762 1233
1589 248
9819 1425
9799 1322
9779 1221
9760 1131
9818 1424
9821 1431
9801 1327
9780 1223
9820 1428
9800 1324
9823 1639.19
9804 1542.19
9784 1445.19
9763 1332.73
9744 1235.73
9723 1138.73
10126 1045
9702 959.968
1583 257.533
1676 253.533
9822 1467
9802 1363
1625 308.968
1624 304.968
1627 316.968
1626 312.968
1628 320.968
1630 328.968
1727 324.968
1817 320.968
1816 316.968
1815 312.968
1814 308.968
1813 304.968
1895 300.968
1894 296.968
1893 292.968
1619 284.968
1716 280.968
1806 276.968
1888 272.968
1618 280.968
1715 276.968
1805 272.968
1887 268.968
1621 292.968
1718 288.968
1808 284.968
1620 288.968
1717 284.968
1807 280.968
1623 300.968
9798 1345
9778 1243
9759 1153
9740 1051
1622 296.968
1719 292.968
1613 272.968
1710 268.968
1800 264.968
1883 260.968
1971 256.968
2062 252.968
2151 248.968
1605 282.968
9844 680.306
9833 663.243
10024 628.584
9830 588.494
9871 538.153
9829 481.467
9912 444.555
9828 413.236
9927 370.768
9827 331.896
9897 316.175
1657 435.968
1754 431.968
1844 427.968
1926 423.968
2014 419.968
2013 415.968
2012 411.968
2102 407.968
2101 403.968
2190 399.968
2189 395.968
2188 391.968
2187 387.968
2186 383.968
2271 379.968
2358 375.968
2443 371.968
2527 367.968
2612 363.968
2697 356.968
2696 352.968
2695 348.968
2694 344.968
2693 340.968
2692 336.968
2780 332.968
2868 328.968
2867 324.968
2866 320.968
1656 431.968
1753 427.968
1752 423.968
1842 419.968
1841 415.968
1923 411.968
2011 407.968
9835 635.166
9879 622.598
9834 697.857
9843 663.979
1658 439.968
1755 435.968
9836 518.272
9904 477.883
1648 400.968
9826 109.919
6240 98
6318 93
6397 89
6398 85
6481 81
6482 77
6565 73
6645 68
6646 64
6725 60
6726 56
6727 52
6803 48
6804 44
6805 40
6806 36
6807 32
6808 28
6809 24
6810 20
6811 16
1651 411.968
1650 407.968
1747 403.968
1837 399.968
1919 395.968
2007 391.968
2097 387.968
1653 419.968
1652 415.968
9831 682.143
10007 631.004
9881 350.549
1640 368.968
1737 364.968
1736 360.968
1735 356.968
1734 352.968
1733 348.968
1823 344.968
1822 340.968
1643 380.968
9885 253.464
1647 396.968
1744 392.968
1834 388.968
1833 384.968
1915 380.968
1914 376.968
2002 372.968
2092 368.968
2181 364.968
2266 360.968
2353 356.968
2352 352.968
2437 348.968
2521 344.968
1646 392.968
1633 340.968
1730 336.968
1729 332.968
1728 328.968
1632 336.968
1637 356.968
1636 352.968
1639 364.968
1638 360.968
9866 318.633
673 309.533
1684 240
9913 125.25
1673 266.533
9915 131.145
4194 128
4286 124
4376 120
4465 116
4553 112
4638 108
4720 104
4807 100
4892 96
4976 92
5059 88
5141 84
5220 80
5307 76
5399 72
5490 68
5575 64
9914 120.454
9825 111.551
5627 104
5707 100
5783 95
5784 91
5785 87
5786 83
5787 79
5788 75
5863 71
5938 67
5939 63
5940 59
5941 55
5942 51
5943 47
6023 43
6104 38
6182 34
6257 30
6335 25
6414 21
6497 17
6580 13
9917 201.88
7084 196.956
7153 192.956
7218 188.956
7285 184.956
9916 422.692
9919 391.419
9918 233.843
1678 257.533
1774 253.533
9905 319.392
9906 146.996
4469 144.968
9909 116.112
4726 112
4725 108
4812 104
4897 100
4981 96
5064 92
5145 88
5224 84
5223 80
5310 76
9908 364.58
3249 361.968
3248 357.968
3340 350.968
9911 269.775
9910 88.942
5127 86
5207 81
5295 77
5387 73
5478 69
9896 353.108
9899 194.816
2823 191
2915 187
3017 183
3110 179
3204 175
3301 171
3396 167
3483 162
3565 158
3650 154
9900 215.769
6794 212.956
7014 200.956
9903 182.045
3749 176.968
9902 394.256
1714 272.968
1804 268.968
1886 264.968
1974 260.968
2064 256.968
2153 252.968
9893 277.032
9895 157.353
4170 150
4171 146
4172 142
4173 138
4174 134
4267 130
4358 125
4359 121
4448 117
4536 113
4622 109
9894 115.621
9945 616.335
3476 555.968
9944 496.217
1769 491.968
1768 487.968
1767 483.968
1766 479.968
1765 475.968
1764 471.968
1763 467.968
1762 463.968
1852 459.968
1851 455.968
1850 451.968
1932 447.968
2020 443.968
2110 439.968
2199 435.968
2284 431.968
2371 427.968
2370 423.968
2369 419.968
2454 415.968
2538 411.968
2623 407.968
2622 403.968
2621 399.968
2620 395.968
2619 391.968
2618 387.968
2617 383.968
2616 379.968
2615 375.968
2614 371.968
2613 367.968
9946 477.967
918 475.968
917 471.968
916 467.968
915 463.968
914 459.968
913 455.968
912 451.968
990 447.968
989 443.968
988 439.968
1060 435.968
1126 431.968
1202 427.968
1285 423.968
1371 419.968
1461 415.968
1557 411.968
1706 272.968
9949 55.499
6510 49.893
6591 42.893
10087 42.005
6670 39
6748 35
6822 28
6821 24
6820 20
6819 16
6818 12
6817 8
6816 4
9948 134.485
8665 128
9951 187.187
1711 268.968
9936 862.728
1699 286
1698 282
1792 278
1791 274
1790 270
1789 266
1788 262
1874 258
1873 254
1872 250
1956 246
2045 242
2044 238
2135 231
2312 223
2399 216
2398 212
2484 208
2568 204
2655 200
2743 196
2831 192
2928 188
3030 184
3122 180
9938 807.656
9943 421.667
9928 160.793
4195 156.968
4288 152.968
4379 148.968
9933 816.043
1757 443.968
1756 439.968
1758 447.968
1848 443.968
1930 439.968
2018 435.968
2108 431.968
2197 427.968
2282 423.968
9920 307.699
9923 379.998
3159 375.968
3158 371.968
3157 367.968
1749 411.968
1748 407.968
9924 352.422
1751 419.968
9926 250.538
1750 415.968
9976 328.576
6005 292.956
6086 287.956
9979 343.959
2871 340.968
2870 336.968
2869 332.968
9981 1707.44
1740 376.968
1743 388.968
1742 384.968
9968 214.851
9270 208.805
10129 207.524
9252 203.992
9231 199.992
9208 195.992
9184 191.992
9971 61.861
7870 61
7796 56
7723 52
7651 48
7578 44
7507 40
9973 726.879
9972 29.24
6892 25
9975 282.022
9974 676.383
9960 116.624
5069 112
5229 104
5316 100
5407 96
5497 92
5582 88
5581 84
5580 80
5579 76
5655 72
9967 103.908
8445 100
9966 335.783
3845 331.968
3757 327.968
3586 319.968
3500 315.968
1777 236
9952 188.018
9954 67.134
1781 236
1867 232
1951 228
2040 224
2132 220
9956 426.65
5669 421.968
5510 413.968
5424 409.968
5332 405.968
5244 401.968
5161 396.968
5081 392.968
4999 388.968
4915 383.968
4830 379.968
4743 375.968
4654 370.968
4568 366.968
4481 362.968
4392 358.968
4300 353.968
4208 349.968
4115 345.968
4025 340.968
3935 336.968
3846 332.968
3758 328.968
3670 323.968
9959 143.953
10009 901.331
10008 122.858
7853 120
1771 250.533
1861 246.533
1770 495.968
10005 269.986
1819 328.968
1901 324.968
1989 320.968
1988 316.968
1987 312.968
1986 308.968
2076 304.968
2075 300.968
2164 296.968
2249 292.968
1818 324.968
9999 344.58
963 338.921
1036 334.921
1035 330.921
1103 324.065
1034 317.065
1033 313.065
1032 309.067
10013 308.238
1031 304.968
1030 300.968
1809 288.968
1811 296.968
1812 300.968
10041 216.973
1801 264.968
10040 338.242
6007 286.308
6164 276.308
6239 272.308
10043 320.043
10042 178.021
3479 175
3480 171
3481 167
10045 1013.67
10044 386.658
2783 383.968
2698 379.968
10047 122.909
10046 537.262
10033 87.832
5381 85
5382 81
5473 77
5559 72
5636 68
5716 64
5792 59
5867 55
5868 51
10032 922.906
10035 74.037
7090 73
7019 68
6943 64
6944 60
6873 56
6874 52
10034 73.97
10037 285.325
10036 286.354
10039 1665.8
10038 314.822
1798 264.968
10027 244.195
1945 241.533
2034 237.533
2126 233.533
2217 229.533
2304 225.533
10026 98.423
10029 326.543
704 323.968
10028 744.4
10031 232.098
1840 411.968
1922 407.968
2010 403.968
2100 399.968
1843 423.968
1845 431.968
1846 435.968
10073 182.124
3025 180
3118 176
3212 172
3307 168
3403 164
3488 160
3568 156
3654 152
3736 148
3823 144
3912 140
4001 136
4090 132
4180 128
4272 124
4362 120
4451 116
10072 182.289
3312 176
3311 172
1832 380.968
10075 234.312
2042 232
2041 228
2133 224
2223 220
10074 257.764
1836 396.968
1839 407.968
1921 403.968
2009 399.968
2099 395.968
1838 403.968
10065 258.782
10064 175.946
3838 172.968
10067 130.904
10066 258.497
10069 181.01
1829 368.968
10068 146.106
3829 144
3918 140
4006 136
4095 132
4184 128
4276 124
4366 120
4455 116
4543 112
4629 108
4711 104
4798 100
4884 96
4968 92
5051 88
5132 84
5211 80
5299 76
5391 72
5482 68
5567 64
5644 60
5724 56
5799 52
5873 48
5947 44
6027 40
6107 36
10071 45.384
10070 99.507
7286 96
7287 92
7288 88
7289 84
7290 80
7291 76
7292 72
7293 68
7294 64
7228 60
7229 56
10057 159.494
3580 156.025
3747 148
3835 144
3925 140
4014 136
10056 245.91
2036 241.533
2128 237.533
10059 354.653
1882 260.968
1970 256.968
2060 252.968
10061 131.857
4185 128
4278 124
4368 120
4456 116
10060 202.336
2651 196
2739 192
2827 188
2924 184
3026 180
1884 260.968
1972 256.968
10063 233.738
6712 231.956
10062 242.21
6475 236.956
6556 232.956
6636 227.956
10051 329.163
10050 235.306
2486 233.968
10053 104.689
7354 102
10055 334.792
10054 344.26
1865 232
1948 228
2038 224
1860 491.968
1942 487.968
2030 483.968
2029 479.968
2028 475.968
2027 471.968
2026 467.968
2116 463.968
2205 459.968
2204 455.968
2203 451.968
2202 447.968
2287 443.968
2374 439.968
2373 435.968
2372 431.968
1913 372.968
2001 368.968
1916 384.968
1918 392.968
1905 340.968
1993 336.968
1992 332.968
1904 336.968
1911 364.968
1897 308.968
1985 304.968
1896 304.968
1899 316.968
1898 312.968
1900 320.968
1902 328.968
1944 241.533
1947 245.533
1939 475.968
1929 435.968
1928 431.968
1927 427.968
1920 399.968
1925 419.968
1924 415.968
1979 280.968
1978 276.968
1981 288.968
1980 284.968
2070 280.968
2159 276.968
2158 272.968
2243 268.968
2330 264.968
2329 260.968
2414 256.968
2498 252.968
2497 248.968
2496 244.968
2495 240.968
2494 236.968
1983 296.968
1982 292.968
1965 256.968
2055 252.968
2145 248.968
2230 244.968
2317 240.968
2403 236.968
2488 232.968
2573 228.968
1967 256.968
2058 252.968
2147 248.968
2232 244.968
2319 240.968
2404 236.968
1966 256.968
2057 252.968
1954 239
2043 235
2008 395.968
2015 423.968
2003 376.968
2093 372.968
2182 368.968
2267 364.968
2354 360.968
2004 380.968
2006 388.968
1994 340.968
1984 300.968
1990 324.968
2033 237.533
2037 224
2024 459.968
2023 455.968
2113 451.968
2017 431.968
2016 427.968
2106 423.968
2195 419.968
2280 415.968
2279 411.968
2278 407.968
2277 403.968
2364 399.968
2363 395.968
2362 391.968
2361 387.968
2446 383.968
2530 379.968
2529 375.968
2019 439.968
2021 447.968
2111 443.968
2200 439.968
2022 451.968
2073 292.968
2072 288.968
2071 284.968
2074 296.968
2163 292.968
2248 288.968
2335 284.968
2077 308.968
2079 316.968
2078 312.968
2167 308.968
2166 304.968
2251 300.968
2067 268.968
2156 264.968
2155 260.968
2066 264.968
2069 276.968
2068 272.968
2056 252.968
2061 252.968
2105 419.968
2104 415.968
2193 411.968
2107 427.968
2109 435.968
2096 384.968
2098 391.968
2103 411.968
2192 407.968
2088 352.968
2087 348.968
2086 344.968
2091 364.968
2090 360.968
2179 356.968
2264 352.968
2351 348.968
2350 344.968
2349 340.968
2434 336.968
2518 332.968
2094 376.968
2080 320.968
2143 248.968
2229 244.968
2130 220
2134 228
2125 233.533
2169 316.968
2168 312.968
2173 332.968
2172 328.968
2175 340.968
2174 336.968
2259 332.968
2346 328.968
2345 324.968
2344 320.968
2161 284.968
2160 280.968
2162 288.968
2247 284.968
2334 280.968
2333 276.968
2332 272.968
2331 268.968
2165 300.968
2144 248.968
2146 248.968
2148 248.968
2234 244.968
2321 240.968
2406 236.968
2490 232.968
2575 228.968
2661 224.968
2749 220.968
2837 216.968
2937 212.968
2150 248.968
2201 443.968
2194 415.968
2196 423.968
2198 431.968
2185 380.968
2191 403.968
2176 344.968
2183 372.968
2233 244.968
2320 240.968
2405 236.968
2236 244.968
2323 240.968
2225 227
2224 224
2231 244.968
2318 240.968
2216 230.533
2219 224
2221 216
2308 212
2268 368.968
2270 376.968
2357 372.968
2257 324.968
2258 328.968
2261 340.968
2348 336.968
2347 332.968
2260 336.968
2250 296.968
2253 308.968
2252 304.968
2245 276.968
2244 272.968
2246 280.968
2281 419.968
2283 427.968
2285 435.968
2286 439.968
2273 387.968
2360 383.968
2445 379.968
2272 383.968
2275 395.968
2274 391.968
2276 399.968
2325 244.968
2410 240.968
2315 241.968
2401 237.968
2306 212
2394 208
2480 204
2564 200
2311 220
2310 216
2365 403.968
2367 411.968
2366 407.968
2359 379.968
2444 375.968
2393 225.595
2479 218.595
2396 208
2387 491.968
2472 487.968
2471 483.968
2470 479.968
2469 475.968
2468 471.968
2467 467.968
2466 463.968
2465 459.968
2464 455.968
2548 451.968
2633 447.968
2632 443.968
2631 439.968
2630 435.968
2629 431.968
2628 427.968
2627 423.968
2626 419.968
2625 415.968
2624 411.968
2368 415.968
2375 443.968
2425 300.968
2509 296.968
2594 292.968
2593 288.968
2592 284.968
2591 280.968
2590 276.968
2676 272.968
2764 268.968
2424 296.968
2508 292.968
2427 308.968
2426 304.968
2429 316.968
2428 312.968
2431 324.968
2515 320.968
2600 316.968
2686 312.968
2774 308.968
2862 304.968
2861 300.968
2430 320.968
2419 276.968
2418 272.968
2502 268.968
2587 264.968
2586 260.968
2585 256.968
2584 252.968
2670 248.968
2758 244.968
2846 240.968
2423 292.968
2507 288.968
2422 288.968
2407 236.968
2492 232.968
2577 228.968
2663 224.968
2457 427.968
2456 423.968
2455 419.968
2459 435.968
2458 431.968
2460 439.968
2449 395.968
2448 391.968
2532 387.968
2451 403.968
2450 399.968
2453 411.968
2452 407.968
2441 364.968
2442 368.968
2526 364.968
2611 360.968
2610 356.968
2447 387.968
2433 332.968
2517 328.968
2602 324.968
2688 320.968
2776 316.968
2432 328.968
2516 324.968
2601 320.968
2489 232.968
2574 228.968
2482 204
2566 200
2485 212
2520 340.968
2525 360.968
2513 312.968
2598 308.968
2684 304.968
2772 300.968
2860 296.968
2859 292.968
2512 308.968
2597 304.968
2596 300.968
2682 296.968
2770 292.968
2858 288.968
2514 316.968
2599 312.968
2519 336.968
2505 280.968
2506 284.968
2511 304.968
2510 300.968
2503 272.968
2588 268.968
2544 435.968
2537 407.968
2536 403.968
2535 399.968
2534 395.968
2533 391.968
2539 415.968
2541 423.968
2540 419.968
2543 431.968
2542 427.968
2528 371.968
2531 383.968
2583 248.968
2669 244.968
2757 240.968
2756 236.968
2844 232.968
2843 228.968
2569 208
2656 204
2570 212
2657 208
2745 204
2833 200
2832 196
2563 200
2609 352.968
2595 296.968
2649 201
2735 197
2821 192
2914 188
3016 184
3109 180
2650 200
2736 196
2822 191
2653 196
2681 292.968
2769 288.968
2768 284.968
2767 280.968
2766 276.968
2854 272.968
2680 288.968
2679 284.968
2678 280.968
2683 300.968
2685 308.968
2687 316.968
2775 312.968
2863 308.968
2673 260.968
2672 256.968
2671 252.968
2674 264.968
2677 276.968
2660 224.968
2662 224.968
2751 220.968
2839 216.968
2713 439.968
2712 435.968
2705 407.968
2704 403.968
2703 399.968
2702 395.968
2701 391.968
2700 387.968
2707 415.968
2706 411.968
2709 423.968
2708 419.968
2711 431.968
2710 427.968
2699 383.968
2691 332.968
2779 328.968
2690 328.968
2747 220.968
2835 216.968
2746 206
2750 220.968
2838 216.968
2938 212.968
3042 208.968
2737 195
2740 192
2828 188
2925 184
3028 180
2733 202
2819 197
2912 193
3014 189
2778 324.968
2781 336.968
2782 340.968
2771 296.968
2773 304.968
2761 256.968
2760 252.968
2759 248.968
2762 260.968
2765 272.968
2793 419.968
2792 415.968
2791 411.968
2795 427.968
2794 423.968
2797 435.968
2796 431.968
2799 443.968
2798 439.968
2785 387.968
2784 383.968
2787 395.968
2786 391.968
2789 403.968
2788 399.968
2790 407.968
2845 236.968
2873 388.968
2872 386.968
2972 382.968
3066 378.968
2875 396.968
2874 392.968
2877 404.968
2876 400.968
2879 412.968
2878 408.968
2857 284.968
2856 280.968
2855 276.968
2909 204
2910 200
2911 196
2888 448.968
2881 420.968
2880 416.968
2883 428.968
2882 424.968
2885 436.968
2884 432.968
2887 444.968
2886 440.968
2930 196
2929 192
2933 218.968
2934 214.968
3038 210.968
3129 206.968
3222 201.968
3317 197.968
3408 193.968
2932 222.968
2935 213.968
3039 209.968
3130 205.968
2921 184
3023 180
3116 176
3210 172
3306 168
3402 164
3487 160
2923 184
2922 184
3024 180
2926 184
2969 328.968
2968 324.968
2967 320.968
2966 316.968
2965 312.968
2971 336.968
2970 332.968
2973 386.968
3067 382.968
2975 394.968
2974 390.968
3068 386.968
2985 434.968
3079 430.968
3078 426.968
3077 422.968
3076 418.968
3075 414.968
3074 410.968
3073 406.968
3072 402.968
3071 398.968
3070 394.968
3069 390.968
2984 430.968
2987 442.968
3081 438.968
3080 434.968
2986 438.968
2989 450.968
2988 446.968
3082 442.968
2977 402.968
2976 398.968
2979 410.968
2978 406.968
2981 418.968
2980 414.968
2983 426.968
2982 422.968
3033 195
3124 188
3123 184
3032 192
3035 222.968
3126 218.968
3219 213.968
3314 209.968
3315 205.968
3316 201.968
3034 226.968
3125 222.968
3218 217.968
3313 213.968
3036 218.968
3127 214.968
3220 209.968
3221 205.968
3027 180
3120 176
3214 172
3309 168
3019 182
3112 178
3206 174
3302 170
3397 166
3018 183
3021 182
3114 178
3208 174
3304 170
3399 166
3485 162
3566 158
3020 182
3022 181
3115 177
3013 207
3012 211
3065 335.968
3064 331.968
3063 327.968
3062 323.968
3061 319.968
3060 315.968
3059 311.968
3058 307.968
3057 303.968
3056 299.968
3055 295.968
3054 291.968
3053 287.968
3052 283.968
3051 279.968
3050 275.968
3049 271.968
3048 267.968
3047 263.968
3083 446.968
3084 450.968
3113 178
3207 174
3117 176
3211 172
3119 176
3213 172
3111 179
3161 383.968
3160 379.968
3163 391.968
3162 387.968
3165 399.968
3164 395.968
3167 407.968
3166 403.968
3152 319.968
3155 331.968
3154 327.968
3156 335.968
3145 291.968
3144 287.968
3143 283.968
3147 299.968
3146 295.968
3149 307.968
3148 303.968
3151 315.968
3150 311.968
3141 275.968
3140 271.968
3139 267.968
3142 279.968
3177 447.968
3176 443.968
3175 439.968
3174 435.968
3173 431.968
3172 427.968
3171 423.968
3170 419.968
3169 415.968
3168 411.968
3178 451.968
3231 276.968
3209 174
3205 175
3257 393.968
3256 389.968
3255 385.968
3254 381.968
3253 377.968
3252 373.968
3251 369.968
3250 365.968
3259 401.968
3258 397.968
3261 409.968
3260 405.968
3263 417.968
3262 413.968
3241 316.968
3240 312.968
3245 332.968
3244 328.968
3153 323.968
3246 336.968
3233 284.968
3232 280.968
3239 308.968
3238 304.968
3272 453.968
3271 449.968
3270 445.968
3269 441.968
3268 437.968
3267 433.968
3266 429.968
3265 425.968
3264 421.968
3275 465.968
3274 461.968
3273 457.968
3305 170
3400 166
3486 162
3567 158
3651 154
3733 150
3308 168
3299 176
3394 172
3298 180
3393 176
3303 170
3398 166
3484 162
3353 402.968
3352 398.968
3351 394.968
3350 390.968
3349 386.968
3348 382.968
3347 378.968
3346 374.968
3345 370.968
3344 366.968
3343 362.968
3342 358.968
3341 354.968
3355 410.968
3354 406.968
3357 418.968
3356 414.968
3359 426.968
3358 422.968
3361 434.968
3360 430.968
3363 442.968
3362 438.968
3365 450.968
3364 446.968
3417 319.968
3416 315.968
3419 327.968
3418 323.968
3421 335.968
3420 331.968
3422 339.968
3401 168
3404 164
3489 160
3570 156
3655 152
3737 148
3477 184.167
3478 181.615
3513 364.968
3512 360.968
3515 372.968
3514 368.968
3517 380.968
3516 376.968
3519 388.968
3518 384.968
3505 332.968
3504 328.968
3507 340.968
3506 336.968
3509 348.968
3508 344.968
3510 352.968
3503 324.968
3502 320.968
3492 160
3572 156
3529 428.968
3528 424.968
3531 436.968
3530 432.968
3533 444.968
3532 440.968
3535 452.968
3534 448.968
3521 396.968
3523 404.968
3522 400.968
3525 412.968
3524 408.968
3527 420.968
3526 416.968
3579 160.025
3581 160.025
3609 408.968
3611 416.968
3610 412.968
3613 424.968
3612 420.968
3615 432.968
3614 428.968
3601 376.968
3600 372.968
3603 384.968
3602 380.968
3605 392.968
3604 388.968
3593 344.968
3592 340.968
3595 352.968
3594 348.968
3597 360.968
3511 356.968
3596 356.968
3599 368.968
3598 364.968
3589 328.968
3588 324.968
3591 336.968
3590 332.968
3624 468.968
3538 464.968
3617 440.968
3616 436.968
3619 448.968
3618 444.968
3620 452.968
3673 332.968
3672 328.968
3675 340.968
3674 336.968
3677 348.968
3676 344.968
3679 356.968
3678 352.968
3705 460.968
3704 456.968
3703 452.968
3702 448.968
3707 468.968
3706 464.968
3622 460.968
3536 456.968
3697 428.968
3696 424.968
3699 436.968
3698 432.968
3701 444.968
3700 440.968
3689 396.968
3688 392.968
3691 404.968
3690 400.968
3695 420.968
3694 416.968
3681 364.968
3680 360.968
3683 372.968
3682 368.968
3685 380.968
3684 376.968
3687 388.968
3686 384.968
3741 148
3827 144
3916 140
4005 136
4094 132
3742 149.131
3730 155
3818 151
3905 147
3906 143
3995 139
4085 134
4175 130
4268 126
3734 154
3769 369.968
3768 365.968
3771 377.968
3770 373.968
3773 385.968
3772 381.968
3775 393.968
3774 389.968
3761 337.968
3760 333.968
3763 345.968
3762 341.968
3765 353.968
3764 349.968
3767 361.968
3766 357.968
3753 181.968
3842 177.968
3931 173.968
4019 169.968
4108 165.968
4199 161.968
4291 157.968
4471 147.968
3752 178.968
3841 174.968
3930 170.968
4018 166.968
4107 162.968
4198 158.968
4290 154.968
3746 152
3748 148
3836 144
3751 178.968
3840 174.968
3929 170.968
4017 166.968
4106 162.968
3793 465.968
3792 461.968
3795 473.968
3796 477.968
3708 472.968
3785 433.968
3784 429.968
3787 441.968
3786 437.968
3789 449.968
3788 445.968
3791 457.968
3790 453.968
3777 401.968
3776 397.968
3779 409.968
3778 405.968
3780 413.968
3783 425.968
3782 421.968
3833 150
3921 146
4009 142
4008 138
4096 132
3834 154
3837 144
3926 140
3826 144
3828 148
3819 151
3821 144
3910 140
3999 136
4088 132
4178 128
4271 124
4361 120
4450 116
4538 112
3865 405.968
3864 401.968
3863 397.968
3867 413.968
3866 409.968
3868 417.968
3871 429.968
3870 425.968
3857 373.968
3856 369.968
3859 381.968
3858 377.968
3861 389.968
3860 385.968
3862 393.968
3849 341.968
3848 337.968
3851 349.968
3850 345.968
3853 357.968
3852 353.968
3855 365.968
3854 361.968
3889 501.968
3888 497.968
3800 493.968
3712 488.968
3711 484.968
3627 480.968
3626 476.968
3540 472.968
3881 469.968
3880 465.968
3883 477.968
3882 473.968
3794 469.968
3885 485.968
3884 481.968
3887 493.968
3799 489.968
3886 489.968
3798 485.968
3710 480.968
3873 437.968
3872 433.968
3875 445.968
3874 441.968
3877 453.968
3876 449.968
3879 461.968
3878 457.968
3932 339.355
3923 154
4011 150
4010 146
3922 150
3924 141
4013 137
3915 140
4004 136
4093 132
4183 128
3904 151
3993 147
4083 142
3909 140
3998 136
4087 132
4177 128
4270 124
3961 437.968
3960 433.968
3963 445.968
3962 441.968
3965 453.968
3964 449.968
3967 461.968
3966 457.968
3953 405.968
3952 401.968
3955 413.968
3954 409.968
3957 421.968
3956 417.968
3945 373.968
3944 369.968
3947 381.968
3946 377.968
3949 389.968
3948 385.968
3951 397.968
3950 393.968
3943 365.968
3992 151
4082 146
3977 501.968
3976 497.968
3975 493.968
3974 489.968
3973 485.968
3972 481.968
3979 509.968
3890 505.968
3802 501.968
3714 496.968
3630 492.968
3629 488.968
3543 484.968
3978 505.968
3969 469.968
3968 465.968
3971 477.968
3970 473.968
4024 339.968
3934 335.968
4031 361.968
4030 357.968
4029 353.968
4028 349.968
4027 345.968
3937 341.968
4023 339.968
3933 335.968
4000 136
4089 132
4057 465.968
4056 461.968
4059 473.968
4058 469.968
4061 481.968
4060 477.968
4063 489.968
4062 485.968
4048 429.968
4041 401.968
4040 397.968
4043 409.968
4042 405.968
4045 417.968
4044 413.968
4047 425.968
4046 421.968
4033 369.968
4032 365.968
4034 373.968
4037 385.968
4036 381.968
4035 377.968
4039 393.968
4038 389.968
4091 132
4065 497.968
4064 493.968
4067 505.968
4066 501.968
4069 513.968
4068 509.968
4071 521.968
3981 517.968
3892 513.968
3804 509.968
3716 504.968
3715 500.968
3631 496.968
4070 517.968
4121 366.968
4123 374.968
4122 370.968
4112 343.968
4104 160.968
4111 343.968
4022 339.968
4097 132
4188 128
4281 124
4371 120
4460 116
4548 112
4634 108
4716 104
4804 100
4890 96
4974 92
5057 88
5138 84
5217 80
5305 76
5397 72
5488 68
5573 64
5650 60
5730 56
5805 52
5879 48
4101 136
4153 494.968
4152 490.968
4155 502.968
4154 498.968
4157 510.968
4156 506.968
4159 518.968
4158 514.968
4144 458.968
4149 478.968
4148 474.968
4151 486.968
4150 482.968
4137 430.968
4136 426.968
4139 438.968
4138 434.968
4141 446.968
4140 442.968
4143 454.968
4142 450.968
4131 406.968
4130 402.968
4133 414.968
4132 410.968
4135 422.968
4134 418.968
4187 128
4280 124
4370 120
4459 116
4547 112
4633 108
4715 104
4803 100
4888 96
4972 92
5055 88
5137 84
5216 80
5303 76
5395 72
5486 68
5571 64
5648 60
5728 56
5803 52
5877 48
5950 44
6031 40
6111 36
6189 32
4186 128
4189 128
4282 124
4372 120
4190 128
4161 526.968
4160 522.968
4162 530.968
4072 525.968
4216 378.968
4215 374.968
4214 370.968
4203 347.968
4249 510.968
4248 506.968
4247 502.968
4246 498.968
4251 518.968
4250 514.968
4253 526.968
4252 522.968
4255 534.968
4254 530.968
4241 478.968
4240 474.968
4239 470.968
4146 466.968
4243 486.968
4242 482.968
4245 494.968
4244 490.968
4233 446.968
4232 442.968
4235 454.968
4234 450.968
4237 462.968
4236 458.968
4224 410.968
4223 406.968
4227 422.968
4226 418.968
4225 414.968
4229 430.968
4228 426.968
4231 438.968
4230 434.968
4283 124
4373 120
4462 116
4549 112
4273 124
4363 120
4275 124
4365 120
4453 116
4541 112
4627 108
4709 104
4797 100
4883 96
4967 92
4277 124
4367 120
4279 124
4369 120
4457 116
4545 112
4630 108
4712 104
4799 100
4885 96
4969 92
5053 88
5135 84
5214 80
5302 76
5394 72
5485 68
5570 64
5647 60
5727 56
5802 52
5876 48
4265 146
4264 150
4266 142
4256 538.968
4263 154
4262 562.968
4261 558.968
4168 554.968
4078 549.968
4077 545.968
4076 541.968
3986 537.968
3897 533.968
3809 529.968
3721 524.968
3637 520.968
3551 516.968
4317 418.968
4316 414.968
4315 410.968
4319 426.968
4318 422.968
4305 370.968
4304 366.968
4303 362.968
4211 358.968
4118 354.968
4289 152.968
4380 148.968
4295 351.968
4204 347.968
4294 351.968
4345 530.968
4344 526.968
4347 538.968
4346 534.968
4348 542.968
4337 498.968
4336 494.968
4339 506.968
4338 502.968
4341 514.968
4340 510.968
4343 522.968
4342 518.968
4329 466.968
4328 462.968
4333 482.968
4332 478.968
4331 474.968
4335 490.968
4334 486.968
4320 430.968
4323 442.968
4322 438.968
4321 434.968
4325 450.968
4324 446.968
4327 458.968
4326 454.968
4375 120
4463 116
4551 112
4637 108
4719 104
4806 100
4374 120
4355 152
4354 156
4357 129
4409 423.968
4408 419.968
4411 431.968
4410 427.968
4413 439.968
4412 435.968
4415 447.968
4414 443.968
4395 367.968
4394 363.968
4302 358.968
4387 355.968
4296 351.968
4388 355.968
4297 351.968
4206 347.968
4113 343.968
4441 551.968
4349 546.968
4440 547.968
4442 555.968
4350 550.968
4258 546.968
4165 542.968
4075 537.968
4074 533.968
3984 529.968
3983 525.968
3894 521.968
3806 517.968
3718 512.968
3634 508.968
3548 504.968
4445 156
4444 563.968
4352 558.968
4260 554.968
4167 550.968
4447 129
4433 519.968
4432 515.968
4435 527.968
4434 523.968
4437 535.968
4436 531.968
4438 539.968
4429 503.968
4431 511.968
4430 507.968
4417 455.968
4416 451.968
4419 463.968
4418 459.968
4421 471.968
4420 467.968
4464 116
4461 116
4505 455.968
4504 451.968
4507 463.968
4506 459.968
4508 467.968
4497 423.968
4499 431.968
4498 427.968
4501 439.968
4500 435.968
4503 447.968
4502 443.968
4488 387.968
4487 383.968
4486 379.968
4397 375.968
4540 112
4626 108
4708 104
4795 100
4881 96
4965 92
5049 88
5131 84
5210 80
5297 76
5389 72
5480 68
5565 64
5642 60
5722 56
5797 52
4529 551.968
4528 547.968
4439 543.968
4531 559.968
4530 555.968
4533 160
4532 563.968
4534 164
4521 519.968
4523 527.968
4522 523.968
4525 535.968
4524 531.968
4527 543.968
4526 539.968
4571 375.968
4570 371.968
4569 367.968
4573 383.968
4575 391.968
4574 387.968
4552 112
4546 112
4631 108
4713 104
4801 100
4887 96
4971 92
4550 112
4635 108
4717 104
4805 100
4593 463.968
4592 459.968
4591 455.968
4595 471.968
4594 467.968
4596 475.968
4587 439.968
4586 435.968
4589 447.968
4588 443.968
4590 451.968
4576 395.968
4489 391.968
4400 387.968
4308 382.968
4632 108
4714 104
4639 108
4721 104
4808 100
4625 108
4707 104
4617 559.968
4619 164
4618 563.968
4621 110
4704 105
4792 101
4962 93
5046 89
5128 85
4609 527.968
4611 535.968
4610 531.968
4613 543.968
4612 539.968
4615 551.968
4614 547.968
4657 379.968
4656 375.968
4642 108
4724 104
4811 100
4896 96
4980 92
5063 88
5144 84
4697 539.968
4696 535.968
4699 547.968
4698 543.968
4701 555.968
4700 551.968
4702 559.968
4616 555.968
4681 475.968
4680 471.968
4679 467.968
4678 463.968
4677 459.968
4683 483.968
4682 479.968
4674 447.968
4676 455.968
4675 451.968
4730 131
4718 104
4763 452.968
4765 460.968
4767 468.968
4766 464.968
4747 388.968
4746 384.968
4748 392.968
4750 400.968
4661 395.968
4785 540.968
4787 548.968
4786 544.968
4789 556.968
4788 552.968
4791 564.968
4790 560.968
4769 476.968
4768 472.968
4771 484.968
4772 488.968
4817 124
4902 120
4986 116
4985 112
4984 108
5067 104
5148 100
5227 96
4816 120
4901 116
4818 128
4810 100
4895 96
4979 92
4813 108
4815 116
4800 100
4802 100
4860 496.968
4773 492.968
4863 508.968
4776 504.968
4853 468.968
4852 464.968
4851 460.968
4764 456.968
4855 476.968
4854 472.968
4843 428.968
4756 424.968
4667 419.968
4581 415.968
4494 411.968
4405 407.968
4313 402.968
4221 398.968
4128 394.968
4835 396.968
4839 412.968
4838 408.968
4751 404.968
4662 399.968
4889 96
4973 92
4891 96
4975 92
4893 96
4977 92
5060 88
5142 84
5221 80
4882 96
4966 92
4873 548.968
4872 544.968
4871 540.968
4784 536.968
4695 531.968
4875 556.968
4874 552.968
4877 564.968
4876 560.968
4878 97
4865 516.968
4918 392.968
4917 388.968
4916 384.968
4831 380.968
4744 376.968
4655 371.968
4898 104
4900 112
4903 124
4987 120
4957 548.968
4959 556.968
4958 552.968
4945 500.968
4947 508.968
4946 504.968
4861 500.968
4774 496.968
4948 512.968
4937 468.968
4936 464.968
4939 476.968
4938 472.968
4940 480.968
4942 488.968
4857 484.968
4770 480.968
4982 100
4961 564.968
4960 560.968
5020 469.968
5022 477.968
5011 433.968
4927 428.968
4926 424.968
4841 420.968
4840 416.968
4753 412.968
4664 407.968
4578 403.968
4491 399.968
4490 395.968
4401 391.968
4309 386.968
5015 449.968
4931 444.968
4846 440.968
4759 436.968
4670 431.968
4584 427.968
5050 88
5052 88
5134 84
5213 80
5300 76
5392 72
5483 68
5568 64
5645 60
5725 56
5800 52
5875 48
5949 44
6029 40
6109 36
6187 32
6261 28
6338 24
6417 20
6500 16
5041 553.968
5040 549.968
4956 544.968
4955 540.968
4954 536.968
4869 532.968
4782 528.968
4693 523.968
4607 519.968
4606 515.968
4605 511.968
4518 507.968
5043 561.968
5042 557.968
5045 90
5044 565.968
5033 521.968
5032 517.968
5027 497.968
4943 492.968
4858 488.968
5026 493.968
5031 513.968
5030 509.968
5065 96
5146 92
5056 88
5061 88
5113 517.968
5112 513.968
5101 469.968
5100 465.968
5099 461.968
5017 457.968
4933 452.968
4848 448.968
4761 444.968
4672 439.968
5102 473.968
5093 437.968
5092 433.968
5091 429.968
5009 425.968
4925 420.968
5094 441.968
5012 437.968
4928 432.968
5136 84
5215 80
5139 84
5218 80
5140 84
5219 80
5130 84
5209 80
5133 84
5212 80
5123 557.968
5122 553.968
5121 549.968
5120 545.968
5038 541.968
5125 565.968
5124 561.968
5126 569.968
5176 453.968
5096 449.968
5095 445.968
5013 441.968
4929 436.968
5175 449.968
5203 561.968
5202 557.968
5205 569.968
5204 565.968
5206 82
5294 78
5386 74
5477 70
5563 65
5640 61
5720 57
5193 521.968
5192 517.968
5194 525.968
5114 521.968
5275 522.968
5274 518.968
5191 513.968
5111 509.968
5029 505.968
5276 526.968
5304 76
5306 76
5308 76
5311 80
5301 76
5287 570.968
5361 518.968
5360 514.968
5272 510.968
5189 505.968
5109 501.968
5108 497.968
5400 72
5402 76
5393 72
5396 72
5398 72
5380 89
5471 85
5557 80
5634 76
5635 72
5465 570.968
5489 68
5574 64
5492 72
5577 68
5653 64
5484 68
5569 64
5487 68
5572 64
5472 81
5558 76
5566 64
5554 92
5631 88
5711 84
5585 97.893
5661 93.893
5740 89.893
5815 85.893
5889 81.893
5962 77.893
6042 73.893
6122 69.893
6199 65.893
6273 61.893
6350 57.893
6428 53.893
5626 571.968
5549 566.968
5463 562.968
5657 80
5736 76
5811 72
5810 68
5809 64
5656 76
5659 88
5738 84
5813 80
5812 76
5886 72
5959 68
6039 64
6119 60
6118 56
6117 52
6116 48
6115 44
6192 40
6266 36
6343 32
6342 28
6420 24
5658 84
5737 80
5660 90.893
5739 86.893
5814 82.893
5888 78.893
5961 74.893
6041 70.893
6121 66.893
6198 62.893
6272 58.893
6349 54.893
6427 50.893
6509 46.893
5662 97.893
5741 93.893
5816 89.893
5649 60
5729 56
5804 52
5651 60
5643 60
5646 60
5695 531.968
5615 527.968
5538 522.968
5452 518.968
5726 56
5801 52
5735 72
5734 68
5789 71
5864 67
5883 60
5882 56
5885 68
5958 64
6038 60
5884 64
5957 60
6037 56
5887 76
5872 48
5874 52
5878 48
5952 44
6032 40
6112 36
5862 75
5951 44
5960 72
5955 52
6035 48
5954 48
5956 56
6036 52
6001 308.956
6082 303.956
6158 299.956
6159 295.956
6160 291.956
6235 287.956
6310 282.956
6311 278.956
6312 274.956
6000 576.968
5999 572.968
5998 568.968
5925 564.968
5924 560.968
5850 556.968
5775 551.968
5699 547.968
5698 543.968
5618 539.968
5541 534.968
5540 530.968
5539 526.968
5453 522.968
6003 300.956
6084 295.956
6002 304.956
6083 299.956
6004 296.956
6085 291.956
6161 287.956
6236 283.956
6040 68
6034 44
6114 40
6030 40
6110 36
6016 71
6097 66
6098 62
6099 58
6100 54
6101 50
6102 46
6180 42
6181 38
6081 307.956
6120 64
6162 283.956
6155 577.968
6079 572.968
6157 303.956
6156 307.956
6231 303.956
6306 298.956
6307 294.956
6308 290.956
6309 286.956
6193 44
6267 40
6344 36
6422 32
6504 28
6586 24
6665 20
6743 16
6195 52
6194 48
6268 44
6345 40
6423 36
6505 32
6197 60
6271 56
6348 52
6347 48
6425 44
6424 40
6506 36
6196 56
6186 32
6188 32
6262 28
6339 24
6418 20
6191 36
6233 295.956
6232 299.956
6234 291.956
6237 279.956
6230 577.968
6154 573.968
6078 568.968
6077 564.968
5996 560.968
5995 556.968
5994 552.968
5921 548.968
5847 544.968
5772 539.968
5771 535.968
6265 32
6269 48
6346 44
6270 52
6263 28
6340 24
6241 94
6319 89
6320 85
6399 81
6247 70
6325 65
6326 61
6327 57
6406 53
6407 49
6490 45
6573 41
6653 36
6732 32
6733 28
6305 302.956
6351 61.893
6393 255.956
6394 251.956
6392 259.956
6385 287.956
6386 283.956
6387 279.956
6388 275.956
6389 271.956
6390 267.956
6391 263.956
6384 291.956
6381 303.956
6382 299.956
6383 295.956
6380 578.968
6303 573.968
6228 569.968
6227 565.968
6226 561.968
6225 557.968
6149 553.968
6073 548.968
5992 544.968
5991 540.968
5918 536.968
5917 532.968
5843 528.968
5768 523.968
5767 519.968
5766 515.968
5690 511.968
5689 507.968
5688 503.968
5687 499.968
5686 495.968
5606 491.968
5529 486.968
5443 482.968
5351 478.968
5350 474.968
5262 470.968
5179 465.968
5178 461.968
5177 457.968
6426 48
6416 20
6499 16
6582 12
6661 8
6421 28
6409 41
6492 37
6493 33
6576 29
6656 24
6657 20
6658 16
6659 12
6411 33
6494 29
6577 25
6412 29
6413 25
6496 21
6401 73
6402 69
6403 65
6404 61
6405 57
6459 300.956
6460 296.956
6541 292.956
6621 287.956
6622 283.956
6700 279.956
6701 275.956
6702 271.956
6778 267.956
6851 262.956
6923 258.956
6924 254.956
6925 250.956
6926 246.956
6927 242.956
6928 238.956
7004 234.956
7075 229.956
7076 225.956
7145 221.956
7146 217.956
7147 213.956
7148 209.956
7149 205.956
7214 201.956
7215 197.956
7216 193.956
6458 304.956
6539 300.956
6619 295.956
6620 291.956
6461 292.956
6462 288.956
6463 284.956
6464 280.956
6465 276.956
6546 272.956
6626 267.956
6627 263.956
6705 259.956
6781 255.956
6854 250.956
6483 73
6566 69
6484 69
6485 65
6568 61
6648 56
6649 52
6650 48
6729 44
6473 244.956
6554 240.956
6634 235.956
6472 248.956
6553 244.956
6633 239.956
6711 235.956
6477 231.956
6558 227.956
6638 222.956
6716 218.956
6792 214.956
6865 209.956
6937 205.956
7013 201.956
6476 232.956
6557 228.956
6637 223.956
6478 230.956
6559 226.956
6639 221.956
6717 217.956
6793 213.956
6866 208.956
6938 204.956
6467 268.956
6548 264.956
6628 259.956
6706 255.956
6782 251.956
6855 246.956
6466 272.956
6469 260.956
6550 256.956
6630 251.956
6631 247.956
6709 243.956
6785 239.956
6858 234.956
6930 230.956
7006 226.956
7077 221.956
6468 264.956
6549 260.956
6629 255.956
6471 252.956
6552 248.956
6632 243.956
6470 256.956
6507 40
6508 44
6590 40
6669 36
6668 32
6667 28
6666 24
6502 20
6584 16
6545 276.956
6625 271.956
6703 267.956
6779 263.956
6852 258.956
6544 280.956
6624 275.956
6547 268.956
6551 252.956
6540 296.956
6543 284.956
6623 279.956
6542 288.956
6585 20
6664 16
6663 12
6741 8
6587 28
6589 36
6588 32
6579 17
6575 33
6655 28
6560 225.956
6640 220.956
6718 216.956
6618 299.956
6696 295.956
6772 291.956
6845 286.956
6917 282.956
6918 278.956
6994 274.956
7065 269.956
7066 265.956
7067 261.956
7068 257.956
7069 253.956
7070 249.956
7139 245.956
7140 241.956
7205 237.956
7272 233.956
7340 228.956
7409 224.956
7410 220.956
6651 44
6652 40
6644 72
6704 263.956
6780 259.956
6853 254.956
6707 251.956
6708 247.956
6710 239.956
6786 235.956
6859 230.956
6931 226.956
7007 222.956
7078 217.956
6697 291.956
6698 287.956
6774 283.956
6847 278.956
6848 274.956
6849 270.956
6850 266.956
6922 262.956
6699 283.956
6695 299.956
6745 24
6744 20
6746 28
6737 12
6736 16
6738 8
6742 12
6735 20
6723 68
6799 64
6800 60
6801 56
6802 52
6777 271.956
6776 275.956
6783 247.956
6856 242.956
6771 295.956
6844 290.956
6916 286.956
6770 583.968
6769 579.968
6768 575.968
6767 571.968
6691 567.968
6613 562.968
6612 558.968
6611 554.968
6531 550.968
6449 546.968
6448 542.968
6370 538.968
6293 533.968
6218 529.968
6217 525.968
6141 521.968
6065 516.968
6064 512.968
5983 508.968
5982 504.968
5981 500.968
5908 496.968
5907 492.968
5906 488.968
5905 484.968
5831 480.968
5756 475.968
5755 471.968
5754 467.968
5678 463.968
5677 459.968
6773 287.956
6846 282.956
6775 279.956
6798 68
6784 243.956
6857 238.956
6787 231.956
6860 226.956
6861 222.956
6862 218.956
6934 214.956
7010 210.956
7081 205.956
7082 201.956
7151 197.956
6789 223.956
6788 227.956
6790 219.956
6863 214.956
6935 210.956
7011 206.956
6843 294.956
6879 32
6880 28
6869 72
6870 68
6871 64
6910 353.956
6889 13
6888 9
6890 17
6893 29
6881 24
6885 8
6884 12
6887 5
6941 72
6942 68
6940 76
6929 234.956
7005 230.956
6933 218.956
6932 222.956
6921 266.956
6997 262.956
6920 270.956
6996 266.956
6915 290.956
6914 294.956
6919 274.956
6953 20
6954 16
6955 12
6957 8
6959 13
6958 9
6949 36
6950 32
6951 28
7001 246.956
7072 241.956
7073 237.956
7142 233.956
7207 229.956
7274 225.956
7342 220.956
7411 216.956
7000 250.956
7071 245.956
7002 242.956
6993 278.956
7064 273.956
6992 282.956
7063 277.956
6995 270.956
6999 254.956
6998 258.956
6985 318.956
7054 313.956
7055 309.956
6984 322.956
7053 317.956
6987 310.956
7056 305.956
7057 301.956
7126 297.956
6986 314.956
6989 294.956
7060 289.956
7061 285.956
7062 281.956
6988 306.956
6991 286.956
6990 290.956
6977 350.956
7046 345.956
7115 341.956
7116 337.956
7117 333.956
7118 329.956
7119 325.956
6976 354.956
7045 349.956
7114 345.956
6979 342.956
7048 337.956
6978 346.956
7047 341.956
6981 334.956
7050 329.956
6980 338.956
7049 333.956
6983 326.956
7052 321.956
7033 13
7032 12
7034 17
7025 32
7024 36
7027 24
7028 20
7029 16
7031 12
7017 76
7016 80
7018 72
7023 40
7009 214.956
7080 209.956
7008 218.956
7079 213.956
7059 293.956
7058 297.956
7044 353.956
7096 36
7099 24
7100 20
7098 28
7103 16
7102 16
7089 72
7088 76
7095 40
7094 44
7085 88
7015 84
7087 80
7086 84
7074 233.956
7129 285.956
7194 281.956
7195 277.956
7196 273.956
7197 269.956
7198 265.956
7265 261.956
7333 256.956
7334 252.956
7335 248.956
7336 244.956
7337 240.956
7406 236.956
7128 289.956
7193 285.956
7131 277.956
7130 281.956
7133 269.956
7132 273.956
7135 261.956
7200 257.956
7201 253.956
7202 249.956
7269 245.956
7134 265.956
7199 261.956
7125 301.956
7127 293.956
7192 289.956
7113 349.956
7178 345.956
7245 341.956
7313 336.956
7314 332.956
7315 328.956
7384 324.956
7385 320.956
7386 316.956
7387 312.956
7453 308.956
7454 304.956
7455 300.956
7456 296.956
7457 292.956
7458 288.956
7459 284.956
7460 280.956
7112 353.956
7105 18
7104 17
7163 52
7164 48
7165 44
7162 64
7155 88
7156 84
7157 80
7159 76
7160 72
7161 68
7158 76
7144 225.956
7209 221.956
7276 217.956
7344 212.956
7413 208.956
7414 204.956
7415 200.956
7416 196.956
7150 201.956
7137 253.956
7136 257.956
7138 249.956
7141 237.956
7143 229.956
7185 317.956
7252 313.956
7320 308.956
7389 304.956
7390 300.956
7184 321.956
7251 317.956
7319 312.956
7187 309.956
7254 305.956
7322 300.956
7323 296.956
7324 292.956
7393 288.956
7394 284.956
7186 313.956
7253 309.956
7321 304.956
7188 305.956
7177 349.956
7176 22
7179 341.956
7246 337.956
7181 333.956
7248 329.956
7316 324.956
7180 337.956
7247 333.956
7183 325.956
7250 321.956
7318 316.956
7182 329.956
7249 325.956
7317 320.956
7169 28
7168 32
7170 24
7173 20
7175 21
7174 20
7224 76
7225 72
7226 68
7227 64
7219 96
7220 92
7221 88
7222 84
7223 80
7208 225.956
7211 213.956
7278 209.956
7346 204.956
7210 217.956
7277 213.956
7345 208.956
7213 205.956
7212 209.956
7203 245.956
7270 241.956
7338 236.956
7407 232.956
7408 228.956
7204 241.956
7271 237.956
7339 232.956
7206 233.956
7273 229.956
7341 224.956
7257 293.956
7325 288.956
7256 297.956
7259 285.956
7327 280.956
7328 276.956
7329 272.956
7330 268.956
7331 264.956
7332 260.956
7261 277.956
7260 281.956
7263 269.956
7262 273.956
7241 24
7240 24
7243 349.956
7311 344.956
7380 340.956
7381 336.956
7447 332.956
7448 328.956
7449 324.956
7450 320.956
7451 316.956
7452 312.956
7242 25
7244 345.956
7312 340.956
7233 40
7235 32
7234 36
7236 28
7238 24
7295 60
7281 197.956
7349 192.956
7350 188.956
7351 184.956
7280 201.956
7348 196.956
7417 192.956
7418 188.956
7419 184.956
7283 189.956
7282 193.956
7275 221.956
7343 216.956
7412 212.956
7279 205.956
7347 200.956
7264 265.956
7267 253.956
7266 257.956
7268 249.956
7305 28
7304 28
7307 28
7306 28
7310 348.956
7379 344.956
7297 52
7299 44
7300 40
7301 36
7353 180
7555 168
7355 100
7357 92
7356 96
7359 84
7358 88
7376 32
7369 44
7368 48
7370 40
7373 32
7361 76
7360 80
7363 68
7362 72
7366 56
7420 180.956
7423 104
7422 106
7401 256.956
7400 260.956
7403 248.956
7402 252.956
7405 240.956
7404 244.956
7397 272.956
7396 276.956
7399 264.956
7398 268.956
7441 36
7442 36
7374 32
7437 48
7436 52
7438 44
7425 96
7426 92
7427 88
7428 84
7429 80
7424 100
7513 336
7514 332
7515 328
7516 324
7517 320
7518 316
7519 312
7520 308
7521 304
7522 300
7523 296
7524 292
7525 288
7526 284
7527 280
7528 276
7529 272
7530 268
7531 264
7532 260
7533 256
7534 252
7535 248
7536 244
7537 240
7538 236
7539 232
7540 228
7541 224
7542 220
7543 216
7544 212
7545 208
7546 204
7547 200
7548 196
7549 192
7550 188
7551 184
7552 180
7553 176
7554 172
7509 40
7443 36
7497 76
7501 60
7503 52
7502 56
7489 108
7491 100
7492 96
7493 92
7490 104
7579 44
7508 40
7580 44
7582 345
7583 341
7656 337
7729 333
7803 328
7568 80
7570 72
7573 60
7572 64
7574 56
7561 108
7560 112
7563 100
7562 104
7564 96
7567 84
7566 88
7559 114
7488 110
7609 237
7682 233
7683 229
7684 225
7757 221
7831 216
7608 241
7681 237
7611 229
7610 233
7613 221
7686 217
7759 213
7833 208
7834 204
7835 200
7836 196
7837 192
7838 188
7839 184
7840 180
7612 225
7615 213
7688 209
7689 205
7762 201
7614 217
7603 261
7676 257
7677 253
7678 249
7679 245
7680 241
7605 253
7604 257
7607 245
7606 249
7592 305
7665 301
7738 297
7812 292
7813 288
7814 284
7815 280
7816 276
7817 272
7818 268
7819 264
7820 260
7641 84
7640 88
7643 76
7645 68
7644 72
7647 60
7646 64
7633 116
7635 108
7634 112
7637 100
7636 104
7639 92
7625 173
7698 169
7699 165
7772 161
7846 156
7847 152
7848 148
7849 144
7850 140
7624 177
7627 165
7628 161
7701 157
7702 153
7775 149
7626 169
7629 157
7630 153
7617 205
7618 201
7619 197
7692 193
7765 189
7616 209
7621 189
7622 185
7623 181
7696 177
7769 173
7843 168
7620 193
7693 189
7766 185
7654 48.123
10081 44.087
7707 112
7708 108
7709 104
7706 116
7711 96
7712 92
7697 173
7770 169
7844 164
7845 160
7700 161
7703 149
7691 197
7764 193
7690 201
7763 197
7695 181
7694 185
7767 181
7841 176
7842 172
7685 221
7758 217
7832 212
7687 213
7760 209
7713 88
7715 80
7717 72
7716 76
7719 64
7718 68
7768 177
7771 165
7773 157
7774 153
7761 205
7753 237
7827 232
7752 241
7826 236
7755 229
7829 224
7830 220
7754 233
7828 228
7756 225
7751 245
7825 240
7792 68
7785 96
7784 100
7789 80
7790 76
7788 84
7791 72
7776 145
7779 120
7780 116
7778 137
7864 76
7871 60
7798 56
7724 52
7856 108
7861 88
7860 92
7863 80
7862 84
7855 112
7929 112
7928 116
7931 104
7933 96
7934 92
7935 88
7937 80
7936 84
7942 64
7869 60
7993 140
7994 136
7995 132
7996 128
7984 176
7987 164
7986 168
7977 204
7978 200
7980 192
7971 228
7973 220
7972 224
7974 216
8013 69.51
7943 65.51
10089 61.861
8001 108
8003 100
8004 96
8005 92
8007 84
8006 88
8057 136
8058 132
8056 140
8053 152
8054 148
8055 144
8035 224
8036 220
8039 208
8038 212
8072 76
8010 72
8074 72
8121 120
