 key  value
8122 156
8063 152
8064 148
8065 144
8066 140
8067 136
8068 132
8006 128
7936 124
7863 120
7864 116
7791 112
7718 108
7646 104
7573 100
7502 96
7436 92
7368 88
7299 84
7233 80
7167 76
7097 72
7026 68
6952 64
6882 60
6811 56
6736 52
6658 48
6579 44
6497 40
6415 36
6337 32
6260 28
6186 24
6109 20
6029 16
5949 12
5876 8
5802 4
8125 144
8124 148
8127 136
8126 140
8113 192
8054 188
8055 184
8056 180
8057 176
8058 172
8059 168
7997 164
7998 160
7928 156
7855 152
7782 148
7783 144
7784 140
7785 136
7712 132
7640 128
7567 124
7496 120
7430 116
7362 112
7363 108
7294 104
7295 100
7229 96
7163 92
7164 88
7165 84
7166 80
7096 76
7025 72
8112 196
8053 192
8115 184
8114 188
8117 176
8116 180
8119 168
8060 164
8118 172
8105 224
8046 220
7984 216
7914 212
7915 208
7916 204
7917 200
7918 196
7919 192
7920 188
7921 184
7922 180
7923 176
7924 172
7925 168
7926 164
7927 160
8104 228
8045 224
8107 216
8048 212
7986 208
7987 204
8106 220
8047 216
8109 208
8050 204
8051 200
8052 196
8108 212
8111 200
8110 204
8097 256
8098 252
8039 248
8040 244
7978 240
7908 236
7909 232
7910 228
7911 224
7912 220
7913 216
8096 260
8037 256
7975 252
7905 248
7906 244
7907 240
8099 248
8101 240
8102 236
8103 232
8100 244
8155 256
8156 252
8157 248
8158 244
8159 240
8160 236
8161 232
8136 332
8137 328
8080 324
8021 320
8022 316
8023 312
8024 308
8025 304
8026 300
8027 296
8028 292
8029 288
8030 284
8031 280
8032 276
8033 272
7971 268
7972 264
7902 260
7903 256
7904 252
8128 132
8069 128
8007 124
7937 120
8185 136
8184 140
8177 168
8178 164
8179 160
8180 156
8123 152
8176 172
8181 152
8182 148
8183 144
8169 200
8170 196
8168 204
8171 192
8172 188
8173 184
8174 180
8175 176
8163 224
8164 220
8165 216
8166 212
8162 228
8167 208
8217 240
8216 244
8219 232
8220 228
8221 224
8222 220
8223 216
8224 212
8225 208
8226 204
8227 200
8218 236
8215 248
8214 252
8241 144
8242 140
8240 148
8233 176
8234 172
8235 168
8232 180
8237 160
8236 164
8239 152
8238 156
8229 192
8230 188
8228 196
8231 184
8281 200
8280 204
8283 192
8282 196
8285 184
8286 180
8284 188
8287 176
8273 232
8274 228
8275 224
8276 220
8272 236
8277 216
8279 208
8278 212
91 301
111 297
125 293
143 289
172 285
209 281
254 277
304 273
359 269
419 263
482 259
481 255
550 248
621 244
620 240
690 236
689 232
768 228
854 224
938 220
1012 216
1081 212
1153 208
1236 204
1318 200
1404 196
1498 192
1685 184
1780 180
1866 176
1950 172
2039 168
2131 164
2222 160
2309 156
2397 152
2483 148
2567 144
2654 140
2742 136
2830 132
2927 128
3029 124
3121 120
3215 116
3310 112
3405 108
3490 104
3571 100
3657 96
3739 92
3826 88
3915 84
4004 80
4093 76
4183 72
4276 68
4366 64
4455 60
4543 56
4629 52
4711 48
4799 44
4885 40
4969 36
5053 32
5135 28
5214 24
5302 20
5394 16
5485 12
5570 8
5647 4
8269 248
93 301
113 297
127 293
144 289
8268 252
92 301
8271 240
8270 244
8319 248
8320 244
8318 252
8298 144
8245 140
8187 136
8129 132
8070 128
8008 124
7938 120
126 293
8289 168
8290 164
8288 172
112 297
8291 160
115 304
129 300
146 296
174 292
211 288
256 284
306 280
361 276
422 272
485 268
555 264
626 260
696 256
774 249
859 243
858 239
857 235
940 228
939 224
114 301
8293 152
8292 156
8294 148
8344 148
8295 144
8349 149.834
9963 147.869
8299 144
8246 140
8188 136
8131 132
8072 128
8009 124
110 297
124 293
141 289
170 285
208 281
253 277
8337 176
8338 172
8339 168
8336 180
8341 160
8342 156
8343 152
8340 164
8329 208
8330 204
8328 212
8331 200
8333 192
8334 188
8335 184
8332 196
8321 240
8322 236
8323 232
145 293
147 300
175 296
212 292
257 288
307 284
362 280
423 276
8325 224
149 307
148 303
176 299
213 295
258 291
308 287
363 283
424 279
487 275
557 271
628 267
697 260
8324 228
8327 216
8326 220
150 311
178 307
215 303
214 299
8377 212
8376 216
8379 204
8380 200
8381 196
8382 192
8383 188
8384 184
8385 180
8386 176
8378 208
8369 244
8370 240
8368 248
128 297
8371 236
8372 232
131 307
130 304
8373 228
133 315
132 311
8375 220
8374 224
177 303
179 311
181 312.968
219 308.968
264 304.968
315 300.968
371 296.968
432 292.968
496 288.968
567 284.968
638 280.968
708 276.968
785 272.968
869 268.968
947 264.968
1019 260.968
1089 256.968
1161 252.968
1245 248.968
1329 244.968
1419 240.968
1516 236.968
1610 232.968
1707 228.968
1797 224.968
1880 220.968
1968 216.968
2058 212.968
2147 208.968
2233 204.968
2320 200.968
2405 196.968
2489 192.968
2574 188.968
2660 184.968
2748 180.968
2836 176.968
2937 172.968
3040 168.968
3131 164.968
3223 160.968
3318 156.968
3409 152.968
3497 148.968
3582 144.968
3665 140.968
3750 136.968
3839 132.968
3928 128.968
4016 124.968
4105 120.968
4196 116.968
4381 108.968
4470 104.968
4557 100.968
4643 96.968
9898 91.517
4729 87
4728 83
4727 79
4814 72
4813 68
4898 64
4982 60
5065 56
5146 52
5225 48
5224 44
5223 40
5222 36
5221 32
5220 28
5307 24
5306 20
5397 16
5487 12
5572 8
5648 4
180 313.968
218 309.968
173 289
8393 152
8345 148
8296 144
8243 140
217 310.968
263 305.968
314 301.968
370 297.968
216 307
8387 172
210 285
255 281
305 277
8389 164
8388 168
8391 156
8392 152
8390 160
8441 156
8440 160
8433 188
8434 184
8435 180
8436 176
8437 172
8438 168
8432 192
8439 164
8425 220
8426 216
8427 212
8428 208
8424 224
8429 204
8430 200
8431 196
8419 244
8420 240
8421 236
8418 248
8423 228
8422 232
8473 220
8472 224
8475 212
8474 216
8477 204
8476 208
8479 196
8480 192
8478 200
8467 244
8468 240
8466 248
8469 236
8470 232
8471 228
266 304.968
317 300.968
373 296.968
434 292.968
498 288.968
569 284.968
640 280.968
710 276.968
787 272.968
871 268.968
948 264.968
1020 260.968
1090 256.968
1162 252.968
1246 248.968
8499 304
8500 300
8501 296
8502 292
8503 288
8504 284
8458 280
8411 276
8412 272
8413 268
8414 264
8415 260
8416 256
8417 252
259 295
261 303
311 299
366 295
365 291
426 287
425 283
262 306.968
313 302.968
369 298.968
431 293.968
495 289.968
566 285.968
312 303
367 299
316 300.968
319 300.968
374 296.968
435 292.968
499 288.968
570 284.968
641 280.968
711 276.968
788 272.968
872 268.968
950 264.968
1022 260.968
1091 256.968
1163 252.968
318 300.968
8481 188
8482 184
8483 180
8484 176
8485 172
8486 168
309 291
8487 164
8488 160
310 295
299 256
355 252
415 248
476 244
544 240
615 236
686 232
766 228
852 224
937 220
1011 216
8529 184
8530 180
8528 188
8531 176
8532 172
8533 168
8534 164
8521 216
8520 220
8523 208
8524 204
8525 200
8522 212
8527 192
8526 196
8515 240
8516 236
8514 244
8517 232
8518 228
8519 224
8569 204
8568 208
8571 196
8570 200
8573 188
8574 184
8575 180
8576 176
8577 172
8572 192
8561 236
8562 232
8560 240
8563 228
8565 220
8566 216
8567 212
8564 224
368 299.968
430 294.968
494 290.968
565 286.968
637 281.968
707 277.968
784 273.968
372 296.968
433 292.968
375 296.968
436 292.968
360 273
421 269
484 265
554 261
625 257
695 253
8605 236
8604 240
364 287
8607 228
8606 232
353 252
413 248
475 244
8589 300
8590 296
8547 292
8548 288
8588 304
412 248
474 244
543 240
614 236
685 232
765 228
851 224
936 220
414 248
8632 296
8591 292
8631 300
8630 304
8617 188
8616 192
8619 180
8618 184
8609 220
8608 224
8611 212
8610 216
8613 204
8612 208
8615 196
8614 200
427 291
429 295.968
493 291.968
564 287.968
636 282.968
706 278.968
783 274.968
868 269.968
946 265.968
1018 261.968
1088 257.968
428 295
491 291
561 287
560 283
631 279
630 275
629 271
8671 300
8670 304
8657 196
8656 200
416 248
478 244
546 240
617 236
687 232
8659 188
8658 192
8661 180
8620 176
8660 184
420 267
8649 228
473 245
542 241
8648 232
8651 220
8652 216
8653 212
8654 208
8655 204
8650 224
477 244
469 245
538 241
609 237
680 233
760 229
847 225
932 221
1008 217
1078 213
1150 208
1316 200
1496 192
1590 188
1683 184
1864 176
2129 164
2220 160
2307 156
2396 152
8647 236
471 245
540 241
611 237
681 233
761 229
848 225
8646 240
8697 196
8698 192
8696 200
8699 188
8700 184
8701 180
8662 176
8621 172
8578 168
8689 228
8691 220
8690 224
8693 212
8694 208
8692 216
8695 204
8686 240
497 288.968
568 284.968
639 280.968
709 276.968
786 272.968
870 268.968
8672 296
8673 292
8634 288
8593 284
8594 280
8551 276
8552 272
8508 268
8462 264
8729 224
489 283
559 279
8728 228
488 279
8731 216
8732 212
8733 208
8734 204
8730 220
490 287
492 292.968
563 288.968
635 283.968
705 279.968
782 275.968
867 270.968
945 266.968
1017 262.968
1087 258.968
1160 253.968
1244 249.968
1328 245.968
8735 200
8736 196
8737 192
8738 188
483 263
8726 236
8727 232
486 272
556 268
627 264
537 242
539 241
610 237
541 241
612 237
683 233
762 229
849 225
933 221
8711 296
8710 300
8763 236
8765 228
8764 232
8767 220
8766 224
8747 300
8746 304
8748 296
8712 292
8674 288
8635 284
8739 184
553 259
624 255
623 251
693 247
772 243
552 255
545 240
616 236
8787 300
547 240
618 236
8786 304
8788 296
8789 292
8750 288
8751 284
8752 280
8753 276
8754 272
8755 268
8719 264
8681 260
8642 256
8601 252
8602 248
8559 244
551 251
622 247
692 243
771 239
8776 188
8740 184
8702 180
8663 176
8622 172
8579 168
8535 164
8489 160
8442 156
605 250
676 246
756 242
844 237
929 233
930 229
931 225
1007 221
8780 190.363
9950 184.701
8704 180
8664 176
607 242
608 238
679 234
759 230
606 246
8769 212
8770 208
8768 216
8771 204
8772 200
8773 196
8775 188
8774 192
8827 300
8828 296
8816 192
8777 188
8741 184
8703 180
8809 212
8808 216
8811 204
8810 208
8813 196
8812 200
8815 192
8814 192
8801 244
8762 240
8800 248
8761 244
8725 240
8687 236
8803 236
8805 228
8804 232
8807 220
8806 224
619 236
8849 212
8850 208
8848 216
8851 204
8853 196
613 237
8852 200
8854 196
8841 244
8842 240
8843 236
8844 232
8845 228
8846 224
8847 220
8890 199.992
9969 196.062
8881 228
8882 224
8880 232
8883 220
642 280.968
8885 212
8886 208
8884 216
8887 204
8877 244
8878 240
8879 236
688 232
767 228
853 224
691 240
694 251
8920 212
682 233
684 233
764 229
8913 240
8914 236
8912 244
8915 232
8916 228
675 250
755 246
843 241
8917 224
8918 220
677 242
678 238
8919 216
8911 248
8910 252
8953 216
8952 220
712 276.968
789 272.968
873 268.968
951 264.968
8945 248
8946 244
8947 240
8948 236
8949 232
8944 252
8951 224
8950 228
763 233
850 229
934 225
1009 221
753 254
841 249
842 245
754 250
757 238
845 233
758 234
846 229
8985 220
8984 224
8977 252
8976 256
8979 244
8978 248
8981 236
8980 240
8983 228
8982 232
8975 260
8943 256
8974 264
790 272.968
874 268.968
9017 220
8986 216
8987 212
8955 208
8922 204
8888 200
9016 224
9009 252
769 232
855 228
9008 256
9011 244
9010 248
770 236
9013 236
9012 240
9015 228
9014 232
9005 268
9007 260
8997 300
8966 296
8967 292
8968 288
8969 284
8970 280
8971 276
8972 272
8973 268
8941 264
8942 260
8998 296
9041 248
9040 252
9043 240
9042 244
9045 232
9046 228
9044 236
9047 224
856 232
9037 264
9036 268
9006 264
9039 256
9038 260
9029 296
8999 292
9028 300
840 253
9073 236
9074 232
9072 240
9075 228
835 273
920 269
921 265
922 261
923 257
924 253
925 249
926 245
927 241
928 237
837 265
838 261
839 257
836 269
9065 268
9064 272
9067 260
9066 264
9069 252
9068 256
9071 244
9070 248
9059 292
9060 288
9061 284
9033 280
9003 276
9058 296
9063 276
9035 272
9113 300
9087 296
9088 292
9089 288
9090 284
9091 280
875 268.968
953 264.968
1024 260.968
1094 256.968
1166 252.968
1250 248.968
1333 244.968
1423 240.968
1519 236.968
1613 232.968
1710 228.968
1800 224.968
1882 220.968
1970 216.968
2060 212.968
2150 208.968
2236 204.968
2323 200.968
2409 196.968
2493 192.968
2578 188.968
2664 184.968
2752 180.968
2840 176.968
2940 172.968
3043 168.968
3133 164.968
3225 160.968
3319 156.968
9117 284
9118 280
9119 276
9093 272
9094 268
9095 264
876 268.968
9104 228
9076 224
9048 220
9018 216
9097 256
9096 260
9099 248
9098 252
9101 240
9102 236
9103 232
9100 244
9092 276
9145 284
9144 288
9147 276
9148 272
9149 268
9122 264
9146 280
9151 260
9124 256
9150 264
9141 300
9142 296
9143 292
9116 288
9128 240
952 264.968
9130 232
954 264.968
1025 260.968
9133 231.992
9107 227.992
9079 223.992
9051 219.992
9020 215.992
8989 211.992
8957 207.992
8924 203.992
9121 268
9120 272
944 267.968
1016 263.968
1086 259.968
1159 254.968
1243 250.968
1327 246.968
1418 241.968
1515 237.968
1609 233.968
9123 260
9125 252
949 264.968
9127 244
9126 248
9177 260
9152 256
9176 264
9179 252
9180 248
9181 244
9182 240
9157 236
9178 256
9169 292
9170 288
9171 284
9172 280
9173 276
9174 272
9175 268
935 220
1010 216
1234 204
1317 200
9153 252
9155 244
9156 240
9154 248
9201 264
9202 260
9203 256
9204 252
9200 268
9205 248
9206 244
9193 296
9195 288
9197 280
1021 260.968
9196 284
9199 272
9198 276
1015 267.68
1085 263.68
1158 258.68
1242 254.68
1326 250.68
1417 245.68
1514 241.68
1608 237.68
1705 233.68
10049 229.938
1014 268.68
1084 264.68
1157 259.68
1241 255.68
1325 251.68
1416 246.68
1513 242.68
1607 238.68
9241 284
9242 280
9243 276
9244 272
9245 268
9224 264
1001 268
1000 272
1003 245.26
1074 241.26
1143 237.26
1226 233.26
10048 229.587
1227 228
1228 224
1229 220
1230 216
1231 212
1232 208
1233 204
1005 240
1006 236
1004 244
9247 260
9226 256
9246 264
9225 260
9227 252
9228 248
9219 284
9221 276
9220 280
9223 268
9222 272
1037 308.968
1104 304.968
1180 300.968
1179 296.968
1262 292.968
1261 288.968
1347 284.968
1437 280.968
1436 276.968
1435 272.968
1434 268.968
1433 264.968
1432 260.968
1431 256.968
1527 252.968
1526 248.968
1525 244.968
1524 240.968
1523 236.968
1616 232.968
1713 228.968
1803 224.968
1885 220.968
1973 216.968
2063 212.968
2152 208.968
2237 204.968
2324 200.968
1027 260.968
1097 256.968
1169 252.968
1253 248.968
1337 244.968
1427 240.968
1026 260.968
1096 256.968
1168 252.968
1251 248.968
1335 244.968
1425 240.968
1521 236.968
1615 232.968
1712 228.968
1802 224.968
1884 220.968
1972 216.968
1028 260.968
1098 256.968
1170 252.968
1254 248.968
1080 212
1152 208
1235 204
9249 252
1073 242.26
9248 256
1075 241.26
1144 237.26
1077 216
1148 212
1076 240
1099 256.968
1171 252.968
1102 268.968
1174 264.968
1173 260.968
1172 256.968
1255 252.968
1338 248.968
1428 244.968
1095 256.968
1167 252.968
1145 224
1146 220
1147 216
1142 241.26
1225 237.26
1183 312.968
1266 308.968
1352 304.968
1442 300.968
1538 296.968
1537 292.968
1630 288.968
1727 284.968
1726 280.968
1725 276.968
1815 272.968
1897 268.968
1985 264.968
1984 260.968
2074 256.968
2163 252.968
2248 248.968
2335 244.968
2334 240.968
2419 236.968
2503 232.968
2588 228.968
2674 224.968
2762 220.968
2850 216.968
2950 212.968
2949 208.968
2948 204.968
2947 200.968
2946 196.968
2945 192.968
2944 188.968
2943 184.968
2942 180.968
2941 176.968
1182 308.968
1265 304.968
1351 300.968
1441 296.968
1165 252.968
1248 248.968
1332 244.968
1422 240.968
1156 263.68
1240 259.68
9421 1779.96
9422 1681.96
9423 1583.96
9424 1485.96
9442 1310.96
9443 1211.96
9461 1076.96
9477 970.956
9494 863.956
9512 731.956
9531 624.956
9551 517.956
6006 328.956
6087 323.956
6163 319.956
6238 315.956
6313 310.956
6314 306.956
6315 302.956
6316 298.956
6317 294.956
6395 287.956
6474 280.956
6555 276.956
6635 271.956
6713 267.956
6789 263.956
6862 258.956
6934 254.956
6935 250.956
6936 246.956
7012 242.956
7083 237.956
7152 233.956
7217 229.956
7284 225.956
7352 220.956
7421 216.956
7487 212.956
9982 209.015
7556 204
7557 200
7558 196
7631 189
7704 185
7777 181
7851 176
7852 172
9420 1877.96
1247 248.968
1330 244.968
1420 240.968
1517 236.968
1611 232.968
1708 228.968
1799 224.968
1224 238.533
1223 234.533
1306 227.533
1393 221.533
1487 217.533
1584 213.533
1677 209.533
1773 205.533
1862 201.533
1946 197.533
2035 193.533
2127 189.533
2218 185.533
2305 181.533
2392 177.533
2478 170.595
2734 154
2820 149
2913 145
3015 141
3108 137
3203 132
3300 128
3395 124
3482 119
3564 115
3649 111
3732 106
3820 102
3907 98
3996 94
4086 89
4176 85
4269 81
4360 76
4449 72
4537 68
4538 64
4624 60
4707 55
4708 51
4796 47
4882 43
4967 38
5051 34
5133 30
5213 25
5301 21
5393 17
5484 13
1221 233.533
1220 229.533
1305 225.533
1392 221.533
1484 217.533
1582 213.533
1675 209.533
1772 205.533
9462 1040.46
9939 950.042
9478 932.136
9942 843.257
9495 824.956
1222 237.533
1264 300.968
1350 296.968
1440 292.968
1439 288.968
1438 284.968
1534 280.968
1533 276.968
1532 272.968
1531 268.968
1530 264.968
1529 260.968
1528 256.968
1269 320.968
1268 316.968
1267 312.968
1353 308.968
1443 304.968
1257 260.968
1256 256.968
1259 280.968
1345 276.968
9493 918.956
9511 785.956
9530 679.956
9550 573.956
9572 444.956
5928 347.956
1252 248.968
1304 226.533
1307 231.533
1309 239.533
1308 235.533
1311 232
1312 228
1310 236
9529 778.956
9528 877.956
9532 620.956
9525 1766.2
9544 1664.2
9563 1571.2
9586 1469.2
9607 1367.2
9629 1275.2
9630 1178.2
9631 1081.2
9984 1029.6
9609 950
9610 850
9611 750
9612 650
9613 550
9614 450
7873 384
7800 380
7801 376
7802 372
7803 368
7876 364
7877 360
7878 356
7879 352
7880 348
7881 344
7882 340
7883 336
7884 332
7885 328
7886 324
7887 320
7888 316
7889 312
7890 308
7891 304
7892 300
7893 296
7894 292
7895 288
7896 284
7897 280
7898 276
7899 272
7900 268
7901 264
9524 1861.2
9543 1759.2
9562 1666.2
9585 1565.2
9606 1464.2
9628 1372.2
9527 976.956
9513 727.956
1336 244.968
1426 240.968
1339 252.968
1341 260.968
1340 256.968
1430 252.968
1343 268.968
1342 264.968
9506 1962.2
9509 981.956
9510 883.956
1334 244.968
1424 240.968
9567 934.956
9568 836.956
9569 738.956
9570 640.956
9571 542.956
9566 1032.96
1319 200
1405 196
1500 192
1593 188
1686 184
9547 872.956
9546 971.956
9549 673.956
9548 772.956
9593 441.956
6911 389.956
6912 385.956
6913 381.956
6982 370.956
7051 365.956
7120 361.956
7121 357.956
7122 353.956
7123 349.956
7124 345.956
7125 341.956
7126 337.956
7127 333.956
7128 329.956
7193 325.956
7260 321.956
7328 316.956
7329 312.956
7398 308.956
7464 304.956
7465 300.956
7466 296.956
7467 292.956
7468 288.956
7469 284.956
7470 280.956
7471 276.956
7472 272.956
7473 268.956
7474 264.956
7475 260.956
7476 256.956
7477 252.956
7478 248.956
7479 244.956
7480 240.956
7481 236.956
7482 232.956
7483 228.956
7484 224.956
7485 220.956
7486 216.956
9592 540.956
9595 703.968
9594 604.968
5374 530.968
5286 526.968
5203 521.968
5123 517.968
5041 513.968
4957 508.968
4872 504.968
4871 500.968
4784 496.968
4695 491.968
4609 487.968
4522 483.968
4433 479.968
4341 474.968
4340 470.968
4248 466.968
4155 462.968
4065 457.968
3975 453.968
3974 449.968
3973 445.968
3884 441.968
3883 437.968
3795 433.968
3707 428.968
3623 424.968
3537 420.968
3451 415.968
3450 411.968
3449 407.968
3448 403.968
3447 399.968
3446 395.968
3445 391.968
3444 387.968
3443 383.968
3442 379.968
3441 375.968
3440 371.968
3439 367.968
3438 363.968
3437 359.968
3436 355.968
3435 351.968
3434 347.968
3433 343.968
3432 339.968
3431 335.968
3430 331.968
3429 327.968
3428 323.968
3427 319.968
3426 315.968
3425 311.968
3424 307.968
3423 303.968
3339 299.968
3338 295.968
3337 291.968
3336 287.968
3335 283.968
3334 279.968
3333 275.968
3332 271.968
3331 267.968
3330 263.968
3329 259.968
3328 255.968
3327 251.968
3326 247.968
3325 243.968
3324 239.968
3323 235.968
3229 228.968
3138 223.968
3046 219.968
3045 215.968
1355 316.968
1445 312.968
1444 308.968
1540 304.968
1633 300.968
1730 296.968
1729 292.968
1819 288.968
1901 284.968
1989 280.968
1988 276.968
2078 272.968
2167 268.968
2252 264.968
2339 260.968
2338 256.968
2337 252.968
2336 248.968
2421 244.968
2420 240.968
1357 324.968
1447 320.968
1446 316.968
1359 332.968
1449 328.968
1448 324.968
1358 328.968
1346 280.968
9589 837.956
9590 738.956
9591 639.956
9588 936.956
1349 292.968
1348 288.968
1401 223
1314 219
1315 215
1400 227
1403 196
1497 192
1591 188
1778 180
1949 172
1402 219
1395 228.533
1489 224.533
1586 220.533
1679 216.533
1775 212.533
1863 205.533
1947 201.533
2036 197.533
2128 193.533
1394 225.533
9573 80
4102 76
4287 68
4377 64
4465 60
4552 56
4637 52
4719 48
4807 44
4892 40
4976 36
5059 32
5140 28
5219 24
1397 236.533
1396 232.533
1399 231
9574 600.968
3561 516.968
3475 511.968
3474 507.968
3473 503.968
3472 499.968
3471 495.968
3470 491.968
3469 487.968
3468 483.968
3467 479.968
3466 475.968
3465 471.968
3464 467.968
3463 463.968
3462 459.968
3461 455.968
3460 451.968
3459 447.968
3458 443.968
3457 439.968
3456 435.968
3455 431.968
3454 427.968
3453 423.968
3452 419.968
1398 238
1391 222.533
1483 218.533
1581 214.533
9617 706.968
9616 607.968
7111 542.968
7110 538.968
7109 534.968
7108 530.968
7038 522.968
7037 518.968
6967 511.968
6966 507.968
6965 503.968
6964 499.968
6896 492.968
6828 487.968
6755 483.968
6679 479.968
6601 474.968
6600 470.968
6599 466.968
6519 462.968
6437 458.968
6359 454.968
6282 449.968
6207 445.968
6131 441.968
6055 436.968
5974 432.968
5901 428.968
5827 424.968
5752 419.968
5676 415.968
5596 411.968
5519 406.968
5518 402.968
5517 398.968
5516 394.968
5515 390.968
5514 386.968
5428 382.968
5336 378.968
5248 374.968
5165 369.968
5164 365.968
5084 361.968
5002 357.968
4918 352.968
4917 348.968
4832 344.968
4831 340.968
4744 336.968
4655 331.968
4569 327.968
4482 323.968
4393 319.968
4301 314.968
4209 310.968
4116 306.968
4026 301.968
3936 297.968
3847 293.968
3759 289.968
3671 284.968
3587 280.968
3501 276.968
3415 271.968
1429 248.968
9657 692
9636 589
9656 789
9635 686
9658 790
9661 809.724
9638 701.724
10125 687.14
1421 240.968
9660 737.968
9637 629.968
9615 536.968
6824 477.968
6751 473.968
6675 469.968
6598 465.968
6518 461.968
6436 457.968
6358 453.968
9655 887
9634 783
1415 250.68
9654 984
9633 880
1414 252.072
10030 242.934
1702 234.968
1794 227.968
1879 223.968
1963 217.968
2052 213.968
2142 209.968
2228 205.968
2316 200.968
2402 196.968
2487 192.968
2572 188.968
2659 184.968
9639 722.968
9681 845.968
9680 797
9682 917.724
1499 192
9677 1061.47
10128 962.061
9679 795
9678 892
1491 233.129
9901 229.519
1588 228.533
1587 224.533
1490 228.533
1493 237
1494 233
1492 237.129
1495 196
9721 990
9700 886
9720 988
1482 226.533
1579 222.533
1580 218.533
1674 213.533
1485 217.533
1486 217.533
9699 983
9701 888
1512 246.68
1606 242.68
1704 237.68
1511 250.68
9742 1168
9741 1069
1553 356.968
1646 352.968
1743 348.968
1742 344.968
1741 340.968
1831 336.968
1830 332.968
1829 328.968
1828 324.968
1827 320.968
1826 316.968
1825 312.968
1907 308.968
1995 304.968
2085 300.968
2084 296.968
2083 292.968
2172 288.968
2257 284.968
2344 280.968
2343 276.968
2342 272.968
2341 268.968
2340 264.968
2425 260.968
2509 256.968
2594 252.968
2593 248.968
2592 244.968
2678 240.968
2766 236.968
2854 232.968
2954 228.968
2953 224.968
2952 220.968
2951 216.968
1552 352.968
1645 348.968
1555 364.968
1648 360.968
1745 356.968
1744 352.968
1554 360.968
1556 368.968
1649 364.968
1746 360.968
1545 324.968
1638 320.968
1735 316.968
1544 320.968
1543 316.968
1542 312.968
1541 308.968
1546 328.968
1639 324.968
1736 320.968
1549 340.968
1642 336.968
1739 332.968
1738 328.968
1737 324.968
1551 348.968
1550 344.968
1536 288.968
1629 284.968
9782 1396
9781 1299
9761 1173
1592 188
1585 217.533
9762 1273
1589 192
9819 1465
9799 1362
9779 1261
9760 1171
9818 1464
9821 1471
9801 1367
9780 1263
9820 1468
9800 1364
9823 1599.19
9804 1502.19
9784 1405.19
9763 1292.73
9744 1195.73
9723 1098.73
10126 1005
9702 919.968
1583 213.533
1676 209.533
9822 1507
9802 1403
1625 268.968
1624 264.968
1623 260.968
1720 256.968
1719 252.968
1718 248.968
1717 244.968
1716 240.968
1715 236.968
1714 232.968
1804 228.968
1627 276.968
1626 272.968
1628 280.968
1619 244.968
1618 240.968
1621 252.968
1620 248.968
9798 1385
9778 1283
9759 1193
9740 1091
1622 256.968
1612 232.968
1709 228.968
1605 240.895
1604 236.895
1700 233
1793 226
1792 222
1791 218
1790 214
1876 210
1875 206
1959 202
2048 198
2047 194
2046 190
2045 186
2044 182
2135 175
2312 167
2399 160
2398 156
2484 152
9844 720.306
9833 703.243
10024 668.584
9830 628.494
9871 578.153
9829 521.467
9912 484.555
9828 453.236
9927 410.768
9827 371.896
9897 356.175
1657 395.968
1754 391.968
1753 387.968
1752 383.968
1751 379.968
1750 375.968
1840 371.968
1922 367.968
2010 363.968
2100 359.968
2099 355.968
2098 351.968
2097 347.968
2186 343.968
2271 339.968
2358 335.968
2443 331.968
2527 327.968
2612 323.968
2697 316.968
2696 312.968
2695 308.968
2694 304.968
2693 300.968
2781 296.968
2780 292.968
2868 288.968
2867 284.968
2967 280.968
2966 276.968
2965 272.968
2964 268.968
2963 264.968
2962 260.968
2961 256.968
2960 252.968
2959 248.968
2958 244.968
2957 240.968
2956 236.968
2955 232.968
1656 391.968
9835 675.166
9879 662.598
9834 737.857
9843 703.979
1658 399.968
1755 395.968
1845 391.968
1927 387.968
2015 383.968
2014 379.968
2104 375.968
2103 371.968
2192 367.968
2191 363.968
2190 359.968
2275 355.968
2362 351.968
2361 347.968
2446 343.968
2530 339.968
2615 335.968
2614 331.968
2613 327.968
9836 558.272
9904 517.883
9826 119.919
6240 108
6241 104
6167 100
6090 96
6010 92
6011 88
6012 84
6013 80
6014 76
5935 72
5861 68
5862 64
5863 60
5864 56
5865 52
5866 48
5867 44
5868 40
5869 36
5870 32
5871 28
5872 24
5798 20
5799 16
5724 12
5725 8
5726 4
1651 371.968
1748 367.968
1747 363.968
1837 359.968
1919 355.968
2007 351.968
1650 367.968
1653 379.968
9831 722.143
10007 671.004
1652 375.968
1749 371.968
1839 367.968
1921 363.968
2009 359.968
9881 310.549
1640 328.968
1643 340.968
1740 336.968
9885 197.464
1644 344.968
1647 356.968
1632 296.968
1635 308.968
1732 304.968
1822 300.968
1821 296.968
1820 292.968
1902 288.968
1990 284.968
1634 304.968
1637 316.968
1734 312.968
1733 308.968
1636 312.968
9866 263.646
604 254
1684 184
1777 180
9913 85.25
1673 222.533
9915 75.145
4194 72
4286 68
4376 64
4464 60
4551 56
9914 100.454
9825 91.551
5627 84
5628 80
5629 76
5709 72
5710 68
5711 64
5712 60
5713 56
5714 52
5715 48
5716 44
5717 40
5718 36
5719 32
5720 28
5721 24
5722 20
5723 16
9917 241.88
7084 236.956
7153 232.956
7218 228.956
7285 224.956
9916 462.692
9919 431.419
9918 177.843
1678 213.533
9905 270.859
9906 106.996
4469 104.968
9909 76.112
4726 72
9908 324.58
3249 321.968
3248 317.968
3340 310.968
9911 309.775
9910 56.942
5127 54
5207 49
5208 45
5209 41
5210 37
5298 33
5390 29
5391 25
5392 21
1721 260.968
9896 313.108
9899 150.816
2823 147
2915 143
3017 139
3110 135
3204 131
3301 127
3396 123
3483 118
3565 114
3650 110
1723 268.968
1813 264.968
1812 260.968
1894 256.968
1982 252.968
2072 248.968
2071 244.968
2160 240.968
2159 236.968
2244 232.968
2331 228.968
2330 224.968
2415 220.968
2499 216.968
2584 212.968
2670 208.968
2669 204.968
2757 200.968
2845 196.968
2844 192.968
2843 188.968
1722 264.968
9900 255.769
6794 252.956
7014 240.956
1724 272.968
9903 142.045
3749 136.968
3838 132.968
9902 434.256
9893 233.032
9895 116.353
4170 109
4171 105
4172 101
4173 97
4174 93
4267 89
4358 84
4359 80
9894 125.621
9945 576.335
3476 515.968
9944 456.217
1769 451.968
1768 447.968
1767 443.968
1766 439.968
1765 435.968
1764 431.968
1763 427.968
1762 423.968
1761 419.968
1760 415.968
1850 411.968
1849 407.968
1931 403.968
1930 399.968
2018 395.968
2017 391.968
2016 387.968
9946 437.967
918 435.968
917 431.968
995 427.968
994 423.968
1066 419.968
1132 415.968
1208 411.968
1291 407.968
1377 403.968
1376 399.968
1466 395.968
1465 391.968
1464 387.968
1560 383.968
1706 232.968
9949 60.606
6510 55
6509 51
6508 47
6507 43
6424 39
6345 35
6267 30
6192 26
6114 22
6033 17
5952 13
5878 9
5803 5
9948 182.485
8665 176
8623 172
8580 168
8536 164
8490 160
8443 156
8394 152
9951 235.187
1711 228.968
1801 224.968
9936 902.728
1699 230
1698 226
1697 222
9938 847.656
9943 461.667
9928 120.793
4195 116.968
4288 112.968
4379 108.968
9933 856.043
1757 403.968
1756 399.968
1758 407.968
1848 403.968
9920 251.699
9923 339.998
3159 335.968
3158 331.968
3157 327.968
9924 312.422
9926 194.538
9976 368.576
6005 332.956
6086 327.956
6162 323.956
6237 319.956
6312 314.956
9979 303.959
2871 300.968
2971 296.968
2970 292.968
2969 288.968
2968 284.968
9981 1747.44
9968 262.851
9270 256.805
10129 255.524
9252 251.992
9231 247.992
9208 243.992
9184 239.992
9159 235.992
9132 231.992
9106 227.992
9078 223.992
9050 219.992
9971 117.861
7870 117
7796 112
7723 108
7651 104
7577 100
7506 96
7439 92
7370 88
7301 84
7234 80
1731 300.968
9973 686.879
9972 63.84
6893 61
6821 56
6745 52
6666 48
6587 44
6504 40
6421 36
6342 32
6265 28
6190 24
6112 20
6032 16
5951 12
5877 8
9975 242.022
9974 636.383
9960 76.624
5069 72
5229 64
5228 60
5227 56
5314 52
5405 48
5495 44
5580 40
5579 36
5578 32
5577 28
5576 24
5575 20
5651 16
5730 12
5729 8
5728 4
9967 159.908
8445 156
8396 152
8347 148
8297 144
8244 140
9966 295.783
3845 291.968
3757 287.968
3586 279.968
3500 275.968
9952 236.018
9954 123.134
7941 120
7868 116
7795 112
7721 108
7648 104
7574 100
7503 96
1781 180
1867 176
1951 172
2040 168
2132 164
9956 386.65
5669 381.968
5510 373.968
5424 369.968
5332 365.968
5244 361.968
5161 356.968
5081 352.968
4999 348.968
4915 343.968
4830 339.968
4743 335.968
4654 330.968
4568 326.968
4481 322.968
4392 318.968
4300 313.968
4208 309.968
4115 305.968
4025 300.968
3935 296.968
3846 292.968
3758 288.968
3670 283.968
9959 191.953
10009 941.331
10008 162.858
7853 160
7780 156
7781 152
1771 206.533
1861 202.533
1770 455.968
1774 209.533
10005 229.986
1817 280.968
1816 276.968
1818 284.968
1900 280.968
9999 304.58
963 298.921
1036 294.921
1035 290.921
1103 284.065
1034 277.065
1033 273.065
1032 269.067
10013 268.238
1031 264.968
1030 260.968
1809 248.968
1808 244.968
1890 240.968
1889 236.968
1888 232.968
1887 228.968
1886 224.968
1974 220.968
2064 216.968
2153 212.968
2238 208.968
2325 204.968
2410 200.968
1811 256.968
1810 252.968
1814 268.968
10041 172.973
10040 378.242
6007 326.308
6164 316.308
6239 312.308
10043 271.51
10042 134.021
3479 131
3480 127
3481 123
3563 119
3648 115
3731 110
10045 1053.67
1805 232.968
10044 346.658
2783 343.968
2698 339.968
10047 162.909
1807 240.968
10046 577.262
1806 236.968
10033 67.832
5381 65
5472 61
5558 56
5559 52
5560 48
5637 44
10032 962.906
10035 114.037
7090 113
7019 108
6943 104
6872 100
6801 96
6802 92
6727 88
6649 84
6570 80
6571 76
6572 72
6490 68
6408 64
6330 60
6331 56
6254 52
6255 48
6181 44
6104 40
6024 36
6025 32
6026 28
5947 24
5873 20
10034 113.97
10037 229.325
10036 238.489
10039 1705.8
10038 259.55
1798 224.968
10027 200.195
1945 197.533
10026 110.554
10029 286.543
704 283.968
10028 784.4
10031 176.098
1841 375.968
1843 383.968
1925 379.968
2013 375.968
1842 379.968
1924 375.968
2012 371.968
2011 367.968
1844 387.968
1846 395.968
10073 127.124
3025 125
3118 121
3213 116
3309 112
1833 344.968
1832 340.968
10072 126.289
3312 120
3311 116
10075 178.312
2042 176
2041 172
2133 168
2223 164
1835 352.968
1917 348.968
2005 344.968
2004 340.968
2003 336.968
2002 332.968
2001 328.968
2091 324.968
2180 320.968
2265 316.968
2352 312.968
2351 308.968
2350 304.968
2435 300.968
2519 296.968
2604 292.968
2690 288.968
2689 284.968
2688 280.968
2687 276.968
2775 272.968
2863 268.968
2862 264.968
2861 260.968
10074 201.764
1834 348.968
1836 356.968
1918 352.968
2006 348.968
1838 363.968
1920 359.968
2008 355.968
10065 202.782
10064 135.946
10067 89.904
10066 202.497
10069 137.01
10068 90.106
3829 88
3917 84
4005 80
4094 76
4184 72
4277 68
4367 64
4456 60
4544 56
4630 52
4712 48
4800 44
4886 40
4970 36
5054 32
5136 28
5215 24
5303 20
5395 16
5486 12
5571 8
10071 23.253
10070 139.507
7286 136
7287 132
7288 128
7289 124
7223 120
7158 116
7089 112
10057 103.494
3580 100.025
3747 92
3836 88
3926 84
4014 80
1881 220.968
1969 216.968
10056 201.91
10059 314.653
1883 220.968
1971 216.968
2062 212.968
10061 75.857
4185 72
10060 146.336
2651 140
2740 136
2828 132
2926 128
10063 273.738
6712 271.956
10062 282.21
6475 276.956
6476 272.956
6557 268.956
6637 263.956
6715 259.956
6791 255.956
6864 250.956
1873 198
1957 194
10051 369.163
10050 195.306
2486 193.968
10053 144.689
7354 142
10055 374.792
10054 304.26
1865 176
1948 172
2038 168
1860 451.968
1859 447.968
1941 443.968
2029 439.968
2119 435.968
2118 431.968
2207 427.968
2292 423.968
2379 419.968
2378 415.968
2377 411.968
2376 407.968
2375 403.968
2374 399.968
2373 395.968
2372 391.968
2371 387.968
2370 383.968
2369 379.968
2454 375.968
2453 371.968
2537 367.968
2622 363.968
2621 359.968
2620 355.968
2619 351.968
2618 347.968
2617 343.968
2616 339.968
1913 332.968
1912 328.968
2000 324.968
1999 320.968
1998 316.968
1997 312.968
1996 308.968
1915 340.968
1914 336.968
1916 344.968
1905 300.968
1993 296.968
1904 296.968
1992 292.968
1991 288.968
1911 324.968
1910 320.968
1896 264.968
1899 276.968
1987 272.968
1986 268.968
2076 264.968
2165 260.968
2250 256.968
1898 272.968
1903 292.968
1891 244.968
1893 252.968
1892 248.968
1895 260.968
1944 197.533
2033 193.533
2125 189.533
2217 185.533
2304 181.533
1939 435.968
2027 431.968
2026 427.968
2025 423.968
2024 419.968
2023 415.968
2022 411.968
2021 407.968
2111 403.968
2200 399.968
2199 395.968
2284 391.968
1929 395.968
1928 391.968
1923 371.968
1926 383.968
1977 232.968
2067 228.968
2156 224.968
2241 220.968
2328 216.968
2327 212.968
2326 208.968
1976 228.968
2066 224.968
2155 220.968
2240 216.968
1979 240.968
1978 236.968
1981 248.968
1980 244.968
1983 256.968
1975 224.968
1965 216.968
2055 212.968
2144 208.968
2230 204.968
2317 200.968
1967 216.968
2057 212.968
1966 216.968
1954 183
2043 179
1994 300.968
2034 193.533
2037 168
2130 164
2221 160
2308 156
2019 399.968
2020 403.968
2110 399.968
2073 252.968
2075 260.968
2077 268.968
2079 276.968
2065 220.968
2069 236.968
2068 232.968
2070 240.968
2056 212.968
2146 208.968
2231 204.968
2318 200.968
2404 196.968
2488 192.968
2573 188.968
2059 212.968
2149 208.968
2235 204.968
2322 200.968
2408 196.968
2061 212.968
2105 379.968
2107 387.968
2106 383.968
2195 379.968
2194 375.968
2193 371.968
2109 395.968
2108 391.968
2096 344.968
2095 340.968
2094 336.968
2183 332.968
2182 328.968
2267 324.968
2354 320.968
2439 316.968
2523 312.968
2608 308.968
2607 304.968
2606 300.968
2605 296.968
2691 292.968
2101 363.968
2102 367.968
2088 312.968
2087 308.968
2086 304.968
2093 332.968
2092 328.968
2081 284.968
2080 280.968
2169 276.968
2254 272.968
2253 268.968
2082 288.968
2143 208.968
2229 204.968
2134 172
2126 189.533
2113 411.968
2202 407.968
2287 403.968
2286 399.968
2285 395.968
2168 272.968
2171 284.968
2170 280.968
2173 292.968
2175 300.968
2260 296.968
2347 292.968
2432 288.968
2431 284.968
2430 280.968
2429 276.968
2428 272.968
2512 268.968
2597 264.968
2596 260.968
2595 256.968
2174 296.968
2259 292.968
2258 288.968
2161 244.968
2162 248.968
2247 244.968
2164 256.968
2166 264.968
2154 216.968
2158 232.968
2243 228.968
2145 208.968
2148 208.968
2151 208.968
2201 403.968
2197 387.968
2196 383.968
2198 391.968
2185 340.968
2270 336.968
2357 332.968
2356 328.968
2355 324.968
2184 336.968
2187 347.968
2189 355.968
2274 351.968
2188 351.968
2273 347.968
2272 343.968
2176 304.968
2261 300.968
2348 296.968
2433 292.968
2181 324.968
2232 204.968
2319 200.968
2234 204.968
2321 200.968
2406 196.968
2491 192.968
2576 188.968
2662 184.968
2751 180.968
2839 176.968
2939 172.968
3042 168.968
3132 164.968
3224 160.968
2239 212.968
2225 171
2224 168
2216 186.533
2219 168
2266 320.968
2353 316.968
2269 332.968
2268 328.968
2256 280.968
2249 252.968
2251 260.968
2255 276.968
2245 236.968
2246 240.968
2333 236.968
2418 232.968
2502 228.968
2501 224.968
2586 220.968
2585 216.968
2281 379.968
2368 375.968
2280 375.968
2279 371.968
2278 367.968
2277 363.968
2276 359.968
2283 387.968
2282 383.968
2332 232.968
2417 228.968
2315 201.968
2401 197.968
2306 156
2395 152
2482 148
2566 144
2653 140
2311 164
2310 160
2360 343.968
2359 339.968
2363 355.968
2365 363.968
2364 359.968
2367 371.968
2452 367.968
2536 363.968
2535 359.968
2366 367.968
2345 284.968
2346 288.968
2393 181.595
2479 174.595
2394 152
2480 148
2564 144
2652 140
2387 451.968
2386 447.968
2385 443.968
2470 439.968
2554 435.968
2639 431.968
2638 427.968
2637 423.968
2636 419.968
2635 415.968
2634 411.968
2633 407.968
2632 403.968
2631 399.968
2630 395.968
2629 391.968
2628 387.968
2627 383.968
2626 379.968
2625 375.968
2624 371.968
2623 367.968
2424 256.968
2423 252.968
2422 248.968
2427 268.968
2511 264.968
2426 264.968
2403 196.968
2407 196.968
2457 387.968
2456 383.968
2540 379.968
2459 395.968
2458 391.968
2460 399.968
2449 355.968
2448 351.968
2447 347.968
2451 363.968
2450 359.968
2455 379.968
2441 324.968
2440 320.968
2442 328.968
2445 339.968
2529 335.968
2444 335.968
2528 331.968
2490 192.968
2575 188.968
2492 192.968
2577 188.968
2495 200.968
2580 196.968
2666 192.968
2754 188.968
2753 184.968
2481 148
2565 144
2485 156
2520 300.968
2525 320.968
2610 316.968
2609 312.968
2526 324.968
2611 320.968
2513 272.968
2598 268.968
2515 280.968
2600 276.968
2599 272.968
2514 276.968
2517 288.968
2602 284.968
2601 280.968
2516 284.968
2518 292.968
2603 288.968
2505 240.968
2590 236.968
2676 232.968
2675 228.968
2763 224.968
2851 220.968
2504 236.968
2589 232.968
2507 248.968
2506 244.968
2591 240.968
2508 252.968
2510 260.968
2498 212.968
2583 208.968
2544 395.968
2543 391.968
2539 375.968
2538 371.968
2541 383.968
2542 387.968
2531 343.968
2533 351.968
2532 347.968
2534 355.968
2587 224.968
2569 152
2656 148
2744 144
2832 140
2831 136
2928 132
3030 128
2568 148
2570 156
2657 152
2745 148
2833 144
2563 144
2649 157
2735 153
2821 148
2914 144
3016 140
3109 136
2650 156
2736 152
2822 147
2655 144
2743 140
2681 252.968
2769 248.968
2857 244.968
2680 248.968
2768 244.968
2856 240.968
2683 260.968
2771 256.968
2859 252.968
2858 248.968
2682 256.968
2685 268.968
2684 264.968
2772 260.968
2860 256.968
2686 272.968
2673 220.968
2761 216.968
2849 212.968
2848 208.968
2847 204.968
2846 200.968
2672 216.968
2760 212.968
2677 236.968
2679 244.968
2671 212.968
2661 184.968
2750 180.968
2838 176.968
2713 399.968
2712 395.968
2705 367.968
2704 363.968
2703 359.968
2702 355.968
2701 351.968
2700 347.968
2699 343.968
2707 375.968
2706 371.968
2709 383.968
2708 379.968
2711 391.968
2710 387.968
2692 296.968
2747 180.968
2835 176.968
2936 172.968
2746 150
2749 180.968
2837 176.968
2737 151
2739 136
2827 132
2924 128
3027 124
3120 120
3214 116
2741 136
2829 132
2733 158
2819 153
2777 280.968
2865 276.968
2864 272.968
2776 276.968
2779 288.968
2778 284.968
2866 280.968
2782 300.968
2770 252.968
2773 264.968
2774 268.968
2765 232.968
2853 228.968
2764 228.968
2767 240.968
2793 379.968
2792 375.968
2791 371.968
2795 387.968
2794 383.968
2797 395.968
2796 391.968
2799 403.968
2798 399.968
2785 347.968
2784 343.968
2787 355.968
2786 351.968
2789 363.968
2788 359.968
2790 367.968
2873 348.968
2872 346.968
2972 342.968
3066 338.968
2875 356.968
2874 352.968
2877 364.968
2876 360.968
2879 372.968
2878 368.968
2869 292.968
2870 296.968
2855 236.968
2909 160
2910 156
2911 152
3014 145
2888 408.968
2881 380.968
2880 376.968
2883 388.968
2882 384.968
2885 396.968
2884 392.968
2887 404.968
2886 400.968
2930 140
2929 136
2933 178.968
2934 174.968
3038 170.968
3129 166.968
3222 161.968
3317 157.968
3408 153.968
2932 182.968
2935 173.968
3039 169.968
3130 165.968
2921 130
3024 126
3117 122
3212 117
3308 113
3404 109
2923 128
3026 124
3119 120
2922 129.457
2925 128
2912 149
2973 346.968
3067 342.968
2975 354.968
2974 350.968
2985 394.968
3079 390.968
3078 386.968
3077 382.968
3076 378.968
3075 374.968
3074 370.968
3073 366.968
3072 362.968
3071 358.968
3070 354.968
3069 350.968
3068 346.968
2984 390.968
2987 402.968
3081 398.968
3080 394.968
2986 398.968
2989 410.968
2988 406.968
3082 402.968
2977 362.968
2976 358.968
2979 370.968
2978 366.968
2981 378.968
2980 374.968
2983 386.968
2982 382.968
3033 139
3124 132
3123 128
3122 124
3216 120
3032 136
3035 182.968
3126 178.968
3219 173.968
3220 169.968
3221 165.968
3034 186.968
3125 182.968
3218 177.968
3313 173.968
3314 169.968
3315 165.968
3316 161.968
3036 178.968
3127 174.968
3028 124
3019 138
3112 134
3206 130
3302 126
3398 122
3484 118
3018 139
3021 132
3114 128
3209 123
3210 119
3306 115
3402 111
3488 106
3569 102
3655 98
3738 93
3825 89
3914 85
4003 81
3020 136
3113 132
3208 127
3022 128
3115 124
3013 163
3012 167
3065 295.968
3064 291.968
3063 287.968
3062 283.968
3061 279.968
3060 275.968
3059 271.968
3058 267.968
3057 263.968
3056 259.968
3055 255.968
3054 251.968
3053 247.968
3052 243.968
3051 239.968
3050 235.968
3049 231.968
3048 227.968
3047 223.968
3083 406.968
3084 410.968
3116 123
3211 118
3307 114
3403 110
3489 105
3570 101
3656 97
3111 135
3161 343.968
3160 339.968
3163 351.968
3162 347.968
3165 359.968
3164 355.968
3167 367.968
3166 363.968
3152 279.968
3151 275.968
3150 271.968
3149 267.968
3148 263.968
3155 291.968
3154 287.968
3153 283.968
3156 295.968
3145 251.968
3144 247.968
3147 259.968
3146 255.968
3141 235.968
3140 231.968
3143 243.968
3142 239.968
3177 407.968
3176 403.968
3175 399.968
3174 395.968
3173 391.968
3172 387.968
3171 383.968
3170 379.968
3169 375.968
3168 371.968
3178 411.968
3231 236.968
3205 131
3207 130
3257 353.968
3256 349.968
3255 345.968
3254 341.968
3253 337.968
3252 333.968
3251 329.968
3250 325.968
3259 361.968
3258 357.968
3261 369.968
3260 365.968
3263 377.968
3262 373.968
3241 276.968
3240 272.968
3245 292.968
3244 288.968
3246 296.968
3233 244.968
3232 240.968
3239 268.968
3238 264.968
3272 413.968
3271 409.968
3270 405.968
3269 401.968
3268 397.968
3267 393.968
3266 389.968
3265 385.968
3264 381.968
3275 425.968
3274 421.968
3273 417.968
3305 119
3401 115
3304 123
3299 132
3298 136
3393 132
3303 126
3353 362.968
3352 358.968
3351 354.968
3350 350.968
3349 346.968
3348 342.968
3347 338.968
3346 334.968
3345 330.968
3344 326.968
3343 322.968
3342 318.968
3341 314.968
3355 370.968
3354 366.968
3357 378.968
3356 374.968
3359 386.968
3358 382.968
3361 394.968
3360 390.968
3363 402.968
3362 398.968
3365 410.968
3364 406.968
3417 279.968
3416 275.968
3419 287.968
3418 283.968
3421 295.968
3420 291.968
3422 299.968
3399 122
3485 118
3566 114
3651 110
3733 106
3487 107
3568 103
3654 99
3737 94
3824 90
3913 86
4002 82
4092 77
4182 73
4275 69
3477 140.167
3478 137.615
3513 324.968
3512 320.968
3515 332.968
3514 328.968
3517 340.968
3516 336.968
3519 348.968
3518 344.968
3505 292.968
3504 288.968
3507 300.968
3506 296.968
3509 308.968
3508 304.968
3510 312.968
3503 284.968
3502 280.968
3492 104
3572 100
3529 388.968
3528 384.968
3531 396.968
3530 392.968
3533 404.968
3532 400.968
3535 412.968
3534 408.968
3521 356.968
3520 352.968
3523 364.968
3522 360.968
3525 372.968
3524 368.968
3527 380.968
3526 376.968
3579 104.025
3581 104.025
3609 368.968
3608 364.968
3607 360.968
3611 376.968
3610 372.968
3613 384.968
3612 380.968
3615 392.968
3614 388.968
3601 336.968
3600 332.968
3599 328.968
3603 344.968
3602 340.968
3605 352.968
3604 348.968
3606 356.968
3593 304.968
3592 300.968
3595 312.968
3594 308.968
3597 320.968
3596 316.968
3598 324.968
3589 288.968
3588 284.968
3591 296.968
3590 292.968
3624 428.968
3538 424.968
3617 400.968
3616 396.968
3619 408.968
3618 404.968
3620 412.968
3673 292.968
3672 288.968
3675 300.968
3674 296.968
3677 308.968
3676 304.968
3679 316.968
3678 312.968
3705 420.968
3621 416.968
3704 416.968
3697 388.968
3696 384.968
3699 396.968
3698 392.968
3701 404.968
3700 400.968
3703 412.968
3702 408.968
3689 356.968
3688 352.968
3691 364.968
3690 360.968
3693 372.968
3692 368.968
3695 380.968
3694 376.968
3681 324.968
3680 320.968
3683 332.968
3682 328.968
3685 340.968
3684 336.968
3687 348.968
3686 344.968
3741 92
3827 88
3742 93.131
3730 114
3734 110
3769 329.968
3768 325.968
3771 337.968
3770 333.968
3773 345.968
3772 341.968
3775 353.968
3774 349.968
3761 297.968
3760 293.968
3763 305.968
3762 301.968
3765 313.968
3764 309.968
3767 321.968
3766 317.968
3753 141.968
3842 137.968
3931 133.968
4019 129.968
4108 125.968
4199 121.968
4291 117.968
4471 107.968
3752 138.968
3841 134.968
3930 130.968
4018 126.968
4107 122.968
4198 118.968
4290 114.968
3746 96
3748 92
3751 138.968
3840 134.968
3929 130.968
3793 425.968
3792 421.968
3796 437.968
3708 432.968
3785 393.968
3784 389.968
3787 401.968
3786 397.968
3789 409.968
3788 405.968
3791 417.968
3790 413.968
3777 361.968
3776 357.968
3779 369.968
3778 365.968
3781 377.968
3780 373.968
3783 385.968
3782 381.968
3833 94
3921 90
3920 86
4008 82
4096 76
3835 88
3925 84
3834 98
3922 94
4010 90
4009 86
3837 88
3828 92
3819 110
3821 93
3910 89
3999 85
4089 80
4179 76
4272 72
4363 67
4452 63
4540 59
4626 55
4709 50
4797 46
4883 42
4968 37
5052 33
5134 29
3865 365.968
3864 361.968
3867 373.968
3866 369.968
3869 381.968
3868 377.968
3871 389.968
3870 385.968
3857 333.968
3856 329.968
3855 325.968
3854 321.968
3853 317.968
3859 341.968
3858 337.968
3861 349.968
3860 345.968
3863 357.968
3862 353.968
3849 301.968
3848 297.968
3851 309.968
3850 305.968
3852 313.968
3889 461.968
3888 457.968
3800 453.968
3712 448.968
3711 444.968
3627 440.968
3541 436.968
3881 429.968
3880 425.968
3879 421.968
3878 417.968
3882 433.968
3794 429.968
3706 424.968
3885 445.968
3887 453.968
3799 449.968
3886 449.968
3798 445.968
3710 440.968
3626 436.968
3540 432.968
3873 397.968
3872 393.968
3875 405.968
3874 401.968
3877 413.968
3876 409.968
3932 299.355
3923 98
4011 94
3924 85
4013 81
3916 84
3904 110
3905 106
3994 102
4084 97
3909 90
3998 86
4088 81
4178 77
4271 73
4362 68
4451 64
4539 60
4625 56
3961 397.968
3960 393.968
3963 405.968
3962 401.968
3965 413.968
3964 409.968
3967 421.968
3966 417.968
3953 365.968
3952 361.968
3951 357.968
3950 353.968
3949 349.968
3948 345.968
3947 341.968
3946 337.968
3945 333.968
3944 329.968
3955 373.968
3954 369.968
3957 381.968
3956 377.968
3959 389.968
3958 385.968
3943 325.968
3942 321.968
3941 317.968
3940 313.968
3992 110
4082 105
4083 101
3977 461.968
3976 457.968
3979 469.968
3890 465.968
3802 461.968
3714 456.968
3630 452.968
3544 448.968
3978 465.968
3969 429.968
3968 425.968
3971 437.968
3970 433.968
3972 441.968
4024 299.968
3934 295.968
4031 321.968
4017 126.968
4106 122.968
4023 299.968
3933 295.968
4001 83
4091 78
4181 74
4274 70
4365 65
4454 61
4542 57
4628 53
4000 84
4090 79
4180 75
4273 71
4364 66
4453 62
4541 58
4627 54
4710 49
4798 45
4884 41
4006 80
4095 76
4057 425.968
4056 421.968
4055 417.968
4054 413.968
4059 433.968
4058 429.968
4061 441.968
4060 437.968
4063 449.968
4062 445.968
4049 393.968
4048 389.968
4051 401.968
4050 397.968
4053 409.968
4052 405.968
4041 361.968
4040 357.968
4043 369.968
4042 365.968
4045 377.968
4044 373.968
4047 385.968
4046 381.968
4033 329.968
4032 325.968
4034 333.968
4037 345.968
4036 341.968
4035 337.968
4039 353.968
4038 349.968
4064 453.968
4067 465.968
4066 461.968
4069 473.968
4068 469.968
4071 481.968
4070 477.968
4121 326.968
4123 334.968
4122 330.968
4112 303.968
4104 120.968
4111 303.968
4022 299.968
4097 76
4188 72
4281 68
4371 64
4459 60
4546 56
4632 52
4714 48
4801 44
4101 80
4153 454.968
4152 450.968
4154 458.968
4157 470.968
4156 466.968
4159 478.968
4158 474.968
4145 422.968
4144 418.968
4149 438.968
4148 434.968
4151 446.968
4150 442.968
4137 390.968
4136 386.968
4139 398.968
4138 394.968
4141 406.968
4140 402.968
4143 414.968
4142 410.968
4131 366.968
4130 362.968
4133 374.968
4132 370.968
4135 382.968
4134 378.968
4187 72
4279 68
4369 64
4457 60
4186 72
4189 72
4190 72
4283 68
4373 64
4461 60
4548 56
4634 52
4716 48
4803 44
4889 40
4973 36
5057 32
5138 28
5217 24
5304 20
5396 16
4177 81
4270 77
4361 72
4450 68
4175 89
4268 85
4161 486.968
4160 482.968
4162 490.968
4072 485.968
3982 481.968
3981 477.968
3892 473.968
3891 469.968
4216 338.968
4215 334.968
4214 330.968
4203 307.968
4249 470.968
4251 478.968
4250 474.968
4253 486.968
4252 482.968
4255 494.968
4254 490.968
4241 438.968
4243 446.968
4242 442.968
4245 454.968
4244 450.968
4247 462.968
4246 458.968
4233 406.968
4232 402.968
4231 398.968
4235 414.968
4234 410.968
4237 422.968
4236 418.968
4224 370.968
4227 382.968
4226 378.968
4229 390.968
4228 386.968
4230 394.968
4280 68
4370 64
4282 68
4372 64
4278 68
4368 64
4265 105
4266 101
4264 109
4256 498.968
4263 113
4262 522.968
4169 518.968
4079 513.968
4078 509.968
4077 505.968
4076 501.968
4075 497.968
3985 493.968
3984 489.968
3983 485.968
3894 481.968
3893 477.968
4317 378.968
4316 374.968
4315 370.968
4223 366.968
4319 386.968
4318 382.968
4305 330.968
4304 326.968
4303 322.968
4211 318.968
4210 314.968
4289 112.968
4380 108.968
4295 311.968
4204 307.968
4294 311.968
4345 490.968
4344 486.968
4347 498.968
4346 494.968
4348 502.968
4337 458.968
4336 454.968
4339 466.968
4338 462.968
4343 482.968
4342 478.968
4329 426.968
4328 422.968
4333 442.968
4335 450.968
4334 446.968
4320 390.968
4323 402.968
4322 398.968
4321 394.968
4325 410.968
4324 406.968
4327 418.968
4326 414.968
4375 64
4374 64
4463 60
4355 111
4354 115
4357 88
4409 383.968
4408 379.968
4411 391.968
4410 387.968
4413 399.968
4412 395.968
4415 407.968
4414 403.968
4395 327.968
4394 323.968
4302 318.968
4387 315.968
4296 311.968
4388 315.968
4297 311.968
4205 307.968
4113 303.968
4441 511.968
4349 506.968
4257 502.968
4164 498.968
4074 493.968
4073 489.968
4440 507.968
4442 515.968
4350 510.968
4258 506.968
4445 115
4444 523.968
4352 518.968
4351 514.968
4259 510.968
4447 88
4432 475.968
4435 487.968
4434 483.968
4437 495.968
4436 491.968
4438 499.968
4429 463.968
4431 471.968
4430 467.968
4417 415.968
4416 411.968
4419 423.968
4418 419.968
4421 431.968
4420 427.968
4462 60
4550 56
4636 52
4718 48
4805 44
4890 40
4974 36
4448 76
4505 415.968
4504 411.968
4503 407.968
4502 403.968
4501 399.968
4500 395.968
4507 423.968
4506 419.968
4508 427.968
4497 383.968
4496 379.968
4495 375.968
4406 371.968
4314 366.968
4222 362.968
4129 358.968
4499 391.968
4498 387.968
4488 347.968
4399 343.968
4307 338.968
4306 334.968
4485 335.968
4484 331.968
4483 327.968
4487 343.968
4398 339.968
4486 339.968
4397 335.968
4536 72
4529 511.968
4528 507.968
4527 503.968
4531 519.968
4530 515.968
4533 119
4532 523.968
4443 519.968
4534 123
4521 479.968
4520 475.968
4523 487.968
4525 495.968
4524 491.968
4526 499.968
4571 335.968
4570 331.968
4573 343.968
4572 339.968
4575 351.968
4553 56
4638 52
4720 48
4554 60
4639 56
4721 52
4808 48
4893 44
4977 40
4549 56
4593 423.968
4592 419.968
4595 431.968
4594 427.968
4596 435.968
4509 431.968
4587 399.968
4586 395.968
4585 391.968
4589 407.968
4588 403.968
4591 415.968
4590 411.968
4576 355.968
4489 351.968
4633 52
4715 48
4635 52
4717 48
4617 519.968
4616 515.968
4615 511.968
4614 507.968
4619 123
4618 523.968
4621 72
4704 67
4792 63
4878 59
4963 54
5047 50
5129 46
4623 64
4706 59
4794 55
4795 51
4622 68
4705 63
4611 495.968
4610 491.968
4613 503.968
4612 499.968
4657 339.968
4656 335.968
4659 347.968
4658 343.968
4660 351.968
4574 347.968
4642 68
4724 64
4723 60
4722 56
4697 499.968
4696 495.968
4699 507.968
4698 503.968
4701 515.968
4700 511.968
4702 519.968
4681 435.968
4680 431.968
4683 443.968
4597 439.968
4510 435.968
4682 439.968
4684 447.968
4598 443.968
4511 439.968
4674 407.968
4673 403.968
4677 419.968
4676 415.968
4679 427.968
4678 423.968
4730 91
4725 68
4713 48
4763 412.968
4765 420.968
4767 428.968
4766 424.968
4747 348.968
4746 344.968
4749 356.968
4748 352.968
4750 360.968
4661 355.968
4793 59
4879 55
4964 50
5048 46
5049 42
5131 38
5211 33
5212 29
5300 25
4785 500.968
4787 508.968
4786 504.968
4789 516.968
4788 512.968
4791 524.968
4790 520.968
4769 436.968
4768 432.968
4771 444.968
4772 448.968
4817 84
4816 80
4901 76
4985 72
5068 68
5149 64
4818 88
4809 52
4811 60
4896 56
4980 52
4979 48
5062 44
5143 40
4810 56
4812 64
4897 60
4981 56
4815 76
4900 72
4984 68
4983 64
4802 44
4888 40
4972 36
5055 32
4804 44
4806 44
4860 456.968
4773 452.968
4863 468.968
4776 464.968
4687 459.968
4686 455.968
4600 451.968
4513 447.968
4424 443.968
4332 438.968
4240 434.968
4147 430.968
4853 428.968
4852 424.968
4855 436.968
4854 432.968
4843 388.968
4842 384.968
4755 380.968
4666 375.968
4580 371.968
4579 367.968
4578 363.968
4577 359.968
4490 355.968
4835 356.968
4834 352.968
4839 372.968
4752 368.968
4663 363.968
4891 40
4975 36
5058 32
4895 52
4894 48
4881 47
4966 42
5050 38
4880 51
4965 46
4887 40
4971 36
4873 508.968
4875 516.968
4874 512.968
4877 524.968
4876 520.968
4865 476.968
4778 472.968
4689 467.968
4603 463.968
4516 459.968
4427 455.968
4864 472.968
4899 68
4903 84
4987 80
4986 76
4902 80
4959 516.968
4958 512.968
4945 460.968
4944 456.968
4859 452.968
4947 468.968
4862 464.968
4775 460.968
4946 464.968
4861 460.968
4774 456.968
4685 451.968
4949 476.968
4948 472.968
4950 480.968
4937 428.968
4936 424.968
4935 420.968
4850 416.968
4849 412.968
4762 408.968
4939 436.968
4938 432.968
4940 440.968
4942 448.968
4857 444.968
4770 440.968
4978 44
4961 524.968
4960 520.968
4962 58
5046 54
5020 429.968
5022 437.968
5011 393.968
4927 388.968
5015 409.968
4931 404.968
4846 400.968
4759 396.968
4670 391.968
4584 387.968
5040 509.968
4956 504.968
4955 500.968
4954 496.968
4869 492.968
4868 488.968
4781 484.968
4692 479.968
4606 475.968
4605 471.968
4518 467.968
5043 521.968
5042 517.968
5045 58
5044 525.968
5033 481.968
5032 477.968
5027 457.968
4943 452.968
4858 448.968
5026 453.968
5031 473.968
5030 469.968
5064 52
5063 48
5056 32
5061 40
5060 36
5113 477.968
5112 473.968
5101 429.968
5019 425.968
5102 433.968
5093 397.968
5092 393.968
5091 389.968
5090 385.968
5089 381.968
5007 377.968
4923 372.968
4838 368.968
4751 364.968
4662 359.968
5094 401.968
5145 48
5144 44
5137 28
5216 24
5139 28
5218 24
5305 20
5141 32
5142 36
5128 50
5130 42
5132 34
5125 525.968
5124 521.968
5126 529.968
5176 413.968
5096 409.968
5095 405.968
5175 409.968
5174 405.968
5205 529.968
5204 525.968
5206 53
5294 49
5295 45
5387 41
5478 37
5564 32
5641 28
5193 481.968
5192 477.968
5194 485.968
5275 482.968
5274 478.968
5191 473.968
5111 469.968
5029 465.968
5276 486.968
5309 32
5400 28
5490 24
5308 28
5311 40
5310 36
5296 41
5388 37
5479 33
5565 28
5566 24
5643 20
5644 16
5287 530.968
5361 478.968
5273 474.968
5190 469.968
5189 465.968
5109 461.968
5401 32
5491 28
5402 36
5399 24
5489 20
5574 16
5573 12
5649 8
5398 20
5488 16
5386 45
5380 69
5382 61
5473 57
5465 530.968
5464 526.968
5463 522.968
5371 518.968
5370 514.968
5369 510.968
5368 506.968
5280 502.968
5197 497.968
5196 493.968
5195 489.968
5115 485.968
5493 36
5492 32
5483 17
5569 12
5567 20
5554 72
5631 68
5632 64
5633 60
5634 56
5635 52
5585 60
5661 56
5660 52
5659 48
5658 44
5737 40
5736 36
5735 32
5734 28
5733 24
5732 20
5731 16
5568 16
5626 531.968
5549 526.968
5657 40
5656 36
5662 60
5741 56
5740 52
5739 48
5738 44
5650 12
5652 20
5655 32
5654 28
5653 24
5645 12
5646 8
5695 491.968
5615 487.968
5538 482.968
5537 478.968
5451 474.968
5450 470.968
5358 466.968
5270 462.968
5187 457.968
5186 453.968
5106 449.968
5024 445.968
5789 56
5788 60
5809 29
5808 25
5811 37
5810 33
5813 45
5812 41
5815 53
5814 49
5801 8
5800 12
5805 13
5804 9
5806 17
5881 21
5880 17
5879 13
5883 29
5882 25
5885 37
5884 33
5887 45
5886 41
5875 12
5874 16
5889 53
5888 49
5950 12
5939 56
5940 52
5941 48
5942 44
5961 49
5960 45
5959 41
5958 37
5962 53
5953 17
5955 25
5954 21
5957 33
5956 29
6001 348.956
6082 343.956
6158 339.956
6233 335.956
6308 330.956
6309 326.956
6310 322.956
6311 318.956
6000 536.968
5927 532.968
5853 528.968
5778 523.968
5702 519.968
5622 515.968
5545 510.968
5459 506.968
5367 502.968
5279 498.968
6003 340.956
6084 335.956
6085 331.956
6002 344.956
6083 339.956
6159 335.956
6234 331.956
6004 336.956
6041 49
6040 45
6035 25
6034 21
6037 33
6036 29
6039 41
6038 37
6027 24
6028 20
6031 16
6030 16
6016 68
6017 64
6018 60
6019 56
6020 52
6021 48
6022 44
6023 40
5944 36
5945 32
6111 20
6110 20
6081 347.956
6157 343.956
6121 50
6120 46
6122 54
6113 21
6115 26
6117 34
6116 30
6119 42
6118 38
6161 327.956
6160 331.956
6235 327.956
6155 537.968
6079 532.968
5998 528.968
5925 524.968
5851 520.968
5776 515.968
5775 511.968
5774 507.968
5698 503.968
5618 499.968
5541 494.968
5540 490.968
5454 486.968
5362 482.968
6156 347.956
6193 30
6195 38
6194 34
6197 46
6196 42
6198 50
6187 24
6189 24
6188 24
6191 25
6232 339.956
6307 334.956
6236 323.956
6231 343.956
6306 338.956
6230 537.968
6229 533.968
6228 529.968
6152 525.968
6076 520.968
5995 516.968
5922 512.968
5921 508.968
5920 504.968
5919 500.968
5845 496.968
5770 491.968
5769 487.968
5693 483.968
5692 479.968
5612 475.968
5535 470.968
5534 466.968
5533 462.968
5447 458.968
5446 454.968
5445 450.968
5353 446.968
5265 442.968
5182 437.968
6264 28
6266 29
6269 38
6268 34
6271 46
6270 42
6261 28
6263 28
6262 28
6247 80
6248 76
6249 72
6250 68
6176 64
6099 60
6318 108
6305 342.956
6344 34
6347 43
6346 39
6348 47
6351 59
6273 54
6272 50
6339 32
6338 32
6341 32
6340 32
6343 33
6393 295.956
6394 291.956
6392 299.956
6385 327.956
6386 323.956
6387 319.956
6388 315.956
6389 311.956
6390 307.956
6391 303.956
6384 331.956
6381 343.956
6382 339.956
6383 335.956
6380 538.968
6303 533.968
6425 43
6426 47
6417 36
6416 36
6418 36
6420 36
6423 38
6422 37
6409 60
6411 52
6333 48
6256 44
6257 40
6258 36
6259 32
6185 28
6108 24
6412 48
6334 44
6401 92
6402 88
6324 84
6459 340.956
6540 336.956
6620 331.956
6621 327.956
6699 323.956
6700 319.956
6776 315.956
6849 310.956
6850 306.956
6851 302.956
6923 298.956
6924 294.956
6925 290.956
6926 286.956
6927 282.956
6928 278.956
7004 274.956
7075 269.956
7144 265.956
7145 261.956
7146 257.956
7147 253.956
7148 249.956
7149 245.956
7150 241.956
7215 237.956
7216 233.956
7283 229.956
7351 224.956
6458 344.956
6461 332.956
6542 328.956
6622 323.956
6460 336.956
6463 324.956
6544 320.956
6624 315.956
6702 311.956
6703 307.956
6779 303.956
6852 298.956
6853 294.956
6854 290.956
6855 286.956
6856 282.956
6857 278.956
6858 274.956
6859 270.956
6860 266.956
6932 262.956
7008 258.956
7079 253.956
6462 328.956
6543 324.956
6623 319.956
6701 315.956
6483 96
6484 92
6485 88
6486 84
6487 80
6488 76
6406 72
6328 68
6251 64
6252 60
6253 56
6473 284.956
6472 288.956
6553 284.956
6633 279.956
6634 275.956
6477 271.956
6558 267.956
6638 262.956
6716 258.956
6792 254.956
6865 249.956
6937 245.956
7013 241.956
6478 270.956
6559 266.956
6639 261.956
6717 257.956
6793 253.956
6866 248.956
6938 244.956
6465 316.956
6546 312.956
6626 307.956
6704 303.956
6705 299.956
6781 295.956
6464 320.956
6545 316.956
6625 311.956
6467 308.956
6548 304.956
6628 299.956
6629 295.956
6630 291.956
6631 287.956
6632 283.956
6710 279.956
6711 275.956
6466 312.956
6547 308.956
6627 303.956
6469 300.956
6550 296.956
6468 304.956
6471 292.956
6470 296.956
6505 41
6506 42
6499 40
6498 40
6500 40
6502 40
6419 36
6552 288.956
6554 280.956
6556 272.956
6636 267.956
6549 300.956
6551 292.956
6539 340.956
6619 335.956
6541 332.956
6585 44
6584 44
6501 40
6586 44
6589 46
6588 45
6591 51
6590 47
6581 44
6580 44
6583 44
6582 44
6575 60
6493 56
6560 265.956
6640 260.956
6718 256.956
6565 100
6566 96
6567 92
6568 88
6569 84
6618 339.956
6696 335.956
6772 331.956
6845 326.956
6846 322.956
6847 318.956
6848 314.956
6651 76
6644 104
6665 48
6664 48
6667 49
6659 48
6661 48
6660 48
6663 48
6662 48
6714 263.956
6707 291.956
6783 287.956
6706 295.956
6709 283.956
6708 287.956
6697 331.956
6773 327.956
6698 327.956
6695 339.956
6744 52
6746 53
6737 52
6739 52
6738 52
6741 52
6740 52
6743 52
6742 52
6733 64
6734 60
6656 56
6577 52
6578 48
6496 44
6414 40
6735 56
6657 52
6723 104
6724 100
6725 96
6647 92
6777 311.956
6778 307.956
6780 299.956
6782 291.956
6771 335.956
6844 330.956
6770 543.968
6694 539.968
6616 534.968
6615 530.968
6614 526.968
6534 522.968
6452 518.968
6451 514.968
6373 510.968
6296 505.968
6221 501.968
6145 497.968
6069 492.968
6068 488.968
6067 484.968
6066 480.968
5985 476.968
5984 472.968
5983 468.968
5910 464.968
5909 460.968
5908 456.968
5834 452.968
5759 447.968
5683 443.968
5603 439.968
5526 434.968
5525 430.968
5524 426.968
5438 422.968
5346 418.968
5258 414.968
6775 319.956
6774 323.956
6809 64
6810 60
6813 56
6812 56
6815 56
6814 56
6798 108
6785 279.956
6784 283.956
6787 271.956
6786 275.956
6788 267.956
6861 262.956
6933 258.956
6790 259.956
6863 254.956
6843 334.956
6915 330.956
6991 326.956
7062 321.956
7131 317.956
7196 313.956
7197 309.956
7264 305.956
7332 300.956
7333 296.956
7334 292.956
7403 288.956
7404 284.956
7405 280.956
7406 276.956
7407 272.956
6817 56
6816 56
6819 56
6818 56
6822 57
6879 72
6808 68
6869 112
6870 108
6871 104
6910 393.956
6889 60
6888 60
6890 60
6892 60
6881 64
6880 68
6883 60
6885 60
6884 60
6887 60
6886 60
6941 112
6942 108
6940 116
6929 274.956
7005 270.956
7076 265.956
6931 266.956
7007 262.956
7078 257.956
6930 270.956
7006 266.956
7077 261.956
6921 306.956
6922 302.956
6998 298.956
7069 293.956
7070 289.956
7071 285.956
7140 281.956
7141 277.956
7142 273.956
7143 269.956
6920 310.956
6996 306.956
7067 301.956
7068 297.956
6914 334.956
6917 322.956
6918 318.956
6919 314.956
6995 310.956
7066 305.956
6916 326.956
6953 64
6954 64
6957 64
6956 64
6959 64
6958 64
6949 76
6950 72
6951 68
7001 286.956
7072 281.956
7000 290.956
7002 282.956
7073 277.956
6993 318.956
7064 313.956
7065 309.956
7134 305.956
7199 301.956
7200 297.956
7201 293.956
7268 289.956
7336 284.956
6992 322.956
7063 317.956
6994 314.956
6997 302.956
6999 294.956
6985 358.956
7054 353.956
6984 362.956
7053 357.956
6987 350.956
7056 345.956
6986 354.956
7055 349.956
6989 334.956
7060 329.956
7129 325.956
7194 321.956
7195 317.956
6988 346.956
7057 341.956
6990 330.956
7061 325.956
6977 390.956
7046 385.956
7115 381.956
7116 377.956
7117 373.956
7118 369.956
7119 365.956
6976 394.956
7045 389.956
7114 385.956
6979 382.956
7048 377.956
6978 386.956
7047 381.956
6981 374.956
7050 369.956
6980 378.956
7049 373.956
6983 366.956
7052 361.956
7033 68
7032 68
7034 68
6960 64
7024 76
7027 68
7029 68
7028 68
7031 68
7030 68
7017 116
7018 112
7016 120
7023 80
7009 254.956
7080 249.956
7011 246.956
7082 241.956
7151 237.956
7010 250.956
7081 245.956
7059 333.956
7058 337.956
7044 393.956
7113 389.956
7099 72
7098 72
7101 72
7100 72
7103 72
7102 72
7088 116
7095 80
7094 84
7085 128
7015 124
7087 120
7086 124
7074 273.956
7130 321.956
7133 309.956
7132 313.956
7135 301.956
7112 393.956
7105 72
7104 72
7162 104
7228 100
7155 128
7157 120
7156 124
7159 116
7160 112
7161 108
7227 104
7137 293.956
7138 289.956
7139 285.956
7136 297.956
7192 329.956
7198 305.956
7185 357.956
7252 353.956
7320 348.956
7321 344.956
7390 340.956
7456 336.956
7457 332.956
7458 328.956
7459 324.956
7460 320.956
7461 316.956
7462 312.956
7463 308.956
7184 361.956
7251 357.956
7319 352.956
7187 349.956
7254 345.956
7322 340.956
7323 336.956
7392 332.956
7393 328.956
7186 353.956
7253 349.956
7189 341.956
7190 337.956
7257 333.956
7325 328.956
7326 324.956
7327 320.956
7396 316.956
7397 312.956
7188 345.956
7255 341.956
7191 333.956
7177 389.956
7244 385.956
7312 380.956
7381 376.956
7382 372.956
7383 368.956
7384 364.956
7385 360.956
7386 356.956
7387 352.956
7453 348.956
7454 344.956
7455 340.956
7176 76
7106 72
7035 68
6961 64
7179 381.956
7246 377.956
7314 372.956
7178 385.956
7245 381.956
7313 376.956
7181 373.956
7248 369.956
7316 364.956
7180 377.956
7247 373.956
7315 368.956
7183 365.956
7250 361.956
7318 356.956
7182 369.956
7249 365.956
7317 360.956
7169 76
7168 76
7171 76
7170 76
7173 76
7175 76
7174 76
7224 116
7225 112
7226 108
7231 88
7230 92
7219 136
7220 132
7221 128
7222 124
7209 261.956
7276 257.956
7344 252.956
7345 248.956
7414 244.956
7415 240.956
7416 236.956
7208 265.956
7275 261.956
7343 256.956
7211 253.956
7278 249.956
7346 244.956
7210 257.956
7277 253.956
7213 245.956
7280 241.956
7348 236.956
7417 232.956
7418 228.956
7419 224.956
7420 220.956
7212 249.956
7279 245.956
7347 240.956
7214 241.956
7281 237.956
7349 232.956
7203 285.956
7204 281.956
7271 277.956
7339 272.956
7340 268.956
7409 264.956
7410 260.956
7411 256.956
7202 289.956
7269 285.956
7337 280.956
7338 276.956
7205 277.956
7272 273.956
7207 269.956
7274 265.956
7342 260.956
7206 273.956
7273 269.956
7341 264.956
7256 337.956
7324 332.956
7259 325.956
7258 329.956
7261 317.956
7263 309.956
7331 304.956
7400 300.956
7401 296.956
7402 292.956
7262 313.956
7330 308.956
7241 80
7240 80
7243 389.956
7311 384.956
7380 380.956
7242 80
7232 84
7235 80
7237 80
7236 80
7238 80
7172 76
7291 116
7292 112
7290 120
7293 108
7282 233.956
7350 228.956
7265 301.956
7267 293.956
7335 288.956
7266 297.956
7270 281.956
7305 84
7239 80
7304 84
7307 84
7306 84
7310 388.956
7379 384.956
7297 92
7296 96
7298 88
7300 84
7303 84
7302 84
7353 220
7555 208
7355 140
7357 132
7356 136
7359 124
7360 120
7361 116
7358 128
7376 88
7369 88
7371 88
7373 88
7372 88
7365 100
7366 96
7367 92
7423 144
7424 140
7422 146
7408 268.956
7413 248.956
7412 252.956
7395 320.956
7394 324.956
7399 304.956
7441 92
7440 92
7442 92
7374 88
7433 104
7432 108
7435 96
7434 100
7437 92
7438 92
7425 136
7427 128
7426 132
7429 120
7428 124
7431 112
7513 376
7514 372
7515 368
7516 364
7517 360
7518 356
7519 352
7520 348
7521 344
7522 340
7523 336
7524 332
7525 328
7526 324
7527 320
7528 316
7529 312
7530 308
7531 304
7532 300
7533 296
7534 292
7535 288
7536 284
7537 280
7538 276
7539 272
7540 268
7541 264
7542 260
7543 256
7544 252
7545 248
7546 244
7547 240
7548 236
7549 232
7550 228
7551 224
7552 220
7553 216
7554 212
7505 96
7504 96
7507 96
7509 96
7497 116
7498 112
7499 108
7501 100
7489 148
7490 144
7491 140
7492 136
7493 132
7495 124
7494 128
7579 100
7508 96
7580 100
7582 385
7655 381
7656 377
7657 373
7730 369
7804 364
7569 116
7568 120
7570 112
7571 108
7572 104
7575 100
7561 148
7560 152
7563 140
7562 144
7565 132
7566 128
7564 136
7559 154
7488 150
7609 277
7682 273
7755 269
7829 264
7608 281
7681 277
7754 273
7828 268
7611 269
7684 265
7757 261
7831 256
7832 252
7833 248
7834 244
7835 240
7610 273
7613 261
7686 257
7759 253
7612 265
7685 261
7615 253
7616 249
7617 245
7618 241
7619 237
7692 233
7693 229
7694 225
7695 221
7696 217
7769 213
7843 208
7844 204
7845 200
7846 196
7847 192
7848 188
7849 184
7850 180
7614 257
7687 253
7760 249
7603 301
7676 297
7749 293
7823 288
7824 284
7605 293
7678 289
7751 285
7825 280
7826 276
7604 297
7607 285
7680 281
7606 289
7592 345
7665 341
7738 337
7812 332
7641 124
7642 120
7643 116
7644 112
7645 108
7647 104
7633 156
7635 148
7636 144
7637 140
7638 136
7639 132
7634 152
7625 213
7626 209
7627 205
7700 201
7701 197
7702 193
7703 189
7624 217
7629 197
7630 193
7628 201
7621 229
7620 233
7623 221
7622 225
7677 293
7750 289
7679 285
7654 104.123
10081 100.087
7707 152
7708 148
7709 144
7706 156
7711 136
7710 140
7697 213
7770 209
7699 205
7698 209
7771 205
7689 245
7762 241
7836 236
7837 232
7838 228
7688 249
7761 245
7691 237
7690 241
7763 237
7683 269
7720 108
7713 128
7714 124
7715 120
7716 116
7717 112
7719 108
7768 217
7842 212
7773 197
7772 201
7775 189
7774 193
7765 229
7839 224
7840 220
7764 233
7767 221
7841 216
7766 225
7753 277
7827 272
7752 281
7756 265
7830 260
7758 257
7793 112
7792 112
7787 128
7786 132
7789 120
7788 124
7790 116
7776 185
7779 160
7778 177
7865 116
7866 116
7871 116
7798 112
7725 108
7652 104
7578 100
7857 144
7856 148
7859 136
7858 140
7861 128
7860 132
7862 124
7854 156
7929 152
7930 148
7931 144
7933 136
7932 140
7935 128
7934 132
7942 120
7869 116
7993 180
7994 176
7995 172
7992 184
7996 168
7999 156
8000 152
8001 148
7985 212
7989 196
7988 200
7991 188
7990 192
7977 244
7976 248
7979 236
7980 232
7981 228
7983 220
7982 224
7973 260
7974 256
8013 125.51
7943 121.51
8003 140
8002 144
8005 132
8004 136
8061 160
8062 156
8049 208
8041 240
8042 236
8043 232
8044 228
8035 264
8036 260
8038 252
8073 128
8010 124
7940 120
7867 116
7794 112
8074 128
8121 160
8120 164
