 key  value
8122 264
8063 260
8000 256
7930 252
7857 248
7784 244
7710 240
7638 236
7565 232
7494 228
7428 224
7359 220
7290 216
7224 212
7158 208
7089 204
7019 200
6943 196
6871 192
6800 188
6725 184
6647 180
6568 176
6485 172
6402 168
6324 164
6247 160
6173 156
6096 152
6016 148
5937 144
5863 140
5789 136
5714 132
5635 128
5559 124
5474 120
5384 116
5293 112
5206 108
5127 104
5046 100
4962 96
4792 88
4704 84
4622 80
4537 76
4450 72
4362 68
4272 64
4179 60
4089 56
4000 52
3911 48
3823 44
3737 40
3655 36
3570 32
3490 28
3405 24
3310 20
3215 16
3121 12
3029 8
2927 4
8125 264
8066 260
8004 256
7933 252
7860 248
7787 244
7714 240
7641 236
7568 232
7497 228
7430 224
7361 220
7292 216
7225 212
7159 208
8124 264
8065 260
8002 256
7932 252
7858 248
7785 244
7712 240
7639 236
8127 264
8068 260
8005 256
7934 252
8126 264
8067 260
8113 284
8054 280
8055 276
8056 272
8057 268
7995 264
7925 260
7926 256
7927 252
7853 248
7780 244
7707 240
7635 236
7562 232
7491 228
7425 224
7357 220
7288 216
7221 212
7155 208
7086 204
7016 200
6940 196
6869 192
6798 188
6723 184
6645 180
6566 176
6484 172
8112 288
8053 284
7991 280
7921 276
7922 272
7923 268
7924 264
8115 276
8114 280
8117 268
8118 264
8059 260
7997 256
8116 272
8119 264
8060 260
8105 316
8046 312
8047 308
8048 304
8049 300
8050 296
8051 292
7989 288
7919 284
7920 280
8104 320
8107 308
8106 312
8109 300
8108 304
8111 292
8052 288
8110 296
8097 348
8038 344
7976 340
7977 336
7907 332
7908 328
7909 324
7910 320
7911 316
7912 312
7913 308
7914 304
7915 300
7916 296
7917 292
7918 288
8096 352
8037 348
7975 344
7905 340
7906 336
8099 340
8040 336
8041 332
7979 328
8098 344
8039 340
8101 332
8042 328
8043 324
7981 320
7982 316
8100 336
8103 324
8102 328
8155 348
8156 344
8157 340
8158 336
8159 332
8160 328
8161 324
8162 320
8136 424
8137 420
8138 416
8081 412
8022 408
7960 404
7961 400
7962 396
7963 392
7964 388
7965 384
7966 380
7967 376
7968 372
7969 368
7970 364
7900 360
7901 356
7902 352
7903 348
7904 344
8128 264
8069 260
8007 256
7937 252
7864 248
7791 244
7718 240
7646 236
7572 232
7501 228
7435 224
7367 220
7298 216
7232 212
7165 208
7094 204
7023 200
6949 196
6879 192
6808 188
6733 184
6654 180
6575 176
6493 172
6411 168
6332 164
6255 160
6180 156
6102 152
6022 148
5942 144
5867 140
5792 136
5717 132
5637 128
5561 124
5476 120
5386 116
5295 112
5207 108
5128 104
8185 268
8184 268
8177 268
8120 264
8061 260
7999 256
7928 252
7854 248
7781 244
8176 268
8179 268
8121 264
8062 260
8178 268
8181 268
8123 264
8064 260
8001 256
8180 268
8183 268
8182 268
8169 292
8170 288
8168 296
8171 284
8172 280
8173 276
8175 268
8174 272
8163 316
8164 312
8165 308
8166 304
8167 300
8217 332
8218 328
8219 324
8216 336
8221 316
8222 312
8223 308
8224 304
8225 300
8226 296
8227 292
8228 288
8229 284
8220 320
8215 340
8214 344
8241 272
8240 272
8242 272
8233 272
8232 272
8235 272
8234 272
8237 272
8236 272
8239 272
8238 272
8231 276
8230 280
8281 292
8280 296
8283 284
8282 288
8285 276
8284 280
8287 276
8286 276
8273 324
8272 328
8275 316
8274 320
8277 308
8276 312
8279 300
8278 304
91 169
112 165
126 161
143 157
172 153
209 149
254 145
304 141
359 137
419 131
482 127
481 123
550 116
549 112
620 108
619 104
689 100
768 96
854 92
938 88
1012 84
1081 80
1153 76
1236 72
1318 68
1404 64
1499 60
1593 56
1686 52
1780 48
1866 44
1950 40
2040 36
2132 32
2222 28
2309 24
2397 20
2483 16
2567 12
2654 8
2742 4
8269 340
93 169
113 165
127 161
144 157
8268 344
92 169
8271 332
8270 336
8319 340
8320 336
8318 344
8298 276
8245 272
8187 268
8130 264
8071 260
8008 256
7938 252
125 161
142 157
171 153
208 149
253 145
8289 276
8288 276
8291 276
115 172
129 168
146 164
174 160
211 156
256 152
306 148
361 144
422 140
485 136
555 132
626 128
696 124
774 117
859 111
858 107
857 103
940 96
939 92
8290 276
114 169
8293 276
8292 276
8294 276
8344 280
8295 276
8349 281.834
9963 279.869
8299 276
8246 272
8189 268
8132 264
8073 260
8010 256
7939 252
7865 248
7792 244
110 165
124 161
8337 280
8336 280
8339 280
8338 280
8341 280
8340 280
8343 280
8342 280
8329 300
8328 304
8331 292
8332 288
8330 296
8333 284
8334 280
8335 280
8321 332
145 161
173 157
8323 324
8324 320
147 168
8322 328
8325 316
8326 312
149 175
148 171
176 167
213 163
258 159
308 155
363 151
424 147
487 143
557 139
628 135
697 128
8327 308
150 179
8377 304
8378 300
8379 296
8380 292
8376 308
8381 288
8383 284
8382 284
8369 336
8368 340
128 165
8371 328
8372 324
131 175
8370 332
130 172
8373 320
8374 316
133 183
132 179
8375 312
177 171
179 179
178 175
215 171
260 167
259 163
181 187
180 183
175 164
8393 284
8345 280
217 179
262 175
261 171
311 167
366 163
427 159
426 155
425 151
488 147
558 143
629 139
216 175
219 187
264 183
263 179
218 183
8385 284
8384 284
8387 284
8386 284
210 153
255 149
8389 284
8388 284
212 160
257 156
8391 284
8390 284
214 167
8441 288
8392 284
8440 288
8433 288
8432 288
8435 288
8434 288
8437 288
8436 288
8439 288
8438 288
8425 312
8426 308
8427 304
8428 300
8429 296
8430 292
8424 316
8431 288
8419 336
8420 332
8418 340
8421 328
8422 324
8423 320
8473 312
8474 308
8475 304
8472 316
8477 296
8476 300
8479 292
8478 292
8467 336
8466 340
8469 328
8470 324
8468 332
8471 320
266 191
265 187
315 183
314 179
313 175
312 171
367 167
8499 396
8453 392
8454 388
8455 384
8408 380
8409 376
8410 372
8411 368
8412 364
8363 360
8315 356
8266 352
8213 348
8500 392
8501 388
317 190.127
373 186.127
434 182.127
498 178.127
569 174.127
640 170.127
710 166.127
786 162.127
870 158.127
947 154.127
1018 150.127
1087 146.127
1159 142.127
1242 138.127
1325 134.127
1415 130.127
1414 126.127
1605 108.895
1604 104.895
1700 101
1793 94
1792 90
1791 86
1790 82
1876 78
1960 74
2049 70
2048 66
2047 62
2046 58
2045 54
2044 50
2135 43
2312 35
2399 28
2398 24
316 187
319 190.127
375 186.127
436 182.127
499 178.127
318 190.127
8481 292
305 145
8480 292
8483 292
307 152
8482 292
8485 292
309 159
364 155
8484 292
8487 292
8486 292
310 163
365 159
299 124
354 120
414 116
476 112
545 108
616 104
687 100
767 96
853 92
937 88
1011 84
1080 80
1152 76
1234 72
1317 68
1498 60
1685 52
1779 48
8529 296
8528 296
8531 296
8530 296
8533 296
8532 296
8521 308
8520 312
8523 300
8522 304
8525 296
8524 296
8527 296
8526 296
8515 332
8514 336
8517 324
8518 320
8519 316
8516 328
8569 300
8568 300
8571 300
8570 300
8573 300
8572 300
8575 300
8574 300
8561 328
8562 324
8563 320
8564 316
8560 332
8565 312
8567 304
8566 308
369 175
368 171
371 183
370 179
372 186.127
433 182.127
497 178.127
568 174.127
639 170.127
708 166.127
784 162.127
868 158.127
945 154.127
1016 150.127
1085 146.127
1157 142.127
1241 138.127
374 186.127
435 182.127
360 141
362 148
423 144
8605 328
8606 324
8607 320
8608 316
8609 312
8610 308
8604 332
353 120
413 116
475 112
544 108
615 104
686 100
766 96
852 92
936 88
8589 392
8546 388
8547 384
8548 380
8549 376
8550 372
8551 368
8552 364
8508 360
8462 356
8415 352
8416 348
8417 344
8588 396
8545 392
412 116
474 112
543 108
614 104
685 100
765 96
851 92
8590 388
8576 300
8632 388
8633 384
8592 380
8631 392
8630 396
8617 304
8616 304
8619 304
8618 304
432 179
495 175
565 171
636 167
635 163
634 159
633 155
632 151
631 147
630 143
8611 304
8613 304
8612 304
8615 304
8614 304
429 167
492 163
491 159
490 155
489 151
559 147
428 163
8671 392
8672 388
8670 396
8657 308
8656 308
416 116
477 112
546 108
617 104
688 100
8659 308
8658 308
8661 308
8620 304
8577 300
421 137
484 133
554 129
625 125
695 121
8660 308
420 135
483 131
553 127
552 123
623 119
622 115
692 111
771 107
8649 320
8650 316
8651 312
8652 308
473 113
542 109
8648 324
8653 308
8655 308
8654 308
478 112
469 113
538 109
609 105
680 101
760 97
847 93
932 89
1008 85
1078 81
1150 76
1316 68
1496 60
1590 56
1683 52
1864 44
2129 32
2220 28
2307 24
2396 20
8647 328
471 113
540 109
611 105
682 101
762 97
849 93
933 89
8646 332
8697 312
8696 312
8699 312
8698 312
8701 312
8662 308
8621 304
8578 300
8700 312
8689 320
8690 316
8691 312
8693 312
8692 312
8695 312
8694 312
8686 332
496 178.127
566 174.127
637 170.127
707 166.127
8729 316
8728 320
8731 316
8730 316
8733 316
8732 316
8735 316
8734 316
8726 328
8688 324
486 140
556 136
627 132
537 110
539 109
610 105
541 109
612 105
8711 388
8712 384
8713 380
8714 376
8715 372
8716 368
8717 364
8718 360
8680 356
8641 352
8600 348
8557 344
8558 340
8559 336
8710 392
8763 328
8727 324
8765 320
8764 324
8767 320
8766 320
8747 392
8746 396
570 174.127
641 170.127
8748 388
8737 316
8736 316
8739 316
563 163
562 159
561 155
560 151
8738 316
564 167
8787 392
8788 388
8789 384
8790 380
8751 376
547 108
618 104
8786 396
551 119
8776 320
8740 316
605 118
606 114
677 110
678 106
758 102
846 97
8780 322.363
9950 316.701
8704 312
8665 308
8623 304
8580 300
8535 296
8489 292
8442 288
607 110
8769 320
8768 320
8771 320
8770 320
8773 320
8772 320
8775 320
8774 320
8827 392
8828 388
8829 384
8816 324
8809 324
8808 324
8811 324
8810 324
8813 324
8812 324
8815 324
8814 324
8801 336
8762 332
8800 340
624 123
8803 328
8805 324
8804 324
8807 324
8806 324
621 112
691 108
770 104
856 100
855 96
8849 328
8848 328
608 106
679 102
759 98
8851 328
8850 328
8853 328
613 105
684 101
764 97
8852 328
8854 328
8841 336
8842 332
8843 328
8845 328
8844 328
8847 328
8846 328
8890 331.992
9969 328.062
8881 332
8880 332
8883 332
8882 332
642 174.127
711 170.127
787 166.127
871 162.127
8885 332
8884 332
8887 332
8886 332
8877 336
8879 332
8878 332
693 115
694 119
773 115
681 101
8920 336
683 101
8913 336
8912 336
8915 336
675 118
676 114
756 110
844 105
929 101
930 97
931 93
8914 336
8917 336
8916 336
8919 336
8918 336
8911 340
8910 344
8876 340
8953 340
8952 340
712 174.127
8945 340
8944 344
8947 340
8946 340
8949 340
709 166.127
785 162.127
869 158.127
946 154.127
8948 340
8951 340
8950 340
761 97
848 93
763 101
753 122
841 117
926 113
927 109
928 105
755 114
843 109
754 118
842 113
757 106
845 101
8985 344
8984 344
8977 344
8976 348
8979 344
8978 344
8981 344
8980 344
8983 344
8982 344
8975 352
8943 348
8974 356
8942 352
789 174.127
873 170.127
950 166.127
1021 162.127
1020 158.127
1019 154.127
788 170.127
790 178.127
9017 348
8986 344
8954 340
8921 336
9016 348
9009 348
769 100
9008 348
9011 348
9010 348
9013 348
9012 348
9015 348
9014 348
9005 360
9007 352
8997 392
8966 388
8967 384
8968 380
8936 376
8903 372
8869 368
8834 364
8795 360
8796 356
8757 352
8721 348
8722 344
8723 340
8685 336
8998 388
9041 352
9040 352
9043 352
9042 352
9045 352
9044 352
9047 352
9046 352
9037 356
9036 360
9006 356
9039 352
9038 352
850 97
9029 388
9030 384
9000 380
8969 376
8970 372
8971 368
8972 364
8940 360
8941 356
9028 392
840 121
9073 356
9072 356
9075 356
835 141
920 137
921 133
922 129
923 125
924 121
925 117
9074 356
837 133
838 129
836 137
839 125
9065 360
9064 364
9067 356
9066 356
9069 356
9068 356
9071 356
9070 356
9059 384
9060 380
9061 376
9062 372
9034 368
9004 364
8973 360
9058 388
9063 368
9113 392
9087 388
9088 384
9089 380
872 166.127
875 178.127
874 174.127
9117 376
9091 372
9092 368
876 182.127
9119 368
9120 364
9094 360
9118 372
9104 360
9076 356
9048 352
9018 348
8987 344
8955 340
9097 360
9096 360
9099 360
9098 360
9101 360
9100 360
9103 360
9102 360
9093 364
9095 360
9145 376
9144 380
9147 368
9146 372
9149 368
9122 364
9148 368
9121 364
9151 368
9123 364
9150 368
9141 392
9142 388
9115 384
9143 384
9128 364
952 174.127
951 170.127
9130 364
954 182.127
1025 178.127
1094 174.127
1093 170.127
1165 166.127
1164 162.127
1247 158.127
1330 154.127
1329 150.127
1419 146.127
1418 142.127
1417 138.127
1416 134.127
9133 363.992
9107 359.992
9078 355.992
9050 351.992
9020 347.992
8989 343.992
8957 339.992
8924 335.992
944 154.127
9125 364
949 162.127
9124 364
9127 364
9126 364
9177 372
9176 372
9179 372
9153 368
9178 372
9152 368
9181 372
9155 368
9180 372
9182 372
9156 368
9169 384
9171 376
9170 380
9173 372
9172 372
9175 372
935 88
1010 84
9174 372
934 93
9154 368
9201 376
9200 376
9203 376
9202 376
9205 376
9204 376
9206 376
9193 388
1017 150.127
1086 146.127
1158 142.127
9195 380
9196 376
9197 376
9199 376
9198 376
1022 166.127
1009 89
1015 150.127
1014 151.127
1156 143.127
1240 139.127
1324 135.127
9241 384
9220 380
1001 136
1000 140
9243 384
9222 380
1003 113.26
1074 109.26
1143 105.26
1226 101.26
10048 97.587
1227 96
1228 92
1229 88
1230 84
1231 80
1232 76
1233 72
9242 384
9245 384
9223 380
1005 108
1006 104
9244 384
1004 112
9247 384
9226 380
1007 89
9246 384
9224 380
9225 380
9227 380
9228 380
9219 380
9221 380
1037 246.127
1104 242.127
1180 238.127
1263 234.127
1349 230.127
1348 226.127
1347 222.127
1346 218.127
1436 214.127
1435 210.127
1434 206.127
1433 202.127
1432 198.127
1431 194.127
1430 190.127
1429 186.127
1428 182.127
1427 178.127
1426 174.127
1425 170.127
1424 166.127
1423 162.127
1422 158.127
1421 154.127
1420 150.127
1027 186.127
1026 182.127
1028 190.127
1097 186.127
1169 182.127
1168 178.127
1167 174.127
1166 170.127
1084 147.127
9249 384
1073 110.26
9248 384
1075 109.26
1144 105.26
1077 84
1148 80
1076 108
1096 182.127
1099 194.127
1171 190.127
1254 186.127
1337 182.127
1336 178.127
1335 174.127
1102 206.127
1174 202.127
1173 198.127
1172 194.127
1089 154.127
1088 150.127
1090 158.127
1095 178.127
1145 92
1146 88
1147 84
1142 109.26
1183 250.127
1266 246.127
1265 242.127
1351 238.127
1441 234.127
1440 230.127
1439 226.127
1438 222.127
1437 218.127
1182 246.127
1170 186.127
1161 150.127
1244 146.127
1243 142.127
1160 146.127
1163 158.127
1246 154.127
1162 154.127
1245 150.127
1328 146.127
1327 142.127
9421 1871.96
9422 1773.96
9423 1675.96
9424 1577.96
9442 1402.96
9443 1303.96
9461 1168.96
9477 1062.96
9494 955.956
9512 823.956
9531 716.956
9551 609.956
6006 420.956
6087 415.956
6163 411.956
6238 407.956
6313 402.956
6314 398.956
6315 394.956
6316 390.956
6317 386.956
6395 379.956
6474 372.956
6555 368.956
6635 363.956
6636 359.956
6637 355.956
6715 351.956
6791 347.956
6864 342.956
6936 338.956
7012 334.956
7083 329.956
7152 325.956
7217 321.956
7284 317.956
7352 312.956
7421 308.956
7487 304.956
9982 301.015
7556 296
7557 292
7558 288
7631 281
7704 277
7777 273
7851 268
7852 264
9420 1969.96
1235 72
1225 105.26
1224 109.26
1221 155.973
1220 151.973
1305 147.973
1392 143.973
1484 139.973
1582 135.973
1675 131.973
1772 127.973
1862 123.973
1946 119.973
2035 115.973
2127 111.973
2218 107.973
2305 103.973
2392 99.973
2478 93.035
2734 76.44
2735 72.44
2736 68.44
2737 64.44
2824 56.44
2917 52.44
3019 48.44
3020 44.44
3021 40.44
3022 36.44
3023 32.44
3024 28.44
10073 25.124
3025 23
2923 19
2827 12
2828 8
2829 4
1223 113.26
9462 1132.46
9939 1042.04
9478 1024.14
9942 935.257
9495 916.956
1222 159.973
1264 238.127
1269 258.127
1268 254.127
1267 250.127
1257 198.127
1256 194.127
1339 190.127
1259 218.127
1345 214.127
1248 162.127
1251 174.127
1334 170.127
1333 166.127
1250 170.127
9493 1010.96
9511 877.956
9530 771.956
9550 665.956
9572 536.956
5928 439.956
1253 182.127
1252 178.127
1255 190.127
1304 148.973
1307 116
1308 112
1309 108
1310 104
1311 100
1306 120
9529 870.956
9528 969.956
9532 712.956
9525 1858.2
9544 1756.2
9563 1663.2
9586 1561.2
9607 1459.2
9629 1367.2
9630 1270.2
9631 1173.2
9984 1121.6
9609 1042
9610 942
9611 842
9612 742
9613 642
9614 542
7873 476
7800 472
7801 468
7802 464
7803 460
7804 456
7877 452
7878 448
7879 444
7880 440
7881 436
7882 432
7883 428
7884 424
7885 420
7886 416
7887 412
7888 408
7889 404
7890 400
7891 396
7892 392
7893 388
7894 384
7895 380
7896 376
7897 372
7898 368
7899 364
9524 1953.2
9543 1851.2
9562 1758.2
9585 1657.2
9606 1556.2
9628 1464.2
9527 1068.96
9513 819.956
1338 186.127
1341 198.127
1340 194.127
1343 206.127
1342 202.127
9506 2054.2
9509 1073.96
9510 975.956
1332 162.127
1331 158.127
9567 1026.96
9568 928.956
9569 830.956
9570 732.956
9571 634.956
9566 1124.96
1326 138.127
1312 96
1319 68
1405 64
9547 964.956
9546 1063.96
9549 765.956
9548 864.956
9593 533.956
6911 481.956
6912 477.956
6913 473.956
6982 462.956
7051 457.956
7120 453.956
7185 449.956
7186 445.956
7187 441.956
7188 437.956
7255 433.956
7323 428.956
7324 424.956
7325 420.956
7394 416.956
7395 412.956
7396 408.956
7462 404.956
7463 400.956
7464 396.956
7465 392.956
7466 388.956
7467 384.956
7468 380.956
7469 376.956
7470 372.956
7471 368.956
7472 364.956
7473 360.956
7474 356.956
7475 352.956
7476 348.956
7477 344.956
7478 340.956
7479 336.956
7480 332.956
7481 328.956
7482 324.956
7483 320.956
7484 316.956
7485 312.956
7486 308.956
9592 632.956
9595 713.127
9574 604.127
3392 520.127
3297 513.127
3107 498.127
3011 491.127
2908 480.127
2818 472.127
2732 467.127
2562 455.127
2477 450.127
2391 445.127
2302 437.127
2215 430.127
2124 423.127
2032 416.127
1943 411.127
1942 407.127
1941 403.127
1940 399.127
1857 395.127
1856 391.127
1765 387.127
1667 382.127
1666 378.127
1572 374.127
1571 370.127
1474 366.127
1473 362.127
1472 358.127
1471 354.127
1470 350.127
1469 346.127
1468 342.127
1467 338.127
1466 334.127
1465 330.127
1464 326.127
1463 322.127
1462 318.127
1461 314.127
1460 310.127
1459 306.127
1458 302.127
1457 298.127
1456 294.127
1455 290.127
1454 286.127
1453 282.127
1452 278.127
1451 274.127
1450 270.127
1449 266.127
1448 262.127
1447 258.127
1446 254.127
1445 250.127
1444 246.127
1443 242.127
1442 238.127
1352 242.127
9594 615.127
5374 541.127
5373 537.127
5285 533.127
5202 528.127
5122 524.127
5040 520.127
4956 515.127
4871 511.127
4784 507.127
4695 502.127
4609 498.127
4522 494.127
4433 490.127
4341 485.127
4340 481.127
4248 477.127
4247 473.127
4246 469.127
4245 465.127
4152 461.127
4062 456.127
3972 452.127
3883 448.127
3882 444.127
3881 440.127
3793 436.127
3705 431.127
3704 427.127
3703 423.127
3702 419.127
3618 415.127
3532 411.127
3446 406.127
3445 402.127
3444 398.127
3443 394.127
3442 390.127
3441 386.127
3440 382.127
3439 378.127
3438 374.127
3437 370.127
3436 366.127
3435 362.127
3434 358.127
3433 354.127
3432 350.127
3431 346.127
3430 342.127
3429 338.127
3428 334.127
3427 330.127
3426 326.127
3425 322.127
3424 318.127
3423 314.127
3422 310.127
3421 306.127
3420 302.127
3419 298.127
3418 294.127
3334 290.127
3333 286.127
3332 282.127
3331 278.127
3330 274.127
3329 270.127
3328 266.127
3327 262.127
3326 258.127
3325 254.127
3324 250.127
3323 246.127
3229 239.127
3138 234.127
3046 230.127
3045 226.127
2949 219.127
2848 215.127
2759 210.127
2758 206.127
2669 202.127
2582 198.127
2496 193.127
2411 189.127
2325 185.127
2237 180.127
2151 176.127
2061 172.127
1970 168.127
1881 163.127
1798 159.127
1707 155.127
1609 150.127
1608 146.127
1607 142.127
1513 138.127
1355 254.127
1354 250.127
1353 246.127
1357 262.127
1359 270.127
1358 266.127
9589 929.956
9590 830.956
9591 731.956
9588 1028.96
1350 234.127
1401 91
1314 87
1315 83
1400 95
1403 64
1497 60
1591 56
1778 48
1949 40
2039 36
1402 87
1393 126
1395 120
1394 124
9573 110
4102 106
4194 102
4286 98
4193 94
4192 90
4191 86
4190 82
4189 78
4188 74
4187 70
4186 66
4185 62
4095 58
4005 53
3916 49
3827 45
3740 41
3657 36
3571 32
1397 112
1396 116
1399 99
1398 106
1391 144.973
1483 140.973
1581 136.973
9617 717.127
9616 618.127
7111 553.127
7110 549.127
7109 545.127
7108 541.127
7038 533.127
7037 529.127
6967 522.127
6966 518.127
6965 514.127
6964 510.127
6896 503.127
6828 498.127
6827 494.127
6826 490.127
6753 486.127
6677 482.127
6599 477.127
6519 473.127
6437 469.127
6359 465.127
6282 460.127
6207 456.127
6131 452.127
6055 447.127
5974 443.127
5973 439.127
5900 435.127
5826 431.127
5751 426.127
5750 422.127
5749 418.127
5748 414.127
5672 410.127
5592 406.127
5515 401.127
5514 397.127
5513 393.127
5512 389.127
5511 385.127
5425 381.127
5333 377.127
5245 373.127
5162 368.127
5082 364.127
5000 360.127
4916 355.127
4831 351.127
4744 347.127
4655 342.127
4569 338.127
4482 334.127
4393 330.127
4301 325.127
4209 321.127
4116 317.127
4026 312.127
3936 308.127
3847 304.127
3759 300.127
3671 295.127
3587 291.127
3501 287.127
3415 282.127
9657 784
9636 681
9656 881
9635 778
9658 882
9661 819.883
9638 711.883
10125 697.299
9660 748.127
9637 640.127
9615 547.127
6824 488.127
6751 484.127
6675 480.127
6598 476.127
6518 472.127
6436 468.127
6358 464.127
9655 979
9634 875
9654 1076
9633 972
9639 733.127
9681 856.127
9680 889
9682 927.883
9677 1153.47
10128 1054.06
1500 60
9679 887
9678 984
1491 114
1492 110
1490 120
1493 105
1494 101
1495 64
9721 1082
9700 978
9720 1080
1482 148.973
1579 144.973
1580 140.973
1674 135.973
1485 137
1486 133
1487 130
1529 202.127
1528 198.127
1527 194.127
1526 190.127
1525 186.127
1531 210.127
1530 206.127
1533 218.127
1532 214.127
1534 222.127
9699 1075
9701 980
1524 182.127
1523 178.127
1512 134.127
1511 130.127
1515 146.127
1514 142.127
1517 154.127
9742 1260
9741 1161
1553 298.127
1552 294.127
1555 306.127
1554 302.127
1556 310.127
1545 266.127
1544 262.127
1546 270.127
1549 282.127
1548 278.127
1547 274.127
1551 290.127
1550 286.127
1537 234.127
1536 230.127
1535 226.127
1538 238.127
1541 250.127
1540 246.127
9782 1488
9781 1391
9761 1265
1543 258.127
1542 254.127
1592 56
1585 130.596
1586 126.596
1587 122.596
1588 118.596
9901 117.61
1584 134
9762 1365
1589 60
9819 1557
9799 1454
9779 1353
9760 1263
9818 1556
9821 1563
9801 1459
9780 1355
9820 1560
9800 1456
9823 1609.35
9804 1512.35
9784 1415.35
9763 1302.89
9744 1205.89
9723 1108.89
10126 1015.16
9702 930.127
1583 135.973
1676 131.973
9822 1599
9802 1495
1625 214.127
1624 210.127
1627 222.127
1626 218.127
1628 226.127
1630 234.127
1629 230.127
1619 190.127
1618 186.127
1617 182.127
1616 178.127
1615 174.127
1521 170.127
1520 166.127
1519 162.127
1518 158.127
1621 198.127
1620 194.127
1623 206.127
9798 1477
9778 1375
9759 1285
9740 1183
1622 202.127
1611 158.127
1610 154.127
1516 150.127
1613 166.127
1612 162.127
9844 812.306
9833 795.243
10024 760.584
9830 720.494
9871 670.153
9829 613.467
9912 576.555
9828 545.236
9927 502.768
9827 463.896
9897 448.175
1606 138.127
1657 342.127
1563 338.127
1656 338.127
1655 334.127
1561 330.127
1560 326.127
1559 322.127
1558 318.127
1557 314.127
9835 767.166
9879 754.598
9834 829.857
9843 795.979
1658 346.127
9836 650.272
9904 609.883
1649 310.127
1648 306.127
9826 198.919
6240 187
6166 183
6167 179
6168 175
6091 171
6011 167
5932 163
5933 159
5859 155
5785 151
5786 147
5711 143
5632 139
5633 135
5634 131
5558 127
5473 123
5383 119
5292 115
1651 318.127
1650 314.127
1653 326.127
9831 814.143
10007 763.004
1652 322.127
9881 247.708
1640 274.127
1643 286.127
1642 282.127
1641 278.127
9885 65.464
1645 294.127
1644 290.127
1647 302.127
1646 298.127
1633 246.127
1539 242.127
1632 242.127
1631 238.127
1635 254.127
1634 250.127
1637 262.127
1636 258.127
1639 270.127
1638 266.127
9866 131.646
604 122
1684 52
1777 48
9913 144.286
4727 138.036
9909 134.112
4726 130
4556 118
4468 114
4378 107
4287 102
1673 144.973
9915 105.145
9914 175.454
9825 166.551
5627 159
5628 155
5629 151
5630 147
5554 143
5469 139
5379 135
5380 131
5381 127
5382 123
9917 333.88
7084 328.956
7153 324.956
7218 320.956
7285 316.956
1677 131.973
1773 127.973
9916 554.692
9919 523.419
9918 45.843
1678 134.596
9905 138.859
9906 166.032
4469 164.004
4557 160.004
4643 156.004
9898 150.553
4729 146.036
4728 142.036
9908 334.739
3249 332.127
3248 328.127
3340 321.127
9911 401.775
9910 101.958
5045 100
1721 211.127
9896 323.267
1720 207.127
9899 64.256
2823 60.44
1723 219.127
1722 215.127
1725 227.127
9900 347.769
6794 344.956
7014 332.956
1724 223.127
9903 201.081
3749 196.004
3839 192.004
3928 188.004
4016 184.004
4105 180.004
4196 176.004
4381 168.004
4470 164.004
1727 235.127
9902 526.256
1713 179.127
1712 175.127
1614 170.127
1715 187.127
1714 183.127
9893 155.472
1717 195.127
1716 191.127
9895 94.353
4170 87
3992 79
3993 75
3994 71
3906 67
3820 63
3733 59
3651 55
3567 51
3486 47
3400 43
3305 39
3306 35
3211 31
3117 27
1719 203.127
9894 204.621
1718 199.127
9945 578.06
1705 147.127
9944 406.787
1672 402.127
1671 398.127
1670 394.127
1669 390.127
1668 386.127
1704 143.127
9946 376.126
918 374.127
996 370.127
1068 366.127
1134 362.127
1133 358.127
1132 354.127
1208 350.127
1207 346.127
1290 342.127
1376 338.127
1706 151.127
9949 183.472
6428 175
6349 171
6271 166
6196 162
6118 158
6037 153
5956 149
5882 145
5807 141
5731 136
5651 132
5574 128
5488 123
5397 119
5305 115
5217 111
5137 106
5055 102
4971 98
4886 93
4800 89
4712 85
4629 80
4543 76
4455 72
4366 68
4276 64
4183 60
4093 56
4004 52
3915 48
3826 44
3739 40
9948 314.485
1708 159.127
9951 367.187
1711 171.127
1710 167.127
9936 994.728
1699 98
1698 94
9938 939.656
9943 553.667
1702 116.895
1753 339.127
9928 179.829
4195 176.004
4289 172.004
4380 168.004
1752 335.127
1654 330.127
1754 343.127
9933 948.043
1757 355.127
1659 350.127
1565 346.127
1564 342.127
1758 359.127
1660 354.127
1745 307.127
9920 119.699
1744 303.127
9923 350.157
3159 346.127
3158 342.127
3157 338.127
1747 315.127
1746 311.127
1749 323.127
9924 322.581
1748 319.127
1751 331.127
9926 62.538
1750 327.127
1737 275.127
9976 460.576
6005 424.956
6086 419.956
6162 415.956
6237 411.956
6312 406.956
9979 305.434
2782 302.127
2781 298.127
2780 294.127
2691 290.127
2604 286.127
2518 281.127
2433 277.127
2432 273.127
2431 269.127
2430 265.127
2429 261.127
2428 257.127
2342 253.127
2254 248.127
2253 244.127
2252 240.127
2251 236.127
2250 232.127
2249 228.127
2163 224.127
2162 220.127
2161 216.127
2160 212.127
2070 208.127
2069 204.127
1978 200.127
1889 195.127
1806 191.127
1805 187.127
1804 183.127
1803 179.127
1802 175.127
1739 283.127
1738 279.127
9981 1839.44
1741 291.127
1740 287.127
1743 299.127
1742 295.127
1729 243.127
9968 394.851
9270 388.805
10129 387.524
9252 383.992
9231 379.992
9208 375.992
9184 371.992
9159 367.992
9132 363.992
9106 359.992
9971 249.861
7870 249
7796 244
7723 240
7650 236
7577 232
7506 228
7440 224
7372 220
7303 216
7236 212
7169 208
7098 204
7027 200
6952 196
6881 192
6810 188
6735 184
6656 180
6577 176
6494 172
1731 251.127
1730 247.127
9973 697.038
9972 195.84
6893 193
6821 188
6745 184
6666 180
6587 176
6504 172
6421 168
6342 164
6265 160
6190 156
6112 152
6032 148
5951 144
5877 140
5802 136
5727 132
5647 128
5570 124
5485 120
5394 116
5302 112
5214 108
5135 104
5053 100
4969 96
4885 92
4799 88
4711 84
1732 255.127
9975 252.181
1735 267.127
9974 646.542
1734 263.127
9960 151.624
5069 147
4985 143
4900 138
4814 134
9967 291.908
8445 288
8396 284
8347 280
9966 305.942
3845 302.127
3757 298.127
3586 290.127
3500 286.127
9952 368.018
9954 255.134
7941 252
7867 248
7794 244
7720 240
7647 236
7574 232
7503 228
7436 224
1781 48
1867 44
1951 40
9956 396.809
5669 392.127
5510 384.127
5424 380.127
5332 376.127
5244 372.127
5161 367.127
5081 363.127
4999 359.127
4915 354.127
4830 350.127
4743 346.127
4654 341.127
4568 337.127
4481 333.127
4392 329.127
4300 324.127
4208 320.127
4115 316.127
4025 311.127
3935 307.127
3846 303.127
3758 299.127
3670 294.127
9959 323.953
10009 1033.33
1769 403.127
10008 248.184
7779 244
7705 240
7633 236
7560 232
7489 228
7423 224
7355 220
7286 216
7220 212
1771 128.973
1861 124.973
1770 407.127
1578 398.127
1577 394.127
1576 390.127
1575 386.127
1574 382.127
1477 378.127
1476 374.127
1475 370.127
1775 134.596
1679 130.596
1774 131.973
10005 150.85
1817 235.127
1726 231.127
1816 231.127
1819 243.127
1728 239.127
1818 239.127
1821 251.127
1820 247.127
9999 241.739
963 236.08
962 232.08
1035 228.08
1103 221.224
1034 214.224
1033 210.224
1032 206.226
10013 205.397
1031 202.127
1030 198.127
1809 203.127
1808 199.127
1811 211.127
1810 207.127
1813 219.127
1812 215.127
1815 227.127
1814 223.127
10041 95.413
1801 171.127
1800 167.127
1799 163.127
10040 470.242
6007 418.308
6164 408.308
6239 404.308
10043 139.51
10042 73.405
3393 71
3299 67
3203 63
3109 59
3110 55
3111 51
3112 47
3113 43
3114 39
3115 35
3116 31
10045 1145.67
10044 340.817
2783 338.127
2698 334.127
2615 330.127
2529 325.127
2444 321.127
2443 317.127
2442 313.127
2441 309.127
2440 305.127
2439 301.127
2438 297.127
2437 293.127
2351 289.127
2263 284.127
2262 280.127
2261 276.127
2175 272.127
2174 268.127
2173 264.127
2083 260.127
2082 256.127
1991 252.127
1902 247.127
10047 248.233
1807 195.127
10046 669.262
10033 129.832
10032 1054.91
10035 206.037
7090 205
10034 205.97
10037 97.325
1797 155.839
10049 150.869
10036 106.489
10039 1797.8
10038 127.55
10027 122.635
1945 119.973
2034 115.973
10026 189.554
1850 367.127
1759 363.127
1661 358.127
1567 354.127
10029 161.959
703 159
702 155
10028 876.4
10031 44.098
10030 117.03
1841 331.127
1840 327.127
1839 323.127
1843 339.127
1842 335.127
1845 347.127
1844 343.127
1846 351.127
1833 299.127
10072 18.78
3124 12
3031 8
2928 4
1832 295.127
10075 46.312
2042 44
2041 40
2133 36
1835 307.127
1834 303.127
10074 69.764
1837 315.127
1836 311.127
1838 319.127
10065 70.782
10064 194.982
3838 192.004
10067 77.904
4358 72
4268 68
4176 64
4087 60
3998 56
3910 52
3822 48
10066 70.497
10069 79.659
3478 76.999
1829 283.127
1828 279.127
10068 48.214
3828 46
3741 42
3658 37
3572 33
3491 29
10071 143.253
5873 140
5798 136
5723 132
5644 128
5568 124
5483 120
5392 116
5300 112
5213 108
5134 104
1831 291.127
1830 287.127
10070 219.507
10057 133.494
3580 130.025
3747 122
3835 118
3925 114
4014 110
10056 124.35
2036 119.973
2128 115.973
1880 159.839
10059 324.812
1883 171.127
1882 167.127
10061 61.912
1885 179.127
1884 175.127
10060 19.336
2651 13
2652 9
2741 5
10063 365.738
6712 363.956
6713 359.956
6789 355.956
6862 350.956
6934 346.956
6935 342.956
1887 187.127
10062 374.21
6475 368.956
6556 364.956
1886 183.127
1873 66
1957 62
1956 58
10051 461.163
10050 158.654
2401 153.895
2315 149.895
2228 145.895
2142 141.895
2052 137.895
1963 133.895
1879 127.895
1794 123.895
10053 224.689
7354 222
10055 466.792
10054 305.477
1865 44
1948 40
2037 36
2130 32
1860 407.127
1859 403.127
1858 399.127
1863 127.973
1913 291.127
1912 287.127
1911 283.127
1915 299.127
1914 295.127
1917 307.127
1916 303.127
1919 315.127
1918 311.127
1905 259.127
1822 255.127
1904 255.127
1903 251.127
1897 227.127
1896 223.127
1895 219.127
1894 215.127
1893 211.127
1899 235.127
1898 231.127
1901 243.127
1900 239.127
1888 191.127
1891 203.127
1890 199.127
1892 207.127
1944 119.973
1947 123.973
1939 395.127
1929 355.127
1928 351.127
1930 359.127
1921 323.127
1920 319.127
1923 331.127
1922 327.127
1925 339.127
1924 335.127
1927 347.127
1926 343.127
1977 196.127
1976 192.127
1979 204.127
1981 212.127
1980 208.127
1983 220.127
1982 216.127
1969 164.839
1968 163.839
1971 172.127
1973 180.127
1972 176.127
1975 188.127
1974 184.127
1965 152.895
1964 148.895
2053 141.895
1967 160.895
1966 156.895
1954 51
2043 47
2009 324.127
2008 320.127
2011 332.127
2010 328.127
2013 340.127
2012 336.127
2015 348.127
2014 344.127
2001 292.127
2000 288.127
2003 300.127
2002 296.127
2005 308.127
2004 304.127
2007 316.127
2006 312.127
1992 256.127
1994 264.127
1997 276.127
1908 271.127
1907 267.127
1906 263.127
1999 284.127
1910 279.127
1909 275.127
1998 280.127
1985 228.127
1984 224.127
1987 236.127
1986 232.127
1989 244.127
1988 240.127
1990 248.127
2033 115.973
2125 111.973
2217 107.973
2304 103.973
2038 36
2024 384.127
1935 379.127
1852 375.127
1761 371.127
1663 366.127
1662 362.127
2027 396.127
1938 391.127
1855 387.127
1764 383.127
2017 356.127
2016 352.127
2019 364.127
2018 360.127
2021 372.127
1932 367.127
1849 363.127
1848 359.127
2020 368.127
1931 363.127
2023 380.127
1934 375.127
1851 371.127
2022 376.127
1933 371.127
2073 220.127
2072 216.127
2075 228.127
2074 224.127
2077 236.127
2076 232.127
2079 244.127
2078 240.127
2065 188.127
2064 184.127
2063 180.127
2062 176.127
2067 196.127
2066 192.127
2068 200.127
2071 212.127
2057 157.895
2056 153.895
2055 149.895
2054 145.895
2059 165.895
2058 161.895
2060 168.839
2105 348.127
2104 344.127
2103 340.127
2107 356.127
2106 352.127
2109 364.127
2108 360.127
2110 368.127
2097 316.127
2096 312.127
2099 324.127
2098 320.127
2101 332.127
2100 328.127
2102 336.127
2088 280.127
2091 292.127
2093 300.127
2092 296.127
2095 308.127
2094 304.127
2081 252.127
2080 248.127
2085 268.127
2084 264.127
2086 272.127
2143 145.895
2131 32
2221 28
2308 24
2134 40
2126 111.973
2113 380.127
2169 248.127
2168 244.127
2171 256.127
2170 252.127
2172 260.127
2165 232.127
2164 228.127
2167 240.127
2166 236.127
2153 184.127
2152 180.127
2155 192.127
2154 188.127
2159 208.127
2158 204.127
2145 153.895
2144 149.895
2147 161.895
2146 157.895
2148 165.895
2150 172.839
2201 376.127
2111 372.127
2193 344.127
2192 340.127
2191 336.127
2190 332.127
2189 328.127
2195 352.127
2194 348.127
2197 360.127
2196 356.127
2199 368.127
2198 364.127
2185 312.127
2184 308.127
2183 304.127
2187 320.127
2186 316.127
2188 324.127
2176 276.127
2181 296.127
2182 300.127
2233 165.895
2232 161.895
2235 173.895
2149 169.895
2234 169.895
2236 176.839
2239 188.127
2238 184.127
2225 39
2224 36
2311 32
2310 28
2229 149.895
2231 157.895
2230 153.895
2216 108.973
2219 36
2223 32
2267 300.127
2266 296.127
2180 292.127
2179 288.127
2089 284.127
2269 308.127
2268 304.127
2271 316.127
2270 312.127
2257 260.127
2256 256.127
2255 252.127
2259 268.127
2258 264.127
2260 272.127
2248 224.127
2243 204.127
2242 200.127
2156 196.127
2245 212.127
2244 208.127
2247 220.127
2246 216.127
2281 356.127
2280 352.127
2279 348.127
2283 364.127
2282 360.127
2285 372.127
2284 368.127
2286 376.127
2273 324.127
2272 320.127
2275 332.127
2274 328.127
2277 340.127
2276 336.127
2278 344.127
2331 209.127
2330 205.127
2333 217.127
2332 213.127
2335 225.127
2334 221.127
2321 170.895
2320 166.895
2323 178.895
2322 174.895
2324 181.839
2317 154.895
2316 150.895
2319 162.895
2318 158.895
2306 24
2394 20
2481 16
2565 12
2653 8
2361 329.127
2360 325.127
2363 337.127
2362 333.127
2365 345.127
2364 341.127
2367 353.127
2366 349.127
2353 297.127
2265 292.127
2264 288.127
2352 293.127
2355 305.127
2354 301.127
2357 313.127
2356 309.127
2359 321.127
2358 317.127
2345 265.127
2344 261.127
2347 273.127
2346 269.127
2348 277.127
2337 233.127
2336 229.127
2339 241.127
2338 237.127
2341 249.127
2340 245.127
2343 257.127
2393 104.035
2479 97.035
2395 20
2387 433.127
2299 428.127
2298 424.127
2297 420.127
2296 416.127
2295 412.127
2209 408.127
2208 404.127
2207 400.127
2206 396.127
2116 392.127
2025 388.127
1936 383.127
1853 379.127
2369 361.127
2368 357.127
2371 369.127
2370 365.127
2373 377.127
2372 373.127
2375 385.127
2287 380.127
2374 381.127
2425 245.127
2424 241.127
2423 237.127
2422 233.127
2421 229.127
2427 253.127
2426 249.127
2419 221.127
2418 217.127
2420 225.127
2409 182.895
2408 178.895
2403 158.895
2402 154.895
2405 166.895
2404 162.895
2407 174.895
2406 170.895
2457 373.127
2456 369.127
2459 381.127
2458 377.127
2460 385.127
2449 341.127
2448 337.127
2447 333.127
2446 329.127
2445 325.127
2451 349.127
2450 345.127
2453 357.127
2452 353.127
2455 365.127
2454 361.127
2489 166.895
2488 162.895
2490 170.895
2493 182.895
2492 178.895
2491 174.895
2495 189.839
2410 185.839
2480 17
2482 16
2566 12
2485 24
2569 20
2568 16
2655 12
2743 8
2484 20
2487 158.895
2486 157.895
2520 289.127
2435 285.127
2349 281.127
2523 301.127
2525 309.127
2526 313.127
2513 261.127
2512 257.127
2511 253.127
2510 249.127
2515 269.127
2514 265.127
2517 277.127
2516 273.127
2519 285.127
2505 229.127
2504 225.127
2507 237.127
2506 233.127
2509 245.127
2508 241.127
2498 201.127
2413 197.127
2327 193.127
2503 221.127
2502 217.127
2501 213.127
2416 209.127
2544 385.127
2537 357.127
2536 353.127
2539 365.127
2538 361.127
2541 373.127
2540 369.127
2543 381.127
2542 377.127
2528 321.127
2531 333.127
2530 329.127
2533 341.127
2532 337.127
2535 349.127
2534 345.127
2585 210.127
2499 205.127
2587 218.127
2586 214.127
2500 209.127
2589 226.127
2588 222.127
2591 234.127
2590 230.127
2583 202.127
2497 197.127
2570 24
2573 163.895
2572 162.895
2575 171.895
2574 167.895
2563 17
2564 13
2617 338.127
2616 334.127
2619 346.127
2618 342.127
2621 354.127
2620 350.127
2623 362.127
2622 358.127
2609 306.127
2612 318.127
2614 326.127
2601 274.127
2600 270.127
2603 282.127
2602 278.127
2605 290.127
2606 294.127
2593 242.127
2592 238.127
2595 250.127
2594 246.127
2597 258.127
2596 254.127
2599 266.127
2598 262.127
2649 75.44
2650 71.44
2625 370.127
2624 366.127
2627 378.127
2626 374.127
2629 386.127
2628 382.127
2630 390.127
2681 250.127
2680 246.127
2683 258.127
2682 254.127
2685 266.127
2684 262.127
2687 274.127
2686 270.127
2673 218.127
2672 214.127
2671 210.127
2584 206.127
2675 226.127
2674 222.127
2677 234.127
2676 230.127
2679 242.127
2678 238.127
2670 206.127
2657 20
2656 16
2659 166.895
2661 171.895
2660 167.895
2662 175.895
2713 394.127
2712 390.127
2705 362.127
2704 358.127
2707 370.127
2706 366.127
2709 378.127
2708 374.127
2711 386.127
2710 382.127
2699 338.127
2701 346.127
2700 342.127
2703 354.127
2702 350.127
2689 282.127
2688 278.127
2690 286.127
2693 298.127
2692 294.127
2694 302.127
2607 298.127
2521 293.127
2745 16
2744 12
2747 170.895
2746 18
2833 12
2832 8
2831 4
2749 171.895
2748 170.895
2751 179.895
2750 175.895
2739 13
2740 9
2733 80.44
2777 282.127
2776 278.127
2779 290.127
2778 286.127
2769 250.127
2768 246.127
2767 242.127
2771 258.127
2770 254.127
2773 266.127
2772 262.127
2775 274.127
2774 270.127
2761 218.127
2760 214.127
2763 226.127
2762 222.127
2765 234.127
2764 230.127
2766 238.127
2793 374.127
2792 370.127
2791 366.127
2790 362.127
2795 382.127
2794 378.127
2797 390.127
2796 386.127
2799 398.127
2798 394.127
2785 342.127
2784 338.127
2787 350.127
2786 346.127
2789 358.127
2788 354.127
2840 184.895
2845 204.895
2756 199.895
2755 195.895
2754 191.895
2753 187.895
2664 183.895
2577 179.895
2835 174.895
2837 175.895
2836 174.895
2839 180.895
2838 176.895
2822 64.44
2873 343.127
2872 342.127
2875 351.127
2874 347.127
2877 359.127
2876 355.127
2879 367.127
2878 363.127
2865 283.127
2864 279.127
2867 291.127
2866 287.127
2869 299.127
2868 295.127
2871 307.127
2870 303.127
2857 251.127
2856 247.127
2859 259.127
2858 255.127
2861 267.127
2860 263.127
2863 275.127
2862 271.127
2850 223.127
2855 243.127
2854 239.127
2909 83.44
2910 79.44
2911 75.44
3014 68.44
3015 64.44
3016 60.44
3017 56.44
3018 52.44
2888 403.127
2881 375.127
2880 371.127
2883 383.127
2882 379.127
2885 391.127
2884 387.127
2887 399.127
2886 395.127
2930 12
2933 183.895
2834 176.895
2932 187.895
2935 178.895
2921 31.457
2922 27.457
2925 12
2924 16
2926 8
2913 68.44
2914 64.44
2912 72.44
2915 60.44
2969 299.127
2968 295.127
2971 307.127
2970 303.127
2973 346.127
2972 346.126
10101 341.239
2975 351.127
2974 347.127
2961 267.127
2960 263.127
2963 275.127
2962 271.127
2965 283.127
2964 279.127
2967 291.127
2966 287.127
2952 231.127
2951 227.127
2955 243.127
2957 251.127
2956 247.127
2959 259.127
2958 255.127
2946 208.895
2985 391.127
2984 387.127
2987 399.127
2986 395.127
2989 407.127
2988 403.127
2977 359.127
2976 355.127
2979 367.127
2978 363.127
2981 375.127
2980 371.127
2983 383.127
2982 379.127
3033 16
3032 12
3035 191.895
3036 187.895
3034 195.895
3039 182.895
2936 178.895
3027 16
3028 12
3026 20
3013 86.44
3012 90.44
3065 306.127
3064 302.127
3063 298.127
3062 294.127
3061 290.127
3060 286.127
3059 282.127
3058 278.127
3057 274.127
3056 270.127
3055 266.127
3054 262.127
3053 258.127
3052 254.127
3051 250.127
3050 246.127
3049 242.127
3048 238.127
3047 234.127
3067 350.126
3066 349.127
3069 351.127
3068 350.127
3071 359.127
3070 355.127
3040 182.895
3081 399.127
3080 395.127
3079 391.127
3083 407.127
3082 403.127
3084 411.127
3073 367.127
3072 363.127
3075 375.127
3074 371.127
3077 383.127
3076 379.127
3078 387.127
3120 16
3127 188.895
3037 184.895
2934 180.895
3119 20
3118 24
3108 63
3161 354.126
3160 350.127
3163 355.127
3162 354.127
3165 363.127
3164 359.127
3167 371.127
3166 367.127
3152 290.127
3151 286.127
3150 282.127
3149 278.127
3148 274.127
3147 270.127
3146 266.127
3155 302.127
3154 298.127
3153 294.127
3156 306.127
3145 262.127
3144 258.127
3143 254.127
3142 250.127
3141 246.127
3140 242.127
3139 238.127
3177 411.127
3176 407.127
3178 415.127
3169 379.127
3168 375.127
3171 387.127
3170 383.127
3173 395.127
3172 391.127
3175 403.127
3174 399.127
3231 247.127
3219 192.895
3218 195.895
3126 191.895
3220 190.895
3128 186.895
3038 182.895
3209 39
3208 43
3210 35
3213 24
3212 28
3205 55
3206 51
3207 47
3204 59
3257 360.127
3256 359.127
3259 368.127
3258 364.127
3261 376.127
3260 372.127
3263 384.127
3262 380.127
3251 340.127
3250 336.127
3253 348.127
3252 344.127
3255 356.127
3254 352.127
3241 287.127
3240 283.127
3245 303.127
3244 299.127
3246 307.127
3233 255.127
3232 251.127
3239 279.127
3238 275.127
3272 420.127
3275 432.127
3181 427.127
3180 423.127
3179 419.127
3265 392.127
3264 388.127
3267 400.127
3266 396.127
3269 408.127
3268 404.127
3271 416.127
3270 412.127
3304 43
3307 32
3308 28
3309 24
3298 71
3300 63
3301 59
3303 47
3353 372.127
3352 368.127
3351 364.127
3355 380.127
3354 376.127
3357 388.127
3356 384.127
3359 396.127
3358 392.127
3345 341.127
3344 337.127
3343 333.127
3342 329.127
3341 325.127
3346 345.127
3349 357.127
3348 353.127
3347 349.127
3350 361.127
3337 302.127
3336 298.127
3335 294.127
3339 310.127
3338 306.127
3361 404.127
3360 400.127
3363 412.127
3362 408.127
3365 420.127
3364 416.127
3417 290.127
3416 286.127
3408 198.895
3317 194.895
3222 190.895
3130 186.895
3401 39
3402 36
3404 28
3399 47
3449 418.127
3448 414.127
3447 410.127
3450 422.127
3453 434.127
3452 430.127
3451 426.127
3481 67
3482 63
3483 59
3397 55
3302 51
3485 51
3487 40
3477 80.999
3513 335.127
3512 331.127
3515 343.127
3514 339.127
3517 351.127
3516 347.127
3519 359.127
3518 355.127
3505 303.127
3504 299.127
3507 311.127
3506 307.127
3509 319.127
3508 315.127
3510 323.127
3497 202.895
3409 198.895
3319 194.895
3224 190.895
3132 186.895
3041 182.895
2937 178.895
3503 295.127
3502 291.127
3492 33
3529 399.127
3528 395.127
3531 407.127
3530 403.127
3533 415.127
3535 423.127
3534 419.127
3521 367.127
3520 363.127
3523 375.127
3522 371.127
3525 383.127
3524 379.127
3527 391.127
3526 387.127
3579 134.025
3581 134.025
3582 204.004
3665 200.004
3750 196.004
3561 525.127
3475 520.127
3390 515.127
3296 510.127
3202 505.127
3564 63
3609 379.127
3608 375.127
3611 387.127
3610 383.127
3613 395.127
3612 391.127
3615 403.127
3614 399.127
3601 347.127
3600 343.127
3603 355.127
3602 351.127
3605 363.127
3604 359.127
3607 371.127
3606 367.127
3593 315.127
3592 311.127
3595 323.127
3594 319.127
3597 331.127
3511 327.127
3596 327.127
3599 339.127
3598 335.127
3589 299.127
3588 295.127
3591 307.127
3590 303.127
3624 439.127
3538 435.127
3617 411.127
3616 407.127
3619 419.127
3620 423.127
3673 303.127
3672 299.127
3675 311.127
3674 307.127
3677 319.127
3676 315.127
3679 327.127
3678 323.127
3707 439.127
3623 435.127
3537 431.127
3697 399.127
3696 395.127
3699 407.127
3698 403.127
3701 415.127
3700 411.127
3689 367.127
3688 363.127
3691 375.127
3690 371.127
3693 383.127
3692 379.127
3695 391.127
3694 387.127
3681 335.127
3680 331.127
3683 343.127
3682 339.127
3685 351.127
3684 347.127
3687 359.127
3686 355.127
3742 46
3659 41
3573 37
3730 71
3648 67
3649 63
3650 59
3734 59
3652 55
3769 340.127
3768 336.127
3771 348.127
3770 344.127
3773 356.127
3772 352.127
3775 364.127
3774 360.127
3761 308.127
3760 304.127
3763 316.127
3762 312.127
3765 324.127
3764 320.127
3767 332.127
3766 328.127
3753 201.004
3842 197.004
3931 193.004
4019 189.004
4108 185.004
4199 181.004
4291 177.004
4471 167.004
3752 198.004
3841 194.004
3930 190.004
4018 186.004
4107 182.004
4198 178.004
4290 174.004
3746 126
3748 122
3836 118
3926 114
3751 198.004
3792 432.127
3795 444.127
3796 448.127
3708 443.127
3785 404.127
3784 400.127
3787 412.127
3786 408.127
3789 420.127
3788 416.127
3791 428.127
3790 424.127
3777 372.127
3776 368.127
3779 380.127
3778 376.127
3781 388.127
3780 384.127
3783 396.127
3782 392.127
3833 66
3832 62
3831 58
3744 54
3661 49
3660 45
3574 41
3834 70
3837 118
3825 44
3738 40
3656 36
3829 50.32
3819 67
3732 63
3821 52
3865 376.127
3864 372.127
3867 384.127
3866 380.127
3869 392.127
3868 388.127
3871 400.127
3870 396.127
3857 344.127
3856 340.127
3859 352.127
3858 348.127
3861 360.127
3860 356.127
3863 368.127
3862 364.127
3849 312.127
3848 308.127
3851 320.127
3850 316.127
3853 328.127
3852 324.127
3855 336.127
3854 332.127
3840 194.004
3889 472.127
3801 468.127
3713 463.127
3712 459.127
3711 455.127
3627 451.127
3541 447.127
3455 442.127
3454 438.127
3880 436.127
3879 432.127
3878 428.127
3877 424.127
3885 456.127
3797 452.127
3709 447.127
3625 443.127
3884 452.127
3887 464.127
3886 460.127
3798 456.127
3710 451.127
3873 408.127
3872 404.127
3875 416.127
3874 412.127
3876 420.127
3929 190.004
4017 186.004
4106 182.004
3932 309.514
3921 66
3920 62
3923 74
3922 70
3924 115
4013 111
3914 48
3904 75
3905 71
3907 67
3909 56
3961 408.127
3960 404.127
3963 416.127
3962 412.127
3965 424.127
3964 420.127
3967 432.127
3966 428.127
3953 376.127
3952 372.127
3955 384.127
3954 380.127
3957 392.127
3956 388.127
3959 400.127
3958 396.127
3945 344.127
3944 340.127
3947 352.127
3946 348.127
3949 360.127
3948 356.127
3951 368.127
3950 364.127
3943 336.127
3977 472.127
3976 468.127
3979 480.127
3890 476.127
3978 476.127
3969 440.127
3968 436.127
3971 448.127
3970 444.127
3973 456.127
3975 464.127
3974 460.127
4024 310.127
3934 306.127
4031 332.127
4030 328.127
4029 324.127
4028 320.127
4027 316.127
4023 310.127
3933 306.127
4011 74
4010 70
4009 66
4001 52
3912 48
4003 52
4006 57
3917 53
4057 436.127
4056 432.127
4059 444.127
4058 440.127
4061 452.127
4060 448.127
4063 460.127
4049 404.127
4048 400.127
4051 412.127
4050 408.127
4053 420.127
4052 416.127
4055 428.127
4054 424.127
4041 372.127
4040 368.127
4043 380.127
4042 376.127
4045 388.127
4044 384.127
4047 396.127
4046 392.127
4033 340.127
4032 336.127
4034 344.127
4037 356.127
4039 364.127
4038 360.127
4091 56
4002 52
4065 468.127
4064 464.127
4067 476.127
4066 472.127
4069 484.127
4068 480.127
4071 492.127
4070 488.127
3980 484.127
3891 480.127
4121 337.127
4123 345.127
4122 341.127
4112 314.127
4104 180.004
4111 314.127
4022 310.127
4097 74
4096 62
4101 110
4153 465.127
4155 473.127
4154 469.127
4157 481.127
4156 477.127
4159 489.127
4158 485.127
4145 433.127
4144 429.127
4149 449.127
4148 445.127
4151 457.127
4150 453.127
4137 401.127
4136 397.127
4139 409.127
4138 405.127
4141 417.127
4140 413.127
4143 425.127
4142 421.127
4131 377.127
4130 373.127
4133 385.127
4132 381.127
4135 393.127
4134 389.127
4184 61
4094 57
4177 60
4088 56
3999 52
4180 60
4173 76
4174 72
4175 68
4086 64
3997 60
4172 79
4083 75
4161 497.127
4160 493.127
4162 501.127
4072 496.127
3982 492.127
3893 488.127
3805 484.127
3717 479.127
3716 475.127
3632 471.127
3546 467.127
3460 462.127
3459 458.127
3458 454.127
3457 450.127
3456 446.127
4216 349.127
4215 345.127
4214 341.127
4203 318.127
4249 481.127
4251 489.127
4250 485.127
4253 497.127
4252 493.127
4255 505.127
4254 501.127
4241 449.127
4240 445.127
4147 441.127
4243 457.127
4242 453.127
4244 461.127
4233 417.127
4232 413.127
4235 425.127
4234 421.127
4237 433.127
4236 429.127
4224 381.127
4227 393.127
4226 389.127
4225 385.127
4229 401.127
4228 397.127
4231 409.127
4230 405.127
4281 78
4280 74
4279 70
4283 86
4282 82
4273 64
4275 64
4274 64
4182 60
4277 65
4278 66
4265 83
4264 87
4171 83
4266 80
4256 509.127
4263 91
4262 533.127
4261 529.127
4168 525.127
4078 520.127
4077 516.127
4076 512.127
4075 508.127
3985 504.127
3984 500.127
3983 496.127
4317 389.127
4316 385.127
4319 397.127
4318 393.127
4305 341.127
4213 337.127
4120 333.127
4295 322.127
4294 322.127
4345 501.127
4344 497.127
4347 509.127
4346 505.127
4348 513.127
4337 469.127
4336 465.127
4339 477.127
4338 473.127
4343 493.127
4342 489.127
4329 437.127
4328 433.127
4327 429.127
4333 453.127
4335 461.127
4334 457.127
4320 401.127
4323 413.127
4325 421.127
4324 417.127
4326 425.127
4377 103
4376 99
4285 94
4371 79
4373 87
4372 83
4375 95
4284 90
4374 91
4361 68
4271 64
4360 68
4270 64
4178 60
4363 68
4365 68
4364 68
4355 89
4354 93
4357 76
4267 72
4409 394.127
4408 390.127
4411 402.127
4410 398.127
4413 410.127
4321 405.127
4412 406.127
4415 418.127
4414 414.127
4322 409.127
4395 338.127
4303 333.127
4302 329.127
4394 334.127
4387 326.127
4296 322.127
4205 318.127
4113 314.127
4388 326.127
4297 322.127
4441 522.127
4349 517.127
4257 513.127
4164 509.127
4074 504.127
4440 518.127
4442 526.127
4350 521.127
4258 517.127
4445 93
4444 534.127
4352 529.127
4351 525.127
4259 521.127
4447 76
4432 486.127
4435 498.127
4434 494.127
4437 506.127
4436 502.127
4438 510.127
4429 474.127
4431 482.127
4430 478.127
4417 426.127
4416 422.127
4419 434.127
4418 430.127
4421 442.127
4420 438.127
4465 103
4464 99
4463 95
4462 91
4459 79
4370 75
4461 87
4449 72
4448 72
4451 72
4453 72
4452 72
4505 426.127
4504 422.127
4507 434.127
4506 430.127
4508 438.127
4497 394.127
4499 402.127
4498 398.127
4501 410.127
4500 406.127
4503 418.127
4502 414.127
4488 358.127
4487 354.127
4486 350.127
4485 346.127
4396 342.127
4304 337.127
4484 342.127
4483 338.127
4536 76
4539 76
4538 76
4541 76
4454 72
4540 76
4529 522.127
4528 518.127
4527 514.127
4531 530.127
4530 526.127
4533 97
4532 534.127
4534 101
4521 490.127
4520 486.127
4523 498.127
4525 506.127
4524 502.127
4526 510.127
4571 346.127
4570 342.127
4573 354.127
4572 350.127
4575 362.127
4553 107
4552 103
4551 99
4550 95
4554 111
4546 79
4458 75
4369 71
4549 91
4548 87
4547 83
4593 434.127
4592 430.127
4591 426.127
4590 422.127
4589 418.127
4588 414.127
4587 410.127
4586 406.127
4585 402.127
4595 442.127
4594 438.127
4596 446.127
4509 442.127
4576 366.127
4489 362.127
4633 87
4632 83
4635 95
4634 91
4639 111
4638 107
4637 103
4625 80
4624 80
4626 80
4617 530.127
4616 526.127
4615 522.127
4614 518.127
4619 101
4618 534.127
4621 80
4623 80
4611 506.127
4610 502.127
4613 514.127
4612 510.127
4657 350.127
4656 346.127
4659 358.127
4658 354.127
4660 362.127
4574 358.127
4642 122
4697 510.127
4696 506.127
4699 518.127
4698 514.127
4701 526.127
4700 522.127
4702 530.127
4681 446.127
4680 442.127
4679 438.127
4678 434.127
4677 430.127
4683 454.127
4597 450.127
4682 450.127
4684 458.127
4674 418.127
4676 426.127
4730 150.036
4721 112
4720 108
4722 116
4725 127
4724 124
4641 119
4640 115
4713 86
4630 81
4544 77
4456 73
4367 69
4715 88
4714 87
4631 82
4545 78
4457 74
4368 70
4717 96
4716 92
4718 100
4705 84
4707 84
4706 84
4708 84
4763 423.127
4765 431.127
4767 439.127
4766 435.127
4747 359.127
4746 355.127
4749 367.127
4748 363.127
4750 371.127
4661 366.127
4793 88
4795 88
4794 88
4785 511.127
4787 519.127
4786 515.127
4789 527.127
4788 523.127
4791 535.127
4790 531.127
4769 447.127
4768 443.127
4771 455.127
4772 459.127
4817 146
4816 142
4815 138
4818 150
4809 116
4808 112
4807 108
4719 104
4636 99
4811 124
4723 120
4810 120
4813 131
4812 128
4801 90
4803 92
4802 91
4804 96
4806 104
4860 467.127
4773 463.127
4863 479.127
4776 475.127
4687 470.127
4686 466.127
4685 462.127
4853 439.127
4852 435.127
4855 447.127
4854 443.127
4843 399.127
4756 395.127
4667 390.127
4581 386.127
4494 382.127
4405 378.127
4313 373.127
4312 369.127
4311 365.127
4219 361.127
4218 357.127
4217 353.127
4835 367.127
4834 363.127
4839 383.127
4838 379.127
4751 375.127
4662 370.127
4889 96
4888 95
4891 104
4890 100
4893 112
4892 108
4895 120
4894 116
4881 92
4880 92
4883 92
4798 88
4882 92
4796 88
4887 94
4873 519.127
4872 515.127
4875 527.127
4874 523.127
4877 535.127
4876 531.127
4879 92
4878 92
4865 487.127
4864 483.127
4918 363.127
4917 359.127
4832 355.127
4897 128
4896 124
4899 135
4898 132
4901 142
4903 150
4902 146
4957 519.127
4959 527.127
4958 523.127
4945 471.127
4944 467.127
4943 463.127
4942 459.127
4941 455.127
4940 451.127
4939 447.127
4947 479.127
4862 475.127
4775 471.127
4946 475.127
4949 487.127
4948 483.127
4950 491.127
4937 439.127
4936 435.127
4935 431.127
4850 427.127
4938 443.127
4984 140
4986 147
4977 113
4979 121
4978 117
4981 129
4980 125
4983 137
4982 133
4968 96
4884 92
4973 100
4972 99
4974 101
4961 535.127
4960 531.127
4963 96
4965 96
4964 96
4967 96
4966 96
5020 440.127
5022 448.127
5011 404.127
4927 399.127
4926 395.127
4841 391.127
4754 387.127
4665 382.127
4579 378.127
4492 374.127
4403 370.127
5015 420.127
4931 415.127
4846 411.127
4759 407.127
4670 402.127
4669 398.127
4668 394.127
5051 100
5050 100
5052 100
5041 524.127
5043 532.127
5042 528.127
5044 536.127
5047 100
5033 492.127
5032 488.127
5027 468.127
5026 464.127
5031 484.127
5030 480.127
5065 133
5064 129
5063 125
5062 121
5057 104
5056 103
5059 109
5058 105
5061 117
5060 113
5113 488.127
5112 484.127
5101 440.127
5100 436.127
5018 432.127
4934 427.127
4849 423.127
4848 419.127
4847 415.127
5102 444.127
5093 408.127
5094 412.127
5145 129
5144 125
5136 105
5054 101
4970 97
5139 108
5138 107
5141 113
5140 109
5143 121
5142 117
5129 104
5048 100
5131 104
5130 104
5133 104
5132 104
5123 528.127
5125 536.127
5124 532.127
5126 540.127
5176 424.127
5175 420.127
5095 416.127
5209 108
5208 108
5211 108
5212 108
5203 532.127
5205 540.127
5204 536.127
5193 492.127
5192 488.127
5194 496.127
5114 492.127
5224 130
5216 110
5219 113
5218 112
5221 118
5220 114
5223 126
5222 122
5275 493.127
5274 489.127
5191 484.127
5111 480.127
5029 476.127
5276 497.127
5304 114
5307 117
5306 116
5309 122
5308 118
5311 130
5310 126
5296 112
5301 112
5303 113
5215 109
5294 112
5287 541.127
5361 489.127
5360 485.127
5272 481.127
5189 476.127
5188 472.127
5108 468.127
5401 126
5400 122
5402 130
5393 116
5395 117
5396 118
5399 121
5398 120
5465 541.127
5464 537.127
5372 533.127
5284 529.127
5201 524.127
5121 520.127
5120 516.127
5038 512.127
4954 507.127
4953 503.127
4952 499.127
4867 495.127
4866 491.127
4779 487.127
4690 482.127
4689 478.127
4688 474.127
5489 124
5491 126
5490 125
5493 134
5492 130
5484 120
5487 122
5486 121
5472 127
5567 124
5482 120
5566 124
5481 120
5390 116
5298 112
5210 108
5585 167
5661 163
5660 159
5583 155
5497 150
5406 146
5314 142
5313 138
5312 134
5577 131
5576 130
5579 139
5580 143
5494 138
5569 124
5571 125
5573 127
5572 126
5575 129
5626 542.127
5549 537.127
5463 533.127
5371 529.127
5283 525.127
5200 520.127
5199 516.127
5119 512.127
5037 508.127
5657 147
5656 143
5659 155
5582 151
5496 146
5495 142
5404 138
5658 151
5581 147
5662 167
5649 130
5648 129
5650 131
5652 133
5655 139
5578 135
5643 128
5645 128
5646 128
5695 502.127
5694 498.127
5693 494.127
5613 490.127
5536 485.127
5450 481.127
5358 477.127
5357 473.127
5356 469.127
5268 465.127
5185 460.127
5105 456.127
5023 452.127
5725 132
5724 132
5726 132
5737 151
5736 147
5739 159
5738 155
5740 163
5729 134
5728 133
5730 135
5733 138
5653 134
5735 143
5734 139
5654 135
5788 139
5713 135
5809 143
5808 142
5732 137
5811 148
5810 144
5813 156
5812 152
5815 164
5814 160
5801 136
5800 136
5803 137
5805 139
5804 138
5806 140
5799 136
5881 144
5880 143
5883 146
5885 148
5884 147
5887 156
5886 152
5872 140
5875 140
5874 140
5876 140
5879 142
5878 141
5864 140
5862 143
5889 164
5888 160
5947 144
5949 144
5950 144
5939 144
5961 160
5960 156
5962 164
5953 146
5952 145
5955 148
5954 147
5957 150
5959 152
5958 151
6001 440.956
6082 435.956
6158 431.956
6233 427.956
6308 422.956
6309 418.956
6310 414.956
6311 410.956
6000 547.127
5999 543.127
5998 539.127
5925 535.127
5851 531.127
5776 526.127
5775 522.127
5699 518.127
5619 514.127
5542 509.127
5456 505.127
5455 501.127
5363 497.127
6003 432.956
6084 427.956
6085 423.956
6161 419.956
6236 415.956
6002 436.956
6083 431.956
6159 427.956
6234 423.956
6004 428.956
6041 160
6040 156
6033 149
6035 151
6034 150
6036 152
6039 155
6038 154
6027 148
6029 148
6031 148
6030 148
6109 152
6111 152
6110 152
6081 439.956
6157 435.956
6121 161
6120 160
6122 165
6113 153
6115 155
6114 154
6117 157
6116 156
6119 159
6160 423.956
6235 419.956
6155 548.127
6079 543.127
6156 439.956
6193 159
6192 158
6195 161
6194 160
6197 163
6198 164
6187 156
6186 156
6189 156
6188 156
6191 157
6232 431.956
6307 426.956
6231 435.956
6306 430.956
6230 548.127
6229 544.127
6153 540.127
6077 535.127
5996 531.127
5995 527.127
5994 523.127
5993 519.127
5920 515.127
5846 511.127
5771 506.127
6264 160
6267 162
6266 161
6269 164
6268 163
6270 165
6261 160
6263 160
6262 160
6241 183
6242 179
6318 187
6319 183
6320 179
6321 175
6244 171
6245 167
6246 163
6172 159
6095 155
6015 151
5936 147
6305 434.956
6345 167
6344 166
6347 169
6346 168
6348 170
6351 173
6273 168
6339 164
6338 164
6341 164
6340 164
6343 165
6393 387.956
6394 383.956
6392 391.956
6385 419.956
6386 415.956
6387 411.956
6388 407.956
6389 403.956
6390 399.956
6391 395.956
6384 423.956
6381 435.956
6382 431.956
6383 427.956
6380 549.127
6303 544.127
6302 540.127
6301 536.127
6226 532.127
6150 528.127
6074 523.127
6073 519.127
6072 515.127
6071 511.127
5990 507.127
5917 503.127
5843 499.127
5768 494.127
5767 490.127
5691 486.127
5611 482.127
5534 477.127
5533 473.127
5532 469.127
5531 465.127
5530 461.127
5529 457.127
5443 453.127
5442 449.127
5441 445.127
5440 441.127
5348 437.127
5347 433.127
5346 429.127
5258 425.127
6425 172
6424 171
6426 173
6417 168
6416 168
6418 168
6420 168
6423 170
6422 169
6409 168
6330 164
6253 160
6179 156
6412 168
6333 164
6256 160
6181 156
6103 152
6023 148
5943 144
5868 140
5793 136
5718 132
5639 128
5563 124
5478 120
5388 116
5297 112
6415 168
6336 164
6259 160
6185 156
6107 152
6401 171
6323 167
6459 432.956
6460 428.956
6461 424.956
6542 420.956
6622 415.956
6700 411.956
6701 407.956
6777 403.956
6850 398.956
6922 394.956
6923 390.956
6924 386.956
7000 382.956
7071 377.956
7140 373.956
7141 369.956
7142 365.956
7143 361.956
7144 357.956
7209 353.956
7276 349.956
7344 344.956
7345 340.956
7346 336.956
7347 332.956
7348 328.956
7349 324.956
7418 320.956
7419 316.956
7420 312.956
6458 436.956
6539 432.956
6619 427.956
6620 423.956
6621 419.956
6699 415.956
6775 411.956
6848 406.956
6849 402.956
6463 416.956
6544 412.956
6624 407.956
6702 403.956
6778 399.956
6851 394.956
6462 420.956
6543 416.956
6623 411.956
6483 175
6473 376.956
6472 380.956
6553 376.956
6633 371.956
6634 367.956
6477 363.956
6558 359.956
6638 354.956
6716 350.956
6792 346.956
6865 341.956
6937 337.956
7013 333.956
6476 364.956
6557 360.956
6478 362.956
6559 358.956
6639 353.956
6717 349.956
6793 345.956
6866 340.956
6938 336.956
6465 408.956
6546 404.956
6626 399.956
6704 395.956
6780 391.956
6853 386.956
6854 382.956
6855 378.956
6927 374.956
6928 370.956
6929 366.956
7005 362.956
7076 357.956
7145 353.956
7146 349.956
7211 345.956
7212 341.956
7279 337.956
6464 412.956
6467 400.956
6548 396.956
6628 391.956
6706 387.956
6707 383.956
6708 379.956
6784 375.956
6857 370.956
6466 404.956
6547 400.956
6627 395.956
6705 391.956
6781 387.956
6469 392.956
6550 388.956
6630 383.956
6468 396.956
6549 392.956
6629 387.956
6471 384.956
6552 380.956
6632 375.956
6470 388.956
6505 173
6507 175
6506 174
6508 176
6497 172
6414 168
6335 164
6258 160
6183 156
6105 152
6025 148
5946 144
5871 140
5796 136
5721 132
5642 128
5565 124
5480 120
5389 116
6499 172
6498 172
6500 172
6502 172
6554 372.956
6545 408.956
6625 403.956
6551 384.956
6631 379.956
6541 424.956
6540 428.956
6585 176
6584 176
6501 172
6586 176
6503 172
6589 178
6588 177
6591 180
6590 179
6579 176
6496 172
6581 176
6580 176
6583 176
6582 176
6560 357.956
6640 352.956
6718 348.956
6565 179
6618 431.956
6651 180
6572 176
6489 172
6406 168
6328 164
6251 160
6176 156
6099 152
6019 148
6644 183
6665 180
6664 180
6667 181
6659 180
6658 180
6661 180
6660 180
6663 180
6662 180
6714 355.956
6790 351.956
6863 346.956
6709 375.956
6785 371.956
6858 366.956
6859 362.956
6931 358.956
6932 354.956
7008 350.956
7079 345.956
7148 341.956
7149 337.956
7150 333.956
7215 329.956
7216 325.956
6711 367.956
6710 371.956
6786 367.956
6697 423.956
6773 419.956
6846 414.956
6847 410.956
6696 427.956
6772 423.956
6845 418.956
6698 419.956
6703 399.956
6695 431.956
6771 427.956
6844 422.956
6916 418.956
6917 414.956
6993 410.956
7064 405.956
7065 401.956
7066 397.956
7135 393.956
7136 389.956
7201 385.956
7202 381.956
7269 377.956
7337 372.956
7338 368.956
7407 364.956
7408 360.956
7409 356.956
7410 352.956
7411 348.956
7412 344.956
6744 184
6746 185
6737 184
6736 184
6657 180
6578 176
6739 184
6738 184
6741 184
6740 184
6743 184
6742 184
6776 407.956
6779 395.956
6852 390.956
6783 379.956
6856 374.956
6782 383.956
6770 554.127
6694 550.127
6616 545.127
6536 541.127
6454 537.127
6453 533.127
6375 529.127
6298 524.127
6297 520.127
6296 516.127
6295 512.127
6294 508.127
6293 504.127
6292 500.127
6217 496.127
6141 492.127
6065 487.127
6064 483.127
5983 479.127
5910 475.127
5836 471.127
5761 466.127
5760 462.127
5684 458.127
5683 454.127
5603 450.127
5526 445.127
6774 415.956
6809 188
6811 188
6813 188
6812 188
6815 188
6814 188
6787 363.956
6860 358.956
6788 359.956
6861 354.956
6933 350.956
6843 426.956
6915 422.956
6817 188
6816 188
6819 188
6818 188
6822 189
6870 192
6799 188
6724 184
6646 180
6567 176
6910 485.956
6889 192
6888 192
6890 192
6892 192
6880 192
6883 192
6882 192
6885 192
6884 192
6887 192
6886 192
6941 196
6930 362.956
7006 358.956
7077 353.956
6921 398.956
6920 402.956
6996 398.956
7067 393.956
6925 382.956
7001 378.956
7072 373.956
6926 378.956
7002 374.956
7073 369.956
6914 426.956
6919 406.956
6918 410.956
6994 406.956
6953 196
6954 196
6957 196
6956 196
6959 196
6958 196
6951 196
6950 196
7004 366.956
7075 361.956
7007 354.956
7078 349.956
7147 345.956
6992 414.956
7063 409.956
6995 402.956
6997 394.956
7068 389.956
7069 385.956
7070 381.956
7139 377.956
6999 386.956
6998 390.956
6985 450.956
7054 445.956
7055 441.956
7056 437.956
7125 433.956
7126 429.956
7127 425.956
7128 421.956
7193 417.956
7260 413.956
7328 408.956
7329 404.956
7330 400.956
7331 396.956
7332 392.956
7333 388.956
7334 384.956
7335 380.956
7336 376.956
6984 454.956
7053 449.956
6987 442.956
6986 446.956
6989 426.956
7060 421.956
7129 417.956
7130 413.956
7131 409.956
7196 405.956
7197 401.956
7198 397.956
7199 393.956
7200 389.956
6988 438.956
7057 433.956
6991 418.956
7062 413.956
6990 422.956
7061 417.956
6977 482.956
7046 477.956
7115 473.956
7116 469.956
7117 465.956
7118 461.956
7119 457.956
6976 486.956
7045 481.956
6979 474.956
7048 469.956
6978 478.956
7047 473.956
6981 466.956
7050 461.956
6980 470.956
7049 465.956
6983 458.956
7052 453.956
7033 200
7032 200
7034 200
7025 200
7024 200
7026 200
7029 200
7028 200
7031 200
7030 200
7017 200
7018 200
7009 346.956
7080 341.956
7081 337.956
7082 333.956
7011 338.956
7010 342.956
7059 425.956
7058 429.956
7044 485.956
7097 204
7096 204
7099 204
7101 204
7100 204
7103 204
7102 204
7088 204
7095 204
7085 207
7015 203
6939 199
6868 195
6797 191
6722 187
7087 204
7074 365.956
7133 401.956
7132 405.956
7134 397.956
7121 449.956
7123 441.956
7122 445.956
7124 437.956
7113 481.956
7114 477.956
7179 473.956
7246 469.956
7314 464.956
7383 460.956
7384 456.956
7385 452.956
7386 448.956
7387 444.956
7388 440.956
7454 436.956
7455 432.956
7456 428.956
7457 424.956
7458 420.956
7459 416.956
7460 412.956
7461 408.956
7112 485.956
7105 204
7104 204
7163 208
7093 204
7022 200
6948 196
6877 192
6806 188
6731 184
6653 180
6574 176
6492 172
7162 217
7161 213
7160 209
7164 208
7167 208
7166 208
7157 208
7156 208
7151 329.956
7137 385.956
7138 381.956
7192 421.956
7195 409.956
7262 405.956
7194 413.956
7184 453.956
7251 449.956
7319 444.956
7320 440.956
7321 436.956
7322 432.956
7189 433.956
7190 429.956
7257 425.956
7191 425.956
7177 481.956
7244 477.956
7312 472.956
7381 468.956
7382 464.956
7176 208
7106 204
7035 200
6961 196
7178 477.956
7181 465.956
7248 461.956
7316 456.956
7180 469.956
7247 465.956
7315 460.956
7183 457.956
7250 453.956
7318 448.956
7182 461.956
7249 457.956
7317 452.956
7168 208
7171 208
7170 208
7173 208
7175 208
7174 208
7227 217
7229 212
7228 216
7231 212
7230 212
7219 215
7154 211
7223 212
7222 212
7208 357.956
7210 349.956
7213 337.956
7214 333.956
7281 329.956
7203 377.956
7204 373.956
7271 369.956
7339 364.956
7205 369.956
7272 365.956
7340 360.956
7207 361.956
7274 357.956
7342 352.956
7206 365.956
7273 361.956
7341 356.956
7256 429.956
7259 417.956
7327 412.956
7258 421.956
7326 416.956
7261 409.956
7263 401.956
7252 445.956
7241 212
7240 212
7243 481.956
7311 476.956
7380 472.956
7242 212
7245 473.956
7313 468.956
7233 212
7235 212
7234 212
7237 212
7238 212
7289 216
7291 216
7293 217
7226 213
7295 216
7294 220
7280 333.956
7283 321.956
7351 316.956
7282 325.956
7350 320.956
7287 216
7275 353.956
7343 348.956
7277 345.956
7278 341.956
7265 393.956
7264 397.956
7267 385.956
7266 389.956
7268 381.956
7270 373.956
7305 216
7239 212
7172 208
7304 216
7307 216
7306 216
7310 480.956
7379 476.956
7297 216
7296 216
7299 216
7301 216
7300 216
7302 216
7353 312
7555 300
7356 220
7358 220
7376 220
7369 220
7368 220
7371 220
7370 220
7373 220
7360 220
7363 222
7362 221
7365 220
7366 220
7417 324.956
7416 328.956
7422 226
7413 340.956
7415 332.956
7414 336.956
7401 388.956
7402 384.956
7403 380.956
7400 392.956
7405 372.956
7404 376.956
7406 368.956
7397 404.956
7399 396.956
7398 400.956
7441 224
7442 224
7374 220
7433 224
7364 220
7432 224
7434 224
7437 224
7439 224
7438 224
7424 224
7427 224
7426 224
7429 224
7431 225
7513 468
7514 464
7515 460
7516 456
7517 452
7518 448
7519 444
7520 440
7521 436
7522 432
7523 428
7524 424
7525 420
7526 416
7527 412
7528 408
7529 404
7530 400
7531 396
7532 392
7533 388
7534 384
7535 380
7536 376
7537 372
7538 368
7539 364
7540 360
7541 356
7542 352
7543 348
7544 344
7545 340
7546 336
7547 332
7548 328
7549 324
7550 320
7551 316
7552 312
7553 308
7554 304
7505 228
7504 228
7507 228
7509 228
7443 224
7496 228
7499 228
7498 228
7502 228
7490 228
7493 228
7492 228
7495 228
7579 232
7508 228
7580 232
7582 477
7655 473
7728 469
7569 232
7570 232
7573 232
7575 232
7561 232
7563 232
7564 232
7567 232
7566 232
7559 234
7488 230
7609 369
7682 365
7683 361
7756 357
7830 352
7831 348
7608 373
7681 369
7611 361
7684 357
7685 353
7686 349
7759 345
7833 340
7610 365
7613 353
7612 357
7615 345
7688 341
7761 337
7835 332
7836 328
7614 349
7603 393
7676 389
7677 385
7678 381
7679 377
7752 373
7826 368
7827 364
7605 385
7604 389
7607 377
7606 381
7592 437
7665 433
7666 429
7739 425
7813 420
7814 416
7815 412
7816 408
7640 236
7643 236
7642 236
7645 236
7644 236
7634 236
7637 236
7636 236
7625 305
7626 301
7627 297
7700 293
7701 289
7774 285
7848 280
7849 276
7624 309
7697 305
7770 301
7844 296
7629 289
7630 285
7628 293
7617 337
7690 333
7691 329
7692 325
7693 321
7694 317
7695 313
7696 309
7616 341
7619 329
7618 333
7621 321
7620 325
7623 313
7622 317
7648 236
7654 236.123
10081 232.087
7706 240
7709 240
7708 240
7711 240
7699 297
7698 301
7771 297
7845 292
7846 288
7703 281
7702 285
7775 281
7689 337
7762 333
7680 373
7753 369
7687 345
7760 341
7834 336
7713 240
7715 240
7717 240
7716 240
7719 240
7769 305
7843 300
7768 309
7842 304
7773 289
7847 284
7772 293
7763 329
7837 324
7838 320
7839 316
7765 321
7764 325
7767 313
7841 308
7766 317
7840 312
7755 361
7829 356
7754 365
7828 360
7757 353
7758 349
7832 344
7751 377
7825 372
7793 244
7786 244
7789 244
7788 244
7790 244
7776 277
7850 272
7778 269
7783 244
7782 244
7866 248
7871 248
7798 244
7725 240
7652 236
7578 232
7856 248
7859 248
7861 248
7863 248
7862 248
7855 248
7929 252
7931 252
7935 252
7936 252
7942 252
7869 248
7993 272
7994 268
7992 276
7996 260
7998 256
7985 304
7984 308
7987 296
7988 292
7986 300
7990 284
7978 332
7980 324
7983 312
7971 360
7972 356
7973 352
7974 348
8013 257.51
7943 253.51
10089 249.861
8003 256
8006 256
8058 264
8045 316
8044 320
8035 356
8036 352
8072 260
8009 256
8074 260
