 key  value
8122 355
8063 351
8000 347
7929 343
7856 339
7783 335
7710 331
7638 327
7564 323
7493 319
7427 315
7358 311
7289 307
7222 303
7156 299
7086 295
7016 291
6940 287
6869 283
6798 279
6723 275
6645 271
6566 267
6484 263
6402 259
6324 255
6247 251
6173 247
6096 243
6016 239
5937 235
5863 231
5789 227
5714 223
5635 219
5559 215
5474 211
5384 207
5293 203
5206 199
5127 195
5045 191
4962 187
4792 179
4705 175
4623 171
4538 167
4451 163
4362 159
4272 155
4180 151
4091 147
4002 143
3914 139
3826 135
3739 131
3657 127
3571 123
3490 119
3405 115
3309 111
3213 107
3119 103
3027 99
2925 95
2828 91
2740 87
2652 83
2565 79
2481 75
2395 71
2307 67
2220 63
2130 59
2037 55
1864 47
1683 39
1590 35
1496 31
1316 23
1233 19
1232 15
1315 8
1314 4
8125 355
8066 351
8003 347
7932 343
7859 339
7786 335
7712 331
7639 327
7565 323
7494 319
7428 315
7360 311
7291 307
7224 303
7159 299
7089 295
7019 291
6942 287
6870 283
6799 279
8124 355
8065 351
8127 355
8068 351
8005 347
7934 343
7860 339
7787 335
7714 331
7641 327
7567 323
7496 319
7429 315
8126 355
8067 351
8113 375
8114 371
8055 367
8056 363
7994 359
7924 355
7925 351
7926 347
7927 343
7854 339
7781 335
7708 331
7636 327
7562 323
7491 319
7425 315
7357 311
7288 307
8112 379
8115 367
8117 359
8058 355
7996 351
8116 363
8057 359
8119 355
8060 351
7998 347
7928 343
8118 355
8059 351
7997 347
8105 407
8046 403
8047 399
8048 395
7986 391
7916 387
7917 383
7918 379
7919 375
7920 371
7921 367
7922 363
7923 359
8104 411
8045 407
8107 399
8106 403
8109 391
8110 387
8111 383
8108 395
8097 439
8038 435
8039 431
8040 427
7978 423
7979 419
7909 415
7910 411
7911 407
7912 403
7913 399
7914 395
7915 391
8096 443
8037 439
8099 431
8098 435
8101 423
8042 419
8043 415
7981 411
8100 427
8103 415
8044 411
7982 407
8102 419
8155 439
8156 435
8157 431
8158 427
8159 423
8136 515
8137 511
8138 507
8139 503
8140 499
8141 495
8084 491
8025 487
7963 483
7893 479
7894 475
7895 471
7896 467
7897 463
7898 459
7899 455
7900 451
7901 447
7902 443
7903 439
7904 435
7905 431
7906 427
7907 423
7908 419
8128 355
8069 351
8007 347
7937 343
7864 339
7791 335
7718 331
7645 327
7571 323
7500 319
7434 315
7366 311
7297 307
7230 303
7164 299
7093 295
7022 291
6947 287
6876 283
6805 279
6729 275
6650 271
6571 267
6488 263
6406 259
6327 255
6250 251
6176 247
6098 243
6018 239
5939 235
5865 231
5791 227
5716 223
5637 219
5561 215
5476 211
5386 207
5294 203
8185 359
8184 359
8177 359
8120 355
8061 351
7999 347
8176 359
8179 359
8121 355
8062 351
8178 359
8181 359
8123 355
8064 351
8002 347
8180 359
8183 359
8182 359
8169 383
8168 387
8171 375
8170 379
8173 367
8172 371
8175 359
8174 363
8161 415
8160 419
8163 407
8164 403
8162 411
8165 399
8166 395
8167 391
8217 423
8218 419
8216 427
8219 415
8220 411
8221 407
8223 399
8224 395
8222 403
8215 431
8214 435
8241 363
8240 363
8242 363
8233 363
8232 363
8235 363
8234 363
8237 363
8236 363
8239 363
8238 363
8225 391
8226 387
8227 383
8228 379
8229 375
8231 367
8230 371
8281 383
8280 387
8283 375
8282 379
8285 367
8284 371
8287 367
8286 367
8273 415
8272 419
8275 407
8276 403
8277 399
8278 395
8279 391
8274 411
91 131
112 127
126 123
144 119
172 115
209 111
254 107
304 103
359 99
419 93
482 89
481 85
550 78
621 74
691 70
770 66
769 62
768 58
767 54
766 50
765 46
764 42
850 36
934 32
933 28
1008 24
1077 20
1148 16
1231 12
8269 431
93 131
113 127
127 123
8268 435
92 131
8271 423
8270 427
8319 431
8320 427
8321 423
8318 435
8298 367
8245 363
8187 359
8130 355
8071 351
8008 347
125 123
142 119
170 115
208 111
253 107
8289 367
8288 367
8291 367
115 135
129 131
128 127
8290 367
114 131
8293 367
8292 367
8294 367
8344 371
8349 372.834
9963 370.869
8299 367
8246 363
8189 359
8131 355
8072 351
8009 347
7938 343
110 127
124 123
8337 371
8336 371
8339 371
8338 371
8341 371
8340 371
8343 371
8342 371
8329 391
8330 387
8328 395
8331 383
8332 379
8333 375
8334 371
8335 371
145 123
173 119
210 115
255 111
305 107
360 103
8323 415
8324 411
8325 407
8326 403
8327 399
147 131
146 127
174 123
211 119
256 115
8322 419
149 139
148 135
150 143
178 139
177 135
214 131
259 127
309 123
364 119
363 115
362 111
361 107
8377 395
8376 399
8379 387
8380 383
8381 379
8378 391
8383 375
143 119
171 115
8382 375
8369 427
8368 431
8371 419
8372 415
131 139
8370 423
130 135
8373 411
8374 407
133 147
132 143
8375 403
176 131
213 127
258 123
257 119
179 143
181 151
218 147
263 143
313 139
368 135
367 131
366 127
365 123
180 147
175 127
8393 375
8345 371
8295 367
217 143
262 139
261 135
260 131
310 127
216 139
219 151
264 147
8385 375
8384 375
8387 375
8386 375
8389 375
8388 375
212 123
8391 375
215 135
8390 375
8441 379
8440 379
8433 379
8432 379
8435 379
8434 379
8437 379
8436 379
8439 379
8438 379
8425 403
8426 399
8424 407
8427 395
8429 387
8430 383
8428 391
8431 379
8419 427
8418 431
8421 419
8422 415
8423 411
8420 423
8473 403
8472 407
8475 395
8476 391
8477 387
8474 399
8479 383
8478 383
8467 427
8468 423
8466 431
8469 419
8471 411
8470 415
266 155
265 151
8499 487
8500 483
8501 479
8502 475
8456 471
8409 467
8410 463
8361 459
8313 455
8264 451
8211 447
8212 443
8213 439
312 135
311 131
315 147
370 143
369 139
314 143
317 155
316 151
319 163
374 159
373 155
372 151
371 147
318 159
8481 383
8480 383
8483 383
307 115
306 111
8482 383
8485 383
8484 383
308 119
8487 383
8486 383
299 68
298 64
353 60
413 56
474 52
542 48
613 44
683 40
762 36
849 32
8529 387
8528 387
8531 387
8530 387
8533 387
8532 387
8521 399
8520 403
8523 391
8522 395
8525 387
8524 387
8527 387
8526 387
8515 423
8516 419
8517 415
8518 411
8519 407
8514 427
8569 391
8568 391
8571 391
8570 391
8573 391
8572 391
8575 391
8574 391
8561 419
8562 415
8560 423
8563 411
8564 407
8565 403
8567 395
8566 399
375 163
8605 419
8604 423
8607 411
8608 407
8606 415
8589 483
8546 479
8547 475
8548 471
8504 467
8458 463
8411 459
8412 455
8413 451
8364 447
8316 443
8267 439
8588 487
8545 483
412 56
8590 479
414 60
475 56
8576 391
8632 479
8633 475
8592 471
8593 467
8550 463
8551 459
8507 455
8461 451
8414 447
8415 443
8366 439
8631 483
8630 487
8617 395
8616 395
8619 395
8618 395
8609 403
433 148
496 144
566 140
637 136
636 132
635 128
634 124
633 120
632 116
631 112
630 108
629 104
628 100
697 93
696 89
774 82
773 78
772 74
771 70
432 144
431 140
430 136
429 132
428 128
427 124
490 120
489 116
559 112
8611 395
435 156
498 152
568 148
567 144
8610 399
434 152
497 148
8613 395
8612 395
436 160
8615 395
8614 395
425 116
424 112
487 108
557 104
426 120
8671 483
8672 479
8673 475
8674 471
8675 467
8676 463
8677 459
8638 455
8639 451
8598 447
8599 443
8600 439
8601 435
8558 431
8670 487
8657 399
8656 399
416 66
415 62
476 58
544 54
615 50
685 46
8659 399
8658 399
8661 399
8620 395
8577 391
421 101
420 97
8660 399
423 109
422 105
8649 411
473 52
8648 415
8651 403
8652 399
8650 407
8653 399
477 62
8655 399
8654 399
478 66
546 62
617 58
616 54
469 52
538 48
609 44
680 40
760 36
847 32
932 28
8647 419
471 52
540 48
611 44
682 40
8646 423
8697 403
8696 403
8699 403
8698 403
8701 403
8662 399
8700 403
8689 411
8691 403
8690 407
8693 403
8692 403
8695 403
8694 403
8686 423
8687 419
8688 415
499 156
8729 407
8728 411
488 112
558 108
8731 407
491 124
8730 407
8733 407
8732 407
492 128
562 124
8735 407
495 140
494 136
564 132
8734 407
483 93
485 101
555 97
626 93
484 97
8726 419
486 105
537 49
539 48
610 44
541 48
612 44
543 52
8711 479
8712 475
8713 471
8714 467
8715 463
8710 483
8763 419
8727 415
8765 411
8764 415
8767 411
8766 411
8747 483
8746 487
570 156
641 152
640 148
639 144
638 140
8748 479
8737 407
8736 407
8739 407
563 128
8738 407
565 136
553 90
552 86
551 82
622 78
554 94
625 90
695 86
556 101
545 58
8787 483
8788 479
8789 475
8790 471
8791 467
8792 463
8793 459
8794 455
8795 451
8796 447
8797 443
8798 439
8759 435
8723 431
8724 427
8725 423
547 66
618 62
8786 487
8776 411
8740 407
8702 403
8663 399
8621 395
8578 391
8534 387
605 50.26
675 46.26
755 42.26
842 38.26
927 34.26
1005 30.26
1075 26.26
1144 22.26
1226 18.26
10048 14.587
1227 13
1312 9
1400 4
8780 413.363
9950 407.701
8704 403
8665 399
8623 395
8580 391
8535 387
8489 383
8442 379
8392 375
607 49
608 45
679 41
759 37
606 50.26
676 46.26
8769 411
8768 411
8771 411
8770 411
8773 411
8772 411
8775 411
8774 411
8827 483
8828 479
8829 475
8830 471
8831 467
8832 463
8833 459
8834 455
8835 451
8836 447
8837 443
8838 439
8839 435
8800 431
8801 427
8762 423
8816 415
8809 415
8808 415
8811 415
8810 415
8813 415
8812 415
8815 415
8814 415
624 86
694 82
8803 419
8804 415
8805 415
8807 415
8806 415
619 66
620 70
623 82
8849 419
8848 419
8851 419
8850 419
8853 419
8852 419
8854 419
614 48
8841 427
8842 423
8843 419
8845 419
8844 419
8847 419
8846 419
8890 422.992
9969 419.062
8881 423
8880 423
8883 423
8882 423
642 156
8885 423
8884 423
8887 423
8886 423
8877 427
8878 423
8879 423
689 62
688 58
693 78
692 74
681 40
761 36
848 32
8920 427
684 44
687 54
686 50
8913 427
8912 427
8915 427
8914 427
8917 427
677 46.26
757 42.26
844 38.26
928 34.26
8916 427
8919 427
8918 427
678 45
8911 431
8910 435
8953 431
8952 431
712 160
8945 431
8944 435
8947 431
8946 431
8949 431
709 148
708 144
707 140
8948 431
8951 431
711 156
710 152
8950 431
763 40
753 42.26
840 38.26
925 34.26
1003 30.26
1074 26.26
1143 22.26
754 42.26
841 38.26
756 42.26
843 38.26
758 41
846 36
931 32
1007 28
8985 435
8984 435
8977 435
8976 439
8979 435
8978 435
8981 435
8980 435
8983 435
8982 435
8975 443
8943 439
8974 447
785 148
784 144
787 156
786 152
789 164
788 160
790 168
713 164
643 160
9017 439
8986 435
8954 431
9016 439
9009 439
9008 439
9011 439
9010 439
9013 439
9012 439
9015 439
9014 439
9005 451
9007 443
8997 483
8966 479
8967 475
8968 471
8969 467
8937 463
8904 459
8905 455
8906 451
8872 447
8873 443
8998 479
9041 443
9040 443
9043 443
9042 443
9045 443
9044 443
9047 443
9046 443
856 67
9037 447
9036 451
9039 443
9038 443
851 47
9029 479
8999 475
853 55
9028 483
852 51
855 63
854 59
845 40
930 36
9073 447
9072 447
9075 447
835 58.26
920 54.26
921 50.26
922 46.26
923 42.26
924 38.26
9074 447
837 50.26
836 54.26
839 42.26
838 46.26
9065 451
9064 455
9067 447
9066 447
9069 447
9068 447
9071 447
9070 447
9059 475
9060 471
9032 467
9033 463
9003 459
8972 455
8940 451
8907 447
9058 479
9063 459
9113 483
9087 479
9088 475
9089 471
9090 467
9091 463
9092 459
873 165
872 161
875 173
874 169
9117 467
9118 463
876 177
791 172
9119 459
9093 455
9094 451
9104 451
869 149
871 157
870 153
9097 451
9096 451
9099 451
9098 451
9101 451
9100 451
9103 451
9102 451
926 34.26
9095 451
9145 467
9144 471
9147 459
9120 455
9146 463
9149 459
9121 455
9148 459
9151 459
9124 455
9150 459
9122 455
9141 483
9142 479
9115 475
9143 475
9116 471
9128 455
952 173
9130 455
954 181
953 177
9133 454.992
9107 450.992
9078 446.992
9050 442.992
9020 438.992
8989 434.992
8957 430.992
8924 426.992
945 145
867 141
782 136
705 132
944 144
866 140
9123 455
947 153
946 149
9125 455
949 161
9127 455
951 169
950 165
9126 455
9177 463
9152 459
9176 463
937 55
936 51
9179 463
9153 459
9178 463
939 63
9181 463
9156 459
938 59
9180 463
9155 459
9182 463
9169 475
9170 471
929 36.26
1006 32.26
1076 28.26
9171 467
9172 463
9173 463
9175 463
935 51
9174 463
9154 459
9201 467
9200 467
9203 467
9202 467
9205 467
9204 467
9206 467
9193 479
1017 149
9195 471
9196 467
1019 157
1018 153
9197 467
1021 165
9199 467
9198 467
1022 169
1009 28
1011 55
1010 55
1015 148
943 144
1014 148
942 144
865 140
781 136
9241 475
9219 471
1001 53.26
1000 57.26
9243 475
9222 471
9242 475
9220 471
9245 475
9223 471
9244 475
1004 30.26
9247 475
9226 471
9246 475
9224 471
9225 471
9227 471
9228 471
9221 471
1037 250.952
964 246.952
9999 244.612
963 238.953
962 234.953
1035 230.953
1103 224.097
1034 217.097
1033 213.097
1032 209.099
10013 208.27
1031 205
1030 201
958 197
880 193
795 188
794 184
793 180
716 176
715 172
714 168
1027 189
955 185
877 181
792 176
1026 185
1025 181
1024 177
1028 193
956 189
1081 59
1080 59
1084 152
1087 153
9249 475
1073 27.26
9248 475
1078 23
1149 19
1097 193
1096 189
1095 185
1094 181
1099 201
1098 197
1102 213.58
1089 161
1088 157
1090 165
1020 161
1145 17
1228 13
1146 16
1230 12
1142 25
1225 21
1310 17
1311 13
1183 267.952
1106 262.952
1105 258.952
1104 254.952
1182 263.952
1169 194
1168 190
1171 202
1170 198
1173 210
1100 205
1172 206
1161 162
1160 158
1163 170
1162 166
1165 178
1092 173
1167 186
1166 182
1093 177
1153 63
1152 63
1157 156
1085 152
1156 156
1159 157
1086 152
1016 148
1158 156
1241 158.127
1325 154.127
1415 150.127
1414 146.127
1605 128.895
1604 124.895
1700 121
1793 114
1792 110
1791 106
1790 102
1789 98
1875 94
1874 90
1873 86
1872 82
1871 78
1870 74
1869 70
1868 66
1867 62
1866 58
1949 52
1778 44
1591 36
1497 32
1403 28
1243 161
1242 158.127
9421 1962.96
9422 1864.96
9423 1766.96
9424 1668.96
9442 1493.96
9443 1394.96
9461 1259.96
9477 1153.96
9494 1046.96
9512 914.956
9531 807.956
9551 700.956
6006 511.956
6087 506.956
6163 502.956
6238 498.956
6313 493.956
6314 489.956
6315 485.956
6316 481.956
6317 477.956
6395 470.956
6474 463.956
6555 459.956
6635 454.956
6713 450.956
6789 446.956
6862 441.956
6934 437.956
6935 433.956
7011 429.956
7082 424.956
7151 420.956
7216 416.956
7217 412.956
7284 408.956
7352 403.956
7421 399.956
7487 395.956
9982 392.015
7556 387
7557 383
7558 379
7631 372
7704 368
7777 364
7851 359
7852 355
1245 166
1244 162
9420 2060.96
1247 174
1246 170
1235 67
1234 67
1224 25
1221 70
1220 66
1305 62
1392 58
1484 54
1485 50
1486 46
1393 39
1306 33
1307 29
1308 25
1309 21
1223 29
9462 1223.46
9939 1133.04
9478 1115.14
9942 1026.26
9495 1007.96
1222 74
1264 258.127
1350 254.127
1349 250.127
1439 246.127
1438 242.127
1437 238.127
1436 234.127
1435 230.127
1434 226.127
1433 222.127
1432 218.127
1431 214.127
1430 210.127
1429 206.127
1428 202.127
1427 198.127
1426 194.127
1425 190.127
1424 186.127
1423 182.127
1422 178.127
1421 174.127
1420 170.127
1419 166.127
1418 162.127
1417 158.127
1416 154.127
1269 278.127
1355 274.127
1445 270.127
1444 266.127
1443 262.127
1442 258.127
1441 254.127
1440 250.127
1257 214
1256 210
1259 238.127
1345 234.127
1248 178
1164 174
1091 169
1251 190
1250 186
9493 1101.96
9511 968.956
9530 862.956
9550 756.956
9572 627.956
5928 530.956
1253 198
1252 194
1255 206
1254 202
1304 63
9529 961.956
9528 1060.96
9532 803.956
9525 1949.2
9544 1847.2
9563 1754.2
9586 1652.2
9607 1550.2
9629 1458.2
9630 1361.2
9631 1264.2
9984 1212.6
9609 1133
9610 1033
9611 933
9612 833
9613 733
9614 633
7873 567
7800 563
7801 559
7802 555
7803 551
7876 547
7877 543
7878 539
7879 535
7880 531
7881 527
7882 523
7883 519
7884 515
7885 511
7886 507
7887 503
7888 499
7889 495
7890 491
7891 487
7892 483
9524 2044.2
9543 1942.2
9562 1849.2
9585 1748.2
9606 1647.2
9628 1555.2
9527 1159.96
9513 910.956
1337 202
1336 198
1339 210
1338 206
1341 218
1340 214
1343 226
1342 222
1258 218
1329 170
1328 166
9506 2145.2
1330 174
9509 1164.96
9510 1066.96
1332 182
1335 194
1334 190
9567 1117.96
9568 1019.96
9569 921.956
9570 823.956
9571 725.956
1327 162.127
1326 158.127
9566 1215.96
1317 71
1319 71
1236 67
1318 71
9547 1055.96
9546 1154.96
9549 856.956
9548 955.956
9593 624.956
6911 572.956
6912 568.956
6913 564.956
6982 553.956
7051 548.956
7120 544.956
7121 540.956
7122 536.956
7187 532.956
7188 528.956
7189 524.956
7190 520.956
7191 516.956
7192 512.956
7259 508.956
7327 503.956
7328 499.956
7397 495.956
7463 491.956
7464 487.956
7465 483.956
7466 479.956
7467 475.956
7468 471.956
7469 467.956
7470 463.956
7471 459.956
7472 455.956
7473 451.956
7474 447.956
7475 443.956
7476 439.956
7477 435.956
7478 431.956
7479 427.956
7480 423.956
7481 419.956
7482 415.956
7483 411.956
7484 407.956
7485 403.956
7486 399.956
9592 723.956
9595 733.127
9574 624.127
3392 540.127
3297 533.127
3107 518.127
3011 511.127
2908 500.127
2818 492.127
2732 487.127
2562 475.127
2477 470.127
2391 465.127
2302 457.127
2215 450.127
2124 443.127
2032 436.127
1943 431.127
1942 427.127
1941 423.127
1940 419.127
1939 415.127
1938 411.127
1855 407.127
1854 403.127
1763 399.127
1665 394.127
1664 390.127
1663 386.127
1662 382.127
1661 378.127
1660 374.127
1659 370.127
1565 366.127
1564 362.127
1563 358.127
1466 354.127
1465 350.127
1464 346.127
1463 342.127
1462 338.127
1461 334.127
1460 330.127
1459 326.127
1458 322.127
1457 318.127
1456 314.127
1455 310.127
1454 306.127
1453 302.127
1452 298.127
1451 294.127
1450 290.127
1449 286.127
1448 282.127
1447 278.127
1446 274.127
1352 262.127
1351 258.127
9594 635.127
5374 561.127
5373 557.127
5285 553.127
5202 548.127
5122 544.127
5040 540.127
4956 535.127
4871 531.127
4870 527.127
4869 523.127
4868 519.127
4781 515.127
4692 510.127
4606 506.127
4605 502.127
4518 498.127
4429 494.127
4337 489.127
4245 485.127
4152 481.127
4062 476.127
4061 472.127
4060 468.127
3970 464.127
3969 460.127
3880 456.127
3792 452.127
3704 447.127
3703 443.127
3619 439.127
3618 435.127
3617 431.127
3616 427.127
3530 423.127
3444 418.127
3443 414.127
3442 410.127
3441 406.127
3440 402.127
3439 398.127
3438 394.127
3437 390.127
3436 386.127
3435 382.127
3434 378.127
3433 374.127
3432 370.127
3431 366.127
3430 362.127
3429 358.127
3428 354.127
3427 350.127
3426 346.127
3425 342.127
3424 338.127
3423 334.127
3339 330.127
3338 326.127
3337 322.127
3336 318.127
3335 314.127
3334 310.127
3333 306.127
3332 302.127
3331 298.127
3330 294.127
3329 290.127
3328 286.127
3327 282.127
3326 278.127
3325 274.127
3324 270.127
3323 266.127
3229 259.127
3138 254.127
3046 250.127
3045 246.127
2949 239.127
2948 235.127
2847 231.127
2758 226.127
2669 222.127
2582 218.127
2496 213.127
2411 209.127
2325 205.127
2237 200.127
2151 196.127
2061 192.127
1970 188.127
1881 183.127
1798 179.127
1707 175.127
1609 170.127
1608 166.127
1514 162.127
1357 282.127
1356 278.127
1359 290.127
1358 286.127
1347 242.127
1346 238.127
9589 1020.96
9590 921.956
9591 822.956
9588 1119.96
1348 246.127
1402 9
1405 75
1404 75
1395 32.714
1396 28.714
1491 24.714
1492 20.714
10036 15.489
1494 10
1394 36.714
9573 201
4102 197
4194 193
4286 189
4193 185
4192 181
4191 177
4190 173
4189 169
4188 165
4187 161
4186 157
4185 153
4095 149
4005 144
3916 140
3827 136
3740 132
1397 25
1399 8
1398 18
1493 14
1391 62
1483 58
9617 737.127
9616 638.127
7111 573.127
7110 569.127
7109 565.127
7108 561.127
7038 553.127
7037 549.127
6967 542.127
6966 538.127
6965 534.127
6964 530.127
6896 523.127
6828 518.127
6827 514.127
6826 510.127
6753 506.127
6677 502.127
6599 497.127
6519 493.127
6437 489.127
6359 485.127
6282 480.127
6207 476.127
6131 472.127
6055 467.127
5974 463.127
5973 459.127
5972 455.127
5899 451.127
5825 447.127
5750 442.127
5749 438.127
5748 434.127
5672 430.127
5592 426.127
5515 421.127
5514 417.127
5513 413.127
5427 409.127
5426 405.127
5334 401.127
5333 397.127
5245 393.127
5162 388.127
5082 384.127
5000 380.127
4916 375.127
4831 371.127
4744 367.127
4655 362.127
4569 358.127
4482 354.127
4393 350.127
4301 345.127
4209 341.127
4116 337.127
4026 332.127
3936 328.127
3847 324.127
3759 320.127
3671 315.127
3587 311.127
3501 307.127
3415 302.127
9657 875
9636 772
9656 972
9635 869
9658 973
9661 839.883
9638 731.883
10125 717.299
9660 768.127
9637 660.127
9615 567.127
6824 508.127
6751 504.127
6675 500.127
6598 496.127
6518 492.127
6436 488.127
6358 484.127
9655 1070
9634 966
9654 1167
9633 1063
9639 753.127
9681 876.127
9680 980
9682 947.883
1499 74
1593 70
1686 66
1780 62
1498 74
1685 66
9677 1244.47
10128 1145.06
1500 74
9679 978
9678 1075
1490 32.714
1495 35
9721 1173
9700 1069
9720 1171
1482 69.31
1579 65.31
1580 61.31
1581 57.31
1582 53.31
1583 49.31
1584 45.31
1585 41.31
1586 37.31
1587 33.31
1588 29.31
9901 28.324
1487 43
1529 222.127
1528 218.127
1531 230.127
1530 226.127
1533 238.127
1532 234.127
1534 242.127
9699 1166
9701 1071
1525 206.127
1524 202.127
1523 198.127
1527 214.127
1526 210.127
1513 158.127
1512 154.127
1511 150.127
1515 166.127
1517 174.127
9742 1351
9741 1252
1553 318.127
1552 314.127
1555 326.127
1554 322.127
1556 330.127
1545 286.127
1544 282.127
1543 278.127
1542 274.127
1546 290.127
1549 302.127
1548 298.127
1551 310.127
1550 306.127
1537 254.127
1536 250.127
1538 258.127
1541 270.127
9782 1579
9781 1482
9761 1356
1592 70
9762 1456
1589 35
9819 1648
9799 1545
9779 1444
9760 1354
9818 1647
9821 1654
9801 1550
9780 1446
9820 1651
9800 1547
9823 1629.35
9804 1532.35
9784 1435.35
9763 1322.89
9744 1225.89
9723 1128.89
10126 1035.16
9702 950.127
9822 1690
9802 1586
1625 234.127
1624 230.127
1627 242.127
1626 238.127
1628 246.127
1630 254.127
1619 210.127
1618 206.127
1617 202.127
1621 218.127
1620 214.127
1623 226.127
1622 222.127
9798 1568
9778 1466
9759 1376
9740 1274
1611 178.127
1610 174.127
1613 186.127
1519 182.127
1612 182.127
9844 903.306
9833 886.243
10024 851.584
9830 811.494
9871 761.153
9829 704.467
9912 667.555
9828 636.236
9927 593.768
9827 554.896
9897 539.175
1607 162.127
1606 158.127
1657 362.127
1656 358.127
1562 354.127
9835 858.166
9879 845.598
9834 920.857
9843 886.979
1658 366.127
9836 741.272
9904 700.883
1649 330.127
1648 326.127
9826 289.919
6240 278
6241 274
6242 270
6243 266
6244 262
6170 258
6171 254
6172 250
6095 246
6015 242
5936 238
5862 234
5788 230
5713 226
5634 222
5558 218
5473 214
5383 210
5292 206
1651 338.127
1650 334.127
1653 346.127
1559 342.127
9831 905.143
10007 854.004
1652 342.127
9881 250.875
1640 294.127
1643 306.127
1642 302.127
9885 74.033
1645 314.127
1644 310.127
1647 322.127
1646 318.127
1633 266.127
1632 262.127
1635 274.127
1634 270.127
1540 266.127
1637 282.127
1636 278.127
1639 290.127
1638 286.127
9866 55.36
673 46.26
1684 40
9913 235.286
4727 229.036
9909 225.112
4726 221
4556 209
4468 205
4378 198
4287 193
1673 65.31
9915 196.145
1675 57.31
9914 266.454
9825 257.551
5627 250
5551 246
5552 242
5467 238
5377 234
5378 230
5379 226
5380 222
5381 218
5382 214
1674 61.31
9917 424.88
7084 419.956
7153 415.956
7218 411.956
7285 407.956
1677 49.31
1678 45.31
1679 41.31
9916 645.692
1676 53.31
9919 614.419
9918 46.464
1777 43
9905 56.119
9906 257.032
4469 255.004
4557 251.004
4643 247.004
9898 241.553
4729 237.036
4728 233.036
9908 354.739
3249 352.127
3248 348.127
3340 341.127
9911 492.775
9910 192.958
1721 231.127
9896 343.267
1720 227.127
9899 118.657
2737 115.843
2736 111.843
2735 107.843
2734 103.843
2478 87.248
2392 80.31
2305 76.31
2218 72.31
2127 68.31
2035 64.31
1946 60.31
1947 56.31
1863 52.31
1775 45.31
1723 239.127
1722 235.127
1725 247.127
9900 438.769
6794 435.956
7014 423.956
1724 243.127
9903 238.255
3665 230.895
3582 226.895
3497 222.895
3409 218.895
3319 214.895
3224 210.895
3132 206.895
3041 202.895
2937 198.895
2836 194.895
2748 190.895
2659 186.895
2572 182.895
2486 177.895
2401 173.895
2315 169.895
2228 165.895
2142 161.895
2052 157.895
1963 153.895
1879 147.895
1794 143.895
1702 136.895
1727 255.127
1629 250.127
1535 246.127
9902 617.256
1713 199.127
1615 194.127
1521 190.127
1712 195.127
1614 190.127
1715 207.127
1714 203.127
1616 198.127
9893 72.499
1717 215.127
1716 211.127
9895 176.353
4170 169
3992 161
3904 157
3818 153
3819 149
3732 145
3650 141
3566 137
3567 133
3486 129
3400 125
3305 121
3210 117
3211 113
3117 109
3025 105
2923 101
2739 91
1719 223.127
9894 295.621
1718 219.127
9945 598.06
1705 167.127
9944 426.787
1672 422.127
1671 418.127
1670 414.127
1669 410.127
1668 406.127
1667 402.127
1573 398.127
1572 394.127
1475 390.127
1474 386.127
1473 382.127
1472 378.127
1471 374.127
1470 370.127
1469 366.127
1468 362.127
1467 358.127
1704 163.127
9946 380.112
918 378.113
917 374.113
916 370.113
915 366.113
914 362.113
913 358.113
912 354.113
911 350.113
910 346.113
909 342.113
908 338.113
907 334.113
906 330.113
905 326.113
904 322.113
903 318.113
902 314.113
901 310.113
900 306.113
899 302.113
898 298.113
897 294.113
896 290.113
895 286.113
894 282.113
893 278.113
892 274.113
891 270.113
890 266.113
889 262.113
888 258.113
887 254.113
886 250.113
1706 171.127
9949 274.472
6428 266
6349 262
6271 257
6196 253
6118 249
6037 244
5956 240
5882 236
5807 232
5731 227
5651 223
5574 219
5488 214
5397 210
5305 206
5217 202
5137 197
5055 193
4971 189
4886 184
4800 180
4712 176
4629 171
4543 167
4455 163
4366 159
4276 155
4183 151
4093 147
4004 143
3915 139
9948 405.485
1708 179.127
9951 458.187
1711 191.127
1710 187.127
9936 1085.73
1699 118
1698 114
9938 1030.66
9943 644.667
1753 359.127
1655 354.127
1654 350.127
1560 346.127
9928 253.719
4104 252.895
4016 246.895
3928 242.895
3839 238.895
3750 234.895
1752 355.127
1754 363.127
9933 1039.04
1757 375.127
1758 379.127
1745 327.127
9920 84.232
1744 323.127
9923 370.157
3159 366.127
3158 362.127
3157 358.127
1747 335.127
1746 331.127
1749 343.127
9924 342.581
1748 339.127
1751 351.127
9926 35.788
1750 347.127
1737 295.127
9976 551.576
6005 515.956
6086 510.956
6162 506.956
9979 325.434
2782 322.127
2693 318.127
2606 314.127
2520 309.127
2435 305.127
2349 301.127
2261 296.127
2175 292.127
2174 288.127
2173 284.127
2172 280.127
2171 276.127
2081 272.127
1990 268.127
1901 263.127
1900 259.127
1899 255.127
1898 251.127
1897 247.127
1814 243.127
1813 239.127
1812 235.127
1811 231.127
1739 303.127
1641 298.127
1547 294.127
1738 299.127
9981 1930.44
1741 311.127
1740 307.127
1743 319.127
1742 315.127
1729 263.127
1631 258.127
9968 485.851
9270 479.805
10129 478.524
9252 474.992
9231 470.992
9208 466.992
9184 462.992
9159 458.992
9132 454.992
9106 450.992
9971 340.861
7870 340
7796 335
7722 331
7650 327
7577 323
7506 319
7440 315
7371 311
7302 307
7236 303
7169 299
7098 295
7027 291
6952 287
6881 283
6810 279
6735 275
6657 271
6578 267
6496 263
6414 259
6336 255
6259 251
6184 247
6106 243
6026 239
5946 235
5871 231
5797 227
5722 223
5642 219
5565 215
5480 211
5389 207
5297 203
5209 199
5130 195
5048 191
4964 187
4880 183
4795 179
4708 175
4626 171
4541 167
4454 163
1731 271.127
1730 267.127
9973 717.038
9972 286.84
6893 284
6821 279
6745 275
6666 271
6587 267
6504 263
6421 259
6342 255
6265 251
6190 247
6112 243
6032 239
5951 235
5877 231
5802 227
5727 223
5647 219
5570 215
5485 211
5394 207
5302 203
5214 199
5135 195
5053 191
4969 187
4885 183
4799 179
4711 175
1732 275.127
9975 272.181
1735 287.127
9974 666.542
1734 283.127
9960 242.624
5069 238
4985 234
4900 229
4814 225
9967 382.908
8445 379
8396 375
8348 371
9966 325.942
3845 322.127
3757 318.127
3586 310.127
3500 306.127
9952 459.018
9954 346.134
7941 343
7868 339
7795 335
1781 66
9956 416.809
5669 412.127
5510 404.127
5424 400.127
5332 396.127
5244 392.127
5161 387.127
5081 383.127
4999 379.127
4915 374.127
4830 370.127
4743 366.127
4654 361.127
4568 357.127
4481 353.127
4392 349.127
4300 344.127
4208 340.127
4115 336.127
4025 331.127
3935 327.127
3846 323.127
3758 319.127
3670 314.127
9959 414.953
10009 1124.33
1769 423.127
10008 339.184
7779 335
7705 331
7633 327
7560 323
7489 319
7423 315
7355 311
7286 307
7220 303
7155 299
1771 61.31
1770 427.127
1578 418.127
1577 414.127
1576 410.127
1575 406.127
1574 402.127
1477 398.127
1476 394.127
1773 53.31
1772 57.31
1774 49.31
10005 170.85
1817 255.127
1726 251.127
1816 251.127
1819 263.127
1818 259.127
1821 271.127
1809 223.127
1808 219.127
1810 227.127
1815 247.127
10041 89.545
1801 191.127
1800 187.127
1799 183.127
10040 561.242
6007 509.308
6164 499.308
6239 495.308
10043 56.77
1803 199.127
10042 135.248
3393 132.843
3299 128.843
3108 120.843
3015 116.843
2913 112.843
2820 108.843
1802 195.127
10045 1236.67
1805 207.127
10044 360.817
2783 358.127
2698 354.127
2615 350.127
2529 345.127
2444 341.127
2443 337.127
2442 333.127
2441 329.127
2355 325.127
2267 320.127
2181 316.127
2180 312.127
2179 308.127
2089 304.127
2088 300.127
2087 296.127
1996 292.127
1907 287.127
1906 283.127
1823 279.127
1804 203.127
10047 339.233
1807 215.127
1806 211.127
10046 760.262
10033 220.832
10032 1145.91
10035 297.037
7090 296
10034 296.97
10037 36.325
1797 175.839
10049 170.869
10039 1888.8
10038 51.549
10027 63.373
1861 60.31
1862 56.31
10026 280.554
1850 387.127
1759 383.127
10029 126.959
703 124
10028 967.4
10031 71.591
2042 68
2041 64
2040 60
2039 56
10030 137.03
1841 351.127
1840 347.127
1839 343.127
1838 339.127
1837 335.127
1843 359.127
1842 355.127
1845 367.127
1844 363.127
1846 371.127
1755 367.127
10073 107.124
1833 319.127
1832 315.127
1831 311.127
1830 307.127
10072 109.78
3124 103
3031 99
2929 95
2832 91
2744 87
2655 83
2567 79
2483 75
2397 71
2309 67
2222 63
2131 59
2038 55
1948 51
1865 47
10075 66.848
1952 64
1951 60
1950 56
1835 327.127
10074 23.301
1834 323.127
1836 331.127
10065 70.149
10064 238.637
3749 236.895
10067 164.904
4358 159
4268 155
4176 151
4087 147
3998 143
3910 139
3822 135
3736 131
3654 127
3569 123
3488 119
3403 115
3308 111
10066 70.102
10069 141.502
3478 138.842
1829 303.127
10068 139.214
3828 137
3741 133
3658 128
3572 124
3491 120
10071 234.253
5873 231
5798 227
5723 223
5644 219
5567 215
5482 211
5392 207
5300 203
5212 199
5133 195
5051 191
4967 187
4883 183
4797 179
4709 175
4627 171
4542 167
10070 310.507
10057 224.494
3580 221.025
3747 213
3836 209
3926 205
4014 201
10056 56.779
1880 179.839
10059 344.812
1883 191.127
1882 187.127
10061 152.912
1885 199.127
10060 88.189
2563 85
2394 75
1884 195.127
10063 456.738
6712 454.956
1887 207.127
1886 203.127
10062 465.21
6475 459.956
6556 455.956
6636 450.956
6637 446.956
6715 442.956
6791 438.956
6864 433.956
6936 429.956
7012 425.956
7083 420.956
7152 416.956
10051 552.163
10050 178.654
10053 315.689
7354 313
10055 557.792
10054 325.477
1860 427.127
1859 423.127
1858 419.127
1767 415.127
1913 311.127
1912 307.127
1911 303.127
1910 299.127
1909 295.127
1908 291.127
1915 319.127
1914 315.127
1917 327.127
1916 323.127
1919 335.127
1918 331.127
1905 279.127
1904 275.127
1896 243.127
1903 271.127
1902 267.127
1889 215.127
1888 211.127
1891 223.127
1890 219.127
1893 231.127
1892 227.127
1895 239.127
1894 235.127
1945 64.31
1944 66.247
1929 375.127
1928 371.127
1927 367.127
1926 363.127
1925 359.127
1930 379.127
1921 343.127
1920 339.127
1923 351.127
1922 347.127
1924 355.127
1977 216.127
1976 212.127
1979 224.127
1978 220.127
1981 232.127
1980 228.127
1983 240.127
1982 236.127
1969 184.839
1968 183.839
1971 192.127
1973 200.127
1972 196.127
1975 208.127
1974 204.127
1965 172.895
1964 168.895
2053 161.895
1967 180.895
1966 176.895
1954 73.069
1953 69.069
2009 344.127
2008 340.127
2011 352.127
2010 348.127
2013 360.127
2012 356.127
2015 368.127
2014 364.127
2001 312.127
2000 308.127
2003 320.127
2002 316.127
2005 328.127
2004 324.127
2007 336.127
2006 332.127
1992 276.127
1994 284.127
1997 296.127
1999 304.127
1998 300.127
1985 248.127
1984 244.127
1987 256.127
1986 252.127
1989 264.127
1988 260.127
1991 272.127
2043 72
2044 76
2033 70.247
2034 68.31
2036 60.31
2024 404.127
1935 399.127
1852 395.127
1761 391.127
2027 416.127
2017 376.127
2016 372.127
2019 384.127
2018 380.127
2021 392.127
1932 387.127
1849 383.127
2020 388.127
1931 383.127
1848 379.127
2023 400.127
1934 395.127
1851 391.127
2022 396.127
1933 391.127
2073 240.127
2072 236.127
2075 248.127
2074 244.127
2077 256.127
2076 252.127
2079 264.127
2078 260.127
2065 208.127
2064 204.127
2067 216.127
2066 212.127
2069 224.127
2068 220.127
2071 232.127
2070 228.127
2057 177.895
2056 173.895
2055 169.895
2054 165.895
2059 185.895
2058 181.895
2060 188.839
2063 200.127
2062 196.127
2105 368.127
2104 364.127
2107 376.127
2106 372.127
2109 384.127
2108 380.127
2110 388.127
2097 336.127
2096 332.127
2095 328.127
2099 344.127
2098 340.127
2101 352.127
2100 348.127
2103 360.127
2102 356.127
2091 312.127
2093 320.127
2092 316.127
2094 324.127
2080 268.127
2083 280.127
2082 276.127
2085 288.127
2084 284.127
2086 292.127
1995 288.127
2143 165.895
2129 59
2128 64.31
2133 64
2132 60
2135 72.689
2134 68
2125 74.247
2126 72.31
2113 400.127
2112 396.127
2169 268.127
2168 264.127
2167 260.127
2170 272.127
2161 236.127
2160 232.127
2163 244.127
2162 240.127
2165 252.127
2164 248.127
2166 256.127
2153 204.127
2152 200.127
2155 212.127
2154 208.127
2159 228.127
2158 224.127
2145 173.895
2144 169.895
2147 181.895
2146 177.895
2148 185.895
2150 192.839
2201 396.127
2111 392.127
2193 364.127
2192 360.127
2191 356.127
2190 352.127
2189 348.127
2188 344.127
2195 372.127
2194 368.127
2197 380.127
2196 376.127
2199 388.127
2198 384.127
2185 332.127
2184 328.127
2183 324.127
2182 320.127
2187 340.127
2186 336.127
2176 296.127
2233 185.895
2232 181.895
2235 193.895
2234 189.895
2236 196.839
2239 208.127
2238 204.127
2225 72
2224 68
2223 64
2229 169.895
2231 177.895
2230 173.895
2217 76.31
2216 78.247
2219 63
2221 63
2266 316.127
2269 328.127
2268 324.127
2271 336.127
2270 332.127
2257 280.127
2256 276.127
2255 272.127
2254 268.127
2253 264.127
2259 288.127
2258 284.127
2260 292.127
2249 248.127
2248 244.127
2247 240.127
2251 256.127
2250 252.127
2252 260.127
2243 224.127
2242 220.127
2241 216.127
2245 232.127
2244 228.127
2246 236.127
2281 376.127
2280 372.127
2283 384.127
2282 380.127
2285 392.127
2284 388.127
2286 396.127
2273 344.127
2272 340.127
2275 352.127
2274 348.127
2277 360.127
2276 356.127
2279 368.127
2278 364.127
2331 229.127
2330 225.127
2333 237.127
2332 233.127
2335 245.127
2334 241.127
2321 190.895
2320 186.895
2323 198.895
2322 194.895
2324 201.839
2312 73
2317 174.895
2316 170.895
2319 182.895
2318 178.895
2304 80.31
2306 71
2308 67
2311 69
2310 68
2361 349.127
2360 345.127
2363 357.127
2362 353.127
2365 365.127
2364 361.127
2367 373.127
2366 369.127
2353 317.127
2265 312.127
2352 313.127
2264 308.127
2263 304.127
2262 300.127
2354 321.127
2357 333.127
2356 329.127
2359 341.127
2358 337.127
2345 285.127
2344 281.127
2347 293.127
2346 289.127
2348 297.127
2337 253.127
2336 249.127
2339 261.127
2338 257.127
2341 269.127
2340 265.127
2343 277.127
2342 273.127
2393 98.248
2479 91.248
2396 71
2399 72
2398 71
2387 453.127
2299 448.127
2298 444.127
2297 440.127
2296 436.127
2295 432.127
2294 428.127
2293 424.127
2292 420.127
2206 416.127
2205 412.127
2115 408.127
2369 381.127
2368 377.127
2371 389.127
2370 385.127
2373 397.127
2372 393.127
2375 405.127
2287 400.127
2374 401.127
2425 265.127
2424 261.127
2423 257.127
2427 273.127
2426 269.127
2429 281.127
2428 277.127
2431 289.127
2430 285.127
2419 241.127
2418 237.127
2417 233.127
2416 229.127
2415 225.127
2329 221.127
2421 249.127
2420 245.127
2422 253.127
2409 202.895
2408 198.895
2403 178.895
2402 174.895
2405 186.895
2404 182.895
2407 194.895
2406 190.895
2457 393.127
2456 389.127
2455 385.127
2459 401.127
2458 397.127
2460 405.127
2449 361.127
2448 357.127
2451 369.127
2450 365.127
2453 377.127
2452 373.127
2454 381.127
2440 325.127
2445 345.127
2447 353.127
2446 349.127
2433 297.127
2432 293.127
2489 186.895
2488 182.895
2490 190.895
2493 202.895
2492 198.895
2491 194.895
2495 209.839
2410 205.839
2480 79
2482 75
2485 75
2484 75
2487 178.895
2523 321.127
2438 317.127
2525 329.127
2524 325.127
2439 321.127
2526 333.127
2513 281.127
2512 277.127
2515 289.127
2514 285.127
2517 297.127
2516 293.127
2519 305.127
2518 301.127
2505 249.127
2504 245.127
2507 257.127
2506 253.127
2509 265.127
2508 261.127
2511 273.127
2510 269.127
2498 221.127
2413 217.127
2412 213.127
2503 241.127
2502 237.127
2544 405.127
2543 401.127
2537 377.127
2536 373.127
2535 369.127
2534 365.127
2533 361.127
2532 357.127
2531 353.127
2530 349.127
2539 385.127
2538 381.127
2541 393.127
2540 389.127
2542 397.127
2528 341.127
2585 230.127
2499 225.127
2587 238.127
2501 233.127
2586 234.127
2500 229.127
2589 246.127
2588 242.127
2591 254.127
2590 250.127
2583 222.127
2497 217.127
2569 79
2568 79
2570 80
2573 183.895
2575 191.895
2574 187.895
2564 83
2566 79
2617 358.127
2616 354.127
2619 366.127
2618 362.127
2621 374.127
2620 370.127
2623 382.127
2622 378.127
2609 326.127
2612 338.127
2614 346.127
2601 294.127
2600 290.127
2603 302.127
2602 298.127
2605 310.127
2604 306.127
2593 262.127
2592 258.127
2595 270.127
2594 266.127
2597 278.127
2596 274.127
2599 286.127
2598 282.127
2649 107.843
2651 87
2650 111.843
2653 83
2654 83
2625 390.127
2624 386.127
2627 398.127
2626 394.127
2629 406.127
2628 402.127
2630 410.127
2681 270.127
2680 266.127
2679 262.127
2683 278.127
2682 274.127
2685 286.127
2684 282.127
2687 294.127
2686 290.127
2673 238.127
2672 234.127
2675 246.127
2674 242.127
2677 254.127
2676 250.127
2678 258.127
2671 230.127
2670 226.127
2657 83
2656 83
2661 191.895
2660 187.895
2662 195.895
2713 414.127
2712 410.127
2705 382.127
2704 378.127
2703 374.127
2702 370.127
2701 366.127
2707 390.127
2706 386.127
2709 398.127
2708 394.127
2711 406.127
2710 402.127
2699 358.127
2700 362.127
2689 302.127
2688 298.127
2691 310.127
2690 306.127
2692 314.127
2694 322.127
2745 87
2747 190.895
2746 87
2749 191.895
2751 199.895
2750 195.895
2741 87
2743 87
2742 87
2733 107.843
2777 302.127
2776 298.127
2779 310.127
2778 306.127
2781 318.127
2780 314.127
2769 270.127
2768 266.127
2771 278.127
2770 274.127
2773 286.127
2772 282.127
2775 294.127
2774 290.127
2761 238.127
2763 246.127
2762 242.127
2765 254.127
2764 250.127
2767 262.127
2766 258.127
2793 394.127
2792 390.127
2795 402.127
2794 398.127
2797 410.127
2796 406.127
2799 418.127
2798 414.127
2785 362.127
2784 358.127
2787 370.127
2786 366.127
2789 378.127
2788 374.127
2791 386.127
2790 382.127
2840 204.895
2845 224.895
2756 219.895
2667 215.895
2666 211.895
2665 207.895
2578 203.895
2835 194.895
2837 195.895
2839 200.895
2838 196.895
2827 95
2829 91
2831 91
2830 91
2822 116.843
2873 363.127
2872 362.127
2875 371.127
2874 367.127
2877 379.127
2876 375.127
2879 387.127
2878 383.127
2865 303.127
2864 299.127
2867 311.127
2866 307.127
2869 319.127
2868 315.127
2871 327.127
2870 323.127
2857 271.127
2856 267.127
2859 279.127
2858 275.127
2861 287.127
2860 283.127
2863 295.127
2862 291.127
2850 243.127
2855 263.127
2854 259.127
2909 123.843
2910 119.843
2911 115.843
2912 111.843
2819 107.843
2888 423.127
2881 395.127
2880 391.127
2883 403.127
2882 399.127
2885 411.127
2884 407.127
2887 419.127
2886 415.127
2928 95
2930 95
2933 203.895
2834 196.895
2932 207.895
2935 198.895
2921 113.457
2922 109.457
2924 99
2927 95
2926 95
2915 120.843
2914 116.843
2821 112.843
2969 319.127
2968 315.127
2971 327.127
2970 323.127
2973 366.127
2972 366.126
10101 361.239
2975 371.127
2974 367.127
2961 287.127
2960 283.127
2963 295.127
2962 291.127
2965 303.127
2964 299.127
2967 311.127
2966 307.127
2952 251.127
2851 247.127
2955 263.127
2957 271.127
2956 267.127
2959 279.127
2958 275.127
2946 228.895
2945 224.895
2844 220.895
2755 215.895
2985 411.127
2984 407.127
2987 419.127
2986 415.127
2989 427.127
2988 423.127
2977 379.127
2976 375.127
2979 387.127
2978 383.127
2981 395.127
2980 391.127
2983 403.127
2982 399.127
3033 99
3032 99
3035 211.895
3036 207.895
3034 215.895
2931 211.895
3039 202.895
2936 198.895
3024 110.44
3026 103
3028 99
3017 124.843
3016 120.843
3019 130.44
3020 126.44
3021 122.44
3022 118.44
3023 114.44
3018 128.843
3013 126.843
3012 130.843
3014 115.843
3065 326.127
3064 322.127
3063 318.127
3062 314.127
3061 310.127
3060 306.127
3059 302.127
3058 298.127
3057 294.127
3056 290.127
3055 286.127
3054 282.127
3053 278.127
3052 274.127
3051 270.127
3050 266.127
3049 262.127
3048 258.127
3047 254.127
3067 370.126
3066 369.127
3069 371.127
3068 370.127
3071 379.127
3070 375.127
3040 202.895
3081 419.127
3080 415.127
3079 411.127
3078 407.127
3077 403.127
3076 399.127
3075 395.127
3074 391.127
3083 427.127
3082 423.127
3084 431.127
3073 387.127
3072 383.127
3121 103
3120 103
3127 208.895
3037 204.895
2934 200.895
3113 125
3114 121
3115 117
3116 113
3112 129
3118 107
3109 124.843
3111 132.843
3110 128.843
3161 374.126
3160 370.127
3163 375.127
3162 374.127
3165 383.127
3164 379.127
3167 391.127
3166 387.127
3152 310.127
3151 306.127
3155 322.127
3154 318.127
3156 326.127
3145 282.127
3144 278.127
3147 290.127
3146 286.127
3149 298.127
3148 294.127
3150 302.127
3141 266.127
3140 262.127
3139 258.127
3143 274.127
3142 270.127
3177 431.127
3176 427.127
3178 435.127
3169 399.127
3168 395.127
3171 407.127
3170 403.127
3173 415.127
3172 411.127
3175 423.127
3174 419.127
3231 267.127
3219 212.895
3218 215.895
3126 211.895
3220 210.895
3128 206.895
3038 202.895
3209 121
3208 125
3212 111
3203 125.843
3205 133.843
3204 129.843
3207 129
3206 133
3257 380.127
3256 379.127
3259 388.127
3258 384.127
3261 396.127
3260 392.127
3263 404.127
3262 400.127
3251 360.127
3250 356.127
3253 368.127
3252 364.127
3255 376.127
3254 372.127
3241 307.127
3240 303.127
3245 323.127
3244 319.127
3153 314.127
3246 327.127
3233 275.127
3232 271.127
3239 299.127
3238 295.127
3272 440.127
3275 452.127
3181 447.127
3180 443.127
3086 439.127
2991 435.127
2890 431.127
2801 426.127
2715 422.127
2632 418.127
2546 413.127
2545 409.127
3265 412.127
3264 408.127
3267 420.127
3266 416.127
3269 428.127
3268 424.127
3271 436.127
3270 432.127
3304 125
3307 115
3306 117
3298 132.843
3300 129.843
3303 129
3353 392.127
3352 388.127
3351 384.127
3355 400.127
3354 396.127
3357 408.127
3356 404.127
3359 416.127
3358 412.127
3345 361.127
3344 357.127
3343 353.127
3342 349.127
3341 345.127
3346 365.127
3349 377.127
3348 373.127
3347 369.127
3350 381.127
3361 424.127
3360 420.127
3363 432.127
3362 428.127
3365 440.127
3364 436.127
3417 310.127
3416 306.127
3419 318.127
3418 314.127
3421 326.127
3420 322.127
3422 330.127
3408 218.895
3318 214.895
3401 121
3402 119
3404 115
3399 129
3449 438.127
3448 434.127
3447 430.127
3446 426.127
3445 422.127
3450 442.127
3453 454.127
3452 450.127
3451 446.127
3481 137.843
3394 132.843
3485 133
3487 123
3477 142.842
3513 355.127
3512 351.127
3515 363.127
3514 359.127
3517 371.127
3516 367.127
3519 379.127
3518 375.127
3505 323.127
3504 319.127
3507 331.127
3506 327.127
3509 339.127
3508 335.127
3510 343.127
3503 315.127
3502 311.127
3492 124
3529 419.127
3528 415.127
3531 427.127
3533 435.127
3532 431.127
3535 443.127
3534 439.127
3521 387.127
3520 383.127
3523 395.127
3522 391.127
3525 403.127
3524 399.127
3527 411.127
3526 407.127
3579 225.025
3581 225.025
3561 545.127
3475 540.127
3390 535.127
3296 530.127
3202 525.127
3564 142.843
3482 138.843
3395 133.843
3609 399.127
3608 395.127
3611 407.127
3610 403.127
3613 415.127
3612 411.127
3615 423.127
3614 419.127
3601 367.127
3600 363.127
3599 359.127
3603 375.127
3602 371.127
3605 383.127
3604 379.127
3607 391.127
3606 387.127
3593 335.127
3592 331.127
3591 327.127
3590 323.127
3595 343.127
3594 339.127
3597 351.127
3596 347.127
3598 355.127
3589 319.127
3588 315.127
3624 459.127
3623 455.127
3537 451.127
3620 443.127
3673 323.127
3672 319.127
3675 331.127
3674 327.127
3677 339.127
3676 335.127
3679 347.127
3678 343.127
3651 137
3705 451.127
3707 459.127
3706 455.127
3697 419.127
3696 415.127
3699 427.127
3698 423.127
3701 435.127
3700 431.127
3702 439.127
3689 387.127
3688 383.127
3691 395.127
3690 391.127
3693 403.127
3692 399.127
3695 411.127
3694 407.127
3681 355.127
3680 351.127
3683 363.127
3682 359.127
3685 371.127
3684 367.127
3687 379.127
3686 375.127
3742 137
3659 132
3573 128
3730 149.843
3648 145.843
3563 141.843
3733 141
3734 141
3652 137
3769 360.127
3768 356.127
3771 368.127
3770 364.127
3773 376.127
3772 372.127
3775 384.127
3774 380.127
3761 328.127
3760 324.127
3763 336.127
3762 332.127
3765 344.127
3764 340.127
3767 352.127
3766 348.127
3753 234.895
3667 230.895
3583 226.895
3498 222.895
3410 218.895
3752 234.895
3666 230.895
3746 217
3748 213
3751 234.895
3793 456.127
3795 464.127
3796 468.127
3708 463.127
3785 424.127
3784 420.127
3787 432.127
3786 428.127
3789 440.127
3788 436.127
3791 448.127
3790 444.127
3777 392.127
3776 388.127
3779 400.127
3778 396.127
3781 408.127
3780 404.127
3783 416.127
3782 412.127
3833 157
3832 153
3831 149
3744 145
3661 140
3660 136
3835 209
3925 205
3834 161
3837 209
3838 240.895
3825 135
3829 141.32
3821 139
3865 396.127
3864 392.127
3863 388.127
3867 404.127
3866 400.127
3869 412.127
3868 408.127
3871 420.127
3870 416.127
3857 364.127
3856 360.127
3859 372.127
3858 368.127
3861 380.127
3860 376.127
3862 384.127
3849 332.127
3848 328.127
3851 340.127
3850 336.127
3853 348.127
3852 344.127
3855 356.127
3854 352.127
3841 238.895
3840 238.895
3889 492.127
3801 488.127
3713 483.127
3629 479.127
3543 475.127
3457 470.127
3456 466.127
3455 462.127
3454 458.127
3881 460.127
3883 468.127
3882 464.127
3794 460.127
3885 476.127
3797 472.127
3709 467.127
3884 472.127
3887 484.127
3886 480.127
3798 476.127
3710 471.127
3626 467.127
3625 463.127
3539 459.127
3873 428.127
3872 424.127
3875 436.127
3874 432.127
3877 444.127
3876 440.127
3879 452.127
3878 448.127
3929 242.895
3930 242.895
3932 329.514
3921 157
3920 153
3923 165
3922 161
3924 206
4013 202
3907 149
3909 143
3961 428.127
3960 424.127
3959 420.127
3963 436.127
3962 432.127
3965 444.127
3964 440.127
3967 452.127
3966 448.127
3953 396.127
3952 392.127
3951 388.127
3950 384.127
3949 380.127
3948 376.127
3955 404.127
3954 400.127
3957 412.127
3956 408.127
3958 416.127
3945 364.127
3944 360.127
3943 356.127
3947 372.127
3946 368.127
3977 492.127
3976 488.127
3975 484.127
3979 500.127
3890 496.127
3802 492.127
3714 487.127
3978 496.127
3968 456.127
3971 468.127
3973 476.127
3972 472.127
3974 480.127
4024 330.127
3934 326.127
4031 352.127
4030 348.127
3940 344.127
3939 340.127
4017 246.895
4019 246.895
3931 242.895
3842 238.895
4018 246.895
4023 330.127
4011 165
4010 161
4001 143
3913 139
4000 143
3912 139
3823 135
4003 143
4006 148
3917 144
4057 456.127
4056 452.127
4059 464.127
4058 460.127
4063 480.127
4049 424.127
4048 420.127
4051 432.127
4050 428.127
4053 440.127
4052 436.127
4055 448.127
4054 444.127
4041 392.127
4040 388.127
4043 400.127
4042 396.127
4045 408.127
4044 404.127
4047 416.127
4046 412.127
4033 360.127
4032 356.127
4034 364.127
4037 376.127
4036 372.127
4035 368.127
4039 384.127
4038 380.127
4065 488.127
4064 484.127
4067 496.127
4066 492.127
4069 504.127
4068 500.127
4071 512.127
3981 508.127
3892 504.127
3804 500.127
3716 495.127
3715 491.127
4070 508.127
4121 357.127
4123 365.127
4122 361.127
4112 334.127
4105 250.895
4106 250.895
4108 250.895
4111 334.127
4022 330.127
3933 326.127
4097 165
4096 153
4101 201
4153 485.127
4155 493.127
4154 489.127
4157 501.127
4156 497.127
4159 509.127
4158 505.127
4145 453.127
4144 449.127
4149 469.127
4148 465.127
4151 477.127
4150 473.127
4137 421.127
4136 417.127
4139 429.127
4138 425.127
4141 437.127
4140 433.127
4143 445.127
4142 441.127
4131 397.127
4130 393.127
4133 405.127
4132 401.127
4135 413.127
4134 409.127
4184 152
4094 148
4177 151
4173 161
4084 157
3995 153
3906 149
3820 145
4172 161
4083 157
3994 153
4175 155
4161 517.127
4160 513.127
4162 521.127
4072 516.127
3982 512.127
3893 508.127
3805 504.127
3717 499.127
3633 495.127
3547 491.127
3461 486.127
3460 482.127
3459 478.127
3458 474.127
4216 369.127
4215 365.127
4214 361.127
4213 357.127
4120 353.127
4203 338.127
4195 256.895
4196 254.895
4198 254.895
4249 501.127
4248 497.127
4251 509.127
4250 505.127
4253 517.127
4252 513.127
4255 525.127
4254 521.127
4241 469.127
4243 477.127
4242 473.127
4244 481.127
4247 493.127
4246 489.127
4233 437.127
4232 433.127
4231 429.127
4235 445.127
4234 441.127
4237 453.127
4236 449.127
4224 401.127
4227 413.127
4226 409.127
4225 405.127
4229 421.127
4228 417.127
4230 425.127
4281 169
4280 165
4279 161
4283 177
4282 173
4273 155
4275 155
4182 151
4092 147
4274 155
4181 151
4277 156
4278 157
4265 165
4264 169
4266 165
4256 529.127
4163 525.127
4073 520.127
4263 173
4262 553.127
4169 549.127
4079 544.127
4078 540.127
4077 536.127
3987 532.127
3898 528.127
3810 524.127
3722 519.127
3721 515.127
3637 511.127
3551 507.127
3465 502.127
3464 498.127
3463 494.127
3462 490.127
4317 409.127
4316 405.127
4319 417.127
4318 413.127
4305 361.127
4304 357.127
4303 353.127
4302 349.127
4289 258.895
4290 258.895
4295 342.127
4204 338.127
4294 342.127
4345 521.127
4344 517.127
4343 513.127
4342 509.127
4341 505.127
4347 529.127
4346 525.127
4348 533.127
4336 485.127
4335 481.127
4334 477.127
4333 473.127
4339 497.127
4338 493.127
4340 501.127
4329 457.127
4328 453.127
4327 449.127
4326 445.127
4325 441.127
4324 437.127
4320 421.127
4323 433.127
4322 429.127
4321 425.127
4377 194
4376 190
4285 185
4284 181
4371 170
4373 178
4372 174
4375 186
4374 182
4361 159
4271 155
4179 151
4090 147
4360 159
4270 155
4363 159
4365 159
4364 159
4355 171
4354 175
4357 163
4409 414.127
4408 410.127
4411 422.127
4410 418.127
4413 430.127
4412 426.127
4415 438.127
4414 434.127
4395 358.127
4394 354.127
4387 346.127
4296 342.127
4205 338.127
4388 346.127
4297 342.127
4206 338.127
4113 334.127
4441 542.127
4349 537.127
4440 538.127
4442 546.127
4350 541.127
4258 537.127
4257 533.127
4445 175
4444 554.127
4352 549.127
4351 545.127
4447 163
4433 510.127
4432 506.127
4435 518.127
4434 514.127
4437 526.127
4436 522.127
4438 530.127
4431 502.127
4430 498.127
4417 446.127
4416 442.127
4419 454.127
4418 450.127
4421 462.127
4420 458.127
4465 194
4464 190
4459 170
4370 166
4461 178
4463 186
4462 182
4449 163
4448 163
4450 163
4453 163
4452 163
4505 446.127
4504 442.127
4503 438.127
4507 454.127
4506 450.127
4508 458.127
4497 414.127
4496 410.127
4407 406.127
4315 401.127
4314 397.127
4222 393.127
4129 389.127
4499 422.127
4498 418.127
4501 430.127
4500 426.127
4502 434.127
4488 378.127
4399 374.127
4307 369.127
4485 366.127
4484 362.127
4487 374.127
4486 370.127
4537 167
4536 167
4539 167
4540 167
4529 542.127
4528 538.127
4527 534.127
4531 550.127
4530 546.127
4533 179
4532 554.127
4443 550.127
4534 183
4521 510.127
4520 506.127
4519 502.127
4523 518.127
4522 514.127
4525 526.127
4524 522.127
4526 530.127
4571 366.127
4570 362.127
4483 358.127
4573 374.127
4572 370.127
4575 382.127
4574 378.127
4553 198
4552 194
4554 202
4546 170
4458 166
4369 162
4549 182
4548 178
4547 174
4551 190
4550 186
4593 454.127
4592 450.127
4591 446.127
4590 442.127
4589 438.127
4588 434.127
4587 430.127
4595 462.127
4594 458.127
4596 466.127
4576 386.127
4489 382.127
4400 378.127
4308 373.127
4633 178
4632 174
4635 186
4634 182
4639 202
4638 198
4625 171
4624 171
4617 550.127
4619 183
4618 554.127
4621 171
4622 171
4609 518.127
4608 514.127
4611 526.127
4610 522.127
4613 534.127
4612 530.127
4615 542.127
4614 538.127
4657 370.127
4659 378.127
4658 374.127
4660 382.127
4642 213
4697 530.127
4696 526.127
4695 522.127
4699 538.127
4698 534.127
4701 546.127
4700 542.127
4702 550.127
4681 466.127
4680 462.127
4679 458.127
4678 454.127
4677 450.127
4676 446.127
4683 474.127
4682 470.127
4684 478.127
4674 438.127
4673 434.127
4672 430.127
4671 426.127
4585 422.127
4584 418.127
4583 414.127
4730 241.036
4721 203
4720 199
4637 194
4636 190
4722 207
4725 218
4724 215
4641 210
4640 206
4713 177
4630 172
4544 168
4456 164
4367 160
4715 179
4714 178
4631 173
4545 169
4457 165
4368 161
4717 187
4716 183
4718 191
4704 175
4707 175
4706 175
4763 443.127
4765 451.127
4767 459.127
4766 455.127
4747 379.127
4746 375.127
4749 387.127
4748 383.127
4750 391.127
4661 386.127
4793 179
4794 179
4785 531.127
4787 539.127
4786 535.127
4789 547.127
4788 543.127
4791 555.127
4790 551.127
4769 467.127
4768 463.127
4771 475.127
4772 479.127
4817 237
4816 233
4815 229
4818 241
4809 207
4808 203
4807 199
4806 195
4805 191
4804 187
4811 215
4810 211
4813 222
4812 219
4801 181
4803 183
4802 182
4860 487.127
4859 483.127
4863 499.127
4862 495.127
4775 491.127
4686 486.127
4600 482.127
4599 478.127
4598 474.127
4511 470.127
4422 466.127
4330 461.127
4853 459.127
4852 455.127
4851 451.127
4764 447.127
4675 442.127
4855 467.127
4854 463.127
4843 419.127
4842 415.127
4755 411.127
4666 406.127
4580 402.127
4493 398.127
4404 394.127
4312 389.127
4220 385.127
4127 381.127
4835 387.127
4839 403.127
4752 399.127
4663 394.127
4662 390.127
4889 187
4888 186
4891 195
4890 191
4893 203
4892 199
4895 211
4894 207
4881 183
4882 183
4887 185
4873 539.127
4872 535.127
4875 547.127
4874 543.127
4877 555.127
4876 551.127
4879 183
4878 183
4865 507.127
4778 503.127
4689 498.127
4603 494.127
4516 490.127
4427 486.127
4864 503.127
4777 499.127
4688 494.127
4687 490.127
4601 486.127
4514 482.127
4425 478.127
4918 383.127
4917 379.127
4832 375.127
4897 219
4896 215
4899 226
4898 223
4901 233
4903 241
4902 237
4957 539.127
4959 547.127
4958 543.127
4945 491.127
4947 499.127
4946 495.127
4861 491.127
4774 487.127
4685 482.127
4949 507.127
4948 503.127
4950 511.127
4937 459.127
4936 455.127
4939 467.127
4938 463.127
4940 471.127
4942 479.127
4941 475.127
4984 231
4986 238
4977 204
4979 212
4978 208
4981 220
4980 216
4983 228
4982 224
4968 187
4884 183
4798 179
4973 191
4972 190
4974 192
4961 555.127
4960 551.127
4963 187
4965 187
4966 187
5020 460.127
5022 468.127
5011 424.127
4927 419.127
5015 440.127
4931 435.127
4930 431.127
4929 427.127
4844 423.127
4757 419.127
4668 414.127
4582 410.127
4581 406.127
4494 402.127
5050 191
5052 191
5041 544.127
5043 552.127
5042 548.127
5044 556.127
5047 191
5046 191
5033 512.127
5032 508.127
5027 488.127
4943 483.127
5026 484.127
5031 504.127
5030 500.127
5065 224
5064 220
5063 216
5062 212
5061 208
5057 195
5056 194
5059 200
5058 196
5060 204
4976 200
5113 508.127
5112 504.127
5101 460.127
5100 456.127
5018 452.127
4934 447.127
4933 443.127
4848 439.127
4761 435.127
5102 464.127
5093 428.127
5092 424.127
5010 420.127
4926 415.127
4841 411.127
4754 407.127
4665 402.127
4664 398.127
5094 432.127
5012 428.127
4928 423.127
5145 220
5144 216
5136 196
5054 192
4970 188
5139 199
5138 198
5141 204
5140 200
5143 212
5142 208
5129 195
5128 195
5131 195
5049 191
5132 195
5123 548.127
5125 556.127
5124 552.127
5126 560.127
5176 444.127
5175 440.127
5174 436.127
5208 199
5211 199
5213 199
5134 195
5203 552.127
5205 560.127
5204 556.127
5207 199
5193 512.127
5192 508.127
5191 504.127
5111 500.127
5029 496.127
5194 516.127
5114 512.127
5224 221
5216 201
5219 204
5218 203
5221 209
5220 205
5223 217
5222 213
5275 513.127
5274 509.127
5276 517.127
5304 205
5307 208
5306 207
5309 213
5308 209
5311 221
5310 217
5296 203
5301 203
5303 204
5215 200
5295 203
5287 561.127
5361 509.127
5273 505.127
5190 500.127
5189 496.127
5109 492.127
5401 217
5400 213
5402 221
5393 207
5395 208
5396 209
5399 212
5398 211
5465 561.127
5489 215
5491 217
5490 216
5493 225
5492 221
5483 211
5484 211
5487 213
5486 212
5472 218
5566 215
5481 211
5390 207
5298 203
5210 199
5554 234
5469 230
5470 226
5585 258
5661 254
5584 250
5498 245
5497 241
5406 237
5314 233
5226 229
5146 224
5577 222
5576 221
5579 230
5580 234
5494 229
5403 225
5569 215
5568 215
5571 216
5573 218
5572 217
5575 220
5626 562.127
5549 557.127
5463 553.127
5371 549.127
5370 545.127
5282 541.127
5199 536.127
5198 532.127
5197 528.127
5196 524.127
5116 520.127
5034 516.127
5657 238
5656 234
5655 230
5654 226
5659 246
5658 242
5581 238
5495 233
5404 229
5660 250
5662 258
5649 221
5648 220
5650 222
5652 224
5643 219
5645 219
5646 219
5695 522.127
5615 518.127
5538 513.127
5537 509.127
5536 505.127
5535 501.127
5449 497.127
5448 493.127
5356 489.127
5355 485.127
5354 481.127
5266 477.127
5183 472.127
5103 468.127
5021 464.127
5725 223
5724 223
5726 223
5737 242
5736 238
5739 250
5738 246
5740 254
5729 225
5728 224
5730 226
5733 229
5653 225
5735 234
5734 230
5809 234
5808 233
5732 228
5811 239
5810 235
5813 247
5812 243
5815 255
5814 251
5801 227
5800 227
5803 228
5805 230
5804 229
5806 231
5799 227
5881 235
5880 234
5883 237
5885 239
5884 238
5887 247
5886 243
5872 231
5875 231
5874 231
5876 231
5879 233
5878 232
5864 231
5889 255
5888 251
5947 235
5949 235
5950 235
5961 251
5960 247
5959 243
5962 255
5953 237
5952 236
5955 239
5954 238
5957 241
5958 242
6001 531.956
6082 526.956
6083 522.956
6084 518.956
6160 514.956
6235 510.956
6310 505.956
6311 501.956
6312 497.956
6000 567.127
5999 563.127
5926 559.127
5852 555.127
5777 550.127
5701 546.127
5621 542.127
5544 537.127
5458 533.127
5366 529.127
5278 525.127
5195 520.127
6003 523.956
6002 527.956
6004 519.956
6085 514.956
6041 251
6040 247
6033 240
6035 242
6034 241
6036 243
6039 246
6038 245
6027 239
6029 239
6031 239
6030 239
6109 243
6111 243
6110 243
6081 530.956
6121 252
6120 251
6122 256
6113 244
6115 246
6114 245
6117 248
6116 247
6119 250
6161 510.956
6155 568.127
6079 563.127
6078 559.127
6077 555.127
5996 551.127
5923 547.127
5922 543.127
5848 539.127
5773 534.127
5772 530.127
5771 526.127
6157 526.956
6232 522.956
6307 517.956
6308 513.956
6309 509.956
6156 530.956
6231 526.956
6306 521.956
6159 518.956
6234 514.956
6158 522.956
6193 250
6192 249
6195 252
6194 251
6197 254
6198 255
6187 247
6186 247
6189 247
6188 247
6191 248
6233 518.956
6237 502.956
6236 506.956
6230 568.127
6229 564.127
6153 560.127
6264 251
6267 253
6266 252
6269 255
6268 254
6270 256
6261 251
6263 251
6262 251
6318 278
6319 274
6320 270
6305 525.956
6345 258
6344 257
6347 260
6346 259
6348 261
6351 264
6273 259
6339 255
6338 255
6341 255
6340 255
6343 256
6393 478.956
6394 474.956
6392 482.956
6385 510.956
6386 506.956
6387 502.956
6388 498.956
6389 494.956
6390 490.956
6391 486.956
6384 514.956
6381 526.956
6382 522.956
6383 518.956
6380 569.127
6303 564.127
6302 560.127
6227 556.127
6151 552.127
6075 547.127
5994 543.127
5921 539.127
5847 535.127
6425 263
6424 262
6426 264
6417 259
6416 259
6418 259
6420 259
6423 261
6422 260
6409 259
6330 255
6253 251
6179 247
6101 243
6021 239
5942 235
5867 231
5792 227
5717 223
6411 259
6332 255
6255 251
6181 247
6104 243
6024 239
5944 235
5869 231
5795 227
5720 223
5640 219
5563 215
5478 211
5388 207
6412 259
6333 255
6256 251
6182 247
6105 243
6025 239
5945 235
6415 259
6401 262
6323 258
6246 254
6459 523.956
6540 519.956
6620 514.956
6698 510.956
6699 506.956
6700 502.956
6776 498.956
6849 493.956
6850 489.956
6851 485.956
6852 481.956
6924 477.956
6925 473.956
6926 469.956
7002 465.956
7073 460.956
7074 456.956
7075 452.956
7076 448.956
7077 444.956
7078 440.956
7147 436.956
7212 432.956
7213 428.956
7214 424.956
7215 420.956
6458 527.956
6539 523.956
6619 518.956
6461 515.956
6542 511.956
6622 506.956
6460 519.956
6541 515.956
6621 510.956
6463 507.956
6544 503.956
6624 498.956
6625 494.956
6703 490.956
6704 486.956
6705 482.956
6781 478.956
6854 473.956
6462 511.956
6483 266
6473 467.956
6554 463.956
6634 458.956
6472 471.956
6553 467.956
6633 462.956
6477 454.956
6558 450.956
6638 445.956
6716 441.956
6792 437.956
6865 432.956
6937 428.956
7013 424.956
6476 455.956
6557 451.956
6478 453.956
6559 449.956
6639 444.956
6717 440.956
6793 436.956
6866 431.956
6938 427.956
6465 499.956
6546 495.956
6626 490.956
6627 486.956
6464 503.956
6545 499.956
6467 491.956
6548 487.956
6628 482.956
6629 478.956
6630 474.956
6631 470.956
6632 466.956
6466 495.956
6469 483.956
6550 479.956
6468 487.956
6471 475.956
6470 479.956
6551 475.956
6505 264
6507 266
6506 265
6508 267
6497 263
6499 263
6498 263
6500 263
6502 263
6552 471.956
6547 491.956
6549 483.956
6543 507.956
6623 502.956
6585 267
6503 263
6584 267
6501 263
6419 259
6586 267
6589 269
6588 268
6591 271
6590 270
6579 267
6581 267
6580 267
6583 267
6582 267
6575 267
6493 263
6410 259
6560 448.956
6640 443.956
6718 439.956
6565 270
6618 522.956
6696 518.956
6772 514.956
6845 509.956
6917 505.956
6993 501.956
7064 496.956
7133 492.956
7134 488.956
7135 484.956
7136 480.956
7137 476.956
7138 472.956
7203 468.956
7204 464.956
7205 460.956
7272 456.956
7340 451.956
7409 447.956
7410 443.956
6651 271
6572 267
6490 263
6407 259
6329 255
6252 251
6177 247
6099 243
6019 239
6644 274
6665 271
6664 271
6667 272
6659 271
6658 271
6661 271
6660 271
6663 271
6662 271
6714 446.956
6790 442.956
6863 437.956
6707 474.956
6708 470.956
6784 466.956
6857 461.956
6858 457.956
6930 453.956
7006 449.956
6706 478.956
6782 474.956
6855 469.956
6856 465.956
6709 466.956
6710 462.956
6786 458.956
6859 453.956
6860 449.956
6932 445.956
7008 441.956
7079 436.956
7080 432.956
7081 428.956
7150 424.956
6711 458.956
6697 514.956
6701 498.956
6702 494.956
6695 522.956
6771 518.956
6844 513.956
6916 509.956
6744 275
6746 276
6737 275
6736 275
6739 275
6738 275
6741 275
6740 275
6743 275
6742 275
6733 275
6654 271
6777 494.956
6779 486.956
6778 490.956
6780 482.956
6853 477.956
6783 470.956
6770 574.127
6694 570.127
6616 565.127
6536 561.127
6535 557.127
6453 553.127
6375 549.127
6298 544.127
6297 540.127
6296 536.127
6295 532.127
6294 528.127
6219 524.127
6143 520.127
6067 515.127
6066 511.127
5985 507.127
5912 503.127
5838 499.127
5763 494.127
5762 490.127
5761 486.127
5760 482.127
5684 478.127
5604 474.127
5527 469.127
5526 465.127
5525 461.127
5524 457.127
5523 453.127
5522 449.127
5521 445.127
5435 441.127
5434 437.127
5433 433.127
5432 429.127
5431 425.127
5430 421.127
5429 417.127
5337 413.127
5249 409.127
5166 404.127
5165 400.127
5164 396.127
5163 392.127
5083 388.127
5001 384.127
6773 510.956
6846 505.956
6847 501.956
6848 497.956
6920 493.956
6921 489.956
6997 485.956
7068 480.956
7069 476.956
6775 502.956
6774 506.956
6809 279
6734 275
6656 271
6577 267
6495 263
6413 259
6335 255
6258 251
6183 247
6811 279
6813 279
6812 279
6815 279
6814 279
6785 462.956
6787 454.956
6788 450.956
6861 445.956
6933 441.956
6843 517.956
6817 279
6816 279
6819 279
6818 279
6822 280
6879 283
6808 279
6732 275
6653 271
6574 267
6491 263
6408 259
6910 576.956
6889 283
6888 283
6890 283
6892 283
6880 283
6883 283
6882 283
6885 283
6884 283
6887 283
6886 283
6941 287
6929 457.956
6931 449.956
7007 445.956
6923 481.956
6999 477.956
7070 472.956
7071 468.956
7072 464.956
6922 485.956
6998 481.956
6927 465.956
7003 461.956
6915 513.956
6914 517.956
6990 513.956
7061 508.956
7130 504.956
7131 500.956
7132 496.956
6919 497.956
6918 501.956
6994 497.956
7065 492.956
6953 287
6954 287
6957 287
6956 287
6959 287
6958 287
6949 287
6878 283
6807 279
6951 287
6950 287
7001 469.956
7000 473.956
7005 453.956
7004 457.956
6992 505.956
7063 500.956
6995 493.956
7066 488.956
6996 489.956
7067 484.956
6985 541.956
7054 536.956
7055 532.956
7056 528.956
7057 524.956
7126 520.956
6984 545.956
7053 540.956
6987 533.956
6986 537.956
6989 517.956
7060 512.956
7129 508.956
6988 529.956
6991 509.956
7062 504.956
6977 573.956
7046 568.956
7115 564.956
7116 560.956
7117 556.956
7118 552.956
7119 548.956
6976 577.956
7045 572.956
7114 568.956
7179 564.956
7246 560.956
7314 555.956
7315 551.956
7384 547.956
7385 543.956
7451 539.956
7452 535.956
7453 531.956
7454 527.956
7455 523.956
7456 519.956
7457 515.956
7458 511.956
7459 507.956
7460 503.956
7461 499.956
7462 495.956
6979 565.956
7048 560.956
6978 569.956
7047 564.956
6981 557.956
7050 552.956
6980 561.956
7049 556.956
6983 549.956
7052 544.956
7033 291
7032 291
7034 291
6960 287
7025 291
7024 291
7026 291
7029 291
7028 291
7031 291
7030 291
6955 287
7017 291
7018 291
7023 291
7009 437.956
7010 433.956
7059 516.956
7128 512.956
7058 520.956
7127 516.956
7044 576.956
7097 295
7096 295
7099 295
7101 295
7100 295
7103 295
7102 295
7088 295
7095 295
7094 295
7085 298
7015 294
6939 290
6868 286
6797 282
6722 278
7087 295
7123 532.956
7125 524.956
7124 528.956
7113 572.956
7112 576.956
7177 572.956
7244 568.956
7312 563.956
7381 559.956
7447 555.956
7448 551.956
7449 547.956
7450 543.956
7105 295
7104 295
7163 299
7162 308
7161 304
7160 300
7165 299
7167 299
7166 299
7157 299
7158 299
7145 444.956
7146 440.956
7211 436.956
7144 448.956
7209 444.956
7276 440.956
7344 435.956
7413 431.956
7414 427.956
7415 423.956
7149 428.956
7148 432.956
7139 468.956
7141 460.956
7142 456.956
7207 452.956
7208 448.956
7140 464.956
7143 452.956
7193 508.956
7260 504.956
7195 500.956
7262 496.956
7330 491.956
7331 487.956
7332 483.956
7401 479.956
7402 475.956
7194 504.956
7261 500.956
7329 495.956
7197 492.956
7264 488.956
7196 496.956
7263 492.956
7199 484.956
7266 480.956
7334 475.956
7335 471.956
7336 467.956
7337 463.956
7338 459.956
7339 455.956
7408 451.956
7198 488.956
7185 540.956
7252 536.956
7320 531.956
7321 527.956
7390 523.956
7391 519.956
7392 515.956
7184 544.956
7251 540.956
7319 535.956
7186 536.956
7253 532.956
7176 299
7178 568.956
7181 556.956
7182 552.956
7249 548.956
7317 543.956
7318 539.956
7387 535.956
7180 560.956
7247 556.956
7183 548.956
7250 544.956
7168 299
7171 299
7170 299
7173 299
7175 299
7174 299
7227 308
7229 303
7228 307
7231 303
7219 306
7154 302
7221 303
7223 303
7210 440.956
7201 476.956
7202 472.956
7269 468.956
7200 480.956
7267 476.956
7206 456.956
7257 516.956
7325 511.956
7326 507.956
7395 503.956
7256 520.956
7324 515.956
7258 512.956
7248 552.956
7316 547.956
7241 303
7240 303
7243 572.956
7311 567.956
7242 303
7245 564.956
7313 559.956
7233 303
7232 303
7235 303
7234 303
7237 303
7238 303
7290 307
7293 308
7226 304
7292 307
7225 303
7295 307
7294 311
7281 420.956
7349 415.956
7418 411.956
7280 424.956
7348 419.956
7283 412.956
7351 407.956
7420 403.956
7282 416.956
7350 411.956
7287 307
7273 452.956
7341 447.956
7275 444.956
7343 439.956
7274 448.956
7342 443.956
7277 436.956
7345 431.956
7279 428.956
7347 423.956
7278 432.956
7346 427.956
7265 484.956
7333 479.956
7268 472.956
7271 460.956
7270 464.956
7323 519.956
7305 307
7239 303
7172 299
7304 307
7307 307
7306 307
7310 571.956
7296 307
7299 307
7298 307
7301 307
7300 307
7303 307
7353 403
7555 391
7356 311
7359 311
7376 311
7369 311
7368 311
7370 311
7373 311
7372 311
7361 311
7363 313
7362 312
7365 311
7367 311
7417 415.956
7416 419.956
7419 407.956
7422 317
7411 439.956
7412 435.956
7400 483.956
7403 471.956
7405 463.956
7404 467.956
7407 455.956
7406 459.956
7394 507.956
7396 499.956
7399 487.956
7398 491.956
7441 315
7442 315
7374 311
7433 315
7364 311
7432 315
7435 315
7437 315
7436 315
7439 315
7438 315
7424 315
7426 315
7431 316
7430 315
7513 559
7514 555
7515 551
7516 547
7517 543
7518 539
7519 535
7520 531
7521 527
7522 523
7523 519
7524 515
7525 511
7526 507
7527 503
7528 499
7529 495
7530 491
7531 487
7532 483
7533 479
7534 475
7535 471
7536 467
7537 463
7538 459
7539 455
7540 451
7541 447
7542 443
7543 439
7544 435
7545 431
7546 427
7547 423
7548 419
7549 415
7550 411
7551 407
7552 403
7553 399
7554 395
7505 319
7504 319
7507 319
7509 319
7443 315
7497 319
7499 319
7498 319
7501 319
7503 319
7502 319
7490 319
7492 319
7495 319
7579 323
7508 319
7580 323
7582 568
7583 564
7656 560
7657 556
7658 552
7659 548
7732 544
7806 539
7807 535
7569 323
7568 323
7570 323
7573 323
7572 323
7575 323
7574 323
7561 323
7563 323
7566 323
7559 325
7488 321
7609 460
7682 456
7683 452
7684 448
7757 444
7831 439
7832 435
7833 431
7608 464
7611 452
7610 456
7613 444
7686 440
7759 436
7612 448
7615 436
7688 432
7689 428
7690 424
7763 420
7837 415
7838 411
7614 440
7603 484
7676 480
7677 476
7678 472
7679 468
7680 464
7753 460
7827 455
7828 451
7605 476
7604 480
7607 468
7606 472
7592 528
7665 524
7666 520
7667 516
7668 512
7741 508
7815 503
7816 499
7640 327
7643 327
7642 327
7644 327
7647 327
7646 327
7635 327
7634 327
7637 327
7625 396
7698 392
7771 388
7845 383
7624 400
7697 396
7627 388
7628 384
7629 380
7630 376
7703 372
7626 392
7617 428
7616 432
7619 420
7692 416
7693 412
7694 408
7695 404
7696 400
7618 424
7621 412
7620 416
7623 404
7622 408
7648 327
7654 327.123
10081 323.087
7707 331
7706 331
7709 331
7711 331
7699 388
7700 384
7773 380
7847 375
7848 371
7849 367
7850 363
7701 380
7774 376
7702 376
7691 420
7764 416
7681 460
7754 456
7685 444
7758 440
7687 436
7760 432
7834 427
7835 423
7720 331
7713 331
7715 331
7717 331
7716 331
7719 331
7769 396
7843 391
7844 387
7768 400
7842 395
7770 392
7772 384
7846 379
7775 372
7761 428
7762 424
7836 419
7765 412
7839 407
7767 404
7841 399
7766 408
7840 403
7752 464
7826 459
7755 452
7829 447
7756 448
7830 443
7751 468
7825 463
7793 335
7792 335
7785 335
7784 335
7789 335
7788 335
7790 335
7776 368
7778 360
7780 335
7782 335
7865 339
7866 339
7871 339
7798 335
7724 331
7652 327
7578 323
7857 339
7858 339
7861 339
7863 339
7862 339
7853 339
7855 339
7931 343
7930 343
7933 343
7935 343
7936 343
7942 343
7869 339
7993 363
7992 367
7995 355
7985 395
7984 399
7987 387
7989 379
7990 375
7991 371
7988 383
7977 427
7976 431
7980 415
7983 403
7971 451
7972 447
7973 443
7975 435
7974 439
8013 348.51
7943 344.51
10089 340.861
8001 347
8004 347
8006 347
8049 391
8050 387
8051 383
8052 379
8053 375
8054 371
8041 423
8035 447
8036 443
8073 351
8011 347
8074 351
