 key  value
8122 471.968
8123 467.968
8124 463.968
8125 459.968
8066 455.968
8004 451.968
8005 447.968
8006 443.968
8007 439.968
8008 435.968
8009 431.968
8010 427.968
8011 423.968
7942 416.968
7869 412.968
7796 408.968
7723 404.968
7651 400.968
7578 396.968
7579 392.968
7580 388.968
7509 384.968
7443 380.968
7375 376.968
7306 372.968
7240 368.968
7174 364.968
7104 360.968
7033 356.968
6959 352.968
6889 348.968
6818 344.968
6743 340.968
6665 336.968
6586 332.968
6504 328.968
6422 324.968
6344 320.968
6267 316.968
6193 312.968
6116 308.968
6036 304.968
5956 300.968
5883 296.968
5809 292.968
5734 288.968
5655 284.968
5579 280.968
5494 276.968
5404 272.968
5313 268.968
5226 264.968
5147 260.968
5066 256.968
4983 252.968
4899 248.968
4814 244.968
4727 237.968
4728 233.968
4729 229.968
9898 225.451
4643 220
4557 216
4469 212
4380 208
4289 204
4196 200
4105 196
4016 192
3928 188
3839 184
3750 180
3665 176
3582 172
3497 168
3409 164
3319 160
3225 156
3133 152
3043 148
2940 144
2941 140
2942 136
2943 132
2944 128
2945 124
2845 120
2846 116
2847 112
2759 108
2760 104
2761 100
2762 96
2674 92
2588 88
2589 84
2590 80
2505 76
2421 72
2422 68
2337 64
2338 60
2251 56
2252 52
2253 48
2254 44
2169 40
2170 36
2081 32
1991 28
1903 24
1821 20
1731 16
1732 12
1733 8
1734 4
8127 451.968
8068 447.968
8126 455.968
8113 507.968
8054 503.968
7992 499.968
7993 495.968
7994 491.968
7995 487.968
7996 483.968
7997 479.968
7998 475.968
7999 471.968
8000 467.968
8001 463.968
8002 459.968
8003 455.968
8112 511.968
8115 499.968
8116 495.968
8117 491.968
8058 487.968
8059 483.968
8060 479.968
8114 503.968
8119 483.968
8120 479.968
8121 475.968
8118 487.968
8105 539.968
8046 535.968
8047 531.968
7985 527.968
7986 523.968
7987 519.968
7988 515.968
7989 511.968
7990 507.968
7991 503.968
8104 543.968
8045 539.968
8107 531.968
8048 527.968
8106 535.968
8109 523.968
8110 519.968
8111 515.968
8052 511.968
8053 507.968
8108 527.968
8049 523.968
8097 571.968
8098 567.968
8099 563.968
8100 559.968
8101 555.968
8042 551.968
8043 547.968
7981 543.968
7982 539.968
7983 535.968
7984 531.968
8096 575.968
8103 547.968
8044 543.968
8102 551.968
8155 571.968
8157 563.968
8156 567.968
8159 555.968
8160 551.968
8158 559.968
8136 647.968
8137 643.968
8138 639.968
8081 635.968
8022 631.968
8023 627.968
7961 623.968
7962 619.968
7963 615.968
7964 611.968
7965 607.968
7966 603.968
7967 599.968
7968 595.968
7969 591.968
7970 587.968
7971 583.968
7972 579.968
7973 575.968
7974 571.968
7975 567.968
7976 563.968
7977 559.968
7978 555.968
7979 551.968
7980 547.968
8128 447.968
8069 443.968
8185 451.968
8186 447.968
8187 443.968
8188 439.968
8189 435.968
8132 431.968
8073 427.968
8184 455.968
8177 483.968
8176 487.968
8179 475.968
8178 479.968
8181 467.968
8180 471.968
8183 459.968
8182 463.968
8169 515.968
8170 511.968
8168 519.968
8171 507.968
8172 503.968
8173 499.968
8175 491.968
8174 495.968
8161 547.968
8163 539.968
8164 535.968
8162 543.968
8165 531.968
8167 523.968
8166 527.968
8217 555.968
8216 559.968
8219 547.968
8220 543.968
8221 539.968
8222 535.968
8223 531.968
8224 527.968
8225 523.968
8226 519.968
8227 515.968
8218 551.968
8215 563.968
8214 567.968
8241 459.968
8242 455.968
8243 451.968
8240 463.968
8233 491.968
8232 495.968
8235 483.968
8234 487.968
8237 475.968
8236 479.968
8239 467.968
8238 471.968
8229 507.968
8228 511.968
8231 499.968
8230 503.968
8281 515.968
8282 511.968
8283 507.968
8280 519.968
8285 499.968
8284 503.968
8287 491.968
8286 495.968
8273 547.968
8272 551.968
8275 539.968
8274 543.968
8277 531.968
8278 527.968
8276 535.968
8279 523.968
91 218
112 214
113 210
114 206
115 202
116 198
117 194
118 190
135 178
154 171
183 167
221 163
267 158
318 154
374 150
436 145
500 141
571 137
643 132
713 128
714 124
791 120
876 115
954 111
1026 107
1027 103
1097 99
1170 94
1171 90
1172 86
1173 82
1257 78
1258 74
1342 70
1433 65
1530 61
1624 57
1722 52
1723 48
1724 44
1725 40
1726 36
1727 32
1728 28
1729 24
1730 20
8269 563.968
93 210
8268 567.968
92 214
8271 555.968
8270 559.968
8319 563.968
8320 559.968
8321 555.968
8322 551.968
8318 567.968
8298 447.968
8299 443.968
8246 439.968
125 218
126 214
127 210
128 206
129 202
130 198
131 194
132 190
133 186
134 182
8289 483.968
8288 487.968
8291 475.968
8292 471.968
8293 467.968
8294 463.968
8290 479.968
8344 463.968
8295 459.968
8296 455.968
8297 451.968
8349 449.802
9963 447.837
110 222
111 218
8337 491.968
8336 495.968
8339 483.968
8340 479.968
8341 475.968
8338 487.968
8343 467.968
8342 471.968
8329 523.968
8330 519.968
8328 527.968
8331 515.968
8332 511.968
8333 507.968
8335 499.968
8334 503.968
145 207
146 203
175 199
213 195
259 190
310 186
311 182
367 178
429 173
493 169
564 165
636 160
706 156
707 152
784 148
869 143
947 139
1019 135
1089 131
1162 126
1163 122
1247 118
1331 114
1422 109
1423 105
1424 101
1425 97
1426 93
1427 89
1524 85
1525 81
1526 77
1620 73
1718 68
1719 64
1720 60
1721 56
144 211
8323 547.968
8324 543.968
147 199
148 195
177 191
178 187
179 183
180 179
181 175
219 171
265 166
266 162
8325 539.968
8326 535.968
149 191
150 187
151 183
8327 531.968
8377 527.968
8378 523.968
8376 531.968
8379 519.968
8380 515.968
8381 511.968
8383 503.968
143 215
172 211
210 207
256 202
257 198
258 194
309 190
365 186
427 181
491 177
562 173
634 168
635 164
705 160
8382 507.968
8369 559.968
8368 563.968
8371 551.968
8372 547.968
8373 543.968
8374 539.968
8370 555.968
8375 535.968
176 195
173 207
211 203
174 203
8393 463.968
8394 459.968
8346 455.968
217 179
263 174
314 170
370 166
432 161
433 157
434 153
435 149
499 145
216 183
262 178
313 174
369 170
431 165
495 161
566 157
638 152
639 148
709 144
786 140
871 135
872 131
873 127
951 123
1023 119
1093 115
1166 110
1167 106
1168 102
1169 98
218 175
264 170
315 166
316 162
372 158
8385 495.968
8386 491.968
8387 487.968
8388 483.968
209 211
255 206
306 202
362 198
424 193
488 189
559 185
631 180
701 176
702 172
703 168
704 164
8384 499.968
8389 479.968
212 199
8391 471.968
215 187
261 182
312 178
368 174
430 169
8390 475.968
214 191
260 186
8441 471.968
8392 467.968
8440 475.968
8433 503.968
8434 499.968
8435 495.968
8436 491.968
8437 487.968
8438 483.968
8439 479.968
8432 507.968
8425 535.968
8426 531.968
8427 527.968
8424 539.968
8429 519.968
8428 523.968
8431 511.968
8430 515.968
254 210
305 206
361 202
423 197
487 193
8419 559.968
8418 563.968
8421 551.968
8422 547.968
8420 555.968
8423 543.968
8473 535.968
8472 539.968
8475 527.968
8474 531.968
8477 519.968
8478 515.968
8476 523.968
8479 511.968
8467 559.968
8466 563.968
8469 551.968
8470 547.968
8468 555.968
8471 543.968
8499 619.968
8500 615.968
8454 611.968
8407 607.968
8358 603.968
8310 599.968
8261 595.968
8262 591.968
8209 587.968
8210 583.968
8153 579.968
317 158
319 153
375 149
437 144
501 140
572 136
8481 503.968
8480 507.968
8483 495.968
8484 491.968
307 198
308 194
364 190
426 185
490 181
561 177
633 172
8482 499.968
8485 487.968
8487 479.968
8488 475.968
8486 483.968
299 249
355 245
416 240
478 236
479 232
480 228
550 221
622 216
623 212
624 208
625 204
626 200
627 196
628 192
698 188
699 184
700 180
8529 499.968
8528 503.968
8531 491.968
8532 487.968
8530 495.968
8533 483.968
8534 479.968
8521 531.968
8520 535.968
8523 523.968
8524 519.968
8522 527.968
8525 515.968
8527 507.968
8526 511.968
8515 555.968
8516 551.968
8514 559.968
8517 547.968
8519 539.968
8518 543.968
8569 519.968
8570 515.968
8571 511.968
8572 507.968
8568 523.968
8573 503.968
8575 495.968
8576 491.968
8577 487.968
8578 483.968
8579 479.968
8580 475.968
8536 471.968
8537 467.968
8491 463.968
8444 459.968
8395 455.968
8347 451.968
8574 499.968
8561 551.968
8562 547.968
8563 543.968
8564 539.968
8560 555.968
8565 535.968
8566 531.968
8567 527.968
371 162
373 154
360 206
422 201
363 194
425 189
8605 551.968
8604 555.968
8607 543.968
8608 539.968
8609 535.968
8610 531.968
8611 527.968
8606 547.968
366 182
428 177
492 173
563 169
353 253
414 248
415 244
8589 615.968
8546 611.968
8502 607.968
8503 603.968
8457 599.968
8410 595.968
8411 591.968
8412 587.968
8413 583.968
8364 579.968
8316 575.968
8267 571.968
413 252
8588 619.968
412 256
8590 611.968
8591 607.968
8592 603.968
8549 599.968
8550 595.968
8551 591.968
8507 587.968
8508 583.968
8509 579.968
8463 575.968
8416 571.968
8417 567.968
8632 611.968
8631 615.968
8630 619.968
8617 503.968
8616 507.968
8619 495.968
8618 499.968
8613 519.968
8614 515.968
8612 523.968
8615 511.968
8671 615.968
8670 619.968
8657 511.968
8656 515.968
8659 503.968
8658 507.968
8661 495.968
8620 491.968
421 205
485 201
556 197
8660 499.968
420 209
8649 543.968
473 256
474 252
475 248
476 244
477 240
8648 547.968
8651 535.968
8650 539.968
8653 527.968
8654 523.968
8652 531.968
8655 519.968
469 272
470 268
471 264
472 260
8647 551.968
8646 555.968
8697 511.968
8696 515.968
8699 503.968
8700 499.968
8698 507.968
8701 495.968
8702 491.968
8663 487.968
8622 483.968
8689 543.968
8691 535.968
8690 539.968
8693 527.968
8692 531.968
8695 519.968
8694 523.968
8686 555.968
8687 551.968
8688 547.968
497 153
568 149
640 144
710 140
787 136
8672 611.968
8633 607.968
496 157
567 153
498 149
8729 539.968
489 185
8728 543.968
8731 531.968
8732 527.968
8733 523.968
8734 519.968
8730 535.968
8735 515.968
483 209
554 205
484 205
8726 551.968
8727 547.968
486 197
537 273
609 268
610 264
611 260
612 256
613 252
614 248
615 244
616 240
617 236
618 232
619 228
620 224
621 220
539 265
538 269
541 257
540 261
543 249
542 253
8711 611.968
8712 607.968
8713 603.968
8675 599.968
8676 595.968
8637 591.968
8596 587.968
8553 583.968
8710 615.968
8763 551.968
8765 543.968
8764 547.968
8767 535.968
8766 539.968
8747 615.968
8748 611.968
8749 607.968
8750 603.968
8751 599.968
8715 595.968
8716 591.968
8717 587.968
8718 583.968
8719 579.968
8720 575.968
8682 571.968
8643 567.968
8602 563.968
8559 559.968
8746 619.968
570 141
642 136
8737 507.968
8738 503.968
8736 511.968
8739 499.968
8740 495.968
565 161
637 156
553 209
552 213
555 201
557 193
629 188
545 241
544 245
8787 615.968
8788 611.968
8789 607.968
8790 603.968
8791 599.968
8792 595.968
8753 591.968
547 233
8786 619.968
546 237
551 217
8776 499.968
8777 495.968
8741 491.968
8703 487.968
8664 483.968
8623 479.968
605 284
606 280
607 276
608 272
8780 498.331
9950 492.669
8704 487.968
8665 483.968
8769 527.968
8768 531.968
8771 519.968
8772 515.968
8773 511.968
8770 523.968
8775 503.968
8774 507.968
8827 615.968
8828 611.968
8816 499.968
8809 527.968
8808 531.968
8811 519.968
8812 515.968
8810 523.968
8813 511.968
8814 507.968
8815 503.968
8801 559.968
8802 555.968
8800 563.968
8803 551.968
8804 547.968
8805 543.968
8807 535.968
8806 539.968
8849 527.968
8850 523.968
8851 519.968
8848 531.968
8853 511.968
8852 515.968
8854 507.968
8841 559.968
8842 555.968
8843 551.968
8845 543.968
8846 539.968
8844 547.968
8847 535.968
8890 507.96
9969 504.03
8881 543.96
8882 539.96
8883 535.96
8884 531.96
8885 527.96
8886 523.96
8887 519.96
8888 515.96
8889 511.96
641 140
711 136
712 132
8880 547.96
8877 559.96
8878 555.96
8879 551.96
689 231
690 227
691 223
692 219
693 215
694 211
695 207
696 203
697 199
688 235
681 263
682 259
683 255
684 251
685 247
686 243
687 239
8920 527.96
680 267
8913 555.96
8914 551.96
8912 559.96
8915 547.96
675 287
676 283
677 279
678 275
679 271
8917 539.96
8916 543.96
8919 531.96
8918 535.96
8911 563.96
8910 567.96
8953 531.96
8954 527.96
8955 523.96
8956 519.96
8923 515.96
8924 511.96
8952 535.96
8945 563.96
8944 567.96
8947 555.96
8948 551.96
8949 547.96
8950 543.96
8946 559.96
708 148
8951 539.96
761 262
762 258
763 254
764 250
765 246
766 242
767 238
768 234
769 230
770 226
771 222
772 218
773 214
774 210
760 266
753 294
754 290
755 286
756 282
757 278
758 274
759 270
8985 535.96
8986 531.96
8984 539.96
8977 567.96
8978 563.96
8979 559.96
8980 555.96
8976 571.96
8981 551.96
8982 547.96
8983 543.96
8975 575.96
8974 579.96
785 144
870 139
789 128
874 123
875 119
953 115
788 132
790 124
9017 535.96
9016 539.96
9009 567.96
9008 571.96
9011 559.96
9010 563.96
9013 551.96
9012 555.96
9015 543.96
9014 547.96
9005 583.96
9007 575.96
8997 615.96
8998 611.96
8967 607.96
8968 603.96
8969 599.96
8970 595.96
8938 591.96
8939 587.96
8906 583.96
8872 579.96
8873 575.96
8874 571.96
8875 567.96
8876 563.96
9041 563.96
9042 559.96
9043 555.96
9040 567.96
9045 547.96
9044 551.96
9047 539.96
9046 543.96
856 228
857 224
858 220
859 216
9037 579.96
9038 575.96
9039 571.96
9036 583.96
849 260
850 256
848 264
851 248
852 244
853 240
854 236
855 232
9029 611.96
9030 607.96
9031 603.96
9001 599.96
9028 615.96
841 292
842 288
843 284
844 280
845 276
846 272
847 268
840 296
9073 551.96
9072 555.96
9075 543.96
835 316
836 312
837 308
838 304
839 300
9074 547.96
9065 583.96
9066 579.96
9067 575.96
9068 571.96
9069 567.96
9064 587.96
9071 559.96
9070 563.96
9059 607.96
9058 611.96
9063 591.96
9035 587.96
9113 615.96
9114 611.96
9088 607.96
9089 603.96
9090 599.96
9091 595.96
9092 591.96
9093 587.96
9094 583.96
9117 599.96
9119 591.96
9118 595.96
9104 543.96
9105 539.96
9106 535.96
9078 531.96
9050 527.96
9020 523.96
8989 519.96
8957 515.96
9097 571.96
921 312
9096 575.96
920 316
9099 563.96
923 304
9098 567.96
922 308
9101 555.96
9102 551.96
9100 559.96
924 300
925 296
9103 547.96
927 288
928 284
929 280
926 292
9095 579.96
9145 599.96
9146 595.96
9144 603.96
9147 591.96
9120 587.96
9149 583.96
9122 579.96
9148 587.96
9121 583.96
9151 575.96
9124 571.96
9150 579.96
9123 575.96
9141 615.96
9143 607.96
9116 603.96
9128 555.96
952 119
9130 547.96
9131 543.96
9132 539.96
9133 539.96
9107 535.96
945 147
946 143
944 151
9125 567.96
949 131
1021 127
1091 123
1164 118
1165 114
9127 559.96
9126 563.96
950 127
1022 123
9177 575.96
9178 571.96
9153 567.96
9154 563.96
9155 559.96
9156 555.96
9157 551.96
9158 547.96
9176 579.96
937 243
938 239
939 235
940 231
936 247
9179 567.96
9180 563.96
9181 559.96
9182 555.96
9183 551.96
9169 607.96
9171 599.96
9172 595.96
9173 591.96
9174 587.96
9175 583.96
931 272
9170 603.96
930 276
933 264
932 268
935 248.127
1010 244.127
1080 240.127
1153 235.127
1236 231.127
1319 227.127
1406 222.127
1502 215.127
1596 211.127
1690 206.127
1691 202.127
1692 198.127
1693 194.127
1694 190.127
1695 186.127
1696 182.127
1697 178.127
1698 174.127
1699 170.127
1700 166.127
1604 162.232
1605 158.232
1414 141
1511 137
1512 133
1606 129
1704 124
1705 120
1706 116
1707 112
1708 108
1709 104
1710 100
1711 96
1712 92
1713 88
1714 84
1715 80
1716 76
1717 72
934 260
9152 571.96
9201 579.96
9202 575.96
9200 583.96
9203 571.96
9204 567.96
9205 563.96
9206 559.96
9193 611.96
9194 607.96
9195 603.96
1017 143
1018 139
1088 135
1161 130
9197 595.96
9196 599.96
9199 587.96
9198 591.96
1009 264
1008 268
1011 243.127
1081 239.127
1015 151
1085 147
1158 142
1242 138
1326 134
1417 129
1418 125
1419 121
1516 117
1517 113
1518 109
1519 105
1613 101
1014 155
1084 151
1157 146
9241 599.96
9242 595.96
9221 591.96
1001 315
1000 319
9243 591.96
9244 587.96
9245 583.96
9224 579.96
1003 295
1004 291
1005 287
1006 283
9247 575.96
9226 571.96
9227 567.96
9228 563.96
9229 559.96
9230 555.96
9208 551.96
9184 547.96
9159 543.96
1007 272
9246 579.96
9225 575.96
9219 599.96
9220 595.96
9223 583.96
9222 587.96
1037 47
1038 43
1039 39
1040 35
1107 31
1184 26
1268 22
1355 18
1446 13
1543 9
1637 5
1028 99
1029 95
1030 91
1031 87
1101 83
1174 78
1087 139
1160 134
1244 130
1328 126
9249 567.96
1073 299
1074 295
9248 571.96
1075 291
1077 272
1076 287
1078 272
1096 103
1099 91
1102 82
1090 127
1095 107
1145 288.127
1229 284.127
1230 280.127
1231 276.127
1232 272.127
1233 268.127
1316 264.127
1496 256.127
1590 252.127
1684 247.127
1778 243.127
1949 235.127
1866 229.127
1780 225.127
1781 221.127
1782 217.127
1783 213.127
1784 209.127
1785 205.127
1786 201.127
1787 197.127
1788 193.127
1789 189.127
1790 185.127
1791 181.127
1792 177.127
1793 173.127
1144 293
1146 282
1147 278
1143 297
1142 301
1183 30
1182 34
1266 30
1267 26
1354 22
1445 17
1152 239.127
1235 235.127
1156 150
1159 138
1243 134
1327 130
1241 142
9421 2096.92
9422 1998.92
9423 1900.92
9424 1802.92
9442 1627.92
9443 1528.92
9461 1393.92
9477 1287.92
9494 1180.92
9512 1048.92
9531 941.924
9551 834.924
6006 645.924
6087 640.924
6163 636.924
6238 632.924
6313 627.924
6314 623.924
6315 619.924
6316 615.924
6317 611.924
6395 604.924
6474 597.924
6555 593.924
6635 588.924
6636 584.924
6714 580.924
6790 576.924
6863 571.924
6864 567.924
6936 563.924
7012 559.924
7083 554.924
7152 550.924
7217 546.924
7284 542.924
7352 537.924
7421 533.924
7487 529.924
9982 525.983
7556 520.968
7557 516.968
7558 512.968
7631 505.968
7704 501.968
7777 497.968
7851 492.968
7852 488.968
7925 484.968
7926 480.968
7927 476.968
7854 472.968
7781 468.968
7708 464.968
7636 460.968
7637 456.968
7638 452.968
7565 448.968
7494 444.968
7495 440.968
7496 436.968
7430 432.968
7362 428.968
7363 424.968
7294 420.968
7295 416.968
7296 412.968
7297 408.968
7298 404.968
7299 400.968
7300 396.968
7301 392.968
7235 388.968
7169 384.968
7099 380.968
7100 376.968
7101 372.968
7030 368.968
7031 364.968
6957 360.968
6887 356.968
6816 352.968
6817 348.968
6742 344.968
6664 340.968
1245 126
1329 122
1420 117
1421 113
9420 2194.92
1246 122
1234 239.127
1225 301
1224 305
1227 292.127
1228 288.127
1226 297
1221 352
1220 348
1305 344
1392 340
1484 336
1485 332
1486 328
1393 321
1306 315
1223 308
9462 1357.42
9939 1267.01
9478 1249.1
9942 1160.22
9495 1141.92
1222 356
1264 38
1351 34
1442 29
1539 25
1633 21
1269 21
1356 17
1447 12
1544 8
1638 4
1256 82
1259 58
1260 54
1261 50
1348 46
1439 41
1536 37
1630 33
1248 114
1332 110
1251 102
1335 98
1250 106
1334 102
9493 1235.92
9511 1102.92
9530 996.924
9550 890.924
9572 761.924
5928 664.924
1253 94
1254 90
1255 86
1252 98
1304 345
1307 312
1309 304.127
1310 300.127
1311 296.127
1312 292.127
1308 308.127
9529 1095.92
9528 1194.92
9532 937.924
9525 2083.16
9544 1981.16
9563 1888.16
9586 1786.16
9607 1684.16
9629 1592.16
9630 1495.16
9631 1398.16
9984 1346.57
9609 1266.97
9610 1166.97
9611 1066.97
9612 966.968
9613 866.968
9614 766.968
7873 700.968
7800 696.968
7801 692.968
7874 688.968
7875 684.968
7876 680.968
7877 676.968
7878 672.968
7879 668.968
7880 664.968
7881 660.968
7882 656.968
7883 652.968
7884 648.968
7885 644.968
7886 640.968
7887 636.968
7888 632.968
7889 628.968
7890 624.968
7891 620.968
7892 616.968
7893 612.968
7894 608.968
7895 604.968
7896 600.968
7897 596.968
7898 592.968
7899 588.968
7900 584.968
7901 580.968
7902 576.968
7903 572.968
7904 568.968
7905 564.968
7906 560.968
7907 556.968
7908 552.968
7909 548.968
7910 544.968
7911 540.968
7912 536.968
7913 532.968
7914 528.968
7915 524.968
7916 520.968
7917 516.968
7918 512.968
7919 508.968
7920 504.968
7921 500.968
7922 496.968
7923 492.968
7924 488.968
9524 2178.16
9543 2076.16
9562 1983.16
9585 1882.16
9606 1781.16
9628 1689.16
9527 1293.92
9513 1044.92
1337 90
1428 85
1336 94
1339 82
1430 77
1431 73
1432 69
1529 65
1623 61
1338 86
1429 81
1341 74
1340 78
1343 66
1434 61
1531 57
1625 53
9506 2279.16
1330 118
9509 1298.92
9510 1200.92
1325 138
1416 133
1513 129
1514 125
1608 121
9567 1251.92
9568 1153.92
9569 1055.92
9570 957.924
9571 859.924
9566 1349.92
1317 235.127
1404 230.127
1405 226.127
1318 231.127
9547 1189.92
9546 1288.92
9549 990.924
9548 1089.92
9593 758.924
6911 706.924
6912 702.924
6913 698.924
6982 687.924
7051 682.924
7052 678.924
7121 674.924
7186 670.924
7253 666.924
7321 661.924
7322 657.924
7391 653.924
7457 649.924
7458 645.924
7459 641.924
7460 637.924
7461 633.924
7462 629.924
7463 625.924
7464 621.924
7465 617.924
7466 613.924
7467 609.924
7468 605.924
7469 601.924
7470 597.924
7471 593.924
7472 589.924
7473 585.924
7474 581.924
7475 577.924
7476 573.924
7477 569.924
7478 565.924
7479 561.924
7480 557.924
7481 553.924
7482 549.924
7483 545.924
7484 541.924
7485 537.924
7486 533.924
9592 857.924
9595 446
9574 337
3392 253
3297 246
3107 231
3011 224
2908 213
2818 205
2732 200
2562 188
2477 183
2391 178
2302 170
2215 163
2124 156
2032 149
1943 144
1942 140
1941 136
1940 132
1857 128
1856 124
1765 120
1764 116
1763 112
1762 108
1761 104
1760 100
1759 96
1758 92
1757 88
1756 84
1755 80
1754 76
1753 72
1752 68
1751 64
1750 60
1749 56
1748 52
1747 48
1746 44
1745 40
1744 36
1743 32
1742 28
1741 24
1740 20
1739 16
1738 12
1737 8
1736 4
1352 30
1443 25
1444 21
9594 350
5374 276
5373 272
5285 268
5202 263
5122 259
5040 255
4956 250
4871 246
4784 242
4695 237
4609 233
4522 229
4433 225
4341 220
4249 216
4156 212
4066 207
4065 203
3975 199
3886 195
3798 191
3710 186
3709 182
3625 178
3624 174
3538 170
3452 165
3367 161
3366 157
3365 153
3364 149
3363 145
3269 141
3175 136
3081 132
2986 128
2885 124
2796 119
2710 115
2709 111
2626 107
2540 102
2539 98
2538 94
2537 90
2536 86
2535 82
2450 78
2364 74
2276 69
2275 65
2274 61
2273 57
2187 53
2097 49
2096 45
2095 41
2094 37
2093 33
2002 29
1913 24
1830 20
1829 16
1828 12
1357 16
1359 16
1449 12
1545 8
1358 16
1448 12
1345 58
1436 53
1437 49
1438 45
1347 50
1346 54
9589 1154.92
9590 1055.92
9591 956.924
9588 1253.92
1349 42
1440 37
1441 33
1350 38
1401 287.127
1314 283.127
1315 279.127
1400 291.127
1403 259.127
1497 255.127
1591 251.127
1402 283.127
1395 316
1394 319
9573 286.004
4102 282.004
4287 274.004
4378 269.004
4468 262.004
4556 258.004
4726 246.004
9909 241.892
1397 308.127
1396 312.127
1399 295.127
1398 302.127
1391 344
1483 340
9617 458
9616 359
7111 294
7042 289
6973 285
6906 281
6838 276
6765 272
6689 268
6611 263
6531 259
6449 255
6371 251
6294 246
6219 242
6143 238
6067 233
5986 229
5913 225
5839 221
5764 216
5688 212
5608 208
5531 203
5445 199
5353 195
5265 191
5182 186
5102 182
5020 178
4936 173
4851 169
4764 165
4675 160
4589 156
4502 152
4413 148
4321 143
4229 139
4136 135
4046 130
3956 126
3867 122
3779 118
3691 113
3607 109
3521 105
3435 100
3350 96
3256 92
3162 87
3068 83
2973 79
2872 75
2784 71
2698 67
2615 63
2529 58
2528 54
2527 50
2526 46
2441 42
2440 38
2439 34
2353 30
2265 25
2179 21
2089 17
1998 13
1909 8
1826 4
1435 57
1532 53
1626 49
9657 1008.97
9636 905.968
9656 1105.97
9635 1002.97
9658 1106.97
9661 560.756
9638 452.756
10125 438.172
9660 509.902
9637 401.902
9615 308.902
6824 249.902
6751 245.902
6675 241.902
6598 237.902
6518 233.902
6436 229.902
6358 225.902
6282 221.902
6207 217.902
6131 213.902
6055 208.902
5974 204.902
5901 200.902
5827 196.902
5752 191.902
5676 187.902
5596 183.902
5519 178.902
5433 174.902
5341 170.902
5253 166.902
5170 161.902
5090 157.902
5008 153.902
4924 148.902
4839 144.902
4752 140.902
4663 135.902
4577 131.902
4490 127.902
4401 123.902
4309 118.902
4217 114.902
4124 110.902
4034 105.902
3944 101.902
3855 97.902
3767 93.902
3679 88.902
3595 84.902
3509 80.902
3423 75.902
3247 67.902
3065 59.902
2971 55.902
2871 51.902
9979 48.911
2694 44
2607 40
2522 36
2437 32
2351 28
2264 24
2178 20
2088 16
1997 12
9655 1203.97
9634 1099.97
1415 137
9654 1300.97
9633 1196.97
9639 474
9681 617.902
9680 1113.97
9682 668.756
1499 227.127
1500 223.127
1594 219.127
1688 214.127
1689 210.127
1498 231.127
1592 227.127
1686 222.127
1687 218.127
9677 1378.44
10128 1279.03
9679 1111.97
9678 1208.97
1491 310.127
1492 306.127
1490 316.127
1493 301.127
1494 297.127
1495 260.127
9721 1306.97
9700 1202.97
9720 1304.97
1482 352
1579 348
1580 344
1581 340
1487 325
1528 69
1533 49
1627 45
1534 45
1628 41
9699 1299.97
9701 1204.97
1527 73
1621 69
1515 121
1609 117
9742 1484.97
9741 1385.97
1553 40
1646 36
1645 32
1644 28
1552 36
1555 48
1554 44
1556 52
1546 12
1639 8
1549 24
1642 20
1641 16
1640 12
1551 32
1550 28
1537 33
1631 29
1538 29
1541 17
1542 13
9782 1712.97
9781 1615.97
9761 1489.97
1593 223.127
1585 326.723
1586 322.723
1587 318.723
1588 314.723
9901 313.737
1584 329
9762 1589.97
1589 256.127
9819 1781.97
9799 1678.97
9779 1577.97
9760 1487.97
9818 1780.97
9821 1787.97
9801 1683.97
9780 1579.97
9820 1784.97
9800 1680.97
9823 1371.13
9804 1274.13
9784 1177.13
9763 1064.67
9744 967.666
9723 870.666
10126 776.932
9702 691.902
1583 332
9822 1823.97
9802 1719.97
1582 336
1619 77
1618 81
9798 1701.97
9778 1599.97
9759 1509.97
9740 1407.97
1622 65
1611 109
1610 113
1612 105
9844 1037.27
9833 1020.21
10024 985.552
9830 945.462
9871 895.121
9829 838.435
9912 801.523
9828 770.204
9927 727.736
9827 688.864
9897 673.143
1607 125
1657 80
1656 76
1655 72
1654 68
1653 64
1652 60
9835 992.134
9879 979.566
9834 1054.83
9843 1020.95
1658 84
9836 875.24
9904 834.851
1649 48
1648 44
9826 435.887
6240 423.968
6166 419.968
6089 415.968
6009 411.968
6010 407.968
5931 403.968
5857 399.968
5858 395.968
5784 391.968
5785 387.968
5786 383.968
5787 379.968
5712 375.968
5713 371.968
5634 367.968
5558 363.968
5473 359.968
5383 355.968
5292 351.968
5206 344.968
5207 340.968
5128 336.968
5129 332.968
5130 328.968
5131 324.968
5132 320.968
5051 316.968
4968 312.968
4969 308.968
4970 304.968
4886 300.968
4801 296.968
4802 292.968
4803 288.968
4804 284.968
4805 280.968
4806 276.968
4807 272.968
4808 268.968
4809 264.968
4810 260.968
4811 256.968
4812 252.968
4813 248.968
1651 56
1650 52
9831 1039.11
10007 987.972
9881 48.581
1643 24
9885 234.566
1647 40
1632 25
1635 13
1634 17
1636 9
9866 297.646
604 288
1683 248.127
1777 244.127
1865 240.127
1685 226.127
9913 233.263
1673 348
9915 281.149
4194 278.004
1675 340
1676 336
9914 412.422
9825 403.519
5627 395.968
5628 391.968
5629 387.968
5553 383.968
5554 379.968
5555 375.968
5470 371.968
5471 367.968
5472 363.968
1674 344
9917 558.848
7084 553.924
7153 549.924
7218 545.924
7285 541.924
1677 333
9916 779.66
9919 748.387
9918 245.288
1678 330.723
1679 326.723
9905 314.939
9906 213.043
9908 96.514
3249 93.902
3248 89.902
3340 82.902
9911 626.743
9910 341.442
5046 336.968
5047 332.968
4964 328.968
4880 324.968
4881 320.968
4796 316.968
4797 312.968
4798 308.968
4799 304.968
4800 300.968
9896 85.042
3424 79.902
9899 330.383
2823 326.567
2824 322.567
2917 318.567
3019 314.567
3020 310.567
3021 306.567
3022 302.567
3023 298.567
3024 294.567
10073 291.251
3025 289.127
2923 285.127
2739 275.127
2740 271.127
2652 267.127
2565 263.127
2566 259.127
2482 255.127
2483 251.127
2484 247.127
2398 243.127
2399 239.127
2312 232.127
2135 224.127
2044 217.127
1955 213.127
1871 209.127
9900 572.737
6794 569.924
7014 557.924
9903 183.36
9902 751.224
9893 354.499
9895 360.48
4170 353.127
3992 345.127
3993 341.127
3905 337.127
3906 333.127
3820 329.127
3733 325.127
3651 321.127
3567 317.127
3486 313.127
3400 309.127
3305 305.127
3210 301.127
3211 297.127
3117 293.127
9894 441.589
9945 310.933
9944 140.249
1769 136
1768 132
1767 128
1766 124
9946 121.999
918 120
996 116
1068 112
1134 108
1210 104
1209 100
1208 96
1207 92
1206 88
1205 84
1204 80
1203 76
1202 72
1285 68
1284 64
1370 60
1460 56
1459 52
1458 48
1457 44
1456 40
1455 36
1454 32
1453 28
9949 322.44
6428 313.968
6349 309.968
6272 305.968
6197 301.968
6120 297.968
6040 293.968
5959 289.968
5886 285.968
5812 281.968
5737 277.968
5658 273.968
5582 269.968
5497 265.968
5407 261.968
5316 257.968
5229 253.968
5069 245.968
4986 241.968
4902 237.968
4817 233.968
9948 490.453
9951 543.155
9936 1219.7
9938 1164.62
9943 778.635
1702 158.104
10030 150.138
9928 198.824
4104 198
9933 1173.01
9920 212.699
9923 83.862
2972 78.999
10101 74.112
2783 71
9924 84.356
9926 258.665
9976 685.544
6005 649.924
6086 644.924
9981 2064.41
9968 570.819
9270 564.773
10129 563.492
9252 559.96
9231 555.96
9971 408.932
7871 404.968
7798 400.968
7725 396.968
7653 392.968
9973 458.813
9972 341.337
6893 338.497
10082 335.237
6747 329.968
6668 325.968
6589 321.968
6507 317.968
6425 313.968
6347 309.968
6270 305.968
6196 301.968
6119 297.968
6039 293.968
9975 91.329
3325 88
3326 84
3234 80
3235 76
3145 72
3054 68
2960 64
2860 60
2772 56
2773 52
2774 48
2686 44
2600 40
2515 36
2431 32
2346 28
2259 24
2174 20
2085 16
1995 12
1907 8
1825 4
9974 408.317
9960 246.254
5070 242
4987 238
4903 234
4818 230
4730 226
9967 459.876
8445 455.968
8396 451.968
8348 447.968
9966 99.815
3845 96
3758 92
3671 88
3588 84
3503 80
3418 76
3334 72
3241 68
3151 64
3060 60
2966 56
2865 52
2777 48
2689 44
2602 40
2517 36
2432 32
9952 543.986
9954 421.147
9956 183.814
5670 179.902
5511 171.902
5425 167.902
5333 163.902
5246 159.902
5164 155.902
5084 151.902
5002 147.902
4919 143.902
4834 139.902
4747 135.902
4659 131.902
4573 127.902
4486 123.902
4397 119.902
4306 115.902
4214 111.902
4121 107.902
4032 103.902
3942 99.902
3853 95.902
3765 91.902
3678 87.902
3594 83.902
3508 79.902
9959 499.921
10009 1258.3
10008 479.826
7853 476.968
1771 344
1772 340
1770 140
1773 337
1775 330.723
1774 334.723
10005 120.417
1817 36
1816 40
1819 28
1818 32
9999 53.34
964 51
1809 68
1808 72
1811 60
1810 64
1813 52
1812 56
1815 44
1814 48
10041 361.54
2478 359.162
2734 342.567
2735 338.567
2736 334.567
2737 330.567
1801 100
10040 695.21
6007 643.276
6164 633.276
6239 629.276
1800 104
10043 318.51
1803 92
10042 339.532
3393 337.127
3394 333.127
3300 329.127
3301 325.127
3205 321.127
3111 317.127
3112 313.127
3113 309.127
3114 305.127
3115 301.127
3116 297.127
1802 96
10045 1370.64
1805 84
10044 73.69
1804 88
10047 479.877
1807 76
10046 894.23
1806 80
10033 366.8
5381 363.968
5382 359.968
10032 1279.87
10035 431.005
7090 429.968
7019 424.968
6943 420.968
6944 416.968
6873 412.968
6802 408.968
6803 404.968
6804 400.968
6805 396.968
6730 392.968
6652 388.968
6573 384.968
6574 380.968
6575 376.968
6576 372.968
6577 368.968
6578 364.968
6579 360.968
6497 356.968
6415 352.968
6337 348.968
6338 344.968
6261 340.968
6262 336.968
6188 332.968
6111 328.968
6031 324.968
6032 320.968
6033 316.968
5953 312.968
5954 308.968
5881 304.968
5807 300.968
5808 296.968
5733 292.968
10034 430.938
10037 257.41
1797 116
10036 302.616
10039 2022.77
1799 108
10038 293.55
1798 112
10027 347.063
1861 344
10026 426.522
1850 100
10029 166.575
10028 1101.37
10031 224.349
2043 221.127
1954 217.127
1841 64
1840 60
1839 56
1838 52
1837 48
1843 72
1842 68
1845 80
1844 76
1846 84
1833 32
1832 28
10072 281.907
3124 275.127
3032 271.127
2930 267.127
2832 263.127
2744 259.127
2656 255.127
2568 251.127
10075 223.348
1953 221.127
1835 40
10074 264.891
1834 36
1836 44
10065 237.909
10064 183.742
3749 182
10067 345.031
4358 339.127
4268 335.127
4176 331.127
4087 327.127
3998 323.127
3999 319.127
3911 315.127
3823 311.127
3737 307.127
3655 303.127
3570 299.127
3490 295.127
3405 291.127
3310 287.127
3311 283.127
3216 279.127
3122 275.127
3030 271.127
2928 267.127
2831 263.127
2743 259.127
2655 255.127
10066 237.624
10069 345.786
3478 343.126
10068 315.341
3828 313.127
3741 309.127
3658 304.127
3572 300.127
3491 296.127
10071 340.221
5873 336.968
5799 332.968
5724 328.968
5645 324.968
5569 320.968
5570 316.968
5571 312.968
5486 308.968
5396 304.968
5305 300.968
5218 296.968
5219 292.968
5220 288.968
5221 284.968
5222 280.968
5143 276.968
5062 272.968
5063 268.968
4980 264.968
4981 260.968
4897 256.968
4898 252.968
1831 24
10070 456.475
7286 452.968
7287 448.968
7288 444.968
7222 440.968
7157 436.968
7158 432.968
7089 428.968
10057 309.498
3580 306.029
3747 298.004
3835 294.004
3925 290.004
4014 286.004
1881 112
1882 108
1883 104
10056 342.192
1863 337.723
1880 116
10059 86.587
10061 317.861
4185 314.004
4278 310.004
4369 305.004
4370 301.004
4371 297.004
4372 293.004
4373 289.004
4374 285.004
4375 281.004
4376 277.004
4377 273.004
1885 96
10060 272.316
2563 269.127
2394 259.127
2395 255.127
2307 251.127
2220 247.127
2130 243.127
2038 239.127
1884 100
10063 590.706
6712 588.924
6788 584.924
6861 579.924
6862 575.924
6934 571.924
6935 567.924
1887 88
1888 84
1889 80
1890 76
1891 72
1892 68
1893 64
10062 599.178
6475 593.924
6476 589.924
6557 585.924
6637 580.924
6715 576.924
6791 572.924
1886 92
10049 120.389
1873 201.127
1874 197.127
10048 293.714
10051 686.131
10050 151.144
2487 146
2403 142
2318 138
2231 134
2146 130
2057 126
1967 122
10053 461.657
7354 458.968
10055 691.76
10054 48.664
1864 244.127
1948 239.127
1860 140
1859 136
1858 132
1862 341
1912 20
1915 32
1914 28
1917 40
1916 36
1919 48
1918 44
1905 16
1906 12
1824 8
1904 20
1822 16
1911 16
1897 48
1898 44
1899 40
1900 36
1901 32
1902 28
1896 52
1895 56
1894 60
1945 349
1946 345
1944 349.937
1947 341.723
1951 229.127
1952 225.127
1868 221.127
1869 217.127
1870 213.127
1950 233.127
1939 128
1938 124
1855 120
1854 116
1929 88
1928 84
1927 80
1926 76
1930 92
1921 56
1920 52
1923 64
1922 60
1925 72
1924 68
1977 84
1976 88
1979 76
1980 72
1978 80
1981 68
1983 60
1982 64
1969 116
1968 120
1971 108
1970 112
1973 100
1972 104
1975 92
1974 96
1965 130
1966 126
2009 57
2008 53
2011 65
2010 61
2013 73
2012 69
2015 81
2014 77
2001 25
2000 21
2003 33
2005 41
2004 37
2007 49
2006 45
1992 24
1994 16
1999 17
1910 12
1985 52
1984 56
1987 44
1986 48
1989 36
1988 40
1990 32
2041 229.127
2042 225.127
2040 233.127
2033 353.937
2035 349
2034 353
2037 243.127
2036 345.723
2039 237.127
2024 117
1935 112
1852 108
2027 129
2017 89
2016 85
2019 97
2018 93
2021 105
1932 100
1849 96
2020 101
1931 96
2023 113
1934 108
1933 104
2022 109
2073 64
2072 68
2075 56
2074 60
2077 48
2078 44
2079 40
2076 52
2065 96
2066 92
2067 88
2068 84
2064 100
2069 80
2070 76
2071 72
2056 130
2059 120
2060 116
2061 112
2062 108
2063 104
2055 134
2105 81
2104 77
2103 73
2102 69
2101 65
2100 61
2107 89
2106 85
2109 97
2108 93
2110 101
2099 57
2098 53
2091 25
2090 21
2092 29
2080 36
2083 24
1993 20
2082 28
2084 20
2086 16
2143 142
2144 138
2129 247.127
2128 349.723
2131 241.127
2132 237.127
2133 233.127
2134 229.127
2125 357.937
2127 353
2126 357
2113 113
2112 109
2168 44
2171 32
2172 28
2173 24
2175 20
2161 72
2160 76
2163 64
2164 60
2162 68
2165 56
2166 52
2167 48
2153 104
2152 108
2155 96
2154 100
2159 80
2158 84
2145 134
2147 128
2148 124
2149 120
2150 116
2151 112
2201 109
2111 105
2193 77
2192 73
2195 85
2194 81
2197 93
2196 89
2199 101
2198 97
2185 45
2184 41
2186 49
2189 61
2188 57
2191 69
2190 65
2176 20
2181 29
2183 37
2182 33
2233 128
2234 124
2232 132
2235 120
2236 116
2237 112
2238 108
2239 104
2240 100
2241 96
2242 92
2157 88
2225 228.127
2224 232.127
2229 142
2230 138
2228 146
2217 361
2218 357
2216 361.937
2219 251.127
2221 244.127
2222 240.127
2223 236.127
2267 33
2266 29
2269 41
2268 37
2271 49
2270 45
2257 32
2256 36
2258 28
2261 24
2260 24
2249 64
2250 60
2248 68
2255 40
2243 88
2245 80
2246 76
2247 72
2244 84
2281 89
2280 85
2279 81
2278 77
2283 97
2282 93
2285 105
2284 101
2286 109
2200 105
2272 53
2277 73
2331 88
2330 92
2333 80
2332 84
2335 72
2334 76
2321 128
2322 124
2320 132
2323 120
2325 112
2324 116
2315 150
2317 142
2316 146
2319 136
2305 361
2304 365
2306 255.127
2309 244.127
2310 240.127
2308 248.127
2311 236.127
2361 62
2360 58
2363 70
2362 66
2365 78
2367 86
2366 82
2352 29
2355 38
2354 34
2357 46
2356 42
2359 54
2358 50
2345 32
2344 36
2347 28
2348 28
2336 68
2339 56
2340 52
2341 48
2343 40
2342 44
2393 370.162
2479 363.162
2392 365
2397 247.127
2396 251.127
2387 166
2299 161
2298 157
2297 153
2296 149
2295 145
2294 141
2208 137
2118 133
2369 94
2368 90
2371 102
2370 98
2373 110
2372 106
2375 118
2287 113
2374 114
2425 56
2424 60
2427 48
2426 52
2429 40
2428 44
2430 36
2419 80
2420 76
2423 64
2409 120
2410 116
2408 124
2401 150
2402 146
2405 136
2404 140
2407 128
2406 132
2457 106
2456 102
2459 114
2458 110
2460 118
2449 74
2448 70
2451 82
2453 90
2452 86
2455 98
2454 94
2443 50
2442 46
2445 58
2444 54
2447 66
2446 62
2433 32
2489 140
2490 136
2491 132
2488 144
2493 124
2494 120
2495 116
2496 112
2412 108
2327 104
2492 128
2481 259.127
2480 263.127
2485 247.127
2486 150
2520 36
2435 32
2349 28
2262 24
2177 20
2087 16
1996 12
1908 8
2523 37
2438 33
2525 42
2513 44
2514 40
2512 48
2516 36
2519 36
2518 36
2504 80
2507 68
2506 72
2509 60
2508 64
2511 52
2510 56
2498 104
2414 100
2415 96
2503 84
2502 88
2544 118
2543 114
2542 110
2541 106
2531 66
2530 62
2533 74
2532 70
2534 78
2585 100
2586 96
2587 92
2591 76
2583 108
2569 251.127
2570 252.127
2573 148
2572 150
2575 140
2574 144
2564 267.127
2567 255.127
2617 71
2616 67
2619 79
2618 75
2621 87
2620 83
2623 95
2622 91
2609 42
2612 51
2614 59
2601 40
2603 40
2605 40
2604 40
2606 40
2521 36
2593 68
2594 64
2592 72
2595 60
2597 52
2598 48
2596 56
2599 44
2649 341.567
2650 337.567
2651 271.127
2653 263.127
2654 259.127
2625 103
2624 99
2627 111
2629 119
2628 115
2630 123
2681 64
2680 68
2683 56
2684 52
2682 60
2685 48
2687 44
2673 96
2672 100
2675 88
2676 84
2677 80
2679 72
2678 76
2671 104
2670 108
2657 255.127
2659 152
2661 144
2662 140
2663 136
2577 132
2660 148
2713 127
2712 123
2705 95
2704 91
2707 103
2706 99
2708 107
2711 119
2699 71
2701 79
2700 75
2703 87
2702 83
2688 44
2691 44
2690 44
2693 44
2692 44
2745 259.127
2747 156
2748 152
2746 259.127
2749 148
2750 144
2751 140
2741 267.127
2742 263.127
2733 346.567
2776 48
2779 48
2778 48
2781 48
2780 48
2782 48
2769 68
2770 64
2771 60
2768 72
2775 48
2763 92
2764 88
2765 84
2766 80
2767 76
2793 107
2792 103
2791 99
2790 95
2789 91
2788 87
2795 115
2794 111
2797 123
2799 131
2798 127
2785 75
2787 83
2786 79
2840 140
2752 136
2753 132
2754 128
2755 124
2756 120
2757 116
2758 112
2835 160
2837 152
2836 156
2839 144
2838 148
2827 279.127
2828 275.127
2829 271.127
2830 267.127
2822 330.567
2873 76
2875 84
2874 80
2877 92
2876 88
2879 100
2878 96
2864 52
2867 52
2866 52
2869 52
2868 52
2870 52
2857 72
2856 76
2859 64
2858 68
2861 56
2863 52
2862 52
2850 100
2851 96
2855 80
2854 84
2909 349.567
2910 345.567
2911 341.567
3014 334.567
3015 330.567
3016 326.567
3017 322.567
3018 318.567
2888 136
2881 108
2880 104
2883 116
2882 112
2884 120
2887 132
2886 128
2933 169
2834 162
2932 173
2935 164
2936 160
2921 297.584
2922 293.584
2925 279.127
2924 283.127
2927 271.127
2926 275.127
2913 334.567
2912 338.567
2915 326.567
2914 330.567
2969 56
2968 56
2970 56
2975 84
2974 80
2961 60
2962 56
2963 56
2965 56
2964 56
2967 56
2952 96
2852 92
2955 84
2956 80
2957 76
2959 68
2958 72
2946 120
2947 116
2948 112
2949 108
2849 104
2985 124
2984 120
2987 132
2989 140
2988 136
2977 92
2976 88
2979 100
2978 96
2981 108
2980 104
2983 116
2982 112
3033 271.127
3035 177
3034 181
3036 173
3039 164
3027 283.127
3028 279.127
3026 287.127
3013 352.567
3012 356.567
3064 60
3067 82.999
3066 82.999
3069 84
3071 92
3070 88
3057 60
3056 60
3059 60
3058 60
3061 60
3063 60
3062 60
3049 88
3051 80
3050 84
3053 72
3052 76
3055 64
3040 160
3041 156
2938 152
3080 128
3079 124
3083 140
3082 136
3084 144
3073 100
3072 96
3075 108
3074 104
3077 116
3076 112
3078 120
3121 279.127
3120 283.127
3127 174
3037 170
2934 166
3119 287.127
3118 291.127
3109 325.127
3110 321.127
3108 329.127
3161 86.999
3160 86.999
3163 88
3165 96
3164 92
3167 104
3166 100
3152 64
3155 64
3154 64
3156 63.902
3159 86.999
3158 89.999
3144 76
3147 64
3146 68
3149 64
3148 64
3150 64
3141 88
3142 84
3143 80
3140 92
3177 144
3176 140
3178 148
3169 112
3168 108
3171 120
3170 116
3173 128
3172 124
3174 132
3231 92
3219 178
3218 181
3126 177
3220 176
3128 172
3038 168
3209 305.127
3208 309.127
3213 291.127
3212 295.127
3203 329.127
3204 325.127
3207 313.127
3206 317.127
3257 93
3259 101
3258 97
3261 109
3260 105
3263 117
3262 113
3251 93.999
3250 97.902
3253 90.999
3252 90.999
3255 91
3254 90.999
3240 68
3245 68
3244 68
3246 67.902
3233 84
3232 88
3239 68
3238 68
3272 153
3275 165
3181 160
3087 156
2992 152
2891 148
2802 143
2801 139
2715 135
2714 131
3265 125
3264 121
3267 133
3266 129
3268 137
3271 149
3270 145
3304 309.127
3307 299.127
3306 301.127
3309 291.127
3308 295.127
3299 333.127
3298 337.127
3303 313.127
3353 105
3352 101
3355 113
3354 109
3357 121
3356 117
3359 129
3358 125
3345 94.999
3344 97.999
3346 94.999
3349 95
3348 94.999
3351 97
3337 72
3336 72
3243 68
3153 64
3339 71.902
3338 71.902
3341 86.902
3343 94.902
3342 90.902
3333 72
3332 72
3335 72
3361 137
3360 133
3362 141
3417 76
3416 76
3419 76
3421 75.902
3420 76
3422 75.902
3408 168
3415 76
3401 305.127
3402 303.127
3403 299.127
3404 295.127
3399 313.127
3449 153
3448 149
3450 157
3453 169
3441 121
3440 117
3443 129
3442 125
3445 137
3444 133
3447 145
3446 141
3433 98.999
3432 98.999
3347 94.999
3434 99
3437 105
3436 101
3439 113
3438 109
3425 83.902
3427 91.902
3426 87.902
3429 98.999
3428 95.902
3431 98.999
3430 98.999
3481 333.127
3482 329.127
3483 325.127
3397 321.127
3302 317.127
3485 317.127
3487 307.127
3488 303.127
3477 347.126
3513 96.902
3512 92.902
3515 102.999
3514 100.902
3517 102.999
3516 102.999
3519 103
3518 102.999
3505 80
3504 80
3507 79.902
3506 79.902
3510 84.902
3501 80
3502 80
3492 300.127
3529 134
3528 130
3531 142
3530 138
3533 150
3532 146
3535 158
3534 154
3520 104
3523 110
3522 106
3525 118
3524 114
3527 126
3526 122
3579 310.029
3581 310.029
3561 258
3475 253
3390 248
3296 243
3202 238
3564 329.127
3609 114
3608 110
3611 122
3610 118
3613 130
3612 126
3615 138
3614 134
3601 106.999
3600 104.902
3599 100.902
3603 106.999
3602 106.999
3605 107
3604 106.999
3606 108
3593 83.902
3592 83.902
3597 92.902
3511 88.902
3596 88.902
3598 96.902
3586 84
3589 84
3591 83.902
3590 84
3617 146
3616 142
3619 154
3618 150
3620 158
3673 88
3672 88
3675 87.902
3674 87.902
3677 87.902
3676 87.902
3705 166
3704 162
3707 174
3706 170
3697 134
3696 130
3695 126
3694 122
3699 142
3698 138
3701 150
3700 146
3703 158
3702 154
3689 111
3688 110.999
3690 112
3693 118
3692 114
3681 96.902
3680 92.902
3683 104.902
3682 100.902
3685 110.999
3684 108.902
3687 110.999
3686 110.999
3742 313.127
3659 308.127
3573 304.127
3730 337.127
3648 333.127
3649 329.127
3650 325.127
3734 325.127
3652 321.127
3769 101.902
3768 97.902
3771 109.902
3770 105.902
3773 114.999
3772 113.902
3775 114.999
3774 114.999
3761 91.902
3760 92
3763 91.902
3762 91.902
3764 91.902
3766 92.902
3753 180
3667 176
3584 172
3499 168
3411 164
3320 160
3752 180
3666 176
3498 168
3410 164
3759 92
3746 302.004
3748 298.004
3836 294.004
3751 180
3793 171
3792 167
3795 179
3796 183
3708 178
3785 139
3784 135
3787 147
3786 143
3789 155
3788 151
3791 163
3790 159
3777 116
3776 115
3778 117
3781 123
3780 119
3783 131
3782 127
3833 333.127
3832 329.127
3745 325.127
3662 320.127
3661 316.127
3660 312.127
3834 337.127
3837 294.004
3926 290.004
3838 186
3825 311.127
3739 307.127
3657 303.127
3571 299.127
3827 312.127
3740 308.127
3826 311.127
3829 317.447
3819 333.127
3732 329.127
3821 319.127
3735 315.127
3736 311.127
3654 307.127
3865 120
3864 119
3866 121
3869 127
3868 123
3871 135
3870 131
3857 105.902
3856 101.902
3859 113.902
3858 109.902
3861 118.999
3860 117.902
3863 118.999
3862 118.999
3849 95.902
3848 95.902
3851 95.902
3850 95.902
3852 95.902
3854 96.902
3841 184
3840 184
3846 96
3889 207
3801 203
3713 198
3629 194
3543 190
3457 185
3372 181
3371 177
3277 173
3183 168
3182 164
3088 160
3881 175
3880 171
3883 183
3882 179
3885 191
3797 187
3884 187
3887 199
3799 195
3711 190
3873 143
3872 139
3875 151
3874 147
3877 159
3876 155
3879 167
3878 163
3929 188
3930 188
3932 103.387
3921 332.004
4009 328.004
4008 324.004
4096 318.004
3923 340.004
3922 336.004
3924 291.004
4013 287.004
3915 315.127
3914 315.127
3916 316.127
3904 341.127
3907 333.127
3909 323.127
3961 143
3960 139
3963 151
3962 147
3965 159
3964 155
3967 167
3966 163
3953 123
3952 122.999
3955 125
3954 124
3957 127
3959 135
3958 131
3945 105.902
3947 113.902
3946 109.902
3949 121.902
3948 117.902
3951 122.999
3950 122.999
3943 100.902
3977 207
3976 203
3979 215
3890 211
3802 207
3714 202
3630 198
3544 194
3458 189
3978 211
3969 175
3968 171
3971 183
3970 179
3973 191
3972 187
3974 195
4024 104
3935 100
3847 96
4031 103.902
4017 192
4019 192
4018 192
4023 104
3934 100
4011 336.004
4010 332.004
4001 319.127
3913 315.127
4000 319.127
3912 315.127
4003 319.127
4005 320.127
4004 319.127
4006 322.004
4095 318.004
4057 171
4056 167
4059 179
4058 175
4061 187
4060 183
4063 195
4062 191
4049 139
4048 135
4051 147
4050 143
4053 155
4052 151
4055 163
4054 159
4041 126.999
4040 126.999
4043 127
4042 126.999
4045 129
4044 128
4047 131
4033 104.902
4037 117.902
4036 113.902
4039 125.902
4038 121.902
4091 323.127
4002 319.127
4064 199
4067 211
4069 219
4068 215
4071 227
3981 223
3892 219
3804 215
3716 210
3632 206
3546 202
3460 197
3459 193
3374 189
3280 185
3186 180
3092 176
3091 172
2996 168
2895 164
2806 159
2805 155
2719 151
2636 147
2550 142
2549 138
2464 134
2378 130
2290 125
2204 121
2114 117
4070 223
4123 109.902
4122 108.902
4112 108
4106 196
4108 196
4111 108
4022 104
3933 100
3757 92
4097 306.004
4098 302.004
4099 298.004
4190 294.004
4283 290.004
4101 286.004
4153 200
4152 196
4155 208
4154 204
4157 216
4159 224
4158 220
4145 168
4144 164
4149 184
4148 180
4151 192
4150 188
4137 136
4139 144
4138 140
4141 152
4140 148
4143 160
4142 156
4131 130.999
4130 130.999
4133 132
4132 131
4135 134
4134 133
4184 318.004
4277 314.004
4368 309.004
4187 306.004
4188 302.004
4281 298.004
4186 310.004
4279 306.004
4189 298.004
4177 327.127
4088 323.127
4180 327.127
4090 323.127
4183 322.004
4276 318.004
4367 313.004
4173 343.127
4084 339.127
3995 335.127
3996 331.127
3997 327.127
4172 345.127
4083 341.127
3994 337.127
4175 335.127
4161 232
4160 228
4162 236
4072 231
4216 113.902
4215 112.902
4203 112
4195 202
4198 200
4107 196
4248 212
4251 224
4250 220
4253 232
4252 228
4255 240
4254 236
4241 184
4243 192
4242 188
4245 200
4244 196
4247 208
4246 204
4233 152
4232 148
4235 160
4234 156
4237 168
4236 164
4224 134.999
4227 137
4226 136
4228 138
4231 144
4230 140
4280 302.004
4282 294.004
4273 330.004
4364 325.004
4365 321.004
4366 317.004
4272 331.127
4275 322.004
4274 326.004
4265 349.127
4264 353.127
4266 347.127
4256 244
4163 240
4073 235
3983 231
3894 227
3806 223
3718 218
3717 214
3633 210
4263 357.127
4262 268
4261 264
4168 260
4078 255
4077 251
3987 247
3898 243
3897 239
3896 235
3895 231
3807 227
3719 222
4317 139
4225 135
4316 138.999
4319 141
4318 140
4305 115.902
4213 111.902
4290 204
4295 116
4204 112
4294 116
4345 236
4344 232
4343 228
4347 244
4346 240
4348 248
4337 204
4336 200
4339 212
4338 208
4340 216
4342 224
4329 172
4328 168
4327 164
4333 188
4335 196
4334 192
4320 142
4323 148
4325 156
4324 152
4326 160
4361 335.127
4271 331.127
4179 327.127
4089 323.127
4360 335.127
4270 331.127
4178 327.127
4363 329.004
4362 333.004
4355 355.127
4354 359.127
4357 343.127
4267 339.127
4409 144
4408 143
4411 146
4410 145
4412 147
4415 153
4414 149
4322 144
4395 119.902
4304 115.902
4394 119.902
4303 115.902
4211 111.902
4118 107.902
4029 103.902
3940 99.902
4387 120
4296 116
4205 112
4113 108
4388 119.902
4297 115.902
4206 111.902
4114 107.902
4025 103.902
3936 99.902
4441 257
4349 252
4257 248
4440 253
4442 261
4350 256
4445 359.127
4444 269
4352 264
4260 260
4259 256
4166 252
4076 247
4075 243
3985 239
3984 235
4447 343.127
4432 221
4435 233
4434 229
4437 241
4436 237
4438 245
4429 209
4431 217
4430 213
4417 161
4416 157
4419 169
4418 165
4421 177
4420 173
4465 274.004
4553 270.004
4639 266.004
4640 262.004
4641 258.004
4642 254.004
4464 278.004
4552 274.004
4459 298.004
4460 294.004
4461 290.004
4462 286.004
4463 282.004
4551 278.004
4637 274.004
4638 270.004
4449 338.004
4537 334.004
4538 330.004
4539 326.004
4625 322.004
4626 318.004
4627 314.004
4628 310.004
4629 306.004
4630 302.004
4631 298.004
4632 294.004
4633 290.004
4634 286.004
4635 282.004
4636 278.004
4448 339.127
4359 335.127
4269 331.127
4451 330.004
4450 334.004
4453 322.004
4541 318.004
4542 314.004
4452 326.004
4540 322.004
4455 314.004
4456 310.004
4544 306.004
4545 302.004
4546 298.004
4505 161
4504 157
4503 153
4507 169
4506 165
4508 173
4497 147
4499 149
4498 148
4501 151
4500 150
4488 125.902
4399 121.902
4307 116.902
4485 123.902
4396 119.902
4484 123.902
4487 124.902
4398 120.902
4536 338.004
4529 257
4528 253
4439 249
4531 265
4530 261
4533 363.127
4532 269
4534 367.127
4521 225
4523 233
4525 241
4524 237
4527 249
4526 245
4571 127.902
4570 127.902
4572 127.902
4575 129.902
4554 266.004
4555 262.004
4549 286.004
4550 282.004
4548 290.004
4593 169
4592 165
4595 177
4594 173
4596 181
4587 154
4591 161
4590 157
4576 130.902
4489 126.902
4400 122.902
4308 117.902
4624 326.004
4617 265
4616 261
4615 257
4619 367.127
4618 269
4621 338.004
4622 334.004
4623 330.004
4611 241
4610 237
4613 249
4612 245
4614 253
4657 131.902
4658 131.902
4660 132.902
4574 128.902
4697 245
4696 241
4699 253
4698 249
4701 261
4700 257
4702 265
4681 181
4680 177
4683 189
4597 185
4510 181
4682 185
4684 193
4598 189
4511 185
4674 159
4588 155
4677 165
4676 161
4679 173
4678 169
4721 266.004
4722 262.004
4723 258.004
4724 254.004
4725 250.004
4720 270.004
4713 298.004
4714 294.004
4715 290.004
4716 286.004
4717 282.004
4718 278.004
4719 274.004
4705 330.004
4706 326.004
4707 322.004
4708 318.004
4709 314.004
4710 310.004
4711 306.004
4712 302.004
4704 334.004
4763 164
4765 166
4767 174
4766 170
4746 135.902
4749 137.902
4748 136.902
4750 138.902
4661 133.902
4793 328.968
4794 324.968
4795 320.968
4792 332.968
4785 246
4787 254
4786 250
4789 262
4788 258
4791 270
4790 266
4769 182
4768 178
4771 190
4772 194
4816 237.968
4815 241.968
4860 202
4859 198
4858 194
4863 214
4776 210
4687 205
4686 201
4600 197
4513 193
4424 189
4332 184
4240 180
4147 176
4853 174
4852 170
4855 182
4854 178
4843 160.902
4756 156.902
4667 151.902
4666 147.902
4580 143.902
4579 139.902
4492 135.902
4491 131.902
4835 140.902
4889 288.968
4890 284.968
4888 292.968
4891 280.968
4893 272.968
4894 268.968
4892 276.968
4895 264.968
4896 260.968
4883 312.968
4884 308.968
4885 304.968
4882 316.968
4887 296.968
4873 254
4872 250
4875 262
4874 258
4877 270
4876 266
4879 328.968
4878 332.968
4865 222
4778 218
4689 213
4603 209
4602 205
4515 201
4426 197
4864 218
4918 143.902
4833 139.902
4901 241.968
4900 245.968
4957 254
4959 262
4958 258
4945 206
4944 202
4947 214
4946 210
4861 206
4949 222
4948 218
4950 226
4937 174
4939 182
4938 178
4940 186
4942 194
4857 190
4770 186
4985 245.968
4984 249.968
4977 276.968
4979 268.968
4978 272.968
4982 256.968
4973 292.968
4974 288.968
4972 296.968
4961 270
4960 266
4963 332.968
4962 336.968
4965 324.968
4967 316.968
4966 320.968
5022 183
5011 165.902
4927 160.902
4926 156.902
4925 152.902
5015 173
4931 168
4846 164
4759 160
4670 155
4584 151
5050 320.968
5053 308.968
5052 312.968
5055 300.968
5041 259
5043 267
5042 263
5045 340.968
5044 271
5033 227
5032 223
5027 203
4943 198
5026 199
5031 219
5030 215
5065 260.968
5064 264.968
5057 292.968
5056 296.968
5059 284.968
4976 280.968
5061 276.968
5060 280.968
5113 223
5112 219
5101 181
5019 177
4935 172
4850 168
5093 169.902
5092 165.902
5010 161.902
5094 173.902
5145 268.968
5146 264.968
5144 272.968
5137 300.968
5138 296.968
5136 304.968
5139 292.968
5058 288.968
4975 284.968
5141 284.968
5142 280.968
5140 288.968
5133 316.968
5123 263
5125 271
5124 267
5127 340.968
5126 275
5176 180
5096 176
5014 172
4930 167
4845 163
4758 159
5175 179
5095 175
5013 171
5209 332.968
5208 336.968
5211 324.968
5213 316.968
5214 312.968
5215 308.968
5212 320.968
5203 267
5205 275
5204 271
5193 227
5192 223
5194 231
5114 227
5224 272.968
5225 268.968
5217 300.968
5216 304.968
5223 276.968
5275 228
5274 224
5191 219
5111 215
5029 211
5276 232
5304 304.968
5307 292.968
5306 296.968
5309 284.968
5310 280.968
5308 288.968
5311 276.968
5312 272.968
5296 336.968
5301 316.968
5302 312.968
5303 308.968
5295 340.968
5294 344.968
5287 276
5361 224
5360 220
5359 216
5358 212
5270 208
5187 203
5107 199
5025 195
4941 190
4856 186
5401 284.968
5400 288.968
5402 280.968
5403 276.968
5393 316.968
5392 320.968
5395 308.968
5394 312.968
5397 300.968
5398 296.968
5399 292.968
5386 344.968
5387 340.968
5388 336.968
5389 332.968
5390 328.968
5299 324.968
5300 320.968
5380 367.968
5465 276
5489 296.968
5490 292.968
5491 288.968
5492 284.968
5493 280.968
5488 300.968
5483 320.968
5485 312.968
5484 316.968
5487 304.968
5567 328.968
5482 324.968
5566 332.968
5481 328.968
5585 277.968
5661 273.968
5584 269.968
5499 265.968
5408 261.968
5317 257.968
5577 288.968
5578 284.968
5576 292.968
5580 277.968
5581 273.968
5568 324.968
5573 304.968
5572 308.968
5575 296.968
5574 300.968
5626 277
5549 272
5548 268
5547 264
5546 260
5545 256
5544 252
5458 248
5366 244
5278 240
5195 235
5657 277.968
5656 281.968
5659 273.968
5583 269.968
5498 265.968
5660 273.968
5662 273.968
5500 265.968
5409 261.968
5649 308.968
5648 312.968
5651 300.968
5652 296.968
5650 304.968
5643 332.968
5644 328.968
5647 316.968
5646 320.968
5695 237
5615 233
5538 228
5452 224
5725 324.968
5726 320.968
5727 316.968
5728 312.968
5729 308.968
5730 304.968
5731 300.968
5732 296.968
5736 281.968
5739 277.968
5738 277.968
5740 277.968
5735 285.968
5789 372.968
5714 368.968
5635 364.968
5559 360.968
5474 356.968
5475 352.968
5385 348.968
5788 375.968
5811 285.968
5810 289.968
5813 281.968
5815 281.968
5814 281.968
5801 324.968
5802 320.968
5803 316.968
5800 328.968
5805 308.968
5804 312.968
5806 304.968
5880 308.968
5882 300.968
5885 289.968
5884 293.968
5887 285.968
5872 340.968
5798 336.968
5723 332.968
5875 328.968
5874 332.968
5877 320.968
5876 324.968
5879 312.968
5878 316.968
5864 372.968
5790 368.968
5715 364.968
5716 360.968
5717 356.968
5718 352.968
5719 348.968
5720 344.968
5721 340.968
5642 336.968
5863 376.968
5862 379.968
5889 285.968
5888 285.968
5947 340.968
5949 328.968
5951 320.968
5952 316.968
5950 324.968
5939 372.968
5940 368.968
5941 364.968
5867 360.968
5793 356.968
5961 289.968
5960 289.968
5962 289.968
5955 304.968
5957 297.968
5958 293.968
6001 665.924
6082 660.924
6158 656.924
6159 652.924
6234 648.924
6309 643.924
6310 639.924
6311 635.924
6312 631.924
6000 282
5999 278
5998 274
5997 270
5924 266
5850 262
5775 257
5774 253
5773 249
5772 245
5696 241
5616 237
5539 232
5453 228
6003 657.924
6084 652.924
6085 648.924
6161 644.924
6236 640.924
6002 661.924
6083 656.924
6004 653.924
6041 293.968
6035 308.968
6034 312.968
6037 301.968
6038 297.968
6027 340.968
6028 336.968
6029 332.968
6030 328.968
6016 384.968
6017 380.968
6018 376.968
6109 336.968
6110 332.968
6081 664.924
6121 297.968
6122 297.968
6042 293.968
6113 320.968
6112 324.968
6115 312.968
6114 316.968
6117 305.968
6118 301.968
6160 648.924
6162 640.924
6155 283
6079 278
6157 660.924
6156 664.924
6192 316.968
6195 305.968
6194 309.968
6198 301.968
6187 336.968
6186 340.968
6189 328.968
6190 324.968
6191 320.968
6233 652.924
6308 647.924
6232 656.924
6307 651.924
6235 644.924
6237 636.924
6231 660.924
6306 655.924
6230 283
6229 279
6228 275
6152 271
6076 266
5995 262
5922 258
5848 254
6265 324.968
6264 328.968
6266 320.968
6269 309.968
6268 313.968
6271 305.968
6263 332.968
6241 419.968
6167 415.968
6090 411.968
6091 407.968
6092 403.968
6012 399.968
6013 395.968
5934 391.968
5935 387.968
5936 383.968
6247 396.968
6248 392.968
6249 388.968
6175 384.968
6098 380.968
6099 376.968
6019 372.968
6318 423.968
6319 419.968
6320 415.968
6243 411.968
6169 407.968
6305 659.924
6345 317.968
6346 313.968
6348 309.968
6351 309.968
6274 305.968
6200 301.968
6123 297.968
6043 293.968
6339 340.968
6341 332.968
6340 336.968
6343 324.968
6342 328.968
6393 612.924
6394 608.924
6392 616.924
6385 644.924
6386 640.924
6387 636.924
6388 632.924
6389 628.924
6390 624.924
6391 620.924
6384 648.924
6381 660.924
6382 656.924
6383 652.924
6380 284
6303 279
6424 317.968
6426 313.968
6417 344.968
6416 348.968
6418 340.968
6419 336.968
6421 328.968
6420 332.968
6423 321.968
6409 376.968
6410 372.968
6411 368.968
6333 364.968
6256 360.968
6257 356.968
6183 352.968
6106 348.968
6026 344.968
6412 364.968
6334 360.968
6401 407.968
6323 403.968
6246 399.968
6172 395.968
6095 391.968
6015 387.968
6459 657.924
6540 653.924
6620 648.924
6698 644.924
6774 640.924
6847 635.924
6848 631.924
6920 627.924
6921 623.924
6922 619.924
6998 615.924
7069 610.924
7070 606.924
7071 602.924
7072 598.924
7073 594.924
7074 590.924
7075 586.924
7076 582.924
7077 578.924
7146 574.924
7211 570.924
7278 566.924
7346 561.924
7347 557.924
7416 553.924
7417 549.924
6458 661.924
6539 657.924
6619 652.924
6461 649.924
6542 645.924
6622 640.924
6700 636.924
6776 632.924
6849 627.924
6850 623.924
6851 619.924
6852 615.924
6924 611.924
6925 607.924
6926 603.924
7002 599.924
6460 653.924
6463 641.924
6544 637.924
6624 632.924
6702 628.924
6703 624.924
6704 620.924
6705 616.924
6781 612.924
6854 607.924
6462 645.924
6543 641.924
6623 636.924
6701 632.924
6483 411.968
6484 408.968
6402 404.968
6324 400.968
6473 601.924
6554 597.924
6634 592.924
6472 605.924
6553 601.924
6633 596.924
6477 588.924
6558 584.924
6638 579.924
6716 575.924
6792 571.924
6865 566.924
6937 562.924
7013 558.924
6478 587.924
6559 583.924
6639 578.924
6717 574.924
6793 570.924
6866 565.924
6938 561.924
6465 633.924
6466 629.924
6467 625.924
6468 621.924
6549 617.924
6629 612.924
6630 608.924
6631 604.924
6632 600.924
6710 596.924
6786 592.924
6859 587.924
6931 583.924
7007 579.924
7078 574.924
7079 570.924
7080 566.924
7081 562.924
7082 558.924
7151 554.924
7216 550.924
7283 546.924
7351 541.924
6464 637.924
6545 633.924
6625 628.924
6469 617.924
6550 613.924
6471 609.924
6552 605.924
6470 613.924
6505 325.968
6506 321.968
6508 317.968
6499 348.968
6500 344.968
6501 340.968
6498 352.968
6502 336.968
6503 332.968
6556 589.924
6547 625.924
6627 620.924
6546 629.924
6626 624.924
6548 621.924
6628 616.924
6551 609.924
6541 649.924
6621 644.924
6585 336.968
6584 340.968
6587 329.968
6588 325.968
6591 321.968
6509 317.968
6590 321.968
6581 352.968
6582 348.968
6580 356.968
6583 344.968
6560 582.924
6640 577.924
6718 573.924
6565 415.968
6566 412.968
6567 408.968
6568 404.968
6569 400.968
6570 396.968
6488 392.968
6406 388.968
6328 384.968
6251 380.968
6252 376.968
6178 372.968
6101 368.968
6021 364.968
6022 360.968
6023 356.968
5944 352.968
5945 348.968
5871 344.968
5797 340.968
5722 336.968
6618 656.924
6651 392.968
6644 419.968
6667 329.968
6666 333.968
6659 360.968
6660 356.968
6658 364.968
6661 352.968
6662 348.968
6663 344.968
6713 584.924
6707 608.924
6708 604.924
6784 600.924
6857 595.924
6929 591.924
6930 587.924
6706 612.924
6782 608.924
6855 603.924
6856 599.924
6928 595.924
6709 600.924
6785 596.924
6858 591.924
6711 592.924
6697 648.924
6696 652.924
6772 648.924
6845 643.924
6917 639.924
6918 635.924
6994 631.924
7065 626.924
7066 622.924
7067 618.924
7068 614.924
6699 640.924
6775 636.924
6695 656.924
6771 652.924
6844 647.924
6916 643.924
6745 333.968
6744 337.968
6746 329.968
6737 364.968
6736 368.968
6739 356.968
6740 352.968
6738 360.968
6741 348.968
6733 380.968
6734 376.968
6735 372.968
6723 420.968
6724 416.968
6725 412.968
6647 408.968
6648 404.968
6777 628.924
6779 620.924
6778 624.924
6780 616.924
6853 611.924
6783 604.924
6770 289
6694 285
6616 280
6615 276
6614 272
6613 268
6612 264
6532 260
6450 256
6372 252
6295 247
6220 243
6144 239
6068 234
5987 230
5914 226
5840 222
5765 217
5689 213
5609 209
5532 204
5446 200
5354 196
5266 192
5183 187
5103 183
5021 179
6773 644.924
6846 639.924
6809 380.968
6810 376.968
6811 372.968
6812 368.968
6813 364.968
6814 360.968
6815 356.968
6798 424.968
6787 588.924
6860 583.924
6789 580.924
6843 651.924
6819 341.968
6821 333.968
6822 333.968
6879 388.968
6808 384.968
6869 428.968
6870 424.968
6799 420.968
6910 710.924
6888 352.968
6890 345.968
6891 341.968
6892 337.968
6881 380.968
6882 376.968
6880 384.968
6883 372.968
6885 364.968
6884 368.968
6886 360.968
6941 428.968
6942 424.968
6940 432.968
6933 575.924
6932 579.924
6923 615.924
6927 599.924
7003 595.924
6915 647.924
6914 651.924
6990 647.924
7061 642.924
7130 638.924
7195 634.924
7196 630.924
7197 626.924
7264 622.924
7332 617.924
7333 613.924
7334 609.924
7335 605.924
7336 601.924
7337 597.924
7406 593.924
6919 631.924
6995 627.924
6953 376.968
6954 372.968
6955 368.968
6952 380.968
6956 364.968
6958 356.968
6949 392.968
6951 384.968
6950 388.968
7001 603.924
7000 607.924
7005 587.924
7004 591.924
7006 583.924
6993 635.924
7064 630.924
7133 626.924
7134 622.924
7199 618.924
7200 614.924
7201 610.924
7202 606.924
7269 602.924
6992 639.924
7063 634.924
7132 630.924
6997 619.924
6996 623.924
6999 611.924
6985 675.924
7054 670.924
7055 666.924
7124 662.924
7125 658.924
7126 654.924
7127 650.924
7128 646.924
7129 642.924
6984 679.924
7053 674.924
6987 667.924
7056 662.924
6986 671.924
6989 651.924
7060 646.924
6988 663.924
7057 658.924
7058 654.924
6991 643.924
7062 638.924
6977 707.924
7046 702.924
7115 698.924
7116 694.924
7117 690.924
7118 686.924
7119 682.924
7120 678.924
7185 674.924
7252 670.924
7320 665.924
7389 661.924
7390 657.924
6976 711.924
7045 706.924
7114 702.924
6979 699.924
7048 694.924
6978 703.924
7047 698.924
6981 691.924
7050 686.924
6980 695.924
7049 690.924
6983 683.924
7032 360.968
7034 353.968
7035 349.968
6961 345.968
7025 388.968
7026 384.968
7024 392.968
7027 380.968
7028 376.968
7029 372.968
7017 432.968
7016 436.968
7018 428.968
7023 396.968
7009 571.924
7008 575.924
7011 563.924
7010 567.924
7059 650.924
7044 710.924
7097 388.968
7096 392.968
7098 384.968
7103 364.968
7102 368.968
7088 432.968
7095 396.968
7094 400.968
7085 443.968
7015 439.968
6939 435.968
6868 431.968
6797 427.968
6722 423.968
7087 436.968
7086 440.968
7131 634.924
7135 618.924
7136 614.924
7123 666.924
7122 670.924
7187 666.924
7254 662.924
7113 706.924
7178 702.924
7245 698.924
7313 693.924
7314 689.924
7383 685.924
7384 681.924
7385 677.924
7386 673.924
7452 669.924
7453 665.924
7454 661.924
7455 657.924
7456 653.924
7112 710.924
7177 706.924
7105 357.968
7106 353.968
7163 408.968
7164 404.968
7165 400.968
7162 420.968
7228 416.968
7229 412.968
7167 392.968
7168 388.968
7166 396.968
7155 444.968
7156 440.968
7159 432.968
7145 578.924
7144 582.924
7147 570.924
7148 566.924
7213 562.924
7214 558.924
7215 554.924
7282 550.924
7350 545.924
7149 562.924
7150 558.924
7137 610.924
7138 606.924
7139 602.924
7204 598.924
7205 594.924
7272 590.924
7340 585.924
7341 581.924
7342 577.924
7411 573.924
7412 569.924
7413 565.924
7414 561.924
7141 594.924
7206 590.924
7207 586.924
7208 582.924
7209 578.924
7276 574.924
7344 569.924
7140 598.924
7143 586.924
7142 590.924
7193 642.924
7194 638.924
7261 634.924
7329 629.924
7330 625.924
7399 621.924
7192 646.924
7259 642.924
7327 637.924
7328 633.924
7198 622.924
7184 678.924
7251 674.924
7319 669.924
7189 658.924
7256 654.924
7324 649.924
7393 645.924
7394 641.924
7188 662.924
7255 658.924
7323 653.924
7392 649.924
7191 650.924
7258 646.924
7326 641.924
7190 654.924
7257 650.924
7325 645.924
7176 357.968
7179 698.924
7246 694.924
7181 690.924
7248 686.924
7316 681.924
7317 677.924
7180 694.924
7247 690.924
7315 685.924
7183 682.924
7250 678.924
7318 673.924
7182 686.924
7249 682.924
7171 376.968
7170 380.968
7173 368.968
7175 361.968
7224 432.968
7225 428.968
7226 424.968
7227 420.968
7231 404.968
7232 400.968
7233 396.968
7234 392.968
7230 408.968
7219 451.968
7154 447.968
7221 444.968
7220 448.968
7223 436.968
7210 574.924
7212 566.924
7203 602.924
7260 638.924
7263 626.924
7331 621.924
7262 630.924
7241 365.968
7242 361.968
7243 706.924
7311 701.924
7380 697.924
7381 693.924
7382 689.924
7448 685.924
7449 681.924
7450 677.924
7451 673.924
7244 702.924
7312 697.924
7237 380.968
7238 376.968
7172 372.968
7236 384.968
7289 440.968
7290 436.968
7291 432.968
7292 428.968
7293 424.968
7281 554.924
7349 549.924
7280 558.924
7348 553.924
7273 586.924
7275 578.924
7343 573.924
7274 582.924
7277 570.924
7345 565.924
7279 562.924
7265 618.924
7267 610.924
7266 614.924
7268 606.924
7271 594.924
7339 589.924
7408 585.924
7270 598.924
7338 593.924
7407 589.924
7305 376.968
7239 372.968
7304 380.968
7307 369.968
7308 365.968
7310 705.924
7379 701.924
7303 384.968
7302 388.968
7353 536.968
7555 524.968
7355 456.968
7357 448.968
7356 452.968
7359 440.968
7360 436.968
7361 432.968
7358 444.968
7376 373.968
7369 400.968
7370 396.968
7368 404.968
7371 392.968
7373 384.968
7374 380.968
7372 388.968
7365 416.968
7367 408.968
7366 412.968
7419 541.924
7420 537.924
7418 545.924
7423 460.968
7422 462.968
7409 581.924
7410 577.924
7415 557.924
7401 613.924
7400 617.924
7403 605.924
7404 601.924
7402 609.924
7405 597.924
7395 637.924
7397 629.924
7396 633.924
7398 625.924
7441 388.968
7440 392.968
7442 384.968
7433 420.968
7432 424.968
7435 412.968
7434 416.968
7437 404.968
7436 408.968
7439 396.968
7438 400.968
7425 452.968
7426 448.968
7424 456.968
7427 444.968
7428 440.968
7429 436.968
7431 428.968
7513 692.968
7514 688.968
7515 684.968
7516 680.968
7517 676.968
7518 672.968
7519 668.968
7520 664.968
7521 660.968
7522 656.968
7523 652.968
7524 648.968
7525 644.968
7526 640.968
7527 636.968
7528 632.968
7529 628.968
7530 624.968
7531 620.968
7532 616.968
7533 612.968
7534 608.968
7535 604.968
7536 600.968
7537 596.968
7538 592.968
7539 588.968
7540 584.968
7541 580.968
7542 576.968
7543 572.968
7544 568.968
7545 564.968
7546 560.968
7547 556.968
7548 552.968
7549 548.968
7550 544.968
7551 540.968
7552 536.968
7553 532.968
7554 528.968
7505 400.968
7504 404.968
7507 392.968
7506 396.968
7497 432.968
7499 424.968
7498 428.968
7501 416.968
7502 412.968
7503 408.968
7489 464.968
7491 456.968
7492 452.968
7493 448.968
7490 460.968
7582 701.968
7655 697.968
7728 693.968
7802 688.968
7569 432.968
7570 428.968
7571 424.968
7500 420.968
7568 436.968
7573 416.968
7572 420.968
7575 408.968
7574 412.968
7561 464.968
7560 468.968
7563 456.968
7562 460.968
7564 452.968
7567 440.968
7566 444.968
7559 470.968
7488 466.968
7609 593.968
7610 589.968
7683 585.968
7684 581.968
7685 577.968
7686 573.968
7687 569.968
7688 565.968
7689 561.968
7690 557.968
7763 553.968
7837 548.968
7608 597.968
7681 593.968
7754 589.968
7828 584.968
7829 580.968
7611 585.968
7613 577.968
7612 581.968
7615 569.968
7614 573.968
7603 617.968
7604 613.968
7605 609.968
7606 605.968
7679 601.968
7752 597.968
7826 592.968
7827 588.968
7607 601.968
7592 661.968
7593 657.968
7594 653.968
7595 649.968
7668 645.968
7741 641.968
7815 636.968
7641 440.968
7640 444.968
7643 432.968
7642 436.968
7645 424.968
7646 420.968
7644 428.968
7647 416.968
7648 412.968
7633 472.968
7635 464.968
7634 468.968
7639 448.968
7625 529.968
7698 525.968
7699 521.968
7772 517.968
7846 512.968
7624 533.968
7697 529.968
7627 521.968
7628 517.968
7629 513.968
7702 509.968
7703 505.968
7776 501.968
7850 496.968
7626 525.968
7630 509.968
7617 561.968
7616 565.968
7619 553.968
7620 549.968
7693 545.968
7766 541.968
7840 536.968
7841 532.968
7618 557.968
7621 545.968
7622 541.968
7623 537.968
7677 609.968
7750 605.968
7824 600.968
7678 605.968
7751 601.968
7825 596.968
7654 393.091
10081 389.055
7707 468.968
7706 472.968
7709 460.968
7711 452.968
7712 448.968
7710 456.968
7696 533.968
7769 529.968
7843 524.968
7701 513.968
7700 517.968
7773 513.968
7847 508.968
7848 504.968
7849 500.968
7691 553.968
7764 549.968
7838 544.968
7692 549.968
7765 545.968
7839 540.968
7695 537.968
7768 533.968
7842 528.968
7694 541.968
7767 537.968
7680 597.968
7753 593.968
7682 589.968
7755 585.968
7720 416.968
7721 412.968
7722 408.968
7650 404.968
7577 400.968
7713 444.968
7715 436.968
7714 440.968
7717 428.968
7716 432.968
7719 420.968
7718 424.968
7771 521.968
7845 516.968
7770 525.968
7844 520.968
7775 505.968
7774 509.968
7761 561.968
7835 556.968
7760 565.968
7834 560.968
7762 557.968
7836 552.968
7757 577.968
7831 572.968
7832 568.968
7756 581.968
7830 576.968
7759 569.968
7833 564.968
7758 573.968
7793 420.968
7792 424.968
7785 452.968
7786 448.968
7787 444.968
7788 440.968
7789 436.968
7790 432.968
7784 456.968
7791 428.968
7779 476.968
7778 493.968
7780 472.968
7783 460.968
7782 464.968
7865 428.968
7864 432.968
7866 424.968
7867 420.968
7794 416.968
7857 460.968
7858 456.968
7859 452.968
7856 464.968
7861 444.968
7860 448.968
7863 436.968
7862 440.968
7855 468.968
7929 468.968
7928 472.968
7931 460.968
7930 464.968
7933 452.968
7934 448.968
7932 456.968
7935 444.968
7936 440.968
7937 436.968
7938 432.968
7939 428.968
7940 424.968
7941 420.968
8013 415.968
7944 408.968
7872 404.968
7726 396.968
8057 491.968
8056 495.968
8061 475.968
8062 471.968
8063 467.968
8064 463.968
8051 515.968
8050 519.968
8055 499.968
8041 555.968
8040 559.968
8035 579.968
8037 571.968
8038 567.968
8036 575.968
8039 563.968
8072 431.968
8074 424.968
8065 459.968
8067 451.968
