 key  value
8122 162.956
8062 157.956
7999 153.956
7998 149.956
7927 145.956
7926 141.956
7925 137.956
7924 133.956
7851 129.956
7777 124.956
7704 120.956
7631 116.956
7558 109.956
7557 105.956
7556 101.956
9982 96.941
7487 93
7421 89
7420 85
7351 81
7283 76
7216 72
7215 68
7150 64
7149 60
7148 56
7147 52
7146 48
7145 44
7144 40
7143 36
7142 32
7141 28
7140 24
7139 20
7138 16
7137 12
7136 8
7135 4
8125 174.956
8065 169.956
8002 165.956
7931 161.956
7930 157.956
7929 153.956
7928 149.956
8124 170.956
8064 165.956
8063 161.956
8000 157.956
8127 182.956
8067 177.956
8004 173.956
7933 169.956
7932 165.956
8126 178.956
8066 173.956
8003 169.956
8113 128
8053 123
7990 119
7919 115
7846 111
7772 106
7699 102
7626 98
7554 94
7486 89
8112 124
8052 119
8051 115
8050 111
8049 107
8048 103
7985 99
7984 95
7983 91
7982 87
7911 83
7838 79
7764 74
7691 70
7690 66
7689 62
7688 58
7615 54
7543 50
7475 45
7474 41
7408 37
7407 33
7406 29
7405 25
7336 21
7268 16
7267 12
7200 8
8115 135.956
8055 130.956
7992 126.956
7921 122.956
7848 118.956
7774 113.956
7701 109.956
7628 105.956
8114 132
8054 127
8117 143.956
8057 138.956
7994 134.956
7923 130.956
7922 126.956
8116 139.956
8056 134.956
8119 150.956
8059 145.956
8058 141.956
7995 137.956
8118 146.956
8105 96
8045 91
8104 92
8044 87
8043 83
8042 79
7979 75
7908 71
7835 67
7761 62
8107 104
8047 99
8046 95
8106 100
8109 112
8108 108
8111 120
8110 116
8097 64
8037 59
8036 55
7973 51
7902 47
7829 43
7755 38
7682 34
7609 30
7537 26
7469 21
7403 17
7334 13
7266 8
7199 4
8096 60
8099 72
8039 67
8038 63
8098 68
8101 80
8041 75
8040 71
8100 76
8103 88
8102 84
8155 68
8157 76
8156 72
8159 84
8158 80
8136 72
8137 68
8138 64
8081 60
8022 56
8023 52
7961 48
7891 44
7819 40
7746 36
7674 32
7602 28
7531 24
7464 20
7399 16
7331 12
7264 8
7198 4
8128 186.956
8068 181.956
8005 177.956
8185 186.956
8184 182.956
8183 178.956
8182 174.956
8177 154.956
8176 150.956
8179 162.956
8121 158.956
8061 153.956
8060 149.956
7997 145.956
7996 141.956
8178 158.956
8181 170.956
8180 166.956
8169 124
8168 120
8171 132
8170 128
8173 139.956
8172 136
8175 147.956
8174 143.956
8161 92
8160 88
8163 100
8162 96
8165 108
8164 104
8167 116
8166 112
8217 88
8216 84
8215 80
8214 76
8213 72
8219 96
8218 92
8221 104
8220 100
8223 112
8222 108
8241 182.956
8240 178.956
8239 174.956
8242 186.956
8233 151.956
8232 147.956
8235 158.956
8234 154.956
8237 166.956
8236 162.956
8238 170.956
8225 120
8224 116
8227 128
8226 124
8229 136
8228 132
8231 143.956
8230 140
8281 133
8280 129
8283 141
8282 137
8285 148.956
8284 145
8287 156.956
8286 152.956
8273 101
8272 97
8275 109
8274 105
8277 117
8276 113
8279 125
8278 121
91 566.956
112 562.956
126 558.956
144 554.956
172 550.956
209 546.956
254 542.956
304 538.956
359 534.956
419 528.956
482 524.956
481 520.956
550 513.956
621 509.956
691 505.956
770 501.956
856 497.956
940 493.956
939 489.956
938 485.956
1012 481.956
1081 477.956
1153 473.956
1236 469.956
1319 465.956
1405 461.956
1499 457.956
1592 453.956
1685 449.956
1780 445.956
1867 441.956
1951 437.956
2040 433.956
2132 429.956
2222 425.956
2309 421.956
2397 417.956
2483 413.956
2567 409.956
2654 405.956
2742 401.956
2830 397.956
2927 393.956
3029 389.956
3121 385.956
3215 381.956
3310 377.956
3405 373.956
3490 369.956
3571 365.956
3657 361.956
3739 357.956
3826 353.956
3915 349.956
4004 345.956
4093 341.956
4183 337.956
4276 333.956
4366 329.956
4454 325.956
4541 321.956
4626 317.956
4708 313.956
4795 309.956
4880 305.956
4964 301.956
5048 297.956
5130 293.956
5209 289.956
5296 285.956
5387 281.956
5477 277.956
5562 273.956
5638 269.956
5717 265.956
5792 261.956
5866 257.956
5940 253.956
6019 249.956
6099 245.956
6176 241.956
6250 237.956
6327 233.956
6405 229.956
6487 225.956
6569 221.956
6648 217.956
6726 213.956
6801 209.956
6872 205.956
6943 201.956
7019 197.956
7089 193.956
7158 189.956
7223 185.956
7289 181.956
7358 177.956
7426 173.956
7492 169.956
7563 165.956
7636 161.956
7708 157.956
7781 153.956
7854 149.956
8269 85
93 566.956
113 562.956
127 558.956
8268 81
92 566.956
8271 93
8270 89
8319 89
8318 85
8317 81
8267 77
8298 199.956
8244 194.956
8243 190.956
125 558.956
142 554.956
171 550.956
8289 163.956
8288 159.956
8291 171.956
115 569.956
129 565.956
146 561.956
174 557.956
211 553.956
256 549.956
306 545.956
361 541.956
422 537.956
485 533.956
555 529.956
626 525.956
696 521.956
774 514.956
859 508.956
858 504.956
857 500.956
8290 167.956
114 566.956
8293 179.956
8292 175.956
8294 183.956
8344 187.956
8349 207.956
8348 203.956
8347 199.956
8346 195.956
8345 191.956
110 562.956
124 558.956
8337 160.956
8336 156.956
8335 152.956
8339 167.956
8338 163.956
8341 175.956
8340 171.956
8343 183.956
8342 179.956
8329 129
8328 125
8327 121
8331 137
8330 133
8333 145
8332 141
8334 149
8321 97
145 558.956
173 554.956
8320 93
8323 105
147 565.956
8322 101
8325 113
149 572.956
148 568.956
176 564.956
213 560.956
258 556.956
308 552.956
363 548.956
424 544.956
487 540.956
557 536.956
628 532.956
697 525.956
8324 109
8326 117
150 576.956
178 572.956
215 568.956
260 564.956
259 560.956
309 556.956
8377 129
8376 125
8379 137
8378 133
8381 145
8380 141
8383 153
8382 149
143 554.956
8369 97
8368 93
8367 89
128 562.956
8371 105
8370 101
131 572.956
130 569.956
8373 113
133 580.956
8372 109
8375 121
8374 117
177 568.956
179 576.956
216 572.956
181 584.956
218 580.956
217 576.956
180 580.956
175 561.956
212 557.956
8393 191.956
8392 187.956
219 584.956
8385 160.956
8384 156.956
8387 167.956
8386 164.956
210 550.956
255 546.956
305 542.956
360 538.956
8389 175.956
8388 171.956
8391 183.956
8390 179.956
214 564.956
8441 187.956
8440 183.956
8439 179.956
8438 175.956
8433 157
8432 153
8435 164.956
8434 160.956
8437 171.956
8436 168.956
8425 125
8424 121
8427 133
8426 129
8429 141
8428 137
8431 149
8430 145
8419 101
8418 97
8421 109
8420 105
8423 117
8422 113
8473 130
8472 126
8475 138
8474 134
8477 146
8476 142
8479 154
8478 150
8467 106
8466 102
8469 114
8468 110
8471 122
8470 118
264 580.956
263 576.956
313 572.956
368 568.956
367 564.956
428 560.956
491 556.956
561 552.956
632 548.956
631 544.956
630 540.956
629 536.956
266 588.956
316 584.956
371 580.956
432 576.956
431 572.956
430 568.956
429 564.956
257 553.956
8499 88
8452 84
8405 80
8355 76
8306 72
8256 68
8203 64
8146 60
8088 56
8029 52
7967 48
7896 44
7823 40
7750 36
7677 32
7604 28
7533 24
7466 20
7401 16
7332 12
7265 8
261 568.956
8500 88
8453 84
8406 80
8357 76
8309 72
8260 68
8207 64
8150 60
8092 56
8033 52
7970 48
7899 44
7826 40
7753 36
7680 32
7607 28
7535 24
7468 20
7402 16
7333 12
262 572.956
312 568.956
315 580.956
314 576.956
369 572.956
317 588.083
373 584.083
434 580.083
497 576.083
567 572.083
638 568.083
708 564.083
785 560.083
869 556.083
947 552.083
1018 548.083
1087 544.083
1159 540.083
1242 536.083
1325 532.083
1415 528.083
1414 524.083
1605 506.851
1604 502.851
1700 498.956
1793 491.956
1792 487.956
1791 483.956
1790 479.956
1876 475.956
1875 471.956
1959 467.956
1958 463.956
1957 459.956
2046 455.956
2045 451.956
2044 447.956
2135 440.956
2312 432.956
2399 425.956
2398 421.956
319 588.083
375 584.083
436 580.083
500 576.083
570 572.083
641 568.083
710 564.083
786 560.083
870 556.083
318 588.083
374 584.083
435 580.083
499 576.083
569 572.083
640 568.083
709 564.083
8481 162
8480 158
8483 169.956
307 549.956
362 545.956
8482 165.956
8485 176.956
8484 173.956
8487 184.956
311 564.956
310 560.956
8486 180.956
299 521.956
354 517.956
414 513.956
476 509.956
544 505.956
615 501.956
685 497.956
765 493.956
851 489.956
935 485.956
1010 481.956
1234 469.956
1317 465.956
1498 457.956
8529 169.956
8528 166
8531 177.956
8530 173.956
8533 184.956
8532 180.956
8521 138
8520 134
8523 146
8522 142
8525 154
8524 150
8527 162
8526 158
8515 114
8514 110
8517 122
8516 118
8519 130
8518 126
8569 154
8568 150
8567 146
8566 142
8565 138
8564 134
8571 162
8570 158
8573 170
8572 166
8575 177.956
8574 173.956
8561 122
8560 118
8563 130
8562 126
370 576.956
372 584.083
433 580.083
496 576.083
566 572.083
637 568.083
706 564.083
782 560.083
866 556.083
944 552.083
1015 548.083
1085 544.083
1157 540.083
1241 536.083
8605 127
365 556.956
426 552.956
489 548.956
488 544.956
558 540.956
8604 123
364 552.956
8607 135
8606 131
366 560.956
427 556.956
353 517.956
413 513.956
475 509.956
8589 96
8546 92
8502 88
8456 84
8409 80
8359 76
8310 72
8588 96
8545 92
412 513.956
474 509.956
543 505.956
614 501.956
8590 96
8547 92
8576 181.956
8632 100
8591 96
8548 92
8503 88
8457 84
8410 80
8360 76
8311 72
8261 68
8208 64
8631 100
8630 100
8617 175
8616 171
8619 182.956
8618 178.956
8609 143
8608 139
8611 151
8610 147
8613 159
8612 155
8615 167
8614 163
425 548.956
8671 104
8670 104
8657 171
8656 167
416 513.956
477 509.956
546 505.956
617 501.956
687 497.956
767 493.956
853 489.956
8659 179
8658 175
8661 186.956
8660 182.956
421 534.956
484 530.956
554 526.956
625 522.956
695 518.956
420 532.956
483 528.956
423 541.956
486 537.956
556 533.956
627 529.956
8649 139
473 510.956
541 506.956
612 502.956
682 498.956
762 494.956
849 490.956
933 486.956
1008 482.956
1078 478.956
1150 473.956
1316 465.956
1496 457.956
1590 453.956
1683 449.956
1864 441.956
2129 429.956
2220 425.956
2307 421.956
2395 417.956
2482 413.956
2566 409.956
8648 135
8651 147
8650 143
8653 155
8652 151
8655 163
8654 159
478 509.956
469 510.956
538 506.956
609 502.956
680 498.956
760 494.956
847 490.956
932 486.956
8647 131
471 510.956
540 506.956
611 502.956
8646 127
8697 175
8696 171
8695 167
8694 163
8693 159
8692 155
8691 151
8690 147
8699 183
8698 179
8701 190.956
8700 186.956
8689 143
8688 139
8687 135
8686 131
8672 104
8633 100
498 576.083
8729 151
8728 147
8727 143
8726 139
8725 135
8724 131
8723 127
8722 123
8683 119
8682 115
8681 111
8641 107
8599 103
8555 98
8510 94
8463 90
8415 85
8365 81
8316 77
8266 73
8212 68
8154 64
8731 159
8730 155
490 552.956
8733 167
8732 163
492 560.956
562 556.956
8735 175
8734 171
495 572.956
494 568.956
564 564.956
635 560.956
634 556.956
633 552.956
537 507.956
539 506.956
610 502.956
542 506.956
8711 108
8673 104
8710 108
8763 144
8765 152
8764 148
8767 160
8766 156
8747 112
8746 112
8748 112
8712 108
8737 183
8736 179
8739 190.956
563 560.956
8738 187
565 568.956
553 524.956
552 520.956
551 516.956
622 512.956
692 508.956
771 504.956
545 505.956
616 501.956
686 497.956
8787 116
547 505.956
618 501.956
689 497.956
768 493.956
854 489.956
8786 116
8788 116
8749 112
8713 108
8674 104
8634 100
8592 96
8549 92
8504 88
8776 195.956
605 515.956
606 511.956
607 507.956
608 503.956
679 499.956
759 495.956
8780 211.952
8779 207.956
8778 203.956
8741 198.956
8740 194.956
8769 168
8768 164
8771 176
8770 172
8773 184
8772 180
8775 192
8774 188
8827 120
8816 199.956
8809 172
8808 168
8811 180
8810 176
8813 188
8812 184
636 564.956
8815 196
8814 192
8801 140
8800 136
8799 132
8759 128
624 520.956
623 516.956
693 512.956
772 508.956
8803 148
8805 156
8804 152
8807 164
8806 160
619 501.956
620 505.956
690 501.956
8849 176
8848 172
8851 184
8850 180
8853 192
8852 188
613 502.956
684 498.956
764 494.956
8854 196
8841 144
8840 140
8843 152
8842 148
8802 144
8762 140
8845 160
8844 156
8847 168
8846 164
8890 201
8881 165
8880 161
8883 173
8882 169
642 572.083
711 568.083
8885 181
8884 177
8887 189
8886 185
8877 149
8879 157
8878 153
688 497.956
694 516.956
681 498.956
761 494.956
848 490.956
8920 185
8919 181
8918 177
8917 173
8916 169
8915 165
683 498.956
8913 157
8912 153
675 515.956
676 511.956
677 507.956
678 503.956
758 499.956
846 494.956
8914 161
8911 149
8876 145
8910 145
8875 141
8839 136
8953 185
8952 181
712 572.083
8945 153
8944 149
8943 145
8942 141
8908 137
8873 133
8837 128
8797 124
8757 120
8720 115
8947 161
8946 157
8949 169
8948 165
8951 177
8950 173
763 498.956
766 493.956
852 489.956
937 485.956
1011 481.956
1080 477.956
1152 473.956
1235 469.956
753 514.489
840 510.489
925 506.489
1003 502.489
1073 498.489
1142 494.489
1223 487.489
1306 480.489
1393 474.489
1487 470.489
1584 466.489
1677 462.489
1773 458.489
1862 454.489
1946 450.489
2035 446.489
2127 442.489
2218 438.489
2305 434.489
2392 430.489
2478 423.551
2734 406.956
2820 401.956
2913 397.956
3015 393.956
3108 389.956
3203 384.956
3300 380.956
3395 376.956
3482 371.956
3564 367.956
3649 363.956
3732 358.956
3820 354.956
3907 350.956
3996 346.956
4086 341.956
4176 337.956
4269 333.956
4359 329.956
4448 325.956
4536 321.956
4622 317.956
4704 313.956
4792 309.956
4962 301.956
5045 297.956
5127 293.956
5206 289.956
5294 285.956
5385 281.956
5475 277.956
5560 273.956
5637 269.956
5716 265.956
5791 261.956
5865 257.956
755 511.956
843 506.956
928 502.956
929 498.956
930 494.956
931 490.956
1007 486.956
754 514.489
841 510.489
926 506.489
757 503.956
845 498.956
756 507.956
844 502.956
8985 185
8984 181
8983 177
8977 153
8976 149
8979 161
8978 157
8981 169
8980 165
8982 173
8975 145
8974 144
8941 140
8907 136
8872 132
8836 127
8796 123
8756 119
8719 114
8680 110
8640 106
8598 102
8554 97
8509 93
8462 89
8414 84
8364 80
8315 76
8265 72
8211 67
8153 63
8095 59
8035 54
7972 50
7901 46
7828 42
7754 37
7681 33
7608 29
7536 25
784 560.083
868 556.083
946 552.083
787 564.083
871 560.083
948 556.083
789 572.083
873 568.083
950 564.083
949 560.083
788 568.083
872 564.083
790 576.083
874 572.083
951 568.083
9017 190
9016 186
9009 158
769 497.956
855 493.956
9008 154
9011 166
9010 162
9013 174
9012 170
9015 182
9014 178
9005 148
8973 143
8940 139
8906 135
8871 131
8835 126
8795 122
8755 118
8718 113
8679 109
8639 105
8597 101
8553 96
8508 92
8461 88
8413 83
8363 79
8314 75
8264 71
8210 66
8152 62
8094 58
8034 53
7971 49
7900 45
7827 41
9007 150
8997 140
8966 136
8933 132
8899 128
8864 124
8829 120
8789 116
8998 141
9041 166
9040 162
9039 158
9038 154
9043 174
9042 170
9045 182
9044 178
9047 190
9046 186
9037 153
9006 149
9036 152
850 494.956
934 490.956
9029 145
9028 144
842 510.489
9073 182
9072 178
9071 174
9075 190
9074 186
835 530.489
920 526.489
921 522.489
922 518.489
923 514.489
924 510.489
837 522.489
836 526.489
839 514.489
838 518.489
9065 156
9064 155
9035 151
9004 147
8972 142
8939 138
8905 134
8870 130
8834 125
8794 121
8754 117
8717 112
8678 108
8638 104
8596 100
8552 95
8507 91
8460 87
8412 82
8362 78
8313 74
8263 70
8209 65
8151 61
8093 57
9067 158
9066 157
9069 166
9068 162
9070 170
9059 150
9030 146
8999 142
8967 137
8934 133
8900 129
8865 125
9058 149
9063 154
9034 150
9003 146
8971 141
8938 137
8904 133
8869 129
8833 124
8793 120
8753 116
8716 111
8677 107
8637 103
8595 99
8551 94
8506 90
8459 86
8411 81
8361 77
8312 73
8262 69
9113 157
9086 152
9057 148
875 574.924
952 570.924
1023 566.924
1093 562.924
1165 558.924
1248 554.924
1331 550.924
1421 546.924
1517 542.924
1611 538.924
1708 534.924
1799 530.924
1882 526.924
1970 522.924
2060 518.924
2149 514.924
2235 510.924
2322 506.924
2408 502.924
2492 498.924
2577 494.924
2664 490.924
2752 486.924
2840 482.924
2940 478.924
3043 474.924
3133 470.924
3225 466.924
3319 462.924
3409 458.924
3497 454.924
3582 450.924
3665 446.924
3750 442.924
3839 438.924
3928 434.924
4016 430.924
4105 426.924
4196 422.924
4381 414.924
4470 410.924
4557 406.924
4643 402.924
9898 397.473
4729 392.956
4728 388.956
4727 384.956
4814 377.956
4899 373.956
4983 369.956
4982 365.956
4981 361.956
5064 357.956
5145 353.956
5224 349.956
5311 345.956
5402 341.956
5401 337.956
5400 333.956
5399 329.956
5489 325.956
5488 321.956
5573 317.956
5649 313.956
5728 309.956
5803 305.956
5877 301.956
5876 297.956
5949 293.956
6029 289.956
6109 285.956
6186 281.956
6185 277.956
6259 273.956
6258 269.956
6257 265.956
6334 261.956
6412 257.956
6494 253.956
6576 249.956
6655 245.956
6654 241.956
6653 237.956
6652 233.956
6730 229.956
6729 225.956
6728 221.956
6803 217.956
6874 213.956
6873 209.956
9117 161
9090 156
9061 152
9032 148
9001 144
8969 139
8936 135
8902 131
8867 127
8831 122
8791 118
8751 114
8714 109
8675 105
8635 101
8593 97
876 574.924
953 570.924
1025 566.924
1095 562.924
1167 558.924
1250 554.924
1334 550.924
1424 546.924
1520 542.924
1613 538.924
1710 534.924
1800 530.924
9119 163
9092 158
9118 162
9091 157
9062 153
9033 149
9002 145
8970 140
8937 136
8903 132
8868 128
8832 123
8792 119
8752 115
8715 110
8676 106
8636 102
8594 98
8550 93
8505 89
8458 85
9104 194
9103 190
9102 186
9097 166
9096 162
9099 174
9098 170
9101 182
9100 178
927 506.956
9093 159
9095 161
9094 160
9145 165
9144 164
9116 160
9089 155
9060 151
9031 147
9000 143
8968 138
8935 134
8901 130
8866 126
8830 121
8790 117
8750 113
9147 167
9146 166
9149 169
9121 165
9148 168
9120 164
9151 171
9123 167
9150 170
9122 166
9141 161
9143 163
9115 159
9088 154
9128 187
9130 195
954 570.924
9133 207
9106 202
9077 198
9048 194
945 552.083
1016 548.083
1086 544.083
1158 540.083
9125 175
9124 171
9127 183
9126 179
9177 175
9176 174
936 485.956
9179 183
9178 179
9152 175
9181 191
9155 187
9180 187
9182 195
9169 167
9171 169
9170 168
9173 171
9172 170
9175 173
9174 172
9153 179
9154 183
9201 179
9200 178
9203 184
9202 180
9205 192
9204 188
9206 196
9193 171
9168 166
9142 162
9114 158
9087 153
1017 548.083
9195 173
1019 552.083
1088 548.083
1160 544.083
9197 175
1021 560.083
1020 556.083
9196 174
9199 177
9198 176
1022 564.083
1091 560.083
1163 556.083
1246 552.083
1329 548.083
1419 544.083
1418 540.083
1417 536.083
1416 532.083
1009 486.956
1014 549.083
1156 541.083
1240 537.083
1324 533.083
9241 182
9219 178
1001 525.489
1000 529.489
9243 184
9221 180
9242 183
9220 179
9245 186
9223 182
1005 505.956
1006 501.956
9244 185
9222 181
1004 506.489
9247 188
9225 184
9246 187
9224 183
9227 192
9226 188
9228 196
1037 614.924
1104 610.924
1180 606.924
1179 602.924
1262 598.924
1261 594.924
1347 590.924
1437 586.924
1436 582.924
1532 578.924
1625 574.924
1722 570.924
1721 566.924
1720 562.924
1719 558.924
1718 554.924
1808 550.924
1807 546.924
1806 542.924
1805 538.924
1887 534.924
1886 530.924
1974 526.924
1973 522.924
2063 518.924
2152 514.924
2237 510.924
2324 506.924
2409 502.924
2493 498.924
2578 494.924
1027 566.924
1096 562.924
1168 558.924
1252 554.924
1336 550.924
1426 546.924
1522 542.924
1615 538.924
1712 534.924
1802 530.924
1885 526.924
1026 566.924
1028 566.924
1098 562.924
1170 558.924
1253 554.924
1337 550.924
1427 546.924
1523 542.924
1616 538.924
1713 534.924
1803 530.924
1084 545.083
9249 196
9248 192
1075 506.489
1144 502.489
1143 498.489
1074 502.489
1077 481.956
1148 477.956
1232 473.956
1233 469.956
1076 505.956
1097 562.924
1169 558.924
1099 562.924
1171 558.924
1254 554.924
1102 574.924
1174 570.924
1257 566.924
1256 562.924
1339 558.924
1429 554.924
1525 550.924
1618 546.924
1715 542.924
1089 552.083
1090 556.083
1162 552.083
1161 548.083
1145 489.956
1229 485.956
1230 481.956
1231 477.956
1146 485.956
1147 481.956
1183 618.924
1182 614.924
1181 610.924
1264 606.924
1263 602.924
1349 598.924
1439 594.924
1438 590.924
1173 566.924
1172 562.924
1255 558.924
1338 554.924
1166 558.924
1243 540.083
1326 536.083
9421 1506
9422 1408
9423 1310
9424 1212
9442 1037
9443 938
9461 803
9477 697
9494 590
9512 458
9531 351
9551 244
5928 64
6002 60
6082 56
6158 52
6233 48
6307 44
6384 40
6462 36
6543 32
6622 28
6699 24
6775 20
6847 16
6919 12
6995 8
7065 4
1245 548.083
1244 544.083
9420 1604
1247 554.924
1225 495.489
1224 491.489
1227 493.956
1228 489.956
1226 499.216
10048 495.543
1221 486.489
1220 482.489
1305 478.489
1392 474.489
1484 470.489
1582 466.489
1675 462.489
1772 458.489
9462 766.5
9939 676.086
9478 658.18
9942 569.301
9495 551
1222 490.489
1269 626.924
1268 622.924
1267 618.924
1266 614.924
1265 610.924
1259 586.924
1345 582.924
1435 578.924
1434 574.924
1530 570.924
1623 566.924
1251 554.924
9493 633
9511 500
9530 394
9550 288
9572 159
6001 60
6081 56
6157 52
6232 48
6306 44
6383 40
6461 36
6542 32
6621 28
1304 479.489
1307 484.489
1309 492.489
1308 488.489
1311 497.956
1310 496.489
9529 479
9549 373
9571 242
9593 136
6911 84
6912 80
6913 76
6982 65
7051 60
7052 56
7121 52
7122 48
7123 44
7124 40
7125 36
7126 32
7127 28
7128 24
7129 20
7130 16
7131 12
7132 8
7133 4
9528 578
9548 472
9570 340
9592 235
9532 347
9525 1483.2
9544 1381.2
9563 1288.2
9586 1186.2
9607 1084.2
9629 992.197
9630 895.197
9631 798.197
9984 746.603
9609 667
9610 567
9611 467
9612 367
9613 267
9614 167
7112 88
7113 84
7114 80
7115 76
7116 72
7117 68
7118 64
7119 60
7120 56
9524 1578.2
9543 1476.2
9562 1383.2
9585 1282.2
9606 1181.2
9628 1089.2
9527 677
9547 572
9569 438
9513 454
1341 566.924
1431 562.924
1430 558.924
1526 554.924
1619 550.924
1340 562.924
1343 574.924
1433 570.924
1529 566.924
1528 562.924
1621 558.924
1620 554.924
1342 570.924
1432 566.924
1328 544.083
1327 540.083
9506 1679.2
1330 550.924
1420 546.924
1516 542.924
1610 538.924
1707 534.924
1797 530.924
1880 526.924
1968 522.924
2058 518.924
2148 514.924
2233 510.924
2320 506.924
2406 502.924
2490 498.924
2575 494.924
2662 490.924
2751 486.924
2839 482.924
9509 683
1332 550.924
1422 546.924
1519 542.924
1335 550.924
1425 546.924
9510 585
9567 634
9568 536
9566 732
1312 493.956
1318 465.956
1404 461.956
9546 671
9595 1009.92
9594 910.924
5374 836.924
5373 832.924
5285 828.924
5202 823.924
5201 819.924
5200 815.924
5120 811.924
5038 807.924
4954 802.924
4869 798.924
4782 794.924
4693 789.924
4607 785.924
4520 781.924
4431 777.924
4339 772.924
4247 768.924
4246 764.924
4245 760.924
4152 756.924
4062 751.924
3972 747.924
3883 743.924
3795 739.924
3707 734.924
3623 730.924
3537 726.924
3451 721.924
3450 717.924
3449 713.924
3448 709.924
3447 705.924
3446 701.924
3445 697.924
3444 693.924
3443 689.924
3442 685.924
3441 681.924
3440 677.924
3439 673.924
3438 669.924
3437 665.924
3436 661.924
3435 657.924
3434 653.924
3433 649.924
3432 645.924
3431 641.924
3430 637.924
3429 633.924
3428 629.924
3427 625.924
3426 621.924
3425 617.924
3424 613.924
3423 609.924
3422 605.924
3421 601.924
3337 597.924
3336 593.924
3335 589.924
3334 585.924
3333 581.924
3332 577.924
3331 573.924
3330 569.924
3329 565.924
3328 561.924
3327 557.924
3326 553.924
3325 549.924
3324 545.924
3323 541.924
3229 534.924
3138 529.924
3046 525.924
3045 521.924
2949 514.924
2948 510.924
2947 506.924
2946 502.924
2945 498.924
2944 494.924
2943 490.924
2942 486.924
2941 482.924
1352 610.924
1442 606.924
1441 602.924
1440 598.924
1536 594.924
1535 590.924
1628 586.924
1725 582.924
1724 578.924
1723 574.924
1355 622.924
1445 618.924
1444 614.924
1540 610.924
1539 606.924
1632 602.924
1729 598.924
1819 594.924
1901 590.924
1989 586.924
1988 582.924
1987 578.924
1986 574.924
1985 570.924
1984 566.924
2074 562.924
2163 558.924
2248 554.924
2247 550.924
2246 546.924
2333 542.924
2332 538.924
2417 534.924
2501 530.924
2586 526.924
2585 522.924
2671 518.924
2759 514.924
2847 510.924
2846 506.924
1357 630.924
1447 626.924
1446 622.924
1359 638.924
1449 634.924
1448 630.924
1358 634.924
1346 586.924
9589 532
9590 433
9591 334
9588 631
1348 594.924
1350 602.924
1401 488.956
1314 484.956
1315 480.956
1400 492.956
1403 461.956
1497 457.956
1591 453.956
1778 445.956
1949 437.956
2039 433.956
2131 429.956
1402 484.956
1395 481.489
1489 477.489
1586 473.489
1679 469.489
1775 465.489
1863 458.489
1394 478.489
1488 474.489
1585 470.489
9573 377.956
4102 373.956
4194 369.956
4286 365.956
4285 361.956
4284 357.956
4283 353.956
4373 349.956
4372 345.956
4371 341.956
4370 337.956
4458 333.956
4457 329.956
4456 325.956
4543 321.956
4628 317.956
4710 313.956
4797 309.956
4882 305.956
4966 301.956
5049 297.956
1397 489.489
1396 485.489
1399 496.956
9574 906.924
3561 822.924
3475 817.924
3474 813.924
3473 809.924
3472 805.924
3471 801.924
3470 797.924
3469 793.924
3468 789.924
3467 785.924
3466 781.924
3465 777.924
3464 773.924
3463 769.924
3462 765.924
3461 761.924
3460 757.924
3459 753.924
3458 749.924
3457 745.924
3456 741.924
3455 737.924
3454 733.924
3453 729.924
3452 725.924
1398 494.085
1492 490.085
1491 486.085
9901 482.475
1588 481.489
1587 477.489
1391 475.489
1483 471.489
1581 467.489
9617 1012.92
9616 913.924
7111 848.924
7110 844.924
7109 840.924
7108 836.924
7038 828.924
7037 824.924
6967 817.924
6966 813.924
6965 809.924
6964 805.924
6896 798.924
6828 793.924
6755 789.924
6754 785.924
6753 781.924
6677 777.924
6599 772.924
6519 768.924
6437 764.924
6359 760.924
6282 755.924
6207 751.924
6131 747.924
6055 742.924
5974 738.924
5973 734.924
5972 730.924
5899 726.924
5898 722.924
5824 718.924
5749 713.924
5748 709.924
5672 705.924
5592 701.924
5515 696.924
5514 692.924
5513 688.924
5512 684.924
5511 680.924
5425 676.924
5333 672.924
5245 668.924
5162 663.924
5082 659.924
5000 655.924
4916 650.924
4831 646.924
4744 642.924
4655 637.924
4569 633.924
4482 629.924
4393 625.924
4301 620.924
4209 616.924
4116 612.924
4026 607.924
3936 603.924
3847 599.924
3759 595.924
3671 590.924
3587 586.924
3501 582.924
3415 577.924
1428 550.924
9657 409
9636 306
9656 506
9635 403
9658 507
9661 1115.68
9638 1007.68
10125 993.096
9660 1043.92
9637 935.924
9615 842.924
6824 783.924
6751 779.924
6675 775.924
6598 771.924
6518 767.924
6436 763.924
6358 759.924
9655 604
9634 500
9654 701
9633 597
9639 1028.92
9681 1151.92
9680 514
9682 1223.68
9677 778.473
10128 679.061
1500 457.956
1593 453.956
1686 449.956
9679 512
9678 609
1490 481.489
1493 498.085
1495 461.956
1494 498.956
9721 707
9700 603
9720 705
1482 479.489
1579 475.489
1580 471.489
1674 466.489
1485 470.489
1583 466.489
1676 462.489
1486 470.489
1531 574.924
1533 582.924
1534 586.924
1627 582.924
9699 700
9701 605
1524 546.924
1527 558.924
1513 536.083
1512 532.083
1515 543.924
1609 539.924
1514 540.083
1511 528.083
9742 885
9741 786
1553 662.924
1552 658.924
1645 654.924
1742 650.924
1741 646.924
1740 642.924
1739 638.924
1738 634.924
1828 630.924
1910 626.924
1998 622.924
1997 618.924
2087 614.924
2086 610.924
2175 606.924
2260 602.924
2347 598.924
2432 594.924
2431 590.924
2430 586.924
2429 582.924
2428 578.924
2427 574.924
2511 570.924
2596 566.924
2682 562.924
2770 558.924
2858 554.924
2857 550.924
2856 546.924
2855 542.924
2854 538.924
2954 534.924
2953 530.924
2952 526.924
2951 522.924
2950 518.924
1555 670.924
1648 666.924
1745 662.924
1744 658.924
1743 654.924
1554 666.924
1556 674.924
1649 670.924
1746 666.924
1545 630.924
1638 626.924
1735 622.924
1825 618.924
1907 614.924
1995 610.924
1994 606.924
2084 602.924
2173 598.924
2258 594.924
2345 590.924
1544 626.924
1637 622.924
1734 618.924
1733 614.924
1732 610.924
1731 606.924
1730 602.924
1546 634.924
1639 630.924
1736 626.924
1549 646.924
1548 642.924
1547 638.924
1640 634.924
1737 630.924
1551 654.924
1644 650.924
1550 650.924
1643 646.924
1537 598.924
1538 602.924
1631 598.924
1728 594.924
1818 590.924
1817 586.924
1816 582.924
1815 578.924
1814 574.924
1813 570.924
1895 566.924
1983 562.924
2073 558.924
2162 554.924
1541 614.924
1634 610.924
9782 1113
9781 1016
9761 890
1543 622.924
1542 618.924
9762 990
1589 457.956
9819 1182
9799 1079
9779 978
9760 888
9818 1181
9821 1188
9801 1084
9780 980
9820 1185
9800 1081
9823 1905.15
9804 1808.15
9784 1711.15
9763 1598.69
9744 1501.69
9723 1404.69
10126 1310.95
9702 1225.92
9822 1224
9802 1120
1624 570.924
1626 578.924
1630 594.924
1727 590.924
1726 586.924
9798 1102
9778 1000
9759 910
9740 808
1622 562.924
1608 543.636
1705 539.636
10049 535.894
1612 538.924
1709 534.924
9844 451.267
9833 434.204
10024 399.545
9830 359.455
9871 309.114
9829 252.428
9912 215.516
9828 184.197
9927 141.729
9827 102.857
9897 87.136
6005 60
6085 56
6161 52
6236 48
6310 44
6386 40
6464 36
6545 32
6624 28
6701 24
6777 20
6849 16
6921 12
6996 8
7066 4
1607 540.083
1606 536.083
1657 701.924
1754 697.924
1753 693.924
1752 689.924
1751 685.924
1750 681.924
1749 677.924
1748 673.924
1747 669.924
1837 665.924
1919 661.924
2007 657.924
2097 653.924
2186 649.924
2271 645.924
2358 641.924
2443 637.924
2527 633.924
2612 629.924
2697 622.924
2696 618.924
2695 614.924
2694 610.924
2693 606.924
2781 602.924
2869 598.924
2969 594.924
2968 590.924
2967 586.924
2966 582.924
2965 578.924
2964 574.924
2963 570.924
2962 566.924
2961 562.924
2960 558.924
2959 554.924
2958 550.924
2957 546.924
2956 542.924
2955 538.924
1656 697.924
9835 406.127
9879 393.559
9834 468.818
9843 434.94
1658 705.924
1755 701.924
1845 697.924
1927 693.924
2015 689.924
2105 685.924
2194 681.924
2193 677.924
2192 673.924
2277 669.924
2364 665.924
2449 661.924
2533 657.924
2532 653.924
2617 649.924
2616 645.924
2615 641.924
2614 637.924
2613 633.924
9836 289.233
9904 248.844
9826 249.875
6240 237.956
6396 229.956
6479 225.956
6562 221.956
6641 217.956
6720 213.956
6796 209.956
6867 205.956
7015 197.956
7154 189.956
7220 185.956
7287 181.956
7356 177.956
7424 173.956
7491 169.956
7562 165.956
1651 677.924
1650 673.924
1653 685.924
1652 681.924
9831 448.187
10007 397.048
9881 616.505
1642 642.924
9885 463.42
1647 662.924
1646 658.924
1633 606.924
1635 614.924
1636 618.924
9866 527.589
673 518.489
1684 449.956
1777 445.956
1865 441.956
1948 437.956
2037 433.956
9913 391.206
1673 475.489
9915 373.101
9914 286.41
9825 277.507
5627 269.956
5707 265.956
5782 261.956
5856 257.956
5930 253.956
6009 249.956
6089 245.956
6166 241.956
9917 80.924
7084 76
7083 72
7082 68
7081 64
7080 60
7079 56
7078 52
7077 48
7076 44
7075 40
7074 36
7073 32
9916 193.653
9919 162.38
9918 443.799
1678 466.489
9905 528.348
9906 412.952
4469 410.924
9909 382.068
4726 377.956
4725 373.956
4812 369.956
4897 365.956
9908 630.536
3249 627.924
3248 623.924
3340 616.924
9911 46.819
6314 44
6390 40
6467 36
6547 32
6626 28
6703 24
6778 20
6850 16
9910 296.898
9896 619.064
9899 403.772
2823 399.956
2915 395.956
3017 391.956
3110 387.956
3204 383.956
3301 379.956
3396 375.956
3483 370.956
3565 366.956
3650 362.956
9900 85.752
6793 80
6865 76
6936 72
6935 68
6934 64
7009 60
9903 448.001
3749 442.924
3838 438.924
9902 165.217
1714 538.924
9893 485.988
1717 550.924
1716 546.924
9895 366.309
4170 358.956
4171 354.956
4172 350.956
4173 346.956
4174 342.956
4175 338.956
4268 334.956
9894 255.577
9945 882.291
3476 821.924
9944 762.173
1769 757.924
1859 753.924
1941 749.924
2029 745.924
2028 741.924
2118 737.924
2117 733.924
2116 729.924
2115 725.924
2204 721.924
2289 717.924
2288 713.924
2287 709.924
2374 705.924
2373 701.924
2372 697.924
2371 693.924
2456 689.924
2455 685.924
2454 681.924
2538 677.924
2537 673.924
2622 669.924
2621 665.924
2620 661.924
2619 657.924
2618 653.924
1704 541.083
9946 743.923
918 741.924
917 737.924
916 733.924
915 729.924
914 725.924
992 721.924
1064 717.924
1063 713.924
1129 709.924
1128 705.924
1204 701.924
1287 697.924
1286 693.924
1372 689.924
1462 685.924
1461 681.924
1557 677.924
1706 538.924
9949 321.455
6510 315.849
6591 308.849
10087 307.961
6670 304.956
6748 300.956
6822 293.956
6821 289.956
6820 285.956
6891 281.956
6890 277.956
6889 273.956
6959 269.956
6958 265.956
6957 261.956
6956 257.956
6955 253.956
7029 249.956
7028 245.956
7027 241.956
7098 237.956
7168 233.956
7167 229.956
7233 225.956
7232 221.956
7298 217.956
7367 213.956
7366 209.956
7365 205.956
7364 201.956
7363 197.956
7362 193.956
7430 189.956
7429 185.956
7495 181.956
7566 177.956
7639 173.956
7711 169.956
7784 165.956
7783 161.956
7856 157.956
7855 153.956
9948 208.441
8665 201.956
8623 197.956
8579 192.956
8534 188.956
9951 212.011
1711 534.924
9936 628.772
1699 495.956
1698 491.956
9938 573.7
9943 197.667
7873 120
7727 112
7655 108
7583 104
7584 100
7585 96
7514 92
7515 88
7516 84
7517 80
7518 76
7451 72
7452 68
7453 64
7454 60
7455 56
7456 52
7457 48
7458 44
7459 40
7394 36
7326 32
7327 28
7328 24
7329 20
7330 16
1702 514.851
9928 426.749
4195 422.924
4289 418.924
4380 414.924
9933 582.087
1757 709.924
1756 705.924
1846 701.924
1928 697.924
1758 713.924
9920 517.655
9923 645.954
3159 641.924
3158 637.924
3157 633.924
9924 618.378
9926 460.494
9976 95.62
9979 609.915
2871 606.924
2971 602.924
2970 598.924
9981 1464.44
9969 204.018
9968 214.242
9287 209
9286 205
9268 200
9971 214.817
7870 213.956
7869 209.956
7868 205.956
7867 201.956
7866 197.956
7939 193.956
7938 189.956
7937 185.956
7936 181.956
7935 177.956
7934 173.956
9973 992.835
9972 290.196
6892 285.956
9975 547.978
9974 942.339
9960 382.58
5069 377.956
5229 369.956
5228 365.956
5227 361.956
5226 357.956
5313 353.956
5404 349.956
5403 345.956
9963 207.825
8299 203.956
8245 198.956
8187 194.956
8129 190.956
8069 185.956
9967 207.864
8445 203.956
8444 199.956
8443 195.956
8442 191.956
9966 601.739
3845 597.924
3757 593.924
3586 585.924
3500 581.924
9952 210.003
9132 203
9105 198
9954 204.88
8011 201.956
8010 197.956
1781 445.956
9956 692.606
5669 687.924
5510 679.924
5424 675.924
5332 671.924
5244 667.924
5161 662.924
5081 658.924
4999 654.924
4915 649.924
4830 645.924
4743 641.924
4654 636.924
4568 632.924
4481 628.924
4392 624.924
4300 619.924
4208 615.924
4115 611.924
4025 606.924
3935 602.924
3846 598.924
3758 594.924
3670 589.924
9959 211.102
10009 652.56
10008 152.814
7853 149.956
1771 459.489
1861 455.489
1770 761.924
1774 462.489
10005 535.942
1821 602.924
1903 598.924
1991 594.924
1990 590.924
9999 610.536
963 604.877
1036 600.877
1035 596.877
1103 590.021
1034 583.021
1033 579.021
1032 575.023
10013 574.194
1031 570.924
1030 566.924
1809 554.924
1811 562.924
1893 558.924
1892 554.924
1891 550.924
1979 546.924
1978 542.924
1977 538.924
2067 534.924
2156 530.924
2241 526.924
2328 522.924
2327 518.924
2326 514.924
2325 510.924
2410 506.924
1810 558.924
1812 566.924
1894 562.924
1982 558.924
2072 554.924
2161 550.924
10041 425.929
1801 530.924
1883 526.924
1971 522.924
2062 518.924
2151 514.924
2236 510.924
2323 506.924
10040 111.934
6007 60
6163 52
6238 48
6312 44
6389 40
10043 528.999
10042 386.977
3479 383.956
3480 379.956
3481 375.956
3563 371.956
3648 367.956
3731 362.956
10045 754.713
10044 652.614
2783 649.924
2698 645.924
1804 534.924
10047 152.865
10046 308.223
10033 284.788
5381 281.956
5472 277.956
5557 273.956
5634 269.956
5713 265.956
5788 261.956
5862 257.956
5936 253.956
6016 249.956
6096 245.956
6173 241.956
6248 237.956
6325 233.956
6403 229.956
6485 225.956
6567 221.956
6646 217.956
6725 213.956
6800 209.956
6871 205.956
6942 201.956
7018 197.956
7088 193.956
7157 189.956
10032 679.906
10035 198.668
10034 198.643
10037 495.281
10036 495.31
10039 1431.85
10038 523.778
1798 530.924
1881 526.924
1969 522.924
10027 453.151
1945 450.489
10026 239.379
6318 233.956
1850 717.924
1849 713.924
1848 709.924
1847 705.924
10029 559.915
703 556.956
10028 510.444
10031 442.054
10030 514.986
1841 681.924
1840 677.924
1839 673.924
1838 669.924
1843 689.924
1842 685.924
1844 693.924
1926 689.924
2014 685.924
2013 681.924
2012 677.924
2102 673.924
2191 669.924
2276 665.924
2363 661.924
2448 657.924
10073 392.08
3025 389.956
3118 385.956
3212 381.956
3308 377.956
3404 373.956
3489 369.956
3569 365.956
3655 361.956
3737 357.956
3823 353.956
3911 349.956
4000 345.956
4089 341.956
4178 337.956
4271 333.956
4361 329.956
4450 325.956
4538 321.956
4623 317.956
4705 313.956
1833 650.924
1832 646.924
1831 642.924
1913 638.924
2001 634.924
2000 630.924
1999 626.924
2089 622.924
2178 618.924
2263 614.924
2350 610.924
2349 606.924
2434 602.924
2433 598.924
10072 392.245
3312 385.956
3311 381.956
10075 444.268
2042 441.956
2134 437.956
2133 433.956
2223 429.956
1835 658.924
1917 654.924
2005 650.924
2004 646.924
2003 642.924
2002 638.924
10074 467.72
1834 654.924
1916 650.924
1836 662.924
1918 658.924
2006 654.924
10065 468.738
10064 441.902
10067 339.86
4358 333.956
10066 468.453
10069 389.966
1829 634.924
10068 356.062
3829 353.956
3917 349.956
4006 345.956
4095 341.956
4185 337.956
4277 333.956
4367 329.956
10071 283.34
5947 281.956
6026 277.956
6106 273.956
6183 269.956
10070 181.33
7354 177.956
7422 173.956
7488 169.956
7559 165.956
7633 161.956
7706 157.956
7780 153.956
1830 638.924
10057 401.45
3580 397.981
3747 389.956
3836 385.956
3925 381.956
4014 377.956
10056 454.866
2036 450.489
2128 446.489
10059 620.609
10061 341.813
10060 412.292
2651 405.956
2739 401.956
2827 397.956
2924 393.956
3027 389.956
3120 385.956
3214 381.956
3309 377.956
1884 526.924
1972 522.924
10063 61.782
6712 60
6787 56
6859 52
6858 48
6929 44
6928 40
6927 36
7002 32
7001 28
7000 24
6999 20
7069 16
7068 12
10062 64.037
6473 60
6553 56
6632 52
6709 48
6784 44
6783 40
6855 36
6854 32
6853 28
6924 24
1873 463.956
1872 459.956
1871 455.956
1955 451.956
10051 96.207
10050 501.262
2486 499.924
2572 494.924
2659 490.924
2747 486.924
2835 482.924
2936 478.924
3040 474.924
3131 470.924
3223 466.924
3318 462.924
10053 176.13
10055 108.484
10054 610.216
1866 441.956
1950 437.956
1860 757.924
1912 634.924
1915 646.924
1914 642.924
1905 606.924
1904 602.924
1992 598.924
2082 594.924
2081 590.924
2170 586.924
2255 582.924
2342 578.924
2341 574.924
2340 570.924
2339 566.924
2338 562.924
2423 558.924
2507 554.924
2592 550.924
2678 546.924
2766 542.924
1911 630.924
1897 574.924
1896 570.924
1899 582.924
1898 578.924
1900 586.924
1902 594.924
1889 542.924
1888 538.924
1890 546.924
1944 450.489
2033 446.489
2126 442.489
2217 438.489
2304 434.489
1947 454.489
1939 741.924
2027 737.924
2026 733.924
2025 729.924
2024 725.924
2023 721.924
2113 717.924
2202 713.924
1929 701.924
1930 705.924
2018 701.924
2017 697.924
2016 693.924
1921 669.924
1920 665.924
1923 677.924
1922 673.924
1925 685.924
1924 681.924
1976 534.924
1975 530.924
1981 554.924
1980 550.924
1965 522.924
2056 518.924
2145 514.924
2231 510.924
2318 506.924
2403 502.924
2487 498.924
1967 522.924
1966 522.924
1954 448.956
2043 444.956
2009 665.924
2008 661.924
2098 657.924
2011 673.924
2101 669.924
2190 665.924
2275 661.924
2362 657.924
2361 653.924
2446 649.924
2530 645.924
2010 669.924
2100 665.924
2189 661.924
2274 657.924
2041 437.956
2034 446.489
2038 433.956
2019 705.924
2021 713.924
2020 709.924
2022 717.924
2075 566.924
2077 574.924
2076 570.924
2165 566.924
2250 562.924
2249 558.924
2079 582.924
2078 578.924
2167 574.924
2252 570.924
2065 526.924
2154 522.924
2239 518.924
2064 522.924
2153 518.924
2238 514.924
2066 530.924
2155 526.924
2240 522.924
2069 542.924
2158 538.924
2157 534.924
2068 538.924
2071 550.924
2070 546.924
2057 518.924
2147 514.924
2059 518.924
2061 518.924
2055 518.924
2104 681.924
2107 693.924
2196 689.924
2195 685.924
2106 689.924
2109 701.924
2198 697.924
2283 693.924
2370 689.924
2108 697.924
2110 705.924
2096 650.924
2185 646.924
2270 642.924
2357 638.924
2356 634.924
2355 630.924
2354 626.924
2353 622.924
2352 618.924
2437 614.924
2521 610.924
2606 606.924
2605 602.924
2691 598.924
2779 594.924
2867 590.924
2099 661.924
2188 657.924
2273 653.924
2360 649.924
2445 645.924
2444 641.924
2528 637.924
2103 677.924
2088 618.924
2091 630.924
2180 626.924
2265 622.924
2093 638.924
2182 634.924
2267 630.924
2092 634.924
2181 630.924
2095 646.924
2094 642.924
2183 638.924
2080 586.924
2083 598.924
2085 606.924
2143 514.924
2229 510.924
2316 506.924
2402 502.924
2130 429.956
2221 425.956
2308 421.956
2125 442.489
2169 582.924
2168 578.924
2253 574.924
2171 590.924
2172 594.924
2257 590.924
2344 586.924
2343 582.924
2174 602.924
2259 598.924
2346 594.924
2160 546.924
2245 542.924
2164 562.924
2166 570.924
2159 542.924
2144 514.924
2230 510.924
2317 506.924
2146 514.924
2150 514.924
2201 709.924
2286 705.924
2197 693.924
2199 701.924
2184 642.924
2187 653.924
2272 649.924
2359 645.924
2176 610.924
2261 606.924
2348 602.924
2232 510.924
2319 506.924
2405 502.924
2234 510.924
2321 506.924
2225 436.956
2224 433.956
2228 511.924
2216 439.489
2219 433.956
2266 626.924
2269 638.924
2268 634.924
2256 586.924
2251 566.924
2254 578.924
2243 534.924
2242 530.924
2329 526.924
2414 522.924
2413 518.924
2412 514.924
2496 510.924
2495 506.924
2580 502.924
2666 498.924
2665 494.924
2244 538.924
2331 534.924
2416 530.924
2500 526.924
2281 685.924
2368 681.924
2367 677.924
2366 673.924
2365 669.924
2450 665.924
2534 661.924
2280 681.924
2282 689.924
2369 685.924
2285 701.924
2284 697.924
2279 677.924
2278 673.924
2330 530.924
2335 550.924
2334 546.924
2315 507.924
2401 503.924
2306 421.956
2394 417.956
2480 413.956
2564 409.956
2311 429.956
2310 425.956
2337 558.924
2422 554.924
2506 550.924
2591 546.924
2590 542.924
2589 538.924
2588 534.924
2587 530.924
2336 554.924
2421 550.924
2505 546.924
2393 434.551
2479 427.551
2396 417.956
2387 757.924
2386 753.924
2385 749.924
2384 745.924
2383 741.924
2382 737.924
2381 733.924
2380 729.924
2379 725.924
2378 721.924
2377 717.924
2376 713.924
2375 709.924
2425 566.924
2509 562.924
2594 558.924
2593 554.924
2679 550.924
2767 546.924
2424 562.924
2426 570.924
2510 566.924
2595 562.924
2681 558.924
2769 554.924
2419 542.924
2418 538.924
2420 546.924
2404 502.924
2489 498.924
2574 494.924
2660 490.924
2748 486.924
2836 482.924
2937 478.924
2407 502.924
2491 498.924
2576 494.924
2457 693.924
2459 701.924
2458 697.924
2460 705.924
2451 669.924
2453 677.924
2452 673.924
2441 630.924
2440 626.924
2524 622.924
2609 618.924
2442 634.924
2526 630.924
2611 626.924
2610 622.924
2447 653.924
2488 498.924
2573 494.924
2481 413.956
2565 409.956
2652 405.956
2741 401.956
2829 397.956
2926 393.956
2485 421.956
2569 417.956
2568 413.956
2484 417.956
2520 606.924
2523 618.924
2608 614.924
2607 610.924
2525 626.924
2513 578.924
2598 574.924
2597 570.924
2683 566.924
2771 562.924
2859 558.924
2512 574.924
2515 586.924
2600 582.924
2599 578.924
2514 582.924
2517 594.924
2516 590.924
2519 602.924
2518 598.924
2504 542.924
2508 558.924
2498 518.924
2497 514.924
2503 538.924
2502 534.924
2544 701.924
2629 697.924
2628 693.924
2627 689.924
2626 685.924
2625 681.924
2624 677.924
2623 673.924
2536 669.924
2539 681.924
2541 689.924
2540 685.924
2543 697.924
2542 693.924
2529 641.924
2531 649.924
2535 665.924
2583 514.924
2582 510.924
2668 506.924
2667 502.924
2570 421.956
2563 409.956
2601 586.924
2687 582.924
2775 578.924
2863 574.924
2862 570.924
2861 566.924
2860 562.924
2603 594.924
2602 590.924
2604 598.924
2690 594.924
2689 590.924
2688 586.924
2649 409.956
2735 405.956
2821 400.956
2914 396.956
3016 392.956
3109 388.956
2650 408.956
2736 404.956
2822 399.956
2653 405.956
2655 409.956
2630 701.924
2680 554.924
2685 574.924
2773 570.924
2772 566.924
2684 570.924
2686 578.924
2673 526.924
2761 522.924
2760 518.924
2848 514.924
2672 522.924
2675 534.924
2763 530.924
2851 526.924
2674 530.924
2762 526.924
2850 522.924
2677 542.924
2676 538.924
2670 514.924
2669 510.924
2657 417.956
2745 413.956
2833 409.956
2832 405.956
2929 401.956
3031 397.956
3030 393.956
2656 413.956
2661 490.924
2750 486.924
2838 482.924
2939 478.924
3042 474.924
3132 470.924
3224 466.924
2713 705.924
2712 701.924
2705 673.924
2704 669.924
2707 681.924
2706 677.924
2709 689.924
2708 685.924
2711 697.924
2710 693.924
2699 649.924
2701 657.924
2700 653.924
2703 665.924
2702 661.924
2692 602.924
2780 598.924
2868 594.924
2746 415.956
2749 486.924
2837 482.924
2737 403.956
2740 401.956
2828 397.956
2925 393.956
2743 405.956
2733 410.956
2819 405.956
2912 401.956
3014 397.956
2777 586.924
2865 582.924
2864 578.924
2776 582.924
2778 590.924
2866 586.924
2782 606.924
2870 602.924
2768 550.924
2774 574.924
2765 538.924
2853 534.924
2852 530.924
2764 534.924
2793 685.924
2792 681.924
2795 693.924
2794 689.924
2797 701.924
2796 697.924
2799 709.924
2798 705.924
2785 653.924
2784 649.924
2787 661.924
2786 657.924
2789 669.924
2788 665.924
2791 677.924
2790 673.924
2845 502.924
2844 498.924
2831 401.956
2928 397.956
2873 654.924
2872 652.924
2972 648.924
3066 644.924
2875 662.924
2874 658.924
2877 670.924
2876 666.924
2879 678.924
2878 674.924
2909 412.956
2910 408.956
2911 404.956
2888 714.924
2881 686.924
2880 682.924
2883 694.924
2882 690.924
2885 702.924
2884 698.924
2887 710.924
2886 706.924
2930 405.956
3032 401.956
2933 484.924
3037 480.924
3038 476.924
3129 472.924
3222 467.924
3317 463.924
3408 459.924
2932 488.924
3036 484.924
2935 479.924
3039 475.924
3130 471.924
2921 393.956
3023 389.956
3116 385.956
3210 381.956
3306 377.956
3402 373.956
3487 369.956
3568 365.956
3654 361.956
3736 357.956
2923 393.956
2922 393.956
3024 389.956
3117 385.956
3211 381.956
2973 652.924
2975 660.924
2974 656.924
2985 700.924
3079 696.924
3078 692.924
3077 688.924
3076 684.924
3075 680.924
3074 676.924
3073 672.924
3072 668.924
3071 664.924
3070 660.924
3069 656.924
3068 652.924
3067 648.924
2984 696.924
2987 708.924
3081 704.924
3080 700.924
2986 704.924
2989 716.924
3083 712.924
3082 708.924
2988 712.924
2977 668.924
2976 664.924
2979 676.924
2978 672.924
2981 684.924
2980 680.924
2983 692.924
2982 688.924
3033 404.956
3124 397.956
3123 393.956
3122 389.956
3035 488.924
3126 484.924
3219 479.924
3314 475.924
3315 471.924
3316 467.924
3034 492.924
3125 488.924
3218 483.924
3026 389.956
3028 389.956
3019 390.956
3112 386.956
3206 382.956
3302 378.956
3398 374.956
3484 370.956
3566 366.956
3651 362.956
3733 358.956
3018 391.956
3021 390.956
3114 386.956
3208 382.956
3303 378.956
3020 390.956
3022 390.956
3115 386.956
3013 415.956
3012 419.956
3065 601.924
3064 597.924
3063 593.924
3062 589.924
3061 585.924
3060 581.924
3059 577.924
3058 573.924
3057 569.924
3056 565.924
3055 561.924
3054 557.924
3053 553.924
3052 549.924
3051 545.924
3050 541.924
3049 537.924
3048 533.924
3047 529.924
3084 716.924
3127 480.924
3220 475.924
3221 471.924
3113 386.956
3207 382.956
3119 385.956
3213 381.956
3111 387.956
3161 649.924
3160 645.924
3163 657.924
3162 653.924
3165 665.924
3164 661.924
3167 673.924
3166 669.924
3152 585.924
3155 597.924
3154 593.924
3153 589.924
3156 601.924
3145 557.924
3144 553.924
3143 549.924
3142 545.924
3141 541.924
3147 565.924
3146 561.924
3149 573.924
3148 569.924
3151 581.924
3150 577.924
3140 537.924
3139 533.924
3177 713.924
3176 709.924
3175 705.924
3174 701.924
3173 697.924
3172 693.924
3171 689.924
3170 685.924
3169 681.924
3168 677.924
3178 717.924
3231 542.924
3209 382.956
3305 378.956
3400 374.956
3486 370.956
3567 366.956
3205 383.956
3257 659.924
3256 655.924
3255 651.924
3254 647.924
3253 643.924
3252 639.924
3251 635.924
3250 631.924
3259 667.924
3258 663.924
3261 675.924
3260 671.924
3263 683.924
3262 679.924
3241 582.924
3240 578.924
3245 598.924
3244 594.924
3246 602.924
3233 550.924
3232 546.924
3239 574.924
3238 570.924
3272 719.924
3271 715.924
3270 711.924
3269 707.924
3268 703.924
3267 699.924
3266 695.924
3265 691.924
3264 687.924
3275 731.924
3274 727.924
3273 723.924
3304 378.956
3307 377.956
3299 384.956
3394 380.956
3298 388.956
3393 384.956
3353 668.924
3352 664.924
3351 660.924
3350 656.924
3349 652.924
3348 648.924
3347 644.924
3346 640.924
3345 636.924
3344 632.924
3343 628.924
3342 624.924
3341 620.924
3355 676.924
3354 672.924
3357 684.924
3356 680.924
3359 692.924
3358 688.924
3339 605.924
3338 601.924
3361 700.924
3360 696.924
3363 708.924
3362 704.924
3365 716.924
3364 712.924
3417 585.924
3416 581.924
3419 593.924
3418 589.924
3420 597.924
3401 377.956
3399 374.956
3485 370.956
3477 393.123
3478 390.571
3513 630.924
3512 626.924
3515 638.924
3514 634.924
3517 646.924
3516 642.924
3519 654.924
3518 650.924
3505 598.924
3504 594.924
3507 606.924
3506 602.924
3509 614.924
3508 610.924
3510 618.924
3503 590.924
3502 586.924
3492 369.956
3573 365.956
3659 361.956
3741 357.956
3827 353.956
3529 694.924
3528 690.924
3531 702.924
3530 698.924
3533 710.924
3532 706.924
3535 718.924
3534 714.924
3521 662.924
3520 658.924
3523 670.924
3522 666.924
3525 678.924
3524 674.924
3527 686.924
3526 682.924
3579 401.981
3581 401.981
3609 674.924
3608 670.924
3611 682.924
3610 678.924
3613 690.924
3612 686.924
3615 698.924
3614 694.924
3601 642.924
3600 638.924
3599 634.924
3603 650.924
3602 646.924
3605 658.924
3604 654.924
3607 666.924
3606 662.924
3593 610.924
3592 606.924
3595 618.924
3594 614.924
3597 626.924
3511 622.924
3596 622.924
3598 630.924
3589 594.924
3588 590.924
3591 602.924
3590 598.924
3624 734.924
3617 706.924
3616 702.924
3619 714.924
3618 710.924
3620 718.924
3673 598.924
3672 594.924
3675 606.924
3674 602.924
3677 614.924
3676 610.924
3679 622.924
3678 618.924
3705 726.924
3621 722.924
3704 722.924
3703 718.924
3697 694.924
3696 690.924
3695 686.924
3694 682.924
3699 702.924
3698 698.924
3701 710.924
3700 706.924
3702 714.924
3689 662.924
3688 658.924
3691 670.924
3690 666.924
3693 678.924
3692 674.924
3681 630.924
3680 626.924
3683 638.924
3682 634.924
3685 646.924
3684 642.924
3687 654.924
3686 650.924
3742 359.087
3730 363.956
3818 359.956
3905 355.956
3906 351.956
3995 347.956
4085 342.956
3734 362.956
3769 635.924
3768 631.924
3771 643.924
3770 639.924
3773 651.924
3772 647.924
3775 659.924
3774 655.924
3761 603.924
3760 599.924
3763 611.924
3762 607.924
3765 619.924
3764 615.924
3767 627.924
3766 623.924
3753 447.924
3842 443.924
3931 439.924
4019 435.924
4108 431.924
4199 427.924
4291 423.924
4471 413.924
3752 444.924
3841 440.924
3930 436.924
4018 432.924
4107 428.924
4198 424.924
4290 420.924
3746 393.956
3748 389.956
3751 444.924
3793 731.924
3792 727.924
3796 743.924
3708 738.924
3785 699.924
3784 695.924
3787 707.924
3786 703.924
3789 715.924
3788 711.924
3791 723.924
3790 719.924
3777 667.924
3776 663.924
3779 675.924
3778 671.924
3781 683.924
3780 679.924
3783 691.924
3782 687.924
3833 359.956
3921 355.956
3920 351.956
4008 347.956
4096 341.956
3835 385.956
3834 363.956
3837 385.956
3926 381.956
3825 353.956
3914 349.956
4003 345.956
4092 341.956
4181 337.956
4273 333.956
4363 329.956
4451 325.956
3828 357.956
3819 359.956
3821 353.956
3909 349.956
3998 345.956
4087 341.956
3865 671.924
3864 667.924
3863 663.924
3862 659.924
3867 679.924
3866 675.924
3869 687.924
3868 683.924
3871 695.924
3870 691.924
3857 639.924
3856 635.924
3859 647.924
3858 643.924
3861 655.924
3860 651.924
3849 607.924
3848 603.924
3851 615.924
3850 611.924
3853 623.924
3852 619.924
3855 631.924
3854 627.924
3840 440.924
3889 767.924
3888 763.924
3887 759.924
3799 755.924
3711 750.924
3627 746.924
3541 742.924
3881 735.924
3880 731.924
3879 727.924
3878 723.924
3877 719.924
3876 715.924
3875 711.924
3874 707.924
3873 703.924
3872 699.924
3882 739.924
3794 735.924
3706 730.924
3885 751.924
3797 747.924
3709 742.924
3884 747.924
3886 755.924
3929 436.924
4017 432.924
4106 428.924
3932 605.311
3923 363.956
3922 359.956
4010 355.956
4009 351.956
3924 382.956
4013 378.956
3916 349.956
3904 359.956
3961 703.924
3960 699.924
3959 695.924
3963 711.924
3962 707.924
3965 719.924
3964 715.924
3967 727.924
3966 723.924
3953 671.924
3952 667.924
3955 679.924
3954 675.924
3957 687.924
3956 683.924
3958 691.924
3945 639.924
3944 635.924
3947 647.924
3946 643.924
3949 655.924
3948 651.924
3951 663.924
3950 659.924
3943 631.924
3942 627.924
3992 359.956
4082 354.956
4083 350.956
3977 767.924
3976 763.924
3979 775.924
3978 771.924
3969 735.924
3968 731.924
3971 743.924
3970 739.924
3973 751.924
3975 759.924
3974 755.924
4024 605.924
3934 601.924
4031 627.924
4030 623.924
4029 619.924
4028 615.924
3938 611.924
4023 605.924
4011 359.956
4001 345.956
4090 341.956
4179 337.956
4272 333.956
4362 329.956
4005 345.956
4094 341.956
4057 731.924
4056 727.924
4059 739.924
4058 735.924
4061 747.924
4060 743.924
4063 755.924
4049 699.924
4048 695.924
4047 691.924
4046 687.924
4051 707.924
4050 703.924
4053 715.924
4052 711.924
4055 723.924
4054 719.924
4041 667.924
4040 663.924
4039 659.924
4038 655.924
4037 651.924
4036 647.924
4035 643.924
4034 639.924
4033 635.924
4043 675.924
4042 671.924
4045 683.924
4044 679.924
4032 631.924
4091 341.956
4180 337.956
4065 763.924
4064 759.924
4067 771.924
4066 767.924
4069 779.924
4068 775.924
4071 787.924
3981 783.924
3892 779.924
3804 775.924
3716 770.924
3632 766.924
3546 762.924
4070 783.924
3980 779.924
3891 775.924
3803 771.924
3715 766.924
3631 762.924
3545 758.924
4121 632.924
4123 640.924
4122 636.924
4112 609.924
4104 426.924
4111 609.924
4022 605.924
3933 601.924
4097 345.956
4187 341.956
4186 337.956
4278 333.956
4368 329.956
4101 377.956
4153 760.924
4155 768.924
4154 764.924
4157 776.924
4156 772.924
4159 784.924
4158 780.924
4145 728.924
4144 724.924
4149 744.924
4148 740.924
4151 752.924
4150 748.924
4137 696.924
4136 692.924
4139 704.924
4138 700.924
4141 712.924
4140 708.924
4143 720.924
4142 716.924
4131 672.924
4130 668.924
4133 680.924
4132 676.924
4135 688.924
4134 684.924
4184 337.956
4189 349.956
4188 345.956
4280 341.956
4190 353.956
4177 337.956
4161 792.924
4160 788.924
4162 796.924
4072 791.924
4216 644.924
4215 640.924
4214 636.924
4203 613.924
4249 776.924
4248 772.924
4251 784.924
4250 780.924
4253 792.924
4252 788.924
4255 800.924
4254 796.924
4241 744.924
4243 752.924
4242 748.924
4244 756.924
4233 712.924
4232 708.924
4235 720.924
4234 716.924
4237 728.924
4236 724.924
4224 676.924
4227 688.924
4226 684.924
4229 696.924
4228 692.924
4231 704.924
4230 700.924
4281 345.956
4282 349.956
4287 369.956
4377 365.956
4376 361.956
4375 357.956
4374 353.956
4275 333.956
4365 329.956
4453 325.956
4274 333.956
4364 329.956
4452 325.956
4539 321.956
4624 317.956
4706 313.956
4793 309.956
4879 305.956
4963 301.956
5047 297.956
5129 293.956
5208 289.956
5295 285.956
4279 337.956
4369 333.956
4265 354.956
4264 358.956
4266 350.956
4256 804.924
4163 800.924
4073 795.924
3983 791.924
3982 787.924
4263 362.956
4262 828.924
4261 824.924
4168 820.924
4078 815.924
4077 811.924
4076 807.924
3986 803.924
3897 799.924
3896 795.924
3895 791.924
3807 787.924
3719 782.924
3635 778.924
3549 774.924
4317 684.924
4316 680.924
4319 692.924
4318 688.924
4305 636.924
4304 632.924
4303 628.924
4302 624.924
4210 620.924
4295 617.924
4294 617.924
4345 796.924
4344 792.924
4343 788.924
4342 784.924
4347 804.924
4346 800.924
4348 808.924
4337 764.924
4336 760.924
4338 768.924
4341 780.924
4340 776.924
4329 732.924
4328 728.924
4333 748.924
4335 756.924
4334 752.924
4320 696.924
4323 708.924
4322 704.924
4325 716.924
4324 712.924
4327 724.924
4326 720.924
4360 329.956
4355 360.956
4354 364.956
4357 337.956
4409 689.924
4408 685.924
4411 697.924
4410 693.924
4413 705.924
4321 700.924
4412 701.924
4415 713.924
4414 709.924
4395 633.924
4394 629.924
4387 621.924
4296 617.924
4204 613.924
4388 621.924
4297 617.924
4206 613.924
4113 609.924
4441 817.924
4349 812.924
4440 813.924
4442 821.924
4350 816.924
4445 364.956
4444 829.924
4352 824.924
4260 820.924
4167 816.924
4447 337.956
4433 785.924
4432 781.924
4435 793.924
4434 789.924
4437 801.924
4436 797.924
4438 805.924
4429 769.924
4430 773.924
4417 721.924
4416 717.924
4419 729.924
4418 725.924
4421 737.924
4420 733.924
4465 361.956
4464 357.956
4463 353.956
4462 349.956
4461 345.956
4548 341.956
4547 337.956
4546 333.956
4545 329.956
4630 325.956
4712 321.956
4799 317.956
4884 313.956
4968 309.956
4967 305.956
5050 301.956
5131 297.956
4459 337.956
4449 325.956
4455 325.956
4542 321.956
4627 317.956
4709 313.956
4796 309.956
4881 305.956
4965 301.956
4505 721.924
4504 717.924
4507 729.924
4506 725.924
4508 733.924
4497 689.924
4499 697.924
4498 693.924
4501 705.924
4500 701.924
4503 713.924
4502 709.924
4488 653.924
4399 649.924
4307 644.924
4306 640.924
4485 641.924
4396 637.924
4484 637.924
4483 633.924
4487 649.924
4398 645.924
4486 645.924
4397 641.924
4537 321.956
4540 321.956
4625 317.956
4707 313.956
4529 817.924
4528 813.924
4439 809.924
4531 825.924
4530 821.924
4533 368.956
4532 829.924
4443 825.924
4351 820.924
4259 816.924
4166 812.924
4534 372.956
4521 785.924
4523 793.924
4522 789.924
4525 801.924
4524 797.924
4527 809.924
4526 805.924
4571 641.924
4570 637.924
4573 649.924
4572 645.924
4575 657.924
4553 361.956
4638 357.956
4720 353.956
4719 349.956
4718 345.956
4717 341.956
4716 337.956
4715 333.956
4714 329.956
4713 325.956
4800 321.956
4885 317.956
4552 357.956
4551 353.956
4550 349.956
4549 345.956
4554 365.956
4639 361.956
4721 357.956
4593 729.924
4592 725.924
4595 737.924
4594 733.924
4596 741.924
4509 737.924
4587 705.924
4586 701.924
4589 713.924
4588 709.924
4591 721.924
4590 717.924
4576 661.924
4489 657.924
4400 653.924
4308 648.924
4633 337.956
4632 333.956
4635 345.956
4634 341.956
4617 825.924
4616 821.924
4619 372.956
4618 829.924
4621 318.956
4609 793.924
4611 801.924
4610 797.924
4613 809.924
4612 805.924
4615 817.924
4614 813.924
4657 645.924
4656 641.924
4659 653.924
4658 649.924
4660 657.924
4642 373.956
4724 369.956
4723 365.956
4722 361.956
4697 805.924
4699 813.924
4698 809.924
4701 821.924
4700 817.924
4702 825.924
4681 741.924
4680 737.924
4679 733.924
4683 749.924
4682 745.924
4684 753.924
4674 713.924
4677 725.924
4676 721.924
4678 729.924
4730 396.956
4763 718.924
4765 726.924
4767 734.924
4766 730.924
4747 654.924
4746 650.924
4749 662.924
4748 658.924
4750 666.924
4661 661.924
4794 309.956
4785 806.924
4696 801.924
4787 814.924
4786 810.924
4789 822.924
4788 818.924
4791 830.924
4790 826.924
4769 742.924
4768 738.924
4771 750.924
4772 754.924
4817 389.956
4816 385.956
4815 381.956
4818 393.956
4809 357.956
4808 353.956
4893 349.956
4977 345.956
4976 341.956
4975 337.956
4974 333.956
5057 329.956
5056 325.956
5055 321.956
5054 317.956
5135 313.956
5214 309.956
5301 305.956
5392 301.956
5482 297.956
5567 293.956
5566 289.956
5565 285.956
5641 281.956
5720 277.956
5719 273.956
5718 269.956
5793 265.956
4811 365.956
4810 361.956
4813 373.956
4801 325.956
4803 333.956
4888 329.956
4972 325.956
4802 329.956
4887 325.956
4971 321.956
4970 317.956
4969 313.956
4804 337.956
4889 333.956
4973 329.956
4807 349.956
4806 345.956
4805 341.956
4860 762.924
4859 758.924
4858 754.924
4857 750.924
4856 746.924
4855 742.924
4863 774.924
4862 770.924
4775 766.924
4686 761.924
4600 757.924
4513 753.924
4424 749.924
4332 744.924
4331 740.924
4239 736.924
4238 732.924
4853 734.924
4852 730.924
4854 738.924
4843 694.924
4842 690.924
4755 686.924
4666 681.924
4580 677.924
4493 673.924
4404 669.924
4312 664.924
4311 660.924
4310 656.924
4309 652.924
4835 662.924
4834 658.924
4839 678.924
4752 674.924
4663 669.924
4577 665.924
4490 661.924
4401 657.924
4891 341.956
4892 345.956
4895 357.956
4979 353.956
4978 349.956
4894 353.956
4883 309.956
4873 814.924
4872 810.924
4875 822.924
4874 818.924
4877 830.924
4876 826.924
4878 305.956
4865 782.924
4778 778.924
4689 773.924
4603 769.924
4516 765.924
4427 761.924
4864 778.924
4777 774.924
4688 769.924
4687 765.924
4918 658.924
4917 654.924
4896 361.956
4980 357.956
5063 353.956
5144 349.956
5223 345.956
5310 341.956
5309 337.956
4898 369.956
4901 381.956
4985 377.956
4984 373.956
4900 377.956
4903 389.956
4987 385.956
5070 381.956
4902 385.956
4957 814.924
4959 822.924
4958 818.924
4945 766.924
4944 762.924
4943 758.924
4947 774.924
4946 770.924
4949 782.924
4948 778.924
4950 786.924
4937 734.924
4936 730.924
4935 726.924
4850 722.924
4939 742.924
4938 738.924
4940 746.924
4942 754.924
4941 750.924
4986 381.956
4961 830.924
4960 826.924
5020 735.924
5022 743.924
5011 699.924
4927 694.924
5015 715.924
4931 710.924
4930 706.924
4845 702.924
4844 698.924
5051 305.956
5053 313.956
5052 309.956
5041 819.924
5040 815.924
4956 810.924
4955 806.924
4870 802.924
5043 827.924
5042 823.924
5044 831.924
5046 297.956
5128 293.956
5207 289.956
5033 787.924
5032 783.924
5027 763.924
5026 759.924
5031 779.924
5030 775.924
5065 361.956
5146 357.956
5059 337.956
5140 333.956
5219 329.956
5218 325.956
5217 321.956
5304 317.956
5303 313.956
5394 309.956
5484 305.956
5569 301.956
5568 297.956
5061 345.956
5142 341.956
5221 337.956
5220 333.956
5307 329.956
5306 325.956
5305 321.956
5060 341.956
5141 337.956
5062 349.956
5113 783.924
5112 779.924
5111 775.924
5110 771.924
5028 767.924
5101 735.924
5100 731.924
5018 727.924
4934 722.924
4849 718.924
4762 714.924
4673 709.924
5102 739.924
5093 703.924
5092 699.924
5091 695.924
5009 691.924
4925 686.924
4924 682.924
5094 707.924
5012 703.924
4928 698.924
5137 321.956
5216 317.956
5136 317.956
5139 329.956
5138 325.956
5143 345.956
5133 305.956
5132 301.956
5123 823.924
5125 831.924
5124 827.924
5126 835.924
5176 719.924
5175 715.924
5095 711.924
5013 707.924
4929 702.924
5211 297.956
5210 293.956
5213 305.956
5212 301.956
5299 297.956
5298 293.956
5297 289.956
5388 285.956
5478 281.956
5563 277.956
5639 273.956
5203 827.924
5205 835.924
5204 831.924
5193 787.924
5192 783.924
5191 779.924
5190 775.924
5189 771.924
5188 767.924
5108 763.924
5107 759.924
5106 755.924
5024 751.924
5194 791.924
5114 787.924
5222 341.956
5275 788.924
5274 784.924
5276 792.924
5308 333.956
5302 309.956
5393 305.956
5287 836.924
5361 784.924
5360 780.924
5272 776.924
5395 313.956
5485 309.956
5570 305.956
5397 321.956
5396 317.956
5398 325.956
5386 281.956
5476 277.956
5561 273.956
5380 281.956
5470 277.956
5555 273.956
5631 269.956
5711 265.956
5786 261.956
5861 257.956
5935 253.956
6014 249.956
6094 245.956
6171 241.956
6246 237.956
6323 233.956
6401 229.956
6484 225.956
5382 281.956
5473 277.956
5558 273.956
5635 269.956
5715 265.956
5790 261.956
5864 257.956
5938 253.956
6018 249.956
6098 245.956
6175 241.956
5465 836.924
5491 333.956
5490 329.956
5493 341.956
5492 337.956
5577 333.956
5653 329.956
5732 325.956
5807 321.956
5806 317.956
5880 313.956
5879 309.956
5952 305.956
5951 301.956
6031 297.956
6111 293.956
6110 289.956
5483 301.956
5487 317.956
5572 313.956
5571 309.956
5486 313.956
5554 273.956
5585 363.849
5661 359.849
5740 355.849
5815 351.849
5889 347.849
5962 343.849
6042 339.849
6122 335.849
6199 331.849
6273 327.849
6350 323.849
6428 319.849
5576 329.956
5575 325.956
5651 321.956
5730 317.956
5805 313.956
5804 309.956
5878 305.956
5579 341.956
5578 337.956
5654 333.956
5580 345.956
5574 321.956
5626 837.924
5549 832.924
5463 828.924
5462 824.924
5370 820.924
5282 816.924
5199 811.924
5198 807.924
5118 803.924
5036 799.924
4952 794.924
4951 790.924
5657 345.956
5736 341.956
5811 337.956
5810 333.956
5809 329.956
5808 325.956
5882 321.956
5955 317.956
5954 313.956
6034 309.956
6114 305.956
6113 301.956
6190 297.956
6189 293.956
6263 289.956
6340 285.956
6339 281.956
6338 277.956
6416 273.956
6415 269.956
6414 265.956
6413 261.956
6495 257.956
5656 341.956
5655 337.956
5659 353.956
5658 349.956
5737 345.956
5660 356.849
5739 352.849
5814 348.849
5888 344.849
5961 340.849
6041 336.849
6121 332.849
6198 328.849
6272 324.849
6349 320.849
6427 316.849
6509 312.849
5662 363.849
5741 359.849
5816 355.849
5890 351.849
5963 347.849
6043 343.849
5648 309.956
5647 305.956
5646 301.956
5725 297.956
5724 293.956
5799 289.956
5798 285.956
5797 281.956
5796 277.956
5795 273.956
5794 269.956
5650 317.956
5652 325.956
5643 289.956
5642 285.956
5645 297.956
5644 293.956
5695 797.924
5694 793.924
5693 789.924
5613 785.924
5536 780.924
5535 776.924
5449 772.924
5357 768.924
5356 764.924
5268 760.924
5185 755.924
5105 751.924
5104 747.924
5727 305.956
5726 301.956
5738 349.956
5729 313.956
5733 329.956
5735 337.956
5734 333.956
5789 261.956
5863 257.956
5937 253.956
5813 345.956
5812 341.956
5886 337.956
5959 333.956
6039 329.956
6119 325.956
6118 321.956
6117 317.956
6116 313.956
6193 309.956
6267 305.956
6266 301.956
6343 297.956
6342 293.956
6341 289.956
5801 297.956
5800 293.956
5802 301.956
5881 317.956
5883 325.956
5885 333.956
5884 329.956
5957 325.956
5956 321.956
5887 341.956
5873 285.956
5872 281.956
5871 277.956
5945 273.956
6024 269.956
6104 265.956
6181 261.956
6255 257.956
6254 253.956
6331 249.956
6330 245.956
6329 241.956
6407 237.956
6489 233.956
6571 229.956
6650 225.956
5875 297.956
5874 293.956
5950 297.956
5939 253.956
5960 337.956
5953 309.956
5958 329.956
6000 842.924
5927 838.924
5853 834.924
5778 829.924
5702 825.924
5622 821.924
5545 816.924
5459 812.924
5458 808.924
5457 804.924
5365 800.924
5277 796.924
6003 60
6083 56
6004 60
6084 56
6160 52
6234 48
6308 44
6006 60
6086 56
6162 52
6237 48
6311 44
6388 40
6466 36
6040 333.956
6033 305.956
6032 301.956
6035 313.956
6037 321.956
6036 317.956
6038 325.956
6027 281.956
6107 277.956
6184 273.956
6030 293.956
6087 56
6120 329.956
6197 325.956
6271 321.956
6348 317.956
6426 313.956
6425 309.956
6507 305.956
6589 301.956
6668 297.956
6746 293.956
6112 297.956
6115 309.956
6164 52
6155 843.924
6079 838.924
5998 834.924
5925 830.924
5851 826.924
5776 821.924
5700 817.924
5699 813.924
5698 809.924
5697 805.924
5617 801.924
5540 796.924
5454 792.924
5362 788.924
6156 53
6305 45
6382 41
6460 37
6541 33
6159 52
6192 305.956
6195 317.956
6269 313.956
6346 309.956
6345 305.956
6423 301.956
6505 297.956
6587 293.956
6666 289.956
6665 285.956
6743 281.956
6818 277.956
6194 313.956
6196 321.956
6187 285.956
6188 289.956
6262 285.956
6191 301.956
6235 48
6309 44
6239 48
6313 44
6231 49
6230 843.924
6154 839.924
6078 834.924
6077 830.924
6076 826.924
6075 822.924
6074 818.924
5993 814.924
5920 810.924
5846 806.924
5771 801.924
5770 797.924
5769 793.924
6265 297.956
6264 293.956
6268 309.956
6270 317.956
6261 281.956
6241 237.956
6247 237.956
6324 233.956
6315 48
6317 56
6393 52
6470 48
6550 44
6629 40
6628 36
6705 32
6780 28
6852 24
6851 20
6316 52
6392 48
6391 44
6468 40
6344 301.956
6347 313.956
6351 327.849
6395 60
6472 56
6552 52
6631 48
6630 44
6394 56
6385 40
6387 40
6381 42
6459 38
6540 34
6620 29
6698 25
6774 21
6380 844.924
6303 839.924
6228 835.924
6227 831.924
6151 827.924
6424 305.956
6417 277.956
6418 281.956
6500 277.956
6499 273.956
6498 269.956
6580 265.956
6659 261.956
6737 257.956
6736 253.956
6811 249.956
6882 245.956
6881 241.956
6880 237.956
6879 233.956
6878 229.956
6877 225.956
6876 221.956
6875 217.956
6421 293.956
6503 289.956
6502 285.956
6584 281.956
6663 277.956
6662 273.956
6661 269.956
6660 265.956
6420 289.956
6419 285.956
6422 297.956
6409 245.956
6408 241.956
6411 253.956
6410 249.956
6458 39
6539 35
6619 30
6697 26
6773 22
6846 17
6918 13
6994 9
6463 36
6483 225.956
6566 221.956
6645 217.956
6723 213.956
6798 209.956
6869 205.956
6941 201.956
7017 197.956
7087 193.956
6475 68
6555 64
6634 60
6633 56
6710 52
6474 64
6477 76
6476 72
6478 80
6465 36
6469 44
6471 52
6504 293.956
6506 301.956
6508 309.956
6497 265.956
6579 261.956
6658 257.956
6554 60
6557 72
6636 68
6635 64
6556 68
6559 80
6638 76
6715 72
6790 68
6862 64
6861 60
6860 56
6558 76
6637 72
6714 68
6789 64
6544 32
6623 28
6546 32
6625 28
6549 40
6548 36
6551 48
6585 285.956
6664 281.956
6742 277.956
6817 273.956
6888 269.956
6586 289.956
6588 297.956
6590 305.956
6581 269.956
6583 277.956
6582 273.956
6575 245.956
6560 84
6639 80
6565 221.956
6644 217.956
6722 213.956
6618 34
6696 30
6651 229.956
6640 84
6717 80
6792 76
6864 72
6627 32
6704 28
6667 293.956
6713 64
6716 76
6718 84
6707 40
6782 36
6706 36
6708 44
6711 56
6700 24
6776 20
6848 16
6702 24
6695 34
6745 289.956
6744 285.956
6739 265.956
6738 261.956
6741 273.956
6816 269.956
6887 265.956
6886 261.956
6885 257.956
6740 269.956
6733 241.956
6732 237.956
6731 233.956
6806 229.956
6735 249.956
6734 245.956
6779 24
6781 32
6771 30
6844 25
6845 21
6770 849.924
6694 845.924
6616 840.924
6615 836.924
6535 832.924
6453 828.924
6375 824.924
6298 819.924
6297 815.924
6296 811.924
6221 807.924
6220 803.924
6219 799.924
6218 795.924
6142 791.924
6066 786.924
5985 782.924
5912 778.924
5838 774.924
5763 769.924
5762 765.924
5686 761.924
5606 757.924
5529 752.924
5528 748.924
5527 744.924
5526 740.924
5525 736.924
5524 732.924
5523 728.924
5522 724.924
5521 720.924
5520 716.924
5519 712.924
5433 708.924
5341 704.924
5253 700.924
5170 695.924
5090 691.924
5089 687.924
5007 683.924
4923 678.924
4922 674.924
4837 670.924
6772 26
6809 241.956
6810 245.956
6813 257.956
6812 253.956
6815 265.956
6814 261.956
6794 84
6785 48
6786 52
6788 60
6791 72
6863 68
6843 29
6819 281.956
6866 80
6870 205.956
6857 44
6856 40
6910 88
6893 289.956
6883 249.956
6953 245.956
6884 253.956
6954 249.956
6937 76
6938 80
7013 76
7012 72
6940 201.956
7016 197.956
7086 193.956
7155 189.956
7221 185.956
7288 181.956
7357 177.956
6931 52
7006 48
6930 48
6933 60
6932 56
6920 12
6923 20
6922 16
6997 12
7067 8
6925 28
6926 32
6915 25
6916 21
6992 17
7063 12
6914 29
6990 25
7061 20
7062 16
6917 17
6993 13
7064 8
6952 241.956
7026 237.956
7097 233.956
6949 229.956
7023 225.956
7094 221.956
7093 217.956
7163 213.956
7229 209.956
7228 205.956
7294 201.956
6951 237.956
6950 233.956
7005 44
7004 40
7007 52
6998 16
6985 53
7054 48
7055 44
7056 40
7057 36
6984 57
7053 52
6987 45
6986 49
6989 29
7060 24
6988 41
6991 21
6977 85
7046 80
7047 76
7048 72
6976 89
7045 84
6979 77
6978 81
6981 69
7050 64
6980 73
7049 68
6983 61
7033 265.956
7104 261.956
7174 257.956
7173 253.956
7172 249.956
7171 245.956
7237 241.956
7303 237.956
7372 233.956
7371 229.956
7439 225.956
7438 221.956
7437 217.956
7436 213.956
7435 209.956
7501 205.956
7572 201.956
7571 197.956
7570 193.956
7569 189.956
7568 185.956
7567 181.956
7032 261.956
7103 257.956
7102 253.956
7101 249.956
7100 245.956
7099 241.956
7034 269.956
7105 265.956
7025 233.956
7096 229.956
7095 225.956
7024 229.956
7031 257.956
7030 253.956
7008 56
7011 68
7010 64
7014 80
7071 24
7070 20
7059 28
7058 32
7044 88
7090 197.956
7085 193.956
7072 28
7162 205.956
7161 201.956
7160 197.956
7225 193.956
7224 189.956
7165 221.956
7164 217.956
7230 213.956
7296 209.956
7166 225.956
7153 76
7152 72
7151 68
7156 189.956
7159 193.956
7193 24
7194 20
7195 16
7196 12
7192 28
7197 8
7185 56
7186 52
7184 60
7187 48
7188 44
7189 40
7191 32
7190 36
7177 88
7178 84
7176 265.956
7242 261.956
7308 257.956
7307 253.956
7376 249.956
7375 245.956
7374 241.956
7373 237.956
7179 80
7180 76
7181 72
7182 68
7183 64
7169 237.956
7170 241.956
7175 261.956
7227 201.956
7293 197.956
7231 217.956
7297 213.956
7217 76
7219 185.956
7286 181.956
7355 177.956
7218 80
7222 185.956
7209 44
7208 40
7207 36
7211 52
7210 48
7213 60
7212 56
7214 64
7201 12
7203 20
7202 16
7205 28
7204 24
7206 32
7257 36
7256 40
7259 28
7260 24
7261 20
7262 16
7263 12
7258 32
7249 68
7250 64
7251 60
7252 56
7248 72
7241 257.956
7240 253.956
7239 249.956
7238 245.956
7243 92
7244 88
7245 84
7246 80
7247 76
7235 233.956
7301 229.956
7370 225.956
7234 229.956
7236 237.956
7291 189.956
7360 185.956
7359 181.956
7290 185.956
7292 193.956
7361 189.956
7295 205.956
7281 68
7280 64
7279 60
7282 72
7285 84
7284 80
7273 36
7272 32
7275 44
7274 40
7277 52
7276 48
7278 56
7269 20
7271 28
7270 24
7323 44
7324 40
7325 36
7319 60
7320 56
7253 52
7254 48
7305 245.956
7304 241.956
7306 249.956
7310 96
7311 92
7299 221.956
7300 225.956
7302 233.956
7353 89
7352 85
7345 57
7344 53
7347 65
7346 61
7349 73
7348 69
7350 77
7337 25
7339 33
7338 29
7341 41
7340 37
7343 49
7342 45
7335 17
7369 221.956
7368 217.956
7417 73
7416 69
7419 81
7418 77
7423 173.956
7490 169.956
7561 165.956
7634 161.956
7707 157.956
7409 41
7411 49
7410 45
7413 57
7412 53
7415 65
7414 61
7400 16
7404 21
7395 32
7397 24
7396 28
7398 20
7441 233.956
7507 229.956
7578 225.956
7577 221.956
7650 217.956
7722 213.956
7795 209.956
7794 205.956
7440 229.956
7442 237.956
7433 201.956
7499 197.956
7498 193.956
7432 197.956
7434 205.956
7425 173.956
7427 177.956
7493 173.956
7428 181.956
7494 177.956
7565 173.956
7638 169.956
7637 165.956
7431 193.956
7481 69
7480 65
7479 61
7483 77
7482 73
7485 85
7484 81
7473 37
7472 33
7471 29
7477 53
7476 49
7478 57
7465 20
7467 20
7470 25
7461 32
7462 28
7463 24
7513 96
7505 221.956
7576 217.956
7575 213.956
7574 209.956
7647 205.956
7719 201.956
7792 197.956
7791 193.956
7790 189.956
7789 185.956
7862 181.956
7504 217.956
7506 225.956
7509 237.956
7580 233.956
7579 229.956
7497 189.956
7496 185.956
7503 213.956
7502 209.956
7573 205.956
7646 201.956
7718 197.956
7717 193.956
7716 189.956
7489 169.956
7560 165.956
7545 58
7544 54
7547 66
7546 62
7549 74
7548 70
7551 82
7550 78
7539 34
7538 30
7541 42
7540 38
7542 46
7529 32
7530 28
7532 24
7534 24
7582 108
7444 100
7379 96
7564 169.956
7553 90
7552 86
7555 98
7611 38
7610 34
7613 46
7612 42
7614 50
7603 28
7605 28
7606 28
7592 68
7593 64
7594 60
7595 56
7524 52
7641 181.956
7713 177.956
7712 173.956
7640 177.956
7643 189.956
7715 185.956
7714 181.956
7642 185.956
7645 197.956
7644 193.956
7635 161.956
7625 94
7624 90
7627 102
7629 109.956
7630 113.956
7617 62
7616 58
7619 70
7618 66
7621 78
7620 74
7623 86
7622 82
7679 32
7678 32
7648 209.956
7720 205.956
7654 233.956
7653 229.956
7725 225.956
7724 221.956
7723 217.956
7709 161.956
7782 157.956
7710 165.956
7697 94
7696 90
7695 86
7694 82
7693 78
7692 74
7698 98
7700 106
7703 117.956
7702 113.956
7683 38
7685 46
7684 42
7687 54
7686 50
7769 94
7768 90
7771 102
7770 98
7773 110
7775 117.956
7760 58
7759 54
7758 50
7757 46
7756 42
7763 70
7762 66
7765 78
7767 86
7766 82
7752 36
7751 36
7793 201.956
7785 169.956
7787 177.956
7860 173.956
7786 173.956
7859 169.956
7858 165.956
7788 181.956
7861 177.956
7776 121.956
7779 154.956
7778 128.956
7833 59
7832 55
7834 63
7837 75
7836 71
7839 83
7825 40
7831 51
7830 47
7865 193.956
7864 189.956
7871 218.211
10012 216.364
7857 161.956
7863 185.956
7849 122.956
7850 126.956
7852 133.956
7841 91
7840 87
7843 99
7842 95
7845 107
7844 103
7847 115
7903 51
7920 119
7913 91
7912 87
7915 99
7914 95
7917 107
7916 103
7918 111
7905 59
7904 55
7907 67
7906 63
7909 75
7910 79
7941 201.956
7940 197.956
7942 205.956
7993 130.956
7987 107
7986 103
7989 115
7988 111
7991 123
7977 67
7976 63
7978 71
7981 83
7980 79
7975 59
7974 55
8008 189.956
8007 185.956
8013 213.294
8012 209.294
10115 205.013
8001 161.956
8006 181.956
8073 201.956
8072 197.956
8009 193.956
8074 209.307
10077 206.185
8120 154.956
8123 166.956
