 key  value
8122 340
8063 336
8000 332
7929 328
7856 324
7783 320
7709 316
7636 312
7562 308
7491 304
7424 300
7355 296
7286 292
7220 288
7155 284
7086 280
7016 276
6940 272
6869 268
6798 264
6723 260
6645 256
6566 252
6484 248
6402 244
6324 240
6247 236
6173 232
6096 228
6016 224
5937 220
5863 216
5789 212
5714 208
5635 204
5559 200
5474 196
5384 192
5293 188
5206 184
5127 180
5046 176
4963 172
4879 168
4794 164
4706 160
4624 156
4538 152
4450 148
4362 144
4272 140
4179 136
4089 132
4000 128
3911 124
3823 120
3737 116
3655 112
3570 108
3490 104
3405 100
3309 96
3214 92
3120 88
3028 84
2926 80
2829 76
2741 72
2653 68
2566 64
2482 60
2396 56
2308 52
2221 48
2131 44
2039 40
1950 36
1866 32
1780 28
1685 24
1498 16
1317 8
1235 4
8125 340
8066 336
8004 332
7933 328
7859 324
7786 320
7712 316
7639 312
7566 308
7495 304
7429 300
7360 296
7291 292
7225 288
7159 284
7089 280
7019 276
6942 272
6870 268
6799 264
6724 260
8124 340
8065 336
8002 332
7932 328
8127 340
8068 336
8005 332
7934 328
7860 324
7787 320
7714 316
7642 312
7568 308
7497 304
7430 300
7361 296
7292 292
8126 340
8067 336
8113 360
8114 356
8115 352
8116 348
8117 344
8118 340
8059 336
7997 332
7927 328
7854 324
7781 320
7707 316
7634 312
7560 308
7489 304
7423 300
8112 364
8119 340
8060 336
7998 332
7928 328
8105 392
8106 388
8107 384
8108 380
8109 376
8050 372
7988 368
7918 364
7919 360
7920 356
7921 352
7922 348
7923 344
7924 340
7925 336
7926 332
8104 396
8045 392
7983 388
7913 384
7914 380
7915 376
7916 372
7917 368
8111 368
8110 372
8097 424
8098 420
8039 416
8040 412
8041 408
8042 404
8043 400
7981 396
7911 392
7912 388
8096 428
8099 416
8100 412
8101 408
8103 400
8102 404
8155 424
8156 420
8157 416
8159 408
8158 412
8136 500
8137 496
8080 492
8081 488
8022 484
8023 480
8024 476
8025 472
8026 468
7964 464
7965 460
7895 456
7896 452
7897 448
7898 444
7899 440
7900 436
7901 432
7902 428
7903 424
7904 420
7905 416
7906 412
7907 408
7908 404
7909 400
7910 396
8128 340
8069 336
8007 332
7937 328
7864 324
7791 320
7717 316
7644 312
7570 308
7499 304
7433 300
7364 296
7295 292
7229 288
7163 284
7093 280
7022 276
6948 272
6877 268
6806 264
6730 260
6651 256
6572 252
6489 248
6407 244
6328 240
6251 236
6176 232
6098 228
6018 224
5939 220
5865 216
5791 212
5716 208
5637 204
5561 200
5476 196
5386 192
5294 188
5207 184
5128 180
8185 344
8184 344
8177 344
8120 340
8061 336
8176 344
8179 344
8121 340
8062 336
8178 344
8181 344
8123 340
8064 336
8180 344
8183 344
8182 344
8169 368
8168 372
8171 360
8172 356
8173 352
8174 348
8170 364
8175 344
8161 400
8160 404
8163 392
8164 388
8162 396
8165 384
8166 380
8167 376
8217 408
8218 404
8216 412
8219 400
8220 396
8221 392
8222 388
8223 384
8215 416
8214 420
8241 348
8240 348
8242 348
8233 348
8232 348
8235 348
8234 348
8237 348
8236 348
8239 348
8238 348
8225 376
8226 372
8224 380
8227 368
8228 364
8229 360
8230 356
8231 352
8281 368
8280 372
8283 360
8282 364
8285 352
8284 356
8287 352
8286 352
8273 400
8274 396
8275 392
8276 388
8272 404
8277 384
8279 376
8278 380
91 93
111 89
125 85
142 81
171 77
209 73
254 69
304 65
359 61
419 55
482 51
552 47
551 43
622 39
692 35
771 31
857 27
940 20
939 16
938 12
1012 8
1081 4
8269 416
93 93
113 89
127 85
144 81
172 77
8268 420
92 93
8271 408
8270 412
8319 416
8320 412
8318 420
8298 352
8245 348
8187 344
8129 340
8070 336
126 85
143 81
8289 352
8288 352
112 89
8291 352
115 96
129 92
146 88
174 84
211 80
256 76
306 72
361 68
422 64
485 60
555 56
626 52
696 48
774 41
859 35
858 31
8290 352
114 93
8293 352
8292 352
8294 352
8344 356
8349 357.834
9963 355.869
8299 352
8246 348
8189 344
8132 340
8073 336
8011 332
7941 328
7868 324
7795 320
7722 316
7649 312
7575 308
7504 304
7437 300
7368 296
7299 292
7232 288
7166 284
7096 280
7025 276
6951 272
6881 268
6810 264
6734 260
6655 256
6576 252
6494 248
6411 244
6332 240
6255 236
6181 232
6103 228
6023 224
5943 220
5868 216
5794 212
5719 208
5640 204
5563 200
5478 196
5387 192
5295 188
110 89
124 85
141 81
170 77
208 73
253 69
8337 356
8336 356
8339 356
8338 356
8341 356
8340 356
8343 356
8342 356
8329 376
8328 380
8331 368
8332 364
8330 372
8333 360
8335 356
8334 356
8321 408
145 85
173 81
8323 400
8324 396
147 92
8322 404
8325 392
8326 388
8327 384
149 99
177 95
214 91
213 87
258 83
308 79
363 75
424 71
487 67
557 63
628 59
697 52
148 95
176 91
150 103
178 99
8377 380
8378 376
8379 372
8380 368
8376 384
8381 364
8383 360
8382 360
8369 412
8370 408
8371 404
8372 400
8373 396
8374 392
8375 388
8368 416
128 89
131 99
130 96
133 107
179 103
181 111
180 107
175 88
212 84
257 80
8393 360
217 103
216 99
261 95
260 91
310 87
365 83
426 79
425 75
219 111
218 107
8385 360
8384 360
8387 360
8386 360
210 77
8389 360
8388 360
8391 360
215 95
8390 360
8441 364
8440 364
8433 364
8432 364
8435 364
8434 364
8437 364
8436 364
8439 364
8438 364
8425 388
8424 392
8427 380
8428 376
8429 372
8426 384
8431 364
255 73
8430 368
8419 412
8420 408
8421 404
8422 400
8423 396
8418 416
8473 388
8472 392
8475 380
8474 384
8477 372
8476 376
8479 368
8478 368
8467 412
8466 416
8469 404
8468 408
8471 396
8470 400
264 107
314 103
369 99
430 95
429 91
428 87
427 83
266 115
316 111
371 107
432 103
431 99
8499 472
8453 468
8454 464
8407 460
8408 456
8409 452
8410 448
8361 444
8313 440
8314 436
8265 432
8212 428
8213 424
259 87
8500 468
263 103
262 99
313 99
312 95
367 91
315 107
370 103
317 115
319 123
318 119
373 115
434 111
433 107
8481 368
305 69
360 65
8480 368
8483 368
307 76
8482 368
8485 368
309 83
8484 368
8487 368
311 91
8486 368
299 48
354 44
414 40
475 36
544 32
615 28
686 24
765 20
851 16
936 12
1011 8
8529 372
8528 372
8531 372
8530 372
8533 372
8532 372
8521 384
8522 380
8523 376
8524 372
8520 388
8525 372
8527 372
8526 372
8515 408
8514 412
8517 400
8518 396
8516 404
8519 392
8569 376
8568 376
8571 376
8570 376
8573 376
8572 376
8575 376
8574 376
8561 404
8562 400
8560 408
8563 396
8564 392
8565 388
8566 384
8567 380
368 95
372 111
375 123
436 119
435 115
374 119
362 72
8605 404
8606 400
8607 396
8608 392
8609 388
8604 408
364 79
366 87
353 44
413 40
8589 468
8590 464
8591 460
8548 456
8549 452
8550 448
8506 444
8460 440
8413 436
8364 432
8316 428
8267 424
8588 472
8545 468
8546 464
8547 460
8503 456
8504 452
8505 448
412 40
474 36
543 32
614 28
685 24
8576 376
8632 464
8631 468
8630 472
8617 380
8616 380
8619 380
8618 380
8611 380
8610 384
8613 380
8612 380
8615 380
8614 380
8671 468
8670 472
8657 384
8656 384
416 40
477 36
546 32
617 28
687 24
767 20
853 16
8659 384
8658 384
8661 384
421 61
484 57
554 53
625 49
695 45
8660 384
420 59
423 68
486 64
8649 396
8650 392
8651 388
8652 384
473 37
542 33
8648 400
8653 384
476 36
8655 384
8654 384
478 36
469 50
538 46
610 41
611 37
612 33
613 29
684 25
764 21
8647 404
471 42
472 38
541 34
8646 408
8697 388
8696 388
8699 388
8698 388
8701 388
8662 384
8620 380
8577 376
8700 388
8689 396
8690 392
8691 388
8693 388
8692 388
8695 388
8694 388
8686 408
8687 404
8688 400
497 107
567 103
566 99
637 95
636 91
635 87
634 83
633 79
632 75
631 71
630 67
629 63
8672 464
8673 460
8634 456
8593 452
8594 448
8595 444
8552 440
8553 436
8554 432
8510 428
8464 424
8417 420
496 103
499 115
498 111
8729 392
489 75
488 71
8728 396
8731 392
491 83
490 79
560 75
8730 392
8733 392
8732 392
492 87
8735 392
495 99
494 95
564 91
8734 392
483 55
8726 404
537 50
609 45
539 42
540 38
8711 464
8712 460
8713 456
8675 452
8636 448
8710 468
8763 404
8727 400
8765 396
8764 400
8767 396
8766 396
8747 468
8746 472
570 115
569 111
568 107
8748 464
8737 392
8736 392
8739 392
563 87
8738 392
565 95
553 51
556 60
627 56
545 32
616 28
8787 468
8788 464
8749 460
8750 456
8751 452
8752 448
8753 444
8754 440
8755 436
8719 432
8720 428
8721 424
8722 420
8723 416
8724 412
8725 408
547 32
618 28
689 24
768 20
854 16
8786 472
8776 396
8740 392
8702 388
605 61
676 57
756 53
757 49
758 45
759 41
760 37
761 33
762 29
763 25
8780 398.363
9950 392.701
8704 388
8665 384
8623 380
8580 376
8536 372
8490 368
8443 364
607 53
608 49
606 57
8769 396
8768 396
8771 396
8770 396
8773 396
8772 396
8775 396
8774 396
8827 468
8816 400
8809 400
8808 400
8811 400
8810 400
8813 400
8812 400
8815 400
8814 400
8801 412
8762 408
8800 416
8761 412
624 47
623 43
693 39
8803 404
8805 400
8804 400
8807 400
8806 400
619 28
621 36
691 32
770 28
856 24
855 20
620 32
690 28
8849 404
8848 404
8851 404
8850 404
8853 404
8852 404
8854 404
8841 412
8842 408
8843 404
8845 404
8844 404
8847 404
8846 404
8890 407.992
9969 404.062
8881 408
641 111
640 107
639 103
638 99
8880 408
8883 408
8882 408
642 115
8885 408
8884 408
8887 408
8886 408
8877 412
8879 408
8878 408
688 24
694 43
681 37
8920 412
680 41
683 29
682 33
8913 412
8912 412
8915 412
675 61
8914 412
8917 412
677 53
8916 412
8919 412
679 45
8918 412
678 49
8911 416
8910 420
8876 416
8953 416
8952 416
712 119
711 115
8945 416
8944 420
8947 416
8946 416
8949 416
709 107
708 103
707 99
8948 416
8951 416
8950 416
710 111
766 20
852 16
937 12
753 65
754 61
755 57
8985 420
8984 420
8977 420
8976 424
8979 420
8978 420
8981 420
8980 420
8983 420
8982 420
8975 428
8943 424
8974 432
785 107
784 103
783 99
782 95
705 91
704 87
787 115
786 111
789 123
788 119
790 127
713 123
9017 424
8986 420
8954 416
9016 424
9009 424
769 24
9008 424
9011 424
9010 424
9013 424
9012 424
9015 424
9014 424
9005 436
9007 428
8997 468
8966 464
8934 460
8935 456
8902 452
8868 448
8833 444
8794 440
8998 464
8967 460
8968 456
8969 452
8970 448
8971 444
8972 440
8940 436
8941 432
8908 428
8909 424
9041 428
9040 428
9043 428
9042 428
9045 428
9044 428
9047 428
9046 428
9037 432
9036 436
9039 428
9038 428
849 31
850 27
848 35
9029 464
9030 460
9031 456
9001 452
9028 468
841 63
842 59
843 55
844 51
845 47
846 43
847 39
840 67
9073 432
9072 432
9075 432
835 87
836 83
837 79
838 75
839 71
9074 432
9065 436
9064 440
9067 432
9066 432
9069 432
9068 432
9071 432
9070 432
9059 460
9058 464
9063 444
9035 440
9113 468
9087 464
9088 460
9089 456
9090 452
9062 448
9034 444
9004 440
8973 436
873 124
872 120
875 132
874 128
9117 452
9091 448
876 136
791 131
9119 444
9093 440
9118 448
9092 444
9104 436
869 108
871 116
870 112
9097 436
921 83
9096 436
920 87
9099 436
923 75
924 71
9098 436
922 79
9101 436
9100 436
9103 436
927 59
9102 436
926 63
9095 436
9094 436
9145 452
9146 448
9144 456
9147 444
9120 440
9149 444
9122 440
9148 444
9121 440
9151 444
9123 440
9150 444
9141 468
9142 464
9115 460
9143 460
9116 456
9128 440
952 132
951 128
9130 440
954 140
9133 439.992
9107 435.992
9078 431.992
9050 427.992
9020 423.992
8989 419.992
8957 415.992
8924 411.992
945 104
867 100
944 103
866 99
947 112
946 108
868 104
9125 440
949 120
9124 440
9127 440
9126 440
950 124
9177 448
9176 448
9179 448
9154 444
9178 448
9152 444
9181 448
9155 444
9180 448
9182 448
9157 444
9129 440
9169 460
9170 456
9171 452
9172 448
929 51
930 47
928 55
931 43
932 39
9173 448
933 35
9175 448
935 13
1010 9
1080 5
9174 448
934 31
9153 444
9201 452
9200 452
9203 452
9202 452
9205 452
9204 452
9206 452
9193 464
1017 108
9195 456
1019 116
1018 112
9197 452
1021 124
1020 120
948 116
9196 452
9199 452
9198 452
1022 128
1009 35
1008 39
1015 107
943 103
1014 107
9241 460
9220 456
1001 86
1000 90
9243 460
9221 456
1003 66
1004 62
1005 58
1006 54
9242 460
9245 460
9223 456
9244 460
9222 456
9247 460
9226 456
1007 43
9246 460
9225 456
9224 456
9227 456
9228 456
9219 456
1037 209.952
964 205.952
9999 203.612
963 197.953
962 193.953
1035 189.953
1103 183.097
1034 176.097
1033 172.097
1032 168.099
10013 167.27
1031 164
959 160
881 156
796 151
795 147
718 143
717 139
716 135
715 131
714 127
1027 148
1026 144
1028 152
1084 111
1087 112
9249 460
1073 70
9248 460
1075 62
1076 58
1074 66
1077 43
1078 43
1097 152
1096 148
1095 144
1025 140
953 136
1099 160
1029 156
1102 172.58
1089 120
1088 116
1090 124
1145 61
1229 57
1230 53
1147 49
1144 64
1146 53
1143 68
1142 72
1183 218.127
1266 214.127
1265 210.127
1351 206.127
1441 202.127
1440 198.127
1439 194.127
1438 190.127
1437 186.127
1436 182.127
1435 178.127
1434 174.127
1433 170.127
1432 166.127
1431 162.127
1430 158.127
1429 154.127
1428 150.127
1427 146.127
1426 142.127
1425 138.127
1424 134.127
1423 130.127
1422 126.127
1421 122.127
1420 118.127
1419 114.127
1418 110.127
1417 106.127
1416 102.127
1415 98.127
1414 94.127
1605 76.895
1604 72.895
1700 69
1699 65
1698 61
1697 57
1696 53
1695 49
1694 45
1600 40
1599 36
1505 32
1504 28
1503 24
1502 20
1406 13
1319 8
1236 4
1182 214.127
1169 150.127
1252 146.127
1335 142.127
1168 146.127
1251 142.127
1250 138.127
1333 134.127
1171 158.127
1254 154.127
1337 150.127
1336 146.127
1170 154.127
1253 150.127
1173 166.127
1172 162.127
1161 118.127
1160 114.127
1243 110.127
1326 106.127
1325 102.127
1163 126.127
1162 122.127
1245 118.127
1328 114.127
1327 110.127
1165 134.127
1164 130.127
1247 126.127
1330 122.127
1329 118.127
1167 142.127
1166 138.127
1152 4
1157 110.127
1241 106.127
1156 111.127
1240 107.127
1324 103.127
1159 110.127
1242 106.127
1158 110.127
9421 1947.96
9422 1849.96
9423 1751.96
9424 1653.96
9442 1478.96
9443 1379.96
9461 1244.96
9477 1138.96
9494 1031.96
9512 899.956
9531 792.956
9551 685.956
6006 496.956
6087 491.956
6163 487.956
6238 483.956
6313 478.956
6314 474.956
6315 470.956
6316 466.956
6317 462.956
6395 455.956
6474 448.956
6475 444.956
6556 440.956
6636 435.956
6714 431.956
6715 427.956
6791 423.956
6864 418.956
6936 414.956
7012 410.956
7083 405.956
7152 401.956
7217 397.956
7284 393.956
7352 388.956
7421 384.956
7487 380.956
9982 377.015
7556 372
7557 368
7558 364
7631 357
7704 353
7777 349
7851 344
9420 2045.96
1244 114.127
1246 122.127
1234 8
1225 72
1224 76
1227 65
1228 61
1226 68
1221 123
1220 119
1305 115
1392 111
1484 107
1485 103
1486 99
1393 92
1306 86
1223 79
9462 1208.46
9939 1118.04
9478 1100.14
9942 1011.26
9495 992.956
1222 127
1264 206.127
1263 202.127
1349 198.127
1269 226.127
1268 222.127
1267 218.127
1257 166.127
1340 162.127
1256 162.127
1339 158.127
1259 186.127
1345 182.127
1248 130.127
9493 1086.96
9511 953.956
9530 847.956
9550 741.956
9572 612.956
5928 515.956
1255 158.127
1304 116
1307 83
1309 76
1308 80
1311 69
1310 73
9529 946.956
9528 1045.96
9532 788.956
9525 1934.2
9544 1832.2
9563 1739.2
9586 1637.2
9607 1535.2
9629 1443.2
9630 1346.2
9631 1249.2
9984 1197.6
9609 1118
9610 1018
9611 918
9612 818
9613 718
9614 618
7873 552
7800 548
7801 544
7874 540
7875 536
7876 532
7877 528
7878 524
7879 520
7880 516
7881 512
7882 508
7883 504
7884 500
7885 496
7886 492
7887 488
7888 484
7889 480
7890 476
7891 472
7892 468
7893 464
7894 460
9524 2029.2
9543 1927.2
9562 1834.2
9585 1733.2
9606 1632.2
9628 1540.2
9527 1144.96
9513 895.956
1338 154.127
1341 166.127
1343 174.127
1342 170.127
9506 2130.2
9509 1149.96
9510 1051.96
1332 130.127
1334 138.127
9567 1102.96
9568 1004.96
9569 906.956
9570 808.956
9571 710.956
9566 1200.96
1312 65
1318 8
9547 1040.96
9546 1139.96
9549 841.956
9548 940.956
9593 609.956
6911 557.956
6912 553.956
6913 549.956
6982 538.956
7051 533.956
7120 529.956
7121 525.956
7122 521.956
7123 517.956
7188 513.956
7189 509.956
7190 505.956
7191 501.956
7192 497.956
7193 493.956
7260 489.956
7328 484.956
7329 480.956
7330 476.956
7399 472.956
7465 468.956
7466 464.956
7467 460.956
7468 456.956
7469 452.956
7470 448.956
7471 444.956
7472 440.956
7473 436.956
7474 432.956
7475 428.956
7476 424.956
7477 420.956
7478 416.956
7479 412.956
7480 408.956
7481 404.956
7482 400.956
7483 396.956
7484 392.956
7485 388.956
7486 384.956
9592 708.956
9595 681.127
9574 572.127
3392 488.127
3297 481.127
3107 466.127
3011 459.127
2908 448.127
2818 440.127
2732 435.127
2562 423.127
2477 418.127
2391 413.127
2302 405.127
2215 398.127
2124 391.127
2032 384.127
1943 379.127
1942 375.127
1941 371.127
1940 367.127
1939 363.127
1856 359.127
1765 355.127
1667 350.127
1573 346.127
1572 342.127
1571 338.127
1474 334.127
1473 330.127
1472 326.127
1471 322.127
1470 318.127
1469 314.127
1468 310.127
1467 306.127
1466 302.127
1465 298.127
1464 294.127
1463 290.127
1462 286.127
1461 282.127
1460 278.127
1459 274.127
1458 270.127
1457 266.127
1456 262.127
1455 258.127
1454 254.127
1453 250.127
1452 246.127
1451 242.127
1450 238.127
1449 234.127
1448 230.127
1447 226.127
1446 222.127
1445 218.127
1444 214.127
1443 210.127
1442 206.127
1352 210.127
9594 583.127
5374 509.127
5373 505.127
5285 501.127
5202 496.127
5122 492.127
5040 488.127
4956 483.127
4955 479.127
4870 475.127
4869 471.127
4868 467.127
4781 463.127
4692 458.127
4691 454.127
4690 450.127
4689 446.127
4688 442.127
4687 438.127
4686 434.127
4685 430.127
4684 426.127
4683 422.127
4682 418.127
4681 414.127
4680 410.127
4679 406.127
4593 402.127
4592 398.127
4591 394.127
4504 390.127
4503 386.127
4414 382.127
4322 377.127
4321 373.127
4320 369.127
4319 365.127
4227 361.127
4134 357.127
4044 352.127
3954 348.127
3865 344.127
3777 340.127
3689 335.127
3605 331.127
3519 327.127
3433 322.127
3432 318.127
3431 314.127
3430 310.127
3429 306.127
3428 302.127
3427 298.127
3426 294.127
3425 290.127
3424 286.127
3423 282.127
3422 278.127
3338 274.127
3337 270.127
3336 266.127
3335 262.127
3334 258.127
3333 254.127
3332 250.127
3331 246.127
3330 242.127
3329 238.127
3328 234.127
3327 230.127
3326 226.127
3325 222.127
3324 218.127
3323 214.127
3229 207.127
3138 202.127
3046 198.127
3045 194.127
2949 187.127
2948 183.127
2847 179.127
2758 174.127
2669 170.127
2582 166.127
2496 161.127
2411 157.127
2325 153.127
2237 148.127
2151 144.127
2061 140.127
1970 136.127
1881 131.127
1798 127.127
1707 123.127
1609 118.127
1608 114.127
1607 110.127
1513 106.127
1512 102.127
1511 98.127
1355 222.127
1357 230.127
1359 238.127
1358 234.127
1347 190.127
1346 186.127
9589 1005.96
9590 906.956
9591 807.956
9588 1104.96
1348 194.127
1350 202.127
1401 63
1314 59
1315 55
1231 51
1148 47
1400 67
1403 61
1316 56
1150 48
1402 59
1405 12
1404 12
1395 87
1394 90
9573 186
4102 182
4194 178
4286 174
4193 170
4192 166
4191 162
4190 158
4189 154
4188 150
4187 146
4186 142
4185 138
4095 134
4005 129
3916 125
3827 121
3740 117
3657 112
3571 108
1397 80
1396 84
1399 71
1398 75
1391 115
1483 111
9617 685.127
9616 586.127
7111 521.127
7110 517.127
7109 513.127
7108 509.127
7038 501.127
7037 497.127
6967 490.127
6966 486.127
6965 482.127
6964 478.127
6896 471.127
6828 466.127
6827 462.127
6754 458.127
6678 454.127
6600 449.127
6520 445.127
6519 441.127
6437 437.127
6359 433.127
6282 428.127
6207 424.127
6131 420.127
6055 415.127
5974 411.127
5973 407.127
5900 403.127
5899 399.127
5898 395.127
5824 391.127
5749 386.127
5673 382.127
5593 378.127
5516 373.127
5515 369.127
5514 365.127
5513 361.127
5427 357.127
5426 353.127
5334 349.127
5246 345.127
5163 340.127
5083 336.127
5001 332.127
4917 327.127
4832 323.127
4831 319.127
4744 315.127
4655 310.127
4569 306.127
4482 302.127
4393 298.127
4301 293.127
4209 289.127
4116 285.127
4026 280.127
3936 276.127
3847 272.127
3759 268.127
3671 263.127
3587 259.127
3501 255.127
3415 250.127
9657 860
9636 757
9656 957
9635 854
9658 958
9661 787.883
9638 679.883
10125 665.299
9660 716.127
9637 608.127
9615 515.127
6824 456.127
6751 452.127
6675 448.127
6598 444.127
6518 440.127
6436 436.127
6358 432.127
9655 1055
9634 951
9654 1152
9633 1048
9639 701.127
9681 824.127
9680 965
9682 895.883
1497 58
1591 54
1778 46
1949 38
1496 59
1590 55
1684 50
1499 16
9677 1229.47
10128 1130.06
1500 16
9679 963
9678 1060
1491 83
1492 79
1490 88
1493 77
1494 73
1495 63
9721 1158
9700 1054
9720 1156
1482 123
1579 119
1580 115
1487 96
1529 170.127
1528 166.127
1527 162.127
1531 178.127
1530 174.127
1533 186.127
1532 182.127
1534 190.127
9699 1151
9701 1056
1525 154.127
1524 150.127
1523 146.127
1526 158.127
1515 114.127
1514 110.127
1517 122.127
9742 1336
9741 1237
1553 266.127
1552 262.127
1555 274.127
1554 270.127
1556 278.127
1545 234.127
1544 230.127
1546 238.127
1549 250.127
1551 258.127
1550 254.127
1537 202.127
1536 198.127
1535 194.127
1538 206.127
1541 218.127
1540 214.127
1539 210.127
9782 1564
9781 1467
9761 1341
1543 226.127
1542 222.127
1593 20
1592 20
1585 98
1488 94
1584 100
9762 1441
1586 95
1489 91
1589 59
9819 1633
9799 1530
9779 1429
9760 1339
9818 1632
9821 1639
9801 1535
9780 1431
1581 111
1582 107
9820 1636
9800 1532
9823 1577.35
9804 1480.35
9784 1383.35
9763 1270.89
9744 1173.89
9723 1076.89
10126 983.157
9702 898.127
1583 103
9822 1675
9802 1571
1625 182.127
1624 178.127
1627 190.127
1626 186.127
1628 194.127
1630 202.127
1619 158.127
1618 154.127
1617 150.127
1616 146.127
1615 142.127
1614 138.127
1613 134.127
1519 130.127
1621 166.127
1620 162.127
1623 174.127
1622 170.127
9798 1553
9778 1451
9759 1361
9740 1259
1611 126.127
1610 122.127
1612 130.127
1518 126.127
9844 888.306
9833 871.243
10024 836.584
9830 796.494
9871 746.153
9829 689.467
9912 652.555
9828 621.236
9927 578.768
9827 539.896
9897 524.175
1606 106.127
1657 310.127
1563 306.127
1656 306.127
1562 302.127
9835 843.166
9879 830.598
9834 905.857
9843 871.979
1658 314.127
1564 310.127
9836 726.272
9904 685.883
1649 278.127
1648 274.127
1647 270.127
9826 274.919
6240 263
6241 259
6242 255
6243 251
6169 247
6092 243
6012 239
6013 235
5934 231
5935 227
5936 223
5862 219
5788 215
5713 211
5634 207
5558 203
5473 199
5383 195
5292 191
1651 286.127
1557 282.127
1650 282.127
1653 294.127
1652 290.127
9831 890.143
10007 839.004
9881 209.875
1640 242.127
1639 238.127
1643 254.127
1642 250.127
1641 246.127
9885 11.033
1645 262.127
1644 258.127
1646 266.127
1633 214.127
1632 210.127
1631 206.127
1635 222.127
1634 218.127
1637 230.127
1636 226.127
1638 234.127
9866 74.646
604 65
1683 51
1777 47
1865 43
1686 24
9913 220.286
4727 214.036
9909 210.112
4726 206
4556 194
4468 190
4378 183
4287 178
1673 119
9915 181.145
1675 111
1676 107
9914 251.454
9825 242.551
5627 235
5551 231
5466 227
5467 223
5377 219
5378 215
5379 211
5380 207
5381 203
5382 199
1674 115
9917 409.88
7084 404.956
7153 400.956
7218 396.956
7285 392.956
1677 104
9916 630.692
9919 599.419
9918 48.161
1678 102
9905 85.939
9906 215.938
4380 210.895
4289 206.895
4196 202.895
4105 198.895
4016 194.895
3928 190.895
3839 186.895
3750 182.895
3665 178.895
3582 174.895
3497 170.895
3409 166.895
3318 162.895
3224 158.895
3132 154.895
3041 150.895
2937 146.895
2836 142.895
2748 138.895
2659 134.895
2572 130.895
2486 125.895
2401 121.895
2315 117.895
2228 113.895
2142 109.895
2052 105.895
1963 101.895
1879 95.895
1794 91.895
1702 84.895
9908 302.739
3249 300.127
3248 296.127
3340 289.127
9911 477.775
9910 177.958
5045 176
4962 172
4792 164
4704 160
4622 156
4536 152
4448 148
4359 144
4269 140
4176 136
4087 132
3998 128
3910 124
3822 120
3736 116
3654 112
3569 108
3489 104
3404 100
1721 179.127
9896 291.267
1720 175.127
9899 133.256
2823 129.44
2824 125.44
2917 121.44
2918 117.44
3020 113.44
3021 109.44
3022 105.44
3023 101.44
3024 97.44
10073 94.124
3025 92
2923 88
2739 78
2740 74
2652 70
2565 66
2481 62
2395 58
2307 54
2220 50
2130 46
2038 42
1723 187.127
9898 226.553
4729 222.036
4728 218.036
1722 183.127
1725 195.127
9900 423.769
6794 420.956
7014 408.956
1724 191.127
9903 186.255
1727 203.127
1629 198.127
9902 602.256
1713 147.127
1712 143.127
1715 155.127
1714 151.127
9893 125.499
1717 163.127
1716 159.127
9895 163.353
4170 156
3992 148
3904 144
3905 140
3819 136
3732 132
3650 128
3566 124
3567 120
3486 116
3400 112
3305 108
3306 104
3211 100
3117 96
1719 171.127
9894 280.621
1718 167.127
9945 546.06
1705 115.127
9944 374.787
1672 370.127
1671 366.127
1670 362.127
1669 358.127
1668 354.127
1704 111.127
9946 339.112
918 337.113
917 333.113
916 329.113
915 325.113
914 321.113
913 317.113
912 313.113
911 309.113
910 305.113
909 301.113
908 297.113
907 293.113
906 289.113
905 285.113
904 281.113
903 277.113
902 273.113
901 269.113
900 265.113
899 261.113
898 257.113
897 253.113
896 249.113
895 245.113
894 241.113
893 237.113
892 233.113
891 229.113
890 225.113
889 221.113
888 217.113
887 213.113
886 209.113
1706 119.127
9949 259.472
6428 251
6349 247
6271 242
6196 238
6118 234
6037 229
5956 225
5882 221
5807 217
5731 212
5651 208
5574 204
5488 199
5397 195
5305 191
5217 187
5137 182
5055 178
4971 174
4886 169
4800 165
4712 161
4629 156
4543 152
4455 148
4366 144
4276 140
4183 136
4093 132
4004 128
3915 124
3826 120
3739 116
9948 390.485
1708 127.127
9951 443.187
1711 139.127
1710 135.127
9936 1070.73
9938 1015.66
9943 629.667
1753 307.127
1655 302.127
1654 298.127
9928 201.719
4104 200.895
1752 303.127
1754 311.127
9933 1024.04
1757 323.127
1659 318.127
1565 314.127
1758 327.127
1660 322.127
1566 318.127
1745 275.127
9920 43.699
1744 271.127
9923 318.157
3159 314.127
3158 310.127
3157 306.127
1747 283.127
1746 279.127
1749 291.127
9924 290.581
1748 287.127
1751 299.127
9926 61.538
1750 295.127
1737 243.127
9976 536.576
6005 500.956
6086 495.956
6162 491.956
6237 487.956
6312 482.956
9979 273.434
2782 270.127
2693 266.127
2606 262.127
2520 257.127
2519 253.127
2518 249.127
2517 245.127
2516 241.127
2515 237.127
2430 233.127
2429 229.127
2428 225.127
2427 221.127
2426 217.127
2425 213.127
2424 209.127
2338 205.127
2250 200.127
2164 196.127
2163 192.127
2073 188.127
1982 184.127
1893 179.127
1892 175.127
1891 171.127
1890 167.127
1889 163.127
1888 159.127
1805 155.127
1804 151.127
1803 147.127
1739 251.127
1738 247.127
9981 1915.44
1741 259.127
1740 255.127
1743 267.127
1742 263.127
1729 211.127
9968 470.851
9270 464.805
10129 463.524
9252 459.992
9231 455.992
9208 451.992
9184 447.992
9159 443.992
9132 439.992
9106 435.992
9971 325.861
7870 325
7796 320
7723 316
7651 312
7578 308
7507 304
7440 300
7371 296
7302 292
7236 288
7170 284
7100 280
7029 276
6955 272
6884 268
6813 264
6737 260
6659 256
6580 252
6497 248
6414 244
6335 240
6258 236
6184 232
6107 228
6027 224
5947 220
5872 216
5797 212
5722 208
5642 204
5566 200
5481 196
5391 192
5300 188
5213 184
5134 180
5053 176
4969 172
4885 168
4799 164
4711 160
1731 219.127
1730 215.127
9973 665.038
9972 271.84
6893 269
6821 264
6745 260
6666 256
6587 252
6504 248
6421 244
6342 240
6265 236
6190 232
6112 228
6032 224
5951 220
5877 216
5802 212
5727 208
5647 204
5570 200
5485 196
5394 192
5302 188
5214 184
5135 180
1732 223.127
9975 220.181
1735 235.127
9974 614.542
1734 231.127
9960 227.624
5069 223
4985 219
4900 214
4814 210
9967 367.908
8445 364
8396 360
8348 356
9966 273.942
3845 270.127
3757 266.127
3586 258.127
3500 254.127
1790 53
9952 444.018
9954 331.134
1781 28
9956 364.809
5669 360.127
5510 352.127
5424 348.127
5332 344.127
5244 340.127
5161 335.127
5081 331.127
4999 327.127
4915 322.127
4830 318.127
4743 314.127
4654 309.127
4568 305.127
4481 301.127
4392 297.127
4300 292.127
4208 288.127
4115 284.127
4025 279.127
3935 275.127
3846 271.127
3758 267.127
3670 262.127
9959 399.953
10009 1109.33
1769 371.127
10008 324.184
7779 320
7706 316
1771 115
1770 375.127
1578 366.127
1577 362.127
1576 358.127
1575 354.127
1574 350.127
1773 108
1772 111
1775 103
1679 99
1774 106
10005 118.85
1817 203.127
1726 199.127
1816 199.127
1815 195.127
1814 191.127
1819 211.127
1818 207.127
1821 219.127
1809 171.127
1808 167.127
1807 163.127
1806 159.127
1811 179.127
1810 175.127
1813 187.127
1812 183.127
10041 145.235
2392 136
2305 132
2218 128
2127 124
2035 120
1946 116
1862 112
1801 139.127
1800 135.127
1799 131.127
10040 546.242
6007 494.308
6164 484.308
6239 480.308
10043 89.51
10042 142.405
3393 140
3299 136
3203 132
3109 128
3110 124
3111 120
3112 116
3113 112
3114 108
3115 104
3116 100
1802 143.127
10045 1221.67
10044 308.817
2783 306.127
2698 302.127
2615 298.127
2529 293.127
2444 289.127
2443 285.127
2442 281.127
2441 277.127
2440 273.127
2439 269.127
2438 265.127
2437 261.127
2436 257.127
2435 253.127
2434 249.127
2433 245.127
2347 241.127
2259 236.127
2258 232.127
2257 228.127
2256 224.127
2255 220.127
2254 216.127
2253 212.127
2252 208.127
2166 204.127
2165 200.127
10047 324.233
10046 745.262
10033 205.832
10032 1130.91
10035 282.037
7090 281
10034 281.97
10037 28.41
1797 123.839
10049 118.869
10036 78.489
10039 1873.8
10038 70.55
10027 118.063
1861 115
10026 265.554
1850 335.127
1759 331.127
1661 326.127
1567 322.127
10029 85.959
703 83
10028 952.4
10031 43.222
2043 40
1953 36
1869 32
1782 28
1687 24
1594 20
10030 85.03
1841 299.127
1840 295.127
1843 307.127
1842 303.127
1845 315.127
1844 311.127
1846 319.127
1755 315.127
1833 267.127
10072 94.78
3124 88
3032 84
2929 80
2831 76
2743 72
2654 68
2567 64
2483 60
2397 56
1832 263.127
10075 38.221
1835 275.127
1834 271.127
10074 56.301
1233 52
1837 283.127
1836 279.127
1839 291.127
1838 287.127
10065 9.417
10064 186.637
3749 184.895
10067 149.904
4358 144
4268 140
10066 9.161
10069 148.659
3478 145.999
1829 251.127
10068 124.214
3828 122
3741 118
3658 113
3572 109
3491 105
10071 219.253
5873 216
5799 212
5724 208
5644 204
5567 200
5482 196
5392 192
1831 259.127
10070 295.507
1830 255.127
10057 209.494
3580 206.025
3747 198
3835 194
3925 190
4014 186
10056 114.469
1863 110
1880 127.839
10059 292.812
1883 139.127
1882 135.127
10061 137.912
1885 147.127
1884 143.127
10060 75.189
2563 72
2394 62
10063 441.738
6712 439.956
6713 435.956
1887 155.127
10062 450.21
1886 151.127
1873 41
1872 37
1785 33
1690 29
1596 24
10048 66.587
10051 537.163
10050 126.654
10053 300.689
7354 298
10055 542.792
10054 273.477
1864 47
1948 42
1860 375.127
1859 371.127
1858 367.127
1767 363.127
1913 259.127
1912 255.127
1911 251.127
1910 247.127
1827 243.127
1826 239.127
1825 235.127
1824 231.127
1823 227.127
1915 267.127
1914 263.127
1917 275.127
1916 271.127
1919 283.127
1918 279.127
1905 227.127
1822 223.127
1904 223.127
1903 219.127
1902 215.127
1901 211.127
1900 207.127
1899 203.127
1897 195.127
1896 191.127
1898 199.127
1895 187.127
1894 183.127
1945 120
1944 120.937
1947 114
1951 36
1867 32
1929 323.127
1928 319.127
1927 315.127
1926 311.127
1925 307.127
1930 327.127
1847 323.127
1756 319.127
1921 291.127
1920 287.127
1923 299.127
1922 295.127
1924 303.127
1977 164.127
1976 160.127
1979 172.127
1978 168.127
1981 180.127
1980 176.127
1983 188.127
1969 132.839
1968 131.839
1971 140.127
1973 148.127
1972 144.127
1975 156.127
1974 152.127
1965 120.895
1964 116.895
2053 109.895
1967 128.895
1966 124.895
1954 37
2009 292.127
2008 288.127
2011 300.127
2010 296.127
2013 308.127
2012 304.127
2015 316.127
2014 312.127
2001 260.127
2000 256.127
2003 268.127
2002 264.127
2005 276.127
2004 272.127
2007 284.127
2006 280.127
1992 224.127
1994 232.127
1997 244.127
1908 239.127
1907 235.127
1999 252.127
1998 248.127
1909 243.127
1985 196.127
1984 192.127
1987 204.127
1986 200.127
1989 212.127
1988 208.127
1991 220.127
1990 216.127
2041 40
1952 36
1868 32
2040 40
2042 40
2044 41
2033 124.937
2034 124
2037 46
2036 118
2024 352.127
1935 347.127
1934 343.127
1933 339.127
2027 364.127
1938 359.127
1855 355.127
1764 351.127
1666 346.127
2017 324.127
2016 320.127
2019 332.127
2018 328.127
2021 340.127
1932 335.127
1931 331.127
1848 327.127
2020 336.127
2023 348.127
2022 344.127
2072 184.127
2075 196.127
2074 192.127
2077 204.127
2076 200.127
2079 212.127
2078 208.127
2065 156.127
2064 152.127
2063 148.127
2067 164.127
2066 160.127
2069 172.127
2068 168.127
2071 180.127
2070 176.127
2057 125.895
2056 121.895
2055 117.895
2054 113.895
2059 133.895
2058 129.895
2060 136.839
2062 144.127
2105 316.127
2104 312.127
2107 324.127
2106 320.127
2109 332.127
2108 328.127
2110 336.127
2097 284.127
2096 280.127
2099 292.127
2098 288.127
2101 300.127
2100 296.127
2103 308.127
2102 304.127
2088 248.127
2087 244.127
1996 240.127
2091 260.127
2090 256.127
2089 252.127
2093 268.127
2092 264.127
2095 276.127
2094 272.127
2081 220.127
2080 216.127
2083 228.127
2082 224.127
2085 236.127
2084 232.127
1993 228.127
2086 240.127
2143 113.895
2129 50
2128 122
2133 44
2132 44
2135 44
2134 44
2125 128.937
2126 128
2113 348.127
2169 216.127
2168 212.127
2167 208.127
2171 224.127
2170 220.127
2173 232.127
2172 228.127
2175 240.127
2174 236.127
2161 184.127
2160 180.127
2162 188.127
2153 152.127
2152 148.127
2155 160.127
2154 156.127
2159 176.127
2158 172.127
2157 168.127
2145 121.895
2144 117.895
2147 129.895
2146 125.895
2148 133.895
2150 140.839
2201 344.127
2200 340.127
2199 336.127
2198 332.127
2193 312.127
2192 308.127
2195 320.127
2194 316.127
2197 328.127
2196 324.127
2185 280.127
2184 276.127
2183 272.127
2182 268.127
2181 264.127
2180 260.127
2187 288.127
2186 284.127
2189 296.127
2188 292.127
2191 304.127
2190 300.127
2176 244.127
2233 133.895
2232 129.895
2235 141.895
2149 137.895
2234 137.895
2236 144.839
2239 156.127
2238 152.127
2225 48
2224 48
2229 117.895
2231 125.895
2230 121.895
2217 132
2216 132.937
2219 54
2223 48
2222 48
2267 268.127
2266 264.127
2269 276.127
2268 272.127
2271 284.127
2270 280.127
2261 244.127
2260 240.127
2249 196.127
2248 192.127
2247 188.127
2246 184.127
2245 180.127
2251 204.127
2243 172.127
2242 168.127
2156 164.127
2244 176.127
2281 324.127
2280 320.127
2283 332.127
2282 328.127
2285 340.127
2284 336.127
2286 344.127
2273 292.127
2272 288.127
2275 300.127
2274 296.127
2277 308.127
2276 304.127
2279 316.127
2278 312.127
2331 177.127
2330 173.127
2333 185.127
2332 181.127
2335 193.127
2334 189.127
2321 138.895
2320 134.895
2323 146.895
2322 142.895
2324 149.839
2312 52
2317 122.895
2316 118.895
2319 130.895
2318 126.895
2304 136
2306 58
2309 52
2311 52
2310 52
2361 297.127
2360 293.127
2363 305.127
2362 301.127
2365 313.127
2364 309.127
2367 321.127
2366 317.127
2353 265.127
2265 260.127
2264 256.127
2263 252.127
2262 248.127
2352 261.127
2355 273.127
2354 269.127
2357 281.127
2356 277.127
2359 289.127
2358 285.127
2345 233.127
2344 229.127
2346 237.127
2348 245.127
2337 201.127
2336 197.127
2339 209.127
2341 217.127
2340 213.127
2343 225.127
2342 221.127
2393 153.938
2479 146.938
2478 142.938
2399 56
2398 56
2387 401.127
2299 396.127
2298 392.127
2297 388.127
2296 384.127
2210 380.127
2120 376.127
2029 372.127
2369 329.127
2368 325.127
2371 337.127
2370 333.127
2373 345.127
2372 341.127
2375 353.127
2287 348.127
2374 349.127
2431 237.127
2419 189.127
2421 197.127
2420 193.127
2423 205.127
2422 201.127
2409 150.895
2408 146.895
2403 126.895
2402 122.895
2405 134.895
2404 130.895
2407 142.895
2406 138.895
2457 341.127
2456 337.127
2455 333.127
2454 329.127
2453 325.127
2459 349.127
2458 345.127
2460 353.127
2449 309.127
2448 305.127
2447 301.127
2451 317.127
2450 313.127
2452 321.127
2445 293.127
2446 297.127
2432 241.127
2489 134.895
2488 130.895
2487 126.895
2490 138.895
2493 150.895
2492 146.895
2495 157.839
2410 153.839
2480 66
2485 60
2484 60
2523 269.127
2525 277.127
2526 281.127
2513 229.127
2512 225.127
2514 233.127
2505 197.127
2504 193.127
2507 205.127
2506 201.127
2509 213.127
2508 209.127
2511 221.127
2510 217.127
2498 169.127
2413 165.127
2412 161.127
2326 157.127
2503 189.127
2502 185.127
2501 181.127
2416 177.127
2415 173.127
2329 169.127
2241 164.127
2240 160.127
2544 353.127
2543 349.127
2542 345.127
2541 341.127
2540 337.127
2537 325.127
2536 321.127
2535 317.127
2534 313.127
2533 309.127
2532 305.127
2531 301.127
2530 297.127
2539 333.127
2538 329.127
2528 289.127
2585 178.127
2499 173.127
2414 169.127
2587 186.127
2586 182.127
2500 177.127
2589 194.127
2588 190.127
2591 202.127
2590 198.127
2583 170.127
2497 165.127
2569 64
2568 64
2570 65
2573 131.895
2575 139.895
2574 135.895
2564 70
2617 306.127
2616 302.127
2619 314.127
2618 310.127
2621 322.127
2620 318.127
2623 330.127
2622 326.127
2609 274.127
2612 286.127
2614 294.127
2601 242.127
2600 238.127
2603 250.127
2602 246.127
2605 258.127
2604 254.127
2593 210.127
2592 206.127
2595 218.127
2594 214.127
2597 226.127
2596 222.127
2599 234.127
2598 230.127
2649 144.44
2650 140.44
2737 133.44
2651 74
2655 68
2625 338.127
2624 334.127
2627 346.127
2626 342.127
2629 354.127
2628 350.127
2630 358.127
2681 218.127
2680 214.127
2679 210.127
2683 226.127
2682 222.127
2685 234.127
2684 230.127
2687 242.127
2686 238.127
2673 186.127
2672 182.127
2675 194.127
2674 190.127
2677 202.127
2676 198.127
2678 206.127
2671 178.127
2670 174.127
2657 68
2656 68
2661 139.895
2660 135.895
2662 143.895
2713 362.127
2712 358.127
2705 330.127
2704 326.127
2707 338.127
2706 334.127
2709 346.127
2708 342.127
2711 354.127
2710 350.127
2699 306.127
2701 314.127
2700 310.127
2703 322.127
2702 318.127
2689 250.127
2688 246.127
2691 258.127
2690 254.127
2692 262.127
2694 270.127
2745 72
2747 138.895
2746 72
2749 139.895
2751 147.895
2750 143.895
2736 137.44
2742 72
2733 149.44
2734 145.44
2735 141.44
2777 250.127
2776 246.127
2775 242.127
2779 258.127
2778 254.127
2781 266.127
2780 262.127
2769 218.127
2768 214.127
2771 226.127
2770 222.127
2773 234.127
2772 230.127
2774 238.127
2761 186.127
2763 194.127
2762 190.127
2765 202.127
2764 198.127
2767 210.127
2766 206.127
2793 342.127
2792 338.127
2795 350.127
2794 346.127
2797 358.127
2796 354.127
2799 366.127
2798 362.127
2785 310.127
2784 306.127
2787 318.127
2786 314.127
2789 326.127
2788 322.127
2791 334.127
2790 330.127
2840 152.895
2845 172.895
2756 167.895
2667 163.895
2580 159.895
2494 154.895
2835 142.895
2837 143.895
2839 148.895
2838 144.895
2827 82
2828 78
2830 76
2822 133.44
2873 311.127
2872 310.127
2875 319.127
2874 315.127
2877 327.127
2876 323.127
2879 335.127
2878 331.127
2865 251.127
2864 247.127
2867 259.127
2866 255.127
2869 267.127
2868 263.127
2871 275.127
2870 271.127
2857 219.127
2856 215.127
2859 227.127
2858 223.127
2861 235.127
2860 231.127
2863 243.127
2862 239.127
2850 191.127
2855 211.127
2854 207.127
2909 152.44
2910 148.44
2911 144.44
3014 137.44
3015 133.44
3016 129.44
3017 125.44
3018 121.44
3019 117.44
2888 371.127
2881 343.127
2880 339.127
2883 351.127
2882 347.127
2885 359.127
2884 355.127
2887 367.127
2886 363.127
2928 80
2930 80
2832 76
2744 72
2933 151.895
2834 144.895
2932 155.895
2935 146.895
2921 100.457
2922 96.457
2925 82
2924 86
2927 80
2913 137.44
2914 133.44
2912 141.44
2915 129.44
2969 267.127
2968 263.127
2971 275.127
2970 271.127
2973 314.127
2972 314.126
10101 309.239
2975 319.127
2974 315.127
2961 235.127
2960 231.127
2963 243.127
2962 239.127
2965 251.127
2964 247.127
2967 259.127
2966 255.127
2952 199.127
2851 195.127
2955 211.127
2954 207.127
2953 203.127
2957 219.127
2956 215.127
2959 227.127
2958 223.127
2946 176.895
2985 359.127
2984 355.127
2983 351.127
2987 367.127
2986 363.127
2989 375.127
2988 371.127
2977 327.127
2976 323.127
2979 335.127
2978 331.127
2981 343.127
2980 339.127
2982 347.127
3033 84
3035 159.895
3036 155.895
3034 163.895
3039 150.895
2936 146.895
3027 86
3026 90
3013 155.44
3012 159.44
3065 274.127
3064 270.127
3063 266.127
3062 262.127
3061 258.127
3060 254.127
3059 250.127
3058 246.127
3057 242.127
3056 238.127
3055 234.127
3054 230.127
3053 226.127
3052 222.127
3051 218.127
3050 214.127
3049 210.127
3048 206.127
3047 202.127
3067 318.126
3066 317.127
3069 319.127
3068 318.127
3071 327.127
3070 323.127
3040 150.895
3081 367.127
3080 363.127
3079 359.127
3083 375.127
3082 371.127
3084 379.127
3073 335.127
3072 331.127
3075 343.127
3074 339.127
3077 351.127
3076 347.127
3078 355.127
3121 88
3127 156.895
3037 152.895
2934 148.895
3119 90
3118 94
3108 132
3161 322.126
3160 318.127
3163 323.127
3162 322.127
3165 331.127
3164 327.127
3167 339.127
3166 335.127
3152 258.127
3155 270.127
3154 266.127
3153 262.127
3156 274.127
3145 230.127
3144 226.127
3147 238.127
3146 234.127
3149 246.127
3148 242.127
3151 254.127
3150 250.127
3141 214.127
3140 210.127
3139 206.127
3143 222.127
3142 218.127
3177 379.127
3176 375.127
3178 383.127
3169 347.127
3168 343.127
3171 355.127
3170 351.127
3173 363.127
3172 359.127
3175 371.127
3174 367.127
3231 215.127
3219 160.895
3218 163.895
3126 159.895
3220 158.895
3128 154.895
3038 150.895
3209 108
3208 112
3210 104
3213 94
3212 98
3205 124
3206 120
3204 128
3207 116
3257 328.127
3256 327.127
3259 336.127
3258 332.127
3261 344.127
3260 340.127
3263 352.127
3262 348.127
3251 308.127
3250 304.127
3253 316.127
3252 312.127
3255 324.127
3254 320.127
3241 255.127
3240 251.127
3245 271.127
3244 267.127
3246 275.127
3233 223.127
3232 219.127
3239 247.127
3238 243.127
3272 388.127
3275 400.127
3181 395.127
3180 391.127
3179 387.127
3085 383.127
2990 379.127
3265 360.127
3264 356.127
3267 368.127
3266 364.127
3269 376.127
3268 372.127
3271 384.127
3270 380.127
3304 112
3307 102
3308 98
3298 140
3300 132
3301 128
3303 116
3353 340.127
3352 336.127
3351 332.127
3355 348.127
3354 344.127
3357 356.127
3356 352.127
3359 364.127
3358 360.127
3345 309.127
3344 305.127
3343 301.127
3342 297.127
3341 293.127
3346 313.127
3349 325.127
3348 321.127
3347 317.127
3350 329.127
3339 278.127
3361 372.127
3360 368.127
3363 380.127
3362 376.127
3365 388.127
3364 384.127
3417 258.127
3416 254.127
3419 266.127
3418 262.127
3421 274.127
3420 270.127
3408 166.895
3317 162.895
3222 158.895
3130 154.895
3401 108
3402 106
3403 102
3399 116
3449 386.127
3448 382.127
3447 378.127
3446 374.127
3445 370.127
3444 366.127
3443 362.127
3442 358.127
3441 354.127
3440 350.127
3439 346.127
3438 342.127
3437 338.127
3436 334.127
3435 330.127
3434 326.127
3450 390.127
3453 402.127
3452 398.127
3451 394.127
3481 136
3395 132
3485 120
3487 110
3488 106
3477 149.999
3513 303.127
3512 299.127
3515 311.127
3514 307.127
3517 319.127
3516 315.127
3518 323.127
3505 271.127
3504 267.127
3507 279.127
3506 275.127
3509 287.127
3508 283.127
3510 291.127
3503 263.127
3502 259.127
3492 109
3529 367.127
3528 363.127
3531 375.127
3530 371.127
3533 383.127
3532 379.127
3535 391.127
3534 387.127
3521 335.127
3520 331.127
3523 343.127
3522 339.127
3525 351.127
3524 347.127
3527 359.127
3526 355.127
3579 210.025
3581 210.025
3561 493.127
3475 488.127
3390 483.127
3296 478.127
3202 473.127
3564 132
3483 128
3397 124
3398 120
3609 347.127
3608 343.127
3607 339.127
3606 335.127
3611 355.127
3610 351.127
3613 363.127
3612 359.127
3615 371.127
3614 367.127
3601 315.127
3600 311.127
3599 307.127
3598 303.127
3603 323.127
3602 319.127
3604 327.127
3593 283.127
3592 279.127
3595 291.127
3594 287.127
3597 299.127
3511 295.127
3596 295.127
3589 267.127
3588 263.127
3591 275.127
3590 271.127
3624 407.127
3623 403.127
3537 399.127
3617 379.127
3616 375.127
3619 387.127
3618 383.127
3620 391.127
3673 271.127
3672 267.127
3675 279.127
3674 275.127
3677 287.127
3676 283.127
3679 295.127
3678 291.127
3651 124
3705 399.127
3704 395.127
3707 407.127
3697 367.127
3696 363.127
3695 359.127
3699 375.127
3698 371.127
3701 383.127
3700 379.127
3703 391.127
3702 387.127
3688 331.127
3691 343.127
3690 339.127
3693 351.127
3692 347.127
3694 355.127
3681 303.127
3680 299.127
3683 311.127
3682 307.127
3685 319.127
3684 315.127
3687 327.127
3686 323.127
3742 122
3659 117
3730 140
3648 136
3733 128
3734 128
3652 124
3769 308.127
3768 304.127
3771 316.127
3770 312.127
3773 324.127
3772 320.127
3775 332.127
3774 328.127
3761 276.127
3760 272.127
3763 284.127
3762 280.127
3765 292.127
3764 288.127
3767 300.127
3766 296.127
3753 182.895
3667 178.895
3583 174.895
3498 170.895
3410 166.895
3319 162.895
3752 182.895
3666 178.895
3746 202
3748 198
3836 194
3926 190
3751 182.895
3793 404.127
3792 400.127
3795 412.127
3796 416.127
3708 411.127
3785 372.127
3784 368.127
3787 380.127
3786 376.127
3789 388.127
3788 384.127
3791 396.127
3790 392.127
3776 336.127
3779 348.127
3778 344.127
3781 356.127
3780 352.127
3783 364.127
3782 360.127
3833 142
3832 138
3745 134
3662 129
3661 125
3575 121
3494 117
3493 113
3834 146
3837 194
3838 188.895
3825 120
3829 126.32
3821 124
3864 340.127
3867 352.127
3866 348.127
3869 360.127
3868 356.127
3871 368.127
3870 364.127
3857 312.127
3856 308.127
3859 320.127
3858 316.127
3861 328.127
3860 324.127
3863 336.127
3862 332.127
3849 280.127
3848 276.127
3851 288.127
3850 284.127
3853 296.127
3852 292.127
3855 304.127
3854 300.127
3841 186.895
3840 186.895
3889 440.127
3801 436.127
3713 431.127
3629 427.127
3628 423.127
3627 419.127
3541 415.127
3455 410.127
3454 406.127
3881 408.127
3880 404.127
3883 416.127
3882 412.127
3794 408.127
3706 403.127
3885 424.127
3797 420.127
3709 415.127
3625 411.127
3884 420.127
3887 432.127
3886 428.127
3873 376.127
3872 372.127
3875 384.127
3874 380.127
3877 392.127
3876 388.127
3879 400.127
3878 396.127
3929 190.895
3930 190.895
3932 277.514
3921 142
3920 138
3831 134
3744 130
3923 150
3922 146
3924 191
4013 187
3914 124
3907 136
3909 128
3961 376.127
3960 372.127
3963 384.127
3962 380.127
3965 392.127
3964 388.127
3967 400.127
3966 396.127
3953 344.127
3952 340.127
3951 336.127
3955 352.127
3957 360.127
3956 356.127
3959 368.127
3958 364.127
3945 312.127
3944 308.127
3947 320.127
3946 316.127
3949 328.127
3948 324.127
3950 332.127
3943 304.127
3977 440.127
3976 436.127
3979 448.127
3890 444.127
3802 440.127
3714 435.127
3630 431.127
3978 444.127
3969 408.127
3968 404.127
3971 416.127
3970 412.127
3973 424.127
3972 420.127
3975 432.127
3974 428.127
4024 278.127
3934 274.127
4031 300.127
3941 296.127
4017 194.895
4019 194.895
4018 194.895
4023 278.127
4011 150
4010 146
4009 142
4001 128
3913 124
4003 128
4006 133
3917 129
4057 404.127
4056 400.127
4059 412.127
4058 408.127
4061 420.127
4060 416.127
4063 428.127
4062 424.127
4049 372.127
4048 368.127
4047 364.127
4046 360.127
4045 356.127
4051 380.127
4050 376.127
4053 388.127
4052 384.127
4055 396.127
4054 392.127
4041 340.127
4040 336.127
4043 348.127
4042 344.127
4033 308.127
4032 304.127
4034 312.127
4037 324.127
4039 332.127
4038 328.127
4091 132
4002 128
4065 436.127
4064 432.127
4067 444.127
4066 440.127
4069 452.127
4068 448.127
4071 460.127
3981 456.127
3892 452.127
3891 448.127
4070 456.127
3980 452.127
4121 305.127
4123 313.127
4122 309.127
4112 282.127
4106 198.895
4108 198.895
4111 282.127
4022 278.127
3933 274.127
4097 150
4096 138
4101 186
4153 433.127
4152 429.127
4155 441.127
4154 437.127
4157 449.127
4156 445.127
4159 457.127
4158 453.127
4145 401.127
4144 397.127
4149 417.127
4148 413.127
4151 425.127
4150 421.127
4137 369.127
4136 365.127
4139 377.127
4138 373.127
4141 385.127
4140 381.127
4143 393.127
4142 389.127
4131 345.127
4130 341.127
4133 353.127
4132 349.127
4135 361.127
4184 137
4094 133
4177 136
4180 136
4173 148
4084 144
3995 140
3996 136
3997 132
4172 148
4083 144
3994 140
3906 136
3820 132
4175 140
4161 465.127
4160 461.127
4162 469.127
4072 464.127
4216 317.127
4215 313.127
4214 309.127
4203 286.127
4195 204.895
4198 202.895
4249 449.127
4248 445.127
4251 457.127
4250 453.127
4253 465.127
4252 461.127
4255 473.127
4254 469.127
4241 417.127
4243 425.127
4242 421.127
4245 433.127
4244 429.127
4247 441.127
4246 437.127
4233 385.127
4232 381.127
4231 377.127
4235 393.127
4234 389.127
4237 401.127
4236 397.127
4224 349.127
4226 357.127
4225 353.127
4229 369.127
4228 365.127
4230 373.127
4281 154
4280 150
4283 162
4282 158
4273 140
4275 140
4182 136
4092 132
4274 140
4277 141
4279 146
4278 142
4265 152
4264 156
4266 152
4256 477.127
4263 160
4262 501.127
4261 497.127
4168 493.127
4078 488.127
4077 484.127
3987 480.127
3898 476.127
3810 472.127
3722 467.127
3638 463.127
3637 459.127
3551 455.127
3465 450.127
3464 446.127
3463 442.127
3462 438.127
3461 434.127
3460 430.127
3459 426.127
3458 422.127
3457 418.127
3456 414.127
4317 357.127
4316 353.127
4315 349.127
4314 345.127
4222 341.127
4129 337.127
4318 361.127
4305 309.127
4213 305.127
4120 301.127
4030 296.127
3940 292.127
4290 206.895
4295 290.127
4294 290.127
4345 469.127
4344 465.127
4343 461.127
4347 477.127
4346 473.127
4348 481.127
4337 437.127
4336 433.127
4335 429.127
4334 425.127
4333 421.127
4332 417.127
4331 413.127
4330 409.127
4329 405.127
4328 401.127
4327 397.127
4326 393.127
4339 445.127
4338 441.127
4341 453.127
4340 449.127
4342 457.127
4323 381.127
4325 389.127
4324 385.127
4377 179
4376 175
4285 170
4371 155
4373 163
4372 159
4375 171
4284 166
4374 167
4361 144
4271 140
4360 144
4270 140
4363 144
4365 144
4364 144
4355 158
4354 162
4357 148
4267 144
4409 362.127
4408 358.127
4411 370.127
4410 366.127
4413 378.127
4412 374.127
4415 386.127
4395 306.127
4303 301.127
4302 297.127
4394 302.127
4387 294.127
4296 290.127
4204 286.127
4388 294.127
4297 290.127
4206 286.127
4113 282.127
4441 490.127
4349 485.127
4440 486.127
4442 494.127
4350 489.127
4445 162
4444 502.127
4352 497.127
4260 493.127
4167 489.127
4447 148
4433 458.127
4432 454.127
4435 466.127
4434 462.127
4437 474.127
4436 470.127
4438 478.127
4429 442.127
4431 450.127
4430 446.127
4417 394.127
4416 390.127
4419 402.127
4418 398.127
4421 410.127
4420 406.127
4465 179
4464 175
4463 171
4459 155
4458 151
4369 147
4461 163
4462 167
4449 148
4451 148
4453 148
4452 148
4505 394.127
4507 402.127
4506 398.127
4508 406.127
4497 362.127
4496 358.127
4407 354.127
4499 370.127
4498 366.127
4501 378.127
4500 374.127
4502 382.127
4488 326.127
4487 322.127
4398 318.127
4306 313.127
4485 314.127
4484 310.127
4486 318.127
4537 152
4539 152
4541 152
4454 148
4540 152
4529 490.127
4528 486.127
4439 482.127
4531 498.127
4530 494.127
4533 166
4532 502.127
4443 498.127
4351 493.127
4259 489.127
4166 485.127
4076 480.127
4075 476.127
3985 472.127
3984 468.127
3983 464.127
3894 460.127
3806 456.127
3718 451.127
3717 447.127
3633 443.127
3547 439.127
4534 170
4521 458.127
4520 454.127
4523 466.127
4522 462.127
4525 474.127
4524 470.127
4527 482.127
4526 478.127
4571 314.127
4570 310.127
4483 306.127
4573 322.127
4572 318.127
4575 330.127
4574 326.127
4553 183
4552 179
4551 175
4550 171
4549 167
4548 163
4547 159
4554 187
4466 183
4546 155
4595 410.127
4594 406.127
4596 414.127
4587 378.127
4589 386.127
4588 382.127
4590 390.127
4576 334.127
4633 163
4632 159
4635 171
4634 167
4639 187
4638 183
4625 156
4626 156
4617 498.127
4619 170
4618 502.127
4621 156
4623 156
4609 466.127
4608 462.127
4607 458.127
4611 474.127
4610 470.127
4613 482.127
4612 478.127
4615 490.127
4614 486.127
4657 318.127
4659 326.127
4658 322.127
4660 330.127
4642 198
4697 478.127
4696 474.127
4695 470.127
4699 486.127
4698 482.127
4701 494.127
4700 490.127
4702 498.127
4674 386.127
4677 398.127
4676 394.127
4675 390.127
4678 402.127
4730 226.036
4721 188
4720 184
4637 179
4636 175
4722 192
4725 203
4724 200
4641 195
4640 191
4713 162
4630 157
4544 153
4456 149
4367 145
4715 164
4714 163
4631 158
4545 154
4457 150
4368 146
4717 172
4716 168
4718 176
4705 160
4707 160
4708 160
4763 391.127
4765 399.127
4767 407.127
4766 403.127
4747 327.127
4746 323.127
4749 335.127
4748 331.127
4750 339.127
4661 334.127
4793 164
4795 164
4785 479.127
4787 487.127
4786 483.127
4789 495.127
4788 491.127
4791 503.127
4790 499.127
4769 415.127
4768 411.127
4771 423.127
4772 427.127
4817 222
4816 218
4815 214
4818 226
4809 192
4808 188
4811 200
4723 196
4810 196
4813 207
4812 204
4801 166
4803 168
4802 167
4804 172
4807 184
4719 180
4806 180
4860 435.127
4773 431.127
4863 447.127
4776 443.127
4853 407.127
4852 403.127
4851 399.127
4850 395.127
4849 391.127
4848 387.127
4761 383.127
4672 378.127
4586 374.127
4855 415.127
4854 411.127
4843 367.127
4756 363.127
4667 358.127
4581 354.127
4580 350.127
4493 346.127
4492 342.127
4491 338.127
4490 334.127
4489 330.127
4400 326.127
4308 321.127
4835 335.127
4839 351.127
4752 347.127
4663 342.127
4577 338.127
4889 172
4888 171
4891 180
4805 176
4893 188
4892 184
4895 196
4894 192
4881 168
4796 164
4880 168
4883 168
4798 164
4710 160
4628 156
4542 152
4882 168
4887 170
4873 487.127
4872 483.127
4871 479.127
4875 495.127
4874 491.127
4877 503.127
4876 499.127
4878 168
4865 455.127
4778 451.127
4864 451.127
4777 447.127
4918 331.127
4897 204
4896 200
4899 211
4898 208
4901 218
4903 226
4902 222
4957 487.127
4959 495.127
4958 491.127
4945 439.127
4944 435.127
4943 431.127
4858 427.127
4857 423.127
4770 419.127
4947 447.127
4862 443.127
4861 439.127
4946 443.127
4949 455.127
4948 451.127
4950 459.127
4937 407.127
4936 403.127
4935 399.127
4939 415.127
4938 411.127
4940 419.127
4942 427.127
4984 216
4986 223
4977 189
4979 197
4978 193
4981 205
4980 201
4983 213
4982 209
4968 172
4884 168
4973 176
4972 175
4974 177
4961 503.127
4960 499.127
4965 172
4964 172
4967 172
4966 172
5020 408.127
5022 416.127
5011 372.127
4927 367.127
4926 363.127
4841 359.127
4840 355.127
4753 351.127
4664 346.127
4578 342.127
5015 388.127
4931 383.127
4846 379.127
4759 375.127
4670 370.127
4584 366.127
4583 362.127
5051 176
5050 176
5052 176
5041 492.127
5043 500.127
5042 496.127
5044 504.127
5047 176
5033 460.127
5032 456.127
5027 436.127
5026 432.127
5031 452.127
5030 448.127
5065 209
5064 205
5057 180
5056 179
5059 185
5058 181
5061 193
5060 189
5063 201
5062 197
5113 456.127
5112 452.127
5101 408.127
5019 404.127
5102 412.127
5093 376.127
5094 380.127
5145 205
5144 201
5143 197
5136 181
5054 177
4970 173
5139 184
5138 183
5141 189
5140 185
5142 193
5129 180
5048 176
5131 180
5049 176
5130 180
5133 180
5132 180
5123 496.127
5125 504.127
5124 500.127
5126 508.127
5176 392.127
5175 388.127
5095 384.127
5209 184
5208 184
5211 184
5212 184
5203 500.127
5205 508.127
5204 504.127
5193 460.127
5192 456.127
5194 464.127
5114 460.127
5224 206
5216 186
5219 189
5218 188
5221 194
5220 190
5223 202
5222 198
5275 461.127
5274 457.127
5191 452.127
5190 448.127
5110 444.127
5028 440.127
5276 465.127
5304 190
5307 193
5306 192
5309 198
5308 194
5311 206
5310 202
5296 188
5301 188
5303 189
5215 185
5287 509.127
5361 457.127
5273 453.127
5401 202
5400 198
5402 206
5393 192
5395 193
5396 194
5399 197
5398 196
5465 509.127
5489 200
5491 202
5490 201
5493 210
5492 206
5483 196
5484 196
5487 198
5486 197
5472 203
5554 219
5469 215
5470 211
5585 243
5661 239
5584 235
5498 230
5497 226
5496 222
5495 218
5494 214
5403 210
5577 207
5576 206
5579 215
5580 219
5569 200
5568 200
5571 201
5573 203
5572 202
5575 205
5626 510.127
5549 505.127
5463 501.127
5462 497.127
5370 493.127
5369 489.127
5281 485.127
5198 480.127
5197 476.127
5196 472.127
5195 468.127
5657 223
5656 219
5655 215
5654 211
5659 231
5582 227
5658 227
5581 223
5660 235
5662 243
5649 206
5648 205
5650 207
5652 209
5643 204
5645 204
5646 204
5695 470.127
5694 466.127
5614 462.127
5537 457.127
5451 453.127
5450 449.127
5449 445.127
5448 441.127
5356 437.127
5268 433.127
5185 428.127
5184 424.127
5104 420.127
5725 208
5726 208
5737 227
5736 223
5735 219
5734 215
5739 235
5738 231
5740 239
5729 210
5728 209
5730 211
5733 214
5653 210
5809 219
5808 218
5732 213
5811 224
5810 220
5813 232
5812 228
5815 240
5814 236
5801 212
5800 212
5803 213
5805 215
5804 214
5806 216
5881 220
5880 219
5883 222
5885 224
5884 223
5887 232
5886 228
5875 216
5874 216
5876 216
5879 218
5878 217
5864 216
5790 212
5715 208
5636 204
5889 240
5888 236
5949 220
5950 220
5961 236
5960 232
5959 228
5962 240
5953 222
5952 221
5955 224
5954 223
5957 226
5958 227
6001 516.956
6082 511.956
6083 507.956
6084 503.956
6085 499.956
6000 515.127
5999 511.127
5926 507.127
5925 503.127
5851 499.127
5776 494.127
5700 490.127
5699 486.127
5619 482.127
5542 477.127
5541 473.127
5455 469.127
5363 465.127
6003 508.956
6002 512.956
6004 504.956
6041 236
6040 232
6033 225
6035 227
6034 226
6036 228
6039 231
6038 230
6029 224
6031 224
6030 224
6109 228
6111 228
6110 228
6081 515.956
6157 511.956
6232 507.956
6307 502.956
6308 498.956
6309 494.956
6310 490.956
6311 486.956
6121 237
6120 236
6122 241
6113 229
6115 231
6114 230
6117 233
6116 232
6119 235
6161 495.956
6236 491.956
6160 499.956
6235 495.956
6155 516.127
6079 511.127
5998 507.127
6156 515.956
6159 503.956
6234 499.956
6158 507.956
6233 503.956
6193 235
6192 234
6195 237
6194 236
6197 239
6198 240
6187 232
6186 232
6189 232
6188 232
6191 233
6231 511.956
6306 506.956
6230 516.127
6154 512.127
6078 507.127
6077 503.127
6076 499.127
5995 495.127
5922 491.127
5848 487.127
5773 482.127
5772 478.127
5771 474.127
6264 236
6267 238
6266 237
6269 240
6268 239
6270 241
6261 236
6263 236
6262 236
6318 263
6319 259
6305 510.956
6345 243
6344 242
6347 245
6346 244
6348 246
6351 249
6273 244
6339 240
6338 240
6341 240
6340 240
6343 241
6393 463.956
6394 459.956
6392 467.956
6385 495.956
6386 491.956
6387 487.956
6388 483.956
6389 479.956
6390 475.956
6391 471.956
6384 499.956
6381 511.956
6382 507.956
6383 503.956
6380 517.127
6303 512.127
6228 508.127
6227 504.127
6151 500.127
6075 495.127
6074 491.127
5993 487.127
5920 483.127
5846 479.127
6425 248
6424 247
6426 249
6417 244
6416 244
6418 244
6420 244
6423 246
6422 245
6409 244
6330 240
6253 236
6178 232
6101 228
6021 224
5941 220
5866 216
6412 244
6334 240
6257 236
6182 232
6104 228
6024 224
5944 220
5869 216
6415 244
6337 240
6260 236
6185 232
6401 247
6323 243
6246 239
6172 235
6095 231
6015 227
6459 508.956
6540 504.956
6620 499.956
6621 495.956
6699 491.956
6700 487.956
6701 483.956
6702 479.956
6778 475.956
6851 470.956
6852 466.956
6853 462.956
6854 458.956
6855 454.956
6856 450.956
6857 446.956
6929 442.956
6930 438.956
7006 434.956
7077 429.956
7078 425.956
7079 421.956
7148 417.956
7213 413.956
7214 409.956
7281 405.956
7349 400.956
7418 396.956
7419 392.956
7420 388.956
6458 512.956
6539 508.956
6619 503.956
6461 500.956
6462 496.956
6543 492.956
6623 487.956
6460 504.956
6463 492.956
6464 488.956
6545 484.956
6625 479.956
6703 475.956
6704 471.956
6705 467.956
6781 463.956
6483 251
6473 452.956
6472 456.956
6553 452.956
6633 447.956
6711 443.956
6477 439.956
6558 435.956
6638 430.956
6716 426.956
6792 422.956
6865 417.956
6937 413.956
7013 409.956
6476 440.956
6557 436.956
6637 431.956
6478 438.956
6559 434.956
6639 429.956
6717 425.956
6793 421.956
6866 416.956
6938 412.956
6465 484.956
6546 480.956
6626 475.956
6467 476.956
6548 472.956
6628 467.956
6706 463.956
6707 459.956
6708 455.956
6784 451.956
6466 480.956
6469 468.956
6550 464.956
6630 459.956
6631 455.956
6632 451.956
6710 447.956
6468 472.956
6549 468.956
6629 463.956
6471 460.956
6552 456.956
6470 464.956
6505 249
6507 251
6506 250
6508 252
6499 248
6498 248
6500 248
6502 248
6419 244
6555 444.956
6635 439.956
6554 448.956
6634 443.956
6544 488.956
6624 483.956
6547 476.956
6627 471.956
6551 460.956
6541 500.956
6542 496.956
6622 491.956
6585 252
6584 252
6501 248
6586 252
6589 254
6588 253
6591 256
6590 255
6579 252
6496 248
6581 252
6583 252
6582 252
6575 252
6492 248
6560 433.956
6640 428.956
6718 424.956
6565 255
6618 507.956
6644 259
6665 256
6664 256
6667 257
6658 256
6661 256
6660 256
6663 256
6662 256
6709 451.956
6785 447.956
6858 442.956
6697 499.956
6773 495.956
6846 490.956
6847 486.956
6848 482.956
6849 478.956
6850 474.956
6922 470.956
6998 466.956
7069 461.956
7070 457.956
7071 453.956
7072 449.956
7073 445.956
7142 441.956
7207 437.956
7208 433.956
7275 429.956
7343 424.956
7344 420.956
7413 416.956
7414 412.956
6696 503.956
6772 499.956
6845 494.956
6698 495.956
6695 507.956
6744 260
6746 261
6736 260
6739 260
6738 260
6741 260
6740 260
6743 260
6742 260
6733 260
6654 256
6735 260
6657 256
6578 252
6777 479.956
6776 483.956
6779 471.956
6780 467.956
6783 455.956
6782 459.956
6771 503.956
6844 498.956
6770 522.127
6769 518.127
6693 514.127
6615 509.127
6535 505.127
6453 501.127
6375 497.127
6298 492.127
6223 488.127
6147 484.127
6071 479.127
6070 475.127
5989 471.127
5988 467.127
5987 463.127
5986 459.127
5985 455.127
5912 451.127
5838 447.127
5763 442.127
5762 438.127
5686 434.127
5606 430.127
5529 425.127
5443 421.127
5442 417.127
5441 413.127
5349 409.127
5261 405.127
5178 400.127
5098 396.127
5016 392.127
4932 387.127
6775 487.956
6774 491.956
6809 264
6811 264
6812 264
6815 264
6814 264
6787 439.956
6860 434.956
6861 430.956
6862 426.956
6934 422.956
6935 418.956
7011 414.956
7082 409.956
6786 443.956
6859 438.956
6789 431.956
6788 435.956
6790 427.956
6863 422.956
6843 502.956
6817 264
6816 264
6819 264
6818 264
6822 265
6879 268
6808 264
6732 260
6653 256
6574 252
6910 561.956
6889 268
6888 268
6890 268
6892 268
6880 268
6883 268
6882 268
6885 268
6887 268
6886 268
6941 272
6931 434.956
7007 430.956
6933 426.956
6932 430.956
7008 426.956
6921 474.956
6920 478.956
6996 474.956
7067 469.956
7068 465.956
7137 461.956
7202 457.956
7203 453.956
7204 449.956
7205 445.956
7272 441.956
7340 436.956
7341 432.956
7342 428.956
6923 466.956
6924 462.956
7000 458.956
6925 458.956
6926 454.956
6927 450.956
7003 446.956
7074 441.956
7143 437.956
7144 433.956
7145 429.956
7146 425.956
7147 421.956
6915 498.956
6991 494.956
7062 489.956
7063 485.956
7064 481.956
7065 477.956
7066 473.956
6914 502.956
6990 498.956
7061 493.956
6917 490.956
6993 486.956
6916 494.956
6919 482.956
6918 486.956
6994 482.956
6953 272
6952 272
6954 272
6957 272
6956 272
6959 272
6958 272
6949 272
6878 268
6807 264
6731 260
6652 256
6573 252
6490 248
6950 272
7001 454.956
7002 450.956
7005 438.956
7076 433.956
7004 442.956
7075 437.956
6992 490.956
6995 478.956
6997 470.956
6999 462.956
6985 526.956
7054 521.956
6984 530.956
7053 525.956
6987 518.956
7056 513.956
7125 509.956
6986 522.956
7055 517.956
7124 513.956
6989 502.956
7060 497.956
6988 514.956
7057 509.956
7058 505.956
7059 501.956
6977 558.956
7046 553.956
7115 549.956
7116 545.956
7117 541.956
7182 537.956
7249 533.956
7317 528.956
7318 524.956
7319 520.956
7388 516.956
7389 512.956
7455 508.956
7456 504.956
7457 500.956
7458 496.956
7459 492.956
7460 488.956
7461 484.956
7462 480.956
7463 476.956
7464 472.956
6976 562.956
7045 557.956
7114 553.956
6979 550.956
7048 545.956
6978 554.956
7047 549.956
6981 542.956
7050 537.956
6980 546.956
7049 541.956
6983 534.956
7052 529.956
7033 276
7032 276
7034 276
6960 272
7024 276
7027 276
7026 276
7028 276
7031 276
7030 276
7017 276
7018 276
7023 276
7009 422.956
7080 417.956
7149 413.956
7010 418.956
7081 413.956
7044 561.956
7113 557.956
7097 280
7099 280
7098 280
7101 280
7103 280
7102 280
7088 280
7095 280
7094 280
7085 283
7015 279
6939 275
6868 271
6797 267
6722 263
7087 280
7129 493.956
7194 489.956
7195 485.956
7196 481.956
7197 477.956
7198 473.956
7199 469.956
7200 465.956
7201 461.956
7128 497.956
7131 485.956
7130 489.956
7133 477.956
7132 481.956
7135 469.956
7136 465.956
7134 473.956
7127 501.956
7126 505.956
7112 561.956
7119 533.956
7118 537.956
7183 533.956
7184 529.956
7251 525.956
7105 280
7104 280
7162 293
7161 289
7160 285
7165 284
7164 284
7167 284
7157 284
7156 284
7158 284
7151 405.956
7150 409.956
7215 405.956
7216 401.956
7139 453.956
7138 457.956
7141 445.956
7206 441.956
7140 449.956
7185 525.956
7252 521.956
7320 516.956
7187 517.956
7186 521.956
7177 557.956
7178 553.956
7179 549.956
7246 545.956
7314 540.956
7315 536.956
7384 532.956
7450 528.956
7451 524.956
7452 520.956
7453 516.956
7454 512.956
7176 284
7181 541.956
7248 537.956
7316 532.956
7180 545.956
7247 541.956
7169 284
7168 284
7171 284
7173 284
7175 284
7174 284
7224 288
7227 293
7228 292
7231 288
7230 288
7219 291
7154 287
7221 288
7223 288
7222 288
7209 429.956
7276 425.956
7211 421.956
7212 417.956
7210 425.956
7277 421.956
7345 416.956
7346 412.956
7347 408.956
7348 404.956
7257 501.956
7325 496.956
7326 492.956
7395 488.956
7256 505.956
7324 500.956
7259 493.956
7327 488.956
7396 484.956
7258 497.956
7261 485.956
7263 477.956
7331 472.956
7332 468.956
7333 464.956
7402 460.956
7403 456.956
7262 481.956
7250 529.956
7241 288
7240 288
7243 557.956
7311 552.956
7312 548.956
7313 544.956
7242 288
7245 549.956
7244 553.956
7233 288
7235 288
7234 288
7237 288
7238 288
7289 292
7288 292
7290 292
7293 293
7226 289
7294 296
7280 409.956
7283 397.956
7351 392.956
7282 401.956
7350 396.956
7287 292
7273 437.956
7274 433.956
7279 413.956
7278 417.956
7265 469.956
7264 473.956
7267 461.956
7335 456.956
7336 452.956
7405 448.956
7406 444.956
7407 440.956
7408 436.956
7266 465.956
7334 460.956
7269 453.956
7337 448.956
7268 457.956
7271 445.956
7339 440.956
7270 449.956
7338 444.956
7323 504.956
7305 292
7304 292
7307 292
7306 292
7310 556.956
7379 552.956
7380 548.956
7446 544.956
7447 540.956
7448 536.956
7449 532.956
7297 292
7296 292
7298 292
7301 292
7300 292
7303 292
7353 388
7555 376
7357 296
7356 296
7359 296
7358 296
7376 296
7369 296
7370 296
7373 296
7372 296
7363 298
7362 297
7365 296
7367 296
7366 296
7417 400.956
7416 404.956
7422 302
7409 432.956
7411 424.956
7410 428.956
7412 420.956
7415 408.956
7401 464.956
7400 468.956
7404 452.956
7394 492.956
7397 480.956
7398 476.956
7441 300
7442 300
7432 300
7435 300
7434 300
7436 300
7439 300
7438 300
7425 300
7427 300
7426 300
7428 300
7431 301
7513 544
7514 540
7515 536
7516 532
7517 528
7518 524
7519 520
7520 516
7521 512
7522 508
7523 504
7524 500
7525 496
7526 492
7527 488
7528 484
7529 480
7530 476
7531 472
7532 468
7533 464
7534 460
7535 456
7536 452
7537 448
7538 444
7539 440
7540 436
7541 432
7542 428
7543 424
7544 420
7545 416
7546 412
7547 408
7548 404
7549 400
7550 396
7551 392
7552 388
7553 384
7554 380
7505 304
7506 304
7509 304
7496 304
7498 304
7501 304
7503 304
7502 304
7490 304
7493 304
7492 304
7494 304
7579 308
7508 304
7580 308
7582 553
7583 549
7656 545
7657 541
7658 537
7659 533
7660 529
7733 525
7807 520
7569 308
7573 308
7572 308
7574 308
7561 308
7563 308
7565 308
7564 308
7567 308
7559 310
7488 306
7609 445
7682 441
7683 437
7684 433
7685 429
7686 425
7759 421
7833 416
7834 412
7608 449
7681 445
7611 437
7610 441
7613 429
7612 433
7615 421
7616 417
7689 413
7690 409
7691 405
7764 401
7838 396
7839 392
7840 388
7841 384
7842 380
7843 376
7844 372
7845 368
7846 364
7847 360
7848 356
7849 352
7850 348
7614 425
7603 469
7676 465
7677 461
7678 457
7679 453
7752 449
7826 444
7827 440
7828 436
7829 432
7605 461
7604 465
7607 453
7606 457
7592 513
7593 509
7666 505
7667 501
7668 497
7669 493
7742 489
7816 484
7817 480
7818 476
7819 472
7820 468
7641 312
7640 312
7643 312
7645 312
7571 308
7500 304
7647 312
7646 312
7633 312
7635 312
7637 312
7638 312
7625 381
7698 377
7699 373
7772 369
7624 385
7627 373
7700 369
7701 365
7702 361
7703 357
7626 377
7629 365
7628 369
7630 361
7617 413
7619 405
7620 401
7693 397
7694 393
7695 389
7768 385
7618 409
7621 397
7623 389
7622 393
7648 312
7654 312.123
10081 308.087
7708 316
7711 316
7710 316
7697 381
7696 385
7769 381
7688 417
7761 413
7835 408
7692 401
7765 397
7680 449
7753 445
7687 421
7760 417
7720 316
7713 316
7715 316
7716 316
7719 316
7718 316
7771 373
7770 377
7773 365
7775 357
7774 361
7763 405
7837 400
7762 409
7836 404
7767 389
7766 393
7755 437
7754 441
7757 429
7831 424
7756 433
7830 428
7758 425
7832 420
7751 453
7825 448
7793 320
7792 320
7785 320
7784 320
7789 320
7788 320
7790 320
7776 353
7778 345
7852 340
7780 320
7782 320
7865 324
7866 324
7871 324
7798 320
7724 316
7652 312
7857 324
7858 324
7861 324
7863 324
7862 324
7853 324
7855 324
7931 328
7930 328
7935 328
7936 328
7938 328
7942 328
7993 348
7994 344
7995 340
7996 336
7992 352
7999 332
7985 380
7986 376
7987 372
7984 384
7989 364
7990 360
7991 356
7977 412
7976 416
7979 404
7980 400
7978 408
7982 392
7971 436
7972 432
7973 428
7974 424
7975 420
8008 332
8013 333.51
7943 329.51
10089 325.861
8001 332
8003 332
8006 332
8057 344
8056 348
8058 340
8049 376
8048 380
8051 368
8052 364
8053 360
8055 352
8054 356
8044 396
8047 384
8046 388
8035 432
8036 428
8037 424
8038 420
8072 336
8009 332
8074 336
