 key  value
8122 92
8179 88
8237 84
8290 80
8339 76
8387 72
8437 68
8484 64
8530 60
8575 56
8618 52
8659 48
8699 44
8737 40
8773 36
8812 32
8851 28
8886 24
8920 20
8953 16
8985 12
9016 8
9046 4
8125 92
8183 88
8240 84
8293 80
8342 76
8390 72
8439 68
8486 64
8532 60
8576 56
8619 52
8660 48
8124 92
8182 88
8127 96
8184 92
8126 92
8113 92
8170 88
8227 84
8280 80
8330 76
8379 72
8429 68
8476 64
8523 60
8568 56
8611 52
8653 48
8693 44
8732 40
8768 36
8808 32
8847 28
8882 24
8917 20
8951 16
8984 12
9015 8
8112 92
8115 92
8173 88
8231 84
8284 80
8334 76
8382 72
8432 68
8479 64
8526 60
8571 56
8614 52
8655 48
8695 44
8734 40
8770 36
8810 32
8850 28
8885 24
8919 20
8114 92
8172 88
8229 84
8282 80
8332 76
8381 72
8430 68
8477 64
8524 60
8569 56
8612 52
8654 48
8694 44
8733 40
8769 36
8117 92
8175 88
8233 84
8286 80
8335 76
8384 72
8434 68
8481 64
8527 60
8572 56
8615 52
8657 48
8697 44
8736 40
8772 36
8811 32
8116 92
8119 92
8176 88
8118 92
8105 96
8163 92
8221 88
8275 83
8325 79
8374 75
8424 71
8472 66
8519 62
8564 58
8608 53
8650 49
8690 45
8729 41
8766 36
8806 32
8846 28
8881 24
8916 20
8950 16
8983 12
9014 8
9045 4
8104 97
8162 93
8220 89
8274 84
8324 80
8373 76
8423 72
8471 67
8518 63
8563 59
8607 54
8649 50
8689 46
8728 42
8765 37
8805 33
8845 29
8107 94
8165 90
8223 86
8277 81
8327 77
8376 73
8426 69
8474 64
8521 60
8566 56
8609 52
8651 48
8691 44
8730 40
8106 95
8164 91
8222 87
8276 82
8326 78
8375 74
8425 70
8473 65
8520 61
8565 57
8109 92
8167 88
8225 84
8278 80
8328 76
8377 72
8427 68
8108 93
8166 89
8224 85
8111 92
8168 88
8226 84
8279 80
8110 92
8097 122
8155 118
8213 114
8267 109
8268 105
8318 101
8319 97
8320 93
8321 89
8322 85
8323 81
8372 77
8422 73
8470 68
8517 64
8562 60
8606 55
8648 51
8688 47
8727 43
8764 38
8804 34
8844 30
8880 25
8915 21
8949 17
8982 13
8096 126
8154 122
8212 118
8266 113
8316 109
8317 105
8099 114
8100 110
8158 106
8159 102
8160 98
8218 94
8272 89
8098 118
8156 114
8214 110
8101 106
8102 102
8103 98
8161 94
8219 90
8273 85
8157 110
8136 193
8137 189
8138 185
8139 181
8197 177
8251 172
8301 168
8350 164
8400 160
8448 155
8495 151
8540 147
8584 142
8626 138
8666 134
8706 127
8743 122
8744 118
8745 114
8746 110
8747 106
8787 102
8788 98
8789 94
8829 90
8865 85
8900 81
8901 77
8935 73
8968 69
9000 64
9001 60
9032 56
9061 52
9062 48
9063 44
9064 40
9065 36
9066 32
9067 28
9068 24
9069 20
9070 16
9071 12
9072 8
9073 4
8128 100
8185 96
8242 92
8295 88
8294 84
8177 88
8235 84
8288 80
8338 76
8178 88
8181 88
8239 84
8292 80
8341 76
8180 88
8169 88
8171 88
8174 88
8217 98
8271 93
8216 102
8270 97
8215 106
8269 101
8241 88
8232 84
8285 80
8234 84
8287 80
8337 76
8385 72
8236 84
8289 80
8238 84
8291 80
8228 84
8281 80
8230 84
8283 80
91 525
111 521
125 517
142 513
170 509
208 505
253 501
359 493
419 487
482 483
481 479
550 472
549 468
548 464
619 460
689 456
768 452
854 448
938 444
1012 440
1081 436
1153 432
1235 428
1318 424
1404 420
1498 416
1685 408
1779 404
1866 400
1950 396
2040 392
2132 388
2222 384
2309 380
2397 376
2483 372
2567 368
2654 364
2742 360
2830 356
2927 352
3029 348
3121 344
3215 340
3310 336
3405 332
3490 328
3571 324
3657 320
3739 316
3825 312
3914 308
4002 304
4091 300
4181 296
4274 292
4364 288
4453 284
4541 280
4627 276
4709 272
4797 268
4883 264
4967 260
5051 256
5133 252
5212 248
5300 244
5391 240
5481 236
5566 232
5643 228
5722 224
5797 220
5872 216
5947 212
6027 208
6107 204
6184 200
6258 196
6335 192
6413 188
6495 184
6577 180
6656 176
6734 172
6809 168
6880 164
6950 160
7024 156
7095 152
7165 148
7231 144
7297 140
7366 136
7434 132
7500 128
7571 124
7644 120
7716 116
7789 112
7862 108
7935 104
8005 100
8067 96
93 525
113 521
127 517
144 513
172 509
209 505
254 501
304 497
92 525
8298 99.992
8297 95.992
8346 91.992
8394 87.992
8443 83.992
8490 79.992
8536 75.992
8580 71.992
8623 67.992
8664 63.992
8703 59.992
8741 55.992
8777 51.992
8816 47.992
9969 43.93
8890 40
8889 36
8923 32
8956 28
8988 24
8987 20
9018 16
9017 12
9047 8
9075 4
126 517
143 513
112 521
115 528
129 524
146 520
174 516
211 512
256 508
306 504
361 500
422 496
485 492
555 488
626 484
696 480
774 473
859 467
858 463
857 459
940 452
939 448
114 525
128 521
8344 84
8343 80
8349 102.992
8396 95.992
8395 91.992
8444 87.992
8491 83.992
110 521
124 517
8336 76
8340 76
8388 72
8329 76
8331 76
8333 76
145 517
173 513
147 524
175 520
212 516
149 531
177 527
176 523
213 519
258 515
308 511
363 507
424 503
487 499
557 495
628 491
697 484
148 527
150 535
8378 72
8380 72
8383 72
8369 89
8419 85
8467 80
8514 76
8559 72
8603 67
8604 63
8605 59
8368 93
8418 89
8466 84
8513 80
8558 76
8602 71
8644 67
8684 63
8685 59
8686 55
8725 51
8762 46
8763 42
8371 81
8421 77
8469 72
131 531
8370 85
130 528
133 539
132 535
179 535
216 531
215 527
260 523
259 519
178 531
181 543
218 539
217 535
180 539
8393 84
8442 80
8489 76
8535 72
8579 68
8622 64
8663 60
8702 56
8740 52
8776 48
8775 44
8774 40
8813 36
8852 32
8887 28
8921 24
8954 20
219 539.96
264 535.96
315 531.96
371 527.96
432 523.96
496 519.96
567 515.96
638 511.96
708 507.96
785 503.96
869 499.96
947 495.96
1019 491.96
1089 487.96
1161 483.96
1245 479.96
1329 475.96
1419 471.96
1516 467.96
1610 463.96
1707 459.96
1797 455.96
1880 451.96
1968 447.96
2059 443.96
2149 439.96
2234 435.96
2321 431.96
2406 427.96
2491 423.96
2576 419.96
2662 415.96
2751 411.96
2839 407.96
2939 403.96
3042 399.96
3133 395.96
3225 391.96
3319 387.96
3409 383.96
3497 379.96
3582 375.96
3665 371.96
3750 367.96
3839 363.96
3928 359.96
4016 355.96
4105 351.96
4196 347.96
4381 339.96
4470 335.96
4557 331.96
4643 327.96
9898 322.509
4729 317.992
4728 313.992
4727 309.992
4814 302.992
4813 298.992
4898 294.992
4897 290.992
4981 286.992
5064 282.992
5145 278.992
5224 274.992
5311 270.992
5402 266.992
5492 262.992
5577 258.992
5653 254.992
5732 250.992
5807 246.992
5881 242.992
5954 238.992
6034 234.992
6114 230.992
6191 226.992
6265 222.992
6342 218.992
6420 214.992
6502 210.992
6584 206.992
6663 202.992
6741 198.992
6816 194.992
6887 190.992
6957 186.992
7031 182.992
7102 178.992
7172 174.992
7238 170.992
7304 166.992
7373 162.992
7441 158.992
7507 154.992
7578 150.992
7651 146.992
7723 142.992
7796 138.992
7869 134.992
7942 130.992
8011 123.992
8010 119.992
8009 115.992
8071 111.992
8130 107.992
8187 103.992
8244 99.992
8386 72
8436 68
8483 64
8529 60
8573 56
8616 52
210 509
255 505
8389 72
8438 68
8485 64
8391 76
214 523
8441 76
8488 72
8534 68
8578 64
8621 60
8620 56
8440 72
8487 68
8433 68
8480 64
8435 68
8482 64
8428 68
8475 64
8431 68
8478 64
8420 81
8468 76
8515 72
8560 68
266 535.96
316 531.96
372 527.96
433 523.96
497 519.96
568 515.96
639 511.96
257 512
8499 136
8544 132
8588 127
8630 123
8670 119
8709 115
261 527
8500 132
8545 128
8589 123
8631 119
8671 115
8710 111
263 535
262 531
313 531
368 527
429 523
428 519
491 515
490 511
489 507
488 503
312 527
367 523
314 532.96
370 528.96
317 531.96
319 531.96
374 527.96
435 523.96
498 519.96
569 515.96
640 511.96
710 507.96
787 503.96
871 499.96
948 495.96
318 531.96
305 501
307 508
362 504
423 500
309 515
364 511
311 523
366 519
427 515
426 511
425 507
310 519
365 515
299 480
355 476
415 472
476 468
545 464
616 460
687 456
767 452
853 448
8528 60
8531 60
8533 64
8522 60
8525 60
8516 68
8570 56
8613 52
8574 56
8617 52
8561 64
8567 56
8610 52
369 529.96
431 524.96
495 520.96
566 516.96
373 527.96
434 523.96
375 527.96
436 523.96
500 519.96
571 515.96
642 511.96
711 507.96
360 497
353 476
413 472
474 468
543 464
614 460
685 456
765 452
851 448
936 444
1011 440
1080 436
1152 432
412 472
8590 119
8591 115
8592 111
8593 107
8594 103
8595 99
8637 95
8638 91
8639 87
8679 83
8718 79
8755 74
8756 70
8757 66
8758 62
8759 58
8760 54
8761 50
414 472
8632 115
8672 111
8711 107
8748 102
8749 98
8750 94
8751 90
8752 86
8792 82
8793 78
8833 74
8869 69
8904 65
8905 61
8906 57
8940 53
8973 49
9005 44
9006 40
9037 36
9038 32
9039 28
9040 24
8656 48
416 472
477 468
8658 48
8661 52
421 493
484 489
554 485
625 481
695 477
420 491
483 487
473 469
542 465
475 468
544 464
615 460
8652 48
8692 44
8731 40
8767 36
478 468
546 464
617 460
688 456
469 469
538 465
609 461
680 457
760 453
847 449
932 445
1008 441
1078 437
1150 432
1316 424
1496 416
1590 412
1683 408
1864 400
2129 388
2220 384
2307 380
2395 376
2482 372
2566 368
2653 364
8647 55
471 469
540 465
611 461
681 457
761 453
848 449
933 445
8646 59
8696 44
8698 44
8701 52
8700 48
499 519.96
492 519
8735 40
8771 36
8726 47
486 496
537 466
539 465
610 461
541 465
612 461
683 457
762 453
849 449
570 515.96
641 511.96
8739 48
563 519
634 515
633 511
632 507
631 503
630 499
629 495
8738 44
565 517.96
637 512.96
707 508.96
784 504.96
564 518.96
636 513.96
706 509.96
783 505.96
868 500.96
946 496.96
1018 492.96
1088 488.96
553 483
624 479
694 475
693 471
692 467
771 463
552 479
551 475
622 471
556 492
547 464
618 460
8786 106
605 474
606 470
607 466
678 462
758 458
846 453
931 449
8780 62.114
8779 58.118
8778 54.118
8817 50.118
8855 46.118
10102 43.481
8827 98
8863 93
8864 89
8809 32
8849 28
8884 24
8918 20
8815 44
8854 40
8814 40
8801 46
8802 42
8803 38
8800 50
8840 46
8876 41
8877 37
8878 33
8879 29
8807 32
621 468
691 464
770 460
856 456
855 452
620 464
623 475
8848 28
8883 24
608 462
679 458
759 454
8853 36
613 461
8841 42
8843 34
8842 38
682 457
684 457
764 453
686 456
8913 29
8914 25
8948 21
8912 33
675 474
755 470
843 465
928 461
929 457
930 453
677 466
676 470
756 466
844 461
8911 37
8945 33
8978 29
9010 24
9041 20
8910 41
8944 37
8977 33
9009 28
8952 16
712 507.96
789 503.96
873 499.96
951 495.96
1023 491.96
1093 487.96
1165 483.96
1249 479.96
1333 475.96
1423 471.96
1519 467.96
1613 463.96
1710 459.96
1801 455.96
1884 451.96
1972 447.96
2062 443.96
2151 439.96
2237 435.96
2324 431.96
2409 427.96
2493 423.96
2578 419.96
2664 415.96
2752 411.96
2840 407.96
2940 403.96
3043 399.96
8947 25
8946 29
8979 25
9011 20
9012 16
9043 12
709 507.96
786 503.96
870 499.96
763 457
850 453
934 449
766 452
852 448
753 472.533
840 468.533
925 464.533
1003 460.533
1073 456.533
1142 452.533
1223 445.533
1306 438.533
1393 432.533
1487 428.533
1584 424.533
1677 420.533
1773 416.533
1862 412.533
1946 408.533
2035 404.533
2127 400.533
2218 396.533
2305 392.533
2392 388.533
2478 381.595
2734 365
2820 360
2913 356
3015 352
3108 348
3203 343
3300 339
3395 335
3482 330
3564 326
3649 322
3732 317
3820 313
3907 309
3996 305
4086 300
4176 296
4269 292
4359 288
4448 284
4536 280
4622 276
4704 272
4792 268
4962 260
5046 256
5128 252
5207 248
5294 244
5385 240
5476 236
5561 232
5638 228
5718 224
5793 220
5868 216
5942 212
6021 208
6101 204
6179 200
6253 196
6330 192
6409 188
6491 184
6574 180
6653 176
6731 172
6807 168
6878 164
6949 160
754 472.533
841 468.533
926 464.533
757 462
845 457
8976 37
9008 32
8981 17
9013 12
8980 21
8975 41
9007 36
8974 45
788 503.96
872 499.96
949 495.96
1021 491.96
1090 487.96
1162 483.96
1246 479.96
1330 475.96
1420 471.96
790 503.96
874 499.96
769 456
8997 76
9028 72
9029 68
9030 64
9059 60
9060 56
8998 72
9042 16
9044 8
9036 40
842 468.533
835 488.533
920 484.533
921 480.533
922 476.533
923 472.533
924 468.533
837 480.533
836 484.533
839 472.533
838 476.533
9058 64
9113 68
9087 64
9088 60
875 499.96
953 495.96
1025 491.96
1095 487.96
1167 483.96
1251 479.96
1335 475.96
1425 471.96
1522 467.96
1615 463.96
1712 459.96
1802 455.96
9117 52
9091 48
876 499.96
9119 44
9093 40
9094 36
9095 32
9096 28
9097 24
9118 48
9092 44
9104 8
9099 16
9100 12
9098 20
9101 8
9103 4
927 465
9102 4
9145 52
9146 48
9144 56
9147 44
9120 40
9149 36
9150 32
9123 28
9148 40
9151 28
9152 24
9125 20
9126 16
9127 12
9128 8
9141 68
9142 64
9143 60
9116 56
9090 52
952 495.96
9130 9
954 495.96
9133 21
9106 16
9105 12
9121 36
945 497.96
1017 493.96
1087 489.96
1160 484.96
1244 480.96
1328 476.96
944 498.96
1016 494.96
1086 490.96
1159 485.96
1243 481.96
1327 477.96
1418 472.96
1515 468.96
1609 464.96
9122 32
9124 24
950 495.96
9177 28
9176 32
937 444
9179 20
9154 16
9178 24
9153 20
9181 16
9156 12
9180 16
9155 12
9182 16
9169 60
9170 56
9171 52
9172 48
9173 44
9174 40
9175 36
935 444
1010 440
1234 428
1317 424
9201 32
9200 36
9203 24
9202 28
9205 20
9204 20
9206 20
9193 64
9195 56
9197 48
9196 52
9199 40
9198 44
1022 491.96
1092 487.96
1164 483.96
1248 479.96
1331 475.96
1421 471.96
1518 467.96
1612 463.96
1709 459.96
1799 455.96
1882 451.96
1970 447.96
2061 443.96
1009 445
1015 498.672
1085 494.672
1158 489.672
1242 485.672
1326 481.672
1417 476.672
1514 472.672
1608 468.672
1705 464.672
10049 460.93
1014 499.672
1084 495.672
1157 490.672
1241 486.672
1325 482.672
1416 477.672
1513 473.672
1607 469.672
9241 52
9242 48
9243 44
9222 40
1001 483.533
1000 487.533
9245 36
9246 32
9225 28
1005 464
1006 460
9244 40
9223 36
1004 464.533
1074 460.533
1143 456.533
9247 28
9226 24
1007 445
9224 32
9227 24
9228 24
9219 52
9221 44
9220 48
1037 539.96
1104 535.96
1180 531.96
1179 527.96
1262 523.96
1261 519.96
1260 515.96
1346 511.96
1436 507.96
1532 503.96
1625 499.96
1722 495.96
1721 491.96
1720 487.96
1719 483.96
1809 479.96
1891 475.96
1979 471.96
1978 467.96
1977 463.96
1976 459.96
2066 455.96
2065 451.96
2154 447.96
2239 443.96
2326 439.96
2325 435.96
1027 491.96
1097 487.96
1169 483.96
1252 479.96
1026 491.96
1028 491.96
9249 28
9248 28
1075 464.533
1077 440
1148 436
1232 432
1233 428
1076 464
1096 487.96
1168 483.96
1099 487.96
1171 483.96
1254 479.96
1337 475.96
1427 471.96
1523 467.96
1616 463.96
1713 459.96
1803 455.96
1885 451.96
1973 447.96
2063 443.96
2152 439.96
1102 499.96
1174 495.96
1173 491.96
1172 487.96
1255 483.96
1338 479.96
1145 448
1229 444
1230 440
1231 436
1144 460.533
1146 444
1147 440
1183 543.96
1182 539.96
1181 535.96
1170 483.96
1253 479.96
1163 483.96
1166 483.96
1250 479.96
1334 475.96
1424 471.96
1521 467.96
1156 494.672
9421 1671
9422 1573
9423 1475
9424 1377
9442 1202
9443 1103
9461 968
9477 862
9494 755
9512 623
9531 516
9551 409
6006 220
6087 215
6163 211
6238 207
6313 202
6390 198
6468 194
6549 190
6629 185
6707 181
6783 177
6856 172
6928 168
7004 164
7075 159
7144 155
7209 151
7276 147
7344 142
7413 138
7479 134
7547 129
7619 125
7692 121
7765 117
7839 112
7912 108
7983 104
8046 100
9420 1769
1247 479.96
1225 453.533
1224 449.533
1227 452
1228 448
1226 457.26
10048 453.587
1221 444.533
1220 440.533
1305 436.533
1392 432.533
1484 428.533
1582 424.533
1675 420.533
1772 416.533
9462 931.5
9939 841.086
9478 823.18
9942 734.301
9495 716
1222 448.533
1264 531.96
1263 527.96
1269 551.96
1268 547.96
1267 543.96
1266 539.96
1265 535.96
1257 491.96
1340 487.96
1430 483.96
1429 479.96
1428 475.96
1256 487.96
1259 511.96
1345 507.96
1435 503.96
1434 499.96
1530 495.96
1623 491.96
9493 801
9511 668
9530 562
9550 456
9572 327
5928 230
6003 223
6084 218
6160 214
6235 210
6310 205
6387 201
6465 197
6546 193
6626 188
6704 184
6780 180
6853 175
6925 171
7001 167
7072 162
7141 158
7206 154
7273 150
7341 145
7410 141
7476 137
7544 132
7616 128
7689 124
7762 120
7836 115
7909 111
7980 107
8043 103
1304 437.533
1307 442.533
1309 450.533
1308 446.533
1311 456
1312 452
1310 454.533
9529 661
9528 760
9532 512
9525 1644.2
9544 1542.2
9563 1449.2
9586 1347.2
9607 1245.2
9629 1153.2
9630 1056.2
9631 959.197
9984 907.603
9609 828
9610 728
9611 628
9612 528
9613 428
9614 328
7873 262
7800 258
7801 254
7874 250
7875 246
7876 242
7877 238
7878 234
7879 230
7880 226
7951 222
7952 218
8015 214
8075 209
8076 205
8077 201
8078 197
8079 193
9524 1739.2
9543 1637.2
9562 1544.2
9585 1443.2
9606 1342.2
9628 1250.2
9527 859
9513 619
1336 475.96
1426 471.96
1339 483.96
1341 491.96
1431 487.96
1343 499.96
1433 495.96
1529 491.96
1622 487.96
1342 495.96
9506 1840.2
9509 864
9510 766
1332 475.96
1422 471.96
9567 817
9568 719
9569 621
9570 523
9571 425
9566 915
1319 424
1405 420
1500 416
1594 412
1687 408
1781 404
1867 400
1951 396
9547 755
9546 854
9549 556
9548 655
9593 321
6911 269
6912 265
6913 261
6981 254
7050 249
7119 245
7184 241
7251 237
7319 232
7388 228
7454 224
7522 219
7594 215
7667 211
7740 207
7814 202
7887 198
7958 194
8021 190
8081 185
9592 420
9595 934.96
9594 835.96
5374 761.96
5373 757.96
5285 753.96
5202 748.96
5201 744.96
5121 740.96
5039 736.96
4955 731.96
4954 727.96
4953 723.96
4952 719.96
4867 715.96
4780 711.96
4691 706.96
4690 702.96
4604 698.96
4603 694.96
4516 690.96
4515 686.96
4426 682.96
4334 677.96
4333 673.96
4241 669.96
4240 665.96
4147 661.96
4057 656.96
3967 652.96
3878 648.96
3877 644.96
3876 640.96
3875 636.96
3874 632.96
3873 628.96
3872 624.96
3871 620.96
3783 616.96
3695 611.96
3694 607.96
3610 603.96
3524 599.96
3438 594.96
3437 590.96
3436 586.96
3435 582.96
3434 578.96
3433 574.96
3432 570.96
3431 566.96
3430 562.96
3429 558.96
3428 554.96
3427 550.96
3426 546.96
3425 542.96
3424 538.96
3423 534.96
3422 530.96
3421 526.96
3337 522.96
3336 518.96
3335 514.96
3334 510.96
3333 506.96
3332 502.96
3331 498.96
3330 494.96
3329 490.96
3328 486.96
3327 482.96
3326 478.96
3325 474.96
3324 470.96
3323 466.96
3229 459.96
3138 454.96
3137 450.96
3045 446.96
2949 439.96
2948 435.96
2947 431.96
2946 427.96
2945 423.96
2944 419.96
2943 415.96
2942 411.96
2941 407.96
1352 535.96
1442 531.96
1441 527.96
1440 523.96
1439 519.96
1438 515.96
1437 511.96
1355 547.96
1445 543.96
1444 539.96
1540 535.96
1633 531.96
1632 527.96
1729 523.96
1728 519.96
1727 515.96
1726 511.96
1725 507.96
1815 503.96
1897 499.96
1985 495.96
1984 491.96
1983 487.96
2073 483.96
2072 479.96
2071 475.96
2160 471.96
2245 467.96
2332 463.96
2331 459.96
2330 455.96
2329 451.96
2328 447.96
2327 443.96
1357 555.96
1356 551.96
1446 547.96
1542 543.96
1635 539.96
1732 535.96
1822 531.96
1904 527.96
1992 523.96
2082 519.96
2171 515.96
2256 511.96
2343 507.96
2428 503.96
2512 499.96
2511 495.96
2510 491.96
2595 487.96
2594 483.96
2593 479.96
2679 475.96
2678 471.96
2677 467.96
2676 463.96
2764 459.96
2852 455.96
2851 451.96
2951 447.96
2950 443.96
1359 563.96
1449 559.96
1448 555.96
1447 551.96
1543 547.96
1636 543.96
1733 539.96
1823 535.96
1905 531.96
1993 527.96
2083 523.96
1358 559.96
1347 515.96
9589 717
9590 618
9591 519
9588 816
1349 523.96
1348 519.96
1350 527.96
1401 447
1314 443
1315 439
1400 451
1403 420
1402 443
1395 439.533
1489 435.533
1586 431.533
1679 427.533
1775 423.533
1863 416.533
1394 436.533
9573 308
4102 304
4194 300
4286 296
4376 292
4464 288
4551 284
4636 280
4718 276
4717 272
4804 268
4889 264
4973 260
5056 256
5137 252
5216 248
5303 244
5394 240
5484 236
5569 232
5645 228
5724 224
5799 220
5873 216
1397 447.533
1396 443.533
1399 455
9574 831.96
3561 747.96
3475 742.96
3474 738.96
3473 734.96
3472 730.96
3471 726.96
3470 722.96
3469 718.96
3468 714.96
3467 710.96
3466 706.96
3465 702.96
3464 698.96
3463 694.96
3462 690.96
3461 686.96
3460 682.96
3459 678.96
3458 674.96
3457 670.96
3456 666.96
3455 662.96
3454 658.96
3453 654.96
3452 650.96
3451 646.96
3450 642.96
3449 638.96
3448 634.96
3447 630.96
3446 626.96
3445 622.96
3444 618.96
3443 614.96
3442 610.96
3441 606.96
3440 602.96
3439 598.96
1398 452.129
1492 448.129
1491 444.129
9901 440.519
1588 439.533
1587 435.533
1391 433.533
1483 429.533
1581 425.533
9617 937.96
9616 838.96
7111 773.96
7110 769.96
7109 765.96
7108 761.96
7038 753.96
7037 749.96
6967 742.96
6966 738.96
6965 734.96
6964 730.96
6896 723.96
6828 718.96
6827 714.96
6826 710.96
6753 706.96
6677 702.96
6599 697.96
6519 693.96
6437 689.96
6359 685.96
6282 680.96
6207 676.96
6131 672.96
6055 667.96
5974 663.96
5901 659.96
5827 655.96
5752 650.96
5676 646.96
5596 642.96
5519 637.96
5518 633.96
5517 629.96
5431 625.96
5339 621.96
5251 617.96
5168 612.96
5167 608.96
5166 604.96
5165 600.96
5085 596.96
5084 592.96
5083 588.96
5001 584.96
4917 579.96
4832 575.96
4831 571.96
4744 567.96
4655 562.96
4569 558.96
4482 554.96
4393 550.96
4301 545.96
4209 541.96
4116 537.96
4026 532.96
3936 528.96
3847 524.96
3759 520.96
3671 515.96
3587 511.96
3501 507.96
3415 502.96
1432 491.96
1528 487.96
1621 483.96
1718 479.96
1717 475.96
1807 471.96
1889 467.96
9657 570
9636 467
9656 667
9635 564
9658 668
9661 1040.72
9638 932.716
10125 918.132
9660 968.96
9637 860.96
9615 767.96
6824 708.96
6751 704.96
6675 700.96
6598 696.96
6518 692.96
6436 688.96
6358 684.96
9655 765
9634 661
1415 481.672
1512 477.672
9654 862
9633 758
1414 482.127
1605 464.895
1604 460.895
1700 457
1793 450
1792 446
1791 442
1790 438
1789 434
1875 430
1874 426
1873 422
1957 418
1956 414
1955 410
2044 406
2135 399
2312 391
2399 384
2398 380
2484 376
9639 953.96
9681 1076.96
9680 675
9682 1148.72
1497 416
1591 412
1778 404
1949 396
2039 392
1499 416
1593 412
1686 408
9677 939.473
10128 840.061
9679 673
9678 770
1490 439.533
1493 456.129
1495 420
1494 457
9721 868
9700 764
9720 866
1482 437.533
1579 433.533
1580 429.533
1674 424.533
1485 428.533
1583 424.533
1676 420.533
1486 428.533
1531 499.96
1533 507.96
1534 511.96
1627 507.96
1724 503.96
1723 499.96
9699 861
9701 766
1525 475.96
1524 471.96
1527 483.96
1526 479.96
1517 467.96
1511 481.672
9742 1046
9741 947
1553 587.96
1552 583.96
1645 579.96
1742 575.96
1832 571.96
1831 567.96
1830 563.96
1912 559.96
2000 555.96
1999 551.96
1998 547.96
1997 543.96
1996 539.96
1995 535.96
1994 531.96
2084 527.96
1555 595.96
1554 591.96
1556 599.96
1545 555.96
1638 551.96
1735 547.96
1734 543.96
1824 539.96
1906 535.96
1544 551.96
1546 559.96
1639 555.96
1736 551.96
1549 571.96
1642 567.96
1739 563.96
1738 559.96
1828 555.96
1910 551.96
1909 547.96
1551 579.96
1644 575.96
1741 571.96
1740 567.96
1550 575.96
1537 523.96
1630 519.96
1536 519.96
1629 515.96
1538 527.96
1631 523.96
1541 539.96
9782 1274
9781 1177
9761 1051
1592 412
1585 428.533
1678 424.533
1774 420.533
9762 1151
1589 416
9819 1343
9799 1240
9779 1139
9760 1049
9818 1342
9821 1349
9801 1245
9780 1141
9820 1346
9800 1242
9823 1830.18
9804 1733.18
9784 1636.18
9763 1523.72
9744 1426.72
9723 1329.72
10126 1235.99
9702 1150.96
9822 1385
9802 1281
1624 495.96
1626 503.96
1628 511.96
1619 475.96
1716 471.96
1715 467.96
1805 463.96
1887 459.96
1975 455.96
1618 471.96
1620 479.96
9798 1263
9778 1161
9759 1071
9740 969
1611 463.96
1708 459.96
9844 611.35
9833 594.287
10024 559.628
9830 519.538
9871 469.197
9829 412.511
9912 375.599
9828 344.28
9927 301.812
9827 262.94
9897 247.219
1606 473.672
1704 468.672
1657 626.96
1656 622.96
1655 618.96
1752 614.96
1842 610.96
1924 606.96
2012 602.96
2011 598.96
2010 594.96
2009 590.96
2099 586.96
2098 582.96
2187 578.96
2272 574.96
2271 570.96
2358 566.96
2443 562.96
2527 558.96
2612 554.96
2697 547.96
2696 543.96
2695 539.96
2694 535.96
2693 531.96
2692 527.96
2780 523.96
2868 519.96
2968 515.96
2967 511.96
2966 507.96
2965 503.96
2964 499.96
2963 495.96
2962 491.96
2961 487.96
2960 483.96
2959 479.96
2958 475.96
2957 471.96
2956 467.96
2955 463.96
2954 459.96
2953 455.96
2952 451.96
9835 566.21
9879 553.642
9834 628.901
9843 595.023
1658 630.96
9836 449.316
9904 408.927
1649 595.96
1746 591.96
1836 587.96
1835 583.96
1834 579.96
1916 575.96
2004 571.96
2094 567.96
2093 563.96
2092 559.96
2091 555.96
2090 551.96
2089 547.96
2178 543.96
2263 539.96
2350 535.96
2435 531.96
2519 527.96
2604 523.96
2603 519.96
2689 515.96
2777 511.96
2865 507.96
2864 503.96
2863 499.96
2862 495.96
2861 491.96
2860 487.96
1648 591.96
1745 587.96
1744 583.96
1743 579.96
9826 207.919
6240 196
6396 188
6479 184
6562 180
6641 176
6720 172
6796 168
6867 164
7015 156
7154 148
7220 144
7287 140
7356 136
7424 132
7491 128
7562 124
7636 120
7709 116
7783 112
7856 108
7930 104
8001 100
8064 96
8123 92
1651 602.96
1748 598.96
1838 594.96
1920 590.96
2008 586.96
1650 598.96
1747 594.96
1837 590.96
1919 586.96
2007 582.96
2097 578.96
2186 574.96
1653 610.96
1652 606.96
1749 602.96
1839 598.96
1921 594.96
9831 613.187
10007 562.048
9881 541.541
1640 559.96
1737 555.96
1827 551.96
1643 571.96
9885 421.464
1647 587.96
1646 583.96
1634 535.96
1637 547.96
9866 485.633
673 476.533
1684 408
1777 404
9913 316.242
1673 433.533
9915 303.145
9914 244.454
9825 235.551
5627 228
5706 224
5929 212
6009 208
6089 204
6166 200
9917 156.924
7084 152
7152 148
7216 144
7283 140
7350 136
7419 132
7485 128
7552 124
7624 120
7697 116
7770 112
7843 108
7916 104
7987 100
8050 96
9916 353.736
9919 322.463
9918 401.843
9905 486.392
9906 337.988
4469 335.96
9909 307.104
4726 302.992
9908 555.572
3249 552.96
3248 548.96
3340 541.96
9911 203.819
6314 201
6391 197
6469 193
6550 189
6630 184
6708 180
6784 176
6857 171
6929 167
7005 163
7076 158
7145 154
7210 150
7277 146
7345 141
7414 137
7480 133
7548 128
7620 124
7693 120
7766 116
7840 111
7913 107
7984 103
8047 99
9910 254.942
5127 252
5206 248
9896 544.1
9899 361.816
2823 358
2916 354
3017 350
3110 346
3204 342
3301 338
3396 334
3483 329
3565 325
3650 321
9900 170.813
6794 168
7014 156
7218 144
7284 140
7351 136
9903 373.037
3749 367.96
9902 325.3
1714 463.96
9893 444.032
9895 324.353
4170 317
4171 313
4172 309
4173 305
4174 301
4175 297
4268 293
9894 213.621
9945 807.327
3476 746.96
9944 687.209
1769 682.96
1768 678.96
1767 674.96
1766 670.96
1765 666.96
1764 662.96
1763 658.96
1762 654.96
1852 650.96
1851 646.96
1850 642.96
1932 638.96
2020 634.96
2019 630.96
2018 626.96
2017 622.96
2016 618.96
2015 614.96
2105 610.96
2194 606.96
2193 602.96
2278 598.96
2365 594.96
2450 590.96
2534 586.96
2619 582.96
2618 578.96
2617 574.96
2616 570.96
2615 566.96
2614 562.96
2613 558.96
9946 668.959
918 666.96
996 662.96
1068 658.96
1134 654.96
1210 650.96
1209 646.96
1208 642.96
1207 638.96
1290 634.96
1376 630.96
1466 626.96
1562 622.96
1706 463.96
9949 246.491
6510 240.885
6591 233.885
10087 232.997
6670 229.992
6748 225.992
6822 218.992
6821 214.992
6820 210.992
6819 206.992
6890 202.992
6889 198.992
6959 194.992
7033 190.992
7032 186.992
9948 69.806
8704 62.118
8742 58.118
9951 26.011
1711 459.96
9936 793.772
1699 454
1698 450
9938 738.7
9943 339.667
1702 465.96
1794 458.96
1879 454.96
1963 448.96
2052 444.96
2142 440.96
2228 436.96
2316 431.96
2402 427.96
2487 423.96
2572 419.96
2659 415.96
2747 411.96
2835 407.96
2936 403.96
3040 399.96
3131 395.96
3223 391.96
3318 387.96
1753 618.96
9928 351.785
4195 347.96
4288 343.96
4379 339.96
1754 622.96
9933 747.087
1757 634.96
1847 630.96
1929 626.96
1758 638.96
9920 475.699
9923 570.99
3159 566.96
3158 562.96
3157 558.96
9924 543.414
1751 610.96
1750 606.96
9926 418.538
9976 256.62
6005 221
6086 216
6162 212
6237 208
6312 203
6389 199
6467 195
6548 191
6628 186
6706 182
6782 178
6855 173
6927 169
7003 165
7074 160
7143 156
7208 152
7275 148
7343 143
7412 139
7478 135
7546 130
7618 126
7691 122
7764 118
7838 113
7911 109
7982 105
8045 101
9979 534.951
2871 531.96
2870 527.96
2869 523.96
9981 1625.44
9982 127.612
7555 124
7627 120
7700 116
7773 112
7846 108
7918 104
7989 100
8051 96
9968 38.859
9270 32.813
10129 31.532
9252 28
9230 24
9207 20
9183 16
9157 12
9129 8
9971 139.853
7870 138.992
1731 531.96
1821 527.96
1903 523.96
1991 519.96
1990 515.96
1989 511.96
1988 507.96
1987 503.96
1986 499.96
1730 527.96
9973 917.871
9972 215.232
6892 210.992
6962 206.992
6961 202.992
7035 198.992
7034 194.992
9975 473.014
9974 867.375
9960 307.616
5069 302.992
5229 294.992
5228 290.992
5315 286.992
5406 282.992
5405 278.992
5404 274.992
5403 270.992
9963 104.957
9967 91.708
8492 86.639
8538 82.639
9961 80.458
8582 77.992
8624 71.992
9966 526.775
3845 522.96
3757 518.96
3586 510.96
3500 506.96
9952 24.003
9132 17
9954 126.916
9956 617.642
5669 612.96
5510 604.96
5424 600.96
5332 596.96
5244 592.96
5161 587.96
5081 583.96
4999 579.96
4915 574.96
4830 570.96
4743 566.96
4654 561.96
4568 557.96
4481 553.96
4392 549.96
4300 544.96
4208 540.96
4115 536.96
4025 531.96
3935 527.96
3846 523.96
3758 519.96
3670 514.96
1780 404
9959 61.264
10009 819.331
10008 110.858
7853 108
7927 104
7997 100
8060 96
1771 417.533
1861 413.533
1770 686.96
10005 460.978
1817 511.96
1816 507.96
1819 519.96
1901 515.96
1818 515.96
9999 535.572
963 529.913
1036 525.913
1035 521.913
1103 515.057
1034 508.057
1033 504.057
1032 500.059
10013 499.23
1031 495.96
1100 491.96
1808 475.96
1811 487.96
1893 483.96
1981 479.96
1810 483.96
1813 495.96
1895 491.96
1812 491.96
1894 487.96
1982 483.96
1814 499.96
10041 383.973
10040 270.934
6007 219
1800 455.96
10043 487.043
10042 345.021
3479 342
3480 338
3481 334
3563 330
10045 935.713
10044 577.65
2783 574.96
2698 570.96
1804 459.96
1886 455.96
1974 451.96
10047 110.909
10046 468.306
1806 467.96
10033 242.832
5381 240
5471 236
5556 232
5633 228
5713 224
5788 220
5862 216
5937 212
6017 208
6097 204
6174 200
6249 196
6326 192
6404 188
6487 184
6569 180
6648 176
6726 172
6801 168
6872 164
6943 160
7019 156
7089 152
7158 148
7224 144
7291 140
7360 136
7428 132
7494 128
7565 124
7638 120
7711 116
7785 112
7858 108
7932 104
8002 100
10032 840.906
10035 152.892
7160 148
7226 144
7293 140
7362 136
7431 132
7498 128
7569 124
7643 120
10034 152.823
10037 453.325
10036 453.354
10039 1596.85
10038 481.822
1798 455.96
10027 411.195
1945 408.533
2034 404.533
2126 400.533
10026 197.423
6318 192
6397 188
6480 184
6563 180
6642 176
10029 517.535
704 514.96
705 510.96
782 506.96
867 501.96
10028 675.444
10031 400.098
10030 473.03
1841 606.96
1840 602.96
1843 614.96
1845 622.96
1844 618.96
1926 614.96
2014 610.96
2104 606.96
1846 626.96
1928 622.96
10073 350.124
3025 348
3118 344
3212 340
3307 336
3402 332
3487 328
3568 324
3654 320
3736 316
3822 312
3911 308
3999 304
4088 300
4178 296
4271 292
4361 288
4450 284
4538 280
4624 276
4706 272
4793 268
4879 264
4963 260
5047 256
1833 575.96
10072 350.289
3312 344
3311 340
10075 402.312
2042 400
2041 396
10074 425.764
10065 426.782
10064 366.938
3838 363.96
10067 297.904
4358 292
10066 426.497
10069 348.01
1829 559.96
10068 314.106
3829 312
3918 308
4007 304
4096 300
4185 296
4277 292
4367 288
4455 284
4542 280
10071 213.384
10070 139.374
7354 136
7422 132
7489 128
7560 124
7634 120
7707 116
7780 112
10057 331.494
3580 328.025
3747 320
3836 316
3925 312
4014 308
1881 451.96
1969 447.96
2060 443.96
2150 439.96
2236 435.96
2323 431.96
2408 427.96
10056 412.91
2036 408.533
2128 404.533
10059 545.645
1883 451.96
1971 447.96
10061 299.857
10060 370.336
2651 364
2740 360
2828 356
2926 352
10063 177.782
6712 176
6788 172
6861 167
6933 163
7009 159
7080 154
7149 150
7214 146
7281 142
7349 137
7418 133
7484 129
10062 190.445
6474 188
6555 184
6635 179
6713 175
6789 171
6862 166
6934 162
7010 158
7081 153
7150 149
7215 145
7282 141
10051 257.207
10050 426.298
2486 424.96
10053 134.174
10055 267.484
10054 535.252
1865 400
1948 396
2037 392
2130 388
1860 682.96
1942 678.96
2030 674.96
2120 670.96
2209 666.96
2294 662.96
2381 658.96
2466 654.96
2550 650.96
2635 646.96
2634 642.96
2633 638.96
2632 634.96
2631 630.96
2630 626.96
2629 622.96
2628 618.96
2627 614.96
2626 610.96
2625 606.96
2624 602.96
2623 598.96
2622 594.96
2621 590.96
2620 586.96
1913 563.96
1915 571.96
2003 567.96
2002 563.96
2001 559.96
1914 567.96
1917 579.96
1918 583.96
2006 579.96
2005 575.96
1911 555.96
1896 495.96
1899 507.96
1898 503.96
1900 511.96
1902 519.96
1888 463.96
1890 471.96
1892 479.96
1944 408.533
1947 412.533
1939 666.96
1938 662.96
1937 658.96
1936 654.96
1935 650.96
2023 646.96
2022 642.96
2021 638.96
1930 630.96
1923 602.96
1922 598.96
1925 610.96
1927 618.96
1980 475.96
1965 447.96
2055 443.96
2144 439.96
2230 435.96
2317 431.96
2403 427.96
1967 447.96
2057 443.96
2147 439.96
2232 435.96
2319 431.96
2404 427.96
2489 423.96
2574 419.96
2661 415.96
2750 411.96
2838 407.96
1966 447.96
1954 407
2043 403
2013 606.96
2103 602.96
2102 598.96
2101 594.96
2190 590.96
2275 586.96
2274 582.96
2273 578.96
2033 404.533
2038 392
2024 650.96
2027 662.96
2026 658.96
2025 654.96
2075 491.96
2074 487.96
2077 499.96
2076 495.96
2079 507.96
2168 503.96
2167 499.96
2252 495.96
2339 491.96
2424 487.96
2423 483.96
2507 479.96
2592 475.96
2078 503.96
2064 447.96
2153 443.96
2067 459.96
2069 467.96
2068 463.96
2157 459.96
2242 455.96
2070 471.96
2056 443.96
2146 439.96
2107 618.96
2196 614.96
2281 610.96
2280 606.96
2367 602.96
2366 598.96
2451 594.96
2106 614.96
2109 626.96
2198 622.96
2283 618.96
2282 614.96
2108 622.96
2110 630.96
2096 575.96
2185 571.96
2270 567.96
2357 563.96
2356 559.96
2355 555.96
2354 551.96
2353 547.96
2352 543.96
2351 539.96
2100 590.96
2088 543.96
2087 539.96
2086 535.96
2175 531.96
2174 527.96
2173 523.96
2258 519.96
2345 515.96
2344 511.96
2095 571.96
2081 515.96
2080 511.96
2169 507.96
2085 531.96
2143 439.96
2229 435.96
2131 388
2221 384
2308 380
2133 392
2223 388
2134 396
2224 392
2125 400.533
2217 396.533
2304 392.533
2113 642.96
2112 638.96
2111 634.96
2170 511.96
2172 519.96
2161 475.96
2163 483.96
2162 479.96
2247 475.96
2334 471.96
2333 467.96
2165 491.96
2250 487.96
2337 483.96
2422 479.96
2506 475.96
2591 471.96
2590 467.96
2164 487.96
2166 495.96
2155 451.96
2240 447.96
2159 467.96
2244 463.96
2158 463.96
2145 439.96
2148 439.96
2233 435.96
2320 431.96
2201 634.96
2200 630.96
2199 626.96
2192 598.96
2277 594.96
2276 590.96
2195 610.96
2197 618.96
2184 567.96
2269 563.96
2189 586.96
2188 582.96
2191 594.96
2176 535.96
2181 555.96
2266 551.96
2183 563.96
2182 559.96
2235 435.96
2322 431.96
2238 439.96
2225 395
2231 435.96
2318 431.96
2216 397.533
2219 392
2267 555.96
2268 559.96
2257 515.96
2259 523.96
2346 519.96
2261 531.96
2348 527.96
2347 523.96
2260 527.96
2249 483.96
2336 479.96
2335 475.96
2248 479.96
2251 491.96
2338 487.96
2253 499.96
2255 507.96
2342 503.96
2427 499.96
2254 503.96
2341 499.96
2426 495.96
2243 459.96
2246 471.96
2285 626.96
2372 622.96
2457 618.96
2541 614.96
2284 622.96
2286 630.96
2373 626.96
2458 622.96
2542 618.96
2279 602.96
2315 432.96
2401 428.96
2306 380
2394 376
2480 372
2564 368
2311 388
2310 384
2361 578.96
2360 574.96
2359 570.96
2363 586.96
2362 582.96
2364 590.96
2340 495.96
2393 392.595
2479 385.595
2396 376
2387 682.96
2472 678.96
2471 674.96
2470 670.96
2554 666.96
2553 662.96
2552 658.96
2551 654.96
2369 610.96
2368 606.96
2371 618.96
2370 614.96
2375 634.96
2460 630.96
2459 626.96
2374 630.96
2425 491.96
2429 507.96
2431 515.96
2430 511.96
2514 507.96
2599 503.96
2598 499.96
2684 495.96
2772 491.96
2419 467.96
2503 463.96
2588 459.96
2587 455.96
2673 451.96
2761 447.96
2849 443.96
2421 475.96
2505 471.96
2420 471.96
2504 467.96
2589 463.96
2405 427.96
2407 427.96
2456 614.96
2540 610.96
2539 606.96
2538 602.96
2449 586.96
2448 582.96
2447 578.96
2531 574.96
2530 570.96
2453 602.96
2452 598.96
2455 610.96
2454 606.96
2441 555.96
2525 551.96
2610 547.96
2609 543.96
2608 539.96
2607 535.96
2606 531.96
2605 527.96
2440 551.96
2524 547.96
2442 559.96
2445 570.96
2444 566.96
2446 574.96
2433 523.96
2432 519.96
2516 515.96
2601 511.96
2600 507.96
2488 423.96
2573 419.96
2660 415.96
2748 411.96
2836 407.96
2937 403.96
3041 399.96
2490 423.96
2575 419.96
2492 423.96
2577 419.96
2495 431.96
2580 427.96
2579 423.96
2665 419.96
2753 415.96
2481 372
2565 368
2485 380
2520 531.96
2523 543.96
2526 555.96
2513 503.96
2515 511.96
2517 519.96
2518 523.96
2509 487.96
2508 483.96
2498 443.96
2497 439.96
2582 435.96
2668 431.96
2756 427.96
2844 423.96
2843 419.96
2842 415.96
2841 411.96
2502 459.96
2544 626.96
2537 598.96
2536 594.96
2543 622.96
2529 566.96
2528 562.96
2533 582.96
2532 578.96
2535 590.96
2585 447.96
2584 443.96
2583 439.96
2586 451.96
2569 376
2656 372
2744 368
2832 364
2929 360
3031 356
3123 352
3122 348
2568 372
2570 380
2563 368
2602 515.96
2597 495.96
2596 491.96
2682 487.96
2681 483.96
2680 479.96
2649 368
2735 364
2821 359
2914 355
3016 351
3109 347
2650 367
2736 363
2822 358
2915 354
2652 364
2655 368
2683 491.96
2685 499.96
2687 507.96
2775 503.96
2686 503.96
2672 447.96
2671 443.96
2759 439.96
2758 435.96
2846 431.96
2675 459.96
2674 455.96
2670 439.96
2669 435.96
2657 376
2713 630.96
2712 626.96
2705 598.96
2704 594.96
2703 590.96
2702 586.96
2707 606.96
2706 602.96
2709 614.96
2708 610.96
2711 622.96
2710 618.96
2699 574.96
2701 582.96
2700 578.96
2688 511.96
2691 523.96
2779 519.96
2867 515.96
2866 511.96
2690 519.96
2745 372
2746 374
2833 368
2749 411.96
2837 407.96
2938 403.96
2737 362
2739 360
2827 356
2924 352
3027 348
3120 344
3214 340
2741 360
2829 356
2743 364
2733 369
2819 364
2912 360
3014 356
2776 507.96
2778 515.96
2781 527.96
2782 531.96
2769 479.96
2857 475.96
2856 471.96
2855 467.96
2854 463.96
2853 459.96
2768 475.96
2771 487.96
2859 483.96
2770 483.96
2858 479.96
2773 495.96
2774 499.96
2763 455.96
2762 451.96
2765 463.96
2767 471.96
2766 467.96
2793 610.96
2792 606.96
2791 602.96
2795 618.96
2794 614.96
2797 626.96
2796 622.96
2799 634.96
2798 630.96
2785 578.96
2784 574.96
2787 586.96
2786 582.96
2789 594.96
2788 590.96
2790 598.96
2845 427.96
2831 360
2873 579.96
2872 577.96
2972 573.96
3066 569.96
2875 587.96
2874 583.96
2877 595.96
2876 591.96
2879 603.96
2878 599.96
2850 447.96
2909 371
2910 367
2911 363
2888 639.96
2881 611.96
2880 607.96
2883 619.96
2882 615.96
2885 627.96
2884 623.96
2887 635.96
2886 631.96
2928 356
2930 364
3032 360
3124 356
2933 409.96
3037 405.96
3128 401.96
3221 396.96
3222 392.96
3317 388.96
3408 384.96
2932 413.96
2935 404.96
3039 400.96
3130 396.96
2921 352
3023 348
3116 344
3210 340
3306 336
2923 352
2922 352
3024 348
3117 344
3211 340
2925 352
3028 348
2969 519.96
2971 527.96
2970 523.96
2973 577.96
3067 573.96
2975 585.96
3069 581.96
3068 577.96
2974 581.96
2985 625.96
2984 621.96
2983 617.96
3077 613.96
3076 609.96
3075 605.96
3074 601.96
3073 597.96
3072 593.96
3071 589.96
3070 585.96
2987 633.96
3081 629.96
3080 625.96
3079 621.96
3078 617.96
2986 629.96
2989 641.96
2988 637.96
2977 593.96
2976 589.96
2979 601.96
2978 597.96
2981 609.96
2980 605.96
2982 613.96
3033 363
3035 413.96
3036 409.96
3034 417.96
3026 348
3019 349
3112 345
3206 341
3302 337
3397 333
3018 350
3111 346
3021 349
3113 345
3207 341
3020 349
3022 349
3115 345
3013 374
3012 378
3065 526.96
3064 522.96
3063 518.96
3062 514.96
3061 510.96
3060 506.96
3059 502.96
3058 498.96
3057 494.96
3056 490.96
3055 486.96
3054 482.96
3053 478.96
3052 474.96
3051 470.96
3050 466.96
3049 462.96
3048 458.96
3047 454.96
3046 450.96
3083 637.96
3082 633.96
3084 641.96
3127 405.96
3220 400.96
3315 396.96
3316 392.96
3114 345
3208 341
3303 337
3399 333
3485 329
3566 325
3119 344
3213 340
3309 336
3404 332
3489 328
3569 324
3161 574.96
3160 570.96
3163 582.96
3162 578.96
3165 590.96
3164 586.96
3167 598.96
3166 594.96
3152 510.96
3155 522.96
3154 518.96
3156 526.96
3145 482.96
3144 478.96
3143 474.96
3147 490.96
3146 486.96
3149 498.96
3148 494.96
3151 506.96
3150 502.96
3141 466.96
3140 462.96
3142 470.96
3177 638.96
3176 634.96
3175 630.96
3174 626.96
3173 622.96
3172 618.96
3171 614.96
3170 610.96
3169 606.96
3168 602.96
3178 642.96
3231 467.96
3219 404.96
3218 408.96
3209 341
3304 337
3205 342
3257 584.96
3256 580.96
3255 576.96
3254 572.96
3253 568.96
3252 564.96
3251 560.96
3250 556.96
3259 592.96
3258 588.96
3261 600.96
3260 596.96
3263 608.96
3262 604.96
3241 507.96
3240 503.96
3245 523.96
3244 519.96
3153 514.96
3246 527.96
3233 475.96
3232 471.96
3239 499.96
3238 495.96
3272 644.96
3271 640.96
3270 636.96
3269 632.96
3268 628.96
3267 624.96
3266 620.96
3265 616.96
3264 612.96
3275 656.96
3274 652.96
3273 648.96
3305 337
3400 333
3486 329
3567 325
3651 321
3733 317
3308 336
3299 343
3394 339
3298 347
3393 343
3353 593.96
3352 589.96
3351 585.96
3350 581.96
3349 577.96
3348 573.96
3347 569.96
3346 565.96
3345 561.96
3344 557.96
3343 553.96
3342 549.96
3341 545.96
3355 601.96
3354 597.96
3357 609.96
3356 605.96
3359 617.96
3358 613.96
3339 530.96
3338 526.96
3361 625.96
3360 621.96
3363 633.96
3362 629.96
3365 641.96
3364 637.96
3417 510.96
3416 506.96
3419 518.96
3418 514.96
3420 522.96
3401 336
3477 351.167
3478 348.615
3513 555.96
3512 551.96
3515 563.96
3514 559.96
3517 571.96
3516 567.96
3519 579.96
3518 575.96
3505 523.96
3504 519.96
3507 531.96
3506 527.96
3509 539.96
3508 535.96
3510 543.96
3503 515.96
3502 511.96
3492 328
3572 324
3529 619.96
3528 615.96
3531 627.96
3530 623.96
3533 635.96
3532 631.96
3535 643.96
3534 639.96
3521 587.96
3520 583.96
3523 595.96
3522 591.96
3525 603.96
3527 611.96
3526 607.96
3579 332.025
3581 332.025
3609 599.96
3608 595.96
3607 591.96
3611 607.96
3613 615.96
3612 611.96
3615 623.96
3614 619.96
3601 567.96
3600 563.96
3603 575.96
3602 571.96
3605 583.96
3604 579.96
3606 587.96
3593 535.96
3592 531.96
3591 527.96
3595 543.96
3594 539.96
3597 551.96
3511 547.96
3596 547.96
3599 559.96
3598 555.96
3589 519.96
3588 515.96
3590 523.96
3624 659.96
3623 655.96
3537 651.96
3617 631.96
3616 627.96
3619 639.96
3618 635.96
3620 643.96
3673 523.96
3672 519.96
3675 531.96
3674 527.96
3677 539.96
3676 535.96
3679 547.96
3678 543.96
3705 651.96
3621 647.96
3704 647.96
3703 643.96
3707 659.96
3697 619.96
3696 615.96
3699 627.96
3698 623.96
3701 635.96
3700 631.96
3702 639.96
3689 587.96
3688 583.96
3691 595.96
3690 591.96
3693 603.96
3692 599.96
3681 555.96
3680 551.96
3683 563.96
3682 559.96
3685 571.96
3684 567.96
3687 579.96
3686 575.96
3741 316
3827 312
3915 308
4004 304
4093 300
4183 296
4276 292
4366 288
3742 317.131
3730 322
3818 318
3905 314
3994 310
4084 305
4085 301
3734 321
3769 560.96
3768 556.96
3771 568.96
3770 564.96
3773 576.96
3772 572.96
3775 584.96
3774 580.96
3761 528.96
3760 524.96
3763 536.96
3762 532.96
3765 544.96
3764 540.96
3767 552.96
3766 548.96
3753 372.96
3842 368.96
3931 364.96
4019 360.96
4108 356.96
4199 352.96
4291 348.96
4471 338.96
3752 369.96
3841 365.96
3930 361.96
4018 357.96
4107 353.96
4198 349.96
4290 345.96
3746 324
3748 320
3751 369.96
3793 656.96
3792 652.96
3795 664.96
3796 668.96
3708 663.96
3785 624.96
3784 620.96
3787 632.96
3786 628.96
3789 640.96
3788 636.96
3791 648.96
3790 644.96
3777 592.96
3776 588.96
3779 600.96
3778 596.96
3781 608.96
3780 604.96
3782 612.96
3833 318
3921 314
4009 310
4008 306
3835 316
3834 322
3837 316
3926 312
3826 312
3828 316
3819 318
3821 312
3910 308
3865 596.96
3864 592.96
3867 604.96
3866 600.96
3869 612.96
3868 608.96
3870 616.96
3857 564.96
3856 560.96
3859 572.96
3858 568.96
3861 580.96
3860 576.96
3863 588.96
3862 584.96
3849 532.96
3848 528.96
3851 540.96
3850 536.96
3853 548.96
3852 544.96
3855 556.96
3854 552.96
3840 365.96
3929 361.96
4017 357.96
4106 353.96
3889 692.96
3801 688.96
3713 683.96
3629 679.96
3628 675.96
3542 671.96
3881 660.96
3880 656.96
3879 652.96
3883 668.96
3882 664.96
3794 660.96
3706 655.96
3622 651.96
3536 647.96
3885 676.96
3797 672.96
3709 667.96
3625 663.96
3539 659.96
3884 672.96
3887 684.96
3799 680.96
3711 675.96
3710 671.96
3886 680.96
3798 676.96
3932 530.347
3923 322
3922 318
4010 314
3924 313
4013 309
3916 308
3904 318
3993 314
4083 309
3909 308
3998 304
4087 300
4177 296
4270 292
4360 288
4449 284
4537 280
4623 276
4705 272
3961 628.96
3960 624.96
3963 636.96
3962 632.96
3965 644.96
3964 640.96
3966 648.96
3953 596.96
3952 592.96
3951 588.96
3950 584.96
3955 604.96
3954 600.96
3957 612.96
3956 608.96
3959 620.96
3958 616.96
3945 564.96
3944 560.96
3947 572.96
3946 568.96
3949 580.96
3948 576.96
3943 556.96
3942 552.96
3941 548.96
3940 544.96
3939 540.96
3992 318
4082 313
3977 692.96
3888 688.96
3800 684.96
3712 679.96
3976 688.96
3979 700.96
3890 696.96
3802 692.96
3714 687.96
3978 696.96
3969 660.96
3968 656.96
3971 668.96
3970 664.96
3973 676.96
3972 672.96
3975 684.96
3974 680.96
4024 530.96
3934 526.96
4031 552.96
4030 548.96
4023 530.96
3933 526.96
4011 318
4001 304
4090 300
4179 296
4272 292
4362 288
4451 284
4000 304
4089 300
4003 304
4092 300
4005 304
4094 300
4006 304
4095 300
4184 296
4056 652.96
4059 664.96
4058 660.96
4061 672.96
4060 668.96
4063 680.96
4062 676.96
4049 624.96
4048 620.96
4051 632.96
4050 628.96
4053 640.96
4052 636.96
4055 648.96
4054 644.96
4041 592.96
4040 588.96
4039 584.96
4043 600.96
4042 596.96
4045 608.96
4044 604.96
4047 616.96
4046 612.96
4033 560.96
4032 556.96
4034 564.96
4037 576.96
4036 572.96
4038 580.96
4065 688.96
4064 684.96
4067 696.96
4066 692.96
4069 704.96
4068 700.96
4071 712.96
3981 708.96
3892 704.96
3804 700.96
3716 695.96
3632 691.96
3546 687.96
4070 708.96
4121 557.96
4123 565.96
4122 561.96
4112 534.96
4104 351.96
4111 534.96
4022 530.96
4097 300
4188 296
4281 292
4371 288
4459 284
4547 280
4633 276
4715 272
4803 268
4101 308
4153 685.96
4152 681.96
4155 693.96
4154 689.96
4157 701.96
4156 697.96
4159 709.96
4158 705.96
4145 653.96
4144 649.96
4149 669.96
4148 665.96
4151 677.96
4150 673.96
4137 621.96
4136 617.96
4139 629.96
4138 625.96
4141 637.96
4140 633.96
4143 645.96
4142 641.96
4131 597.96
4130 593.96
4133 605.96
4132 601.96
4135 613.96
4134 609.96
4187 296
4279 292
4369 288
4457 284
4544 280
4630 276
4712 272
4800 268
4886 264
4970 260
5054 256
5136 252
5215 248
5302 244
4186 296
4189 296
4282 292
4372 288
4461 284
4549 280
4634 276
4716 272
4190 296
4180 296
4161 717.96
4160 713.96
4162 721.96
4072 716.96
3982 712.96
3893 708.96
3805 704.96
3717 699.96
4216 569.96
4215 565.96
4214 561.96
4203 538.96
4249 701.96
4248 697.96
4251 709.96
4250 705.96
4253 717.96
4252 713.96
4255 725.96
4254 721.96
4243 677.96
4242 673.96
4245 685.96
4244 681.96
4247 693.96
4246 689.96
4233 637.96
4232 633.96
4231 629.96
4230 625.96
4235 645.96
4234 641.96
4237 653.96
4236 649.96
4224 601.96
4223 597.96
4222 593.96
4129 589.96
4227 613.96
4226 609.96
4225 605.96
4229 621.96
4228 617.96
4280 292
4370 288
4283 292
4373 288
4462 284
4287 300
4377 296
4273 292
4363 288
4275 292
4365 288
4278 292
4368 288
4456 284
4265 313
4266 309
4264 317
4256 729.96
4163 725.96
4073 720.96
4263 321
4262 753.96
4261 749.96
4168 745.96
4078 740.96
4077 736.96
3987 732.96
3898 728.96
3897 724.96
3809 720.96
3721 715.96
3720 711.96
3719 707.96
3635 703.96
3549 699.96
4317 609.96
4316 605.96
4315 601.96
4319 617.96
4318 613.96
4305 561.96
4304 557.96
4303 553.96
4302 549.96
4210 545.96
4117 541.96
4027 536.96
4289 343.96
4380 339.96
4295 542.96
4294 542.96
4345 721.96
4344 717.96
4343 713.96
4342 709.96
4341 705.96
4340 701.96
4347 729.96
4346 725.96
4348 733.96
4337 689.96
4336 685.96
4335 681.96
4339 697.96
4338 693.96
4329 657.96
4328 653.96
4327 649.96
4320 621.96
4323 633.96
4322 629.96
4325 641.96
4324 637.96
4326 645.96
4375 288
4463 284
4550 280
4635 276
4374 288
4355 319
4354 323
4357 296
4409 614.96
4408 610.96
4411 622.96
4410 618.96
4413 630.96
4321 625.96
4412 626.96
4415 638.96
4414 634.96
4395 558.96
4394 554.96
4387 546.96
4296 542.96
4205 538.96
4388 546.96
4297 542.96
4206 538.96
4113 534.96
4441 742.96
4349 737.96
4440 738.96
4442 746.96
4350 741.96
4258 737.96
4257 733.96
4445 323
4444 754.96
4352 749.96
4351 745.96
4259 741.96
4166 737.96
4076 732.96
4075 728.96
4074 724.96
3984 720.96
3895 716.96
3807 712.96
4447 296
4433 710.96
4432 706.96
4435 718.96
4434 714.96
4437 726.96
4436 722.96
4438 730.96
4429 694.96
4431 702.96
4430 698.96
4417 646.96
4416 642.96
4419 654.96
4418 650.96
4421 662.96
4420 658.96
4465 292
4552 288
4637 284
4452 284
4540 280
4625 276
4707 272
4794 268
4505 646.96
4504 642.96
4503 638.96
4502 634.96
4507 654.96
4506 650.96
4508 658.96
4497 614.96
4496 610.96
4407 606.96
4499 622.96
4498 618.96
4501 630.96
4500 626.96
4488 578.96
4399 574.96
4307 569.96
4306 565.96
4485 566.96
4396 562.96
4484 562.96
4487 574.96
4398 570.96
4486 570.96
4539 280
4529 742.96
4528 738.96
4439 734.96
4531 750.96
4530 746.96
4533 327
4532 754.96
4534 331
4521 710.96
4523 718.96
4522 714.96
4525 726.96
4524 722.96
4527 734.96
4526 730.96
4571 566.96
4570 562.96
4573 574.96
4572 570.96
4575 582.96
4574 578.96
4553 288
4638 284
4720 280
4807 276
4892 272
4976 268
5059 264
5140 260
5219 256
5306 252
5397 248
5487 244
5572 240
5648 236
5727 232
5802 228
5876 224
5949 220
6029 216
6028 212
4554 292
4639 288
4721 284
4546 280
4631 276
4713 272
4548 280
4593 654.96
4592 650.96
4595 662.96
4594 658.96
4596 666.96
4509 662.96
4587 630.96
4589 638.96
4588 634.96
4591 646.96
4590 642.96
4576 586.96
4632 276
4714 272
4801 268
4626 276
4708 272
4796 268
4881 264
4965 260
5049 256
5130 252
5209 248
5296 244
5387 240
5478 236
5563 232
5639 228
4617 750.96
4619 331
4618 754.96
4621 277
4609 718.96
4611 726.96
4610 722.96
4613 734.96
4612 730.96
4615 742.96
4614 738.96
4657 570.96
4659 578.96
4658 574.96
4660 582.96
4642 299.992
4724 295.992
4811 291.992
4896 287.992
4980 283.992
4979 279.992
5062 275.992
5143 271.992
5222 267.992
5309 263.992
5308 259.992
5399 255.992
5489 251.992
5574 247.992
5650 243.992
5729 239.992
5804 235.992
5878 231.992
5951 227.992
6031 223.992
6111 219.992
6188 215.992
6262 211.992
6339 207.992
6417 203.992
6499 199.992
6581 195.992
6660 191.992
6738 187.992
6813 183.992
6884 179.992
6954 175.992
7028 171.992
7099 167.992
7169 163.992
7235 159.992
7301 155.992
7370 151.992
7438 147.992
7504 143.992
7575 139.992
7648 135.992
7720 131.992
7793 127.992
7866 123.992
7939 119.992
4697 730.96
4696 726.96
4695 722.96
4694 718.96
4693 714.96
4607 710.96
4606 706.96
4519 702.96
4518 698.96
4699 738.96
4698 734.96
4701 746.96
4700 742.96
4702 750.96
4681 666.96
4680 662.96
4679 658.96
4678 654.96
4683 674.96
4597 670.96
4510 666.96
4682 670.96
4684 678.96
4674 638.96
4677 650.96
4676 646.96
4675 642.96
4730 321.992
4722 287.992
4809 283.992
4894 279.992
4978 275.992
5061 271.992
5142 267.992
5221 263.992
4725 298.992
4812 294.992
4763 643.96
4765 651.96
4767 659.96
4766 655.96
4747 579.96
4746 575.96
4749 587.96
4748 583.96
4750 591.96
4661 586.96
4795 268
4880 264
4964 260
5048 256
5129 252
5208 248
5295 244
4785 731.96
4787 739.96
4786 735.96
4789 747.96
4788 743.96
4791 755.96
4790 751.96
4769 667.96
4768 663.96
4771 675.96
4772 679.96
4817 314.992
4816 310.992
4901 306.992
4985 302.992
5068 298.992
5149 294.992
5148 290.992
5147 286.992
5226 282.992
5313 278.992
4818 318.992
4903 314.992
4987 310.992
5070 306.992
4808 280
4893 276
4977 272
5060 268
4810 287.992
4815 306.992
4900 302.992
4899 298.992
4802 268
4888 264
4972 260
5055 256
4806 276
4891 272
4975 268
5058 264
5139 260
5218 256
5217 252
4860 687.96
4773 683.96
4863 699.96
4776 695.96
4687 690.96
4686 686.96
4685 682.96
4599 678.96
4512 674.96
4423 670.96
4331 665.96
4239 661.96
4146 657.96
4853 659.96
4852 655.96
4855 667.96
4854 663.96
4843 619.96
4756 615.96
4667 610.96
4581 606.96
4580 602.96
4493 598.96
4492 594.96
4491 590.96
4402 586.96
4310 581.96
4218 577.96
4217 573.96
4835 587.96
4839 603.96
4838 599.96
4751 595.96
4662 590.96
4895 283.992
4882 264
4966 260
4887 264
4971 260
4873 739.96
4872 735.96
4875 747.96
4874 743.96
4877 755.96
4876 751.96
4878 264
4865 707.96
4778 703.96
4689 698.96
4864 703.96
4777 699.96
4688 694.96
4602 690.96
4918 583.96
4833 579.96
4902 310.992
4986 306.992
4957 739.96
4959 747.96
4958 743.96
4945 691.96
4944 687.96
4943 683.96
4858 679.96
4947 699.96
4862 695.96
4775 691.96
4946 695.96
4861 691.96
4774 687.96
4949 707.96
4948 703.96
4950 711.96
4937 659.96
4936 655.96
4851 651.96
4850 647.96
4939 667.96
4938 663.96
4940 671.96
4942 679.96
4857 675.96
4856 671.96
4984 298.992
4983 294.992
5066 290.992
4982 290.992
5065 286.992
4968 260
5052 256
4974 264
5057 260
5138 256
4961 755.96
4960 751.96
5020 660.96
5022 668.96
5011 624.96
4927 619.96
4842 615.96
4755 611.96
4666 606.96
5015 640.96
4931 635.96
4846 631.96
4759 627.96
4670 622.96
4669 618.96
4583 614.96
4582 610.96
5050 256
5132 252
5211 248
5298 244
5390 240
5053 256
5135 252
5214 248
5301 244
5392 240
5483 236
5568 232
5644 228
5041 744.96
5040 740.96
4956 735.96
4871 731.96
4784 727.96
5043 752.96
5042 748.96
5045 256
5044 756.96
5033 712.96
5032 708.96
5027 688.96
5026 684.96
5031 704.96
5030 700.96
5063 279.992
5144 275.992
5113 708.96
5112 704.96
5101 660.96
5019 656.96
4935 651.96
5102 664.96
5093 628.96
5094 632.96
5012 628.96
4928 623.96
5141 264
5131 252
5210 248
5297 244
5389 240
5480 236
5565 232
5641 228
5721 224
5796 220
5870 216
5944 212
6024 208
6104 204
6182 200
6257 196
6334 192
5123 748.96
5122 744.96
5125 756.96
5124 752.96
5126 760.96
5176 644.96
5175 640.96
5095 636.96
5213 248
5203 752.96
5205 760.96
5204 756.96
5193 712.96
5192 708.96
5194 716.96
5220 260
5307 256
5398 252
5223 271.992
5275 713.96
5274 709.96
5191 704.96
5190 700.96
5189 696.96
5109 692.96
5108 688.96
5276 717.96
5305 252
5304 248
5310 267.992
5401 263.992
5491 259.992
5576 255.992
5575 251.992
5651 247.992
5730 243.992
5805 239.992
5879 235.992
5952 231.992
5287 761.96
5361 709.96
5273 705.96
5400 259.992
5490 255.992
5393 240
5395 244
5396 248
5486 244
5571 240
5647 236
5726 232
5801 228
5800 224
5386 240
5380 240
5382 240
5473 236
5558 232
5635 228
5715 224
5790 220
5864 216
5939 212
6019 208
6099 204
6176 200
6250 196
6327 192
6405 188
5465 761.96
5464 757.96
5372 753.96
5284 749.96
5488 248
5573 244
5649 240
5728 236
5803 232
5493 266.992
5578 262.992
5654 258.992
5733 254.992
5808 250.992
5485 240
5570 236
5646 232
5472 236
5557 232
5634 228
5567 232
5554 232
5630 228
5709 224
5784 220
5858 216
5933 212
6013 208
6093 204
6171 200
6245 196
6322 192
6400 188
6483 184
6565 180
6644 176
6723 172
6798 168
6869 164
6940 160
7017 156
7087 152
7156 148
7222 144
7289 140
7358 136
7426 132
7493 128
7564 124
5585 288.885
5661 284.885
5740 280.885
5815 276.885
5889 272.885
5962 268.885
6042 264.885
6122 260.885
6199 256.885
6273 252.885
6350 248.885
6428 244.885
5579 266.992
5655 262.992
5580 270.992
5656 266.992
5735 262.992
5734 258.992
5809 254.992
5626 762.96
5549 757.96
5548 753.96
5547 749.96
5461 745.96
5460 741.96
5368 737.96
5280 733.96
5197 728.96
5196 724.96
5195 720.96
5657 270.992
5659 278.992
5738 274.992
5737 270.992
5736 266.992
5658 274.992
5660 281.885
5739 277.885
5814 273.885
5888 269.885
5961 265.885
6041 261.885
6121 257.885
6198 253.885
6272 249.885
6349 245.885
6427 241.885
6509 237.885
5662 288.885
5741 284.885
5652 251.992
5695 722.96
5615 718.96
5538 713.96
5452 709.96
5360 705.96
5272 701.96
5725 228
5789 220
5811 262.992
5810 258.992
5813 270.992
5887 266.992
5960 262.992
5959 258.992
6039 254.992
6119 250.992
6196 246.992
6195 242.992
6194 238.992
6268 234.992
6267 230.992
6266 226.992
5812 266.992
5886 262.992
5806 243.992
5880 239.992
5953 235.992
5883 250.992
5956 246.992
6036 242.992
6035 238.992
5882 246.992
5955 242.992
5885 258.992
5958 254.992
6038 250.992
6118 246.992
5884 254.992
5875 224
5874 224
5877 228
5863 216
5950 224
5957 250.992
6001 231
6082 226
6083 222
6000 767.96
5999 763.96
5998 759.96
5997 755.96
5996 751.96
5995 747.96
5922 743.96
5848 739.96
5773 734.96
5697 730.96
5617 726.96
5540 721.96
5539 717.96
5453 713.96
6002 227
6004 222
6085 217
6161 213
6236 209
6311 204
6388 200
6466 196
6547 192
6627 187
6705 183
6781 179
6854 174
6926 170
7002 166
7073 161
7142 157
7207 153
7274 149
7342 144
7411 140
7477 136
7545 131
7617 127
7690 123
7763 119
7837 114
7910 110
7981 106
8044 102
6040 258.992
6033 231.992
6113 227.992
6190 223.992
6264 219.992
6341 215.992
6419 211.992
6501 207.992
6583 203.992
6582 199.992
6661 195.992
6032 227.992
6112 223.992
6189 219.992
6263 215.992
6340 211.992
6037 246.992
6030 220
6016 208
6096 204
6109 212
6108 208
6185 204
6259 200
6336 196
6414 192
6496 188
6578 184
6657 180
6735 176
6810 172
6110 216
6081 230
6120 254.992
6115 234.992
6117 242.992
6116 238.992
6193 234.992
6164 210
6239 206
6155 768.96
6079 763.96
6078 759.96
6157 226
6232 222
6307 217
6384 213
6385 209
6463 205
6464 201
6156 230
6231 226
6306 221
6383 217
6159 218
6158 222
6192 230.992
6197 250.992
6187 212
6186 208
6233 218
6308 213
6234 214
6309 209
6386 205
6230 768.96
6229 764.96
6228 760.96
6227 756.96
6226 752.96
6150 748.96
6074 743.96
6073 739.96
6072 735.96
6071 731.96
5990 727.96
5917 723.96
5843 719.96
5768 714.96
5692 710.96
5612 706.96
5535 701.96
5449 697.96
5448 693.96
5356 689.96
5355 685.96
5354 681.96
5353 677.96
5265 673.96
5182 668.96
5181 664.96
5180 660.96
5179 656.96
5178 652.96
5098 648.96
5097 644.96
6269 238.992
6271 246.992
6348 242.992
6347 238.992
6425 234.992
6424 230.992
6506 226.992
6588 222.992
6587 218.992
6586 214.992
6585 210.992
6664 206.992
6742 202.992
6270 242.992
6261 208
6338 204
6416 200
6498 196
6580 192
6659 188
6658 184
6736 180
6811 176
6241 196
6247 196
6324 192
6402 188
6484 184
6566 180
6645 176
6315 200
6392 196
6470 192
6551 188
6631 183
6709 179
6785 175
6858 170
6930 166
7006 162
7077 157
7146 153
7211 149
7278 145
7346 140
7415 136
7481 132
7549 127
7621 123
7694 119
7767 115
7841 110
7914 106
7985 102
8048 98
6317 198
6394 194
6472 190
6553 186
6633 181
6711 177
6787 173
6860 168
6932 164
7008 160
7079 155
7148 151
7213 147
7280 143
7348 138
7417 134
7483 130
7551 125
7623 121
7696 117
7769 113
6316 199
6393 195
6471 191
6552 187
6632 182
6710 178
6786 174
6859 169
6931 165
7007 161
7078 156
7147 152
7212 148
7279 144
7347 139
7416 135
7482 131
7550 126
7622 122
7695 118
7768 114
7842 109
7915 105
7986 101
8049 97
6305 225
6345 230.992
6344 226.992
6343 222.992
6346 234.992
6351 252.885
6395 193
6473 189
6554 185
6634 180
6381 225
6382 221
6380 769.96
6303 764.96
6426 238.992
6508 234.992
6507 230.992
6418 207.992
6421 218.992
6423 226.992
6422 222.992
6411 188
6493 184
6576 180
6655 176
6733 172
6412 188
6415 196
6401 188
6459 221
6460 217
6541 213
6621 208
6699 204
6775 200
6848 195
6920 191
6921 187
6997 183
7068 178
7069 174
7138 170
7139 166
7204 162
7271 158
7339 153
7340 149
6458 225
6461 213
6462 209
6475 187
6556 183
6636 178
6714 174
6790 170
6863 165
6935 161
7011 157
7082 152
7151 148
6477 185
6558 181
6638 176
6716 172
6792 168
6864 164
6936 160
7012 156
6476 186
6557 182
6637 177
6715 173
6791 169
6478 184
6559 180
6505 222.992
6504 218.992
6503 214.992
6497 192
6500 203.992
6545 197
6625 192
6703 188
6779 184
6852 179
6924 175
7000 171
7071 166
6544 201
6624 196
6702 192
6778 188
6851 183
6923 179
6539 221
6619 216
6697 212
6773 208
6846 203
6847 199
6919 195
6540 217
6620 212
6543 205
6623 200
6542 209
6622 204
6700 200
6701 196
6589 226.992
6590 230.992
6669 226.992
6747 222.992
6579 188
6575 180
6654 176
6560 180
6639 176
6717 172
6793 168
6865 164
6618 220
6651 176
6729 172
6805 168
6876 164
6947 160
7022 156
7093 152
7164 148
7230 144
7296 140
7365 136
7433 132
7499 128
7570 124
6640 176
6665 210.992
6667 218.992
6745 214.992
6666 214.992
6744 210.992
6743 206.992
6662 199.992
6740 195.992
6815 191.992
6814 187.992
6885 183.992
6955 179.992
7029 175.992
7100 171.992
6718 172
6696 216
6698 208
6695 220
6771 216
6844 211
6845 207
6746 218.992
6737 184
6739 191.992
6777 192
6850 187
6922 183
6776 196
6849 191
6770 774.96
6694 770.96
6616 765.96
6615 761.96
6535 757.96
6453 753.96
6375 749.96
6298 744.96
6223 740.96
6222 736.96
6221 732.96
6220 728.96
6144 724.96
6068 719.96
6067 715.96
6066 711.96
6065 707.96
5984 703.96
5983 699.96
5910 695.96
5836 691.96
5761 686.96
5685 682.96
5605 678.96
5528 673.96
5442 669.96
5441 665.96
5440 661.96
5439 657.96
5347 653.96
5259 649.96
6772 212
6774 204
6812 180
6843 215
6817 198.992
6818 202.992
6879 164
6866 164
6938 160
6870 164
6942 160
6910 273
6888 194.992
6893 214.992
6881 168
6951 164
7025 160
6883 176
6882 172
6952 168
7026 164
6886 187.992
6937 160
6941 160
6915 211
6916 207
6992 203
7063 198
7064 194
7065 190
7134 186
7199 182
7200 178
7201 174
7268 170
7336 165
7405 161
7471 157
7539 152
7611 148
7684 144
7757 140
7831 135
7832 131
7833 127
7834 123
7835 119
6914 215
6990 211
7061 206
7062 202
7131 198
7132 194
7197 190
7198 186
6917 203
6918 199
6953 172
6956 183.992
6958 190.992
6993 199
6995 191
7066 186
7067 182
6994 195
6996 187
6999 175
7070 170
6998 179
6985 239
7054 234
7055 230
7056 226
7125 222
7190 218
7191 214
7258 210
7326 205
7395 201
7461 197
7529 192
7601 188
7674 184
7747 180
7821 175
7894 171
7895 167
7896 163
7897 159
7898 155
7899 151
7970 147
8033 143
8093 138
8094 134
8095 130
8153 126
6984 243
7053 238
6987 231
6986 235
6989 215
7060 210
6988 227
7057 222
7058 218
7059 214
7128 210
7193 206
7260 202
7328 197
7329 193
7330 189
7399 185
7465 181
7533 176
7605 172
7678 168
7751 164
7825 159
6991 207
6977 270
7046 265
7115 261
7180 257
7181 253
7182 249
7183 245
6976 274
7045 269
6979 262
7048 257
7117 253
6978 266
7047 261
7116 257
6980 258
7049 253
7118 249
6983 247
7052 242
6982 251
7051 246
7027 168
7030 179.992
7101 175.992
7016 156
7086 152
7018 156
7088 152
7023 156
7094 152
7013 156
7083 152
7044 273
7097 160
7167 156
7233 152
7299 148
7368 144
7436 140
7502 136
7573 132
7572 128
7645 124
7096 156
7166 152
7232 148
7298 144
7367 140
7435 136
7501 132
7098 164
7168 160
7234 156
7300 152
7369 148
7437 144
7103 182.992
7173 178.992
7090 152
7085 152
7129 206
7194 202
7261 198
7130 202
7133 190
7135 182
7121 238
7186 234
7187 230
7254 226
7322 221
7323 217
7324 213
7393 209
7459 205
7527 200
7599 196
7600 192
7120 242
7185 238
7252 234
7320 229
7389 225
7390 221
7456 217
7524 212
7525 208
7526 204
7598 200
7671 196
7744 192
7818 187
7819 183
7892 179
7963 175
8026 171
8086 166
8087 162
8088 158
8146 154
8147 150
8148 146
8206 142
8260 137
8261 133
8262 129
8263 125
8264 121
8314 117
8363 113
8364 109
8414 105
8462 100
8509 96
8510 92
8555 88
8599 83
8600 79
8642 75
8682 71
8683 67
7123 230
7124 226
7122 234
7127 214
7126 218
7113 269
7114 265
7112 273
7105 190.992
7104 186.992
7163 148
7229 144
7162 148
7227 144
7294 140
7363 136
7432 132
7153 148
7155 148
7157 148
7159 148
7137 174
7202 170
7269 166
7337 161
7338 157
7136 178
7140 162
7192 210
7259 206
7327 201
7396 197
7462 193
7530 188
7531 184
7532 180
7195 198
7262 194
7196 194
7189 222
7188 226
7255 222
7177 269
7244 265
7312 260
7381 256
7382 252
7383 248
7384 244
7450 240
7518 235
7590 231
7591 227
7664 223
7665 219
7666 215
7176 190.992
7242 186.992
7241 182.992
7240 178.992
7239 174.992
7305 170.992
7179 261
7178 265
7171 171.992
7170 167.992
7236 163.992
7302 159.992
7371 155.992
7439 151.992
7175 186.992
7174 182.992
7228 144
7217 144
7219 144
7286 140
7355 136
7221 144
7223 144
7203 166
7270 162
7205 158
7272 154
7257 214
7325 209
7394 205
7460 201
7528 196
7256 218
7263 190
7331 185
7332 181
7401 177
7467 173
7535 168
7607 164
7680 160
7753 156
7827 151
7900 147
7971 143
8034 139
7249 245
7317 240
7386 236
7452 232
7520 227
7521 223
7593 219
7248 249
7316 244
7385 240
7451 236
7519 231
7250 241
7318 236
7243 269
7311 264
7245 261
7313 256
7247 253
7315 248
7237 167.992
7288 140
7357 136
7290 140
7359 136
7292 140
7361 136
7430 132
7497 128
7568 124
7642 120
7714 116
7788 112
7861 108
7934 104
7295 140
7364 136
7285 140
7352 136
7420 132
7265 182
7333 177
7334 173
7335 169
7404 165
7470 161
7538 156
7610 152
7683 148
7756 144
7830 139
7903 135
7974 131
8037 127
7264 186
7267 174
7266 178
7307 178.992
7376 174.992
7375 170.992
7443 166.992
7442 162.992
7306 174.992
7310 268
7379 264
7445 260
7513 255
7514 251
7515 247
7516 243
7588 239
7589 235
7662 231
7663 227
7303 163.992
7353 136
7372 159.992
7440 155.992
7506 151.992
7505 147.992
7576 143.992
7649 139.992
7421 132
7486 128
7553 124
7423 132
7409 145
7475 141
7543 136
7615 132
7688 128
7761 124
7408 149
7400 181
7403 169
7402 173
7468 169
7536 164
7608 160
7681 156
7754 152
7828 147
7901 143
7972 139
7973 135
8036 131
7407 153
7473 149
7541 144
7613 140
7614 136
7406 157
7397 193
7398 189
7425 132
7427 132
7429 132
7495 128
7566 124
7640 120
7713 116
7786 112
7859 108
7487 128
7554 124
7626 120
7699 116
7772 112
7845 108
7472 153
7540 148
7474 145
7542 140
7464 185
7466 177
7534 172
7469 165
7537 160
7463 189
7517 239
7509 162.992
7580 158.992
7579 154.992
7496 128
7567 124
7503 140
7574 136
7647 132
7646 128
7718 124
7717 120
7790 116
7863 112
7490 128
7561 124
7492 128
7563 124
7582 263
7655 259
7728 255
7802 250
7557 124
7628 120
7556 124
7559 124
7633 120
7706 116
7558 124
7629 120
7702 116
7775 112
7848 108
7920 104
7990 100
8052 96
7609 156
7682 152
7755 148
7829 143
7902 139
7612 144
7685 140
7758 136
7603 180
7604 176
7606 168
7592 223
7641 120
7635 120
7637 120
7639 120
7625 120
7631 120
7704 116
7776 112
7849 108
7921 104
7991 100
8053 96
7630 120
7677 172
7679 164
7654 158.992
7653 154.992
7652 150.992
7708 116
7782 112
7855 108
7928 104
7999 100
8062 96
8121 92
7710 116
7698 116
7701 116
7703 116
7687 132
7686 136
7759 132
7712 116
7715 116
7719 128
7771 112
7844 108
7774 112
7847 108
7760 128
7752 160
7826 155
7792 124
7791 120
7784 112
7857 108
7931 104
7787 112
7860 108
7777 112
7850 108
7923 104
7994 100
8056 96
7779 113
7778 112
7851 108
7924 104
7995 100
8058 96
7781 112
7854 108
7865 120
7864 116
7937 112
8007 108
8069 104
7871 143.247
10012 141.4
7852 108
7929 104
7933 104
8003 100
8065 96
7922 104
7992 100
8054 96
7925 104
7996 100
8059 96
7926 104
7917 104
7988 100
7919 104
7905 127
7906 123
7907 119
7978 115
8041 111
7904 131
7908 115
7936 108
7938 116
7941 127.992
7993 100
7998 100
7977 119
8040 115
7976 123
8039 119
7979 111
7975 127
8008 112
8013 134.967
8012 130.967
10139 126.625
8074 124.002
10121 119.506
8133 117.992
8190 113.992
8247 109.992
8299 103.992
8348 99.992
8347 95.992
8000 100
8004 100
8066 96
8006 104
8057 96
8061 96
8120 92
8063 96
8055 96
8042 107
8035 135
8038 123
8073 119.992
8072 115.992
8068 100
