 key  value
8122 395.968
8123 391.968
8064 387.968
8002 383.968
8003 379.968
8004 375.968
8005 371.968
8006 367.968
8007 363.968
8008 359.968
8009 355.968
8010 351.968
8011 347.968
7942 340.968
7869 336.968
7796 332.968
7723 328.968
7651 324.968
7652 320.968
7579 316.968
7580 312.968
7509 308.968
7443 304.968
7375 300.968
7306 296.968
7240 292.968
7174 288.968
7104 284.968
7033 280.968
6959 276.968
6889 272.968
6818 268.968
6743 264.968
6665 260.968
6586 256.968
6504 252.968
6422 248.968
6344 244.968
6267 240.968
6193 236.968
6116 232.968
6036 228.968
5956 224.968
5883 220.968
5809 216.968
5734 212.968
5655 208.968
5579 204.968
5494 200.968
5404 196.968
5313 192.968
5226 188.968
5147 184.968
5066 180.968
4983 176.968
4899 172.968
4814 168.968
4727 161.968
4728 157.968
4729 153.968
9898 149.451
4643 144
4557 140
4470 136
4380 132
4289 128
4196 124
4105 120
4016 116
3928 112
3839 108
3750 104
3665 100
3582 96
3497 92
3409 88
3319 84
3225 80
3133 76
3043 72
2940 68
2941 64
2942 60
2842 56
2754 52
2666 48
2580 44
2495 40
2496 36
2497 32
2498 28
2499 24
2500 20
2501 16
2502 12
2503 8
2504 4
8125 383.968
8126 379.968
8127 375.968
8128 371.968
8129 367.968
8130 363.968
8131 359.968
8132 355.968
8073 351.968
8124 387.968
8113 431.968
8054 427.968
8055 423.968
7993 419.968
7994 415.968
7995 411.968
7996 407.968
7997 403.968
7998 399.968
7999 395.968
8000 391.968
8001 387.968
8112 435.968
8053 431.968
7991 427.968
7992 423.968
8115 423.968
8116 419.968
8057 415.968
8114 427.968
8117 415.968
8058 411.968
8059 407.968
8060 403.968
8119 407.968
8118 411.968
8105 463.968
8046 459.968
7984 455.968
7985 451.968
7986 447.968
7987 443.968
7988 439.968
7989 435.968
7990 431.968
8104 467.968
8045 463.968
8107 455.968
8048 451.968
8049 447.968
8050 443.968
8051 439.968
8052 435.968
8106 459.968
8109 447.968
8108 451.968
8111 439.968
8110 443.968
8097 495.968
8038 491.968
8039 487.968
7977 483.968
7978 479.968
7979 475.968
7980 471.968
7981 467.968
7982 463.968
7983 459.968
8096 499.968
8099 487.968
8040 483.968
8098 491.968
8101 479.968
8102 475.968
8043 471.968
8100 483.968
8041 479.968
8042 475.968
8103 471.968
8044 467.968
8155 495.968
8157 487.968
8156 491.968
8159 479.968
8158 483.968
8136 571.968
8137 567.968
8080 563.968
8081 559.968
8022 555.968
7960 551.968
7961 547.968
7962 543.968
7963 539.968
7964 535.968
7965 531.968
7966 527.968
7967 523.968
7968 519.968
7969 515.968
7970 511.968
7971 507.968
7972 503.968
7973 499.968
7974 495.968
7975 491.968
7976 487.968
8185 375.968
8184 379.968
8177 407.968
8178 403.968
8179 399.968
8176 411.968
8181 391.968
8182 387.968
8180 395.968
8183 383.968
8169 439.968
8170 435.968
8171 431.968
8172 427.968
8173 423.968
8168 443.968
8175 415.968
8174 419.968
8161 471.968
8162 467.968
8163 463.968
8164 459.968
8160 475.968
8165 455.968
8166 451.968
8167 447.968
8217 479.968
8218 475.968
8219 471.968
8220 467.968
8221 463.968
8222 459.968
8223 455.968
8216 483.968
8215 487.968
8214 491.968
8241 383.968
8240 387.968
8242 379.968
8233 415.968
8232 419.968
8235 407.968
8236 403.968
8234 411.968
8237 399.968
8239 391.968
8238 395.968
8225 447.968
8226 443.968
8227 439.968
8228 435.968
8229 431.968
8230 427.968
8231 423.968
8224 451.968
8281 439.968
8280 443.968
8283 431.968
8282 435.968
8285 423.968
8284 427.968
8287 415.968
8288 411.968
8289 407.968
8286 419.968
8273 471.968
8272 475.968
8275 463.968
8274 467.968
8277 455.968
8276 459.968
8279 447.968
8278 451.968
91 180
112 176
113 172
114 168
115 164
116 160
117 156
118 152
135 140
154 133
183 129
221 125
267 120
318 116
374 112
436 107
500 103
571 99
643 94
713 90
790 86
875 81
953 77
1025 73
1095 69
1168 64
1252 60
1336 56
1427 51
1524 47
1618 43
1716 38
1807 34
1890 30
1979 25
2070 21
2160 17
2246 13
2334 8
2420 4
8269 487.968
93 172
8268 491.968
92 176
8271 479.968
8270 483.968
8319 487.968
8320 483.968
8321 479.968
8322 475.968
8323 471.968
8324 467.968
8318 491.968
8298 371.968
8245 367.968
8246 363.968
8189 359.968
125 180
126 176
127 172
128 168
129 164
130 160
131 156
132 152
133 148
134 144
8291 399.968
8290 403.968
8293 391.968
8294 387.968
8295 383.968
8296 379.968
8297 375.968
8292 395.968
8344 387.968
8349 373.802
9963 371.837
8299 367.968
110 184
111 180
8337 415.968
8338 411.968
8336 419.968
8339 407.968
8340 403.968
8341 399.968
8343 391.968
8342 395.968
8329 447.968
8330 443.968
8331 439.968
8332 435.968
8333 431.968
8334 427.968
8328 451.968
8335 423.968
145 169
146 165
147 161
148 157
177 153
215 149
261 144
262 140
313 136
369 132
431 127
432 123
433 119
434 115
498 111
569 107
641 102
642 98
144 173
173 169
174 165
175 161
176 157
8325 463.968
8326 459.968
149 153
178 149
216 145
8327 455.968
150 149
179 145
217 141
263 136
314 132
370 128
8377 451.968
8376 455.968
8379 443.968
8378 447.968
8381 435.968
8380 439.968
8383 427.968
8384 423.968
143 177
8382 431.968
8369 483.968
8368 487.968
8371 475.968
8370 479.968
8373 467.968
8374 463.968
8372 471.968
8375 459.968
181 137
182 133
180 141
218 137
264 132
315 128
371 124
172 173
8393 387.968
8345 383.968
219 133
265 128
316 124
372 120
8385 419.968
8386 415.968
209 173
255 168
306 164
362 160
424 155
488 151
559 147
631 142
632 138
702 134
703 130
704 126
705 122
782 118
867 113
945 109
1017 105
1087 101
1160 96
1244 92
1245 88
1246 84
1330 80
1421 75
1518 71
1612 67
1710 62
1711 58
1802 54
1885 50
1974 45
1975 41
2066 37
2067 33
2157 29
2243 25
2331 20
2332 16
2333 12
8387 411.968
8388 407.968
211 165
257 160
308 156
309 152
310 148
366 144
428 139
429 135
430 131
494 127
565 123
637 118
638 114
708 110
709 106
710 102
787 98
872 93
873 89
874 85
952 81
1024 77
1094 73
1167 68
210 169
256 164
8389 403.968
213 157
259 152
212 161
258 156
8391 395.968
8390 399.968
214 153
260 148
311 144
312 140
8441 395.968
8392 391.968
8440 399.968
8433 427.968
8432 431.968
8435 419.968
8434 423.968
8437 411.968
8436 415.968
8439 403.968
8438 407.968
8425 459.968
8426 455.968
8427 451.968
8428 447.968
8424 463.968
8429 443.968
8431 435.968
8430 439.968
254 172
8419 483.968
8420 479.968
8418 487.968
8421 475.968
8422 471.968
8423 467.968
8473 459.968
8472 463.968
8475 451.968
8474 455.968
8477 443.968
8478 439.968
8476 447.968
8479 435.968
8480 431.968
8481 427.968
8467 483.968
8468 479.968
8469 475.968
8470 471.968
8466 487.968
8471 467.968
266 124
317 120
373 116
435 111
8499 543.968
8500 539.968
8501 535.968
8455 531.968
8408 527.968
8359 523.968
8311 519.968
8312 515.968
8263 511.968
8264 507.968
8211 503.968
8154 499.968
319 115
375 111
437 106
501 102
572 98
305 168
8483 419.968
307 160
8482 423.968
8485 411.968
8486 407.968
8487 403.968
8488 399.968
8484 415.968
299 211
300 207
301 203
357 199
418 194
480 190
550 183
622 178
623 174
624 170
625 166
626 162
627 158
628 154
698 150
699 146
700 142
701 138
8529 423.968
8530 419.968
8531 415.968
8528 427.968
8533 407.968
8534 403.968
8535 399.968
8536 395.968
8537 391.968
8491 387.968
8444 383.968
8395 379.968
8396 375.968
8348 371.968
8532 411.968
8521 455.968
8522 451.968
8523 447.968
8524 443.968
8520 459.968
8525 439.968
8526 435.968
8527 431.968
8515 479.968
8514 483.968
8517 471.968
8518 467.968
8519 463.968
8516 475.968
8569 443.968
8570 439.968
8571 435.968
8572 431.968
8568 447.968
8573 427.968
8574 423.968
8575 419.968
8561 475.968
8562 471.968
8563 467.968
8564 463.968
8560 479.968
8565 459.968
8567 451.968
8566 455.968
368 136
361 164
423 159
487 155
558 151
630 146
360 168
422 163
363 156
425 151
489 147
560 143
8605 475.968
365 148
427 143
491 139
562 135
634 130
635 126
636 122
706 118
707 114
8604 479.968
364 152
426 147
490 143
561 139
633 134
8607 467.968
367 140
8606 471.968
353 215
414 210
415 206
416 202
417 198
8589 539.968
8590 535.968
8547 531.968
8548 527.968
8549 523.968
8550 519.968
8551 515.968
8507 511.968
8508 507.968
8509 503.968
8510 499.968
8464 495.968
8417 491.968
413 214
475 210
476 206
477 202
478 198
479 194
8588 543.968
8545 539.968
412 218
474 214
8576 415.968
8577 411.968
8632 535.968
8591 531.968
8631 539.968
8630 543.968
8617 427.968
8618 423.968
8616 431.968
8619 419.968
8620 415.968
8609 459.968
8608 463.968
8611 451.968
8612 447.968
8613 443.968
8610 455.968
8615 435.968
8614 439.968
8671 539.968
8672 535.968
8673 531.968
8634 527.968
8593 523.968
8670 543.968
8657 435.968
8658 431.968
8659 427.968
8656 439.968
8661 419.968
421 167
485 163
556 159
8660 423.968
420 171
8649 467.968
473 218
8648 471.968
8651 459.968
8650 463.968
8653 451.968
8652 455.968
8655 443.968
8654 447.968
469 234
470 230
471 226
472 222
8647 475.968
8646 479.968
8697 435.968
8698 431.968
8696 439.968
8699 427.968
8700 423.968
8701 419.968
8702 415.968
8663 411.968
8622 407.968
8579 403.968
8689 467.968
8690 463.968
8691 459.968
8692 455.968
8693 451.968
8695 443.968
8694 447.968
8686 479.968
497 115
496 119
567 115
639 110
640 106
499 107
8729 463.968
8730 459.968
8728 467.968
8731 455.968
8733 447.968
8734 443.968
8735 439.968
8736 435.968
8737 431.968
8732 451.968
492 135
563 131
495 123
483 171
554 167
484 167
555 163
8726 475.968
8688 471.968
486 159
537 235
609 230
610 226
611 222
612 218
613 214
614 210
615 206
616 202
617 198
618 194
619 190
620 186
621 182
539 227
538 231
541 219
540 223
543 211
542 215
8711 535.968
8712 531.968
8713 527.968
8714 523.968
8715 519.968
8677 515.968
8638 511.968
8639 507.968
8640 503.968
8641 499.968
8642 495.968
8643 491.968
8644 487.968
8603 483.968
8710 539.968
8763 475.968
8727 471.968
8765 467.968
8766 463.968
8764 471.968
8767 459.968
8747 539.968
8748 535.968
8746 543.968
570 103
8739 423.968
8738 427.968
564 127
566 119
553 171
552 175
557 155
629 150
545 203
544 207
8787 539.968
547 195
8786 543.968
546 199
8788 535.968
8749 531.968
8750 527.968
8751 523.968
8752 519.968
8716 515.968
8678 511.968
551 179
8776 423.968
8740 419.968
605 246
606 242
607 238
608 234
8780 422.331
9950 416.669
8704 411.968
8665 407.968
8623 403.968
8580 399.968
8769 451.968
8768 455.968
8771 443.968
8770 447.968
8773 435.968
8774 431.968
8772 439.968
8775 427.968
8827 539.968
8828 535.968
8789 531.968
8816 423.968
8777 419.968
8741 415.968
8703 411.968
8664 407.968
8809 451.968
8810 447.968
8808 455.968
8811 443.968
8812 439.968
8813 435.968
8815 427.968
8814 431.968
8801 483.968
8802 479.968
8803 475.968
8800 487.968
8805 467.968
8804 471.968
8807 459.968
8806 463.968
8849 451.968
8848 455.968
8851 443.968
8850 447.968
8853 435.968
8852 439.968
8854 431.968
8841 483.968
8842 479.968
8843 475.968
8844 471.968
8845 467.968
8846 463.968
8847 459.968
8890 431.96
9969 428.03
8881 467.96
8882 463.96
8883 459.96
8884 455.96
8885 451.96
8886 447.96
8887 443.96
8888 439.96
8889 435.96
8880 471.96
8877 483.96
8878 479.96
8879 475.96
689 193
690 189
691 185
692 181
693 177
694 173
695 169
696 165
697 161
688 197
681 225
682 221
683 217
684 213
685 209
686 205
687 201
8920 451.96
8921 447.96
680 229
8913 479.96
8912 483.96
8915 471.96
675 249
676 245
677 241
678 237
679 233
8914 475.96
8917 463.96
8918 459.96
8916 467.96
8919 455.96
8911 487.96
8910 491.96
8876 487.96
8953 455.96
8954 451.96
8952 459.96
712 94
8945 487.96
8944 491.96
8947 479.96
8948 475.96
8946 483.96
8949 471.96
8951 463.96
711 98
788 94
8950 467.96
761 224
762 220
763 216
764 212
765 208
766 204
767 200
768 196
769 192
770 188
771 184
772 180
773 176
774 172
760 228
753 256
754 252
755 248
756 244
757 240
758 236
759 232
8985 459.96
8986 455.96
8984 463.96
8977 491.96
8976 495.96
8979 483.96
8978 487.96
8981 475.96
8982 471.96
8983 467.96
8980 479.96
8975 499.96
8943 495.96
8974 503.96
785 106
870 101
871 97
949 93
1021 89
1022 85
1092 81
1165 76
1249 72
1333 68
1424 63
1521 59
1522 55
1523 51
784 110
869 105
947 101
1019 97
1089 93
1162 88
786 102
789 90
9017 459.96
9016 463.96
9009 491.96
9008 495.96
9011 483.96
9010 487.96
9013 475.96
9012 479.96
9015 467.96
9014 471.96
9005 507.96
9006 503.96
9007 499.96
8997 539.96
8966 535.96
8934 531.96
8935 527.96
8936 523.96
8937 519.96
8938 515.96
8905 511.96
8906 507.96
8872 503.96
8873 499.96
8874 495.96
8875 491.96
8998 535.96
8967 531.96
8968 527.96
8969 523.96
9041 487.96
9040 491.96
9043 479.96
9044 475.96
9045 471.96
9042 483.96
9047 463.96
9046 467.96
856 190
857 186
858 182
859 178
9037 503.96
9038 499.96
9036 507.96
9039 495.96
849 222
850 218
848 226
851 210
852 206
853 202
854 198
855 194
9029 535.96
9030 531.96
9031 527.96
9032 523.96
9002 519.96
8971 515.96
8972 511.96
8973 507.96
8941 503.96
8942 499.96
9028 539.96
841 254
842 250
843 246
844 242
845 238
846 234
847 230
840 258
9073 475.96
9072 479.96
9075 467.96
835 278
836 274
837 270
838 266
839 262
9074 471.96
9065 507.96
9066 503.96
9067 499.96
9068 495.96
9064 511.96
9069 491.96
9070 487.96
9071 483.96
9059 531.96
9060 527.96
9058 535.96
9063 515.96
9113 539.96
9087 535.96
9117 523.96
9091 519.96
9092 515.96
876 80
954 76
1026 72
1096 68
1169 63
1253 59
1337 55
1428 50
1525 46
1619 42
1717 37
1808 33
1891 29
1980 24
2071 20
2161 16
2247 12
9119 515.96
9093 511.96
9094 507.96
9095 503.96
9118 519.96
9104 467.96
9105 463.96
9077 459.96
9078 455.96
9050 451.96
9020 447.96
8989 443.96
8957 439.96
8924 435.96
9097 495.96
9098 491.96
9099 487.96
921 274
9096 499.96
920 278
923 266
922 270
9101 479.96
9100 483.96
924 262
925 258
926 254
927 250
928 246
9103 471.96
9102 475.96
9145 523.96
9144 527.96
9147 515.96
9148 511.96
9149 507.96
9122 503.96
9146 519.96
9151 499.96
9152 495.96
9125 491.96
9150 503.96
9141 539.96
9114 535.96
9088 531.96
9089 527.96
9090 523.96
9062 519.96
9034 515.96
9035 511.96
9143 531.96
9116 527.96
9128 479.96
9130 471.96
9131 467.96
9133 463.96
9107 459.96
9079 455.96
9051 451.96
9121 507.96
9120 511.96
944 113
1016 109
1086 105
1159 100
1243 96
9123 499.96
946 105
9124 495.96
9127 483.96
951 85
9126 487.96
950 89
9177 499.96
9178 495.96
9179 491.96
9154 487.96
9176 503.96
937 205
938 201
939 197
940 193
936 209
9181 483.96
9182 479.96
9183 475.96
9158 471.96
9159 467.96
9132 463.96
9106 459.96
9180 487.96
9155 483.96
9169 531.96
929 242
930 238
931 234
932 230
9171 523.96
9172 519.96
9173 515.96
9174 511.96
9175 507.96
9170 527.96
933 226
935 210.127
1010 206.127
1080 202.127
1153 197.127
1236 193.127
1319 189.127
1406 184.127
1502 177.127
1503 173.127
1504 169.127
1505 165.127
1599 161.127
1693 156.127
1694 152.127
1695 148.127
1696 144.127
1697 140.127
1698 136.127
1699 132.127
1700 128.127
1604 124.232
1605 120.232
1414 103
1415 99
1416 95
1513 91
1607 87
1705 82
1706 78
1707 74
1798 70
1881 66
1970 61
1971 57
2062 53
2152 49
2153 45
2239 41
2327 36
2328 32
2414 28
934 222
9153 491.96
9201 503.96
9200 507.96
9203 495.96
9202 499.96
9205 487.96
9204 491.96
9206 483.96
9193 535.96
9195 527.96
1018 101
9197 519.96
9198 515.96
9196 523.96
9199 511.96
1009 226
1008 230
1011 205.127
1081 201.127
1015 113
1085 109
1158 104
1014 117
9241 523.96
9242 519.96
9221 515.96
9222 511.96
1001 277
1000 281
9243 515.96
1003 257
1004 253
1005 249
1006 245
9245 507.96
9246 503.96
9225 499.96
9244 511.96
9247 499.96
9248 495.96
9227 491.96
1007 234
9224 503.96
9226 495.96
9228 487.96
9219 523.96
9220 519.96
9223 507.96
1037 68
1104 64
1180 60
1263 56
1349 52
1439 48
1535 44
1628 40
1725 36
1815 32
1897 28
1985 24
2075 20
2164 16
2249 12
2336 8
2421 4
1027 71
1097 67
1170 62
1254 58
1338 54
1429 49
1526 45
1620 41
1718 36
1809 32
1892 28
1028 70
1098 66
1171 61
1255 57
1339 53
1430 48
1527 44
1621 40
1084 113
1157 108
9249 491.96
9250 487.96
9251 483.96
9230 479.96
9208 475.96
9184 471.96
1073 261
1074 257
1075 253
1077 234
1076 249
1078 234
1099 65
1172 60
1256 56
1340 52
1102 64
1258 56
1341 52
1431 48
1088 97
1161 92
1090 89
1163 84
1247 80
1331 76
1422 71
1423 67
1145 250.127
1229 246.127
1230 242.127
1231 238.127
1232 234.127
1233 230.127
1316 226.127
1496 218.127
1590 214.127
1684 209.127
1778 205.127
1949 197.127
1866 191.127
1780 187.127
1781 183.127
1782 179.127
1783 175.127
1784 171.127
1785 167.127
1786 163.127
1787 159.127
1788 155.127
1789 151.127
1790 147.127
1791 143.127
1792 139.127
1793 135.127
1144 255
1146 244
1147 240
1143 259
1142 263
1183 72
1266 68
1352 64
1442 60
1441 56
1440 52
1536 48
1629 44
1182 68
1265 64
1351 60
1173 60
1257 56
1166 72
1152 201.127
1235 197.127
1318 193.127
1405 188.127
1156 112
1241 104
1242 100
1326 96
1417 91
1418 87
1515 83
1516 79
1517 75
9421 2020.92
9422 1922.92
9423 1824.92
9424 1726.92
9442 1551.92
9443 1452.92
9461 1317.92
9477 1211.92
9494 1104.92
9512 972.924
9531 865.924
9551 758.924
6006 569.924
6087 564.924
6163 560.924
6238 556.924
6313 551.924
6314 547.924
6315 543.924
6316 539.924
6317 535.924
6395 528.924
6474 521.924
6475 517.924
6476 513.924
6557 509.924
6637 504.924
6715 500.924
6791 496.924
6864 491.924
6936 487.924
7012 483.924
7083 478.924
7152 474.924
7217 470.924
7284 466.924
7352 461.924
7421 457.924
7487 453.924
9982 449.983
7556 444.968
7557 440.968
7558 436.968
7631 429.968
7704 425.968
7777 421.968
7851 416.968
7852 412.968
7925 408.968
7926 404.968
7927 400.968
7854 396.968
7781 392.968
7782 388.968
7709 384.968
7637 380.968
7638 376.968
7639 372.968
7566 368.968
7567 364.968
7496 360.968
7430 356.968
7431 352.968
7432 348.968
7364 344.968
7295 340.968
7229 336.968
7163 332.968
7164 328.968
7165 324.968
7095 320.968
7024 316.968
7025 312.968
6951 308.968
6952 304.968
6882 300.968
6811 296.968
6812 292.968
6813 288.968
6814 284.968
6739 280.968
6661 276.968
6582 272.968
6583 268.968
6501 264.968
6419 260.968
6341 256.968
6342 252.968
6343 248.968
9420 2118.92
1234 201.127
1317 197.127
1404 192.127
1225 263
1226 259
1224 267
1227 254.127
1228 250.127
1221 314
1220 310
1305 306
1392 302
1484 298
1485 294
1486 290
1393 283
1306 277
1223 270
9462 1281.42
9939 1191.01
9478 1173.1
9942 1084.22
9495 1065.92
1222 318
1264 60
1269 80
1355 76
1445 72
1444 68
1443 64
1259 56
1346 52
1436 48
1533 44
1627 40
1724 36
1248 76
1332 72
1251 64
1250 68
9493 1159.92
9511 1026.92
9530 920.924
9550 814.924
9572 685.924
5928 588.924
1304 307
1307 274
1309 266.127
1310 262.127
1311 258.127
1308 270.127
9529 1019.92
9528 1118.92
9532 861.924
9525 2007.16
9544 1905.16
9563 1812.16
9586 1710.16
9607 1608.16
9629 1516.16
9630 1419.16
9631 1322.16
9984 1270.57
9609 1190.97
9610 1090.97
9611 990.968
9612 890.968
9613 790.968
9614 690.968
7873 624.968
7800 620.968
7801 616.968
7802 612.968
7875 608.968
7876 604.968
7877 600.968
7878 596.968
7879 592.968
7880 588.968
7881 584.968
7882 580.968
7883 576.968
7884 572.968
7885 568.968
7886 564.968
7887 560.968
7888 556.968
7889 552.968
7890 548.968
7891 544.968
7892 540.968
7893 536.968
7894 532.968
7895 528.968
7896 524.968
7897 520.968
7898 516.968
7899 512.968
7900 508.968
7901 504.968
7902 500.968
7903 496.968
7904 492.968
7905 488.968
7906 484.968
7907 480.968
7908 476.968
7909 472.968
7910 468.968
7911 464.968
7912 460.968
7913 456.968
7914 452.968
7915 448.968
7916 444.968
7917 440.968
7918 436.968
7919 432.968
7920 428.968
7921 424.968
7922 420.968
7923 416.968
7924 412.968
9524 2102.16
9543 2000.16
9562 1907.16
9585 1806.16
9606 1705.16
9628 1613.16
9527 1217.92
9513 968.924
1343 52
1433 48
1529 44
1623 40
1720 36
1811 32
1894 28
1982 24
2073 20
2163 16
1342 52
1432 48
1329 84
1420 79
1328 88
1419 83
9506 2203.16
9509 1222.92
9510 1124.92
1335 60
1426 55
1334 64
1425 59
1325 100
9567 1175.92
9568 1077.92
9569 979.924
9570 881.924
9571 783.924
1327 92
9566 1273.92
1312 254.127
9547 1113.92
9546 1212.92
9549 914.924
9548 1013.92
9593 682.924
6911 630.924
6912 626.924
6913 622.924
6982 611.924
7051 606.924
7120 602.924
7121 598.924
7122 594.924
7123 590.924
7124 586.924
7125 582.924
7126 578.924
7127 574.924
7128 570.924
7129 566.924
7130 562.924
7131 558.924
7132 554.924
7133 550.924
7134 546.924
7135 542.924
7136 538.924
7137 534.924
7138 530.924
7139 526.924
7140 522.924
7141 518.924
7142 514.924
7207 510.924
7208 506.924
7209 502.924
7276 498.924
7344 493.924
7413 489.924
7479 485.924
7480 481.924
7481 477.924
7482 473.924
7483 469.924
7484 465.924
7485 461.924
7486 457.924
9592 781.924
9595 486
9574 377
3392 293
3297 286
3107 271
3011 264
2908 253
2818 245
2732 240
2562 228
2561 224
2560 220
2559 216
2558 212
2557 208
2556 204
2555 200
2554 196
2553 192
2552 188
2551 184
2550 180
2549 176
2548 172
2547 168
2546 164
2545 160
2544 156
2543 152
2542 148
2541 144
2540 140
2539 136
2538 132
2537 128
2536 124
2535 120
2534 116
2533 112
2532 108
2531 104
2530 100
2529 96
2528 92
2527 88
2526 84
2525 80
2524 76
2523 72
2522 68
2521 64
2520 60
2519 56
2518 52
2517 48
2516 44
2515 40
2514 36
2513 32
2512 28
2511 24
2510 20
2509 16
2508 12
2507 8
2506 4
9594 388
5374 314
5286 310
5203 305
5202 301
5201 297
5121 293
5120 289
5038 285
4954 280
4953 276
4868 272
4781 268
4692 263
4691 259
4690 255
4689 251
4688 247
4687 243
4601 239
4600 235
4513 231
4512 227
4511 223
4422 219
4330 214
4329 210
4237 206
4144 202
4054 197
3964 193
3875 189
3787 185
3699 180
3615 176
3529 172
3443 167
3442 163
3357 159
3263 155
3169 150
3168 146
3074 142
2979 138
2878 134
2789 129
2788 125
2787 121
2701 117
2618 113
1357 84
1447 80
1543 76
1542 72
1635 68
1732 64
1731 60
1730 56
1729 52
1728 48
1727 44
1726 40
1816 36
1898 32
1986 28
2076 24
1359 92
1449 88
1448 84
1544 80
1358 88
1345 52
1435 48
1531 44
1624 40
1721 36
1347 52
1437 48
1534 44
9589 1078.92
9590 979.924
9591 880.924
9588 1177.92
1348 52
1438 48
1350 56
1401 249.127
1314 245.127
1315 241.127
1400 253.127
1403 221.127
1497 217.127
1591 213.127
1402 245.127
1395 278
1394 281
9573 210.004
4102 206.004
4287 198.004
4378 193.004
4468 186.004
4556 182.004
4726 170.004
9909 165.892
1397 270.127
1396 274.127
1399 257.127
1398 264.127
1391 306
1483 302
9617 490
9616 391
7111 326
7110 322
7109 318
7108 314
7038 306
7037 302
6967 295
6966 291
6965 287
6964 283
6896 276
6828 271
6755 267
6679 263
6601 258
6600 254
6599 250
6519 246
6437 242
6359 238
6282 233
6207 229
6131 225
6055 220
5974 216
5901 212
5827 208
5752 203
5751 199
5750 195
5749 191
5748 187
5672 183
5592 179
5515 174
5514 170
5513 166
5512 162
5426 158
5425 154
5333 150
5245 146
5162 141
5082 137
5000 133
4916 128
4831 124
4744 120
4655 115
4569 111
4482 107
4393 103
4301 98
4209 94
4116 90
4026 85
3936 81
3847 77
3759 73
3671 68
3587 64
3501 60
3415 55
3331 51
3238 47
3147 42
3055 38
2960 34
2859 30
2770 25
2769 21
2768 17
2767 13
2678 9
2591 5
1434 48
9657 932.968
9636 829.968
9656 1029.97
9635 926.968
9658 1030.97
9661 592.756
9638 484.756
10125 470.172
9660 521
9637 413
9615 320
6824 261
6751 257
6675 253
6598 249
6518 245
6436 241
6358 237
9655 1127.97
9634 1023.97
9654 1224.97
9633 1120.97
9639 506
9681 629
9680 1037.97
9682 700.756
1446 76
1499 189.127
1500 185.127
1501 181.127
1498 193.127
1592 189.127
1686 184.127
1687 180.127
1688 176.127
1689 172.127
1690 168.127
1691 164.127
1692 160.127
9677 1302.44
10128 1203.03
9679 1035.97
9678 1132.97
1491 272.127
1492 268.127
1490 278.127
1493 263.127
1494 259.127
1495 222.127
9721 1230.97
9700 1126.97
9720 1228.97
1482 314
1579 310
1580 306
1487 287
1528 44
1530 44
1532 44
1626 40
1723 36
1814 32
9699 1223.97
9701 1128.97
1512 95
1514 87
1511 99
9742 1408.97
9741 1309.97
1553 116
1646 112
1645 108
1644 104
1643 100
1740 96
1739 92
1738 88
1737 84
1736 80
1735 76
1734 72
1733 68
1823 64
1822 60
1821 56
1820 52
1902 48
1990 44
1989 40
1988 36
2078 32
2167 28
2252 24
2339 20
2424 16
1552 112
1555 124
1554 120
1556 128
1545 84
1546 88
1549 100
1548 96
1547 92
1551 108
1550 104
1537 52
1538 56
1631 52
1541 68
1634 64
9782 1636.97
9781 1539.97
9761 1413.97
1593 185.127
1585 288.723
1586 284.723
1587 280.723
1588 276.723
9901 275.737
1584 291
9762 1513.97
1589 218.127
9819 1705.97
9799 1602.97
9779 1501.97
9760 1411.97
9818 1704.97
9821 1711.97
9801 1607.97
9780 1503.97
1581 302
1582 298
1583 294
9820 1708.97
9800 1604.97
9823 1382.22
9804 1285.22
9784 1188.22
9763 1075.76
9744 978.764
9723 881.764
10126 788.03
9702 703
9822 1747.97
9802 1643.97
1625 40
1722 36
1813 32
1895 28
1983 24
2074 20
1630 48
9798 1625.97
9778 1523.97
9759 1433.97
9740 1331.97
1622 40
1719 36
1609 79
1608 83
1611 71
1709 66
1800 62
1883 58
1972 53
2063 49
1610 75
1708 70
1613 63
9844 961.274
9833 944.211
10024 909.552
9830 869.462
9871 819.121
9829 762.435
9912 725.523
9828 694.204
9927 651.736
9827 612.864
9897 597.143
1606 91
1704 86
1657 156
1754 152
1844 148
1926 144
2014 140
2104 136
2103 132
2102 128
2101 124
2190 120
2275 116
2274 112
2273 108
2272 104
2359 100
2358 96
2357 92
2356 88
2355 84
2354 80
2353 76
2352 72
2351 68
2350 64
2349 60
2348 56
2433 52
1656 152
1753 148
1752 144
1751 140
1841 136
1923 132
2011 128
9835 916.134
9879 903.566
9834 978.825
9843 944.947
1658 160
1755 156
9836 799.24
9904 758.851
1649 124
1648 120
1647 116
9826 359.887
6240 347.968
6241 343.968
6242 339.968
6168 335.968
6091 331.968
6011 327.968
5932 323.968
5858 319.968
5784 315.968
5709 311.968
5710 307.968
5711 303.968
5632 299.968
5556 295.968
5471 291.968
5472 287.968
5473 283.968
5383 279.968
5292 275.968
5206 268.968
5127 264.968
5128 260.968
5129 256.968
5048 252.968
4965 248.968
4881 244.968
4796 240.968
4797 236.968
4798 232.968
4799 228.968
4800 224.968
4801 220.968
4802 216.968
4803 212.968
4804 208.968
4805 204.968
4806 200.968
4807 196.968
4808 192.968
4809 188.968
4810 184.968
4811 180.968
4812 176.968
4813 172.968
1651 132
1748 128
1747 124
1746 120
1745 116
1744 112
1743 108
1742 104
1741 100
1650 128
1653 140
1750 136
1840 132
1839 128
1921 124
2009 120
2008 116
2098 112
2187 108
9831 963.111
10007 911.972
1652 136
1749 132
9881 69.581
1640 88
1642 96
9885 196.566
1633 60
1632 56
1637 76
1636 72
1639 84
1638 80
9866 259.646
604 250
1683 210.127
1777 206.127
1865 202.127
1685 188.127
9913 157.263
1673 310
9915 205.149
4194 202.004
1675 302
1676 298
9914 336.422
9825 327.519
5627 319.968
5551 315.968
5466 311.968
5467 307.968
5377 303.968
5378 299.968
5379 295.968
5380 291.968
5381 287.968
5382 283.968
1674 306
9917 482.848
7084 477.924
7153 473.924
7218 469.924
7285 465.924
1677 295
9916 703.66
9919 672.387
9918 207.288
1678 292.723
9905 276.939
9906 137.043
9908 107.612
3249 105
3248 101
3340 94
3423 87
3339 83
3246 79
3155 74
3154 70
3153 66
3152 62
3060 58
2965 54
2964 50
2863 46
2774 41
2773 37
2684 33
2597 29
9911 550.743
9910 265.442
5046 260.968
5047 256.968
9896 96.14
3424 91
9899 292.383
2823 288.567
2824 284.567
2917 280.567
2918 276.567
3020 272.567
3021 268.567
3022 264.567
3023 260.567
3024 256.567
10073 253.251
3025 251.127
2923 247.127
2739 237.127
2740 233.127
2652 229.127
2653 225.127
2654 221.127
2655 217.127
2568 213.127
2484 209.127
2398 205.127
2399 201.127
2312 194.127
2135 186.127
2044 179.127
1955 175.127
1956 171.127
1957 167.127
1958 163.127
1959 159.127
1875 155.127
1876 151.127
9900 496.737
6794 493.924
7014 481.924
9903 107.36
9902 675.224
1713 50
1804 46
1805 42
1806 38
1712 54
1715 42
1714 46
9893 316.499
9895 305.357
4170 298.004
4171 294.004
4172 290.004
4173 286.004
4174 282.004
4267 278.004
4358 273.004
4359 269.004
4360 265.004
4361 261.004
4362 257.004
4363 253.004
4364 249.004
4365 245.004
4366 241.004
4367 237.004
4368 233.004
4369 229.004
4370 225.004
4371 221.004
4372 217.004
4373 213.004
4374 209.004
4375 205.004
4376 201.004
4377 197.004
9894 365.589
9945 350.933
9944 216.249
1769 212
1768 208
1767 204
1766 200
1765 196
1855 192
1937 188
1936 184
1935 180
1934 176
1933 172
2021 168
2111 164
2200 160
2199 156
2198 152
2283 148
2282 144
2369 140
2368 136
2367 132
2366 128
2451 124
9946 197.999
918 196
917 192
995 188
1067 184
1066 180
1065 176
1131 172
1207 168
1290 164
1376 160
1466 156
1562 152
1655 148
9949 246.44
6428 237.968
6350 233.968
6273 229.968
6198 225.968
6120 221.968
6040 217.968
5960 213.968
5887 209.968
5812 205.968
5737 201.968
5658 197.968
5582 193.968
5497 189.968
5407 185.968
5316 181.968
5229 177.968
5069 169.968
4986 165.968
4902 161.968
4817 157.968
9948 414.453
9951 467.155
9936 1143.7
9938 1088.62
9943 702.635
1702 114
1794 107
1879 103
1963 97
2052 93
2142 89
2228 85
2316 80
2317 76
2403 72
2488 68
2489 64
2490 60
2491 56
2492 52
2493 48
2494 44
9928 122.824
4104 122
9933 1097.01
1757 164
1756 160
1846 156
1928 152
2016 148
2015 144
1758 168
9920 174.699
9923 121.862
2972 116.999
10101 112.112
2783 109
2698 105
2615 101
9924 95.454
9926 220.665
9976 609.544
6005 573.924
6086 568.924
6162 564.924
6237 560.924
6312 555.924
9979 76.307
2782 73
2693 69
2606 65
9981 1988.41
9968 494.819
9270 488.773
10129 487.492
9252 483.96
9231 479.96
9971 332.932
7871 328.968
7798 324.968
7725 320.968
7653 316.968
9973 469.911
9972 265.337
6893 262.497
10082 259.237
6747 253.968
6668 249.968
6589 245.968
6507 241.968
6425 237.968
6347 233.968
6270 229.968
6196 225.968
6119 221.968
6039 217.968
5959 213.968
5886 209.968
9975 38.808
3324 36
3232 32
3142 28
3050 24
2955 20
2854 16
2766 12
2677 8
2590 4
9974 419.415
9960 170.254
5070 166
4987 162
4903 158
4818 154
4730 150
9967 383.876
8445 379.968
9966 78.815
3845 75
3757 71
3586 63
3500 59
9952 467.986
9954 345.147
9956 169.682
5669 165
5510 157
5424 153
5332 149
5244 145
5161 140
5081 136
4999 132
4915 127
4830 123
4743 119
4654 114
4568 110
4481 106
4392 102
4300 97
4208 93
4115 89
4025 84
3935 80
3846 76
3758 72
3670 67
9959 423.921
10009 1182.3
10008 403.826
7853 400.968
1771 306
1770 216
1773 299
1772 302
1775 292.723
1679 288.723
1774 296.723
10005 79.018
1797 74
1880 70
1969 65
1817 40
1819 48
1818 44
1900 40
9999 74.34
964 72
1810 32
1893 28
1981 24
2072 20
2162 16
2248 12
2335 8
1812 32
10041 323.54
2478 321.162
2734 304.567
2735 300.567
2736 296.567
2737 292.567
1801 58
1884 54
1973 49
10040 619.21
6007 567.276
6164 557.276
6239 553.276
10043 280.51
1803 50
10042 301.532
3393 299.127
3394 295.127
3300 291.127
3204 287.127
3205 283.127
3206 279.127
3112 275.127
3113 271.127
3114 267.127
3115 263.127
3116 259.127
3117 255.127
10045 1294.64
10044 111.69
10047 403.877
10046 818.23
10033 290.8
10032 1203.87
10035 355.005
7090 353.968
7019 348.968
6943 344.968
6944 340.968
6873 336.968
6874 332.968
6803 328.968
6804 324.968
6729 320.968
6730 316.968
6731 312.968
6732 308.968
6654 304.968
6575 300.968
6576 296.968
6577 292.968
6495 288.968
6496 284.968
6414 280.968
6415 276.968
6416 272.968
6338 268.968
6261 264.968
6187 260.968
6110 256.968
6111 252.968
6031 248.968
5951 244.968
5878 240.968
5804 236.968
5805 232.968
5806 228.968
5731 224.968
5652 220.968
5576 216.968
5491 212.968
5401 208.968
5402 204.968
5403 200.968
10034 354.938
10037 219.41
10036 264.616
10039 1946.77
1799 66
10038 255.55
10027 309.063
1861 306
10026 350.522
1850 172
1849 168
1931 164
2019 160
2109 156
10029 128.575
10028 1025.37
10031 186.349
2043 183.127
1954 179.127
10030 112.138
1843 144
1925 140
2013 136
1842 140
1845 152
1833 104
1832 100
1831 96
1830 92
1829 88
1911 84
1999 80
2089 76
2178 72
2263 68
10072 243.907
3124 237.127
3031 233.127
2929 229.127
2831 225.127
2743 221.127
10075 185.348
1953 183.127
1869 179.127
1870 175.127
1835 112
1834 108
1916 104
2004 100
2003 96
2002 92
2001 88
2000 84
2090 80
10074 226.891
1837 120
1836 116
1838 124
10065 199.909
10064 107.742
3749 106
10067 278.908
10066 199.624
10069 307.786
3478 305.126
10068 256.11
3829 254.004
3918 250.004
4006 246.004
4095 242.004
4185 238.004
4278 234.004
10071 264.221
5873 260.968
5799 256.968
5724 252.968
5725 248.968
5646 244.968
5570 240.968
5571 236.968
5486 232.968
5396 228.968
5305 224.968
5218 220.968
5139 216.968
5058 212.968
5059 208.968
5060 204.968
5061 200.968
5062 196.968
4979 192.968
4980 188.968
4981 184.968
4982 180.968
4898 176.968
10070 380.475
7286 376.968
7287 372.968
7221 368.968
7156 364.968
7087 360.968
7088 356.968
7089 352.968
10057 233.498
3580 230.029
3747 222.004
3835 218.004
3925 214.004
4014 210.004
10056 304.192
1863 299.723
10059 97.685
1882 62
10061 241.861
10060 234.316
2563 231.127
2394 221.127
2306 217.127
2307 213.127
2220 209.127
2130 205.127
2038 201.127
10063 514.706
6712 512.924
6713 508.924
6789 504.924
6862 499.924
6934 495.924
7010 491.924
7081 486.924
7082 482.924
1887 42
1976 37
10062 523.178
1886 46
10049 78.97
1873 163.127
1874 159.127
10048 255.714
10051 610.131
10050 77.144
2487 72
10053 385.657
7354 382.968
10055 615.76
10054 76.35
1864 206.127
1948 201.127
1860 212
1859 208
1858 204
1940 200
1939 196
1938 192
1862 303
1913 92
1912 88
1915 100
1914 96
1917 108
2005 104
1919 116
2007 112
2006 108
1918 112
1905 60
1993 56
1992 52
1991 48
2081 44
2080 40
2079 36
1904 56
1896 28
1984 24
1899 36
1901 44
1903 52
1889 34
1978 29
1888 38
1977 33
1945 311
1946 307
1944 311.937
1947 303.723
1951 191.127
1952 187.127
1868 183.127
1950 195.127
1929 156
1930 160
2018 156
2108 152
2197 148
1920 120
1922 128
2010 124
1924 136
2012 132
1927 148
1968 69
2059 65
2060 61
2150 57
2236 53
2324 48
2410 44
1965 81
2056 77
2146 73
2147 69
2148 65
2234 61
2322 56
2408 52
1967 73
1966 77
1994 60
1997 72
1996 68
1995 64
1998 76
1987 32
2041 191.127
2040 195.127
2042 187.127
2033 315.937
2035 311
2034 315
2037 205.127
2036 307.723
2039 199.127
2024 180
2114 176
2203 172
2202 168
2201 164
2027 192
2117 188
2206 184
2291 180
2378 176
2377 172
2376 168
2375 164
2460 160
2017 152
2020 164
2023 176
2022 172
2077 28
2065 41
2064 45
2154 41
2240 37
2069 25
2159 21
2068 29
2057 73
2061 57
2055 81
2105 140
2107 148
2196 144
2281 140
2106 144
2195 140
2194 136
2279 132
2110 160
2097 108
2186 104
2271 100
2096 104
2095 100
2094 96
2093 92
2182 88
2267 84
2099 116
2188 112
2100 120
2088 72
2177 68
2262 64
2091 84
2092 88
2181 84
2266 80
2083 52
2172 48
2257 44
2344 40
2343 36
2342 32
2341 28
2340 24
2082 48
2085 60
2174 56
2259 52
2346 48
2345 44
2084 56
2086 64
2143 85
2144 81
2145 77
2231 73
2319 68
2405 64
2129 209.127
2128 311.723
2131 203.127
2132 199.127
2133 195.127
2134 191.127
2125 319.937
2127 315
2126 319
2113 172
2112 168
2169 36
2254 32
2253 28
2168 32
2171 44
2170 40
2173 52
2175 60
2165 20
2250 16
2166 24
2251 20
2338 16
2337 12
2422 8
2155 37
2156 33
2242 29
2330 24
2158 25
2151 53
2193 132
2192 128
2191 124
2185 100
2184 96
2183 92
2189 116
2176 64
2233 65
2321 60
2232 69
2320 64
2406 60
2235 57
2323 52
2409 48
2237 49
2325 44
2326 40
2412 36
2413 32
2238 45
2225 190.127
2224 194.127
2229 81
2230 77
2318 72
2217 323
2216 323.937
2219 213.127
2218 319
2221 206.127
2222 202.127
2223 198.127
2269 92
2268 88
2270 96
2256 40
2258 48
2261 60
2260 56
2255 36
2245 17
2244 21
2280 136
2285 156
2372 152
2371 148
2370 144
2284 152
2286 160
2373 156
2277 124
2364 120
2363 116
2362 112
2361 108
2360 104
2276 120
2278 128
2365 124
2315 84
2305 323
2304 327
2309 206.127
2308 210.127
2311 198.127
2310 202.127
2347 52
2393 332.162
2479 325.162
2392 327
2395 217.127
2397 209.127
2396 213.127
2387 212
2386 208
2385 204
2384 200
2383 196
2468 192
2374 160
2425 20
2427 28
2426 24
2429 36
2428 32
2431 44
2430 40
2419 8
2423 12
2401 80
2486 76
2402 76
2404 68
2407 56
2457 148
2456 144
2459 156
2458 152
2449 116
2448 112
2450 120
2453 132
2452 128
2455 140
2454 136
2441 84
2440 80
2443 92
2442 88
2445 100
2444 96
2447 108
2446 104
2432 48
2481 221.127
2482 217.127
2483 213.127
2480 225.127
2485 209.127
2585 24
2586 20
2587 16
2589 8
2588 12
2583 32
2584 28
2569 213.127
2570 214.127
2573 72
2574 68
2572 76
2575 64
2565 225.127
2566 221.127
2567 217.127
2564 229.127
2617 109
2616 105
2619 117
2621 125
2620 121
2623 133
2622 129
2609 77
2612 89
2614 97
2601 45
2600 41
2603 53
2602 49
2605 61
2604 57
2593 13
2592 9
2595 21
2594 17
2596 25
2599 37
2598 33
2649 303.567
2650 299.567
2651 233.127
2625 141
2624 137
2627 149
2626 145
2629 157
2628 153
2630 161
2681 21
2680 17
2679 13
2683 29
2682 25
2685 37
2687 45
2686 41
2673 20
2672 24
2675 12
2674 16
2676 8
2671 28
2670 32
2657 217.127
2656 217.127
2659 76
2660 72
2661 68
2662 64
2576 60
2713 165
2712 161
2705 133
2704 129
2707 141
2706 137
2709 149
2708 145
2711 157
2710 153
2699 109
2700 113
2703 125
2702 121
2689 53
2688 49
2691 61
2690 57
2692 65
2694 73
2745 221.127
2747 80
2748 76
2746 221.127
2749 72
2750 68
2751 64
2752 60
2753 56
2665 52
2579 48
2741 229.127
2742 225.127
2733 308.567
2777 53
2776 49
2775 45
2779 61
2778 57
2781 69
2780 65
2771 29
2772 33
2761 24
2762 20
2763 16
2765 12
2764 12
2793 145
2792 141
2791 137
2795 153
2794 149
2797 161
2796 157
2799 169
2798 165
2785 113
2784 109
2786 117
2790 133
2840 64
2845 44
2757 40
2669 36
2835 84
2836 80
2837 76
2839 68
2838 72
2827 241.127
2829 233.127
2830 229.127
2828 237.127
2822 292.567
2915 288.567
3017 284.567
3018 280.567
3019 276.567
2873 114
2872 113
2875 122
2874 118
2877 130
2876 126
2879 138
2865 54
2864 50
2867 62
2866 58
2869 70
2868 66
2871 78
2870 74
2857 22
2856 18
2858 26
2861 38
2860 34
2862 42
2850 24
2851 20
2855 17
2909 311.567
2910 307.567
2911 303.567
3014 296.567
3015 292.567
3016 288.567
2888 174
2881 146
2880 142
2883 154
2882 150
2885 162
2884 158
2887 170
2886 166
2928 229.127
2930 229.127
2832 225.127
2744 221.127
2933 93
2834 86
2932 97
2935 88
2936 84
2921 259.584
2922 255.584
2925 241.127
2926 237.127
2924 245.127
2927 233.127
2913 296.567
2914 292.567
2912 300.567
2969 70
2968 66
2967 62
2971 78
2970 74
2973 117
2975 122
2974 118
2961 38
2963 46
2962 42
2966 58
2952 20
2852 16
2957 22
2956 21
2959 30
2958 26
2946 44
2947 40
2948 36
2848 32
2760 28
2985 162
2984 158
2987 170
2986 166
2989 178
2988 174
2977 130
2976 126
2978 134
2981 146
2980 142
2983 154
2982 150
3033 233.127
3032 233.127
3035 101
3036 97
3034 105
2931 101
3039 88
3027 245.127
3026 249.127
3028 241.127
3013 314.567
3012 318.567
3065 78
3064 74
3067 120.999
3066 120.999
3069 122
3068 121
3071 130
3070 126
3057 46
3056 42
3059 54
3058 50
3061 62
3063 70
3062 66
3049 24
2954 20
3051 25
3053 30
3052 26
3054 34
3040 84
2937 80
3081 170
3080 166
3083 178
3082 174
3084 182
3073 138
3072 134
3075 146
3077 154
3076 150
3079 162
3078 158
3121 241.127
3122 237.127
3030 233.127
3120 245.127
3127 98
3037 94
2934 90
3119 249.127
3118 253.127
3109 287.127
3110 283.127
3111 279.127
3108 291.127
3161 124.999
3160 123
3159 119
3158 115
3157 111
3163 126
3162 125
3165 134
3164 130
3167 142
3166 138
3156 78
3145 34
3144 30
3146 38
3149 50
3148 46
3151 58
3150 54
3141 28
3140 28
3143 29
3177 182
3176 178
3175 174
3178 186
3171 158
3170 154
3173 166
3172 162
3174 170
3231 32
3219 102
3218 105
3126 101
3220 100
3128 96
3038 92
3209 267.127
3210 263.127
3208 271.127
3211 259.127
3213 253.127
3214 249.127
3215 245.127
3212 257.127
3203 291.127
3207 275.127
3257 131
3256 130
3259 139
3258 135
3261 147
3260 143
3262 151
3251 113
3250 109
3253 121
3252 117
3255 129
3254 125
3241 59
3240 55
3245 75
3244 71
3233 33
3239 51
3272 191
3275 203
3181 198
3180 194
3179 190
3265 163
3264 159
3267 171
3266 167
3269 179
3268 175
3271 187
3270 183
3325 36
3305 267.127
3304 271.127
3307 261.127
3308 257.127
3306 263.127
3309 253.127
3299 295.127
3298 299.127
3303 275.127
3353 143
3352 139
3355 151
3354 147
3356 155
3359 167
3358 163
3345 114
3344 110
3343 106
3342 102
3341 98
3346 118
3349 130
3348 126
3347 122
3351 135
3350 134
3337 75
3336 71
3335 67
3242 63
3338 79
3333 59
3332 55
3334 63
3361 175
3360 171
3363 183
3362 179
3365 191
3364 187
3417 63
3416 59
3419 71
3418 67
3421 79
3420 75
3422 83
3408 92
3318 88
3401 267.127
3402 265.127
3405 253.127
3310 249.127
3311 245.127
3216 241.127
3404 257.127
3399 275.127
3449 191
3448 187
3447 183
3446 179
3450 195
3453 207
3452 203
3451 199
3441 159
3440 155
3445 175
3444 171
3433 127
3432 123
3431 119
3430 115
3429 111
3428 107
3427 103
3426 99
3425 95
3435 135
3434 131
3437 143
3436 139
3439 151
3438 147
3481 295.127
3482 291.127
3483 287.127
3397 283.127
3302 279.127
3485 279.127
3487 269.127
3488 265.127
3489 261.127
3490 257.127
3477 309.126
3513 108
3512 104
3515 116
3514 112
3517 124
3516 120
3519 132
3518 128
3505 76
3504 72
3507 84
3506 80
3509 92
3508 88
3510 96
3503 68
3502 64
3492 262.127
3491 258.127
3528 168
3531 180
3530 176
3533 188
3532 184
3535 196
3534 192
3521 140
3520 136
3523 148
3522 144
3525 156
3524 152
3527 164
3526 160
3579 234.029
3581 234.029
3561 298
3475 293
3390 288
3296 283
3202 278
3564 291.127
3565 287.127
3566 283.127
3567 279.127
3486 275.127
3400 271.127
3609 152
3608 148
3607 144
3606 140
3611 160
3610 156
3613 168
3612 164
3614 172
3601 120
3600 116
3603 128
3602 124
3605 136
3604 132
3593 88
3592 84
3591 80
3595 96
3594 92
3597 104
3511 100
3596 100
3599 112
3598 108
3589 72
3588 68
3590 76
3624 212
3538 208
3617 184
3616 180
3619 192
3618 188
3620 196
3673 76
3672 72
3675 84
3674 80
3677 92
3676 88
3679 100
3678 96
3651 283.127
3705 204
3621 200
3704 200
3703 196
3707 212
3706 208
3622 204
3536 200
3697 172
3696 168
3695 164
3698 176
3701 188
3700 184
3702 192
3689 140
3688 136
3691 148
3690 144
3693 156
3692 152
3694 160
3681 108
3680 104
3683 116
3682 112
3685 124
3684 120
3687 132
3686 128
3741 259.004
3827 255.004
3916 251.004
4005 247.004
3742 259.135
3730 299.127
3648 295.127
3649 291.127
3650 287.127
3733 287.127
3734 287.127
3652 283.127
3769 113
3768 109
3771 121
3770 117
3773 129
3772 125
3775 137
3774 133
3761 81
3760 77
3763 89
3762 85
3765 97
3764 93
3767 105
3766 101
3753 104
3667 100
3583 96
3499 92
3411 88
3321 84
3226 80
3134 76
3044 72
3752 104
3666 100
3498 92
3410 88
3746 226.004
3748 222.004
3836 218.004
3751 104
3793 209
3792 205
3795 217
3796 221
3708 216
3785 177
3784 173
3786 181
3789 193
3788 189
3791 201
3790 197
3777 145
3776 141
3779 153
3778 149
3781 161
3780 157
3783 169
3782 165
3833 260.004
3921 256.004
4009 252.004
4008 248.004
4096 242.004
3834 264.004
3837 218.004
3926 214.004
3838 110
3825 263.004
3914 259.004
3915 255.004
4004 251.004
4094 246.004
3826 259.004
3828 258.324
3819 295.127
3732 291.127
3821 279.004
3910 275.004
3999 271.004
4089 266.004
4179 262.004
4272 258.004
3865 149
3864 145
3863 141
3862 137
3861 133
3867 157
3866 153
3869 165
3868 161
3871 173
3870 169
3857 117
3856 113
3859 125
3858 121
3860 129
3849 85
3848 81
3851 93
3850 89
3853 101
3852 97
3855 109
3854 105
3841 108
3840 108
3889 245
3888 241
3800 237
3712 232
3711 228
3710 224
3626 220
3540 216
3454 211
3369 207
3881 213
3880 209
3879 205
3878 201
3877 197
3883 221
3882 217
3794 213
3885 229
3884 225
3887 237
3799 233
3886 233
3798 229
3873 181
3872 177
3874 185
3876 193
3929 112
3930 112
3932 82.387
3923 264.004
3922 260.004
3924 215.004
4013 211.004
3904 299.004
3905 295.004
3994 291.004
4084 286.004
3907 287.004
3996 283.004
4086 278.004
4087 274.004
4177 270.004
4270 266.004
3909 279.004
3961 181
3960 177
3963 189
3962 185
3965 197
3967 205
3966 201
3953 149
3952 145
3955 157
3954 153
3957 165
3956 161
3959 173
3958 169
3945 117
3944 113
3947 125
3946 121
3949 133
3948 129
3951 141
3950 137
3943 109
3942 105
3941 101
3940 97
3939 93
3938 89
3992 299.004
4082 294.004
4083 290.004
3977 245
3976 241
3975 237
3974 233
3973 229
3972 225
3971 221
3970 217
3969 213
3968 209
3979 253
3978 249
4024 83
3934 79
4031 105
4017 116
4019 116
3931 112
3842 108
4018 116
4023 83
4011 260.004
4010 256.004
4001 263.004
4091 258.004
4181 254.004
4274 250.004
4000 267.004
4090 262.004
4180 258.004
4273 254.004
4003 255.004
4093 250.004
4057 209
4056 205
4059 217
4058 213
4061 225
4060 221
4063 233
4062 229
4049 177
4048 173
4047 169
4051 185
4050 181
4053 193
4052 189
4055 201
4041 145
4040 141
4039 137
4038 133
4037 129
4043 153
4042 149
4045 161
4044 157
4046 165
4033 113
4032 109
4034 117
4065 241
4064 237
4067 249
4066 245
4069 257
4068 253
4071 265
4070 261
4121 110
4123 118
4122 114
4112 87
4106 120
4108 120
4111 87
4022 83
3933 79
4097 230.004
4188 226.004
4281 222.004
4101 210.004
4153 238
4152 234
4155 246
4154 242
4157 254
4156 250
4159 262
4158 258
4145 206
4149 222
4148 218
4151 230
4150 226
4137 174
4136 170
4139 182
4138 178
4141 190
4140 186
4143 198
4142 194
4131 150
4130 146
4133 158
4132 154
4135 166
4134 162
4184 242.004
4277 238.004
4187 230.004
4186 234.004
4279 230.004
4189 222.004
4282 218.004
4190 218.004
4191 214.004
4192 210.004
4285 206.004
4183 246.004
4276 242.004
4175 278.004
4268 274.004
4161 270
4160 266
4162 274
4072 269
4216 122
4215 118
4214 114
4213 110
4120 106
4030 101
4203 91
4195 126
4198 124
4107 120
4249 254
4248 250
4247 246
4251 262
4250 258
4253 270
4252 266
4255 278
4254 274
4241 222
4243 230
4242 226
4245 238
4244 234
4246 242
4233 190
4232 186
4231 182
4235 198
4234 194
4236 202
4224 154
4223 150
4227 166
4226 162
4229 174
4228 170
4230 178
4280 226.004
4283 214.004
4275 246.004
4265 294.004
4266 290.004
4264 298.004
4256 282
4263 302.004
4262 306
4261 302
4260 298
4167 294
4077 289
3987 285
3898 281
3897 277
3896 273
3808 269
3720 264
3719 260
3718 256
3717 252
3716 248
3715 244
3714 240
3630 236
3629 232
3543 228
3457 223
3372 219
3278 215
3184 210
3183 206
3182 202
4317 162
4316 158
4315 154
4319 170
4318 166
4305 114
4304 110
4303 106
4302 102
4290 128
4295 95
4294 95
4345 274
4344 270
4343 266
4342 262
4347 282
4346 278
4348 286
4337 242
4336 238
4335 234
4334 230
4339 250
4338 246
4341 258
4340 254
4328 206
4327 202
4333 226
4320 174
4323 186
4325 194
4324 190
4326 198
4355 300.004
4354 304.004
4357 277.004
4409 167
4408 163
4411 175
4410 171
4413 183
4321 178
4412 179
4415 191
4414 187
4322 182
4395 111
4394 107
4387 99
4296 95
4205 91
4388 99
4297 95
4206 91
4113 87
4441 295
4349 290
4257 286
4440 291
4442 299
4350 294
4258 290
4165 286
4075 281
3985 277
4445 304.004
4444 307
4352 302
4447 277.004
4433 263
4432 259
4435 271
4434 267
4437 279
4436 275
4438 283
4429 247
4431 255
4430 251
4417 199
4416 195
4419 207
4418 203
4421 215
4420 211
4465 198.004
4466 194.004
4467 190.004
4464 202.004
4459 222.004
4460 218.004
4461 214.004
4462 210.004
4550 206.004
4551 202.004
4552 198.004
4638 194.004
4639 190.004
4640 186.004
4641 182.004
4642 178.004
4463 206.004
4449 262.004
4450 258.004
4451 254.004
4539 250.004
4625 246.004
4626 242.004
4627 238.004
4628 234.004
4629 230.004
4630 226.004
4631 222.004
4632 218.004
4633 214.004
4634 210.004
4635 206.004
4636 202.004
4637 198.004
4448 266.004
4536 262.004
4622 258.004
4623 254.004
4624 250.004
4453 246.004
4541 242.004
4452 250.004
4540 246.004
4455 238.004
4543 234.004
4505 199
4504 195
4507 207
4506 203
4508 211
4497 167
4499 175
4498 171
4501 183
4500 179
4503 191
4502 187
4488 131
4487 127
4486 123
4485 119
4396 115
4484 115
4537 258.004
4538 254.004
4529 295
4528 291
4439 287
4531 303
4530 299
4533 308.004
4532 307
4443 303
4351 298
4259 294
4166 290
4076 285
3986 281
4534 312.004
4521 263
4520 259
4523 271
4522 267
4525 279
4524 275
4527 287
4526 283
4571 119
4570 115
4483 111
4573 127
4572 123
4575 135
4574 131
4553 194.004
4554 190.004
4546 222.004
4549 210.004
4548 214.004
4593 207
4592 203
4595 215
4594 211
4596 219
4587 183
4586 179
4585 175
4584 171
4583 167
4582 163
4495 159
4406 155
4314 150
4222 146
4129 142
4589 191
4588 187
4591 199
4590 195
4576 139
4617 303
4619 312.004
4618 307
4621 262.004
4609 271
4608 267
4607 263
4611 279
4610 275
4613 287
4612 283
4615 295
4614 291
4657 123
4659 131
4658 127
4660 135
4697 283
4696 279
4695 275
4694 271
4699 291
4698 287
4701 299
4700 295
4702 303
4681 219
4680 215
4679 211
4678 207
4677 203
4683 227
4597 223
4510 219
4509 215
4682 223
4684 231
4598 227
4674 191
4676 199
4721 190.004
4722 186.004
4723 182.004
4724 178.004
4725 174.004
4720 194.004
4713 222.004
4714 218.004
4715 214.004
4716 210.004
4717 206.004
4718 202.004
4719 198.004
4705 254.004
4706 250.004
4707 246.004
4708 242.004
4709 238.004
4710 234.004
4711 230.004
4712 226.004
4704 258.004
4763 196
4765 204
4767 212
4766 208
4747 132
4746 128
4749 140
4748 136
4750 144
4661 139
4793 252.968
4794 248.968
4795 244.968
4792 256.968
4785 284
4787 292
4786 288
4789 300
4788 296
4791 308
4790 304
4769 220
4768 216
4771 228
4772 232
4816 161.968
4815 165.968
4860 240
4773 236
4863 252
4862 248
4861 244
4774 240
4685 235
4853 212
4852 208
4851 204
4764 200
4675 195
4855 220
4854 216
4843 172
4842 168
4755 164
4666 159
4580 155
4579 151
4578 147
4491 143
4402 139
4310 134
4218 130
4125 126
4035 121
4835 140
4834 136
4839 156
4752 152
4663 147
4662 143
4889 212.968
4890 208.968
4891 204.968
4892 200.968
4888 216.968
4893 196.968
4895 188.968
4896 184.968
4897 180.968
4894 192.968
4880 248.968
4883 236.968
4882 240.968
4887 220.968
4873 292
4872 288
4875 300
4874 296
4877 308
4876 304
4879 252.968
4878 256.968
4865 260
4778 256
4864 256
4918 136
4833 132
4901 165.968
4900 169.968
4957 292
4959 300
4958 296
4945 244
4944 240
4943 236
4858 232
4947 252
4946 248
4949 260
4948 256
4950 264
4937 212
4936 208
4939 220
4938 216
4940 224
4942 232
4857 228
4770 224
4985 169.968
4984 173.968
4977 200.968
4978 196.968
4968 236.968
4884 232.968
4885 228.968
4886 224.968
4973 216.968
4974 212.968
4972 220.968
4961 308
4960 304
4963 256.968
4962 260.968
4964 252.968
4967 240.968
4966 244.968
5020 213
5022 221
5011 177
4927 172
5015 193
4931 188
4930 184
4929 180
4844 176
4757 172
4668 167
4667 163
5051 240.968
5052 236.968
5053 232.968
5054 228.968
4971 224.968
5050 244.968
5055 224.968
5056 220.968
5041 297
5040 293
4956 288
4871 284
4784 280
5043 305
5042 301
5045 264.968
5044 309
5033 265
5032 261
5027 241
5026 237
5031 257
5030 253
5065 184.968
5064 188.968
5057 216.968
5063 192.968
5113 261
5112 257
5111 253
5110 249
5028 245
5101 213
5019 209
4935 204
4850 200
5102 217
5093 181
5094 185
5145 192.968
5144 196.968
5137 224.968
5136 228.968
5138 220.968
5141 208.968
5140 212.968
5143 200.968
5142 204.968
5131 248.968
5132 244.968
5133 240.968
5134 236.968
5135 232.968
5130 252.968
5049 248.968
5123 301
5125 309
5124 305
5126 313
5176 197
5096 193
5014 189
5175 193
5095 189
5013 185
5209 256.968
5210 252.968
5211 248.968
5212 244.968
5213 240.968
5214 236.968
5208 260.968
5205 313
5204 309
5207 264.968
5193 265
5192 261
5194 269
5114 265
5224 196.968
5225 192.968
5146 188.968
5217 224.968
5216 228.968
5219 216.968
5220 212.968
5221 208.968
5222 204.968
5223 200.968
5275 266
5274 262
5191 257
5276 270
5304 228.968
5307 216.968
5308 212.968
5306 220.968
5309 208.968
5311 200.968
5312 196.968
5310 204.968
5296 260.968
5301 240.968
5303 232.968
5302 236.968
5215 232.968
5295 264.968
5294 268.968
5287 314
5361 262
5360 258
5272 254
5189 249
5109 245
5400 212.968
5393 240.968
5392 244.968
5395 232.968
5394 236.968
5397 224.968
5399 216.968
5398 220.968
5386 268.968
5465 314
5464 310
5463 306
5371 302
5283 298
5200 293
5489 220.968
5488 224.968
5490 216.968
5493 204.968
5492 208.968
5483 244.968
5485 236.968
5484 240.968
5487 228.968
5567 252.968
5568 248.968
5569 244.968
5566 256.968
5481 252.968
5391 248.968
5300 244.968
5554 303.968
5469 299.968
5585 201.968
5662 197.968
5500 189.968
5409 185.968
5317 181.968
5577 212.968
5580 201.968
5581 197.968
5573 228.968
5574 224.968
5572 232.968
5575 220.968
5626 315
5549 310
5657 201.968
5656 205.968
5659 197.968
5660 197.968
5583 193.968
5498 189.968
5408 185.968
5649 232.968
5650 228.968
5648 236.968
5651 224.968
5643 256.968
5645 248.968
5644 252.968
5647 240.968
5634 291.968
5558 287.968
5695 275
5615 271
5538 266
5537 262
5536 258
5535 254
5449 250
5357 246
5356 242
5355 238
5267 234
5184 229
5183 225
5182 221
5181 217
5727 240.968
5726 244.968
5736 205.968
5739 201.968
5738 201.968
5740 201.968
5729 232.968
5730 228.968
5728 236.968
5733 216.968
5735 209.968
5789 296.968
5714 292.968
5635 288.968
5636 284.968
5560 280.968
5561 276.968
5562 272.968
5477 268.968
5478 264.968
5479 260.968
5480 256.968
5788 299.968
5713 295.968
5808 220.968
5811 209.968
5810 213.968
5813 205.968
5815 205.968
5814 205.968
5801 248.968
5802 244.968
5800 252.968
5803 240.968
5881 228.968
5807 224.968
5732 220.968
5880 232.968
5882 224.968
5885 213.968
5884 217.968
5872 264.968
5875 252.968
5876 248.968
5874 256.968
5877 244.968
5879 236.968
5864 296.968
5865 292.968
5791 288.968
5716 284.968
5637 280.968
5863 300.968
5862 303.968
5889 209.968
5888 209.968
5947 264.968
5949 252.968
5950 248.968
5939 296.968
5961 213.968
5962 213.968
5953 236.968
5954 232.968
5955 228.968
5952 240.968
5957 221.968
5958 217.968
6001 589.924
6082 584.924
6083 580.924
6159 576.924
6234 572.924
6309 567.924
6310 563.924
6311 559.924
6000 320
5999 316
5926 312
5925 308
5924 304
5850 300
5775 295
5774 291
5773 287
5697 283
5617 279
5540 274
5539 270
5453 266
5452 262
5451 258
5450 254
6003 581.924
6084 576.924
6160 572.924
6235 568.924
6002 585.924
6004 577.924
6085 572.924
6161 568.924
6041 217.968
6033 240.968
6032 244.968
6035 232.968
6034 236.968
6037 225.968
6038 221.968
6027 264.968
6028 260.968
6029 256.968
6030 252.968
6016 308.968
6017 304.968
5938 300.968
6109 260.968
6081 588.924
6121 221.968
6122 221.968
6042 217.968
6113 244.968
6114 240.968
6112 248.968
6115 236.968
6117 229.968
6118 225.968
6155 321
6079 316
5998 312
6157 584.924
6158 580.924
6233 576.924
6308 571.924
6156 588.924
6231 584.924
6306 579.924
6307 575.924
6192 240.968
6195 229.968
6194 233.968
6197 225.968
6186 264.968
6189 252.968
6190 248.968
6191 244.968
6188 256.968
6232 580.924
6236 564.924
6230 321
6154 317
6078 312
5997 308
6265 248.968
6264 252.968
6266 244.968
6269 233.968
6268 237.968
6271 229.968
6263 256.968
6262 260.968
6247 320.968
6173 316.968
6096 312.968
6318 347.968
6319 343.968
6320 339.968
6321 335.968
6244 331.968
6245 327.968
6171 323.968
6172 319.968
6095 315.968
6015 311.968
5936 307.968
6305 583.924
6345 241.968
6346 237.968
6348 233.968
6351 233.968
6274 229.968
6200 225.968
6123 221.968
6043 217.968
6339 264.968
6340 260.968
6393 536.924
6394 532.924
6392 540.924
6385 568.924
6386 564.924
6387 560.924
6388 556.924
6389 552.924
6390 548.924
6391 544.924
6384 572.924
6381 584.924
6382 580.924
6383 576.924
6380 322
6303 317
6302 313
6301 309
6226 305
6150 301
6074 296
6073 292
5992 288
5991 284
5990 280
5989 276
5916 272
5842 268
5767 263
5691 259
5690 255
5689 251
5609 247
5532 242
5446 238
5354 234
5353 230
5352 226
5264 222
6424 241.968
6426 237.968
6417 268.968
6418 264.968
6421 252.968
6420 256.968
6423 245.968
6409 300.968
6410 296.968
6332 292.968
6333 288.968
6256 284.968
6182 280.968
6105 276.968
6025 272.968
5946 268.968
6411 292.968
6412 288.968
6413 284.968
6401 331.968
6323 327.968
6246 323.968
6459 581.924
6540 577.924
6620 572.924
6621 568.924
6699 564.924
6775 560.924
6848 555.924
6920 551.924
6996 547.924
7067 542.924
6458 585.924
6539 581.924
6619 576.924
6461 573.924
6542 569.924
6622 564.924
6623 560.924
6624 556.924
6702 552.924
6703 548.924
6704 544.924
6780 540.924
6853 535.924
6854 531.924
6926 527.924
6927 523.924
6928 519.924
7004 515.924
7075 510.924
7076 506.924
7077 502.924
7078 498.924
7147 494.924
7212 490.924
7213 486.924
7214 482.924
7215 478.924
7216 474.924
7283 470.924
7351 465.924
7420 461.924
6460 577.924
6541 573.924
6463 565.924
6544 561.924
6462 569.924
6543 565.924
6483 335.968
6484 332.968
6485 328.968
6486 324.968
6404 320.968
6405 316.968
6406 312.968
6407 308.968
6329 304.968
6252 300.968
6253 296.968
6179 292.968
6102 288.968
6103 284.968
6023 280.968
6024 276.968
5945 272.968
6473 525.924
6554 521.924
6634 516.924
6635 512.924
6472 529.924
6477 512.924
6558 508.924
6638 503.924
6716 499.924
6792 495.924
6865 490.924
6937 486.924
7013 482.924
6478 511.924
6559 507.924
6639 502.924
6717 498.924
6793 494.924
6866 489.924
6938 485.924
6465 557.924
6466 553.924
6547 549.924
6627 544.924
6628 540.924
6706 536.924
6707 532.924
6783 528.924
6856 523.924
6464 561.924
6545 557.924
6625 552.924
6467 549.924
6548 545.924
6469 541.924
6550 537.924
6630 532.924
6631 528.924
6709 524.924
6710 520.924
6711 516.924
6787 512.924
6860 507.924
6932 503.924
6933 499.924
6468 545.924
6549 541.924
6629 536.924
6471 533.924
6470 537.924
6551 533.924
6505 249.968
6506 245.968
6508 241.968
6497 280.968
6498 276.968
6499 272.968
6500 268.968
6502 260.968
6553 525.924
6633 520.924
6552 529.924
6632 524.924
6555 517.924
6556 513.924
6636 508.924
6546 553.924
6626 548.924
6585 260.968
6503 256.968
6584 264.968
6587 253.968
6588 249.968
6591 245.968
6590 245.968
6579 284.968
6580 280.968
6581 276.968
6560 506.924
6640 501.924
6718 497.924
6565 339.968
6566 336.968
6618 580.924
6696 576.924
6772 572.924
6845 567.924
6917 563.924
6918 559.924
6919 555.924
6651 316.968
6572 312.968
6573 308.968
6574 304.968
6492 300.968
6644 343.968
6664 264.968
6667 253.968
6666 257.968
6659 284.968
6658 288.968
6660 280.968
6663 268.968
6662 272.968
6714 504.924
6790 500.924
6863 495.924
6705 540.924
6781 536.924
6708 528.924
6784 524.924
6857 519.924
6858 515.924
6859 511.924
6697 572.924
6773 568.924
6846 563.924
6698 568.924
6774 564.924
6847 559.924
6701 556.924
6700 560.924
6776 556.924
6849 551.924
6850 547.924
6922 543.924
6998 539.924
7069 534.924
6695 580.924
6745 257.968
6746 253.968
6744 261.968
6737 288.968
6738 284.968
6736 292.968
6741 272.968
6740 276.968
6742 268.968
6733 304.968
6734 300.968
6735 296.968
6723 344.968
6645 340.968
6777 552.924
6779 544.924
6852 539.924
6778 548.924
6851 543.924
6782 532.924
6855 527.924
6771 576.924
6844 571.924
6770 327
6694 323
6616 318
6536 314
6535 310
6453 306
6375 302
6298 297
6223 293
6147 289
6071 284
6070 280
6069 276
6068 272
5987 268
5914 264
5840 260
5765 255
6809 304.968
6810 300.968
6815 280.968
6816 276.968
6817 272.968
6798 348.968
6799 344.968
6800 340.968
6725 336.968
6647 332.968
6568 328.968
6569 324.968
6487 320.968
6785 520.924
6786 516.924
6788 508.924
6861 503.924
6843 575.924
6819 265.968
6821 257.968
6822 257.968
6879 312.968
6808 308.968
6869 352.968
6870 348.968
6910 634.924
6888 276.968
6890 269.968
6892 261.968
6881 304.968
6880 308.968
6883 296.968
6885 288.968
6884 292.968
6887 280.968
6886 284.968
6941 352.968
6940 356.968
6929 515.924
6930 511.924
7006 507.924
6931 507.924
6935 491.924
6921 547.924
6923 539.924
6999 535.924
7070 530.924
6925 531.924
7001 527.924
7072 522.924
6924 535.924
7000 531.924
7071 526.924
6915 571.924
6991 567.924
7062 562.924
6914 575.924
6916 567.924
6953 300.968
6954 296.968
6955 292.968
6956 288.968
6957 284.968
6958 280.968
6949 316.968
6950 312.968
7002 523.924
7073 518.924
7005 511.924
7007 503.924
6993 559.924
7064 554.924
6992 563.924
7063 558.924
6995 551.924
7066 546.924
6994 555.924
7065 550.924
6997 543.924
7068 538.924
6985 599.924
7054 594.924
6984 603.924
7053 598.924
6987 591.924
7056 586.924
6986 595.924
7055 590.924
6989 575.924
7060 570.924
6988 587.924
7057 582.924
6990 571.924
7061 566.924
6977 631.924
7046 626.924
7115 622.924
7116 618.924
7117 614.924
7118 610.924
7119 606.924
6976 635.924
7045 630.924
7114 626.924
6979 623.924
7048 618.924
6978 627.924
7047 622.924
6981 615.924
7050 610.924
6980 619.924
7049 614.924
6983 607.924
7052 602.924
7032 284.968
7034 277.968
7035 273.968
6961 269.968
6962 265.968
7027 304.968
7028 300.968
7029 296.968
7030 292.968
7031 288.968
7026 308.968
7017 356.968
7016 360.968
7018 352.968
7023 320.968
7009 495.924
7080 490.924
7149 486.924
7008 499.924
7079 494.924
7011 487.924
7059 574.924
7058 578.924
7044 634.924
7113 630.924
7097 312.968
7096 316.968
7099 304.968
7100 300.968
7101 296.968
7098 308.968
7103 288.968
7102 292.968
7094 324.968
7085 367.968
7015 363.968
6939 359.968
6868 355.968
6797 351.968
6722 347.968
7086 364.968
7074 514.924
7112 634.924
7105 281.968
7162 344.968
7228 340.968
7167 316.968
7166 320.968
7155 368.968
7157 360.968
7158 356.968
7159 356.968
7225 352.968
7226 348.968
7227 344.968
7145 502.924
7146 498.924
7144 506.924
7148 490.924
7151 478.924
7150 482.924
7143 510.924
7193 566.924
7260 562.924
7328 557.924
7397 553.924
7463 549.924
7464 545.924
7465 541.924
7466 537.924
7467 533.924
7468 529.924
7469 525.924
7470 521.924
7471 517.924
7472 513.924
7473 509.924
7474 505.924
7475 501.924
7476 497.924
7477 493.924
7478 489.924
7192 570.924
7259 566.924
7327 561.924
7195 558.924
7262 554.924
7330 549.924
7331 545.924
7332 541.924
7401 537.924
7402 533.924
7194 562.924
7261 558.924
7329 553.924
7197 550.924
7264 546.924
7196 554.924
7263 550.924
7199 542.924
7266 538.924
7334 533.924
7335 529.924
7404 525.924
7198 546.924
7265 542.924
7333 537.924
7185 598.924
7252 594.924
7320 589.924
7389 585.924
7390 581.924
7456 577.924
7457 573.924
7458 569.924
7459 565.924
7460 561.924
7461 557.924
7462 553.924
7184 602.924
7251 598.924
7319 593.924
7388 589.924
7454 585.924
7455 581.924
7187 590.924
7254 586.924
7322 581.924
7391 577.924
7186 594.924
7253 590.924
7321 585.924
7189 582.924
7256 578.924
7324 573.924
7393 569.924
7394 565.924
7395 561.924
7188 586.924
7255 582.924
7323 577.924
7191 574.924
7258 570.924
7326 565.924
7190 578.924
7257 574.924
7325 569.924
7177 630.924
7244 626.924
7312 621.924
7381 617.924
7382 613.924
7448 609.924
7449 605.924
7450 601.924
7451 597.924
7452 593.924
7453 589.924
7176 281.968
7106 277.968
7179 622.924
7246 618.924
7314 613.924
7383 609.924
7384 605.924
7385 601.924
7386 597.924
7387 593.924
7178 626.924
7181 614.924
7248 610.924
7316 605.924
7180 618.924
7247 614.924
7315 609.924
7183 606.924
7250 602.924
7318 597.924
7182 610.924
7249 606.924
7317 601.924
7169 308.968
7170 304.968
7168 312.968
7171 300.968
7173 292.968
7175 285.968
7224 356.968
7231 328.968
7232 324.968
7233 320.968
7234 316.968
7235 312.968
7236 308.968
7230 332.968
7219 375.968
7154 371.968
7220 372.968
7223 360.968
7222 364.968
7211 494.924
7278 490.924
7346 485.924
7347 481.924
7348 477.924
7349 473.924
7350 469.924
7210 498.924
7277 494.924
7345 489.924
7201 534.924
7268 530.924
7336 525.924
7337 521.924
7338 517.924
7407 513.924
7408 509.924
7200 538.924
7203 526.924
7204 522.924
7205 518.924
7272 514.924
7340 509.924
7409 505.924
7410 501.924
7411 497.924
7412 493.924
7202 530.924
7269 526.924
7206 514.924
7273 510.924
7341 505.924
7342 501.924
7241 289.968
7243 630.924
7311 625.924
7242 285.968
7245 622.924
7313 617.924
7237 304.968
7238 300.968
7239 296.968
7289 364.968
7290 360.968
7288 368.968
7291 356.968
7293 348.968
7294 344.968
7292 352.968
7281 478.924
7280 482.924
7282 474.924
7275 502.924
7343 497.924
7274 506.924
7279 486.924
7267 534.924
7271 518.924
7339 513.924
7270 522.924
7305 300.968
7304 304.968
7307 293.968
7310 629.924
7297 332.968
7296 336.968
7299 324.968
7300 320.968
7301 316.968
7302 312.968
7303 308.968
7298 328.968
7353 460.968
7555 448.968
7355 380.968
7357 372.968
7356 376.968
7359 364.968
7360 360.968
7361 356.968
7362 352.968
7358 368.968
7376 297.968
7369 324.968
7370 320.968
7368 328.968
7371 316.968
7372 312.968
7373 308.968
7363 348.968
7365 340.968
7366 336.968
7367 332.968
7417 473.924
7416 477.924
7419 465.924
7418 469.924
7423 384.968
7422 386.968
7415 481.924
7414 485.924
7400 541.924
7403 529.924
7405 521.924
7406 517.924
7396 557.924
7399 545.924
7398 549.924
7441 312.968
7440 316.968
7442 308.968
7433 344.968
7434 340.968
7435 336.968
7436 332.968
7437 328.968
7439 320.968
7438 324.968
7425 376.968
7424 380.968
7427 368.968
7428 364.968
7426 372.968
7429 360.968
7513 616.968
7514 612.968
7515 608.968
7516 604.968
7517 600.968
7518 596.968
7519 592.968
7520 588.968
7521 584.968
7522 580.968
7523 576.968
7524 572.968
7525 568.968
7526 564.968
7527 560.968
7528 556.968
7529 552.968
7530 548.968
7531 544.968
7532 540.968
7533 536.968
7534 532.968
7535 528.968
7536 524.968
7537 520.968
7538 516.968
7539 512.968
7540 508.968
7541 504.968
7542 500.968
7543 496.968
7544 492.968
7545 488.968
7546 484.968
7547 480.968
7548 476.968
7549 472.968
7550 468.968
7551 464.968
7552 460.968
7553 456.968
7554 452.968
7505 324.968
7506 320.968
7504 328.968
7507 316.968
7497 356.968
7498 352.968
7499 348.968
7500 344.968
7501 340.968
7503 332.968
7502 336.968
7489 388.968
7491 380.968
7492 376.968
7493 372.968
7494 368.968
7490 384.968
7495 364.968
7582 625.968
7583 621.968
7584 617.968
7585 613.968
7586 609.968
7587 605.968
7660 601.968
7661 597.968
7662 593.968
7663 589.968
7736 585.968
7810 580.968
7811 576.968
7569 356.968
7570 352.968
7568 360.968
7573 340.968
7572 344.968
7575 332.968
7574 336.968
7561 388.968
7560 392.968
7563 380.968
7562 384.968
7565 372.968
7564 376.968
7559 394.968
7488 390.968
7609 517.968
7610 513.968
7611 509.968
7684 505.968
7685 501.968
7686 497.968
7687 493.968
7688 489.968
7761 485.968
7835 480.968
7608 521.968
7613 501.968
7612 505.968
7615 493.968
7614 497.968
7603 541.968
7676 537.968
7749 533.968
7823 528.968
7605 533.968
7606 529.968
7607 525.968
7604 537.968
7592 585.968
7665 581.968
7666 577.968
7739 573.968
7813 568.968
7641 364.968
7642 360.968
7640 368.968
7643 356.968
7645 348.968
7644 352.968
7647 340.968
7646 344.968
7633 396.968
7635 388.968
7636 384.968
7634 392.968
7625 453.968
7626 449.968
7627 445.968
7700 441.968
7701 437.968
7774 433.968
7848 428.968
7849 424.968
7850 420.968
7624 457.968
7629 437.968
7630 433.968
7703 429.968
7628 441.968
7617 485.968
7690 481.968
7691 477.968
7692 473.968
7693 469.968
7694 465.968
7695 461.968
7768 457.968
7842 452.968
7843 448.968
7844 444.968
7845 440.968
7616 489.968
7619 477.968
7618 481.968
7621 469.968
7620 473.968
7623 461.968
7622 465.968
7677 533.968
7750 529.968
7824 524.968
7825 520.968
7679 525.968
7752 521.968
7826 516.968
7827 512.968
7678 529.968
7751 525.968
7648 336.968
7649 332.968
7650 328.968
7577 324.968
7654 317.091
10081 313.055
7707 392.968
7706 396.968
7708 388.968
7711 376.968
7710 380.968
7697 453.968
7770 449.968
7696 457.968
7769 453.968
7699 445.968
7772 441.968
7846 436.968
7698 449.968
7771 445.968
7702 433.968
7775 429.968
7689 485.968
7762 481.968
7836 476.968
7837 472.968
7681 517.968
7754 513.968
7828 508.968
7680 521.968
7753 517.968
7683 509.968
7756 505.968
7830 500.968
7831 496.968
7832 492.968
7682 513.968
7755 509.968
7829 504.968
7720 340.968
7721 336.968
7713 368.968
7714 364.968
7712 372.968
7715 360.968
7717 352.968
7716 356.968
7719 344.968
7718 348.968
7773 437.968
7847 432.968
7760 489.968
7834 484.968
7763 477.968
7765 469.968
7839 464.968
7764 473.968
7838 468.968
7767 461.968
7841 456.968
7766 465.968
7840 460.968
7757 501.968
7759 493.968
7833 488.968
7758 497.968
7793 344.968
7794 340.968
7795 336.968
7792 348.968
7785 376.968
7786 372.968
7787 368.968
7784 380.968
7789 360.968
7790 356.968
7791 352.968
7788 364.968
7776 425.968
7779 400.968
7780 396.968
7778 417.968
7783 384.968
7865 352.968
7866 348.968
7867 344.968
7864 356.968
7857 384.968
7856 388.968
7859 376.968
7858 380.968
7861 368.968
7862 364.968
7863 360.968
7860 372.968
7855 392.968
7929 392.968
7930 388.968
7931 384.968
7928 396.968
7933 376.968
7934 372.968
7935 368.968
7936 364.968
7937 360.968
7932 380.968
7938 356.968
7941 344.968
8013 339.968
7944 332.968
7872 328.968
7726 320.968
8056 419.968
8061 399.968
8062 395.968
8063 391.968
8047 455.968
8035 503.968
8036 499.968
8037 495.968
8072 355.968
8074 348.968
8065 383.968
8066 379.968
8067 375.968
8069 367.968
8068 371.968
8121 399.968
8120 403.968
