 key  value
8122 371.968
8063 367.968
8001 363.968
8002 359.968
8003 355.968
8004 351.968
8005 347.968
8006 343.968
8007 339.968
8008 335.968
8009 331.968
8010 327.968
8011 323.968
7942 316.968
7869 312.968
7796 308.968
7797 304.968
7724 300.968
7652 296.968
7653 292.968
7580 288.968
7509 284.968
7443 280.968
7375 276.968
7306 272.968
7240 268.968
7174 264.968
7104 260.968
7033 256.968
6959 252.968
6889 248.968
6818 244.968
6743 240.968
6665 236.968
6586 232.968
6504 228.968
6422 224.968
6344 220.968
6267 216.968
6193 212.968
6116 208.968
6036 204.968
5956 200.968
5883 196.968
5809 192.968
5734 188.968
5655 184.968
5579 180.968
5494 176.968
5404 172.968
5313 168.968
5226 164.968
5147 160.968
5066 156.968
4983 152.968
4899 148.968
4814 144.968
4727 137.968
4728 133.968
4729 129.968
9898 125.451
4643 120
4557 116
4470 112
4380 108
4289 104
4196 100
4105 96
4016 92
3928 88
3839 84
3750 80
3665 76
3582 72
3497 68
3409 64
3319 60
3225 56
3133 52
3043 48
2940 44
2941 40
2841 36
2753 32
2754 28
2666 24
2580 20
2581 16
2582 12
2583 8
2584 4
8125 359.968
8126 355.968
8127 351.968
8128 347.968
8129 343.968
8130 339.968
8071 335.968
8072 331.968
8124 363.968
8113 407.968
8054 403.968
8055 399.968
7993 395.968
7994 391.968
7995 387.968
7996 383.968
7997 379.968
7998 375.968
7999 371.968
8000 367.968
8112 411.968
8053 407.968
8115 399.968
8116 395.968
8117 391.968
8058 387.968
8059 383.968
8060 379.968
8061 375.968
8114 403.968
8119 383.968
8118 387.968
8105 439.968
8106 435.968
8047 431.968
7985 427.968
7986 423.968
7987 419.968
7988 415.968
7989 411.968
7990 407.968
7991 403.968
7992 399.968
8104 443.968
8107 431.968
8048 427.968
8049 423.968
8109 423.968
8110 419.968
8051 415.968
8052 411.968
8108 427.968
8111 415.968
8097 471.968
8038 467.968
7976 463.968
7977 459.968
7978 455.968
7979 451.968
7980 447.968
7981 443.968
7982 439.968
7983 435.968
7984 431.968
8096 475.968
8099 463.968
8040 459.968
8098 467.968
8039 463.968
8101 455.968
8102 451.968
8103 447.968
8100 459.968
8155 471.968
8157 463.968
8158 459.968
8159 455.968
8160 451.968
8161 447.968
8156 467.968
8136 547.968
8137 543.968
8080 539.968
8021 535.968
8022 531.968
7960 527.968
7961 523.968
7962 519.968
7963 515.968
7964 511.968
7965 507.968
7966 503.968
7967 499.968
7968 495.968
7969 491.968
7970 487.968
7971 483.968
7972 479.968
7973 475.968
7974 471.968
7975 467.968
8185 351.968
8184 355.968
8177 383.968
8178 379.968
8179 375.968
8180 371.968
8181 367.968
8182 363.968
8176 387.968
8183 359.968
8169 415.968
8168 419.968
8171 407.968
8172 403.968
8173 399.968
8170 411.968
8175 391.968
8174 395.968
8163 439.968
8162 443.968
8165 431.968
8166 427.968
8167 423.968
8164 435.968
8217 455.968
8218 451.968
8219 447.968
8220 443.968
8216 459.968
8221 439.968
8222 435.968
8223 431.968
8224 427.968
8225 423.968
8226 419.968
8215 463.968
8214 467.968
8241 359.968
8240 363.968
8242 355.968
8233 391.968
8234 387.968
8235 383.968
8236 379.968
8232 395.968
8237 375.968
8238 371.968
8239 367.968
8227 415.968
8228 411.968
8229 407.968
8231 399.968
8230 403.968
8281 415.968
8282 411.968
8280 419.968
8283 407.968
8284 403.968
8285 399.968
8287 391.968
8286 395.968
8273 447.968
8272 451.968
8275 439.968
8274 443.968
8277 431.968
8276 435.968
8279 423.968
8278 427.968
91 163
112 159
127 154
128 150
146 146
175 142
176 138
177 134
215 130
261 125
312 121
368 117
430 112
494 108
565 104
637 99
707 95
784 91
869 86
947 82
1019 78
1089 74
1162 69
1246 65
1330 61
1421 56
1518 52
1612 48
1710 43
1801 39
1884 35
1973 30
2064 26
2154 22
2240 18
2328 13
2414 9
2499 5
8269 463.968
93 155
94 151
115 147
130 142
148 138
8268 467.968
92 159
8271 455.968
8270 459.968
8319 463.968
8320 459.968
8321 455.968
8322 451.968
8323 447.968
8318 467.968
8298 347.968
8299 343.968
8246 339.968
8189 335.968
8132 331.968
8073 327.968
125 162
143 158
172 154
210 150
256 145
307 141
363 137
425 132
426 128
427 124
491 120
562 116
634 111
704 107
705 103
706 99
126 158
8289 383.968
113 155
8288 387.968
8291 375.968
8292 371.968
8293 367.968
8294 363.968
8295 359.968
8296 355.968
8297 351.968
8290 379.968
114 151
129 146
147 142
8344 363.968
8345 359.968
8346 355.968
8347 351.968
8349 349.802
9963 347.837
110 167
8337 391.968
8338 387.968
8336 395.968
8339 383.968
8340 379.968
8341 375.968
8343 367.968
8342 371.968
8329 423.968
8328 427.968
8331 415.968
8330 419.968
8333 407.968
8332 411.968
8335 399.968
8334 403.968
145 150
144 154
173 150
211 146
257 141
308 137
364 133
8325 439.968
149 137
178 133
216 129
262 124
313 120
369 116
431 111
495 107
566 103
638 98
708 94
785 90
870 85
948 81
1020 77
1090 73
1163 68
1247 64
1331 60
1422 55
1519 51
1613 47
1711 42
1802 38
1885 34
1974 29
2065 25
2155 21
2241 17
2329 12
2415 8
2500 4
8324 443.968
8327 431.968
8326 435.968
150 136
179 132
217 128
263 123
314 119
370 115
432 110
496 106
567 102
639 97
709 93
786 89
871 84
949 80
1021 76
1091 72
1164 67
1248 63
1332 59
1423 54
1520 50
1614 46
1712 41
1803 37
1886 33
1975 28
2066 24
2156 20
2242 16
8377 427.968
8376 431.968
8379 419.968
8378 423.968
8381 411.968
8380 415.968
8383 403.968
8384 399.968
8385 395.968
8386 391.968
8387 387.968
8388 383.968
8382 407.968
8369 459.968
8368 463.968
8371 451.968
8372 447.968
8373 443.968
8374 439.968
8375 435.968
131 141
8370 455.968
133 139
151 135
180 131
218 127
264 122
315 118
371 114
433 109
497 105
568 101
640 96
710 92
787 88
872 83
950 79
1022 75
1092 71
1165 66
1249 62
1333 58
1424 53
1521 49
1615 45
1713 40
1804 36
1887 32
181 130
219 126
265 121
316 117
372 113
434 108
498 104
569 100
641 95
711 91
788 87
873 82
951 78
1023 74
1093 70
1166 65
1250 61
1334 57
1425 52
1522 48
1616 44
174 146
8393 363.968
8394 359.968
8395 355.968
8396 351.968
8348 347.968
209 154
255 149
306 145
8389 379.968
213 138
259 133
310 129
366 125
428 120
492 116
563 112
635 107
212 142
258 137
309 133
365 129
8391 371.968
8390 375.968
214 134
260 129
311 125
367 121
429 116
493 112
564 108
636 103
8441 371.968
8442 367.968
8440 375.968
8433 403.968
8434 399.968
8435 395.968
8436 391.968
8432 407.968
8437 387.968
8439 379.968
8438 383.968
8425 435.968
8426 431.968
8427 427.968
8428 423.968
8424 439.968
8429 419.968
8431 411.968
8430 415.968
254 153
8419 459.968
8420 455.968
8421 451.968
8418 463.968
8423 443.968
8422 447.968
8473 435.968
8472 439.968
8475 427.968
8474 431.968
8477 419.968
8476 423.968
8479 411.968
8478 415.968
8467 459.968
8466 463.968
8469 451.968
8470 447.968
8468 455.968
8471 443.968
266 120
317 116
373 112
435 107
499 103
570 99
642 94
712 90
789 86
874 81
952 77
1024 73
1094 69
1167 64
1251 60
1335 56
8499 519.968
8500 515.968
8454 511.968
8407 507.968
8358 503.968
8359 499.968
8360 495.968
8312 491.968
8263 487.968
8264 483.968
8265 479.968
8266 475.968
8213 471.968
319 114
375 110
437 105
501 101
572 97
713 89
790 85
875 80
953 76
1025 72
1095 68
318 115
374 111
436 106
500 102
571 98
643 93
8481 403.968
305 149
8480 407.968
8483 395.968
8482 399.968
8485 387.968
8484 391.968
8487 379.968
8488 375.968
8489 371.968
8486 383.968
299 192
300 188
356 184
417 179
418 175
480 171
550 164
622 159
623 155
624 151
625 147
626 143
627 139
628 135
629 131
699 127
700 123
701 119
702 115
703 111
8529 399.968
8530 395.968
8531 391.968
8528 403.968
8533 383.968
8534 379.968
8535 375.968
8536 371.968
8537 367.968
8491 363.968
8444 359.968
8445 355.968
8532 387.968
8521 431.968
8522 427.968
8520 435.968
8523 423.968
8525 415.968
8524 419.968
8527 407.968
8526 411.968
8515 455.968
8516 451.968
8514 459.968
8517 447.968
8519 439.968
8518 443.968
8569 419.968
8570 415.968
8571 411.968
8572 407.968
8573 403.968
8568 423.968
8575 395.968
8574 399.968
8561 451.968
8560 455.968
8563 443.968
8562 447.968
8565 435.968
8566 431.968
8564 439.968
8567 427.968
361 145
423 140
487 136
558 132
630 127
360 149
422 144
486 140
557 136
362 141
424 136
8605 451.968
8604 455.968
8607 443.968
8606 447.968
353 196
414 191
415 187
416 183
8589 515.968
8546 511.968
8547 507.968
8548 503.968
8549 499.968
8505 495.968
8459 491.968
8412 487.968
8363 483.968
8315 479.968
413 195
8588 519.968
412 199
474 195
475 191
476 187
477 183
478 179
479 175
8590 511.968
8591 507.968
8576 391.968
8577 387.968
8578 383.968
8632 511.968
8633 507.968
8634 503.968
8635 499.968
8594 495.968
8595 491.968
8596 487.968
8597 483.968
8598 479.968
8555 475.968
8556 471.968
8512 467.968
8513 463.968
8631 515.968
8630 519.968
8617 403.968
8616 407.968
8619 395.968
8618 399.968
8609 435.968
8610 431.968
8611 427.968
8612 423.968
8613 419.968
8614 415.968
8615 411.968
8608 439.968
8671 515.968
8672 511.968
8673 507.968
8674 503.968
8670 519.968
8657 411.968
8658 407.968
8659 403.968
8660 399.968
8661 395.968
8662 391.968
8663 387.968
8664 383.968
8623 379.968
8624 375.968
8581 371.968
8656 415.968
421 148
420 152
484 148
485 144
8649 443.968
473 199
8648 447.968
8651 435.968
8650 439.968
8653 427.968
8652 431.968
8655 419.968
8654 423.968
469 215
470 211
471 207
472 203
8647 451.968
8646 455.968
8697 411.968
8698 407.968
8699 403.968
8696 415.968
8701 395.968
8700 399.968
8689 443.968
8690 439.968
8691 435.968
8693 427.968
8692 431.968
8695 419.968
8694 423.968
8686 455.968
8729 439.968
8730 435.968
489 128
560 124
632 119
633 115
8728 443.968
488 132
8731 431.968
8732 427.968
8733 423.968
8734 419.968
8735 415.968
490 124
483 152
8726 451.968
8727 447.968
537 216
609 211
610 207
611 203
612 199
613 195
614 191
615 187
616 183
617 179
618 175
619 171
620 167
621 163
539 208
538 212
541 200
540 204
543 192
542 196
8711 511.968
8712 507.968
8713 503.968
8675 499.968
8636 495.968
8710 515.968
8763 451.968
8764 447.968
8765 443.968
8766 439.968
8767 435.968
8747 515.968
8746 519.968
8748 511.968
8749 507.968
8737 407.968
8736 411.968
8739 399.968
8738 403.968
553 152
552 156
555 144
554 148
556 140
545 184
544 188
8787 515.968
8788 511.968
547 176
8786 519.968
546 180
551 160
8776 399.968
8740 395.968
8741 391.968
8703 387.968
605 227
606 223
607 219
608 215
8780 398.331
9950 392.669
8704 387.968
8769 427.968
8768 431.968
8771 419.968
8770 423.968
8773 411.968
8772 415.968
8775 403.968
8774 407.968
8827 515.968
8816 399.968
8777 395.968
8809 427.968
8810 423.968
8811 419.968
8812 415.968
8808 431.968
8813 411.968
8815 403.968
8814 407.968
8801 459.968
8762 455.968
8800 463.968
8803 451.968
8805 443.968
8804 447.968
8807 435.968
8806 439.968
8849 427.968
8850 423.968
8851 419.968
8848 431.968
8853 411.968
8854 407.968
8852 415.968
8841 459.968
8842 455.968
8843 451.968
8845 443.968
8844 447.968
8847 435.968
8846 439.968
8890 407.96
9969 404.03
8881 443.96
8882 439.96
8883 435.96
8884 431.96
8885 427.96
8886 423.96
8887 419.96
8888 415.96
8889 411.96
8880 447.96
8877 459.96
8878 455.96
8879 451.96
689 174
690 170
691 166
692 162
693 158
694 154
695 150
696 146
697 142
688 178
681 206
682 202
683 198
684 194
685 190
686 186
687 182
8920 427.96
8921 423.96
680 210
8913 455.96
8914 451.96
8912 459.96
8915 447.96
675 230
676 226
677 222
678 218
679 214
8917 439.96
8918 435.96
8916 443.96
8919 431.96
8911 463.96
8910 467.96
8876 463.96
8953 431.96
8954 427.96
8952 435.96
8945 463.96
8944 467.96
8947 455.96
8946 459.96
8949 447.96
8948 451.96
8951 439.96
8950 443.96
761 205
762 201
763 197
764 193
765 189
766 185
767 181
768 177
769 173
770 169
771 165
772 161
773 157
774 153
760 209
753 237
754 233
755 229
756 225
757 221
758 217
759 213
8985 435.96
8986 431.96
8987 427.96
8955 423.96
8956 419.96
8957 415.96
8924 411.96
8984 439.96
8977 467.96
8978 463.96
8979 459.96
8976 471.96
8981 451.96
8980 455.96
8983 443.96
8982 447.96
8975 475.96
8974 479.96
9017 435.96
9016 439.96
9009 467.96
9008 471.96
9011 459.96
9012 455.96
9010 463.96
9013 451.96
9014 447.96
9015 443.96
9005 483.96
9007 475.96
8997 515.96
8966 511.96
8934 507.96
8935 503.96
8936 499.96
8903 495.96
8904 491.96
8905 487.96
8871 483.96
8872 479.96
8873 475.96
8874 471.96
8875 467.96
8998 511.96
8999 507.96
8968 503.96
8969 499.96
8970 495.96
8938 491.96
9041 463.96
9042 459.96
9040 467.96
9043 455.96
9045 447.96
9046 443.96
9044 451.96
9047 439.96
856 171
857 167
858 163
859 159
9037 479.96
9036 483.96
9039 471.96
9038 475.96
849 203
850 199
848 207
851 191
852 187
853 183
854 179
855 175
9029 511.96
9028 515.96
841 235
842 231
843 227
844 223
845 219
846 215
847 211
840 239
9073 451.96
9072 455.96
9075 443.96
9076 439.96
9077 435.96
9049 431.96
9050 427.96
9020 423.96
8989 419.96
835 259
836 255
837 251
838 247
839 243
9074 447.96
9065 483.96
9064 487.96
9067 475.96
9066 479.96
9069 467.96
9070 463.96
9068 471.96
9071 459.96
9059 507.96
9031 503.96
9032 499.96
9002 495.96
8971 491.96
8972 487.96
8940 483.96
8907 479.96
8908 475.96
8909 471.96
9058 511.96
9063 491.96
9113 515.96
9087 511.96
9117 499.96
9118 495.96
9119 491.96
9093 487.96
876 80
954 76
1026 72
1096 68
1168 64
9104 443.96
9105 439.96
9097 471.96
9098 467.96
921 255
9096 475.96
920 259
9099 463.96
9100 459.96
9101 455.96
923 247
924 243
925 239
926 235
922 251
9103 447.96
927 231
9102 451.96
9091 495.96
9092 491.96
9095 479.96
9094 483.96
9145 499.96
9144 503.96
9147 491.96
9148 487.96
9121 483.96
9146 495.96
9149 483.96
9122 479.96
9151 475.96
9152 471.96
9153 467.96
9154 463.96
9127 459.96
9150 479.96
9141 515.96
9142 511.96
9143 507.96
9128 455.96
9130 447.96
9131 443.96
9133 439.96
9107 435.96
9079 431.96
945 90
946 86
9120 487.96
944 94
1016 90
1086 86
1159 81
1243 77
1327 73
1418 68
1515 64
1516 60
1610 56
1708 51
1799 47
1800 43
9123 475.96
9124 471.96
9125 467.96
9126 463.96
9177 475.96
9178 471.96
9179 467.96
9176 479.96
937 186
938 182
939 178
940 174
936 190
9181 459.96
9182 455.96
9183 451.96
9184 447.96
9159 443.96
9132 439.96
9106 435.96
9078 431.96
9180 463.96
9169 507.96
929 223
930 219
931 215
928 227
9171 499.96
9172 495.96
9173 491.96
9174 487.96
9175 483.96
9170 503.96
933 207
932 211
935 191.127
1010 187.127
1080 183.127
1153 178.127
1236 174.127
1319 170.127
1406 165.127
1502 158.127
1503 154.127
1597 150.127
1691 145.127
1692 141.127
1693 137.127
1694 133.127
1695 129.127
1696 125.127
1697 121.127
1698 117.127
1699 113.127
1700 109.127
1604 105.232
1605 101.232
1414 84
1415 80
1512 76
1606 72
1704 67
1705 63
1706 59
1707 55
1798 51
1881 47
1970 42
2061 38
2151 34
2152 30
2153 26
2239 22
2327 17
934 203
9155 459.96
9201 479.96
9200 483.96
9203 471.96
9204 467.96
9205 463.96
9206 459.96
9207 455.96
9202 475.96
9193 511.96
1017 86
1087 82
1160 77
1161 73
1245 69
1329 65
1420 60
1517 56
1611 52
1709 47
9195 503.96
1018 82
1088 78
9197 495.96
9198 491.96
9199 487.96
9196 499.96
1009 207
1008 211
1011 186.127
1081 182.127
1015 94
1085 90
1158 85
1014 98
1084 94
1157 89
9241 499.96
9242 495.96
9243 491.96
9244 487.96
9245 483.96
9246 479.96
9247 475.96
9226 471.96
1001 258
1000 262
1003 238
1004 234
1005 230
1006 226
1007 215
9225 475.96
9224 479.96
9227 467.96
9228 463.96
9219 499.96
9220 495.96
9221 491.96
9223 483.96
9222 487.96
1037 92
1104 88
1180 84
1263 80
1349 76
1439 72
1535 68
1628 64
1725 60
1815 56
1814 52
1896 48
1984 44
2074 40
2163 36
2162 32
2247 28
2246 24
2245 20
2332 16
2417 12
2501 8
1027 72
1028 72
1098 68
1170 64
1254 60
1337 56
1427 52
1523 48
1617 44
1714 40
1805 36
1888 32
1976 28
2067 24
2157 20
9249 467.96
1073 242
1074 238
1075 234
9248 471.96
1077 215
1076 230
1078 215
1097 68
1169 64
1253 60
1099 68
1171 64
1102 68
1258 60
1342 56
1432 52
1528 48
1621 44
1718 40
1809 36
1891 32
1979 28
2069 24
2159 20
2244 16
2331 12
2416 8
1145 231.127
1229 227.127
1230 223.127
1231 219.127
1232 215.127
1233 211.127
1316 207.127
1496 199.127
1590 195.127
1684 190.127
1778 186.127
1949 178.127
1866 172.127
1780 168.127
1781 164.127
1782 160.127
1783 156.127
1784 152.127
1785 148.127
1786 144.127
1787 140.127
1788 136.127
1789 132.127
1790 128.127
1791 124.127
1792 120.127
1793 116.127
1144 236
1146 225
1147 221
1143 240
1142 244
1183 96
1266 92
1352 88
1351 84
1441 80
1440 76
1536 72
1182 92
1265 88
1173 64
1256 60
1340 56
1430 52
1526 48
1620 44
1717 40
1807 36
1890 32
1978 28
2068 24
1172 64
1152 182.127
1156 93
1241 85
1325 81
1416 76
1513 72
1607 68
1242 81
1326 77
1417 72
9421 1996.92
9422 1898.92
9423 1800.92
9424 1702.92
9442 1527.92
9443 1428.92
9461 1293.92
9477 1187.92
9494 1080.92
9512 948.924
9531 841.924
9551 734.924
6006 545.924
6087 540.924
6163 536.924
6238 532.924
6313 527.924
6314 523.924
6315 519.924
6316 515.924
6317 511.924
6395 504.924
6474 497.924
6555 493.924
6635 488.924
6713 484.924
6714 480.924
6790 476.924
6863 471.924
6864 467.924
6936 463.924
7012 459.924
7083 454.924
7152 450.924
7217 446.924
7284 442.924
7352 437.924
7421 433.924
7487 429.924
9982 425.983
7556 420.968
7557 416.968
7558 412.968
7631 405.968
7704 401.968
7777 397.968
7851 392.968
7852 388.968
7925 384.968
7926 380.968
7927 376.968
7854 372.968
7855 368.968
7782 364.968
7709 360.968
7637 356.968
7638 352.968
7639 348.968
7566 344.968
7495 340.968
7496 336.968
7497 332.968
7498 328.968
7499 324.968
7500 320.968
7501 316.968
7435 312.968
7367 308.968
7298 304.968
7232 300.968
7166 296.968
7096 292.968
7097 288.968
7098 284.968
7027 280.968
7028 276.968
7029 272.968
6955 268.968
6885 264.968
6886 260.968
6887 256.968
6816 252.968
6741 248.968
6663 244.968
6664 240.968
6585 236.968
6503 232.968
6421 228.968
9420 2094.92
1244 73
1328 69
1419 64
1235 178.127
1234 182.127
1225 244
1224 248
1227 235.127
1228 231.127
1226 240
1221 295
1220 291
1305 287
1392 283
1484 279
1485 275
1486 271
1393 264
1306 258
1223 251
9462 1257.42
9939 1167.01
9478 1149.1
9942 1060.22
9495 1041.92
1222 299
1264 84
1269 104
1355 100
1354 96
1444 92
1540 88
1539 84
1538 80
1631 76
1728 72
1727 68
1726 64
1257 60
1259 64
1345 60
1435 56
1531 52
1530 48
1623 44
1720 40
1810 36
1892 32
1980 28
2070 24
9493 1135.92
9511 1002.92
9530 896.924
9550 790.924
9572 661.924
5928 564.924
1252 60
1255 60
1339 56
1429 52
1525 48
1619 44
1716 40
1806 36
1304 288
1307 255
1309 247.127
1310 243.127
1311 239.127
1308 251.127
9529 995.924
9528 1094.92
9532 837.924
9525 1983.16
9544 1881.16
9563 1788.16
9586 1686.16
9607 1584.16
9629 1492.16
9630 1395.16
9631 1298.16
9984 1246.57
9609 1166.97
9610 1066.97
9611 966.968
9612 866.968
9613 766.968
9614 666.968
7873 600.968
7800 596.968
7801 592.968
7802 588.968
7803 584.968
7876 580.968
7877 576.968
7878 572.968
7879 568.968
7880 564.968
7881 560.968
7882 556.968
7883 552.968
7884 548.968
7885 544.968
7886 540.968
7887 536.968
7888 532.968
7889 528.968
7890 524.968
7891 520.968
7892 516.968
7893 512.968
7894 508.968
7895 504.968
7896 500.968
7897 496.968
7898 492.968
7899 488.968
7900 484.968
7901 480.968
7902 476.968
7903 472.968
7904 468.968
7905 464.968
7906 460.968
7907 456.968
7908 452.968
7909 448.968
7910 444.968
7911 440.968
7912 436.968
7913 432.968
7914 428.968
7915 424.968
7916 420.968
7917 416.968
7918 412.968
7919 408.968
7920 404.968
7921 400.968
7922 396.968
7923 392.968
7924 388.968
9524 2078.16
9543 1976.16
9562 1883.16
9585 1782.16
9606 1681.16
9628 1589.16
9527 1193.92
9513 944.924
1336 56
1426 52
1338 56
1428 52
1341 56
1431 52
1527 48
1343 56
1433 52
9506 2179.16
9509 1198.92
9510 1100.92
9567 1151.92
9568 1053.92
9569 955.924
9570 857.924
9571 759.924
9566 1249.92
1312 235.127
1317 178.127
1404 173.127
1405 169.127
1318 174.127
9547 1089.92
9546 1188.92
9549 890.924
9548 989.924
9593 658.924
6911 606.924
6912 602.924
6913 598.924
6982 587.924
7051 582.924
7120 578.924
7121 574.924
7122 570.924
7123 566.924
7124 562.924
7189 558.924
7190 554.924
7191 550.924
7192 546.924
7259 542.924
7327 537.924
7328 533.924
7329 529.924
7398 525.924
7464 521.924
7465 517.924
7466 513.924
7467 509.924
7468 505.924
7469 501.924
7470 497.924
7471 493.924
7472 489.924
7473 485.924
7474 481.924
7475 477.924
7476 473.924
7477 469.924
7478 465.924
7479 461.924
7480 457.924
7481 453.924
7482 449.924
7483 445.924
7484 441.924
7485 437.924
7486 433.924
9592 757.924
9595 505
9574 396
3392 312
3297 305
3107 290
3011 283
2908 272
2818 264
2732 259
2648 252
2647 248
2646 244
2645 240
2644 236
2643 232
2642 228
2641 224
2640 220
2639 216
2638 212
2637 208
2636 204
2635 200
2634 196
2633 192
2632 188
2631 184
2630 180
2629 176
2628 172
2627 168
2626 164
2625 160
2624 156
2623 152
2622 148
2621 144
2620 140
2619 136
2618 132
2617 128
2616 124
2615 120
2614 116
2613 112
2612 108
2611 104
2610 100
2609 96
2608 92
2607 88
2606 84
2605 80
2604 76
2603 72
2602 68
2601 64
2600 60
2599 56
2598 52
2597 48
2596 44
2595 40
2594 36
2593 32
2592 28
2591 24
2590 20
2589 16
2588 12
2587 8
2586 4
9594 406
5374 332
5286 328
5203 323
5123 319
5122 315
5121 311
5039 307
4955 302
4954 298
4869 294
4782 290
4693 285
4692 281
4691 277
4605 273
4518 269
4429 265
4337 260
4245 256
4152 252
4062 247
3972 243
3883 239
3795 235
3707 230
3623 226
3537 222
3451 217
3450 213
3449 209
3448 205
3447 201
3446 197
3445 193
3444 189
3443 185
3442 181
3441 177
3440 173
3439 169
3438 165
3437 161
3436 157
3435 153
3434 149
3433 145
3432 141
3431 137
3430 133
3429 129
3428 125
3427 121
3426 117
3425 113
3424 109
3423 105
3339 101
3338 97
3337 93
3336 89
3335 85
3334 81
3333 77
3332 73
3331 69
3330 65
3329 61
3328 57
3327 53
3326 49
3325 45
3324 41
3323 37
3229 30
3138 25
3046 21
2951 17
2850 13
2761 8
2672 4
1357 108
1356 104
1359 116
1358 112
1448 108
1544 104
1637 100
1636 96
1635 92
1634 88
1731 84
1730 80
1729 76
1347 68
1437 64
1533 60
1532 56
1625 52
1624 48
1346 64
1436 60
9589 1054.92
9590 955.924
9591 856.924
9588 1153.92
1348 72
1438 68
1350 80
1401 230.127
1314 226.127
1315 222.127
1400 234.127
1403 202.127
1497 198.127
1591 194.127
1402 226.127
1395 259
1394 262
9573 186.004
4102 182.004
4287 174.004
4378 169.004
4468 162.004
4556 158.004
4726 146.004
9909 141.892
1397 251.127
1396 255.127
1399 238.127
1398 245.127
1391 287
1483 283
9617 508
9616 409
7111 344
7110 340
7109 336
7108 332
7038 324
7037 320
6967 313
6966 309
6965 305
6964 301
6896 294
6828 289
6827 285
6754 281
6753 277
6677 273
6599 268
6519 264
6437 260
6359 256
6282 251
6207 247
6131 243
6055 238
5974 234
5973 230
5900 226
5899 222
5898 218
5824 214
5749 209
5673 205
5672 201
5592 197
5515 192
5514 188
5428 184
5336 180
5248 176
5165 171
5164 167
5084 163
5002 159
4918 154
4917 150
4916 146
4831 142
4744 138
4655 133
4569 129
4482 125
4393 121
4301 116
4209 112
4116 108
4026 103
3936 99
3847 95
3759 91
3671 86
3587 82
3501 78
3415 73
1434 52
9657 908.968
9636 805.968
9656 1005.97
9635 902.968
9658 1006.97
9661 610.756
9638 502.756
10125 488.172
9660 539
9637 431
9615 338
6824 279
6751 275
6675 271
6598 267
6518 263
6436 259
6358 255
9655 1103.97
9634 999.968
9654 1200.97
9633 1096.97
9639 524
1449 112
1545 108
9681 647
9680 1013.97
9682 718.756
1445 96
1447 104
1446 100
1499 170.127
1593 166.127
1687 161.127
1688 157.127
1689 153.127
1690 149.127
1498 174.127
9677 1278.44
10128 1179.03
1500 166.127
1501 162.127
1595 158.127
9679 1011.97
9678 1108.97
1491 253.127
1492 249.127
1490 259.127
1493 244.127
1494 240.127
1495 203.127
9721 1206.97
9700 1102.97
9720 1204.97
1482 295
1579 291
1580 287
1487 268
1529 48
1622 44
1719 40
1534 64
9699 1199.97
9701 1104.97
1524 48
1514 68
1511 80
9742 1384.97
9741 1285.97
1553 140
1552 136
1551 132
1644 128
1643 124
1740 120
1739 116
1738 112
1828 108
1910 104
1909 100
1997 96
2087 92
2086 88
2085 84
2174 80
2259 76
2346 72
2431 68
2430 64
2429 60
2513 56
1555 148
1648 144
1745 140
1744 136
1834 132
1916 128
2004 124
2094 120
2183 116
2268 112
2355 108
2440 104
2524 100
1554 144
1556 152
1649 148
1546 112
1549 124
1548 120
1547 116
1640 112
1737 108
1827 104
1550 128
1537 76
1541 92
9782 1612.97
9781 1515.97
9761 1389.97
1543 100
1542 96
1592 170.127
1686 165.127
1585 269.723
1586 265.723
1587 261.723
1588 257.723
9901 256.737
1584 272
9762 1489.97
1589 199.127
9819 1681.97
9799 1578.97
9779 1477.97
9760 1387.97
9818 1680.97
9821 1687.97
9801 1583.97
9780 1479.97
1581 283
1582 279
1583 275
9820 1684.97
9800 1580.97
9823 1400.22
9804 1303.22
9784 1206.22
9763 1093.76
9744 996.764
9723 899.764
10126 806.03
9702 721
9822 1723.97
9802 1619.97
1627 60
1724 56
1626 56
1630 72
1618 44
1715 40
9798 1601.97
9778 1499.97
9759 1409.97
9740 1307.97
1609 60
1608 64
9844 937.274
9833 920.211
10024 885.552
9830 845.462
9871 795.121
9829 738.435
9912 701.523
9828 670.204
9927 627.736
9827 588.864
9897 573.143
1657 180
1754 176
1844 172
1843 168
1925 164
2013 160
2103 156
2102 152
2101 148
2190 144
2275 140
2362 136
2361 132
2446 128
2445 124
2444 120
2528 116
1656 176
1655 172
1654 168
1751 164
1750 160
1840 156
1839 152
1921 148
2009 144
2099 140
2188 136
2273 132
2360 128
9835 892.134
9879 879.566
9834 954.825
9843 920.947
1658 184
1755 180
9836 775.24
9904 734.851
9826 335.887
6240 323.968
6241 319.968
6167 315.968
6168 311.968
6169 307.968
6170 303.968
6171 299.968
6172 295.968
6095 291.968
6015 287.968
5936 283.968
5862 279.968
5788 275.968
5713 271.968
5634 267.968
5558 263.968
5473 259.968
5383 255.968
5292 251.968
5206 244.968
5207 240.968
5208 236.968
5209 232.968
5130 228.968
5131 224.968
5132 220.968
5133 216.968
5134 212.968
5053 208.968
4970 204.968
4886 200.968
4801 196.968
4802 192.968
4803 188.968
4804 184.968
4805 180.968
4806 176.968
4807 172.968
4808 168.968
4809 164.968
4810 160.968
4811 156.968
4812 152.968
4813 148.968
1651 156
1650 152
1747 148
1837 144
1836 140
1918 136
1917 132
1653 164
9831 939.111
10007 887.972
1652 160
1749 156
1748 152
9881 93.581
1642 120
9885 177.566
1645 132
1647 140
1646 136
1633 84
1632 80
1639 108
1736 104
1735 100
1734 96
1733 92
1732 88
1638 104
9866 240.646
604 231
1683 191.127
1777 187.127
1865 183.127
1685 169.127
9913 133.263
1673 291
9915 181.149
4194 178.004
1675 283
9914 312.422
9825 303.519
5627 295.968
5551 291.968
5466 287.968
5376 283.968
5377 279.968
5378 275.968
5379 271.968
5380 267.968
5381 263.968
5382 259.968
1674 287
9917 458.848
7084 453.924
7153 449.924
7218 445.924
7285 441.924
1677 276
9916 679.66
1676 279
9919 648.387
9918 188.288
1678 273.723
9905 257.939
9906 113.043
9908 125.612
3249 123
3248 119
3340 112
9911 526.743
9910 241.442
5046 236.968
5047 232.968
4964 228.968
4880 224.968
4795 220.968
4796 216.968
4797 212.968
4798 208.968
4799 204.968
4800 200.968
1721 44
9896 114.14
9899 273.383
2823 269.567
2824 265.567
2917 261.567
2918 257.567
3020 253.567
3021 249.567
3022 245.567
3023 241.567
3024 237.567
10073 234.251
3025 232.127
2923 228.127
2739 218.127
2740 214.127
2652 210.127
2653 206.127
2654 202.127
2655 198.127
2568 194.127
2484 190.127
2398 186.127
2399 182.127
2312 175.127
2135 167.127
2044 160.127
1955 156.127
1871 152.127
1872 148.127
1723 52
1813 48
1895 44
1983 40
2073 36
1722 48
1812 44
1894 40
1982 36
2072 32
2071 28
2160 24
9900 472.737
6794 469.924
7014 457.924
9903 83.36
9902 651.224
9893 297.499
9895 281.357
4170 274.004
4171 270.004
4172 266.004
4173 262.004
4174 258.004
4175 254.004
4268 250.004
4359 245.004
4360 241.004
4361 237.004
4362 233.004
4363 229.004
4364 225.004
4365 221.004
4366 217.004
4367 213.004
4368 209.004
4369 205.004
4370 201.004
4371 197.004
4372 193.004
4373 189.004
4374 185.004
4375 181.004
4376 177.004
4377 173.004
9894 341.589
9945 369.933
9944 240.249
1769 236
1859 232
1941 228
2029 224
2028 220
2118 216
2207 212
2292 208
2379 204
2464 200
2463 196
2462 192
2461 188
2545 184
9946 221.999
918 220
996 216
995 212
994 208
1066 204
1132 200
1208 196
1207 192
1290 188
1376 184
1375 180
1465 176
1561 172
9949 222.44
6428 213.968
6350 209.968
6273 205.968
6199 201.968
6121 197.968
6041 193.968
5961 189.968
5888 185.968
5814 181.968
5739 177.968
5659 173.968
5583 169.968
5498 165.968
5407 161.968
5316 157.968
5229 153.968
5069 145.968
4986 141.968
4902 137.968
4817 133.968
9948 390.453
8665 383.968
9951 443.155
9936 1119.7
9938 1064.62
9943 678.635
1702 95
1794 88
1879 84
1963 78
2052 74
2053 70
2143 66
2144 62
2230 58
2318 53
2319 49
2405 45
2406 41
2491 37
2577 32
2578 28
2579 24
1753 172
9928 98.824
4104 98
1752 168
9933 1073.01
1757 188
1756 184
1758 192
9920 155.699
9923 140.862
2972 135.999
10101 131.112
2783 128
2698 124
1746 144
9924 113.454
9926 201.665
9976 585.544
6005 549.924
6086 544.924
6162 540.924
6237 536.924
6312 531.924
9979 95.307
2782 92
2693 88
9981 1964.41
1741 124
1743 132
1742 128
9968 470.819
9270 464.773
10129 463.492
9252 459.96
9231 455.96
9208 451.96
9971 308.932
7871 304.968
7798 300.968
7725 296.968
9973 487.911
9972 241.337
6893 238.497
10082 235.237
6747 229.968
6668 225.968
6589 221.968
6507 217.968
6425 213.968
6347 209.968
6270 205.968
6196 201.968
6119 197.968
6039 193.968
5959 189.968
5886 185.968
5812 181.968
5737 177.968
5658 173.968
5582 169.968
5497 165.968
9975 43.054
9974 437.415
9960 146.254
5070 142
4987 138
4903 134
4818 130
4730 126
9967 359.876
9966 96.815
3845 93
3757 89
3586 81
3500 77
9952 443.986
9954 321.147
9956 187.682
5669 183
5510 175
5424 171
5332 167
5244 163
5161 158
5081 154
4999 150
4915 145
4830 141
4743 137
4654 132
4568 128
4481 124
4392 120
4300 115
4208 111
4115 107
4025 102
3935 98
3846 94
3758 90
3670 85
9959 399.921
10009 1158.3
10008 379.826
7853 376.968
1771 287
1770 240
1773 280
1772 283
1775 273.723
1679 269.723
1774 277.723
10005 60.018
1797 55
1880 51
1969 46
2060 42
1817 64
1899 60
1987 56
2077 52
2166 48
2251 44
2250 40
2249 36
2336 32
2335 28
2420 24
2504 20
2503 16
2502 12
1816 60
1819 72
1818 68
1821 80
1820 76
1902 72
1990 68
1989 64
1988 60
2078 56
2167 52
9999 98.34
964 96
1808 36
1811 40
1893 36
10041 304.54
2478 302.162
2734 285.567
2735 281.567
2736 277.567
2737 273.567
10040 595.21
6007 543.276
6164 533.276
6239 529.276
10043 261.51
10042 282.532
3393 280.127
3394 276.127
3395 272.127
3301 268.127
3205 264.127
3206 260.127
3112 256.127
3113 252.127
3114 248.127
3115 244.127
3116 240.127
3117 236.127
10045 1270.64
10044 130.69
10047 379.877
10046 794.23
10033 266.8
10032 1179.87
10035 331.005
7090 329.968
7019 324.968
6943 320.968
6944 316.968
6873 312.968
6802 308.968
6727 304.968
6649 300.968
6570 296.968
6488 292.968
6406 288.968
6328 284.968
6329 280.968
6330 276.968
6331 272.968
6332 268.968
6255 264.968
6256 260.968
6257 256.968
6258 252.968
6259 248.968
6185 244.968
6108 240.968
6028 236.968
6029 232.968
5949 228.968
5876 224.968
5877 220.968
5803 216.968
5804 212.968
5805 208.968
5730 204.968
5731 200.968
5652 196.968
5653 192.968
5654 188.968
5578 184.968
5493 180.968
5403 176.968
10034 330.938
10037 200.41
10036 245.616
10039 1922.77
10038 236.55
10027 290.063
1861 287
10026 326.522
1850 196
1849 192
1931 188
2019 184
2018 180
2017 176
2016 172
2015 168
2014 164
10029 109.575
10028 1001.37
10031 167.349
2043 164.127
10030 93.138
1841 160
1842 164
1924 160
2012 156
2011 152
1845 176
1846 180
1833 128
1915 124
2003 120
2002 116
2092 112
2181 108
2266 104
2353 100
2352 96
2351 92
2350 88
2349 84
2348 80
2347 76
2432 72
2516 68
10072 224.907
3124 218.127
3031 214.127
2928 210.127
2831 206.127
2743 202.127
1832 124
1831 120
1830 116
1912 112
2000 108
1999 104
2089 100
2178 96
2263 92
10075 166.348
1953 164.127
1954 160.127
1870 156.127
1835 136
10074 207.891
1838 148
10065 180.909
10064 83.742
3749 82
10067 254.908
4358 249.004
10066 180.624
10069 288.786
3478 286.126
1829 112
10068 232.11
3829 230.004
3918 226.004
4006 222.004
4095 218.004
4185 214.004
4278 210.004
10071 240.221
5873 236.968
5799 232.968
5724 228.968
5645 224.968
5569 220.968
5484 216.968
5485 212.968
5395 208.968
5304 204.968
5217 200.968
5138 196.968
5139 192.968
5058 188.968
5059 184.968
4976 180.968
4892 176.968
10070 356.475
7286 352.968
7287 348.968
7221 344.968
7222 340.968
7157 336.968
7158 332.968
7089 328.968
10057 209.498
3580 206.029
3747 198.004
3836 194.004
3926 190.004
4014 186.004
10056 285.192
1863 280.723
10059 115.685
1883 39
1972 34
1882 43
1971 38
10061 217.861
10060 215.316
2563 212.127
2394 202.127
2306 198.127
2307 194.127
2220 190.127
2130 186.127
2038 182.127
10063 490.706
6712 488.924
6788 484.924
6861 479.924
6862 475.924
6934 471.924
7010 467.924
7081 462.924
7150 458.924
7215 454.924
7282 450.924
7350 445.924
7351 441.924
10062 499.178
6475 493.924
6556 489.924
6636 484.924
6637 480.924
6715 476.924
6791 472.924
10049 59.97
1873 144.127
10048 236.714
10051 586.131
10050 58.144
2487 53
2573 48
2574 44
2575 40
2576 36
10053 361.657
7354 358.968
10055 591.76
10054 95.35
1864 187.127
1948 182.127
1860 236
1862 284
1913 116
1914 120
1919 140
1905 84
1904 80
1903 76
1911 108
1897 52
1898 56
1986 52
1985 48
1901 68
1900 64
1889 32
1977 28
1945 292
1946 288
1944 292.937
1947 284.723
1951 172.127
1952 168.127
1868 164.127
1950 176.127
1939 220
2027 216
2026 212
2116 208
2115 204
2204 200
2289 196
2376 192
1929 180
1928 176
1930 184
1920 144
1923 156
1922 152
1927 172
1926 168
1981 32
1968 50
1965 62
2056 58
2057 54
2147 50
2148 46
2234 42
2322 37
2408 33
2409 29
2410 25
2495 21
1967 54
1966 58
2008 140
2007 136
2006 132
2005 128
2010 148
2001 112
1992 76
1991 72
1994 84
1993 80
1998 100
2041 172.127
2042 168.127
2040 176.127
2033 296.937
2035 292
2034 296
2037 186.127
2036 288.723
2039 180.127
2024 204
2023 200
2022 196
2021 192
2020 188
2075 44
2076 48
2165 44
2079 60
2059 46
2063 30
2062 34
2055 62
2105 164
2104 160
2107 172
2196 168
2281 164
2368 160
2367 156
2366 152
2365 148
2364 144
2363 140
2106 168
2109 180
2198 176
2283 172
2370 168
2369 164
2454 160
2538 156
2108 176
2110 184
2199 180
2284 176
2097 132
2096 128
2095 124
2098 136
2187 132
2272 128
2359 124
2100 144
2088 96
2091 108
2180 104
2179 100
2093 116
2081 68
2080 64
2083 76
2082 72
2084 80
2129 190.127
2128 292.723
2131 184.127
2133 176.127
2134 172.127
2132 180.127
2125 300.937
2127 296
2126 300
2113 196
2112 192
2201 188
2286 184
2373 180
2372 176
2371 172
2169 60
2168 56
2171 68
2170 64
2173 76
2258 72
2345 68
2344 64
2172 72
2175 84
2161 28
2164 40
2158 20
2145 58
2231 54
2146 54
2150 38
2193 156
2278 152
2192 152
2277 148
2195 164
2280 160
2194 160
2197 172
2185 124
2184 120
2186 128
2271 124
2270 120
2357 116
2356 112
2189 140
2274 136
2191 148
2176 88
2182 112
2233 46
2321 41
2232 50
2320 45
2235 38
2323 33
2237 30
2325 25
2326 21
2236 34
2324 29
2238 26
2225 171.127
2224 175.127
2229 62
2317 57
2403 53
2488 49
2228 66
2316 61
2402 57
2217 304
2216 304.937
2219 194.127
2218 300
2221 187.127
2222 183.127
2223 179.127
2267 108
2269 116
2257 68
2256 64
2343 60
2342 56
2341 52
2340 48
2339 44
2424 40
2508 36
2261 84
2260 80
2248 32
2253 52
2252 48
2255 60
2254 56
2243 16
2330 12
2282 168
2285 180
2276 144
2279 156
2333 20
2334 24
2315 65
2305 304
2304 308
2309 187.127
2308 191.127
2311 179.127
2310 183.127
2354 104
2358 120
2337 36
2338 40
2393 313.162
2479 306.162
2392 308
2395 198.127
2397 190.127
2396 194.127
2387 236
2386 232
2385 228
2470 224
2554 220
2553 216
2552 212
2375 188
2374 184
2425 44
2427 52
2426 48
2428 56
2419 20
2421 28
2423 36
2507 32
2422 32
2506 28
2401 61
2404 49
2489 45
2407 37
2457 172
2456 168
2455 164
2459 180
2543 176
2458 176
2460 184
2544 180
2449 140
2448 136
2447 132
2451 148
2450 144
2453 156
2452 152
2441 108
2443 116
2442 112
2526 108
2525 104
2433 76
2490 41
2493 29
2492 33
2481 202.127
2482 198.127
2483 194.127
2480 206.127
2485 190.127
2486 57
2572 52
2520 84
2523 96
2522 92
2521 88
2512 52
2511 48
2515 64
2514 60
2517 72
2519 80
2518 76
2505 24
2509 40
2510 44
2498 9
2537 152
2536 148
2539 160
2541 168
2540 164
2542 172
2529 120
2531 128
2530 124
2533 136
2532 132
2535 144
2534 140
2569 194.127
2570 195.127
2565 206.127
2564 210.127
2567 198.127
2566 202.127
2649 284.567
2650 280.567
2651 214.127
2681 40
2680 36
2679 32
2683 48
2682 44
2685 56
2684 52
2687 64
2686 60
2673 8
2675 16
2674 12
2677 24
2676 20
2678 28
2671 4
2670 8
2657 198.127
2656 198.127
2659 52
2661 44
2662 40
2663 36
2664 32
2660 48
2713 184
2712 180
2711 176
2710 172
2709 168
2708 164
2707 160
2705 152
2704 148
2706 156
2699 128
2701 136
2700 132
2703 144
2702 140
2689 72
2688 68
2691 80
2690 76
2692 84
2694 92
2745 202.127
2747 56
2748 52
2749 48
2750 44
2751 40
2752 36
2746 202.127
2741 210.127
2742 206.127
2733 289.567
2777 72
2776 68
2779 80
2778 76
2781 88
2780 84
2769 40
2768 36
2771 48
2770 44
2773 56
2772 52
2775 64
2774 60
2763 16
2762 12
2765 24
2764 20
2767 32
2766 28
2793 164
2792 160
2791 156
2795 172
2794 168
2797 180
2796 176
2799 188
2798 184
2785 132
2784 128
2787 140
2786 136
2789 148
2788 144
2790 152
2840 40
2845 20
2757 16
2758 12
2835 60
2837 52
2836 56
2839 44
2838 48
2827 222.127
2828 218.127
2829 214.127
2830 210.127
2822 273.567
2873 133
2872 132
2875 141
2874 137
2877 149
2876 145
2879 157
2878 153
2865 73
2864 69
2867 81
2866 77
2869 89
2868 85
2871 97
2870 93
2857 41
2856 37
2859 49
2858 45
2861 57
2860 53
2863 65
2862 61
2855 33
2854 29
2909 292.567
2910 288.567
2911 284.567
3014 277.567
3015 273.567
3016 269.567
3017 265.567
3018 261.567
3019 257.567
2888 193
2881 165
2880 161
2883 173
2882 169
2885 181
2884 177
2887 189
2886 185
2930 210.127
2832 206.127
2744 202.127
2933 69
2834 62
2932 73
2935 64
2921 240.584
2922 236.584
2925 222.127
2924 226.127
2927 214.127
2926 218.127
2913 277.567
2914 273.567
2912 281.567
2915 269.567
2969 89
2968 85
2967 81
2966 77
2971 97
2970 93
2973 136
2975 141
2974 137
2961 57
2960 53
2963 65
2962 61
2965 73
2964 69
2952 21
2955 33
2957 41
2956 37
2959 49
2958 45
2946 20
2846 16
2847 12
2759 8
2985 181
2984 177
2987 189
2986 185
2989 197
2988 193
2977 149
2976 145
2979 157
2978 153
2981 165
2980 161
2983 173
2982 169
3033 214.127
3032 214.127
2929 210.127
3035 77
3034 81
2931 77
3036 73
3039 64
3040 60
2937 56
3027 226.127
3028 222.127
3029 218.127
3030 214.127
3026 230.127
3013 295.567
3012 299.567
3065 97
3064 93
3067 139.999
3066 139.999
3069 141
3068 140
3071 149
3070 145
3057 65
3056 61
3055 57
3054 53
3053 49
3052 45
3051 41
3059 73
3058 69
3061 81
3060 77
3063 89
3062 85
3049 33
3048 29
3047 25
3050 37
3081 189
3080 185
3079 181
3083 197
3082 193
3084 201
3073 157
3072 153
3075 165
3074 161
3077 173
3076 169
3078 177
3121 222.127
3120 226.127
3127 74
3037 70
2934 66
3119 230.127
3118 234.127
3109 268.127
3110 264.127
3111 260.127
3108 272.127
3161 143.999
3160 141
3159 137
3158 133
3157 129
3163 145
3162 144
3165 153
3164 149
3167 161
3166 157
3152 81
3151 77
3150 73
3155 93
3154 89
3156 97
3145 53
3144 49
3143 45
3147 61
3146 57
3149 69
3148 65
3141 37
3140 33
3139 29
3142 41
3177 201
3176 197
3178 205
3169 169
3168 165
3171 177
3170 173
3173 185
3172 181
3175 193
3174 189
3231 38
3219 78
3218 81
3126 77
3220 76
3128 72
3129 68
3130 64
3131 60
3132 56
3042 52
3209 248.127
3210 244.127
3211 240.127
3208 252.127
3213 234.127
3212 238.127
3203 272.127
3204 268.127
3207 256.127
3257 150
3256 149
3259 158
3258 154
3261 166
3260 162
3263 174
3262 170
3251 131
3250 127
3253 139
3252 135
3255 147
3254 143
3241 78
3240 74
3245 94
3244 90
3153 85
3246 98
3233 46
3232 42
3239 70
3238 66
3272 210
3275 222
3181 217
3087 213
2992 209
2891 205
2802 200
2716 196
2715 192
3265 182
3264 178
3267 190
3266 186
3269 198
3268 194
3271 206
3270 202
3305 248.127
3304 252.127
3307 242.127
3306 244.127
3309 234.127
3310 230.127
3311 226.127
3216 222.127
3122 218.127
3308 238.127
3299 276.127
3300 272.127
3298 280.127
3303 256.127
3353 162
3352 158
3355 170
3354 166
3357 178
3356 174
3359 186
3358 182
3345 132
3344 128
3343 124
3342 120
3341 116
3346 136
3349 148
3348 144
3347 140
3351 154
3350 152
3361 194
3360 190
3363 202
3362 198
3365 210
3364 206
3417 81
3416 77
3419 89
3418 85
3421 97
3420 93
3422 101
3408 68
3318 64
3224 60
3401 248.127
3402 246.127
3403 242.127
3404 238.127
3405 234.127
3399 256.127
3453 225
3452 221
3481 276.127
3482 272.127
3483 268.127
3484 264.127
3485 260.127
3486 256.127
3400 252.127
3487 250.127
3488 246.127
3489 242.127
3477 290.126
3513 126
3512 122
3515 134
3514 130
3517 142
3516 138
3519 150
3518 146
3505 94
3504 90
3507 102
3506 98
3509 110
3508 106
3510 114
3503 86
3502 82
3492 243.127
3491 239.127
3529 190
3528 186
3531 198
3530 194
3533 206
3532 202
3535 214
3534 210
3521 158
3520 154
3523 166
3522 162
3525 174
3524 170
3527 182
3526 178
3579 210.029
3581 210.029
3561 317
3475 312
3390 307
3296 302
3202 297
3564 272.127
3565 268.127
3566 264.127
3609 170
3608 166
3611 178
3610 174
3613 186
3612 182
3615 194
3614 190
3601 138
3600 134
3603 146
3602 142
3605 154
3604 150
3607 162
3606 158
3593 106
3592 102
3591 98
3595 114
3594 110
3597 122
3511 118
3596 118
3599 130
3598 126
3589 90
3588 86
3590 94
3624 230
3617 202
3616 198
3619 210
3618 206
3620 214
3673 94
3672 90
3675 102
3674 98
3677 110
3676 106
3679 118
3678 114
3651 264.127
3567 260.127
3705 222
3704 218
3697 190
3696 186
3695 182
3699 198
3698 194
3701 206
3700 202
3703 214
3702 210
3689 158
3688 154
3691 166
3690 162
3693 174
3692 170
3694 178
3681 126
3680 122
3683 134
3682 130
3685 142
3684 138
3687 150
3686 146
3741 235.004
3827 231.004
3916 227.004
4005 223.004
3742 235.135
3730 279.004
3731 275.004
3732 271.004
3820 267.004
3907 263.004
3996 259.004
4086 254.004
4087 250.004
4177 246.004
4270 242.004
3733 268.127
3734 268.127
3652 264.127
3769 131
3768 127
3771 139
3770 135
3773 147
3772 143
3775 155
3774 151
3761 99
3760 95
3763 107
3762 103
3765 115
3764 111
3767 123
3766 119
3753 80
3667 76
3583 72
3499 68
3411 64
3320 60
3752 80
3666 76
3498 68
3410 64
3746 202.004
3748 198.004
3751 80
3793 227
3792 223
3796 239
3708 234
3785 195
3784 191
3787 203
3786 199
3789 211
3788 207
3791 219
3790 215
3777 163
3776 159
3779 171
3778 167
3781 179
3780 175
3783 187
3782 183
3833 236.004
3832 232.004
3920 228.004
4008 224.004
4096 218.004
3835 194.004
3925 190.004
3834 240.004
3922 236.004
3921 232.004
3837 194.004
3838 86
3825 239.004
3826 235.004
3915 231.004
3828 234.324
3819 275.004
3905 271.004
3994 267.004
4084 262.004
3821 255.004
3822 251.004
3911 247.004
3912 243.004
4001 239.004
4091 234.004
4092 230.004
4182 226.004
4275 222.004
3865 167
3864 163
3863 159
3867 175
3866 171
3869 183
3868 179
3871 191
3870 187
3857 135
3856 131
3859 143
3858 139
3861 151
3860 147
3862 155
3849 103
3848 99
3851 111
3850 107
3853 119
3852 115
3855 127
3854 123
3841 84
3840 84
3889 263
3888 259
3800 255
3712 250
3628 246
3542 242
3456 237
3455 233
3454 229
3881 231
3880 227
3879 223
3882 235
3885 247
3797 243
3709 238
3625 234
3884 243
3887 255
3799 251
3711 246
3627 242
3541 238
3886 251
3873 199
3872 195
3875 207
3874 203
3877 215
3876 211
3878 219
3929 88
3930 88
3932 100.387
3923 240.004
3924 191.004
4013 187.004
3914 235.004
3904 275.004
3909 255.004
3998 251.004
4088 246.004
4089 242.004
4090 238.004
4180 234.004
4273 230.004
3961 199
3960 195
3963 207
3962 203
3965 215
3964 211
3967 223
3966 219
3953 167
3952 163
3955 175
3954 171
3957 183
3956 179
3959 191
3958 187
3945 135
3944 131
3947 143
3946 139
3949 151
3948 147
3951 159
3950 155
3943 127
3992 275.004
4082 270.004
4083 266.004
3977 263
3976 259
3979 271
3978 267
3969 231
3968 227
3971 239
3970 235
3973 247
3975 255
3974 251
4024 101
3934 97
4031 123
3941 119
4017 92
4019 92
4018 92
4023 101
3933 97
4011 236.004
4010 232.004
4009 228.004
4000 243.004
4003 231.004
4093 226.004
4094 222.004
4184 218.004
4277 214.004
4004 227.004
4057 227
4056 223
4055 219
4054 215
4053 211
4059 235
4058 231
4061 243
4060 239
4063 251
4049 195
4048 191
4047 187
4046 183
4045 179
4051 203
4050 199
4052 207
4041 163
4040 159
4039 155
4038 151
4037 147
4036 143
4035 139
4043 171
4042 167
4044 175
4033 131
4032 127
4034 135
4065 259
4064 255
4067 267
4066 263
4069 275
4068 271
4071 283
3981 279
3892 275
3804 271
3716 266
3632 262
3546 258
3460 253
3459 249
3458 245
3457 241
4070 279
3980 275
3891 271
3803 267
3715 262
3714 258
3630 254
3544 250
4121 128
4123 136
4122 132
4112 105
4106 96
4108 96
4111 105
4022 101
4097 206.004
4098 202.004
4189 198.004
4282 194.004
4101 186.004
4153 256
4155 264
4154 260
4157 272
4156 268
4159 280
4158 276
4145 224
4144 220
4149 240
4148 236
4151 248
4150 244
4137 192
4136 188
4139 200
4138 196
4141 208
4140 204
4143 216
4142 212
4131 168
4130 164
4133 176
4132 172
4135 184
4134 180
4187 206.004
4188 202.004
4281 198.004
4186 210.004
4190 194.004
4283 190.004
4183 222.004
4276 218.004
4161 288
4160 284
4162 292
4072 287
3982 283
4216 140
4215 136
4214 132
4213 128
4120 124
4030 119
4029 115
4028 111
4027 107
4203 109
4195 102
4198 100
4107 96
4249 272
4248 268
4251 280
4250 276
4253 288
4252 284
4255 296
4254 292
4241 240
4240 236
4239 232
4238 228
4243 248
4242 244
4244 252
4247 264
4246 260
4233 208
4232 204
4235 216
4234 212
4237 224
4236 220
4224 172
4223 168
4227 184
4226 180
4229 192
4228 188
4231 200
4230 196
4280 202.004
4272 234.004
4274 226.004
4279 206.004
4265 270.004
4264 274.004
4266 266.004
4256 300
4263 278.004
4262 324
4261 320
4168 316
4078 311
4077 307
3987 303
3986 299
3985 295
3984 291
3983 287
4317 180
4225 176
4316 176
4315 172
4319 188
4318 184
4305 132
4290 104
4295 113
4294 113
4345 292
4344 288
4343 284
4347 300
4346 296
4348 304
4336 256
4335 252
4339 268
4338 264
4341 276
4340 272
4342 280
4329 228
4328 224
4333 244
4334 248
4320 192
4323 204
4322 200
4325 212
4324 208
4327 220
4326 216
4355 276.004
4354 280.004
4357 253.004
4409 185
4408 181
4411 193
4410 189
4413 201
4321 196
4412 197
4415 209
4414 205
4395 129
4303 124
4211 120
4118 116
4394 125
4302 120
4387 117
4296 113
4204 109
4388 117
4297 113
4206 109
4113 105
4441 313
4349 308
4257 304
4164 300
4074 295
4440 309
4442 317
4350 312
4445 280.004
4444 325
4352 320
4351 316
4447 253.004
4433 281
4432 277
4435 289
4434 285
4437 297
4436 293
4438 301
4431 273
4430 269
4417 217
4416 213
4419 225
4418 221
4421 233
4420 229
4465 174.004
4466 170.004
4467 166.004
4555 162.004
4641 158.004
4642 154.004
4464 178.004
4459 198.004
4460 194.004
4461 190.004
4462 186.004
4550 182.004
4551 178.004
4637 174.004
4638 170.004
4639 166.004
4640 162.004
4463 182.004
4449 238.004
4537 234.004
4623 230.004
4624 226.004
4625 222.004
4626 218.004
4627 214.004
4628 210.004
4629 206.004
4630 202.004
4631 198.004
4632 194.004
4633 190.004
4634 186.004
4635 182.004
4636 178.004
4448 242.004
4451 230.004
4452 226.004
4453 222.004
4454 218.004
4455 214.004
4456 210.004
4457 206.004
4545 202.004
4450 234.004
4505 217
4504 213
4503 209
4507 225
4506 221
4508 229
4497 185
4499 193
4498 189
4501 201
4500 197
4502 205
4488 149
4487 145
4398 141
4306 136
4485 137
4396 133
4304 128
4212 124
4484 133
4486 141
4397 137
4536 238.004
4622 234.004
4539 226.004
4538 230.004
4541 218.004
4542 214.004
4540 222.004
4529 313
4528 309
4439 305
4531 321
4530 317
4533 284.004
4532 325
4443 321
4534 288.004
4521 281
4523 289
4522 285
4525 297
4524 293
4527 305
4526 301
4571 137
4570 133
4573 145
4572 141
4575 153
4574 149
4553 170.004
4554 166.004
4552 174.004
4546 198.004
4547 194.004
4548 190.004
4549 186.004
4593 225
4592 221
4595 233
4594 229
4596 237
4509 233
4587 201
4586 197
4585 193
4584 189
4589 209
4588 205
4591 217
4590 213
4576 157
4617 321
4616 317
4619 288.004
4618 325
4621 238.004
4609 289
4611 297
4610 293
4613 305
4612 301
4615 313
4614 309
4657 141
4656 137
4659 149
4658 145
4660 153
4697 301
4699 309
4698 305
4701 317
4700 313
4702 321
4681 237
4680 233
4679 229
4683 245
4597 241
4510 237
4682 241
4684 249
4598 245
4674 209
4677 221
4676 217
4675 213
4678 225
4721 166.004
4722 162.004
4723 158.004
4724 154.004
4725 150.004
4720 170.004
4713 198.004
4714 194.004
4715 190.004
4716 186.004
4717 182.004
4718 178.004
4719 174.004
4705 230.004
4706 226.004
4707 222.004
4708 218.004
4709 214.004
4710 210.004
4711 206.004
4712 202.004
4704 234.004
4763 214
4765 222
4767 230
4766 226
4747 150
4746 146
4749 158
4748 154
4750 162
4661 157
4793 228.968
4794 224.968
4792 232.968
4785 302
4696 297
4695 293
4694 289
4787 310
4786 306
4789 318
4788 314
4791 326
4790 322
4769 238
4768 234
4771 246
4772 250
4816 137.968
4815 141.968
4860 258
4859 254
4858 250
4863 270
4776 266
4687 261
4601 257
4600 253
4513 249
4512 245
4423 241
4331 236
4853 230
4852 226
4851 222
4850 218
4855 238
4854 234
4843 190
4756 186
4667 181
4581 177
4580 173
4493 169
4404 165
4312 160
4311 156
4219 152
4126 148
4835 158
4834 154
4839 174
4752 170
4663 165
4662 161
4889 188.968
4890 184.968
4888 192.968
4891 180.968
4893 172.968
4895 164.968
4896 160.968
4894 168.968
4881 220.968
4882 216.968
4883 212.968
4884 208.968
4887 196.968
4873 310
4872 306
4875 318
4874 314
4877 326
4876 322
4879 228.968
4878 232.968
4865 278
4864 274
4777 270
4688 265
4897 156.968
4898 152.968
4901 141.968
4900 145.968
4957 310
4959 318
4958 314
4945 262
4944 258
4947 270
4862 266
4775 262
4686 257
4946 266
4949 278
4948 274
4950 282
4937 230
4936 226
4935 222
4939 238
4938 234
4940 242
4942 250
4941 246
4985 145.968
4984 149.968
4977 176.968
4979 168.968
4978 172.968
4981 160.968
4982 156.968
4980 164.968
4968 212.968
4973 192.968
4972 196.968
4974 188.968
4975 184.968
4961 326
4960 322
4963 232.968
4962 236.968
4965 224.968
4967 216.968
4966 220.968
5020 231
5022 239
5011 195
4927 190
4926 186
4925 182
4840 178
5015 211
4931 206
4846 202
4845 198
4758 194
4669 189
4668 185
5051 216.968
5050 220.968
5052 212.968
5055 200.968
5056 196.968
5041 315
5040 311
4956 306
5043 323
5042 319
5045 240.968
5044 327
5033 283
5032 279
5027 259
4943 254
5026 255
5031 275
5030 271
5065 160.968
5064 164.968
5057 192.968
5061 176.968
5062 172.968
5063 168.968
5060 180.968
5113 279
5112 275
5101 231
5100 227
5018 223
4934 218
4849 214
4762 210
4673 205
4672 201
5102 235
5093 199
5092 195
5010 191
5094 203
5145 168.968
5144 172.968
5137 200.968
5136 204.968
5141 184.968
5142 180.968
5143 176.968
5140 188.968
5129 232.968
5128 236.968
5125 327
5124 323
5127 240.968
5126 331
5176 215
5175 211
5095 207
5013 203
4929 198
4928 194
5211 224.968
5213 216.968
5212 220.968
5214 212.968
5135 208.968
5205 331
5204 327
5193 283
5192 279
5191 275
5111 271
5029 267
5194 287
5114 283
5224 172.968
5225 168.968
5216 204.968
5219 192.968
5218 196.968
5221 184.968
5220 188.968
5223 176.968
5222 180.968
5275 284
5274 280
5276 288
5305 200.968
5306 196.968
5307 192.968
5309 184.968
5308 188.968
5311 176.968
5312 172.968
5310 180.968
5296 236.968
5301 216.968
5303 208.968
5302 212.968
5215 208.968
5295 240.968
5294 244.968
5287 332
5361 280
5273 276
5190 271
5189 267
5109 263
5108 259
5107 255
5025 251
5401 184.968
5400 188.968
5402 180.968
5393 216.968
5394 212.968
5392 220.968
5397 200.968
5398 196.968
5396 204.968
5399 192.968
5386 244.968
5465 332
5464 328
5372 324
5284 320
5201 315
5489 196.968
5488 200.968
5491 188.968
5492 184.968
5490 192.968
5483 220.968
5487 204.968
5486 208.968
5472 263.968
5567 228.968
5482 224.968
5566 232.968
5481 228.968
5554 279.968
5555 275.968
5556 271.968
5557 267.968
5585 177.968
5662 173.968
5500 165.968
5409 161.968
5317 157.968
5577 188.968
5576 192.968
5580 177.968
5581 173.968
5496 169.968
5406 165.968
5315 161.968
5568 224.968
5571 212.968
5572 208.968
5570 216.968
5573 204.968
5575 196.968
5574 200.968
5626 333
5549 328
5463 324
5462 320
5370 316
5282 312
5199 307
5198 303
5197 299
5196 295
5195 291
5657 177.968
5656 181.968
5660 173.968
5649 208.968
5648 212.968
5651 200.968
5650 204.968
5643 232.968
5644 228.968
5647 216.968
5646 220.968
5695 293
5615 289
5538 284
5452 280
5451 276
5450 272
5449 268
5448 264
5356 260
5355 256
5354 252
5353 248
5265 244
5182 239
5181 235
5180 231
5725 224.968
5726 220.968
5727 216.968
5728 212.968
5729 208.968
5736 181.968
5738 177.968
5740 177.968
5733 192.968
5735 185.968
5789 272.968
5714 268.968
5635 264.968
5559 260.968
5474 256.968
5475 252.968
5476 248.968
5808 196.968
5811 185.968
5810 189.968
5813 181.968
5815 181.968
5801 224.968
5800 228.968
5802 220.968
5806 204.968
5881 204.968
5882 200.968
5880 208.968
5885 189.968
5884 193.968
5887 185.968
5872 240.968
5875 228.968
5874 232.968
5879 212.968
5878 216.968
5864 272.968
5790 268.968
5715 264.968
5716 260.968
5717 256.968
5638 252.968
5639 248.968
5640 244.968
5641 240.968
5565 236.968
5480 232.968
5863 276.968
5889 185.968
5947 240.968
5951 220.968
5952 216.968
5950 224.968
5939 272.968
5940 268.968
5941 264.968
5867 260.968
5793 256.968
5718 252.968
5960 189.968
5962 189.968
5953 212.968
5954 208.968
5955 204.968
5957 197.968
5958 193.968
6001 565.924
6082 560.924
6083 556.924
6084 552.924
6085 548.924
6000 338
5927 334
5853 330
5778 325
5777 321
5776 317
5775 313
5774 309
5773 305
5697 301
5617 297
5540 292
5539 288
5453 284
6003 557.924
6002 561.924
6004 553.924
6040 193.968
6033 216.968
6034 212.968
6035 208.968
6032 220.968
6037 201.968
6038 197.968
6027 240.968
6031 224.968
6030 228.968
6016 284.968
5937 280.968
6109 236.968
6111 228.968
6112 224.968
6110 232.968
6081 564.924
6120 197.968
6122 197.968
6042 193.968
6113 220.968
6114 216.968
6115 212.968
6117 205.968
6118 201.968
6161 544.924
6160 548.924
6235 544.924
6310 539.924
6311 535.924
6155 339
6079 334
6078 330
5997 326
5924 322
5923 318
5922 314
5848 310
6157 560.924
6158 556.924
6159 552.924
6234 548.924
6309 543.924
6156 564.924
6192 216.968
6195 205.968
6194 209.968
6197 201.968
6198 201.968
6187 236.968
6186 240.968
6189 228.968
6188 232.968
6191 220.968
6190 224.968
6233 552.924
6308 547.924
6232 556.924
6307 551.924
6236 540.924
6231 560.924
6306 555.924
6230 339
6229 335
6228 331
6152 327
6076 322
5995 318
5994 314
5993 310
5920 306
5919 302
5845 298
5770 293
5769 289
5768 285
5767 281
5691 277
5611 273
5534 268
5533 264
5447 260
6265 224.968
6264 228.968
6266 220.968
6269 209.968
6268 213.968
6271 205.968
6261 240.968
6263 232.968
6262 236.968
6247 296.968
6248 292.968
6249 288.968
6175 284.968
6176 280.968
6177 276.968
6178 272.968
6179 268.968
6180 264.968
6103 260.968
6023 256.968
6024 252.968
6025 248.968
5946 244.968
6318 323.968
6305 559.924
6345 217.968
6346 213.968
6348 209.968
6351 209.968
6274 205.968
6339 240.968
6338 244.968
6341 232.968
6340 236.968
6343 224.968
6342 228.968
6393 512.924
6394 508.924
6392 516.924
6385 544.924
6386 540.924
6387 536.924
6388 532.924
6389 528.924
6390 524.924
6391 520.924
6384 548.924
6381 560.924
6382 556.924
6383 552.924
6380 340
6303 335
6424 217.968
6426 213.968
6417 244.968
6416 248.968
6418 240.968
6420 232.968
6423 221.968
6409 276.968
6411 268.968
6412 264.968
6334 260.968
6415 252.968
6337 248.968
6401 307.968
6323 303.968
6246 299.968
6459 557.924
6460 553.924
6461 549.924
6462 545.924
6463 541.924
6464 537.924
6545 533.924
6625 528.924
6626 524.924
6627 520.924
6628 516.924
6629 512.924
6630 508.924
6708 504.924
6709 500.924
6710 496.924
6786 492.924
6859 487.924
6931 483.924
6932 479.924
7008 475.924
7079 470.924
7080 466.924
7149 462.924
6458 561.924
6483 311.968
6484 308.968
6402 304.968
6324 300.968
6473 501.924
6472 505.924
6477 488.924
6558 484.924
6638 479.924
6716 475.924
6792 471.924
6865 466.924
6937 462.924
7013 458.924
6476 489.924
6557 485.924
6478 487.924
6559 483.924
6639 478.924
6717 474.924
6793 470.924
6866 465.924
6938 461.924
6465 533.924
6466 529.924
6547 525.924
6467 525.924
6468 521.924
6469 517.924
6550 513.924
6471 509.924
6552 505.924
6632 500.924
6633 496.924
6634 492.924
6470 513.924
6505 225.968
6506 221.968
6508 217.968
6497 256.968
6498 252.968
6499 248.968
6500 244.968
6502 236.968
6553 501.924
6554 497.924
6544 537.924
6624 532.924
6702 528.924
6778 524.924
6851 519.924
6852 515.924
6924 511.924
7000 507.924
7071 502.924
7140 498.924
7141 494.924
7142 490.924
7143 486.924
7144 482.924
7145 478.924
7146 474.924
7211 470.924
7212 466.924
7279 462.924
7347 457.924
7348 453.924
7349 449.924
6546 529.924
6549 517.924
6548 521.924
6551 509.924
6631 504.924
6539 557.924
6619 552.924
6620 548.924
6621 544.924
6622 540.924
6623 536.924
6541 549.924
6540 553.924
6543 541.924
6542 545.924
6584 240.968
6587 229.968
6588 225.968
6591 221.968
6590 221.968
6579 260.968
6580 256.968
6581 252.968
6582 248.968
6583 244.968
6575 276.968
6493 272.968
6494 268.968
6560 482.924
6640 477.924
6718 473.924
6565 315.968
6566 312.968
6567 308.968
6568 304.968
6569 300.968
6487 296.968
6618 556.924
6651 292.968
6572 288.968
6490 284.968
6408 280.968
6644 319.968
6667 229.968
6666 233.968
6659 260.968
6658 264.968
6661 252.968
6662 248.968
6660 256.968
6705 516.924
6781 512.924
6854 507.924
6926 503.924
6927 499.924
6928 495.924
7004 491.924
7075 486.924
6704 520.924
6780 516.924
6853 511.924
6925 507.924
6707 508.924
6706 512.924
6782 508.924
6855 503.924
6856 499.924
6857 495.924
6858 491.924
6711 492.924
6697 548.924
6773 544.924
6846 539.924
6847 535.924
6848 531.924
6849 527.924
6921 523.924
6922 519.924
6998 515.924
7069 510.924
7070 506.924
7139 502.924
7204 498.924
7271 494.924
7339 489.924
7408 485.924
6696 552.924
6699 540.924
6775 536.924
6698 544.924
6774 540.924
6701 532.924
6700 536.924
6776 532.924
6703 524.924
6695 556.924
6771 552.924
6844 547.924
6845 543.924
6917 539.924
6993 535.924
7064 530.924
7133 526.924
7134 522.924
7199 518.924
7266 514.924
7334 509.924
7335 505.924
7336 501.924
7337 497.924
7338 493.924
7407 489.924
6745 233.968
6746 229.968
6744 237.968
6737 264.968
6738 260.968
6739 256.968
6740 252.968
6736 268.968
6742 244.968
6733 280.968
6655 276.968
6576 272.968
6577 268.968
6578 264.968
6735 272.968
6723 320.968
6645 316.968
6777 528.924
6850 523.924
6779 520.924
6783 504.924
6770 345
6694 341
6616 336
6536 332
6535 328
6453 324
6375 320
6298 315
6223 311
6222 307
6146 303
6070 298
6069 294
5988 290
5915 286
5841 282
5766 277
5765 273
5764 269
5763 265
5762 261
5686 257
5606 253
5529 248
5528 244
5442 240
5350 236
5262 232
5179 227
5178 223
5098 219
5016 215
4932 210
6772 548.924
6809 280.968
6810 276.968
6811 272.968
6812 268.968
6813 264.968
6815 256.968
6814 260.968
6798 324.968
6799 320.968
6800 316.968
6801 312.968
6726 308.968
6785 496.924
6784 500.924
6787 488.924
6860 483.924
6789 480.924
6843 551.924
6915 547.924
6991 543.924
7062 538.924
7131 534.924
7132 530.924
6817 248.968
6819 241.968
6821 233.968
6822 233.968
6879 288.968
6808 284.968
6869 328.968
6870 324.968
6871 320.968
6910 610.924
6888 252.968
6890 245.968
6892 237.968
6881 280.968
6880 284.968
6883 272.968
6882 276.968
6884 268.968
6941 328.968
6942 324.968
6940 332.968
6929 491.924
7005 487.924
7076 482.924
6930 487.924
6933 475.924
6935 467.924
6920 527.924
6923 515.924
6999 511.924
6914 551.924
6916 543.924
6992 539.924
7063 534.924
6919 531.924
6918 535.924
6994 531.924
7065 526.924
6953 276.968
6954 272.968
6952 280.968
6957 260.968
6956 264.968
6958 256.968
6949 292.968
6950 288.968
6951 284.968
7001 503.924
7072 498.924
7073 494.924
7074 490.924
7002 499.924
7007 479.924
7078 474.924
7147 470.924
7006 483.924
7077 478.924
6995 527.924
7066 522.924
7067 518.924
7068 514.924
7137 510.924
7202 506.924
7269 502.924
6997 519.924
6996 523.924
6985 575.924
7054 570.924
7055 566.924
6984 579.924
7053 574.924
6987 567.924
7056 562.924
7125 558.924
6986 571.924
6989 551.924
7060 546.924
7129 542.924
7130 538.924
6988 563.924
7057 558.924
7126 554.924
7127 550.924
7128 546.924
6990 547.924
7061 542.924
6977 607.924
7046 602.924
7115 598.924
7116 594.924
7117 590.924
7118 586.924
7119 582.924
6976 611.924
7045 606.924
7114 602.924
6979 599.924
7048 594.924
6978 603.924
7047 598.924
6981 591.924
7050 586.924
6980 595.924
7049 590.924
6983 583.924
7052 578.924
7032 260.968
7034 253.968
6960 249.968
6961 245.968
6962 241.968
7025 288.968
7026 284.968
7024 292.968
7031 264.968
7030 268.968
7017 332.968
7016 336.968
7018 328.968
7023 296.968
7009 471.924
7011 463.924
7082 458.924
7151 454.924
7059 550.924
7058 554.924
7044 610.924
7113 606.924
7099 280.968
7101 272.968
7100 276.968
7103 264.968
7102 268.968
7088 332.968
7095 296.968
7094 300.968
7085 343.968
7015 339.968
6939 335.968
6868 331.968
6797 327.968
6722 323.968
7087 336.968
7086 340.968
7135 518.924
7136 514.924
7112 610.924
7105 257.968
7163 308.968
7093 304.968
7162 320.968
7228 316.968
7229 312.968
7165 300.968
7164 304.968
7167 292.968
7155 344.968
7156 340.968
7159 332.968
7225 328.968
7226 324.968
7227 320.968
7148 466.924
7138 506.924
7203 502.924
7193 542.924
7194 538.924
7261 534.924
7195 534.924
7262 530.924
7330 525.924
7399 521.924
7197 526.924
7264 522.924
7332 517.924
7333 513.924
7196 530.924
7263 526.924
7331 521.924
7198 522.924
7265 518.924
7185 574.924
7252 570.924
7320 565.924
7389 561.924
7455 557.924
7456 553.924
7457 549.924
7458 545.924
7459 541.924
7460 537.924
7461 533.924
7462 529.924
7463 525.924
7184 578.924
7251 574.924
7319 569.924
7388 565.924
7454 561.924
7187 566.924
7254 562.924
7322 557.924
7323 553.924
7324 549.924
7393 545.924
7394 541.924
7395 537.924
7396 533.924
7186 570.924
7253 566.924
7321 561.924
7390 557.924
7188 562.924
7177 606.924
7244 602.924
7312 597.924
7313 593.924
7314 589.924
7315 585.924
7384 581.924
7385 577.924
7451 573.924
7452 569.924
7453 565.924
7176 257.968
7106 253.968
7035 249.968
7179 598.924
7246 594.924
7178 602.924
7245 598.924
7181 590.924
7248 586.924
7316 581.924
7180 594.924
7247 590.924
7183 582.924
7250 578.924
7318 573.924
7182 586.924
7249 582.924
7317 577.924
7169 284.968
7168 288.968
7171 276.968
7170 280.968
7173 268.968
7175 261.968
7224 332.968
7231 304.968
7230 308.968
7216 450.924
7219 351.968
7154 347.968
7220 348.968
7223 336.968
7209 478.924
7276 474.924
7344 469.924
7413 465.924
7208 482.924
7210 474.924
7213 462.924
7280 458.924
7214 458.924
7201 510.924
7200 514.924
7267 510.924
7205 494.924
7272 490.924
7340 485.924
7341 481.924
7410 477.924
7411 473.924
7207 486.924
7274 482.924
7342 477.924
7206 490.924
7257 550.924
7325 545.924
7256 554.924
7258 546.924
7326 541.924
7260 538.924
7241 265.968
7243 606.924
7311 601.924
7380 597.924
7381 593.924
7447 589.924
7448 585.924
7449 581.924
7450 577.924
7242 261.968
7233 296.968
7235 288.968
7234 292.968
7237 280.968
7238 276.968
7172 272.968
7236 284.968
7289 340.968
7288 344.968
7291 332.968
7290 336.968
7293 324.968
7294 320.968
7295 316.968
7292 328.968
7281 454.924
7283 446.924
7273 486.924
7275 478.924
7343 473.924
7412 469.924
7277 470.924
7345 465.924
7346 461.924
7278 466.924
7268 506.924
7270 498.924
7305 276.968
7239 272.968
7304 280.968
7307 269.968
7310 605.924
7379 601.924
7297 308.968
7296 312.968
7299 300.968
7301 292.968
7302 288.968
7303 284.968
7300 296.968
7353 436.968
7555 424.968
7355 356.968
7356 352.968
7357 348.968
7359 340.968
7360 336.968
7358 344.968
7376 273.968
7369 300.968
7368 304.968
7371 292.968
7370 296.968
7373 284.968
7372 288.968
7361 332.968
7363 324.968
7362 328.968
7365 316.968
7366 312.968
7417 449.924
7418 445.924
7416 453.924
7419 441.924
7420 437.924
7423 360.968
7422 362.968
7409 481.924
7415 457.924
7414 461.924
7401 513.924
7400 517.924
7403 505.924
7402 509.924
7405 497.924
7404 501.924
7406 493.924
7397 529.924
7441 288.968
7442 284.968
7440 292.968
7433 320.968
7432 324.968
7364 320.968
7434 316.968
7437 304.968
7436 308.968
7439 296.968
7438 300.968
7425 352.968
7426 348.968
7427 344.968
7424 356.968
7429 336.968
7430 332.968
7431 328.968
7428 340.968
7513 592.968
7514 588.968
7515 584.968
7516 580.968
7517 576.968
7518 572.968
7519 568.968
7520 564.968
7521 560.968
7522 556.968
7523 552.968
7524 548.968
7525 544.968
7526 540.968
7527 536.968
7528 532.968
7529 528.968
7530 524.968
7531 520.968
7532 516.968
7533 512.968
7534 508.968
7535 504.968
7536 500.968
7537 496.968
7538 492.968
7539 488.968
7540 484.968
7541 480.968
7542 476.968
7543 472.968
7544 468.968
7545 464.968
7546 460.968
7547 456.968
7548 452.968
7549 448.968
7550 444.968
7551 440.968
7552 436.968
7553 432.968
7554 428.968
7505 300.968
7504 304.968
7507 292.968
7508 288.968
7506 296.968
7503 308.968
7502 312.968
7489 364.968
7491 356.968
7492 352.968
7490 360.968
7493 348.968
7494 344.968
7579 292.968
7582 601.968
7655 597.968
7656 593.968
7729 589.968
7569 332.968
7568 336.968
7570 328.968
7573 316.968
7574 312.968
7572 320.968
7575 308.968
7576 304.968
7577 300.968
7561 364.968
7562 360.968
7560 368.968
7563 356.968
7564 352.968
7565 348.968
7567 340.968
7559 370.968
7488 366.968
7609 493.968
7610 489.968
7683 485.968
7756 481.968
7830 476.968
7608 497.968
7611 485.968
7612 481.968
7613 477.968
7614 473.968
7615 469.968
7688 465.968
7689 461.968
7762 457.968
7836 452.968
7603 517.968
7604 513.968
7677 509.968
7678 505.968
7679 501.968
7752 497.968
7826 492.968
7605 509.968
7607 501.968
7606 505.968
7592 561.968
7593 557.968
7666 553.968
7667 549.968
7740 545.968
7814 540.968
7641 340.968
7640 344.968
7643 332.968
7644 328.968
7645 324.968
7646 320.968
7647 316.968
7648 312.968
7642 336.968
7633 372.968
7634 368.968
7635 364.968
7636 360.968
7625 429.968
7698 425.968
7699 421.968
7772 417.968
7846 412.968
7624 433.968
7627 421.968
7628 417.968
7629 413.968
7702 409.968
7703 405.968
7776 401.968
7850 396.968
7626 425.968
7630 409.968
7617 461.968
7618 457.968
7691 453.968
7764 449.968
7838 444.968
7839 440.968
7616 465.968
7619 453.968
7620 449.968
7693 445.968
7766 441.968
7840 436.968
7841 432.968
7621 445.968
7622 441.968
7623 437.968
7696 433.968
7769 429.968
7843 424.968
7654 293.091
10081 289.055
7707 368.968
7708 364.968
7706 372.968
7711 352.968
7710 356.968
7697 429.968
7701 413.968
7700 417.968
7773 413.968
7847 408.968
7848 404.968
7849 400.968
7690 457.968
7763 453.968
7837 448.968
7692 449.968
7765 445.968
7695 437.968
7768 433.968
7842 428.968
7694 441.968
7767 437.968
7681 493.968
7754 489.968
7828 484.968
7829 480.968
7680 497.968
7753 493.968
7827 488.968
7682 489.968
7755 485.968
7685 477.968
7758 473.968
7832 468.968
7684 481.968
7757 477.968
7831 472.968
7687 469.968
7760 465.968
7834 460.968
7835 456.968
7686 473.968
7759 469.968
7833 464.968
7720 316.968
7713 344.968
7712 348.968
7715 336.968
7714 340.968
7717 328.968
7716 332.968
7719 320.968
7718 324.968
7771 421.968
7845 416.968
7770 425.968
7844 420.968
7775 405.968
7774 409.968
7761 461.968
7751 501.968
7825 496.968
7793 320.968
7792 324.968
7785 352.968
7786 348.968
7784 356.968
7787 344.968
7789 336.968
7790 332.968
7791 328.968
7788 340.968
7779 376.968
7780 372.968
7778 393.968
7781 368.968
7783 360.968
7865 328.968
7864 332.968
7866 324.968
7857 360.968
7856 364.968
7859 352.968
7860 348.968
7861 344.968
7862 340.968
7858 356.968
7863 336.968
7929 368.968
7930 364.968
7928 372.968
7931 360.968
7932 356.968
7933 352.968
7934 348.968
7935 344.968
7937 336.968
7938 332.968
7939 328.968
7940 324.968
7941 320.968
7936 340.968
8013 315.968
7944 308.968
8057 391.968
8056 395.968
8062 371.968
8050 419.968
8041 455.968
8042 451.968
8043 447.968
8044 443.968
8045 439.968
8046 435.968
8035 479.968
8036 475.968
8037 471.968
8074 324.968
8065 359.968
8064 363.968
8067 351.968
8066 355.968
8069 343.968
8070 339.968
8068 347.968
8121 375.968
8120 379.968
8123 367.968
