 key  value
8122 252
8063 248
8001 244
7930 240
7857 236
7784 232
7711 228
7638 224
7564 220
7493 216
7427 212
7359 208
7290 204
7223 200
7157 196
7087 192
7017 188
6940 184
6869 180
6798 176
6723 172
6645 168
6566 164
6484 160
6402 156
6324 152
6247 148
6173 144
6096 140
6016 136
5937 132
5863 128
5789 124
5714 120
5635 116
5559 112
5474 108
5384 104
5293 100
5206 96
5127 92
5046 88
4963 84
4879 80
4793 76
4706 72
4624 68
4539 64
4451 60
4363 56
4273 52
4180 48
4090 44
4001 40
3913 36
3824 32
3738 28
3656 24
3571 20
3490 16
3405 12
3309 8
3213 4
8125 252
8066 248
8003 244
7932 240
7858 236
7785 232
7712 228
7639 224
7565 220
7494 216
7428 212
7360 208
7291 204
7225 200
7159 196
7089 192
7019 188
6943 184
6872 180
6801 176
6725 172
6647 168
6568 164
6486 160
6403 156
8124 252
8065 248
8002 244
8127 252
8068 248
8005 244
7934 240
7860 236
7787 232
7714 228
7641 224
7567 220
7496 216
7429 212
7361 208
7292 204
8126 252
8067 248
8113 272
8054 268
7992 264
7993 260
7923 256
7924 252
7925 248
7926 244
7927 240
7853 236
7780 232
7706 228
7633 224
7560 220
7489 216
7423 212
7355 208
7286 204
7220 200
7155 196
7086 192
7016 188
8112 276
8053 272
8115 264
8056 260
8057 256
7995 252
8114 268
8055 264
8117 256
8058 252
7996 248
8116 260
8119 252
8060 248
7997 244
8118 252
8059 248
8105 304
8046 300
7984 296
7914 292
7915 288
7916 284
7917 280
7918 276
7919 272
7920 268
7921 264
7922 260
8104 308
8045 304
8107 296
8048 292
8049 288
7987 284
8106 300
8047 296
8109 288
8050 284
8051 280
8052 276
8108 292
8111 280
8110 284
8097 336
8038 332
8039 328
8040 324
7978 320
7908 316
7909 312
7910 308
7911 304
7912 300
7913 296
8096 340
8099 328
8098 332
8101 320
8042 316
8043 312
8044 308
8100 324
8041 320
8103 312
8102 316
8155 336
8157 328
8156 332
8159 320
8158 324
8136 412
8137 408
8138 404
8081 400
8082 396
8023 392
8024 388
8025 384
8026 380
8027 376
8028 372
8029 368
7967 364
7968 360
7898 356
7899 352
7900 348
7901 344
7902 340
7903 336
7904 332
7905 328
7906 324
7907 320
8128 252
8069 248
8007 244
7937 240
7863 236
7790 232
7717 228
7645 224
7571 220
7500 216
7434 212
7366 208
7297 204
7230 200
7164 196
7094 192
7023 188
6949 184
6878 180
6807 176
6731 172
6652 168
6573 164
6490 160
6407 156
6328 152
6251 148
6177 144
6100 140
6020 136
5941 132
5867 128
5792 124
5717 120
5638 116
5562 112
5477 108
5386 104
5294 100
5207 96
5128 92
5047 88
8185 256
8184 256
8177 256
8120 252
8061 248
7998 244
8176 256
8179 256
8121 252
8062 248
7999 244
7928 240
7854 236
7781 232
7708 228
7636 224
7562 220
7491 216
7425 212
7356 208
7287 204
7221 200
7156 196
8178 256
8181 256
8123 252
8064 248
8180 256
8183 256
8182 256
8169 280
8168 284
8171 272
8170 276
8173 264
8174 260
8175 256
8172 268
8161 312
8162 308
8163 304
8160 316
8165 296
8164 300
8167 288
8166 292
8217 320
8218 316
8219 312
8220 308
8221 304
8222 300
8216 324
8223 296
8224 292
8225 288
8215 328
8214 332
8241 260
8240 260
8242 260
8233 260
8232 260
8235 260
8234 260
8237 260
8236 260
8239 260
8238 260
8227 280
8228 276
8229 272
8226 284
8231 264
8230 268
8281 280
8280 284
8283 272
8284 268
8282 276
8285 264
8287 264
8286 264
8273 312
8272 316
8275 304
8274 308
8277 296
8278 292
8279 288
8276 300
91 183
111 179
125 175
142 171
171 167
208 163
253 159
359 151
419 145
482 141
552 137
551 133
622 129
692 125
771 121
857 117
940 110
939 106
938 102
1012 98
1081 94
1153 90
1235 86
1318 82
1404 78
1498 74
1685 66
1780 62
1866 58
1949 52
2038 48
2130 44
2220 40
2307 36
2395 32
2481 28
2565 24
2652 20
2740 16
2828 12
2925 8
3027 4
8269 328
8270 324
93 183
113 179
127 175
144 171
172 167
209 163
254 159
304 155
8268 332
92 183
8271 320
8319 328
8318 332
8298 264
8245 260
8187 256
8129 252
8070 248
126 175
8289 264
8288 264
112 179
8291 264
115 186
129 182
146 178
174 174
211 170
256 166
306 162
361 158
422 154
485 150
555 146
626 142
696 138
774 131
859 125
858 121
8290 264
114 183
8293 264
8292 264
8294 264
8344 268
8295 264
8349 269.834
9963 267.869
8299 264
8246 260
8189 256
8132 252
8073 248
8010 244
7939 240
7866 236
7793 232
7720 228
7648 224
7575 220
7504 216
7437 212
7368 208
7299 204
7232 200
7165 196
110 179
124 175
8337 268
8336 268
8339 268
8338 268
8341 268
8340 268
8343 268
8342 268
8329 288
8330 284
8331 280
8332 276
8333 272
8328 292
8335 268
8334 268
8321 320
8322 316
145 175
8320 324
8323 312
8324 308
8325 304
8326 300
8327 296
147 182
149 189
148 185
176 181
213 177
258 173
308 169
363 165
424 161
487 157
557 153
628 149
697 142
150 193
8377 292
8378 288
8376 296
8379 284
8380 280
8381 276
8383 272
143 171
8382 272
8369 324
8370 320
8368 328
128 179
8371 316
8372 312
8373 308
8374 304
131 189
130 186
133 197
8375 300
177 185
179 193
178 189
215 185
214 181
181 201
218 197
217 193
262 189
312 185
311 181
310 177
309 173
364 169
425 165
488 161
180 197
173 171
210 167
255 163
305 159
360 155
175 178
212 174
8393 272
8345 268
8296 264
8243 260
216 189
219 201
8385 272
8384 272
8387 272
8386 272
8389 272
8388 272
8391 272
8390 272
8441 276
8440 276
8433 276
8432 276
8435 276
8434 276
8437 276
8436 276
8439 276
8438 276
8425 300
8424 304
8427 292
8426 296
8429 284
8428 288
8431 276
8430 280
8419 324
8418 328
8421 316
8422 312
8423 308
8420 320
8473 300
8472 304
8475 292
8476 288
8477 284
8478 280
8474 296
8479 280
8467 324
8466 328
8469 316
8470 312
8468 320
8471 308
264 197
263 193
313 189
368 185
367 181
366 177
365 173
266 205
316 201
371 197
432 193
495 189
494 185
493 181
563 177
562 173
633 169
632 165
631 161
630 157
629 153
257 170
8499 384
8453 380
8406 376
8407 372
8358 368
8310 364
8261 360
8208 356
8151 352
8152 348
8153 344
8154 340
259 177
261 185
260 181
8500 380
8454 376
315 197
370 193
431 189
314 193
317 205
319 210.127
374 206.127
435 202.127
498 198.127
569 194.127
640 190.127
709 186.127
786 182.127
870 178.127
947 174.127
1018 170.127
1087 166.127
1159 162.127
1242 158.127
1325 154.127
1415 150.127
1414 146.127
1605 128.895
1604 124.895
1700 121
1793 114
1792 110
1791 106
1790 102
1789 98
1875 94
1959 90
1958 86
1957 82
1956 78
2045 74
2044 70
2135 63
2312 55
2399 48
2398 44
2484 40
2568 36
2567 32
2566 28
318 209
373 205
434 201
433 197
496 193
566 189
637 185
636 181
635 177
634 173
8481 280
8480 280
8483 280
307 166
8482 280
8485 280
8484 280
8487 280
8486 280
299 138
355 134
415 130
477 126
546 122
617 118
687 114
767 110
853 106
937 102
8529 284
8528 284
8531 284
8530 284
8533 284
8532 284
8521 296
8522 292
8520 300
8523 288
8525 284
8524 284
8527 284
8526 284
8515 320
8516 316
8514 324
8517 312
8518 308
8519 304
8569 288
8568 288
8571 288
8570 288
8573 288
8572 288
8575 288
8574 288
8561 316
8560 320
8563 308
8562 312
8565 300
8566 296
8564 304
8567 292
369 189
372 201
375 206.127
436 202.127
500 198.127
570 194.127
641 190.127
710 186.127
362 162
423 158
486 154
8605 316
8604 320
8607 308
8606 312
353 133
413 129
474 125
542 121
613 117
683 113
762 109
849 105
933 101
1008 97
1078 93
1150 88
1316 80
1496 72
1590 68
1683 64
1864 56
2129 44
8589 380
8590 376
8547 372
8548 368
8549 364
8505 360
8459 356
8412 352
8363 348
8315 344
8316 340
8317 336
8588 384
8545 380
8501 376
8502 372
8456 368
8409 364
8410 360
8411 356
8362 352
412 129
414 130
476 126
545 122
616 118
8576 288
8632 376
8633 372
8634 368
8593 364
8550 360
8551 356
8507 352
8461 348
8462 344
8463 340
8464 336
8465 332
8631 380
8630 384
8617 292
8616 292
8619 292
8618 292
8609 300
8608 304
8611 292
8610 296
8613 292
8612 292
8615 292
8614 292
427 173
426 169
429 181
428 177
8671 380
8672 376
8673 372
8674 368
8675 364
8676 360
8677 356
8678 352
8679 348
8640 344
8641 340
8642 336
8643 332
8644 328
8603 324
8670 384
8657 296
8656 296
416 130
8659 296
8658 296
8661 296
8620 292
8577 288
421 151
484 147
554 143
625 139
695 135
8660 296
420 149
8649 308
473 125
541 121
612 117
682 113
8648 312
8651 300
475 126
543 122
614 118
685 114
765 110
851 106
936 102
1010 98
1234 86
1317 82
8650 304
8653 296
8652 296
8655 296
8654 296
478 126
469 125
538 121
609 117
680 113
760 109
847 105
932 101
8647 316
471 125
540 121
611 117
681 113
761 109
848 105
8646 320
8697 300
8696 300
8699 300
8698 300
8701 300
8662 296
8621 292
8578 288
8534 284
8700 300
8689 308
8690 304
8691 300
8693 300
8692 300
8695 300
8694 300
8686 320
8687 316
497 197
499 198.127
8729 304
489 165
559 161
8728 308
8731 304
491 173
490 169
8730 304
8733 304
8732 304
492 177
8735 304
8734 304
483 145
8726 316
8727 312
537 122
539 121
610 117
8711 376
8712 372
8713 368
8710 380
8763 316
8764 312
8765 308
8767 308
8766 308
8747 380
8746 384
8748 376
8737 304
8736 304
8739 304
8738 304
565 185
564 181
553 141
556 150
627 146
544 122
615 118
8787 380
547 122
618 118
688 114
8786 384
8788 376
8789 372
8750 368
8714 364
8776 308
8740 304
605 130
676 126
756 122
844 117
845 113
846 109
931 105
8780 310.363
9950 304.701
8704 300
8664 296
8622 292
8579 288
607 122
678 118
758 114
606 126
677 122
757 118
8769 308
8768 308
8771 308
8770 308
8773 308
8772 308
8775 308
8774 308
8827 380
8828 376
8816 312
8809 312
8808 312
8811 312
8810 312
8813 312
8812 312
8815 312
8814 312
8801 324
8802 320
8800 328
624 137
623 133
8803 316
8805 312
8804 312
8807 312
8806 312
619 118
689 114
768 110
854 106
621 126
691 122
690 118
769 114
855 110
620 122
8849 316
8848 316
608 118
679 114
759 110
8851 316
8850 316
8853 316
8852 316
8854 316
8841 324
8842 320
8843 316
8845 316
8844 316
8847 316
8846 316
8890 319.992
9969 316.062
8881 320
8880 320
8883 320
8882 320
642 194.127
8885 320
8884 320
8887 320
8886 320
8877 324
8879 320
8878 320
693 129
694 133
773 129
8920 324
684 115
764 111
686 114
8913 324
8912 324
8915 324
675 130
8914 324
8917 324
8916 324
8919 324
8918 324
8911 328
8910 332
8876 328
8953 328
8952 328
712 194.127
711 190.127
8945 328
8944 332
8947 328
8946 328
8949 328
8948 328
708 186.127
785 182.127
869 178.127
8951 328
8950 328
763 113
850 109
934 105
1009 101
766 110
852 106
753 134
841 129
842 125
927 121
928 117
929 113
930 109
755 126
843 121
754 130
8985 332
8984 332
8977 332
8976 336
8979 332
8978 332
8981 332
8980 332
8983 332
8982 332
8975 340
8943 336
8974 344
8942 340
8909 336
784 182.127
868 178.127
945 174.127
1016 170.127
1085 166.127
1157 162.127
1241 158.127
787 186.127
789 194.127
873 190.127
950 186.127
1021 182.127
1020 178.127
1089 174.127
1088 170.127
788 190.127
872 186.127
949 182.127
790 198.127
874 194.127
951 190.127
1022 186.127
1091 182.127
1090 178.127
1162 174.127
1245 170.127
1328 166.127
1418 162.127
1417 158.127
1416 154.127
9017 336
8986 332
8954 328
8921 324
9016 336
9009 336
9008 336
9011 336
9010 336
770 118
9013 336
9012 336
9015 336
9014 336
9005 348
9007 340
8997 380
8966 376
8967 372
8935 368
8902 364
8868 360
8833 356
8834 352
8835 348
8836 344
8837 340
8798 336
8759 332
8723 328
8724 324
8725 320
8998 376
9041 340
9040 340
9043 340
9042 340
9045 340
9044 340
9047 340
9046 340
856 114
9037 344
9036 348
9039 340
9038 340
9029 376
9030 372
9000 368
8969 364
8970 360
8971 356
8972 352
8973 348
9028 380
840 133
925 129
926 125
9073 344
9072 344
9075 344
835 153
836 149
837 145
838 141
923 137
924 133
9074 344
839 137
9065 348
9064 352
9067 344
9066 344
9069 344
9068 344
9071 344
9070 344
9059 372
9060 368
9061 364
9062 360
9063 356
9058 376
9113 380
9114 376
9088 372
9089 368
9090 364
9091 360
9092 356
9093 352
875 198.127
9117 364
876 202.127
9119 356
9118 360
9104 348
9076 344
871 182.127
948 178.127
9097 348
921 145
922 141
9096 348
920 149
9099 348
9098 348
9101 348
9100 348
9103 348
9102 348
9095 348
9094 348
9145 364
9146 360
9144 368
9147 356
9120 352
9149 356
9122 352
9148 356
9151 356
9123 352
9150 356
9141 380
9143 372
9116 368
9128 352
952 194.127
9130 352
954 202.127
953 198.127
9133 351.992
9107 347.992
9078 343.992
9050 339.992
9020 335.992
8989 331.992
8957 327.992
8924 323.992
9121 352
944 174.127
1015 170.127
946 174.127
1017 170.127
9125 352
9124 352
9127 352
9126 352
9177 360
9152 356
9176 360
9179 360
9153 356
9178 360
9181 360
9156 356
9180 360
9155 356
9182 360
9169 372
9170 368
9171 364
9173 360
9172 360
9175 360
935 102
9174 360
9154 356
9201 364
9200 364
9203 364
9202 364
9205 364
9204 364
9206 364
9193 376
9195 368
1019 174.127
9197 364
9196 364
9199 364
9198 364
1011 98
1080 94
1152 90
1014 171.127
1156 163.127
1240 159.127
1324 155.127
9241 372
9220 368
1001 148
1000 152
9243 372
9221 368
1003 125.26
1074 121.26
1143 117.26
1226 113.26
10048 109.587
1227 108
1228 104
1229 100
1230 96
1231 92
1232 88
1233 84
9242 372
9245 372
9224 368
1005 120
1006 116
9244 372
9223 368
1004 124
9247 372
9226 368
1007 101
9246 372
9225 368
9227 368
9228 368
9219 368
9222 368
1037 266.127
1104 262.127
1180 258.127
1263 254.127
1349 250.127
1439 246.127
1438 242.127
1437 238.127
1436 234.127
1435 230.127
1434 226.127
1433 222.127
1432 218.127
1431 214.127
1430 210.127
1429 206.127
1428 202.127
1427 198.127
1426 194.127
1425 190.127
1424 186.127
1423 182.127
1422 178.127
1421 174.127
1420 170.127
1419 166.127
1027 206.127
1096 202.127
1168 198.127
1251 194.127
1250 190.127
1249 186.127
1248 182.127
1247 178.127
1330 174.127
1329 170.127
1026 202.127
1095 198.127
1167 194.127
1166 190.127
1165 186.127
1164 182.127
1028 210.127
1097 206.127
1169 202.127
1084 167.127
9249 372
1073 122.26
9248 372
1075 121.26
1144 117.26
1077 96
1148 92
1076 120
1099 214.127
1171 210.127
1254 206.127
1253 202.127
1336 198.127
1335 194.127
1102 226.127
1174 222.127
1173 218.127
1256 214.127
1339 210.127
1145 104
1146 100
1142 121.26
1183 270.127
1182 266.127
1181 262.127
1264 258.127
1170 206.127
1172 214.127
1161 170.127
1160 166.127
1163 178.127
1246 174.127
1158 162.127
1243 162.127
1326 158.127
9421 1859.96
9422 1761.96
9423 1663.96
9424 1565.96
9442 1390.96
9443 1291.96
9461 1156.96
9477 1050.96
9494 943.956
9512 811.956
9531 704.956
9551 597.956
6006 408.956
6087 403.956
6163 399.956
6238 395.956
6313 390.956
6314 386.956
6315 382.956
6316 378.956
6317 374.956
6395 367.956
6474 360.956
6475 356.956
6556 352.956
6636 347.956
6714 343.956
6715 339.956
6791 335.956
6864 330.956
6936 326.956
7012 322.956
7083 317.956
7152 313.956
7217 309.956
7284 305.956
7352 300.956
7421 296.956
7487 292.956
9982 289.015
7556 284
7557 280
7558 276
7631 269
7704 265
7777 261
7851 256
9420 1957.96
1244 166.127
1327 162.127
1225 117.26
1224 121.26
1221 139.533
1220 135.533
1305 131.533
1392 127.533
1484 123.533
1582 119.533
1675 115.533
1772 111.533
1862 107.533
1946 103.533
2035 99.533
2127 95.533
2218 91.533
2305 87.533
2392 83.533
2478 76.595
2734 60
2735 56
2736 52
2737 48
2824 40
2917 36
3019 32
3112 28
3113 24
3114 20
3115 16
3116 12
3117 8
3118 4
1223 125.26
9462 1120.46
9939 1030.04
9478 1012.14
9942 923.257
9495 904.956
1222 143.533
1269 278.127
1268 274.127
1354 270.127
1444 266.127
1443 262.127
1442 258.127
1441 254.127
1440 250.127
1257 218.127
1259 238.127
1345 234.127
9493 998.956
9511 865.956
9530 759.956
9550 653.956
9572 524.956
5928 427.956
1252 198.127
1255 210.127
1304 132.533
1307 128
1308 124
1309 120
1310 116
1311 112
1306 132
9529 858.956
9528 957.956
9532 700.956
9525 1846.2
9544 1744.2
9563 1651.2
9586 1549.2
9607 1447.2
9629 1355.2
9630 1258.2
9631 1161.2
9984 1109.6
9609 1030
9610 930
9611 830
9612 730
9613 630
9614 530
7873 464
7800 460
7801 456
7874 452
7875 448
7876 444
7877 440
7878 436
7879 432
7880 428
7881 424
7882 420
7883 416
7884 412
7885 408
7886 404
7887 400
7888 396
7889 392
7890 388
7891 384
7892 380
7893 376
7894 372
7895 368
7896 364
7897 360
9524 1941.2
9543 1839.2
9562 1746.2
9585 1645.2
9606 1544.2
9628 1452.2
9527 1056.96
9513 807.956
1337 202.127
1338 206.127
1341 218.127
1340 214.127
1343 226.127
1342 222.127
9506 2042.2
9509 1061.96
9510 963.956
1332 182.127
1331 178.127
1334 190.127
9567 1014.96
9568 916.956
9569 818.956
9570 720.956
9571 622.956
9566 1112.96
1312 108
1319 82
1405 78
1499 74
1592 70
9547 952.956
9546 1051.96
9549 753.956
9548 852.956
9593 521.956
6911 469.956
6912 465.956
6913 461.956
6982 450.956
7051 445.956
7120 441.956
7121 437.956
7122 433.956
7123 429.956
7124 425.956
7125 421.956
7126 417.956
7127 413.956
7128 409.956
7129 405.956
7130 401.956
7131 397.956
7132 393.956
7133 389.956
7198 385.956
7199 381.956
7200 377.956
7267 373.956
7335 368.956
7336 364.956
7337 360.956
7338 356.956
7407 352.956
7408 348.956
7409 344.956
7410 340.956
7411 336.956
7412 332.956
7413 328.956
7414 324.956
7480 320.956
7481 316.956
7482 312.956
7483 308.956
7484 304.956
7485 300.956
7486 296.956
9592 620.956
9595 733.127
9574 624.127
3392 540.127
3297 533.127
3107 518.127
3011 511.127
2908 500.127
2818 492.127
2732 487.127
2562 475.127
2477 470.127
2391 465.127
2302 457.127
2215 450.127
2124 443.127
2032 436.127
1943 431.127
1942 427.127
1941 423.127
1940 419.127
1939 415.127
1856 411.127
1855 407.127
1764 403.127
1666 398.127
1665 394.127
1571 390.127
1570 386.127
1473 382.127
1472 378.127
1471 374.127
1470 370.127
1469 366.127
1468 362.127
1467 358.127
1466 354.127
1465 350.127
1464 346.127
1463 342.127
1462 338.127
1461 334.127
1460 330.127
1459 326.127
1458 322.127
1457 318.127
1456 314.127
1455 310.127
1454 306.127
1453 302.127
1452 298.127
1451 294.127
1450 290.127
1449 286.127
1448 282.127
1447 278.127
1446 274.127
1445 270.127
1352 262.127
1351 258.127
1350 254.127
9594 635.127
5374 561.127
5373 557.127
5285 553.127
5202 548.127
5122 544.127
5040 540.127
4956 535.127
4955 531.127
4870 527.127
4783 523.127
4694 518.127
4693 514.127
4692 510.127
4691 506.127
4690 502.127
4604 498.127
4603 494.127
4602 490.127
4601 486.127
4514 482.127
4425 478.127
4333 473.127
4332 469.127
4240 465.127
4147 461.127
4057 456.127
4056 452.127
3966 448.127
3877 444.127
3789 440.127
3701 435.127
3617 431.127
3616 427.127
3530 423.127
3444 418.127
3443 414.127
3442 410.127
3441 406.127
3440 402.127
3439 398.127
3438 394.127
3437 390.127
3436 386.127
3435 382.127
3434 378.127
3433 374.127
3432 370.127
3431 366.127
3430 362.127
3429 358.127
3428 354.127
3427 350.127
3426 346.127
3425 342.127
3424 338.127
3423 334.127
3339 330.127
3338 326.127
3337 322.127
3336 318.127
3335 314.127
3334 310.127
3333 306.127
3332 302.127
3331 298.127
3330 294.127
3329 290.127
3328 286.127
3327 282.127
3326 278.127
3325 274.127
3324 270.127
3323 266.127
3229 259.127
3138 254.127
3046 250.127
3045 246.127
2949 239.127
2848 235.127
2759 230.127
2758 226.127
2669 222.127
2582 218.127
2496 213.127
2411 209.127
2325 205.127
2237 200.127
2151 196.127
2061 192.127
1970 188.127
1881 183.127
1798 179.127
1707 175.127
1609 170.127
1515 166.127
1355 274.127
1357 282.127
1356 278.127
1359 290.127
1358 286.127
1347 242.127
1346 238.127
9589 917.956
9590 818.956
9591 719.956
9588 1016.96
1348 246.127
1401 103
1314 99
1315 95
1400 107
1403 76
1497 72
1402 99
1393 127.533
1487 123.533
1584 119.533
1677 115.533
1773 111.533
1395 132
1396 128
1397 124
1394 131.533
9573 98
4102 94
4194 90
4286 86
4193 82
4192 78
4191 74
4190 70
4189 66
4188 62
4187 58
4186 54
4185 50
4095 46
4005 41
3916 37
3827 33
3740 29
3657 24
1399 111
1398 118
1391 128.533
1483 124.533
1581 120.533
9617 737.127
9616 638.127
7111 573.127
7110 569.127
7109 565.127
7108 561.127
7038 553.127
7037 549.127
6967 542.127
6966 538.127
6965 534.127
6964 530.127
6896 523.127
6828 518.127
6827 514.127
6826 510.127
6753 506.127
6677 502.127
6599 497.127
6519 493.127
6437 489.127
6359 485.127
6282 480.127
6207 476.127
6131 472.127
6055 467.127
5974 463.127
5973 459.127
5972 455.127
5971 451.127
5898 447.127
5897 443.127
5823 439.127
5748 434.127
5672 430.127
5592 426.127
5515 421.127
5514 417.127
5513 413.127
5512 409.127
5511 405.127
5425 401.127
5333 397.127
5245 393.127
5162 388.127
5082 384.127
5000 380.127
4916 375.127
4831 371.127
4744 367.127
4655 362.127
4569 358.127
4482 354.127
4393 350.127
4301 345.127
4209 341.127
4116 337.127
4026 332.127
3936 328.127
3847 324.127
3759 320.127
3671 315.127
3587 311.127
3501 307.127
3415 302.127
9657 772
9636 669
9656 869
9635 766
9658 870
9661 839.883
9638 731.883
10125 717.299
9660 768.127
9637 660.127
9615 567.127
6824 508.127
6751 504.127
6675 500.127
6598 496.127
6518 492.127
6436 488.127
6358 484.127
9655 967
9634 863
9654 1064
9633 960
9639 753.127
9681 876.127
9680 877
9682 947.883
9677 1141.47
10128 1042.06
1500 74
1593 70
1686 66
9679 875
9678 972
1491 126
1492 122
1490 132
1493 117
1494 113
1495 76
9721 1070
9700 966
9720 1068
1482 132.533
1579 128.533
1580 124.533
1674 119.533
1485 123.533
1583 119.533
1676 115.533
1486 123.533
1529 222.127
1528 218.127
1527 214.127
1531 230.127
1530 226.127
1533 238.127
1532 234.127
1534 242.127
9699 1063
9701 968
1525 206.127
1524 202.127
1526 210.127
1513 158.127
1512 154.127
1511 150.127
1514 162.127
1517 174.127
9742 1248
9741 1149
1553 318.127
1552 314.127
1555 326.127
1554 322.127
1556 330.127
1545 286.127
1544 282.127
1543 278.127
1542 274.127
1546 290.127
1549 302.127
1551 310.127
1550 306.127
1537 254.127
1536 250.127
1535 246.127
1538 258.127
1541 270.127
9782 1476
9781 1379
9761 1253
1585 123.533
1678 119.533
9762 1353
1586 126.533
1679 122.533
1775 118.533
1863 111.533
1589 72
1591 68
1778 60
9819 1545
9799 1442
9779 1341
9760 1251
9818 1544
9821 1551
9801 1447
9780 1343
9820 1548
9800 1444
9823 1629.35
9804 1532.35
9784 1435.35
9763 1322.89
9744 1225.89
9723 1128.89
10126 1035.16
9702 950.127
9822 1587
9802 1483
1625 234.127
1624 230.127
1627 242.127
1626 238.127
1628 246.127
1630 254.127
1619 210.127
1618 206.127
1621 218.127
1620 214.127
1623 226.127
9798 1465
9778 1363
9759 1273
9740 1171
1622 222.127
1608 166.127
1607 162.127
1606 158.127
1611 178.127
1610 174.127
1516 170.127
1613 186.127
1612 182.127
1518 178.127
9844 800.306
9833 783.243
10024 748.584
9830 708.494
9871 658.153
9829 601.467
9912 564.555
9828 533.236
9927 490.768
9827 451.896
9897 436.175
1657 362.127
1656 358.127
1562 354.127
9835 755.166
9879 742.598
9834 817.857
9843 783.979
1658 366.127
1564 362.127
9836 638.272
9904 597.883
1649 330.127
1648 326.127
9826 186.919
6240 175
6166 171
6089 167
6009 163
6010 159
6011 155
5932 151
5858 147
5859 143
5785 139
5786 135
5787 131
5788 127
5713 123
5634 119
5558 115
5473 111
5383 107
5292 103
1651 338.127
1650 334.127
1653 346.127
1559 342.127
9831 802.143
10007 751.004
1652 342.127
1558 338.127
9881 267.708
1640 294.127
1643 306.127
1642 302.127
1548 298.127
1547 294.127
9885 79.464
1645 314.127
1644 310.127
1647 322.127
1646 318.127
1633 266.127
1539 262.127
1632 262.127
1631 258.127
1635 274.127
1634 270.127
1637 282.127
1636 278.127
1639 290.127
1638 286.127
9866 143.646
604 134
1684 64
9913 132.286
4727 126.036
9909 122.112
4726 118
4556 106
4468 102
4378 95
4287 90
1673 128.533
9915 93.145
9914 163.454
9825 154.551
5627 147
5551 143
5466 139
5376 135
5377 131
5378 127
5379 123
5380 119
5381 115
5382 111
9917 321.88
7084 316.956
7153 312.956
7218 308.956
7285 304.956
9916 542.692
9919 511.419
9918 57.843
9905 150.859
9906 154.032
4469 152.004
4557 148.004
4643 144.004
9898 138.553
4729 134.036
4728 130.036
9908 354.739
3249 352.127
3248 348.127
3340 341.127
9911 389.775
9910 89.958
5045 88
4962 84
4792 76
4704 72
4622 68
4537 64
4450 60
4362 56
4272 52
4179 48
4089 44
4000 40
3912 36
1721 231.127
9896 343.267
1720 227.127
9899 47.816
2823 44
1723 239.127
1722 235.127
1725 247.127
9900 335.769
6794 332.956
7014 320.956
1724 243.127
9903 189.081
3749 184.004
3839 180.004
3928 176.004
4016 172.004
4105 168.004
4196 164.004
4381 156.004
4470 152.004
1727 255.127
1629 250.127
9902 514.256
1713 199.127
1615 194.127
1614 190.127
1520 186.127
1712 195.127
1715 207.127
1617 202.127
1523 198.127
1522 194.127
1714 203.127
1616 198.127
9893 139.032
1717 215.127
1716 211.127
9895 75.353
4170 68
3992 60
3904 56
3905 52
3906 48
3820 44
3733 40
3651 36
3567 32
3486 28
3400 24
3305 20
3306 16
3307 12
3212 8
1719 223.127
9894 192.621
1718 219.127
9945 598.06
1705 167.127
9944 426.787
1672 422.127
1671 418.127
1670 414.127
1669 410.127
1668 406.127
1667 402.127
1704 163.127
9946 396.126
918 394.127
996 390.127
995 386.127
1067 382.127
1133 378.127
1209 374.127
1292 370.127
1378 366.127
1377 362.127
1376 358.127
1375 354.127
1706 171.127
9949 171.472
6428 163
6349 159
6271 154
6196 150
6118 146
6037 141
5956 137
5882 133
5807 129
5731 124
5651 120
5574 116
5488 111
5397 107
5305 103
5217 99
5137 94
5055 90
4971 86
4886 81
4800 77
4712 73
4629 68
4543 64
4455 60
4366 56
4276 52
4183 48
4093 44
4004 40
3915 36
3826 32
3739 28
9948 302.485
8665 296
8623 292
8580 288
8536 284
8489 280
8442 276
1708 179.127
9951 355.187
1711 191.127
1710 187.127
9936 982.728
1699 118
1698 114
1697 110
1696 106
9938 927.656
9943 541.667
1702 136.895
1753 359.127
1655 354.127
1654 350.127
1560 346.127
9928 167.829
4195 164.004
4288 160.004
4379 156.004
1752 355.127
1754 363.127
9933 936.043
1757 375.127
1659 370.127
1758 379.127
1660 374.127
1745 327.127
9920 133.699
1744 323.127
9923 370.157
3159 366.127
3158 362.127
3157 358.127
1747 335.127
1746 331.127
1749 343.127
9924 342.581
1748 339.127
1751 351.127
9926 74.538
1750 347.127
1737 295.127
9976 448.576
6005 412.956
6086 407.956
9979 325.434
2782 322.127
2781 318.127
2780 314.127
2779 310.127
2690 306.127
2603 302.127
2517 297.127
2432 293.127
2346 289.127
2258 284.127
2172 280.127
2082 276.127
2081 272.127
2080 268.127
1989 264.127
1900 259.127
1899 255.127
1816 251.127
1815 247.127
1739 303.127
1641 298.127
1738 299.127
9981 1827.44
1741 311.127
1740 307.127
1743 319.127
1742 315.127
1729 263.127
9968 382.851
9270 376.805
10129 375.524
9252 371.992
9231 367.992
9208 363.992
9184 359.992
9159 355.992
9132 351.992
9106 347.992
9971 237.861
7870 237
7796 232
7722 228
7649 224
7576 220
7505 216
7438 212
7369 208
7300 204
7234 200
7167 196
7096 192
7025 188
6950 184
6879 180
6808 176
6732 172
6653 168
6574 164
6491 160
6408 156
6329 152
6252 148
6178 144
1731 271.127
1730 267.127
9973 717.038
9972 183.84
6893 181
6821 176
6745 172
6666 168
6587 164
6504 160
6421 156
6342 152
6265 148
6190 144
6112 140
6032 136
5951 132
5877 128
5802 124
5727 120
5647 116
5570 112
5485 108
5394 104
5302 100
5214 96
5135 92
5053 88
4969 84
4885 80
4799 76
4711 72
1732 275.127
9975 272.181
1735 287.127
9974 666.542
1734 283.127
9960 139.624
5069 135
4985 131
4900 126
4814 122
9967 279.908
8445 276
8395 272
8346 268
9966 325.942
3845 322.127
3757 318.127
3586 310.127
3500 306.127
1777 60
1865 56
1948 52
2037 48
9952 356.018
9954 243.134
7941 240
7867 236
7794 232
1781 66
9956 416.809
5669 412.127
5510 404.127
5424 400.127
5332 396.127
5244 392.127
5161 387.127
5081 383.127
4999 379.127
4915 374.127
4830 370.127
4743 366.127
4654 361.127
4568 357.127
4481 353.127
4392 349.127
4300 344.127
4208 340.127
4115 336.127
4025 331.127
3935 327.127
3846 323.127
3758 319.127
3670 314.127
9959 311.953
10009 1021.33
1769 423.127
10008 236.184
7779 232
1771 112.533
1861 108.533
1770 427.127
1578 418.127
1577 414.127
1576 410.127
1575 406.127
1574 402.127
1573 398.127
1572 394.127
1774 115.533
10005 170.85
1817 255.127
1819 263.127
1818 259.127
1821 271.127
9999 261.739
963 256.08
1036 252.08
1035 248.08
1103 241.224
1034 234.224
1033 230.224
1032 226.226
10013 225.397
1031 222.127
1100 218.127
1809 223.127
1808 219.127
1811 231.127
1810 227.127
1813 239.127
1812 235.127
1814 243.127
10041 78.973
1801 191.127
10040 458.242
6007 406.308
6164 396.308
6239 392.308
1800 187.127
1799 183.127
10043 151.51
1803 199.127
10042 54.405
3393 52
3299 48
3203 44
3204 40
3205 36
3206 32
1802 195.127
10045 1133.67
1805 207.127
1804 203.127
10044 360.817
2783 358.127
2698 354.127
2615 350.127
2529 345.127
2444 341.127
2443 337.127
2357 333.127
2269 328.127
2183 324.127
2182 320.127
2181 316.127
2180 312.127
2179 308.127
2178 304.127
2088 300.127
2087 296.127
1996 292.127
1907 287.127
1824 283.127
1823 279.127
10047 236.233
1807 215.127
10046 657.262
1806 211.127
10033 117.832
10032 1042.91
10035 194.037
7090 193
10034 193.97
10037 109.325
1797 175.839
10049 170.869
10036 118.489
10039 1785.8
10038 139.55
10027 106.195
1945 103.533
10026 177.554
1850 387.127
1849 383.127
1848 379.127
10029 175.959
703 173
10028 864.4
10031 64.098
10030 137.03
1841 351.127
1840 347.127
1839 343.127
1843 359.127
1842 355.127
1845 367.127
1844 363.127
1846 371.127
1755 367.127
10073 10.124
3025 8
1833 319.127
1832 315.127
1831 311.127
1830 307.127
1829 303.127
10072 23.289
3312 17
3311 13
3310 9
3214 5
10075 66.312
2042 64
2041 60
2040 56
2039 52
1835 327.127
10074 81.764
1834 323.127
1837 335.127
1836 331.127
1838 339.127
10065 84.782
10064 182.982
3838 180.004
10067 61.904
4358 56
4268 52
4176 48
4087 44
3998 40
3910 36
3822 32
3736 28
3654 24
3569 20
3489 16
3404 12
3308 8
10066 84.497
10069 60.659
3478 57.999
10068 36.214
3828 34
3741 30
3658 25
3572 21
3491 17
10071 131.253
5873 128
5798 124
5723 120
5643 116
5566 112
5481 108
5390 104
5298 100
5210 96
5131 92
5049 88
4965 84
4881 80
4796 76
4709 72
4627 68
4542 64
4454 60
4365 56
4275 52
4182 48
10070 207.507
10057 121.494
3580 118.025
3747 110
3836 106
3925 102
4014 98
10056 107.91
2036 103.533
2128 99.533
1880 179.839
10059 344.812
1883 191.127
1882 187.127
10061 49.912
1885 199.127
10060 26.336
2651 20
2739 16
2827 12
2924 8
1884 195.127
10063 353.738
6712 351.956
6788 347.956
6861 342.956
6933 338.956
6934 334.956
6935 330.956
1887 207.127
10062 362.21
1886 203.127
1873 86
1872 82
10051 449.163
10050 178.654
2401 173.895
2315 169.895
2228 165.895
2142 161.895
2052 157.895
1963 153.895
1879 147.895
1794 143.895
10053 212.689
7354 210
10055 454.792
10054 325.477
1860 427.127
1859 423.127
1858 419.127
1767 415.127
1913 311.127
1912 307.127
1911 303.127
1828 299.127
1915 319.127
1914 315.127
1917 327.127
1916 323.127
1919 335.127
1918 331.127
1905 279.127
1904 275.127
1903 271.127
1902 267.127
1897 247.127
1896 243.127
1895 239.127
1898 251.127
1901 263.127
1889 215.127
1888 211.127
1891 223.127
1890 219.127
1893 231.127
1892 227.127
1894 235.127
1944 103.533
2033 99.533
2126 95.533
2217 91.533
2304 87.533
1947 107.533
1951 60
1950 56
1929 375.127
1928 371.127
1930 379.127
1847 375.127
1756 371.127
1921 343.127
1920 339.127
1923 351.127
1922 347.127
1925 359.127
1924 355.127
1927 367.127
1926 363.127
1977 216.127
1976 212.127
1979 224.127
1978 220.127
1981 232.127
1980 228.127
1983 240.127
1982 236.127
1969 184.839
1968 183.839
1971 192.127
1973 200.127
1972 196.127
1975 208.127
1974 204.127
1965 172.895
1964 168.895
2053 161.895
1967 180.895
1966 176.895
1954 71
2043 67
2009 344.127
2008 340.127
2011 352.127
2010 348.127
2013 360.127
2012 356.127
2015 368.127
2014 364.127
2001 312.127
2000 308.127
2003 320.127
2002 316.127
2005 328.127
2004 324.127
2007 336.127
2006 332.127
1992 276.127
1994 284.127
1997 296.127
1908 291.127
1999 304.127
1910 299.127
1827 295.127
1826 291.127
1998 300.127
1909 295.127
1985 248.127
1984 244.127
1987 256.127
1986 252.127
1988 260.127
1991 272.127
1990 268.127
2034 99.533
2024 404.127
1935 399.127
1852 395.127
1761 391.127
1663 386.127
1569 382.127
1568 378.127
1567 374.127
1566 370.127
1565 366.127
2027 416.127
1938 411.127
1937 407.127
1936 403.127
2017 376.127
2016 372.127
2019 384.127
2018 380.127
2021 392.127
1932 387.127
1931 383.127
2020 388.127
2023 400.127
1934 395.127
1933 391.127
2022 396.127
2073 240.127
2072 236.127
2075 248.127
2074 244.127
2077 256.127
2076 252.127
2079 264.127
2078 260.127
2065 208.127
2064 204.127
2067 216.127
2066 212.127
2069 224.127
2068 220.127
2071 232.127
2070 228.127
2057 177.895
2056 173.895
2055 169.895
2054 165.895
2059 185.895
2058 181.895
2060 188.839
2063 200.127
2062 196.127
2105 368.127
2104 364.127
2103 360.127
2102 356.127
2107 376.127
2106 372.127
2109 384.127
2108 380.127
2110 388.127
2097 336.127
2096 332.127
2099 344.127
2098 340.127
2101 352.127
2100 348.127
2091 312.127
2090 308.127
2089 304.127
2093 320.127
2092 316.127
2095 328.127
2094 324.127
2083 280.127
2085 288.127
2084 284.127
2086 292.127
1995 288.127
1906 283.127
2143 165.895
2131 48
2221 44
2308 40
2133 56
2223 52
2310 48
2132 52
2222 48
2309 44
2134 60
2224 56
2311 52
2125 95.533
2113 400.127
2169 268.127
2168 264.127
2167 260.127
2171 276.127
2170 272.127
2173 284.127
2175 292.127
2174 288.127
2161 236.127
2160 232.127
2159 228.127
2163 244.127
2162 240.127
2165 252.127
2164 248.127
2166 256.127
2153 204.127
2152 200.127
2155 212.127
2154 208.127
2158 224.127
2157 220.127
2156 216.127
2145 173.895
2144 169.895
2147 181.895
2146 177.895
2148 185.895
2150 192.839
2201 396.127
2111 392.127
2193 364.127
2192 360.127
2191 356.127
2190 352.127
2189 348.127
2195 372.127
2194 368.127
2197 380.127
2196 376.127
2199 388.127
2198 384.127
2185 332.127
2184 328.127
2187 340.127
2186 336.127
2188 344.127
2176 296.127
2233 185.895
2232 181.895
2235 193.895
2234 189.895
2236 196.839
2239 208.127
2238 204.127
2225 59
2229 169.895
2231 177.895
2230 173.895
2216 92.533
2219 48
2267 320.127
2266 316.127
2268 324.127
2271 336.127
2270 332.127
2257 280.127
2256 276.127
2255 272.127
2254 268.127
2259 288.127
2261 296.127
2260 292.127
2249 248.127
2248 244.127
2247 240.127
2246 236.127
2245 232.127
2244 228.127
2243 224.127
2251 256.127
2250 252.127
2253 264.127
2252 260.127
2281 376.127
2280 372.127
2279 368.127
2278 364.127
2277 360.127
2283 384.127
2282 380.127
2285 392.127
2284 388.127
2286 396.127
2273 344.127
2272 340.127
2275 352.127
2274 348.127
2276 356.127
2331 229.127
2330 225.127
2242 220.127
2333 237.127
2332 233.127
2335 245.127
2334 241.127
2321 190.895
2320 186.895
2323 198.895
2322 194.895
2324 201.839
2317 174.895
2316 170.895
2319 182.895
2318 178.895
2306 36
2361 349.127
2360 345.127
2363 357.127
2362 353.127
2365 365.127
2364 361.127
2367 373.127
2366 369.127
2353 317.127
2265 312.127
2352 313.127
2264 308.127
2355 325.127
2354 321.127
2356 329.127
2359 341.127
2358 337.127
2345 285.127
2344 281.127
2347 293.127
2348 297.127
2337 253.127
2336 249.127
2339 261.127
2338 257.127
2341 269.127
2340 265.127
2343 277.127
2342 273.127
2393 87.595
2479 80.595
2394 32
2480 28
2564 24
2397 40
2396 36
2387 453.127
2299 448.127
2298 444.127
2297 440.127
2296 436.127
2210 432.127
2120 428.127
2029 424.127
2369 381.127
2368 377.127
2371 389.127
2370 385.127
2373 397.127
2372 393.127
2375 405.127
2287 400.127
2374 401.127
2425 265.127
2424 261.127
2427 273.127
2426 269.127
2429 281.127
2428 277.127
2431 289.127
2430 285.127
2419 241.127
2418 237.127
2417 233.127
2416 229.127
2415 225.127
2329 221.127
2241 216.127
2421 249.127
2420 245.127
2423 257.127
2422 253.127
2409 202.895
2408 198.895
2403 178.895
2402 174.895
2405 186.895
2404 182.895
2407 194.895
2406 190.895
2457 393.127
2456 389.127
2459 401.127
2458 397.127
2460 405.127
2449 361.127
2448 357.127
2447 353.127
2451 369.127
2450 365.127
2453 377.127
2452 373.127
2455 385.127
2454 381.127
2441 329.127
2440 325.127
2439 321.127
2438 317.127
2437 313.127
2351 309.127
2263 304.127
2177 300.127
2442 333.127
2445 345.127
2446 349.127
2433 297.127
2489 186.895
2488 182.895
2487 178.895
2490 190.895
2493 202.895
2492 198.895
2491 194.895
2495 209.839
2410 205.839
2483 36
2482 32
2485 44
2569 40
2656 36
2744 32
2832 28
2831 24
2830 20
2829 16
2486 177.895
2520 309.127
2435 305.127
2434 301.127
2523 321.127
2522 317.127
2525 329.127
2526 333.127
2513 281.127
2512 277.127
2511 273.127
2515 289.127
2514 285.127
2516 293.127
2519 305.127
2518 301.127
2505 249.127
2504 245.127
2503 241.127
2502 237.127
2501 233.127
2507 257.127
2506 253.127
2509 265.127
2508 261.127
2510 269.127
2498 221.127
2497 217.127
2412 213.127
2544 405.127
2537 377.127
2536 373.127
2539 385.127
2538 381.127
2541 393.127
2540 389.127
2543 401.127
2542 397.127
2528 341.127
2531 353.127
2530 349.127
2533 361.127
2532 357.127
2535 369.127
2534 365.127
2585 230.127
2499 225.127
2414 221.127
2328 217.127
2240 212.127
2587 238.127
2586 234.127
2500 229.127
2589 246.127
2588 242.127
2591 254.127
2590 250.127
2583 222.127
2570 44
2657 40
2745 36
2573 183.895
2572 182.895
2575 191.895
2574 187.895
2563 24
2617 358.127
2616 354.127
2619 366.127
2618 362.127
2621 374.127
2620 370.127
2623 382.127
2622 378.127
2609 326.127
2612 338.127
2614 346.127
2601 294.127
2600 290.127
2602 298.127
2605 310.127
2604 306.127
2606 314.127
2593 262.127
2592 258.127
2595 270.127
2594 266.127
2597 278.127
2596 274.127
2599 286.127
2598 282.127
2649 59
2650 55
2653 24
2655 32
2654 28
2625 390.127
2624 386.127
2627 398.127
2626 394.127
2629 406.127
2628 402.127
2630 410.127
2681 270.127
2680 266.127
2683 278.127
2682 274.127
2685 286.127
2684 282.127
2687 294.127
2686 290.127
2673 238.127
2672 234.127
2671 230.127
2584 226.127
2675 246.127
2674 242.127
2677 254.127
2676 250.127
2679 262.127
2678 258.127
2670 226.127
2659 186.895
2661 191.895
2660 187.895
2662 195.895
2713 414.127
2712 410.127
2711 406.127
2705 382.127
2704 378.127
2707 390.127
2706 386.127
2709 398.127
2708 394.127
2710 402.127
2699 358.127
2701 366.127
2700 362.127
2703 374.127
2702 370.127
2689 302.127
2688 298.127
2691 310.127
2693 318.127
2692 314.127
2694 322.127
2607 318.127
2521 313.127
2747 190.895
2746 38
2833 32
2749 191.895
2748 190.895
2751 199.895
2750 195.895
2741 20
2743 28
2742 24
2733 64
2777 302.127
2776 298.127
2778 306.127
2769 270.127
2768 266.127
2767 262.127
2771 278.127
2770 274.127
2773 286.127
2772 282.127
2775 294.127
2774 290.127
2761 238.127
2760 234.127
2763 246.127
2762 242.127
2765 254.127
2764 250.127
2766 258.127
2793 394.127
2792 390.127
2791 386.127
2795 402.127
2794 398.127
2797 410.127
2796 406.127
2799 418.127
2798 414.127
2785 362.127
2784 358.127
2787 370.127
2786 366.127
2789 378.127
2788 374.127
2790 382.127
2840 204.895
2845 224.895
2756 219.895
2667 215.895
2580 211.895
2494 206.895
2835 194.895
2837 195.895
2836 194.895
2839 200.895
2838 196.895
2822 48
2873 363.127
2872 362.127
2875 371.127
2874 367.127
2877 379.127
2876 375.127
2879 387.127
2878 383.127
2865 303.127
2864 299.127
2867 311.127
2866 307.127
2869 319.127
2868 315.127
2871 327.127
2870 323.127
2857 271.127
2856 267.127
2859 279.127
2858 275.127
2861 287.127
2860 283.127
2863 295.127
2862 291.127
2850 243.127
2855 263.127
2854 259.127
2909 67
2910 63
2911 59
3014 52
3015 48
3016 44
3017 40
3110 36
3111 32
2888 423.127
2881 395.127
2880 391.127
2883 403.127
2882 399.127
2885 411.127
2884 407.127
2887 419.127
2886 415.127
2928 20
2927 16
2926 12
3028 8
3120 4
2930 28
3032 24
3124 20
3123 16
3122 12
3121 8
2933 203.895
2834 196.895
2932 207.895
2935 198.895
2921 16
3024 12
2923 8
3026 4
2922 12.457
2913 52
2912 56
2915 44
2914 48
2969 319.127
2968 315.127
2971 327.127
2970 323.127
2973 366.127
2972 366.126
10101 361.239
2975 371.127
2974 367.127
2961 287.127
2960 283.127
2959 279.127
2958 275.127
2963 295.127
2962 291.127
2965 303.127
2964 299.127
2967 311.127
2966 307.127
2952 251.127
2951 247.127
2950 243.127
2955 263.127
2957 271.127
2956 267.127
2946 228.895
2945 224.895
2844 220.895
2755 215.895
2666 211.895
2579 207.895
2985 411.127
2984 407.127
2987 419.127
2986 415.127
2989 427.127
2988 423.127
2977 379.127
2976 375.127
2979 387.127
2978 383.127
2981 395.127
2980 391.127
2983 403.127
2982 399.127
3033 27
3035 211.895
3034 215.895
2931 211.895
3036 207.895
3039 202.895
2936 198.895
3018 36
3021 24
3022 20
3023 16
3020 28
3013 70
3012 74
3065 326.127
3064 322.127
3063 318.127
3062 314.127
3061 310.127
3060 306.127
3059 302.127
3058 298.127
3057 294.127
3056 290.127
3055 286.127
3054 282.127
3053 278.127
3052 274.127
3051 270.127
3050 266.127
3049 262.127
3048 258.127
3047 254.127
3067 370.126
3066 369.127
3069 371.127
3068 370.127
3071 379.127
3070 375.127
3040 202.895
3081 419.127
3080 415.127
3083 427.127
3082 423.127
3084 431.127
3073 387.127
3072 383.127
3075 395.127
3074 391.127
3077 403.127
3076 399.127
3079 411.127
3078 407.127
3127 208.895
3037 204.895
2934 200.895
3109 40
3108 44
3161 374.126
3160 370.127
3163 375.127
3162 374.127
3165 383.127
3164 379.127
3167 391.127
3166 387.127
3152 310.127
3155 322.127
3154 318.127
3153 314.127
3156 326.127
3145 282.127
3144 278.127
3147 290.127
3146 286.127
3149 298.127
3148 294.127
3151 306.127
3150 302.127
3141 266.127
3140 262.127
3139 258.127
3143 274.127
3142 270.127
3177 431.127
3176 427.127
3175 423.127
3174 419.127
3173 415.127
3178 435.127
3169 399.127
3168 395.127
3171 407.127
3170 403.127
3172 411.127
3231 267.127
3219 212.895
3218 215.895
3126 211.895
3220 210.895
3128 206.895
3038 202.895
3209 20
3210 16
3208 24
3211 12
3207 28
3257 380.127
3256 379.127
3259 388.127
3258 384.127
3261 396.127
3260 392.127
3263 404.127
3262 400.127
3251 360.127
3250 356.127
3253 368.127
3252 364.127
3255 376.127
3254 372.127
3241 307.127
3240 303.127
3245 323.127
3244 319.127
3246 327.127
3233 275.127
3232 271.127
3239 299.127
3238 295.127
3272 440.127
3275 452.127
3181 447.127
3087 443.127
3086 439.127
2991 435.127
2890 431.127
2801 426.127
2800 422.127
3265 412.127
3264 408.127
3267 420.127
3266 416.127
3269 428.127
3268 424.127
3271 436.127
3270 432.127
3304 24
3298 52
3300 44
3303 28
3353 392.127
3352 388.127
3351 384.127
3355 400.127
3354 396.127
3357 408.127
3356 404.127
3359 416.127
3358 412.127
3345 361.127
3344 357.127
3343 353.127
3342 349.127
3341 345.127
3346 365.127
3349 377.127
3348 373.127
3347 369.127
3350 381.127
3361 424.127
3360 420.127
3363 432.127
3362 428.127
3365 440.127
3364 436.127
3417 310.127
3416 306.127
3419 318.127
3418 314.127
3421 326.127
3420 322.127
3422 330.127
3408 201.004
3497 196.004
3582 192.004
3665 188.004
3750 184.004
3401 20
3402 16
3399 28
3449 438.127
3448 434.127
3447 430.127
3446 426.127
3445 422.127
3450 442.127
3453 454.127
3452 450.127
3451 446.127
3481 48
3395 44
3301 40
3485 32
3487 20
3477 61.999
3513 355.127
3512 351.127
3515 363.127
3514 359.127
3517 371.127
3516 367.127
3519 379.127
3518 375.127
3505 323.127
3504 319.127
3507 331.127
3506 327.127
3509 339.127
3508 335.127
3510 343.127
3503 315.127
3502 311.127
3492 21
3529 419.127
3528 415.127
3531 427.127
3533 435.127
3532 431.127
3535 443.127
3534 439.127
3521 387.127
3520 383.127
3523 395.127
3522 391.127
3525 403.127
3524 399.127
3527 411.127
3526 407.127
3579 122.025
3581 122.025
3561 545.127
3475 540.127
3390 535.127
3296 530.127
3202 525.127
3564 44
3483 40
3397 36
3302 32
3609 399.127
3608 395.127
3611 407.127
3610 403.127
3613 415.127
3612 411.127
3615 423.127
3614 419.127
3601 367.127
3600 363.127
3599 359.127
3603 375.127
3602 371.127
3605 383.127
3604 379.127
3607 391.127
3606 387.127
3593 335.127
3592 331.127
3591 327.127
3590 323.127
3595 343.127
3594 339.127
3597 351.127
3511 347.127
3596 347.127
3598 355.127
3589 319.127
3588 315.127
3624 459.127
3623 455.127
3622 451.127
3536 447.127
3619 439.127
3618 435.127
3620 443.127
3673 323.127
3672 319.127
3675 331.127
3674 327.127
3677 339.127
3676 335.127
3679 347.127
3678 343.127
3705 451.127
3704 447.127
3707 459.127
3706 455.127
3697 419.127
3696 415.127
3695 411.127
3694 407.127
3699 427.127
3698 423.127
3700 431.127
3703 443.127
3702 439.127
3689 387.127
3688 383.127
3691 395.127
3690 391.127
3693 403.127
3692 399.127
3681 355.127
3680 351.127
3683 363.127
3682 359.127
3685 371.127
3684 367.127
3687 379.127
3686 375.127
3742 34
3659 29
3730 52
3731 48
3649 44
3650 40
3566 36
3734 40
3652 36
3769 360.127
3768 356.127
3771 368.127
3770 364.127
3773 376.127
3772 372.127
3775 384.127
3774 380.127
3761 328.127
3760 324.127
3763 336.127
3762 332.127
3765 344.127
3764 340.127
3767 352.127
3766 348.127
3753 189.004
3842 185.004
3931 181.004
4019 177.004
4108 173.004
4199 169.004
4291 165.004
4471 155.004
3752 186.004
3841 182.004
3930 178.004
4018 174.004
4107 170.004
4198 166.004
4290 162.004
3746 114
3748 110
3751 186.004
3840 182.004
3929 178.004
4017 174.004
4106 170.004
3793 456.127
3792 452.127
3795 464.127
3796 468.127
3708 463.127
3785 424.127
3784 420.127
3787 432.127
3786 428.127
3788 436.127
3791 448.127
3790 444.127
3777 392.127
3776 388.127
3779 400.127
3778 396.127
3781 408.127
3780 404.127
3783 416.127
3782 412.127
3833 54
3832 50
3745 46
3662 41
3661 37
3575 33
3494 29
3493 25
3835 106
3834 58
3837 106
3926 102
3825 32
3829 38.32
3819 48
3732 44
3821 36
3735 32
3865 396.127
3864 392.127
3867 404.127
3866 400.127
3869 412.127
3868 408.127
3871 420.127
3870 416.127
3857 364.127
3856 360.127
3855 356.127
3859 372.127
3858 368.127
3861 380.127
3860 376.127
3863 388.127
3862 384.127
3849 332.127
3848 328.127
3851 340.127
3850 336.127
3853 348.127
3852 344.127
3854 352.127
3889 492.127
3888 488.127
3800 484.127
3712 479.127
3628 475.127
3542 471.127
3456 466.127
3455 462.127
3454 458.127
3881 460.127
3880 456.127
3883 468.127
3882 464.127
3794 460.127
3885 476.127
3797 472.127
3709 467.127
3884 472.127
3887 484.127
3886 480.127
3798 476.127
3710 471.127
3873 428.127
3872 424.127
3875 436.127
3874 432.127
3876 440.127
3879 452.127
3878 448.127
3932 329.514
3921 54
3920 50
3831 46
3744 42
3923 62
3922 58
3924 103
4013 99
3914 36
3907 48
3909 40
3961 428.127
3960 424.127
3963 436.127
3962 432.127
3965 444.127
3964 440.127
3967 452.127
3953 396.127
3952 392.127
3955 404.127
3954 400.127
3957 412.127
3956 408.127
3959 420.127
3958 416.127
3945 364.127
3944 360.127
3947 372.127
3946 368.127
3949 380.127
3948 376.127
3951 388.127
3950 384.127
3943 356.127
3977 492.127
3976 488.127
3975 484.127
3974 480.127
3979 500.127
3890 496.127
3802 492.127
3714 487.127
3630 483.127
3544 479.127
3458 474.127
3457 470.127
3978 496.127
3969 460.127
3968 456.127
3971 468.127
3970 464.127
3973 476.127
3972 472.127
4024 330.127
3934 326.127
4031 352.127
4030 348.127
4029 344.127
4028 340.127
4027 336.127
4023 330.127
4011 62
4010 58
4003 40
4006 45
3917 41
4059 464.127
4058 460.127
4061 472.127
4060 468.127
4063 480.127
4062 476.127
4049 424.127
4048 420.127
4047 416.127
4046 412.127
4045 408.127
4051 432.127
4050 428.127
4053 440.127
4052 436.127
4055 448.127
4054 444.127
4041 392.127
4040 388.127
4043 400.127
4042 396.127
4044 404.127
4033 360.127
4032 356.127
4034 364.127
4037 376.127
4039 384.127
4038 380.127
4091 44
4002 40
4065 488.127
4064 484.127
4067 496.127
4066 492.127
4069 504.127
4068 500.127
4071 512.127
3981 508.127
3892 504.127
3804 500.127
3716 495.127
3632 491.127
3631 487.127
4070 508.127
4121 357.127
4123 365.127
4122 361.127
4112 334.127
4104 168.004
4111 334.127
4022 330.127
3933 326.127
4097 62
4096 50
4101 98
4153 485.127
4152 481.127
4155 493.127
4154 489.127
4157 501.127
4156 497.127
4159 509.127
4158 505.127
4145 453.127
4144 449.127
4149 469.127
4148 465.127
4151 477.127
4150 473.127
4137 421.127
4136 417.127
4139 429.127
4138 425.127
4141 437.127
4140 433.127
4143 445.127
4142 441.127
4131 397.127
4130 393.127
4133 405.127
4132 401.127
4135 413.127
4134 409.127
4184 49
4094 45
4177 48
4088 44
3999 40
4173 60
4084 56
3995 52
3996 48
3997 44
4172 60
4083 56
3994 52
4175 52
4161 517.127
4160 513.127
4162 521.127
4072 516.127
3982 512.127
3893 508.127
3805 504.127
3717 499.127
3633 495.127
3547 491.127
3461 486.127
3460 482.127
3459 478.127
4216 369.127
4215 365.127
4214 361.127
4213 357.127
4120 353.127
4203 338.127
4249 501.127
4248 497.127
4251 509.127
4250 505.127
4253 517.127
4252 513.127
4255 525.127
4254 521.127
4241 469.127
4243 477.127
4242 473.127
4245 485.127
4244 481.127
4247 493.127
4246 489.127
4233 437.127
4232 433.127
4231 429.127
4235 445.127
4234 441.127
4237 453.127
4236 449.127
4224 401.127
4223 397.127
4222 393.127
4221 389.127
4128 385.127
4227 413.127
4226 409.127
4225 405.127
4229 421.127
4228 417.127
4230 425.127
4281 66
4280 62
4279 58
4278 54
4283 74
4282 70
4274 52
4277 53
4265 64
4264 68
4171 64
4082 60
3993 56
4266 64
4256 529.127
4263 72
4262 553.127
4261 549.127
4260 545.127
4167 541.127
4077 536.127
4076 532.127
4075 528.127
4074 524.127
3984 520.127
3983 516.127
3894 512.127
4317 409.127
4316 405.127
4315 401.127
4319 417.127
4318 413.127
4305 361.127
4289 160.004
4380 156.004
4295 342.127
4204 338.127
4294 342.127
4345 521.127
4344 517.127
4343 513.127
4342 509.127
4347 529.127
4346 525.127
4348 533.127
4337 489.127
4336 485.127
4335 481.127
4334 477.127
4339 497.127
4338 493.127
4341 505.127
4340 501.127
4329 457.127
4328 453.127
4327 449.127
4326 445.127
4325 441.127
4320 421.127
4323 433.127
4324 437.127
4377 91
4376 87
4285 82
4284 78
4371 67
4373 75
4372 71
4375 83
4374 79
4361 56
4271 52
4360 56
4270 52
4178 48
4364 56
4355 70
4354 74
4357 60
4409 414.127
4408 410.127
4411 422.127
4410 418.127
4413 430.127
4321 425.127
4412 426.127
4415 438.127
4414 434.127
4322 429.127
4395 358.127
4303 353.127
4302 349.127
4210 345.127
4394 354.127
4387 346.127
4296 342.127
4388 346.127
4297 342.127
4205 338.127
4441 542.127
4349 537.127
4440 538.127
4442 546.127
4350 541.127
4258 537.127
4165 533.127
4445 74
4444 554.127
4352 549.127
4447 60
4433 510.127
4432 506.127
4435 518.127
4434 514.127
4437 526.127
4436 522.127
4438 530.127
4429 494.127
4431 502.127
4430 498.127
4417 446.127
4416 442.127
4419 454.127
4418 450.127
4421 462.127
4420 458.127
4465 91
4464 87
4463 83
4459 67
4458 63
4369 59
4461 75
4460 71
4462 79
4449 60
4448 60
4453 60
4452 60
4505 446.127
4504 442.127
4507 454.127
4506 450.127
4508 458.127
4497 414.127
4496 410.127
4407 406.127
4499 422.127
4498 418.127
4501 430.127
4500 426.127
4503 438.127
4502 434.127
4488 378.127
4487 374.127
4398 370.127
4306 365.127
4485 366.127
4484 362.127
4486 370.127
4536 64
4538 64
4541 64
4540 64
4529 542.127
4528 538.127
4527 534.127
4531 550.127
4530 546.127
4533 78
4532 554.127
4443 550.127
4351 545.127
4534 82
4521 510.127
4520 506.127
4519 502.127
4518 498.127
4523 518.127
4522 514.127
4525 526.127
4524 522.127
4526 530.127
4571 366.127
4570 362.127
4483 358.127
4573 374.127
4572 370.127
4575 382.127
4574 378.127
4553 95
4552 91
4554 99
4546 67
4549 79
4548 75
4551 87
4550 83
4593 454.127
4592 450.127
4595 462.127
4594 458.127
4596 466.127
4509 462.127
4587 430.127
4586 426.127
4589 438.127
4588 434.127
4591 446.127
4590 442.127
4576 386.127
4633 75
4632 71
4635 83
4634 79
4639 99
4638 95
4625 68
4626 68
4617 550.127
4616 546.127
4615 542.127
4619 82
4618 554.127
4621 68
4623 68
4609 518.127
4608 514.127
4611 526.127
4610 522.127
4613 534.127
4612 530.127
4614 538.127
4657 370.127
4659 378.127
4658 374.127
4660 382.127
4642 110
4697 530.127
4696 526.127
4699 538.127
4698 534.127
4701 546.127
4700 542.127
4702 550.127
4681 466.127
4680 462.127
4683 474.127
4682 470.127
4684 478.127
4674 438.127
4673 434.127
4672 430.127
4671 426.127
4585 422.127
4677 450.127
4676 446.127
4679 458.127
4678 454.127
4730 138.036
4721 100
4720 96
4637 91
4636 87
4722 104
4725 115
4724 112
4641 107
4640 103
4713 74
4630 69
4544 65
4456 61
4367 57
4715 76
4714 75
4631 70
4545 66
4457 62
4368 58
4717 84
4716 80
4718 88
4705 72
4707 72
4708 72
4763 443.127
4765 451.127
4767 459.127
4766 455.127
4747 379.127
4746 375.127
4749 387.127
4748 383.127
4750 391.127
4661 386.127
4795 76
4794 76
4785 531.127
4787 539.127
4786 535.127
4789 547.127
4788 543.127
4791 555.127
4790 551.127
4769 467.127
4768 463.127
4771 475.127
4772 479.127
4817 134
4816 130
4815 126
4818 138
4809 104
4808 100
4807 96
4719 92
4811 112
4810 108
4813 119
4812 116
4801 78
4803 80
4802 79
4804 84
4806 92
4860 487.127
4859 483.127
4858 479.127
4863 499.127
4776 495.127
4687 490.127
4853 459.127
4852 455.127
4851 451.127
4850 447.127
4855 467.127
4854 463.127
4843 419.127
4756 415.127
4667 410.127
4666 406.127
4580 402.127
4493 398.127
4404 394.127
4312 389.127
4220 385.127
4219 381.127
4218 377.127
4125 373.127
4035 368.127
4835 387.127
4834 383.127
4839 403.127
4838 399.127
4837 395.127
4889 84
4888 83
4891 92
4890 88
4893 100
4892 96
4895 108
4894 104
4880 80
4883 80
4798 76
4710 72
4628 68
4882 80
4887 82
4873 539.127
4872 535.127
4871 531.127
4875 547.127
4874 543.127
4877 555.127
4876 551.127
4878 80
4865 507.127
4864 503.127
4777 499.127
4688 494.127
4918 383.127
4917 379.127
4832 375.127
4745 371.127
4656 366.127
4897 116
4896 112
4899 123
4898 120
4901 130
4903 138
4902 134
4957 539.127
4959 547.127
4958 543.127
4945 491.127
4944 487.127
4947 499.127
4862 495.127
4775 491.127
4686 486.127
4685 482.127
4946 495.127
4949 507.127
4948 503.127
4950 511.127
4937 459.127
4936 455.127
4939 467.127
4938 463.127
4940 471.127
4942 479.127
4857 475.127
4856 471.127
4984 128
4986 135
4977 101
4979 109
4978 105
4981 117
4980 113
4983 125
4982 121
4968 84
4884 80
4973 88
4972 87
4974 89
4961 555.127
4960 551.127
4964 84
4967 84
4966 84
5020 460.127
5022 468.127
5011 424.127
4927 419.127
4926 415.127
4841 411.127
4840 407.127
4753 403.127
4664 398.127
4663 394.127
4577 390.127
5015 440.127
4931 435.127
4930 431.127
4929 427.127
4928 423.127
5051 88
5050 88
5052 88
5041 544.127
5043 552.127
5042 548.127
5044 556.127
5033 512.127
5032 508.127
5027 488.127
4943 483.127
5026 484.127
5031 504.127
5030 500.127
5065 121
5064 117
5057 92
5056 91
5059 97
4975 93
5061 105
5060 101
4976 97
5063 113
5062 109
5113 508.127
5112 504.127
5111 500.127
5110 496.127
5028 492.127
5101 460.127
5100 456.127
5099 452.127
5098 448.127
5016 444.127
4932 439.127
5102 464.127
5093 428.127
5092 424.127
5010 420.127
5094 432.127
5012 428.127
5145 117
5144 113
5143 109
5142 105
5141 101
5140 97
5058 93
5136 93
5054 89
4970 85
5139 96
5138 95
5129 92
5130 92
5048 88
5133 92
5132 92
5123 548.127
5125 556.127
5124 552.127
5126 560.127
5176 444.127
5175 440.127
5174 436.127
5173 432.127
5172 428.127
5171 424.127
5091 420.127
5009 416.127
4925 411.127
5209 96
5208 96
5211 96
5213 96
5134 92
5212 96
5203 552.127
5205 560.127
5204 556.127
5193 512.127
5192 508.127
5194 516.127
5114 512.127
5224 118
5216 98
5219 101
5218 100
5221 106
5220 102
5223 114
5222 110
5275 513.127
5274 509.127
5191 504.127
5190 500.127
5189 496.127
5188 492.127
5187 488.127
5186 484.127
5106 480.127
5105 476.127
5104 472.127
5276 517.127
5304 102
5307 105
5306 104
5309 110
5308 106
5311 118
5310 114
5296 100
5301 100
5303 101
5215 97
5295 100
5287 561.127
5361 509.127
5273 505.127
5401 114
5400 110
5402 118
5393 104
5392 104
5395 105
5396 106
5399 109
5398 108
5465 561.127
5489 112
5491 114
5490 113
5493 122
5492 118
5483 108
5484 108
5487 110
5486 109
5472 115
5567 112
5482 108
5391 104
5299 100
5554 131
5469 127
5585 155
5661 151
5584 147
5498 142
5407 138
5406 134
5405 130
5404 126
5312 122
5577 119
5576 118
5579 127
5580 131
5494 126
5403 122
5569 112
5568 112
5571 113
5573 115
5572 114
5575 117
5626 562.127
5549 557.127
5548 553.127
5547 549.127
5546 545.127
5460 541.127
5459 537.127
5458 533.127
5366 529.127
5278 525.127
5195 520.127
5657 135
5656 131
5659 143
5582 139
5496 134
5658 139
5581 135
5495 130
5660 147
5583 143
5497 138
5662 155
5649 118
5648 117
5650 119
5652 121
5655 127
5578 123
5645 116
5644 116
5646 116
5695 522.127
5694 518.127
5693 514.127
5613 510.127
5536 505.127
5535 501.127
5449 497.127
5357 493.127
5356 489.127
5268 485.127
5185 480.127
5725 120
5724 120
5726 120
5737 139
5736 135
5735 131
5739 147
5738 143
5740 151
5729 122
5728 121
5730 123
5733 126
5653 122
5734 127
5654 123
5809 131
5808 130
5732 125
5811 136
5810 132
5813 144
5812 140
5815 152
5814 148
5801 124
5800 124
5803 125
5805 127
5804 126
5806 128
5799 124
5881 132
5880 131
5883 134
5885 136
5884 135
5887 144
5886 140
5872 128
5875 128
5874 128
5876 128
5879 130
5878 129
5864 128
5790 124
5715 120
5636 116
5560 112
5475 108
5385 104
5862 131
5889 152
5888 148
5947 132
5949 132
5950 132
5939 132
5865 128
5961 148
5960 144
5962 152
5953 134
5952 133
5955 136
5954 135
5957 138
5959 140
5958 139
6001 428.956
6082 423.956
6083 419.956
6159 415.956
6160 411.956
6161 407.956
6236 403.956
6311 398.956
6312 394.956
6000 567.127
5999 563.127
5926 559.127
5852 555.127
5777 550.127
5701 546.127
5621 542.127
5544 537.127
6003 420.956
6084 415.956
6002 424.956
6004 416.956
6085 411.956
6041 148
6040 144
6033 137
6035 139
6034 138
6036 140
6039 143
6038 142
6027 136
6029 136
6031 136
6030 136
6109 140
6111 140
6110 140
6081 427.956
6121 149
6120 148
6122 153
6113 141
6115 143
6114 142
6117 145
6116 144
6119 147
6162 403.956
6155 568.127
6079 563.127
6078 559.127
6077 555.127
5996 551.127
5995 547.127
5922 543.127
5848 539.127
5773 534.127
5697 530.127
5617 526.127
5540 521.127
5454 517.127
5362 513.127
6157 423.956
6158 419.956
6156 427.956
6193 147
6192 146
6195 149
6194 148
6197 151
6198 152
6187 144
6186 144
6189 144
6188 144
6191 145
6233 415.956
6308 410.956
6309 406.956
6310 402.956
6232 419.956
6307 414.956
6235 407.956
6234 411.956
6237 399.956
6231 423.956
6306 418.956
6230 568.127
6229 564.127
6153 560.127
6264 148
6267 150
6266 149
6269 152
6268 151
6270 153
6261 148
6263 148
6262 148
6241 171
6242 167
6243 163
6244 159
6170 155
6093 151
6094 147
6014 143
5935 139
5861 135
6318 175
6319 171
6305 422.956
6345 155
6344 154
6347 157
6346 156
6348 158
6351 161
6273 156
6339 152
6338 152
6341 152
6340 152
6343 153
6393 375.956
6394 371.956
6392 379.956
6385 407.956
6386 403.956
6387 399.956
6388 395.956
6389 391.956
6390 387.956
6391 383.956
6384 411.956
6381 423.956
6382 419.956
6383 415.956
6380 569.127
6303 564.127
6228 560.127
6227 556.127
6226 552.127
6225 548.127
6149 544.127
6073 539.127
6072 535.127
6071 531.127
6070 527.127
6069 523.127
5988 519.127
5987 515.127
5986 511.127
5913 507.127
5912 503.127
5838 499.127
5763 494.127
5687 490.127
5686 486.127
5685 482.127
5605 478.127
5528 473.127
5527 469.127
5526 465.127
5525 461.127
5524 457.127
5523 453.127
5522 449.127
5521 445.127
5520 441.127
5519 437.127
5518 433.127
5517 429.127
5516 425.127
5430 421.127
5429 417.127
5337 413.127
5336 409.127
5248 405.127
5165 400.127
5085 396.127
5003 392.127
4919 387.127
6425 160
6424 159
6426 161
6417 156
6416 156
6337 152
6260 148
6418 156
6420 156
6423 158
6422 157
6409 156
6331 152
6254 148
6180 144
6102 140
6022 136
5942 132
6411 156
6332 152
6255 148
6412 156
6333 152
6256 148
6181 144
6103 140
6023 136
5943 132
5868 128
5794 124
5719 120
5640 116
5564 112
5479 108
5389 104
5297 100
6415 156
6401 159
6323 155
6246 151
6172 147
6095 143
6015 139
5936 135
6459 420.956
6540 416.956
6620 411.956
6698 407.956
6774 403.956
6847 398.956
6919 394.956
6995 390.956
7066 385.956
7067 381.956
7068 377.956
7069 373.956
7138 369.956
7139 365.956
7140 361.956
7205 357.956
7206 353.956
7207 349.956
7208 345.956
7209 341.956
7210 337.956
7211 333.956
7278 329.956
7346 324.956
7415 320.956
7416 316.956
7417 312.956
6458 424.956
6461 412.956
6542 408.956
6622 403.956
6700 399.956
6776 395.956
6849 390.956
6921 386.956
6922 382.956
6998 378.956
6460 416.956
6541 412.956
6621 407.956
6699 403.956
6775 399.956
6848 394.956
6920 390.956
6463 404.956
6544 400.956
6624 395.956
6702 391.956
6778 387.956
6851 382.956
6852 378.956
6924 374.956
6925 370.956
6926 366.956
6927 362.956
7003 358.956
7074 353.956
7143 349.956
6462 408.956
6543 404.956
6623 399.956
6701 395.956
6777 391.956
6850 386.956
6483 163
6473 364.956
6472 368.956
6553 364.956
6633 359.956
6711 355.956
6477 351.956
6558 347.956
6638 342.956
6716 338.956
6792 334.956
6865 329.956
6937 325.956
7013 321.956
6476 352.956
6557 348.956
6637 343.956
6478 350.956
6559 346.956
6639 341.956
6717 337.956
6793 333.956
6866 328.956
6938 324.956
6465 396.956
6466 392.956
6547 388.956
6627 383.956
6628 379.956
6629 375.956
6630 371.956
6708 367.956
6709 363.956
6710 359.956
6464 400.956
6545 396.956
6625 391.956
6626 387.956
6467 388.956
6548 384.956
6469 380.956
6550 376.956
6468 384.956
6471 372.956
6552 368.956
6632 363.956
6470 376.956
6551 372.956
6631 367.956
6505 161
6507 163
6506 162
6508 164
6497 160
6499 160
6498 160
6500 160
6502 160
6419 156
6555 356.956
6635 351.956
6713 347.956
6554 360.956
6634 355.956
6546 392.956
6549 380.956
6539 420.956
6619 415.956
6697 411.956
6773 407.956
6846 402.956
6918 398.956
6585 164
6584 164
6586 164
6503 160
6589 166
6588 165
6591 168
6590 167
6579 164
6581 164
6580 164
6583 164
6582 164
6575 164
6493 160
6560 345.956
6640 340.956
6718 336.956
6565 167
6618 419.956
6651 168
6572 164
6489 160
6406 156
6327 152
6250 148
6175 144
6098 140
6018 136
6644 171
6665 168
6664 168
6667 169
6659 168
6658 168
6661 168
6660 168
6663 168
6662 168
6705 379.956
6781 375.956
6854 370.956
6704 383.956
6780 379.956
6853 374.956
6707 371.956
6706 375.956
6782 371.956
6855 366.956
6696 415.956
6703 387.956
6695 419.956
6771 415.956
6844 410.956
6916 406.956
6992 402.956
7063 397.956
6744 172
6746 173
6737 172
6736 172
6657 168
6578 164
6496 160
6414 156
6336 152
6259 148
6184 144
6106 140
6026 136
5946 132
5871 128
5797 124
5722 120
5642 116
6739 172
6738 172
6741 172
6740 172
6743 172
6742 172
6733 172
6655 168
6576 164
6735 172
6656 168
6577 164
6495 160
6413 156
6335 152
6258 148
6779 383.956
6783 367.956
6856 362.956
6928 358.956
7004 354.956
7075 349.956
7076 345.956
7145 341.956
6770 574.127
6694 570.127
6616 565.127
6615 561.127
6535 557.127
6534 553.127
6452 549.127
6451 545.127
6450 541.127
6372 537.127
6295 532.127
6294 528.127
6293 524.127
6218 520.127
6142 516.127
6066 511.127
5985 507.127
6772 411.956
6845 406.956
6917 402.956
6993 398.956
7064 393.956
6809 176
6734 172
6811 176
6810 176
6813 176
6812 176
6815 176
6814 176
6785 359.956
6858 354.956
6859 350.956
6860 346.956
6932 342.956
6784 363.956
6857 358.956
6787 351.956
6786 355.956
6789 343.956
6862 338.956
6790 339.956
6863 334.956
6843 414.956
6817 176
6816 176
6819 176
6818 176
6822 177
6870 180
6799 176
6724 172
6646 168
6567 164
6910 473.956
6889 180
6888 180
6890 180
6892 180
6881 180
6880 180
6883 180
6882 180
6885 180
6884 180
6887 180
6886 180
6941 184
6929 354.956
7005 350.956
6931 346.956
7007 342.956
7078 337.956
7147 333.956
7148 329.956
7149 325.956
7214 321.956
7215 317.956
7216 313.956
6930 350.956
7006 346.956
7077 341.956
7146 337.956
6923 378.956
6915 410.956
6914 414.956
6953 184
6952 184
6954 184
6957 184
6956 184
6959 184
6958 184
6951 184
7001 366.956
7072 361.956
7073 357.956
7000 370.956
7071 365.956
7002 362.956
6994 394.956
7065 389.956
7134 385.956
6997 382.956
6996 386.956
6999 374.956
7070 369.956
6985 438.956
7054 433.956
6984 442.956
7053 437.956
6987 430.956
7056 425.956
6986 434.956
7055 429.956
6989 414.956
7060 409.956
6988 426.956
7057 421.956
6991 406.956
7062 401.956
6990 410.956
7061 405.956
6977 470.956
7046 465.956
7047 461.956
7048 457.956
7049 453.956
7050 449.956
7119 445.956
7184 441.956
7251 437.956
7319 432.956
7388 428.956
7454 424.956
7455 420.956
7456 416.956
7457 412.956
7458 408.956
7459 404.956
7460 400.956
7461 396.956
7462 392.956
7463 388.956
7464 384.956
7465 380.956
7466 376.956
7467 372.956
7468 368.956
7469 364.956
7470 360.956
7471 356.956
7472 352.956
7473 348.956
7474 344.956
7475 340.956
7476 336.956
7477 332.956
7478 328.956
7479 324.956
6976 474.956
7045 469.956
7114 465.956
7179 461.956
7180 457.956
7247 453.956
7315 448.956
7316 444.956
7385 440.956
7451 436.956
7452 432.956
7453 428.956
6979 462.956
6978 466.956
6981 454.956
6980 458.956
6983 446.956
7052 441.956
7033 188
7032 188
7034 188
6960 184
7024 188
7027 188
7026 188
7029 188
6955 184
7028 188
7031 188
7030 188
7018 188
7009 334.956
7080 329.956
7081 325.956
7082 321.956
7151 317.956
7008 338.956
7079 333.956
7011 326.956
7010 330.956
7059 413.956
7058 417.956
7044 473.956
7097 192
7099 192
7098 192
7101 192
7100 192
7103 192
7102 192
7088 192
7095 192
7085 195
7015 191
6939 187
6868 183
6797 179
6722 175
7135 381.956
7113 469.956
7112 473.956
7115 461.956
7117 453.956
7118 449.956
7183 445.956
7116 457.956
7105 192
7104 192
7163 196
7093 192
7022 188
6947 184
6876 180
6805 176
6730 172
7162 205
7161 201
7160 197
7166 196
7158 196
7144 345.956
7150 321.956
7137 373.956
7202 369.956
7269 365.956
7136 377.956
7141 357.956
7142 353.956
7193 405.956
7260 401.956
7328 396.956
7397 392.956
7192 409.956
7259 405.956
7327 400.956
7396 396.956
7195 397.956
7262 393.956
7330 388.956
7331 384.956
7332 380.956
7401 376.956
7402 372.956
7194 401.956
7197 389.956
7196 393.956
7185 437.956
7252 433.956
7320 428.956
7321 424.956
7390 420.956
7187 429.956
7254 425.956
7322 420.956
7323 416.956
7324 412.956
7325 408.956
7326 404.956
7186 433.956
7253 429.956
7189 421.956
7256 417.956
7188 425.956
7255 421.956
7191 413.956
7258 409.956
7190 417.956
7257 413.956
7177 469.956
7244 465.956
7312 460.956
7313 456.956
7382 452.956
7383 448.956
7449 444.956
7450 440.956
7176 196
7106 192
7035 188
7178 465.956
7245 461.956
7181 453.956
7248 449.956
7182 449.956
7169 196
7168 196
7171 196
7170 196
7173 196
7175 196
7174 196
7224 200
7227 205
7229 200
7228 204
7231 200
7219 203
7154 199
7222 200
7213 325.956
7212 329.956
7279 325.956
7347 320.956
7201 373.956
7203 365.956
7270 361.956
7204 361.956
7271 357.956
7339 352.956
7261 397.956
7329 392.956
7398 388.956
7263 389.956
7249 445.956
7317 440.956
7318 436.956
7250 441.956
7241 200
7240 200
7243 469.956
7311 464.956
7242 200
7233 200
7235 200
7237 200
7236 200
7238 200
7172 196
7289 204
7288 204
7293 205
7226 201
7295 204
7294 208
7281 317.956
7349 312.956
7350 308.956
7351 304.956
7280 321.956
7348 316.956
7283 309.956
7282 313.956
7273 349.956
7341 344.956
7342 340.956
7343 336.956
7272 353.956
7340 348.956
7275 341.956
7274 345.956
7277 333.956
7345 328.956
7276 337.956
7344 332.956
7265 381.956
7333 376.956
7334 372.956
7264 385.956
7266 377.956
7268 369.956
7305 204
7304 204
7307 204
7306 204
7239 200
7310 468.956
7296 204
7298 204
7301 204
7303 204
7302 204
7353 300
7555 288
7357 208
7358 208
7376 208
7371 208
7370 208
7373 208
7372 208
7363 210
7362 209
7365 208
7367 208
7419 304.956
7420 300.956
7418 308.956
7422 214
7400 380.956
7403 368.956
7404 364.956
7405 360.956
7406 356.956
7395 400.956
7394 404.956
7399 384.956
7441 212
7440 212
7442 212
7374 208
7433 212
7364 208
7432 212
7435 212
7436 212
7439 212
7424 212
7426 212
7431 213
7430 212
7513 456
7514 452
7515 448
7516 444
7517 440
7518 436
7519 432
7520 428
7521 424
7522 420
7523 416
7524 412
7525 408
7526 404
7527 400
7528 396
7529 392
7530 388
7531 384
7532 380
7533 376
7534 372
7535 368
7536 364
7537 360
7538 356
7539 352
7540 348
7541 344
7542 340
7543 336
7544 332
7545 328
7546 324
7547 320
7548 316
7549 312
7550 308
7551 304
7552 300
7553 296
7554 292
7507 216
7506 216
7509 216
7443 212
7497 216
7499 216
7498 216
7501 216
7503 216
7502 216
7490 216
7492 216
7495 216
7579 220
7508 216
7580 220
7582 465
7655 461
7656 457
7657 453
7658 449
7659 445
7732 441
7806 436
7569 220
7568 220
7570 220
7573 220
7572 220
7574 220
7561 220
7563 220
7566 220
7559 222
7488 218
7609 357
7610 353
7611 349
7684 345
7685 341
7686 337
7687 333
7688 329
7689 325
7690 321
7691 317
7692 313
7765 309
7839 304
7840 300
7841 296
7842 292
7843 288
7608 361
7681 357
7682 353
7755 349
7829 344
7613 341
7612 345
7615 333
7614 337
7603 381
7676 377
7677 373
7750 369
7824 364
7825 360
7826 356
7827 352
7605 373
7606 369
7679 365
7752 361
7604 377
7607 365
7592 425
7665 421
7666 417
7667 413
7668 409
7669 405
7670 401
7671 397
7672 393
7673 389
7746 385
7820 380
7821 376
7640 224
7643 224
7642 224
7644 224
7647 224
7646 224
7635 224
7634 224
7637 224
7625 293
7698 289
7699 285
7700 281
7701 277
7774 273
7848 268
7624 297
7697 293
7627 285
7626 289
7629 277
7630 273
7703 269
7776 265
7850 260
7628 281
7617 325
7616 329
7619 317
7618 321
7621 309
7622 305
7695 301
7768 297
7620 313
7623 301
7678 369
7751 365
7654 224.123
10081 220.087
7707 228
7709 228
7710 228
7696 297
7769 293
7702 273
7775 269
7849 264
7693 309
7766 305
7694 305
7767 301
7680 361
7753 357
7683 349
7756 345
7830 340
7831 336
7713 228
7715 228
7716 228
7719 228
7718 228
7771 285
7845 280
7770 289
7844 284
7773 277
7847 272
7772 281
7846 276
7761 325
7835 320
7760 329
7834 324
7763 317
7837 312
7838 308
7762 321
7836 316
7764 313
7754 353
7828 348
7757 341
7759 333
7833 328
7758 337
7832 332
7792 232
7786 232
7789 232
7788 232
7791 232
7778 257
7852 252
7783 232
7782 232
7865 236
7864 236
7871 236
7798 232
7724 228
7651 224
7577 220
7856 236
7859 236
7861 236
7862 236
7855 236
7929 240
7931 240
7933 240
7935 240
7936 240
7938 240
7942 240
7868 236
7795 232
7994 256
7985 292
7986 288
7989 276
7990 272
7988 280
7991 268
7977 324
7976 328
7979 316
7980 312
7981 308
7982 304
7983 300
7971 348
7972 344
7973 340
7975 332
7974 336
8008 244
8013 245.51
7943 241.51
10089 237.861
8000 244
8004 244
8006 244
8035 344
8036 340
8037 336
8072 248
8074 248
