 key  value
8122 161.956
8062 156.956
8061 152.956
8060 148.956
7997 144.956
7926 140.956
7925 136.956
7924 132.956
7851 128.956
7777 123.956
7704 119.956
7631 115.956
7558 108.956
7557 104.956
7556 100.956
9982 95.941
7487 92
7421 88
7420 84
7419 80
7418 76
7417 72
7416 68
7415 64
7414 60
7413 56
7412 52
7411 48
7410 44
7409 40
7408 36
7407 32
7406 28
7405 24
7404 20
7403 16
7402 12
7401 8
7400 4
8125 173.956
8065 168.956
8064 164.956
8063 160.956
8124 169.956
8127 181.956
8067 176.956
8066 172.956
8003 168.956
7932 164.956
7931 160.956
7930 156.956
7929 152.956
7928 148.956
7927 144.956
8126 177.956
8113 127
8053 122
7990 118
7919 114
7846 110
7772 105
7699 101
7626 97
7554 93
7486 88
7485 84
8112 123
8052 118
7989 114
7918 110
7845 106
7771 101
7698 97
7697 93
7624 89
7552 85
7484 80
7483 76
7482 72
7481 68
7480 64
8115 134.956
8055 129.956
7992 125.956
7921 121.956
7848 117.956
7774 112.956
7701 108.956
7628 104.956
8114 131
8054 126
7991 122
8117 142.956
8057 137.956
8056 133.956
7993 129.956
7922 125.956
7849 121.956
7775 116.956
8116 138.956
8119 149.956
8059 144.956
8058 140.956
7995 136.956
8118 145.956
8105 95
8045 90
8044 86
8043 82
8042 78
7979 74
7908 70
7907 66
7834 62
7760 57
7759 53
7686 49
7613 45
7541 41
7473 36
8104 91
8107 103
8047 98
8046 94
7983 90
7912 86
7911 82
7838 78
7764 73
7763 69
7762 65
7761 61
8106 99
8109 111
8049 106
8048 102
8108 107
8111 119
8051 114
7988 110
7917 106
7916 102
7915 98
7842 94
7768 89
7695 85
7694 81
7621 77
7620 73
7548 69
8110 115
8050 110
8097 63
8037 58
7974 54
7903 50
7830 46
7756 41
7683 37
7610 33
7538 29
7470 24
7469 20
7468 16
7467 12
7466 8
8096 59
8036 54
8035 50
7972 46
7901 42
7900 38
7899 34
7898 30
7825 26
7751 21
7678 17
7605 13
7533 9
7465 4
8099 71
8039 66
8038 62
7975 58
7904 54
8098 67
8101 79
8041 74
8040 70
7977 66
7976 62
8100 75
8103 87
8102 83
8155 67
8157 75
8156 71
8159 83
8158 79
8136 56
8137 52
8138 48
8081 44
8022 40
8023 36
7961 32
7891 28
7819 24
7746 20
7674 16
7602 12
7531 8
7464 4
8128 185.956
8068 180.956
8185 185.956
8184 181.956
8183 177.956
8182 173.956
8181 169.956
8180 165.956
8179 161.956
8121 157.956
8177 153.956
8176 149.956
8178 157.956
8169 123
8168 119
8171 131
8170 127
8173 138.956
8172 135
8175 146.956
8174 142.956
8161 91
8160 87
8163 99
8162 95
8165 107
8164 103
8167 115
8166 111
8217 87
8216 83
8215 79
8219 95
8218 91
8221 103
8220 99
8223 111
8222 107
8214 75
8213 71
8241 181.956
8240 177.956
8242 185.956
8233 150.956
8232 146.956
8231 142.956
8235 157.956
8234 153.956
8237 165.956
8236 161.956
8239 173.956
8238 169.956
8225 119
8224 115
8227 127
8226 123
8229 135
8228 131
8230 139
8281 132
8280 128
8283 140
8282 136
8285 147.956
8284 144
8287 155.956
8286 151.956
8273 100
8272 96
8275 108
8274 104
8277 116
8276 112
8279 124
8278 120
91 565.956
112 561.956
126 557.956
144 553.956
172 549.956
209 545.956
254 541.956
304 537.956
359 533.956
419 527.956
482 523.956
481 519.956
550 512.956
621 508.956
691 504.956
690 500.956
689 496.956
768 492.956
854 488.956
938 484.956
1012 480.956
1081 476.956
1153 472.956
1235 468.956
1318 464.956
1404 460.956
1499 456.956
1593 452.956
1686 448.956
1781 444.956
1867 440.956
1951 436.956
2040 432.956
2132 428.956
2222 424.956
2309 420.956
2397 416.956
2483 412.956
2567 408.956
2654 404.956
2742 400.956
2830 396.956
2927 392.956
3029 388.956
3121 384.956
3215 380.956
3310 376.956
3405 372.956
3490 368.956
3570 364.956
3656 360.956
3738 356.956
3825 352.956
3914 348.956
4002 344.956
4091 340.956
4181 336.956
4274 332.956
4364 328.956
4453 324.956
4540 320.956
4626 316.956
4708 312.956
4795 308.956
4881 304.956
4965 300.956
5048 296.956
5130 292.956
5209 288.956
5296 284.956
5387 280.956
5477 276.956
5562 272.956
5638 268.956
5717 264.956
5792 260.956
5866 256.956
5940 252.956
6019 248.956
6099 244.956
6176 240.956
6250 236.956
6327 232.956
6405 228.956
6487 224.956
6569 220.956
6648 216.956
6726 212.956
6801 208.956
6872 204.956
6943 200.956
7019 196.956
7089 192.956
7158 188.956
7223 184.956
7289 180.956
7358 176.956
7426 172.956
7492 168.956
7563 164.956
7636 160.956
7708 156.956
7781 152.956
7854 148.956
8269 84
93 565.956
113 561.956
127 557.956
8268 80
92 565.956
8271 92
8270 88
8319 88
8318 84
8298 198.956
8244 193.956
8186 189.956
125 557.956
143 553.956
171 549.956
8289 162.956
8288 158.956
8291 170.956
115 568.956
129 564.956
146 560.956
174 556.956
211 552.956
256 548.956
306 544.956
361 540.956
422 536.956
485 532.956
555 528.956
626 524.956
696 520.956
774 513.956
859 507.956
858 503.956
857 499.956
940 492.956
939 488.956
8290 166.956
114 565.956
8293 178.956
8292 174.956
8294 182.956
8344 186.956
8343 182.956
8349 206.956
8348 202.956
110 561.956
124 557.956
141 553.956
170 549.956
208 545.956
253 541.956
8337 159.956
8336 155.956
8339 166.956
8338 162.956
8341 174.956
8340 170.956
8342 178.956
8329 128
8328 124
8331 136
8330 132
8333 144
8332 140
8335 151.956
8334 148
8321 96
145 557.956
173 553.956
210 549.956
8320 92
8323 104
147 564.956
175 560.956
212 556.956
8322 100
8325 112
8324 108
149 571.956
177 567.956
214 563.956
259 559.956
309 555.956
308 551.956
363 547.956
424 543.956
487 539.956
557 535.956
628 531.956
697 524.956
148 567.956
176 563.956
213 559.956
258 555.956
8327 120
8326 116
150 575.956
178 571.956
215 567.956
8377 128
8376 124
8375 120
8379 136
8378 132
8381 144
8380 140
8383 152
8382 148
8369 96
8368 92
8367 88
128 561.956
8371 104
8370 100
131 571.956
130 568.956
8373 112
8372 108
133 579.956
8374 116
179 575.956
181 583.956
180 579.956
8393 190.956
217 575.956
216 571.956
219 583.956
264 579.956
314 575.956
313 571.956
368 567.956
367 563.956
366 559.956
427 555.956
426 551.956
425 547.956
488 543.956
218 579.956
8385 159.956
8384 155.956
8387 166.956
8386 163.956
8389 174.956
8388 170.956
8391 182.956
8390 178.956
8441 186.956
8440 182.956
8433 156
8432 152
8431 148
8435 163.956
8434 159.956
8437 170.956
8436 167.956
8439 178.956
8438 174.956
8425 124
8424 120
8427 132
8426 128
8429 140
8428 136
255 545.956
8430 144
8419 100
8418 96
8417 92
8421 108
8420 104
8423 116
8422 112
8473 129
8472 125
8475 137
8474 133
8477 145
8476 141
8479 153
8478 149
8467 105
8466 101
8469 113
8468 109
8471 121
8470 117
266 587.956
265 583.956
257 552.956
307 548.956
8499 72
8453 68
8406 64
8356 60
8307 56
8257 52
8204 48
8147 44
8089 40
8030 36
7967 32
7896 28
7823 24
7750 20
7677 16
7604 12
7532 8
261 567.956
260 563.956
310 559.956
8500 72
263 575.956
262 571.956
312 567.956
315 579.956
370 575.956
431 571.956
494 567.956
564 563.956
635 559.956
634 555.956
633 551.956
632 547.956
631 543.956
630 539.956
629 535.956
317 587.083
373 583.083
434 579.083
497 575.083
568 571.083
639 567.083
709 563.083
785 559.083
869 555.083
946 551.083
1017 547.083
1086 543.083
1158 539.083
1241 535.083
1325 531.083
1415 527.083
1414 523.083
1605 505.851
1604 501.851
1700 497.956
1793 490.956
1792 486.956
1791 482.956
1790 478.956
1789 474.956
1788 470.956
1787 466.956
1786 462.956
1785 458.956
1871 454.956
1955 450.956
2044 446.956
2135 439.956
2312 431.956
2399 424.956
2398 420.956
316 583.956
371 579.956
432 575.956
495 571.956
319 587.083
375 583.083
436 579.083
499 575.083
570 571.083
641 567.083
710 563.083
786 559.083
870 555.083
947 551.083
1018 547.083
1087 543.083
1159 539.083
1242 535.083
318 587.083
8481 161
305 541.956
360 537.956
8480 157
8483 168.956
8482 164.956
8485 175.956
8484 172.956
8487 183.956
311 563.956
8486 179.956
299 520.956
354 516.956
414 512.956
476 508.956
544 504.956
615 500.956
686 496.956
765 492.956
851 488.956
936 484.956
1010 480.956
1234 468.956
1317 464.956
1498 456.956
1685 448.956
1779 444.956
1866 440.956
1950 436.956
8529 168.956
8528 165
8527 161
8526 157
8531 176.956
8530 172.956
8533 183.956
8532 179.956
8521 137
8520 133
8523 145
8522 141
8525 153
8524 149
8515 113
8514 109
8513 105
8512 101
8511 97
8510 93
8463 89
8415 84
8365 80
8364 76
8315 72
8265 68
8211 63
8210 59
8209 55
8208 51
8150 47
8092 43
8032 38
7969 34
8517 121
8516 117
8519 129
8518 125
8569 153
8568 149
8567 145
8571 161
8570 157
8573 169
8572 165
8575 176.956
8574 172.956
8561 121
8560 117
8563 129
8562 125
8565 137
8564 133
8566 141
369 571.956
372 583.083
433 579.083
374 583.083
435 579.083
362 544.956
423 540.956
486 536.956
556 532.956
627 528.956
8605 126
365 555.956
8604 122
364 551.956
8607 134
8606 130
353 516.956
413 512.956
475 508.956
8589 80
8546 76
8501 72
8454 68
8407 64
8357 60
8308 56
8258 52
8205 48
8588 80
8545 76
412 512.956
474 508.956
543 504.956
614 500.956
685 496.956
8590 81
8576 180.956
8632 85
8631 84
8630 84
8617 174
8616 170
8619 181.956
8618 177.956
8609 142
8608 138
8611 150
8610 146
8613 158
8612 154
8615 166
8614 162
429 563.956
492 559.956
562 555.956
428 559.956
8671 88
8670 88
8657 170
8656 166
8655 162
8654 158
8653 154
8652 150
416 512.956
478 508.956
547 504.956
618 500.956
8659 178
8658 174
8661 185.956
421 533.956
484 529.956
554 525.956
625 521.956
695 517.956
8660 181.956
420 531.956
483 527.956
8649 138
473 509.956
542 505.956
8648 134
8651 146
8650 142
477 508.956
546 504.956
617 500.956
687 496.956
767 492.956
853 488.956
937 484.956
1011 480.956
469 509.956
538 505.956
609 501.956
680 497.956
760 493.956
847 489.956
932 485.956
1008 481.956
1078 477.956
1150 472.956
1316 464.956
1496 456.956
1590 452.956
1683 448.956
1864 440.956
2129 428.956
2220 424.956
2307 420.956
2396 416.956
2482 412.956
2566 408.956
8647 130
8646 126
471 509.956
540 505.956
611 501.956
681 497.956
8697 174
8696 170
8695 166
8699 182
8698 178
8701 189.956
8700 185.956
8689 142
8688 138
8687 134
8686 130
8691 150
8690 146
8693 158
8692 154
8694 162
8672 89
496 575.083
566 571.083
637 567.083
707 563.083
783 559.083
867 555.083
945 551.083
498 575.083
569 571.083
640 567.083
8729 150
489 547.956
8728 146
8731 158
491 555.956
561 551.956
560 547.956
8730 154
490 551.956
8733 166
8732 162
8735 174
8734 170
8726 138
8725 134
537 506.956
539 505.956
610 501.956
541 505.956
612 501.956
683 497.956
762 493.956
849 489.956
933 485.956
8711 93
8710 92
8763 143
8765 151
8764 147
8727 142
8767 159
8766 155
8747 97
8746 96
8748 98
8737 182
8736 178
8739 189.956
563 559.956
8738 186
565 567.956
553 523.956
624 519.956
694 515.956
773 511.956
772 507.956
771 503.956
552 519.956
623 515.956
622 511.956
692 507.956
545 504.956
616 500.956
8787 101
8786 100
8788 102
551 515.956
8776 194.956
605 514.956
606 510.956
607 506.956
608 502.956
679 498.956
759 494.956
8780 210.952
8779 206.956
8778 202.956
8741 197.956
8702 193.956
8769 167
8768 163
8771 175
8770 171
8773 183
8772 179
8775 191
8774 187
8827 105
8816 198.956
8809 171
8808 167
8811 179
8810 175
8813 187
8812 183
636 563.956
8815 195
8814 191
8801 139
8761 135
8724 130
8723 126
8722 122
8683 118
8643 114
8642 110
8641 106
8599 102
8555 97
8800 135
8760 131
8803 147
8802 143
8762 139
8805 155
8804 151
8807 163
8806 159
619 500.956
620 504.956
8849 175
8848 171
8851 183
8850 179
8853 191
8852 187
613 501.956
684 497.956
764 493.956
8854 195
8841 143
8840 139
8839 135
8838 131
8837 127
8797 123
8757 119
8720 114
8681 110
8843 151
8842 147
8845 159
8844 155
8847 167
8846 163
8890 200
8881 164
8880 160
8883 172
8882 168
642 571.083
8885 180
8884 176
8887 188
8886 184
8877 148
8879 156
8878 152
688 496.956
693 511.956
8920 184
682 497.956
8913 156
8912 152
8911 148
8876 144
8915 164
675 514.956
755 510.956
843 505.956
844 501.956
845 497.956
930 493.956
931 489.956
8914 160
8917 172
8916 168
677 506.956
757 502.956
676 510.956
756 506.956
8919 180
8918 176
678 502.956
758 498.956
846 493.956
8910 144
8909 140
8874 136
8953 184
8952 180
8951 176
8950 172
712 571.083
711 567.083
787 563.083
8945 152
8944 148
8943 144
8947 160
8946 156
8949 168
8948 164
708 563.083
761 493.956
848 489.956
763 497.956
850 493.956
934 489.956
766 492.956
852 488.956
753 513.489
840 509.489
925 505.489
1003 501.489
1073 497.489
1142 493.489
1223 486.489
1306 479.489
1393 473.489
1487 469.489
1584 465.489
1677 461.489
1773 457.489
1862 453.489
1946 449.489
2035 445.489
2127 441.489
2218 437.489
2305 433.489
2392 429.489
2478 422.551
2734 405.956
2820 400.956
2913 396.956
3015 392.956
3108 388.956
3203 383.956
3300 379.956
3395 375.956
3482 370.956
3564 366.956
3649 362.956
3732 357.956
3820 353.956
3907 349.956
3996 345.956
4086 340.956
4176 336.956
4269 332.956
4359 328.956
4448 324.956
4536 320.956
4622 316.956
4704 312.956
4792 308.956
4962 300.956
5046 296.956
5127 292.956
5206 288.956
5294 284.956
5386 280.956
5476 276.956
5561 272.956
754 513.489
841 509.489
926 505.489
8985 184
8984 180
8977 152
8976 148
8979 160
8978 156
8981 168
8980 164
8983 176
8982 172
8975 144
8974 140
8973 136
8940 132
8906 128
8871 124
8835 119
8834 115
8833 111
8793 107
8753 103
8716 98
8677 94
8637 90
8595 86
8551 81
8506 77
8459 73
8411 68
8361 64
8312 60
8262 56
784 559.083
868 555.083
789 571.083
788 567.083
790 575.083
9017 189
9016 185
9009 157
769 496.956
855 492.956
9008 153
9011 165
9010 161
770 500.956
856 496.956
9013 173
9012 169
9015 181
9014 177
9005 141
9007 149
8997 127
8965 122
8932 118
8898 114
8863 110
8998 128
8966 123
8933 119
8899 115
8864 111
8828 106
9041 165
9040 161
9043 173
9042 169
9045 181
9044 177
9047 189
9046 185
9037 149
9006 145
9036 145
9035 141
9004 137
8972 132
8971 128
8938 124
8904 120
8869 116
9039 157
9038 153
9029 132
9028 131
842 509.489
9073 181
9072 177
9075 189
9074 185
835 529.489
836 525.489
921 521.489
922 517.489
923 513.489
924 509.489
837 521.489
839 513.489
838 517.489
9065 149
9064 145
9063 141
9034 137
9003 133
9067 157
9066 153
9069 165
9068 161
9071 173
9070 169
9059 137
9030 133
8999 129
8967 124
8934 120
8900 116
8865 112
8829 107
8789 103
8749 99
8712 94
8673 90
8633 86
8591 82
8547 77
8502 73
8455 69
9058 136
9113 144
9086 139
9057 135
873 567.083
950 563.083
949 559.083
948 555.083
1019 551.083
1088 547.083
872 563.083
875 573.924
952 569.924
1023 565.924
1092 561.924
1164 557.924
1247 553.924
1330 549.924
1420 545.924
1516 541.924
1610 537.924
1707 533.924
1797 529.924
1880 525.924
1968 521.924
2058 517.924
2147 513.924
2233 509.924
2320 505.924
2405 501.924
2490 497.924
2575 493.924
2662 489.924
2750 485.924
2838 481.924
2939 477.924
3042 473.924
3132 469.924
3224 465.924
3319 461.924
3409 457.924
3497 453.924
3582 449.924
3665 445.924
3750 441.924
3839 437.924
3928 433.924
4016 429.924
4105 425.924
4196 421.924
4381 413.924
4470 409.924
4557 405.924
4643 401.924
9898 396.473
4729 391.956
4728 387.956
4727 383.956
4814 376.956
4899 372.956
4983 368.956
4982 364.956
5065 360.956
5146 356.956
5225 352.956
5224 348.956
5223 344.956
5222 340.956
5221 336.956
5220 332.956
5307 328.956
5398 324.956
5397 320.956
5487 316.956
5572 312.956
5648 308.956
5727 304.956
5726 300.956
5725 296.956
5800 292.956
5799 288.956
5798 284.956
5797 280.956
5871 276.956
5870 272.956
5944 268.956
5943 264.956
5942 260.956
6021 256.956
6101 252.956
6100 248.956
6177 244.956
874 571.083
951 567.083
1022 563.083
1091 559.083
1163 555.083
1162 551.083
1245 547.083
1328 543.083
1418 539.083
1417 535.083
1416 531.083
9117 148
9090 143
9061 139
9032 135
9001 131
8969 126
8936 122
8902 118
8867 114
8831 109
8791 105
8751 101
8714 96
8675 92
8635 88
8593 84
8549 79
8504 75
8457 71
8409 66
8359 62
8310 58
8260 54
8206 49
8148 45
8090 41
876 573.924
954 569.924
1026 565.924
1096 561.924
1168 557.924
1251 553.924
1335 549.924
1425 545.924
1522 541.924
1616 537.924
1713 533.924
1803 529.924
1885 525.924
1973 521.924
2063 517.924
2152 513.924
2237 509.924
2324 505.924
2409 501.924
2493 497.924
2578 493.924
2664 489.924
2752 485.924
2840 481.924
2940 477.924
3043 473.924
3133 469.924
3225 465.924
9119 150
9092 145
9118 149
9091 144
9062 140
9033 136
9002 132
8970 127
8937 123
8903 119
8868 115
8832 110
8792 106
8752 102
8715 97
8676 93
8636 89
8594 85
8550 80
8505 76
8458 72
8410 67
8360 63
8311 59
8261 55
8207 50
8149 46
8091 42
8031 37
7968 33
7897 29
7824 25
9104 193
9103 189
871 559.083
9097 165
9096 161
920 525.489
9099 173
9098 169
9101 181
9100 177
927 505.956
928 501.956
929 497.956
9102 185
9093 149
9095 157
9094 153
9145 152
9144 151
9116 147
9089 142
9060 138
9031 134
9000 130
8968 125
8935 121
8901 117
8866 113
8830 108
8790 104
8750 100
8713 95
8674 91
8634 87
8592 83
8548 78
8503 74
8456 70
8408 65
8358 61
8309 57
8259 53
9147 154
9146 153
9149 162
9148 158
9120 154
9151 170
9150 166
9122 162
9141 148
9143 150
9115 146
9088 141
9128 186
9130 194
9133 206
9106 201
9077 197
9076 193
9121 158
944 551.083
1016 547.083
9123 166
9125 174
9124 170
9127 182
9126 178
9177 174
9176 170
9175 166
9179 182
9178 178
9152 174
9181 190
9155 186
9180 186
9182 194
9156 190
9169 154
9171 156
9170 155
9173 158
9172 157
935 484.956
9174 162
9153 178
9154 182
9201 175
9200 171
9203 183
9202 179
9205 191
9204 187
9206 195
9193 158
9168 153
9142 149
9114 145
9087 140
9195 160
9197 162
1021 559.083
1090 555.083
9196 161
9199 167
9198 163
1009 485.956
1015 547.083
1085 543.083
1157 539.083
1014 548.083
1156 540.083
1240 536.083
1324 532.083
9241 169
9219 165
1001 524.489
1000 528.489
9243 171
9221 167
9242 170
9220 166
9245 179
9244 175
9222 171
1005 504.956
1006 500.956
1004 505.489
9247 187
9225 183
1007 485.956
9246 183
9224 179
9227 191
9226 187
9228 195
9223 175
1037 613.924
1104 609.924
1180 605.924
1179 601.924
1262 597.924
1348 593.924
1347 589.924
1437 585.924
1436 581.924
1435 577.924
1434 573.924
1433 569.924
1432 565.924
1431 561.924
1430 557.924
1429 553.924
1525 549.924
1618 545.924
1715 541.924
1714 537.924
1804 533.924
1027 565.924
1028 565.924
1098 561.924
1170 557.924
1253 553.924
1337 549.924
1427 545.924
1523 541.924
1080 476.956
1152 472.956
1084 544.083
9249 195
9248 191
1075 505.489
1074 501.489
1077 480.956
1148 476.956
1232 472.956
1233 468.956
1076 504.956
1097 561.924
1169 557.924
1252 553.924
1099 561.924
1171 557.924
1254 553.924
1102 573.924
1174 569.924
1173 565.924
1172 561.924
1089 551.083
1095 561.924
1167 557.924
1145 488.956
1229 484.956
1230 480.956
1231 476.956
1144 501.489
1143 497.489
1146 484.956
1183 617.924
1266 613.924
1352 609.924
1351 605.924
1441 601.924
1537 597.924
1630 593.924
1727 589.924
1817 585.924
1899 581.924
1987 577.924
2077 573.924
2076 569.924
2075 565.924
2074 561.924
2163 557.924
2162 553.924
2247 549.924
2334 545.924
2419 541.924
2418 537.924
2417 533.924
2416 529.924
2415 525.924
2499 521.924
2498 517.924
2497 513.924
2582 509.924
2581 505.924
2580 501.924
2579 497.924
1182 613.924
1265 609.924
1161 547.083
1160 543.083
1165 557.924
1248 553.924
1331 549.924
1421 545.924
1518 541.924
1612 537.924
1709 533.924
1799 529.924
1882 525.924
1970 521.924
2061 517.924
2151 513.924
1166 557.924
1249 553.924
1332 549.924
1422 545.924
1243 539.083
1326 535.083
9421 1521
9422 1423
9423 1325
9424 1227
9442 1052
9443 953
9461 818
9477 712
9494 605
9512 473
9531 366
9551 259
5928 79
6001 75
6156 67
6458 52
6618 44
6696 40
6772 36
6844 32
6916 28
6992 24
7062 20
7131 16
7196 12
7263 8
7330 4
9420 1619
1244 543.083
1246 551.083
1225 494.489
1224 490.489
1227 492.956
1228 488.956
1226 498.216
10048 494.543
1221 485.489
1220 481.489
1305 477.489
1392 473.489
1484 469.489
1582 465.489
1675 461.489
1772 457.489
9462 781.5
9939 691.086
9478 673.18
9942 584.301
9495 566
1222 489.489
1264 605.924
1350 601.924
1440 597.924
1439 593.924
1438 589.924
1269 625.924
1268 621.924
1267 617.924
1257 565.924
1340 561.924
1256 561.924
1339 557.924
1259 585.924
1345 581.924
1250 553.924
1334 549.924
1424 545.924
1520 541.924
1613 537.924
1710 533.924
1801 529.924
1884 525.924
1972 521.924
9493 648
9511 515
9530 409
9550 303
9572 174
1255 557.924
1338 553.924
1428 549.924
1304 478.489
1307 483.489
1309 491.489
1308 487.489
1311 496.956
1310 495.489
9529 480
9549 374
9571 243
9593 137
6911 85
6912 81
6913 77
6982 66
7051 61
7052 57
7121 53
7186 49
7187 45
7254 41
7322 36
7391 32
7392 28
7393 24
7394 20
7395 16
7396 12
7397 8
7398 4
9528 579
9548 473
9570 341
9592 236
9532 362
9525 1476.2
9544 1374.2
9563 1281.2
9586 1179.2
9607 1077.2
9629 985.197
9630 888.197
9631 791.197
9984 739.603
9609 660
9610 560
9611 460
9612 360
9613 260
9614 160
7582 92
7444 84
7379 80
7380 76
7381 72
7382 68
7383 64
7384 60
7385 56
7386 52
7387 48
7388 44
7389 40
7390 36
9524 1571.2
9543 1469.2
9562 1376.2
9585 1275.2
9606 1174.2
9628 1082.2
9527 678
9547 573
9569 439
9513 469
1336 549.924
1426 545.924
1341 565.924
1343 573.924
1342 569.924
1329 547.083
1419 543.083
9506 1672.2
9509 684
9510 586
9567 635
9568 537
1327 539.083
9566 733
1312 492.956
1319 464.956
1405 460.956
9546 672
9595 1008.92
9594 909.924
5374 835.924
5286 831.924
5203 826.924
5202 822.924
5122 818.924
5121 814.924
5039 810.924
4955 805.924
4954 801.924
4869 797.924
4782 793.924
4693 788.924
4607 784.924
4520 780.924
4431 776.924
4339 771.924
4247 767.924
4154 763.924
4064 758.924
4063 754.924
4062 750.924
3972 746.924
3971 742.924
3882 738.924
3794 734.924
3706 729.924
3622 725.924
3621 721.924
3535 717.924
3449 712.924
3448 708.924
3447 704.924
3446 700.924
3445 696.924
3444 692.924
3443 688.924
3442 684.924
3441 680.924
3440 676.924
3439 672.924
3438 668.924
3437 664.924
3436 660.924
3435 656.924
3434 652.924
3433 648.924
3432 644.924
3431 640.924
3430 636.924
3429 632.924
3428 628.924
3427 624.924
3426 620.924
3425 616.924
3424 612.924
3423 608.924
3422 604.924
3421 600.924
3337 596.924
3336 592.924
3335 588.924
3334 584.924
3333 580.924
3332 576.924
3331 572.924
3330 568.924
3329 564.924
3328 560.924
3327 556.924
3326 552.924
3325 548.924
3324 544.924
3323 540.924
3229 533.924
3138 528.924
3046 524.924
3045 520.924
2949 513.924
2948 509.924
2947 505.924
2946 501.924
2945 497.924
2944 493.924
2943 489.924
2942 485.924
2941 481.924
1355 621.924
1445 617.924
1444 613.924
1443 609.924
1442 605.924
1357 629.924
1447 625.924
1446 621.924
1542 617.924
1635 613.924
1732 609.924
1731 605.924
1821 601.924
1820 597.924
1819 593.924
1818 589.924
1900 585.924
1988 581.924
2078 577.924
1359 637.924
1449 633.924
1448 629.924
1358 633.924
1346 585.924
9589 533
9590 434
9591 335
9588 632
1349 597.924
1401 487.956
1314 483.956
1315 479.956
1400 491.956
1403 460.956
1402 483.956
1395 480.489
1489 476.489
1586 472.489
1679 468.489
1775 464.489
1863 457.489
1947 453.489
1394 477.489
9573 376.956
4102 372.956
4194 368.956
4286 364.956
4376 360.956
4464 356.956
4551 352.956
4636 348.956
4718 344.956
4717 340.956
4716 336.956
4715 332.956
4714 328.956
4713 324.956
4712 320.956
4799 316.956
4798 312.956
4883 308.956
4882 304.956
4966 300.956
5049 296.956
1397 488.489
1396 484.489
1399 495.956
9574 905.924
3561 821.924
3475 816.924
3474 812.924
3473 808.924
3472 804.924
3471 800.924
3470 796.924
3469 792.924
3468 788.924
3467 784.924
3466 780.924
3465 776.924
3464 772.924
3463 768.924
3462 764.924
3461 760.924
3460 756.924
3459 752.924
3458 748.924
3457 744.924
3456 740.924
3455 736.924
3454 732.924
3453 728.924
3452 724.924
3451 720.924
3450 716.924
1398 493.085
1492 489.085
1491 485.085
9901 481.475
1588 480.489
1587 476.489
1391 474.489
1483 470.489
1581 466.489
9617 1011.92
9616 912.924
7111 847.924
7110 843.924
7109 839.924
7108 835.924
7038 827.924
7037 823.924
6967 816.924
6966 812.924
6965 808.924
6964 804.924
6896 797.924
6828 792.924
6755 788.924
6754 784.924
6678 780.924
6600 775.924
6520 771.924
6438 767.924
6360 763.924
6283 758.924
6282 754.924
6207 750.924
6131 746.924
6055 741.924
5974 737.924
5901 733.924
5827 729.924
5752 724.924
5676 720.924
5675 716.924
5674 712.924
5594 708.924
5517 703.924
5431 699.924
5430 695.924
5338 691.924
5250 687.924
5167 682.924
5166 678.924
5165 674.924
5164 670.924
5084 666.924
5002 662.924
4918 657.924
4833 653.924
4746 649.924
4657 644.924
4656 640.924
4570 636.924
4569 632.924
4482 628.924
4393 624.924
4301 619.924
4209 615.924
4116 611.924
4026 606.924
3936 602.924
3847 598.924
3759 594.924
3671 589.924
3587 585.924
3501 581.924
3415 576.924
9657 402
9636 299
9656 499
9635 396
9658 500
9661 1114.68
9638 1006.68
10125 992.096
9660 1042.92
9637 934.924
9615 841.924
6824 782.924
6751 778.924
6675 774.924
6598 770.924
6518 766.924
6436 762.924
6358 758.924
9655 597
9634 493
9654 694
9633 590
9639 1027.92
9681 1150.92
9680 507
9682 1222.68
1497 456.956
1591 452.956
1778 444.956
1949 436.956
2039 432.956
9677 771.473
10128 672.061
1500 456.956
9679 505
9678 602
1490 480.489
1493 497.085
1495 460.956
1494 497.956
9721 700
9700 596
9720 698
1482 478.489
1579 474.489
1580 470.489
1674 465.489
1485 469.489
1583 465.489
1676 461.489
1486 469.489
1529 565.924
1528 561.924
1621 557.924
1718 553.924
1717 549.924
1807 545.924
1889 541.924
1977 537.924
1976 533.924
1975 529.924
1974 525.924
2064 521.924
2153 517.924
2238 513.924
2325 509.924
2410 505.924
2494 501.924
1531 573.924
1530 569.924
1533 581.924
1626 577.924
1723 573.924
1722 569.924
1721 565.924
1720 561.924
1719 557.924
1809 553.924
1808 549.924
1532 577.924
1625 573.924
1534 585.924
9699 693
9701 598
1524 545.924
1527 557.924
1620 553.924
1526 553.924
1513 535.083
1512 531.083
1511 527.083
1515 542.924
1609 538.924
1514 539.083
1517 541.924
1611 537.924
1708 533.924
9742 878
9741 779
1553 661.924
1552 657.924
1551 653.924
1550 649.924
1549 645.924
1548 641.924
1547 637.924
1640 633.924
1737 629.924
1827 625.924
1909 621.924
1908 617.924
1996 613.924
2086 609.924
2175 605.924
2260 601.924
2347 597.924
2346 593.924
2431 589.924
2430 585.924
2514 581.924
2599 577.924
2598 573.924
2597 569.924
2596 565.924
2595 561.924
2594 557.924
2680 553.924
2679 549.924
2678 545.924
2766 541.924
2854 537.924
2853 533.924
2953 529.924
2952 525.924
2951 521.924
2950 517.924
1555 669.924
1554 665.924
1556 673.924
1649 669.924
1746 665.924
1745 661.924
1744 657.924
1743 653.924
1742 649.924
1741 645.924
1740 641.924
1739 637.924
1738 633.924
1545 629.924
1544 625.924
1637 621.924
1734 617.924
1733 613.924
1546 633.924
1639 629.924
1736 625.924
1735 621.924
1825 617.924
1824 613.924
1823 609.924
1822 605.924
1904 601.924
1992 597.924
2082 593.924
2171 589.924
2170 585.924
2255 581.924
2342 577.924
2341 573.924
2426 569.924
2425 565.924
2509 561.924
1536 593.924
1629 589.924
1726 585.924
1816 581.924
1898 577.924
1986 573.924
1985 569.924
1538 601.924
1541 613.924
1540 609.924
1539 605.924
1632 601.924
1729 597.924
1728 593.924
9782 1106
9781 1009
9761 883
1543 621.924
1592 452.956
1585 469.489
1678 465.489
9762 983
1589 456.956
9819 1175
9799 1072
9779 971
9760 881
9818 1174
9821 1181
9801 1077
9780 973
9820 1178
9800 1074
9823 1904.15
9804 1807.15
9784 1710.15
9763 1597.69
9744 1500.69
9723 1403.69
10126 1309.95
9702 1224.92
9822 1217
9802 1113
1624 569.924
1627 581.924
1724 577.924
1814 573.924
1896 569.924
1984 565.924
1628 585.924
1725 581.924
1619 549.924
1623 565.924
9798 1095
9778 993
9759 903
9740 801
1622 561.924
1608 542.636
1705 538.636
10049 534.894
9844 467.267
9833 450.204
10024 415.545
9830 375.455
9871 325.114
9829 268.428
9912 231.516
9828 200.197
9927 157.729
9827 118.857
9897 103.136
6005 76
6085 72
6160 68
6235 64
6309 60
6386 56
6463 52
6544 48
6623 44
6700 40
6775 36
6847 32
6919 28
6994 24
7064 20
7133 16
7198 12
7264 8
7331 4
1607 539.083
1606 535.083
1657 700.924
1754 696.924
1844 692.924
1926 688.924
2014 684.924
2104 680.924
2193 676.924
2278 672.924
2277 668.924
2276 664.924
2275 660.924
2362 656.924
2361 652.924
2446 648.924
2445 644.924
2529 640.924
2614 636.924
2613 632.924
2612 628.924
2697 621.924
2696 617.924
2695 613.924
2694 609.924
2693 605.924
2781 601.924
2780 597.924
2868 593.924
2867 589.924
2967 585.924
2966 581.924
2965 577.924
2964 573.924
2963 569.924
2962 565.924
2961 561.924
2960 557.924
2959 553.924
2958 549.924
2957 545.924
2956 541.924
2955 537.924
2954 533.924
1656 696.924
1753 692.924
1752 688.924
1751 684.924
1750 680.924
1840 676.924
1922 672.924
2010 668.924
2009 664.924
2099 660.924
2188 656.924
2273 652.924
2360 648.924
9835 422.127
9879 409.559
9834 484.818
9843 450.94
1658 704.924
1755 700.924
9836 305.233
9904 264.844
1648 665.924
9826 248.875
6240 236.956
6396 228.956
6479 224.956
6562 220.956
6641 216.956
6720 212.956
6796 208.956
6867 204.956
7015 196.956
7154 188.956
7219 184.956
7286 180.956
7355 176.956
7423 172.956
7489 168.956
7560 164.956
7633 160.956
7706 156.956
7780 152.956
7853 148.956
1651 676.924
1650 672.924
1747 668.924
1837 664.924
1919 660.924
2007 656.924
2097 652.924
2186 648.924
2271 644.924
2358 640.924
2443 636.924
2527 632.924
1653 684.924
9831 463.187
10007 412.048
1652 680.924
9881 615.505
1643 645.924
1642 641.924
9885 462.42
1645 653.924
1644 649.924
1647 661.924
1646 657.924
1633 605.924
1634 609.924
1636 617.924
1638 625.924
9866 526.589
673 517.489
1684 448.956
9913 390.206
1673 474.489
9915 372.101
9914 285.41
9825 276.507
5627 268.956
5706 264.956
5929 252.956
6008 248.956
6165 240.956
9917 96.924
7084 92
7083 88
7151 84
7215 80
7281 76
7348 72
7347 68
7346 64
9916 209.653
9919 178.38
9918 442.799
9905 527.348
9906 411.952
4469 409.924
9909 381.068
4726 376.956
4725 372.956
4724 368.956
4811 364.956
4896 360.956
4895 356.956
4979 352.956
4978 348.956
4977 344.956
4976 340.956
4975 336.956
4974 332.956
4973 328.956
5056 324.956
5137 320.956
5216 316.956
5215 312.956
5214 308.956
5301 304.956
5392 300.956
5482 296.956
5567 292.956
5566 288.956
5565 284.956
5564 280.956
5563 276.956
5639 272.956
9908 629.536
3249 626.924
3248 622.924
3340 615.924
9911 62.819
6314 60
6390 56
6467 52
6547 48
6626 44
6703 40
6778 36
6850 32
6921 28
6996 24
7066 20
7134 16
9910 295.898
9896 618.064
9899 402.772
2823 398.956
2916 394.956
3017 390.956
3110 386.956
3204 382.956
3301 378.956
3396 374.956
3483 369.956
3565 365.956
3650 361.956
9900 101.752
6793 96
6792 92
6864 88
6863 84
6862 80
6861 76
6860 72
6931 68
6930 64
7005 60
7075 56
7143 52
7207 48
7206 44
7272 40
7271 36
7270 32
7269 28
7268 24
7267 20
7334 16
7333 12
9903 447.001
3749 441.924
9902 181.217
1712 533.924
1802 529.924
9893 484.988
1716 545.924
9895 365.309
4170 357.956
4171 353.956
4172 349.956
4173 345.956
4174 341.956
4175 337.956
4268 333.956
9894 254.577
9945 881.291
3476 820.924
9944 761.173
1769 756.924
1859 752.924
1941 748.924
2029 744.924
2028 740.924
2027 736.924
2026 732.924
2025 728.924
2115 724.924
2204 720.924
2203 716.924
2202 712.924
2287 708.924
2286 704.924
2373 700.924
2372 696.924
2371 692.924
2370 688.924
2455 684.924
2454 680.924
2538 676.924
2537 672.924
2622 668.924
2621 664.924
2620 660.924
2619 656.924
2618 652.924
2617 648.924
2616 644.924
2615 640.924
1704 540.083
9946 742.923
918 740.924
996 736.924
1068 732.924
1067 728.924
1133 724.924
1209 720.924
1292 716.924
1378 712.924
1468 708.924
1467 704.924
1466 700.924
1465 696.924
1464 692.924
1463 688.924
1462 684.924
1461 680.924
1557 676.924
1706 537.924
9949 320.455
6510 314.849
6591 307.849
10087 306.961
6670 303.956
6748 299.956
6822 292.956
6821 288.956
6820 284.956
6891 280.956
6961 276.956
7035 272.956
7106 268.956
7105 264.956
7104 260.956
7103 256.956
7102 252.956
7101 248.956
7171 244.956
7237 240.956
7236 236.956
7302 232.956
7371 228.956
7439 224.956
7438 220.956
7504 216.956
7575 212.956
7574 208.956
7647 204.956
7719 200.956
7792 196.956
7791 192.956
7864 188.956
7863 184.956
7862 180.956
7861 176.956
7934 172.956
7933 168.956
9948 207.441
8665 200.956
8623 196.956
8579 191.956
8534 187.956
9951 211.011
1711 533.924
9936 643.772
1699 494.956
9938 588.7
9943 181.667
7873 104
7727 96
7728 92
7656 88
7584 84
7513 80
7446 76
7447 72
1702 513.851
9928 425.749
4195 421.924
4289 417.924
4380 413.924
9933 597.087
1757 708.924
1756 704.924
1758 712.924
1848 708.924
1930 704.924
2018 700.924
2017 696.924
2016 692.924
2015 688.924
9920 516.655
9923 644.954
3159 640.924
3158 636.924
3157 632.924
1749 676.924
1748 672.924
9924 617.378
9926 459.494
9976 111.62
9979 608.915
2871 605.924
2971 601.924
2970 597.924
2969 593.924
2968 589.924
9981 1457.44
9969 203.018
9968 213.242
9287 208
9286 204
9268 199
9267 195
9971 213.817
7870 212.956
7869 208.956
7868 204.956
7867 200.956
7940 196.956
7939 192.956
7938 188.956
7937 184.956
7936 180.956
7935 176.956
1730 601.924
9973 991.835
9972 289.196
6892 284.956
9975 546.978
9974 941.339
9960 381.58
5069 376.956
5229 368.956
5316 364.956
5407 360.956
5497 356.956
5582 352.956
5658 348.956
5737 344.956
5812 340.956
5886 336.956
5959 332.956
6039 328.956
6119 324.956
6118 320.956
6195 316.956
6269 312.956
6346 308.956
6424 304.956
6506 300.956
6588 296.956
6587 292.956
6586 288.956
6665 284.956
6664 280.956
6663 276.956
6662 272.956
6661 268.956
6660 264.956
6659 260.956
6658 256.956
6657 252.956
6735 248.956
6810 244.956
6809 240.956
6808 236.956
6879 232.956
6949 228.956
6948 224.956
7022 220.956
7093 216.956
7163 212.956
7229 208.956
7295 204.956
7364 200.956
7363 196.956
7362 192.956
7430 188.956
7496 184.956
7567 180.956
7640 176.956
7639 172.956
7638 168.956
7637 164.956
9963 206.825
8299 202.956
8245 197.956
8187 193.956
9967 206.864
8445 202.956
8395 198.956
8394 194.956
9966 600.739
3845 596.924
3757 592.924
3586 584.924
3500 580.924
1777 444.956
9952 209.003
9132 202
9105 197
9954 203.88
8011 200.956
9956 691.606
5669 686.924
5510 678.924
5424 674.924
5332 670.924
5244 666.924
5161 661.924
5081 657.924
4999 653.924
4915 648.924
4830 644.924
4743 640.924
4654 635.924
4568 631.924
4481 627.924
4392 623.924
4300 618.924
4208 614.924
4115 610.924
4025 605.924
3935 601.924
3846 597.924
3758 593.924
3670 588.924
1780 444.956
9959 210.102
10009 651.331
10008 151.814
1771 458.489
1861 454.489
1770 760.924
1774 461.489
10005 534.942
9999 609.536
963 603.877
1036 599.877
1035 595.877
1103 589.021
1034 582.021
1033 578.021
1032 574.023
10013 573.194
1031 569.924
1030 565.924
1811 561.924
1893 557.924
1892 553.924
1891 549.924
1890 545.924
1810 557.924
1813 569.924
1812 565.924
1894 561.924
1982 557.924
2072 553.924
2161 549.924
2246 545.924
2333 541.924
1815 577.924
10041 424.929
10040 127.934
6007 76
6163 68
6237 64
6311 60
6387 56
6465 52
6545 48
6624 44
6702 40
6777 36
6849 32
6920 28
6995 24
7065 20
1800 529.924
10043 527.999
10042 385.977
3479 382.956
3480 378.956
3481 374.956
10045 755.713
1805 537.924
10044 651.614
2783 648.924
2698 644.924
10047 151.865
10046 324.223
1806 541.924
1888 537.924
10033 283.788
5381 280.956
5472 276.956
5557 272.956
5633 268.956
5712 264.956
5787 260.956
5861 256.956
5936 252.956
6016 248.956
6096 244.956
6174 240.956
6249 236.956
6326 232.956
10032 672.906
10035 197.668
10034 197.643
10037 494.281
10036 494.31
10039 1446.85
10038 522.778
1798 529.924
10027 452.151
1945 449.489
2034 445.489
10026 238.379
6318 232.956
1850 716.924
1849 712.924
1931 708.924
10029 558.915
703 555.956
10028 525.444
10031 441.054
10030 513.986
1841 680.924
1923 676.924
2011 672.924
2101 668.924
2190 664.924
1843 688.924
1842 684.924
1845 696.924
1846 700.924
1928 696.924
10073 391.08
3025 388.956
3117 384.956
3211 380.956
3306 376.956
3402 372.956
3487 368.956
3568 364.956
3654 360.956
3736 356.956
3823 352.956
3912 348.956
4001 344.956
4090 340.956
4180 336.956
4273 332.956
4363 328.956
4452 324.956
1833 649.924
1915 645.924
1914 641.924
1913 637.924
2001 633.924
2000 629.924
1999 625.924
2089 621.924
2178 617.924
2263 613.924
2350 609.924
2349 605.924
2348 601.924
10072 391.245
3312 384.956
3311 380.956
1832 645.924
10075 443.268
2042 440.956
2041 436.956
1835 657.924
1834 653.924
10074 466.72
1836 661.924
1839 672.924
1921 668.924
1838 668.924
10065 467.738
10064 440.902
3838 437.924
10067 338.86
4358 332.956
10066 467.453
10069 388.966
1829 633.924
1911 629.924
10068 355.062
3829 352.956
3918 348.956
4006 344.956
4095 340.956
4184 336.956
4277 332.956
4367 328.956
4455 324.956
4542 320.956
4627 316.956
4709 312.956
4797 308.956
10071 282.34
5947 280.956
6026 276.956
6106 272.956
6105 268.956
6104 264.956
6103 260.956
6102 256.956
1831 641.924
1830 637.924
10070 180.33
7354 176.956
10057 400.45
3580 396.981
3747 388.956
3835 384.956
3925 380.956
4014 376.956
1881 525.924
1969 521.924
2059 517.924
2148 513.924
10056 453.866
2036 449.489
2128 445.489
10059 619.609
1883 525.924
1971 521.924
10061 340.813
4185 336.956
10060 411.292
2651 404.956
2739 400.956
2827 396.956
2925 392.956
3027 388.956
3120 384.956
3214 380.956
10063 77.782
6712 76
6787 72
6859 68
6858 64
6857 60
6856 56
6855 52
6854 48
6853 44
6924 40
6999 36
7069 32
7068 28
7136 24
7200 20
7199 16
7265 12
7332 8
1887 533.924
10062 80.037
6473 76
6553 72
6552 68
6631 64
6630 60
6629 56
6706 52
6781 48
1886 529.924
1873 462.956
1872 458.956
10051 112.207
10050 500.262
2486 498.924
2572 493.924
2659 489.924
2748 485.924
2836 481.924
2937 477.924
3040 473.924
3131 469.924
3223 465.924
3318 461.924
10053 175.13
7422 172.956
7488 168.956
7559 164.956
10055 124.484
10054 609.216
1865 440.956
1948 436.956
2037 432.956
2130 428.956
2221 424.956
2308 420.956
1860 756.924
1912 633.924
1917 653.924
2005 649.924
2004 645.924
2094 641.924
2093 637.924
2182 633.924
2267 629.924
2354 625.924
2439 621.924
2523 617.924
2608 613.924
2607 609.924
1916 649.924
1918 657.924
2006 653.924
2096 649.924
2185 645.924
2270 641.924
2357 637.924
2442 633.924
2526 629.924
2611 625.924
1905 605.924
1993 601.924
2083 597.924
2172 593.924
1897 573.924
1901 589.924
1903 597.924
1991 593.924
2081 589.924
1902 593.924
1990 589.924
1989 585.924
1895 565.924
1944 449.489
1939 740.924
1929 700.924
1920 664.924
2008 660.924
1925 684.924
1924 680.924
2012 676.924
1927 692.924
1979 545.924
1978 541.924
1981 553.924
1980 549.924
1983 561.924
2073 557.924
1965 521.924
2056 517.924
2146 513.924
2231 509.924
2318 505.924
2403 501.924
2487 497.924
1967 521.924
1966 521.924
1954 447.956
2043 443.956
2013 680.924
2003 641.924
2002 637.924
1994 605.924
1997 617.924
1998 621.924
2033 445.489
2125 441.489
2217 437.489
2304 433.489
2038 432.956
2131 428.956
2024 724.924
2114 720.924
2019 704.924
2021 712.924
2020 708.924
2110 704.924
2199 700.924
2284 696.924
2023 720.924
2113 716.924
2022 716.924
2112 712.924
2201 708.924
2079 581.924
2065 525.924
2067 533.924
2066 529.924
2155 525.924
2154 521.924
2069 541.924
2068 537.924
2157 533.924
2242 529.924
2329 525.924
2328 521.924
2413 517.924
2071 549.924
2070 545.924
2057 517.924
2060 517.924
2149 513.924
2235 509.924
2322 505.924
2408 501.924
2492 497.924
2577 493.924
2663 489.924
2751 485.924
2839 481.924
2062 517.924
2055 517.924
2145 513.924
2105 684.924
2107 692.924
2106 688.924
2195 684.924
2280 680.924
2279 676.924
2109 700.924
2108 696.924
2098 656.924
2100 664.924
2103 676.924
2192 672.924
2191 668.924
2102 672.924
2088 617.924
2087 613.924
2091 629.924
2090 625.924
2092 633.924
2095 645.924
2080 585.924
2169 581.924
2168 577.924
2167 573.924
2166 569.924
2165 565.924
2250 561.924
2249 557.924
2248 553.924
2085 605.924
2084 601.924
2143 513.924
2229 509.924
2316 505.924
2402 501.924
2133 432.956
2223 428.956
2310 424.956
2134 436.956
2224 432.956
2126 441.489
2173 597.924
2174 601.924
2259 597.924
2258 593.924
2345 589.924
2344 585.924
2343 581.924
2160 545.924
2245 541.924
2332 537.924
2331 533.924
2330 529.924
2164 561.924
2159 541.924
2244 537.924
2158 537.924
2144 513.924
2230 509.924
2317 505.924
2150 513.924
2194 680.924
2197 692.924
2282 688.924
2281 684.924
2196 688.924
2198 696.924
2184 641.924
2269 637.924
2356 633.924
2441 629.924
2525 625.924
2610 621.924
2609 617.924
2187 652.924
2189 660.924
2176 609.924
2181 629.924
2180 625.924
2265 621.924
2352 617.924
2437 613.924
2521 609.924
2520 605.924
2605 601.924
2604 597.924
2690 593.924
2778 589.924
2866 585.924
2865 581.924
2183 637.924
2232 509.924
2319 505.924
2234 509.924
2321 505.924
2406 501.924
2236 509.924
2323 505.924
2239 517.924
2326 513.924
2225 435.956
2228 510.924
2216 438.489
2219 432.956
2266 625.924
2353 621.924
2268 633.924
2257 589.924
2256 585.924
2261 605.924
2251 565.924
2338 561.924
2423 557.924
2507 553.924
2592 549.924
2253 573.924
2340 569.924
2252 569.924
2339 565.924
2254 577.924
2243 533.924
2283 692.924
2285 700.924
2272 648.924
2274 656.924
2335 549.924
2315 506.924
2401 502.924
2306 420.956
2394 416.956
2481 412.956
2565 408.956
2652 404.956
2740 400.956
2828 396.956
2926 392.956
2311 428.956
2363 660.924
2365 668.924
2364 664.924
2367 676.924
2366 672.924
2355 629.924
2359 644.924
2337 557.924
2336 553.924
2393 433.551
2479 426.551
2395 416.956
2387 756.924
2386 752.924
2385 748.924
2384 744.924
2383 740.924
2468 736.924
2552 732.924
2637 728.924
2636 724.924
2635 720.924
2634 716.924
2633 712.924
2632 708.924
2631 704.924
2630 700.924
2629 696.924
2628 692.924
2627 688.924
2626 684.924
2625 680.924
2624 676.924
2623 672.924
2369 684.924
2368 680.924
2453 676.924
2375 708.924
2374 704.924
2424 561.924
2427 573.924
2429 581.924
2428 577.924
2512 573.924
2421 549.924
2420 545.924
2422 553.924
2506 549.924
2591 545.924
2590 541.924
2676 537.924
2764 533.924
2763 529.924
2762 525.924
2761 521.924
2760 517.924
2759 513.924
2847 509.924
2846 505.924
2404 501.924
2488 497.924
2573 493.924
2407 501.924
2457 692.924
2456 688.924
2459 700.924
2458 696.924
2460 704.924
2544 700.924
2543 696.924
2449 660.924
2533 656.924
2448 656.924
2532 652.924
2451 668.924
2450 664.924
2534 660.924
2452 672.924
2440 625.924
2444 640.924
2447 652.924
2433 597.924
2517 593.924
2602 589.924
2688 585.924
2776 581.924
2864 577.924
2863 573.924
2862 569.924
2861 565.924
2432 593.924
2489 497.924
2574 493.924
2661 489.924
2495 505.924
2480 412.956
2564 408.956
2485 420.956
2569 416.956
2656 412.956
2655 408.956
2484 416.956
2568 412.956
2513 577.924
2515 585.924
2516 589.924
2601 585.924
2687 581.924
2775 577.924
2519 601.924
2518 597.924
2505 545.924
2504 541.924
2589 537.924
2675 533.924
2508 557.924
2593 553.924
2511 569.924
2510 565.924
2503 537.924
2502 533.924
2501 529.924
2586 525.924
2672 521.924
2671 517.924
2536 668.924
2539 680.924
2541 688.924
2540 684.924
2542 692.924
2528 636.924
2531 648.924
2530 644.924
2535 664.924
2585 521.924
2587 529.924
2673 525.924
2588 533.924
2583 513.924
2570 420.956
2563 408.956
2600 581.924
2686 577.924
2774 573.924
2603 593.924
2689 589.924
2777 585.924
2606 605.924
2692 601.924
2649 408.956
2735 404.956
2821 399.956
2914 395.956
3016 391.956
3109 387.956
2650 407.956
2736 403.956
2822 398.956
2915 394.956
2653 404.956
2741 400.956
2829 396.956
2681 557.924
2683 565.924
2682 561.924
2770 557.924
2769 553.924
2768 549.924
2767 545.924
2685 573.924
2684 569.924
2772 565.924
2771 561.924
2674 529.924
2677 541.924
2670 513.924
2669 509.924
2757 505.924
2756 501.924
2755 497.924
2754 493.924
2842 489.924
2841 485.924
2657 416.956
2660 489.924
2713 704.924
2712 700.924
2711 696.924
2705 672.924
2704 668.924
2707 680.924
2706 676.924
2709 688.924
2708 684.924
2710 692.924
2699 648.924
2701 656.924
2700 652.924
2703 664.924
2702 660.924
2691 597.924
2745 412.956
2744 408.956
2832 404.956
2929 400.956
3031 396.956
3030 392.956
2747 485.924
2835 481.924
2936 477.924
2746 414.956
2833 408.956
2749 485.924
2837 481.924
2737 402.956
2743 404.956
2831 400.956
2928 396.956
2733 409.956
2819 404.956
2779 593.924
2782 605.924
2773 569.924
2765 537.924
2793 684.924
2792 680.924
2795 692.924
2794 688.924
2797 700.924
2796 696.924
2799 708.924
2798 704.924
2785 652.924
2784 648.924
2787 660.924
2786 656.924
2789 668.924
2788 664.924
2791 676.924
2790 672.924
2845 501.924
2873 653.924
2872 651.924
2972 647.924
3066 643.924
2875 661.924
2874 657.924
2877 669.924
2876 665.924
2879 677.924
2878 673.924
2869 597.924
2870 601.924
2857 549.924
2856 545.924
2855 541.924
2859 557.924
2858 553.924
2860 561.924
2850 521.924
2909 411.956
2910 407.956
2911 403.956
3014 396.956
2888 713.924
2881 685.924
2880 681.924
2883 693.924
2882 689.924
2885 701.924
2884 697.924
2887 709.924
2886 705.924
2930 404.956
2933 483.924
2934 479.924
3038 475.924
3129 471.924
3222 466.924
3317 462.924
3408 458.924
2932 487.924
3036 483.924
3127 479.924
3220 474.924
3221 470.924
2935 478.924
3039 474.924
3130 470.924
2921 392.956
3023 388.956
3116 384.956
3210 380.956
2923 392.956
2922 392.956
3024 388.956
2924 392.956
2912 400.956
2973 651.924
3067 647.924
2975 659.924
3069 655.924
3068 651.924
2974 655.924
2985 699.924
3079 695.924
3078 691.924
3077 687.924
3076 683.924
3075 679.924
3074 675.924
3073 671.924
3072 667.924
3071 663.924
3070 659.924
2984 695.924
2983 691.924
2987 707.924
3081 703.924
3080 699.924
2986 703.924
2989 715.924
2988 711.924
3082 707.924
2977 667.924
2976 663.924
2979 675.924
2978 671.924
2981 683.924
2980 679.924
2982 687.924
3033 403.956
3124 396.956
3123 392.956
3122 388.956
3032 400.956
3035 487.924
3126 483.924
3219 478.924
3314 474.924
3315 470.924
3316 466.924
3034 491.924
3125 487.924
3218 482.924
3026 388.956
3119 384.956
3213 380.956
3308 376.956
3404 372.956
3489 368.956
3569 364.956
3655 360.956
3737 356.956
3028 388.956
3019 389.956
3112 385.956
3206 381.956
3302 377.956
3397 373.956
3018 390.956
3111 386.956
3021 389.956
3113 385.956
3207 381.956
3303 377.956
3398 373.956
3484 369.956
3566 365.956
3651 361.956
3733 357.956
3020 389.956
3022 389.956
3115 385.956
3013 414.956
3012 418.956
3065 600.924
3064 596.924
3063 592.924
3062 588.924
3061 584.924
3060 580.924
3059 576.924
3058 572.924
3057 568.924
3056 564.924
3055 560.924
3054 556.924
3053 552.924
3052 548.924
3051 544.924
3050 540.924
3049 536.924
3048 532.924
3047 528.924
3083 711.924
3084 715.924
3114 385.956
3208 381.956
3304 377.956
3400 373.956
3486 369.956
3567 365.956
3118 384.956
3212 380.956
3161 648.924
3160 644.924
3163 656.924
3162 652.924
3165 664.924
3164 660.924
3167 672.924
3166 668.924
3152 584.924
3155 596.924
3154 592.924
3156 600.924
3145 556.924
3144 552.924
3147 564.924
3146 560.924
3149 572.924
3148 568.924
3151 580.924
3150 576.924
3141 540.924
3140 536.924
3143 548.924
3142 544.924
3177 712.924
3176 708.924
3175 704.924
3174 700.924
3173 696.924
3172 692.924
3171 688.924
3170 684.924
3169 680.924
3168 676.924
3178 716.924
3231 541.924
3209 381.956
3205 382.956
3257 658.924
3256 654.924
3255 650.924
3254 646.924
3253 642.924
3252 638.924
3251 634.924
3250 630.924
3259 666.924
3258 662.924
3261 674.924
3260 670.924
3263 682.924
3262 678.924
3241 581.924
3240 577.924
3245 597.924
3244 593.924
3153 588.924
3246 601.924
3233 549.924
3232 545.924
3239 573.924
3238 569.924
3272 718.924
3271 714.924
3270 710.924
3269 706.924
3268 702.924
3267 698.924
3266 694.924
3265 690.924
3264 686.924
3275 730.924
3274 726.924
3273 722.924
3305 377.956
3307 376.956
3309 376.956
3299 383.956
3298 387.956
3393 383.956
3353 667.924
3352 663.924
3351 659.924
3350 655.924
3349 651.924
3348 647.924
3347 643.924
3346 639.924
3345 635.924
3344 631.924
3343 627.924
3342 623.924
3341 619.924
3355 675.924
3354 671.924
3357 683.924
3356 679.924
3359 691.924
3358 687.924
3339 604.924
3338 600.924
3361 699.924
3360 695.924
3363 707.924
3362 703.924
3365 715.924
3364 711.924
3417 584.924
3416 580.924
3419 592.924
3418 588.924
3420 596.924
3401 376.956
3399 373.956
3485 369.956
3477 392.123
3478 389.571
3513 629.924
3512 625.924
3515 637.924
3514 633.924
3517 645.924
3516 641.924
3519 653.924
3518 649.924
3505 597.924
3504 593.924
3507 605.924
3506 601.924
3509 613.924
3508 609.924
3510 617.924
3503 589.924
3502 585.924
3492 368.956
3573 364.956
3658 360.956
3740 356.956
3826 352.956
3915 348.956
4004 344.956
4093 340.956
4183 336.956
4275 332.956
4365 328.956
3529 693.924
3528 689.924
3531 701.924
3530 697.924
3533 709.924
3532 705.924
3534 713.924
3521 661.924
3520 657.924
3523 669.924
3522 665.924
3525 677.924
3524 673.924
3527 685.924
3526 681.924
3579 400.981
3581 400.981
3609 673.924
3608 669.924
3611 681.924
3610 677.924
3613 689.924
3612 685.924
3615 697.924
3614 693.924
3601 641.924
3600 637.924
3599 633.924
3598 629.924
3597 625.924
3511 621.924
3603 649.924
3602 645.924
3605 657.924
3604 653.924
3607 665.924
3606 661.924
3593 609.924
3592 605.924
3595 617.924
3594 613.924
3596 621.924
3589 593.924
3588 589.924
3591 601.924
3590 597.924
3624 733.924
3623 729.924
3617 705.924
3616 701.924
3619 713.924
3618 709.924
3620 717.924
3673 597.924
3672 593.924
3675 605.924
3674 601.924
3677 613.924
3676 609.924
3679 621.924
3678 617.924
3705 725.924
3704 721.924
3703 717.924
3707 733.924
3697 693.924
3696 689.924
3699 701.924
3698 697.924
3701 709.924
3700 705.924
3702 713.924
3689 661.924
3688 657.924
3687 653.924
3691 669.924
3690 665.924
3693 677.924
3692 673.924
3695 685.924
3694 681.924
3681 629.924
3680 625.924
3683 637.924
3682 633.924
3685 645.924
3684 641.924
3686 649.924
3741 356.956
3827 352.956
3742 358.087
3730 362.956
3818 358.956
3905 354.956
3906 350.956
3995 346.956
4085 341.956
3734 361.956
3769 634.924
3768 630.924
3771 642.924
3770 638.924
3773 650.924
3772 646.924
3775 658.924
3774 654.924
3761 602.924
3760 598.924
3763 610.924
3762 606.924
3765 618.924
3764 614.924
3767 626.924
3766 622.924
3753 446.924
3842 442.924
3931 438.924
4019 434.924
4108 430.924
4199 426.924
4291 422.924
4471 412.924
3752 443.924
3841 439.924
3930 435.924
4018 431.924
4107 427.924
4198 423.924
4290 419.924
3746 392.956
3748 388.956
3836 384.956
3751 443.924
3793 730.924
3792 726.924
3795 738.924
3796 742.924
3708 737.924
3785 698.924
3784 694.924
3787 706.924
3786 702.924
3789 714.924
3788 710.924
3791 722.924
3790 718.924
3777 666.924
3776 662.924
3779 674.924
3778 670.924
3781 682.924
3780 678.924
3783 690.924
3782 686.924
3833 358.956
3921 354.956
3920 350.956
4008 346.956
4096 340.956
3834 362.956
3837 384.956
3926 380.956
3828 356.956
3819 358.956
3821 352.956
3910 348.956
3999 344.956
4088 340.956
4178 336.956
4270 332.956
4360 328.956
3865 670.924
3864 666.924
3863 662.924
3867 678.924
3866 674.924
3869 686.924
3868 682.924
3871 694.924
3870 690.924
3857 638.924
3856 634.924
3859 646.924
3858 642.924
3861 654.924
3860 650.924
3862 658.924
3849 606.924
3848 602.924
3851 614.924
3850 610.924
3853 622.924
3852 618.924
3855 630.924
3854 626.924
3840 439.924
3929 435.924
4017 431.924
4106 427.924
3889 766.924
3801 762.924
3713 757.924
3629 753.924
3543 749.924
3881 734.924
3880 730.924
3879 726.924
3878 722.924
3877 718.924
3883 742.924
3885 750.924
3797 746.924
3709 741.924
3625 737.924
3539 733.924
3884 746.924
3887 758.924
3799 754.924
3711 749.924
3710 745.924
3626 741.924
3540 737.924
3886 754.924
3798 750.924
3873 702.924
3872 698.924
3875 710.924
3874 706.924
3876 714.924
3932 604.311
3923 362.956
3922 358.956
4010 354.956
4009 350.956
3924 381.956
4013 377.956
3916 348.956
3904 358.956
3993 354.956
4083 349.956
4084 345.956
3909 348.956
3997 344.956
3961 702.924
3960 698.924
3963 710.924
3962 706.924
3965 718.924
3964 714.924
3967 726.924
3966 722.924
3953 670.924
3952 666.924
3955 678.924
3954 674.924
3957 686.924
3956 682.924
3959 694.924
3958 690.924
3945 638.924
3944 634.924
3943 630.924
3942 626.924
3947 646.924
3946 642.924
3949 654.924
3948 650.924
3951 662.924
3950 658.924
3992 358.956
4082 353.956
3977 766.924
3976 762.924
3979 774.924
3890 770.924
3802 766.924
3714 761.924
3978 770.924
3969 734.924
3968 730.924
3970 738.924
3973 750.924
3975 758.924
3974 754.924
4024 604.924
3934 600.924
4031 626.924
4030 622.924
4029 618.924
3939 614.924
3938 610.924
3937 606.924
4023 604.924
4011 358.956
4000 344.956
4089 340.956
4003 344.956
4092 340.956
4005 344.956
4094 340.956
4057 730.924
4056 726.924
4055 722.924
4054 718.924
4059 738.924
4058 734.924
4061 746.924
4060 742.924
4049 698.924
4048 694.924
4051 706.924
4050 702.924
4053 714.924
4052 710.924
4041 666.924
4040 662.924
4043 674.924
4042 670.924
4045 682.924
4044 678.924
4047 690.924
4046 686.924
4033 634.924
4032 630.924
4034 638.924
4037 650.924
4039 658.924
4038 654.924
4065 762.924
4067 770.924
4066 766.924
4069 778.924
4068 774.924
4071 786.924
3981 782.924
3980 778.924
3891 774.924
3803 770.924
3715 765.924
3631 761.924
3630 757.924
3544 753.924
4070 782.924
4121 631.924
4123 639.924
4122 635.924
4112 608.924
4104 425.924
4111 608.924
4022 604.924
3933 600.924
4097 344.956
4187 340.956
4279 336.956
4369 332.956
4457 328.956
4544 324.956
4629 320.956
4711 316.956
4101 376.956
4153 759.924
4152 755.924
4155 767.924
4157 775.924
4156 771.924
4159 783.924
4158 779.924
4145 727.924
4144 723.924
4149 743.924
4148 739.924
4151 751.924
4150 747.924
4137 695.924
4136 691.924
4139 703.924
4138 699.924
4141 711.924
4140 707.924
4143 719.924
4142 715.924
4131 671.924
4130 667.924
4133 679.924
4132 675.924
4135 687.924
4134 683.924
4186 336.956
4278 332.956
4368 328.956
4456 324.956
4543 320.956
4628 316.956
4710 312.956
4189 348.956
4281 344.956
4371 340.956
4459 336.956
4546 332.956
4631 328.956
4188 344.956
4280 340.956
4370 336.956
4190 352.956
4177 336.956
4161 791.924
4160 787.924
4162 795.924
4072 790.924
3982 786.924
4216 643.924
4215 639.924
4214 635.924
4203 612.924
4249 775.924
4248 771.924
4251 783.924
4250 779.924
4253 791.924
4252 787.924
4255 799.924
4254 795.924
4241 743.924
4243 751.924
4242 747.924
4245 759.924
4244 755.924
4246 763.924
4233 711.924
4232 707.924
4235 719.924
4234 715.924
4237 727.924
4236 723.924
4224 675.924
4227 687.924
4226 683.924
4229 695.924
4228 691.924
4231 703.924
4230 699.924
4283 352.956
4373 348.956
4372 344.956
4460 340.956
4282 348.956
4287 368.956
4377 364.956
4272 332.956
4362 328.956
4450 324.956
4538 320.956
4624 316.956
4706 312.956
4794 308.956
4880 304.956
4964 300.956
5047 296.956
5128 292.956
5207 288.956
4276 332.956
4366 328.956
4265 353.956
4266 349.956
4264 357.956
4256 803.924
4263 361.956
4262 827.924
4169 823.924
4079 818.924
4078 814.924
4077 810.924
4076 806.924
4075 802.924
3985 798.924
3984 794.924
3983 790.924
3894 786.924
3806 782.924
3718 777.924
3634 773.924
3548 769.924
4317 683.924
4225 679.924
4316 679.924
4319 691.924
4318 687.924
4305 635.924
4304 631.924
4303 627.924
4302 623.924
4295 616.924
4294 616.924
4345 795.924
4344 791.924
4343 787.924
4347 803.924
4346 799.924
4348 807.924
4337 763.924
4336 759.924
4335 755.924
4334 751.924
4333 747.924
4338 767.924
4341 779.924
4340 775.924
4342 783.924
4329 731.924
4328 727.924
4320 695.924
4323 707.924
4322 703.924
4325 715.924
4324 711.924
4327 723.924
4326 719.924
4375 356.956
4374 352.956
4361 328.956
4355 359.956
4354 363.956
4357 336.956
4409 688.924
4408 684.924
4411 696.924
4410 692.924
4413 704.924
4321 699.924
4412 700.924
4415 712.924
4414 708.924
4395 632.924
4394 628.924
4387 620.924
4296 616.924
4204 612.924
4388 620.924
4297 616.924
4206 612.924
4113 608.924
4441 816.924
4349 811.924
4440 812.924
4442 820.924
4350 815.924
4258 811.924
4165 807.924
4445 363.956
4444 828.924
4352 823.924
4351 819.924
4447 336.956
4433 784.924
4432 780.924
4435 792.924
4434 788.924
4437 800.924
4436 796.924
4438 804.924
4429 768.924
4430 772.924
4417 720.924
4416 716.924
4419 728.924
4418 724.924
4421 736.924
4420 732.924
4465 360.956
4461 344.956
4463 352.956
4462 348.956
4549 344.956
4634 340.956
4449 324.956
4537 320.956
4451 324.956
4505 720.924
4504 716.924
4507 728.924
4506 724.924
4508 732.924
4497 688.924
4499 696.924
4498 692.924
4501 704.924
4500 700.924
4503 712.924
4502 708.924
4488 652.924
4487 648.924
4398 644.924
4306 639.924
4485 640.924
4396 636.924
4484 636.924
4486 644.924
4397 640.924
4539 320.956
4541 320.956
4529 816.924
4528 812.924
4439 808.924
4531 824.924
4530 820.924
4533 367.956
4532 828.924
4534 371.956
4521 784.924
4523 792.924
4522 788.924
4525 800.924
4524 796.924
4527 808.924
4526 804.924
4571 640.924
4573 648.924
4572 644.924
4575 656.924
4553 360.956
4552 356.956
4554 364.956
4548 340.956
4633 336.956
4550 348.956
4593 728.924
4592 724.924
4595 736.924
4594 732.924
4596 740.924
4587 704.924
4586 700.924
4585 696.924
4584 692.924
4589 712.924
4591 720.924
4590 716.924
4576 660.924
4632 332.956
4635 344.956
4639 360.956
4721 356.956
4720 352.956
4807 348.956
4892 344.956
4638 356.956
4625 316.956
4707 312.956
4617 824.924
4616 820.924
4619 371.956
4618 828.924
4621 317.956
4623 316.956
4705 312.956
4609 792.924
4611 800.924
4610 796.924
4613 808.924
4612 804.924
4615 816.924
4614 812.924
4659 652.924
4658 648.924
4660 656.924
4574 652.924
4642 372.956
4641 368.956
4723 364.956
4810 360.956
4697 804.924
4696 800.924
4699 812.924
4698 808.924
4701 820.924
4700 816.924
4702 824.924
4681 740.924
4680 736.924
4679 732.924
4683 748.924
4682 744.924
4684 752.924
4674 712.924
4588 708.924
4677 724.924
4676 720.924
4675 716.924
4678 728.924
4730 395.956
4722 360.956
4763 717.924
4765 725.924
4767 733.924
4766 729.924
4747 653.924
4749 661.924
4748 657.924
4750 665.924
4661 660.924
4793 308.956
4878 304.956
4785 805.924
4787 813.924
4786 809.924
4789 821.924
4788 817.924
4791 829.924
4790 825.924
4769 741.924
4768 737.924
4771 749.924
4772 753.924
4817 388.956
4816 384.956
4901 380.956
4985 376.956
5068 372.956
5149 368.956
5148 364.956
5147 360.956
5226 356.956
4818 392.956
4809 356.956
4894 352.956
4808 352.956
4813 372.956
4898 368.956
4812 368.956
4815 380.956
4900 376.956
4984 372.956
4801 324.956
4800 320.956
4803 332.956
4802 328.956
4804 336.956
4806 344.956
4891 340.956
4860 761.924
4773 757.924
4863 773.924
4776 769.924
4687 764.924
4601 760.924
4514 756.924
4425 752.924
4853 733.924
4852 729.924
4851 725.924
4764 721.924
4855 741.924
4854 737.924
4843 693.924
4756 689.924
4667 684.924
4666 680.924
4665 676.924
4579 672.924
4492 668.924
4491 664.924
4402 660.924
4310 655.924
4309 651.924
4308 647.924
4835 661.924
4834 657.924
4839 677.924
4752 673.924
4663 668.924
4662 664.924
4889 332.956
4888 328.956
4887 324.956
4886 320.956
4885 316.956
4884 312.956
4893 348.956
4873 813.924
4872 809.924
4875 821.924
4874 817.924
4877 829.924
4876 825.924
4879 304.956
4963 300.956
4865 781.924
4864 777.924
4897 364.956
4903 388.956
4902 384.956
4957 813.924
4959 821.924
4958 817.924
4945 765.924
4947 773.924
4946 769.924
4861 765.924
4949 781.924
4948 777.924
4950 785.924
4937 733.924
4936 729.924
4939 741.924
4938 737.924
4940 745.924
4942 753.924
4857 749.924
4770 745.924
4986 380.956
4981 360.956
4980 356.956
4968 308.956
5051 304.956
5132 300.956
5211 296.956
5298 292.956
5389 288.956
5479 284.956
4972 324.956
4971 320.956
5054 316.956
5053 312.956
5134 308.956
5213 304.956
5212 300.956
4961 829.924
4960 825.924
4967 304.956
5050 300.956
5020 734.924
5022 742.924
5011 698.924
4927 693.924
4842 689.924
4755 685.924
5015 714.924
4931 709.924
4846 705.924
4759 701.924
4670 696.924
5052 308.956
5055 320.956
5041 818.924
5040 814.924
4956 809.924
4871 805.924
4784 801.924
4695 796.924
5043 826.924
5042 822.924
5045 296.956
5044 830.924
5033 786.924
5032 782.924
5027 762.924
4943 757.924
4858 753.924
5026 758.924
5031 778.924
5030 774.924
5064 356.956
5063 352.956
5062 348.956
5061 344.956
5060 340.956
5059 336.956
5140 332.956
5219 328.956
5306 324.956
5057 328.956
5113 782.924
5112 778.924
5111 774.924
5110 770.924
5028 766.924
4944 761.924
4859 757.924
5101 734.924
5100 730.924
5099 726.924
5017 722.924
4933 717.924
4932 713.924
4847 709.924
5102 738.924
5093 702.924
5094 706.924
5012 702.924
4928 697.924
5145 352.956
5144 348.956
5136 316.956
5139 328.956
5218 324.956
5305 320.956
5396 316.956
5486 312.956
5571 308.956
5647 304.956
5646 300.956
5138 324.956
5141 336.956
5143 344.956
5142 340.956
5129 292.956
5208 288.956
5295 284.956
5131 296.956
5133 304.956
5123 822.924
5125 830.924
5124 826.924
5126 834.924
5176 718.924
5096 714.924
5095 710.924
5013 706.924
4929 701.924
5175 714.924
5205 834.924
5204 830.924
5193 786.924
5192 782.924
5194 790.924
5217 320.956
5275 787.924
5274 783.924
5191 778.924
5190 774.924
5276 791.924
5304 316.956
5395 312.956
5485 308.956
5570 304.956
5569 300.956
5568 296.956
5309 336.956
5308 332.956
5311 344.956
5310 340.956
5303 312.956
5394 308.956
5393 304.956
5302 308.956
5287 835.924
5361 783.924
5273 779.924
5401 336.956
5491 332.956
5576 328.956
5575 324.956
5574 320.956
5573 316.956
5400 332.956
5490 328.956
5402 340.956
5399 328.956
5380 280.956
5470 276.956
5555 272.956
5632 268.956
5711 264.956
5786 260.956
5382 280.956
5465 835.924
5464 831.924
5372 827.924
5371 823.924
5370 819.924
5369 815.924
5281 811.924
5198 806.924
5197 802.924
5196 798.924
5116 794.924
5034 790.924
5489 324.956
5488 320.956
5493 340.956
5578 336.956
5577 332.956
5653 328.956
5652 324.956
5651 320.956
5650 316.956
5729 312.956
5804 308.956
5878 304.956
5877 300.956
5876 296.956
5949 292.956
6029 288.956
6109 284.956
6108 280.956
6185 276.956
6259 272.956
6336 268.956
6335 264.956
6413 260.956
6495 256.956
6494 252.956
6576 248.956
6575 244.956
6574 240.956
6653 236.956
6652 232.956
6651 228.956
6650 224.956
6649 220.956
5492 336.956
5483 300.956
5484 304.956
5554 272.956
5631 268.956
5585 362.849
5661 358.849
5740 354.849
5815 350.849
5889 346.849
5962 342.849
6042 338.849
6122 334.849
6199 330.849
6273 326.849
6350 322.849
6428 318.849
5579 340.956
5580 344.956
5626 836.924
5549 831.924
5548 827.924
5547 823.924
5546 819.924
5545 815.924
5459 811.924
5458 807.924
5457 803.924
5365 799.924
5277 795.924
5657 344.956
5736 340.956
5811 336.956
5810 332.956
5884 328.956
5957 324.956
6037 320.956
6117 316.956
6116 312.956
6115 308.956
6192 304.956
6266 300.956
6343 296.956
6421 292.956
6503 288.956
6502 284.956
6584 280.956
5656 340.956
5735 336.956
5659 352.956
5738 348.956
5813 344.956
5887 340.956
5660 355.849
5739 351.849
5814 347.849
5888 343.849
5961 339.849
6041 335.849
6121 331.849
6198 327.849
6272 323.849
6349 319.849
6427 315.849
6509 311.849
5662 362.849
5649 312.956
5655 336.956
5734 332.956
5809 328.956
5808 324.956
5807 320.956
5806 316.956
5805 312.956
5879 308.956
5643 288.956
5642 284.956
5641 280.956
5640 276.956
5645 296.956
5644 292.956
5634 268.956
5714 264.956
5789 260.956
5864 256.956
5938 252.956
6017 248.956
6097 244.956
6175 240.956
5695 796.924
5615 792.924
5538 787.924
5452 783.924
5451 779.924
5450 775.924
5358 771.924
5270 767.924
5187 762.924
5186 758.924
5185 754.924
5184 750.924
5104 746.924
5724 292.956
5728 308.956
5730 316.956
5733 328.956
5788 260.956
5862 256.956
5937 252.956
5801 296.956
5803 304.956
5802 300.956
5881 316.956
5954 312.956
6034 308.956
6114 304.956
6191 300.956
6265 296.956
6342 292.956
6341 288.956
6340 284.956
6339 280.956
6338 276.956
6337 272.956
6415 268.956
6497 264.956
6579 260.956
6578 256.956
5880 312.956
5883 324.956
5882 320.956
5885 332.956
5873 284.956
5872 280.956
5875 296.956
5874 292.956
5863 256.956
5951 300.956
5950 296.956
5939 252.956
6018 248.956
6098 244.956
5960 336.956
5953 308.956
5952 304.956
6032 300.956
6112 296.956
6111 292.956
6110 288.956
5955 316.956
5956 320.956
6036 316.956
5958 328.956
6000 841.924
5999 837.924
5998 833.924
5925 829.924
5924 825.924
5923 821.924
5922 817.924
5921 813.924
5920 809.924
5919 805.924
5918 801.924
5917 797.924
5916 793.924
5842 789.924
5767 784.924
5691 780.924
5611 776.924
5534 771.924
5533 767.924
5447 763.924
5446 759.924
5445 755.924
5353 751.924
5265 747.924
5182 742.924
5181 738.924
5180 734.924
5179 730.924
6003 76
6083 72
6158 68
6233 64
6307 60
6384 56
6462 52
6543 48
6622 44
6699 40
6774 36
6846 32
6918 28
6993 24
7063 20
6002 76
6082 72
6004 76
6084 72
6006 76
6086 72
6162 68
6040 332.956
6033 304.956
6035 312.956
6038 324.956
6027 280.956
6107 276.956
6031 296.956
6030 292.956
6081 71
6087 72
6120 328.956
6113 300.956
6161 68
6236 64
6310 60
6164 68
6238 64
6312 60
6388 56
6155 842.924
6079 837.924
6157 68
6231 64
6305 60
6381 56
6459 52
6539 48
6159 68
6193 308.956
6194 312.956
6268 308.956
6345 304.956
6344 300.956
6422 296.956
6197 324.956
6271 320.956
6348 316.956
6347 312.956
6196 320.956
6187 284.956
6186 280.956
6189 292.956
6263 288.956
6188 288.956
6262 284.956
6190 296.956
6232 64
6306 60
6383 56
6460 52
6541 48
6620 44
6698 40
6234 64
6308 60
6385 56
6239 64
6313 60
6230 842.924
6154 838.924
6078 833.924
5997 829.924
5996 825.924
6264 292.956
6267 304.956
6270 316.956
6261 280.956
6241 236.956
6247 236.956
6324 232.956
6403 228.956
6486 224.956
6568 220.956
6647 216.956
6315 64
6317 72
6316 68
6392 64
6469 60
6549 56
6628 52
6705 48
6780 44
6852 40
6851 36
6922 32
6997 28
7067 24
7135 20
6351 326.849
6393 68
6395 76
6472 72
6394 72
6471 68
6470 64
6389 56
6391 60
6380 843.924
6303 838.924
6228 834.924
6227 830.924
6226 826.924
6150 822.924
6074 817.924
6073 813.924
5992 809.924
6382 56
6425 308.956
6426 312.956
6508 308.956
6590 304.956
6669 300.956
6747 296.956
6746 292.956
6417 276.956
6416 272.956
6418 280.956
6420 288.956
6423 300.956
6409 244.956
6491 240.956
6490 236.956
6572 232.956
6411 252.956
6493 248.956
6412 256.956
6401 228.956
6483 224.956
6565 220.956
6644 216.956
6723 212.956
6799 208.956
6870 204.956
6942 200.956
6461 52
6484 224.956
6567 220.956
6646 216.956
6725 212.956
6800 208.956
6871 204.956
6475 84
6474 80
6554 76
6477 92
6557 88
6556 84
6555 80
6476 88
6478 96
6464 52
6466 52
6468 56
6505 296.956
6504 292.956
6507 304.956
6499 272.956
6498 268.956
6500 276.956
6559 96
6638 92
6637 88
6714 84
6789 80
6558 92
6546 48
6625 44
6548 52
6551 64
6550 60
6540 48
6619 44
6542 48
6621 44
6585 284.956
6589 300.956
6581 268.956
6580 264.956
6583 276.956
6582 272.956
6560 100
6639 96
6566 220.956
6645 216.956
6724 212.956
6640 100
6717 96
6633 72
6632 68
6635 80
6634 76
6711 72
6710 68
6709 64
6708 60
6783 56
6636 84
6627 48
6704 44
6667 292.956
6666 288.956
6713 80
6715 88
6716 92
6791 88
6718 100
6707 56
6697 40
6701 40
6695 41
6914 30
6990 26
7061 21
7130 17
7195 13
7262 9
6745 288.956
6744 284.956
6819 280.956
6890 276.956
6889 272.956
6888 268.956
6887 264.956
6957 260.956
7031 256.956
6737 256.956
6736 252.956
6739 264.956
6738 260.956
6741 272.956
6740 268.956
6815 264.956
6886 260.956
6885 256.956
6884 252.956
6883 248.956
6882 244.956
6881 240.956
6880 236.956
6950 232.956
6743 280.956
6742 276.956
6733 240.956
6776 36
6848 32
6779 40
6782 52
6771 37
6770 848.924
6769 844.924
6693 840.924
6615 835.924
6535 831.924
6534 827.924
6533 823.924
6451 819.924
6373 815.924
6296 810.924
6221 806.924
6220 802.924
6219 798.924
6218 794.924
6217 790.924
6216 786.924
6140 782.924
6064 777.924
6063 773.924
5982 769.924
5909 765.924
5835 761.924
5760 756.924
5684 752.924
5604 748.924
5527 743.924
5526 739.924
5525 735.924
5524 731.924
5523 727.924
5437 723.924
5436 719.924
5435 715.924
5343 711.924
5255 707.924
5172 702.924
5171 698.924
5170 694.924
5090 690.924
5089 686.924
5007 682.924
4923 677.924
4838 673.924
4751 669.924
6773 36
6845 32
6811 248.956
6813 256.956
6812 252.956
6814 260.956
6794 100
6798 208.956
6869 204.956
6940 200.956
7016 196.956
7086 192.956
7156 188.956
7222 184.956
6785 64
6784 60
6786 68
6788 76
6790 84
6843 33
6915 29
6991 25
6817 272.956
6816 268.956
6818 276.956
6865 92
6866 96
6910 89
6893 288.956
6937 92
6936 88
6935 84
7010 80
7080 76
7079 72
7078 68
7146 64
7210 60
7209 56
7275 52
7342 48
7341 44
7340 40
6938 96
6941 200.956
7018 196.956
7088 192.956
6929 60
7004 56
7074 52
7073 48
7072 44
7071 40
7070 36
7138 32
7202 28
7201 24
6933 76
6932 72
6934 80
6923 36
6925 44
6927 52
6926 48
6917 28
6953 244.956
6952 240.956
6951 236.956
6954 248.956
6956 256.956
6955 252.956
7029 248.956
7100 244.956
7170 240.956
6959 268.956
6958 264.956
7001 44
7000 40
7002 48
7007 68
7006 64
6998 32
6985 54
7054 49
7055 45
7124 41
7125 37
7126 33
7191 29
7258 25
7326 20
6984 58
7053 53
6987 46
7056 41
7057 37
7058 33
7127 29
7192 25
7259 21
7327 16
7328 12
6986 50
6989 30
7060 25
6988 42
6977 86
7046 81
7115 77
7116 73
7181 69
7248 65
7316 60
7317 56
6976 90
7045 85
7114 81
7179 77
7246 73
7314 68
6979 78
7048 73
7049 69
7050 65
6978 82
7047 77
6981 70
6980 74
6983 62
7033 264.956
7032 260.956
7034 268.956
7025 232.956
7024 228.956
7023 224.956
7094 220.956
7027 240.956
7026 236.956
7028 244.956
7030 252.956
7017 196.956
7087 192.956
7009 76
7008 72
7011 84
7013 92
7012 88
7082 84
7150 80
7214 76
7280 72
7014 96
7059 29
7044 89
7113 85
7178 81
7097 232.956
7167 228.956
7233 224.956
7299 220.956
7368 216.956
7436 212.956
7502 208.956
7501 204.956
7572 200.956
7571 196.956
7570 192.956
7569 188.956
7568 184.956
7641 180.956
7713 176.956
7786 172.956
7859 168.956
7096 228.956
7095 224.956
7165 220.956
7164 216.956
7230 212.956
7296 208.956
7365 204.956
7433 200.956
7499 196.956
7099 240.956
7169 236.956
7235 232.956
7301 228.956
7370 224.956
7369 220.956
7437 216.956
7503 212.956
7098 236.956
7090 196.956
7081 80
7149 76
7213 72
7279 68
7085 192.956
7155 188.956
7221 184.956
7288 180.956
7357 176.956
7425 172.956
7077 64
7076 60
7129 21
7128 25
7132 16
7120 57
7123 45
7122 49
7112 89
7117 69
7182 65
7249 61
7119 61
7118 65
7162 204.956
7161 200.956
7226 196.956
7225 192.956
7291 188.956
7290 184.956
7166 224.956
7153 92
7217 88
7283 84
7350 80
7349 76
7152 88
7157 188.956
7159 192.956
7145 60
7144 56
7147 68
7148 72
7212 68
7211 64
7137 28
7139 36
7141 44
7140 40
7204 36
7142 48
7193 21
7194 17
7261 13
7329 8
7197 12
7185 53
7184 57
7251 53
7319 48
7189 37
7256 33
7324 28
7188 41
7190 33
7177 85
7176 264.956
7175 260.956
7174 256.956
7173 252.956
7239 248.956
7305 244.956
7304 240.956
7373 236.956
7372 232.956
7180 73
7247 69
7315 64
7183 61
7250 57
7318 52
7168 232.956
7224 188.956
7227 200.956
7228 204.956
7294 200.956
7231 216.956
7216 84
7218 92
7220 184.956
7208 52
7203 32
7205 40
7257 29
7325 24
7260 17
7252 49
7320 44
7321 40
7241 256.956
7307 252.956
7306 248.956
7240 252.956
7243 85
7311 80
7242 260.956
7245 77
7313 72
7244 81
7312 76
7232 220.956
7234 228.956
7238 244.956
7293 196.956
7292 192.956
7282 80
7285 92
7352 88
7351 84
7284 88
7287 180.956
7356 176.956
7273 44
7274 48
7277 60
7344 56
7343 52
7276 56
7278 64
7266 16
7323 32
7310 84
7297 212.956
7298 216.956
7367 212.956
7435 208.956
7300 224.956
7303 236.956
7353 92
7359 180.956
7345 60
7337 28
7336 24
7335 20
7339 36
7338 32
7376 248.956
7375 244.956
7374 240.956
7361 188.956
7360 184.956
7428 180.956
7494 176.956
7493 172.956
7366 208.956
7441 232.956
7507 228.956
7506 224.956
7577 220.956
7576 216.956
7440 228.956
7442 236.956
7432 196.956
7498 192.956
7434 204.956
7424 172.956
7490 168.956
7561 164.956
7634 160.956
7427 176.956
7429 184.956
7431 192.956
7472 32
7471 28
7475 44
7474 40
7477 52
7476 48
7479 60
7478 56
7461 16
7462 12
7463 8
7517 64
7518 60
7519 56
7452 52
7453 48
7454 44
7505 220.956
7509 236.956
7580 232.956
7579 228.956
7652 224.956
7651 220.956
7723 216.956
7796 212.956
7497 188.956
7491 168.956
7562 164.956
7495 180.956
7545 57
7544 53
7547 65
7546 61
7549 73
7551 81
7550 77
7537 25
7536 21
7539 33
7540 37
7543 49
7542 45
7529 16
7530 12
7535 17
7534 13
7573 204.956
7646 200.956
7718 196.956
7565 172.956
7564 168.956
7566 176.956
7553 89
7555 97
7609 29
7608 25
7611 37
7612 41
7615 53
7614 49
7603 12
7607 21
7606 17
7592 52
7593 48
7594 44
7595 40
7524 36
7457 32
7643 188.956
7715 184.956
7788 180.956
7642 184.956
7714 180.956
7787 176.956
7645 196.956
7644 192.956
7716 188.956
7789 184.956
7635 160.956
7707 156.956
7625 93
7627 101
7629 108.956
7630 112.956
7617 61
7616 57
7619 69
7618 65
7623 85
7622 81
7679 21
7648 208.956
7654 232.956
7653 228.956
7709 160.956
7782 156.956
7855 152.956
7711 168.956
7710 164.956
7696 89
7700 105
7703 116.956
7702 112.956
7689 61
7688 57
7691 69
7690 65
7693 77
7692 73
7681 29
7680 25
7682 33
7685 45
7684 41
7687 53
7720 204.956
7712 172.956
7785 168.956
7858 164.956
7857 160.956
7717 192.956
7769 93
7770 97
7773 109
7765 77
7767 85
7766 81
7753 29
7752 25
7755 37
7754 33
7757 45
7758 49
7793 200.956
7784 164.956
7790 188.956
7776 120.956
7779 153.956
7778 127.956
7783 160.956
7856 156.956
7833 58
7832 54
7835 66
7837 74
7836 70
7839 82
7827 34
7826 30
7829 42
7828 38
7831 50
7865 192.956
7866 196.956
7871 217.211
10012 215.364
7860 172.956
7850 125.956
7852 132.956
7841 90
7840 86
7843 98
7844 102
7847 114
7902 46
7920 118
7923 129.956
7913 90
7914 94
7905 58
7906 62
7909 74
7910 78
7941 200.956
7942 204.956
7994 133.956
7996 140.956
7999 152.956
7998 148.956
7985 98
7984 94
7987 106
7986 102
7978 70
7981 82
7980 78
7982 86
7971 42
7970 38
7973 50
8008 188.956
8007 184.956
8013 212.294
8012 208.294
10115 204.013
8001 160.956
8000 156.956
8002 164.956
8005 176.956
8004 172.956
8006 180.956
8073 200.956
8010 196.956
8072 196.956
8009 192.956
8074 208.307
10077 205.185
8069 184.956
8120 153.956
8123 165.956
