 key  value
8122 401
8063 397
8000 393
7929 389
7856 385
7783 381
7710 377
7638 373
7564 369
7493 365
7426 361
7357 357
7288 353
7221 349
7155 345
7086 341
7016 337
6940 333
6869 329
6798 325
6723 321
6645 317
6566 313
6484 309
6402 305
6324 301
6247 297
6173 293
6096 289
6016 285
5937 281
5863 277
5789 273
5714 269
5635 265
5559 261
5474 257
5384 253
5293 249
5206 245
5127 241
5046 237
4963 233
4879 229
4793 225
4705 221
4623 217
4538 213
4450 209
4361 205
4271 201
4179 197
4090 193
4001 189
3913 185
3824 181
3738 177
3656 173
3570 169
3490 165
3405 161
3309 157
3214 153
3120 149
3028 145
2926 141
2829 137
2741 133
2653 129
2566 125
2482 121
2396 117
2308 113
2221 109
2131 105
2039 101
1950 97
1866 93
1779 89
1685 85
1498 77
1317 69
1235 65
1153 61
1081 57
1012 53
938 49
939 45
940 41
857 34
858 30
859 26
774 20
695 16
625 12
554 8
484 4
8125 401
8066 397
8004 393
7933 389
7859 385
7786 381
7712 377
7639 373
7565 369
7494 365
7427 361
7358 357
7289 353
7223 349
7157 345
7088 341
7018 337
6941 333
8124 401
8065 397
8002 393
7932 389
8127 401
8068 397
8005 393
7934 389
7860 385
7787 381
7714 377
7641 373
7568 369
7497 365
7430 361
7361 357
7292 353
7225 349
7159 345
7089 341
7019 337
6942 333
6870 329
6799 325
8126 401
8067 397
8113 421
8114 417
8055 413
8056 409
7994 405
7924 401
7925 397
7926 393
7927 389
7853 385
7780 381
7706 377
7633 373
7560 369
7489 365
7423 361
7355 357
7286 353
7220 349
8112 425
8115 413
8116 409
8057 405
8058 401
8059 397
7997 393
8117 405
8118 401
8119 401
8060 397
8105 453
8046 449
8047 445
8048 441
7986 437
7916 433
7917 429
7918 425
7919 421
7920 417
7921 413
7922 409
7923 405
8104 457
8107 445
8106 449
8109 437
8110 433
8111 429
8108 441
8049 437
8050 433
8051 429
8052 425
8053 421
8054 417
8097 485
8038 481
7976 477
7977 473
7978 469
7979 465
7980 461
7981 457
7982 453
7983 449
7984 445
7914 441
7915 437
8096 489
8037 485
8099 477
8100 473
8101 469
8042 465
8043 461
8044 457
8045 453
8098 481
8103 461
8102 465
8155 485
8156 481
8157 477
8158 473
8159 469
8160 465
8161 461
8162 457
8136 561
8137 557
8138 553
8139 549
8082 545
8023 541
8024 537
8025 533
8026 529
7964 525
7894 521
7895 517
7896 513
7897 509
7898 505
7899 501
7900 497
7901 493
7902 489
7903 485
7904 481
7905 477
7906 473
7907 469
7908 465
7909 461
7910 457
7911 453
7912 449
7913 445
8128 401
8069 397
8006 393
7935 389
7861 385
7788 381
8185 405
8184 405
8177 405
8176 405
8179 405
8121 401
8062 397
8178 405
8120 401
8061 397
7998 393
8181 405
8180 405
8123 401
8064 397
8183 405
8182 405
8169 429
8168 433
8171 421
8172 417
8173 413
8170 425
8175 405
8174 409
8163 453
8164 449
8165 445
8166 441
8167 437
8217 469
8218 465
8219 461
8220 457
8221 453
8216 473
8223 445
8224 441
8222 449
8215 477
8214 481
8241 409
8240 409
8242 409
8233 409
8232 409
8235 409
8234 409
8237 409
8236 409
8239 409
8238 409
8225 437
8227 429
8226 433
8229 421
8230 417
8228 425
8231 413
8281 429
8280 433
8283 421
8284 417
8285 413
8282 425
8287 413
8286 413
8273 461
8274 457
8272 465
8275 453
8277 445
8276 449
8279 437
8278 441
91 36
112 32
126 28
143 24
171 20
209 16
254 12
305 8
360 4
8269 477
8270 473
8271 469
93 36
113 32
127 28
144 24
172 20
8268 481
92 36
8319 477
8318 481
8298 413
8245 409
8187 405
8129 401
8070 397
8008 393
7938 389
7865 385
7792 381
7719 377
7647 373
7574 369
7503 365
7436 361
7367 357
7298 353
7231 349
7164 345
7093 341
7022 337
6948 333
6878 329
6807 325
6731 321
6653 317
6574 313
6492 309
6410 305
6332 301
6255 297
6181 293
6103 289
6023 285
5943 281
5868 277
5793 273
5718 269
5638 265
5561 261
5476 257
5385 253
125 28
8289 413
8288 413
8291 413
115 36
114 32
128 28
145 24
173 20
210 16
255 12
8290 413
8293 413
8292 413
8294 413
8344 417
8349 418.834
9963 416.869
8299 413
8246 409
8188 405
8131 401
8072 397
8010 393
7939 389
110 32
124 28
141 24
170 20
208 16
253 12
304 8
8337 417
8336 417
8339 417
8338 417
8341 417
8340 417
8343 417
8342 417
8329 437
8330 433
8328 441
8331 429
8333 421
8332 425
8335 417
8334 417
8321 469
8322 465
8320 473
8323 461
147 32
175 28
212 24
257 20
307 16
306 12
361 8
146 28
174 24
8325 453
8326 449
8327 445
149 40
177 36
214 32
259 28
309 24
308 20
8324 457
148 36
176 32
213 28
258 24
150 44
178 40
8377 441
8378 437
8376 445
8379 433
8380 429
8381 425
8383 421
8382 421
8369 473
8370 469
129 32
8368 477
8371 465
131 40
130 36
8373 457
8374 453
8375 449
133 48
8372 461
179 44
216 40
261 36
260 32
181 52
180 48
217 44
262 40
8393 421
219 52
264 48
314 44
369 40
430 36
429 32
428 28
427 24
426 20
425 16
424 12
423 8
422 4
218 48
8385 421
8384 421
8387 421
211 20
8386 421
8389 421
8388 421
8391 421
215 36
8390 421
8441 425
8392 421
8440 425
8433 425
8432 425
8435 425
8434 425
8437 425
8436 425
8439 425
8438 425
8425 449
8424 453
8427 441
8426 445
8429 433
8430 429
8428 437
8431 425
8419 473
8418 477
8421 465
8422 461
8423 457
8420 469
8473 449
8472 453
8475 441
8474 445
8477 433
8476 437
8479 429
8478 429
8467 473
8466 477
8469 465
8470 461
8471 457
8468 469
266 56
316 52
315 48
370 44
256 16
8499 533
8500 529
8501 525
8502 521
8503 517
8504 513
8505 509
8459 505
8460 501
8413 497
8414 493
8415 489
8416 485
8417 481
263 44
313 40
312 36
311 32
310 28
365 24
317 56
319 64
374 60
435 56
434 52
433 48
432 44
431 40
318 60
8481 429
8480 429
8483 429
8482 429
8485 429
8484 429
8487 429
8486 429
299 51
355 47
416 42
478 38
479 34
480 30
550 23
481 16
482 12
419 8
420 4
8529 433
8528 433
8531 433
8530 433
8533 433
8532 433
8521 445
8520 449
8523 437
8524 433
8522 441
8525 433
8527 433
8526 433
8515 469
8514 473
8517 461
8516 465
8519 453
8518 457
8569 437
8568 437
8571 437
8570 437
8573 437
8572 437
8575 437
8574 437
8561 465
8560 469
8563 457
8564 453
8562 461
8565 449
8566 445
8567 441
368 36
371 48
373 56
372 52
375 64
363 16
362 12
8605 465
8606 461
8604 469
364 20
8607 457
367 32
366 28
353 55
414 50
476 46
477 42
8589 529
8546 525
8547 521
8548 517
8549 513
8550 509
8551 505
8552 501
8553 497
8554 493
8510 489
8511 485
8465 481
413 54
475 50
8588 533
8545 529
412 58
474 54
8590 525
8576 437
8632 525
8633 521
8592 517
8631 529
8630 533
8617 441
8616 441
8619 441
8618 441
8609 449
8608 453
8611 441
8610 445
8613 441
8612 441
436 60
8615 441
8614 441
8671 529
8670 533
8657 445
8656 445
8659 445
8658 445
8661 445
8660 445
8649 457
473 58
8648 461
8651 449
8650 453
8653 445
8652 445
8655 445
8654 445
469 74
470 70
471 66
472 62
8647 465
8646 469
8697 449
8696 449
8699 449
8698 449
8701 449
8662 445
8620 441
8577 437
8700 449
8689 457
8690 453
8691 449
8693 449
8692 449
8695 449
8694 449
8686 469
497 52
496 48
8672 525
499 60
498 56
8729 453
489 20
8728 457
488 16
487 12
8731 453
491 28
8730 453
490 24
8733 453
8732 453
492 32
8735 453
495 44
494 40
493 36
8734 453
483 8
485 4
8726 465
8688 461
486 8
537 75
538 71
539 67
540 63
541 59
542 55
543 51
544 47
545 43
546 39
547 35
548 31
549 27
8711 525
8712 521
8713 517
8714 513
8715 509
8677 505
8678 501
8679 497
8640 493
8599 489
8556 485
8512 481
8710 529
8763 465
8727 461
8765 457
8764 461
8767 457
8766 457
8747 529
8746 533
570 64
8748 525
8737 453
8736 453
8739 453
563 36
562 32
8738 453
565 44
564 40
566 48
553 12
552 16
555 8
557 12
556 8
8787 529
8786 533
8788 525
8789 521
8750 517
551 20
8776 457
8740 453
605 91
534 87
535 83
536 79
8780 459.363
9950 453.701
8704 449
8664 445
8622 441
8579 437
8535 433
8488 429
607 83
608 79
609 75
610 71
611 67
606 87
8769 457
8768 457
8771 457
8770 457
8773 457
8772 457
8775 457
8774 457
8827 529
8828 525
8816 461
8777 457
8741 453
8703 449
8663 445
8809 461
8808 461
8811 461
8810 461
8813 461
8812 461
636 45
8815 461
8814 461
8801 473
8762 469
8800 477
624 16
8803 465
8804 461
626 12
8805 461
8807 461
8806 461
617 43
616 47
619 35
618 39
621 27
620 31
623 20
622 24
8849 465
8848 465
8851 465
8850 465
8853 465
613 59
614 55
8852 465
615 51
8854 465
8841 473
8842 469
8843 465
8845 465
8844 465
8847 465
8846 465
8890 468.992
9969 465.062
8881 469
641 65
569 60
568 56
567 52
8880 469
8883 469
8882 469
642 69
8885 469
8884 469
8887 469
8886 469
8877 473
8878 469
8879 469
689 39
688 43
691 31
693 24
692 28
694 20
681 71
8920 473
680 75
683 63
684 59
682 67
685 55
686 51
687 47
8913 473
8912 473
8915 473
675 95
8914 473
8917 473
677 87
8916 473
676 91
8919 473
679 79
8918 473
678 83
8911 477
8910 481
8876 477
8953 477
8952 477
712 73
711 69
8945 477
8944 481
8947 477
8946 477
8949 477
709 61
708 57
707 53
706 49
705 45
704 41
703 37
633 33
561 28
8948 477
8951 477
8950 477
710 65
640 61
761 71
760 75
763 63
762 67
765 55
764 59
767 47
768 43
769 39
770 35
766 51
753 103
754 99
755 95
756 91
757 87
758 83
759 79
8985 481
8984 481
8977 481
8976 485
8979 481
8978 481
8981 481
8980 481
8983 481
8982 481
8975 489
8943 485
8974 493
8942 489
8909 485
8875 481
8840 477
785 61
784 57
787 69
786 65
789 77
788 73
790 81
713 77
9017 485
8986 481
9016 485
9009 485
9008 485
9011 485
771 32
772 28
773 24
9010 485
9013 485
9012 485
9015 485
9014 485
9005 497
9007 489
8997 529
8966 525
8934 521
8901 517
8867 513
8832 509
8833 505
8834 501
8835 497
8836 493
8837 489
8838 485
8839 481
8998 525
8967 521
8935 517
8902 513
8868 509
9041 489
9040 489
9043 489
9042 489
9045 489
9044 489
9047 489
9046 489
856 38
9037 493
9038 489
9036 497
9006 493
9039 489
849 69
850 65
848 73
851 58
852 54
853 50
854 46
855 42
9029 525
9030 521
9031 517
9032 513
9002 509
8971 505
8939 501
8906 497
8872 493
9028 529
841 101
842 97
843 93
844 89
845 85
846 81
847 77
840 105
9073 493
9072 493
9075 493
835 125
836 121
837 117
838 113
839 109
752 105
673 101
533 91
9074 493
9065 497
9066 493
9064 501
9067 493
9069 493
9068 493
9071 493
9070 493
9059 521
9060 517
9058 525
9063 505
9035 501
9113 529
9087 525
873 78
872 74
875 86
874 82
9117 513
9118 509
9092 505
876 90
791 85
9119 505
9120 501
9094 497
9104 497
9076 493
869 62
871 70
870 66
9097 497
921 121
9096 497
920 125
9099 497
923 113
9098 497
922 117
9101 497
9100 497
924 109
925 105
926 101
927 97
928 93
929 89
9103 497
9102 497
9091 509
9093 501
9095 497
9145 513
9144 517
9147 505
9146 509
9149 505
9122 501
9148 505
9151 505
9123 501
9150 505
9141 529
9114 525
9088 521
9089 517
9090 513
9143 521
9116 517
9128 501
952 86
951 82
950 78
9130 501
954 94
9133 500.992
9107 496.992
9078 492.992
9050 488.992
9020 484.992
8989 480.992
8957 476.992
8924 472.992
9121 501
945 58
867 54
782 49
944 57
866 53
947 66
946 62
868 58
783 53
9125 501
949 74
9124 501
9127 501
9126 501
9177 509
9176 509
937 53
936 57
9179 509
9153 505
9178 509
9181 509
9155 505
9180 509
9182 509
9157 505
9129 501
9169 521
9170 517
9171 513
931 81
932 77
930 85
9173 509
933 73
9172 509
9175 509
935 61
9174 509
934 69
9152 505
9154 505
9201 513
9200 513
9203 513
9202 513
9205 513
9204 513
9206 513
9193 525
1017 62
9195 517
1019 70
1018 66
9197 513
1021 78
1020 74
9196 513
9199 513
9198 513
1022 82
1009 73
1008 77
1011 57
1010 61
1015 61
943 57
1014 61
9241 521
9220 517
1001 124
1000 128
9243 521
9221 517
1003 104
1004 100
1005 96
1006 92
9242 521
9245 521
9224 517
9244 521
9223 517
9247 521
9226 517
1007 81
9246 521
9225 517
9227 517
9228 517
9219 517
9222 517
1037 163.952
964 159.952
9999 157.612
963 151.953
962 147.953
1035 143.953
1103 137.097
1034 130.097
1033 126.097
1032 122.099
10013 121.27
1031 118
959 114
881 110
796 105
795 101
794 97
717 93
716 89
715 85
714 81
1027 102
1026 98
1028 106
1080 61
1084 65
1087 66
9249 521
1073 108
1074 104
9248 521
1075 100
1076 96
1077 81
1078 81
1097 106
1096 102
1095 98
1094 94
1024 90
1099 114
1098 110
1102 126.58
1089 74
1088 70
1090 78
1145 99
1229 95
1146 91
1147 87
1144 102
1143 106
1142 110
1183 180.952
1106 175.952
1105 171.952
1038 167.952
965 163.952
1182 176.952
1169 107
1168 103
1171 115
1170 111
1173 123
1100 118
1030 114
958 110
880 106
1172 119
1161 75
1160 71
1163 83
1162 79
1165 91
1092 86
1167 99
1166 95
1093 90
1023 86
1152 65
1157 69
1085 65
1156 69
1159 70
1086 65
1016 61
1158 69
1241 73
1243 74
1242 73
9421 2008.96
9422 1910.96
9423 1812.96
9424 1714.96
9442 1539.96
9443 1440.96
9461 1305.96
9477 1199.96
9494 1092.96
9512 960.956
9531 853.956
9551 746.956
6006 557.956
6087 552.956
6163 548.956
6238 544.956
6313 539.956
6314 535.956
6315 531.956
6316 527.956
6317 523.956
6395 516.956
6474 509.956
6555 505.956
6635 500.956
6636 496.956
6637 492.956
6715 488.956
6791 484.956
6864 479.956
6936 475.956
7012 471.956
7083 466.956
7152 462.956
7217 458.956
7284 454.956
7352 449.956
7421 445.956
7487 441.956
9982 438.015
7556 433
7557 429
7558 425
7631 418
7704 414
7777 410
7851 405
1245 79
1244 75
9420 2106.96
1247 87
1246 83
1234 69
1225 110
1226 106
1224 114
1227 103
1228 99
1221 161
1220 157
1305 153
1392 149
1484 145
1485 141
1486 137
1393 130
1306 124
1223 117
9462 1269.46
9939 1179.04
9478 1161.14
9942 1072.26
9495 1053.96
1222 165
1264 175.952
1180 171.952
1104 167.952
1269 192.952
1268 188.952
1184 184.952
1107 179.952
1257 127
1256 123
1259 156
1345 152
1435 148
1344 143
1343 139
1342 135
1258 131
1248 91
1164 87
1091 82
1251 103
1250 99
9493 1147.96
9511 1014.96
9530 908.956
9550 802.956
9572 673.956
5928 576.956
1253 111
1252 107
1255 119
1254 115
1304 154
1307 121
1309 114
1308 118
1311 107
1310 111
9529 1007.96
9528 1106.96
9532 849.956
9525 1995.2
9544 1893.2
9563 1800.2
9586 1698.2
9607 1596.2
9629 1504.2
9630 1407.2
9631 1310.2
9984 1258.6
9609 1179
9610 1079
9611 979
9612 879
9613 779
9614 679
7873 613
7800 609
7801 605
7802 601
7803 597
7804 593
7805 589
7878 585
7879 581
7880 577
7881 573
7882 569
7883 565
7884 561
7885 557
7886 553
7887 549
7888 545
7889 541
7890 537
7891 533
7892 529
7893 525
9524 2090.2
9543 1988.2
9562 1895.2
9585 1794.2
9606 1693.2
9628 1601.2
9527 1205.96
9513 956.956
1337 115
1336 111
1339 123
1338 119
1341 131
1340 127
1329 83
1328 79
9506 2191.2
1330 87
9509 1210.96
9510 1112.96
1332 95
1335 107
1334 103
1333 99
1325 77
9567 1163.96
9568 1065.96
9569 967.956
9570 869.956
9571 771.956
1327 78
9566 1261.96
1326 77
1312 103
1319 69
1236 65
1318 69
9547 1101.96
9546 1200.96
9549 902.956
9548 1001.96
9593 670.956
6911 618.956
6912 614.956
6913 610.956
6982 599.956
7051 594.956
7120 590.956
7121 586.956
7186 582.956
7187 578.956
7188 574.956
7189 570.956
7190 566.956
7191 562.956
7192 558.956
7193 554.956
7260 550.956
7328 545.956
7329 541.956
7330 537.956
7331 533.956
7332 529.956
7333 525.956
7334 521.956
7403 517.956
7404 513.956
7470 509.956
7471 505.956
7472 501.956
7473 497.956
7474 493.956
7475 489.956
7476 485.956
7477 481.956
7478 477.956
7479 473.956
7480 469.956
7481 465.956
7482 461.956
7483 457.956
7484 453.956
7485 449.956
7486 445.956
9592 769.956
9595 651
9574 542
3392 458
3297 451
3107 436
3011 429
2908 418
2818 410
2732 405
2562 393
2477 388
2391 383
2302 375
2215 368
2124 361
2032 354
1943 349
1942 345
1941 341
1940 337
1857 333
1856 329
1765 325
1667 320
1573 316
1476 312
1475 308
1474 304
1473 300
1472 296
1471 292
1470 288
1469 284
1468 280
1467 276
1466 272
1465 268
1464 264
1463 260
1462 256
1461 252
1460 248
1459 244
1458 240
1457 236
1456 232
1455 228
1454 224
1453 220
1452 216
1451 212
1450 208
1449 204
1448 200
1447 196
1446 192
1445 188
1444 184
1443 180
1442 176
1441 172
1440 168
1439 164
1438 160
1437 156
1436 152
1352 180
1351 176
1350 172
9594 553
5374 479
5286 475
5203 470
5202 466
5201 462
5200 458
5199 454
5119 450
5118 446
5036 442
4952 437
4867 433
4866 429
4779 425
4690 420
4604 416
4603 412
4602 408
4601 404
4514 400
4425 396
4333 391
4332 387
4240 383
4147 379
4057 374
4056 370
4055 366
3965 362
3876 358
3788 354
3700 349
3699 345
3698 341
3614 337
3528 333
3442 328
3441 324
3440 320
3439 316
3438 312
3437 308
3436 304
3435 300
3434 296
3433 292
3432 288
3431 284
3430 280
3429 276
3428 272
3427 268
3426 264
3425 260
3424 256
3423 252
3422 248
3421 244
3420 240
3419 236
3418 232
3334 228
3333 224
3332 220
3331 216
3330 212
3329 208
3328 204
3327 200
3326 196
3325 192
3324 188
3323 184
3229 177
3138 172
3137 168
3045 164
2949 157
2848 153
2759 148
2670 144
2583 140
2497 135
2412 131
2326 127
2238 122
2152 118
2062 114
1971 110
1882 105
1799 101
1708 97
1610 92
1516 88
1419 84
1355 192
1357 200
1356 196
1359 208
1358 204
1347 160
1346 156
9589 1066.96
9590 967.956
9591 868.956
9588 1165.96
1349 168
1348 164
1401 101
1314 97
1315 93
1231 89
1148 85
1400 105
1403 99
1316 94
1150 86
1402 97
1405 73
1404 73
1395 125
1394 128
9573 247
4102 243
4194 239
4286 235
4193 231
4192 227
4191 223
4190 219
4189 215
4188 211
4187 207
4186 203
4185 199
4095 195
4005 190
3916 186
3827 182
3740 178
3657 173
3571 169
1397 118
1396 122
1399 109
1398 113
1391 153
9617 655
9616 556
7111 491
7110 487
7109 483
7108 479
7038 471
7037 467
6967 460
6966 456
6965 452
6964 448
6896 441
6828 436
6755 432
6679 428
6601 423
6600 419
6520 415
6438 411
6360 407
6283 402
6282 398
6207 394
6131 390
6055 385
5974 381
5973 377
5972 373
5971 369
5970 365
5897 361
5823 357
5748 352
5672 348
5592 344
5515 339
5514 335
5428 331
5336 327
5248 323
5165 318
5164 314
5163 310
5083 306
5001 302
4917 297
4832 293
4745 289
4656 284
4655 280
4569 276
4482 272
4393 268
4301 263
4209 259
4116 255
4026 250
3936 246
3847 242
3759 238
3671 233
3587 229
3501 225
3415 220
1433 140
1432 136
1434 144
1424 104
1427 116
1426 112
1429 124
1428 120
1431 132
1430 128
9657 921
9636 818
1417 82
9656 1018
9635 915
1416 81
9658 1019
1418 83
9661 757.756
9638 649.756
10125 635.172
1421 92
9660 686
9637 578
9615 485
6824 426
6751 422
6675 418
6598 414
6518 410
6436 406
6358 402
1420 88
9655 1116
9634 1012
1415 81
9654 1213
9633 1109
1414 85
9639 671
9681 794
9680 1026
9682 865.756
1497 103
1496 102
1499 77
9677 1290.47
10128 1191.06
1500 77
9679 1024
9678 1121
1491 121
1492 117
1490 126
1493 115
1494 111
1495 106
9721 1219
9700 1115
9720 1217
1483 149
1482 161
1579 157
1580 153
1581 149
1582 145
1583 141
1487 134
1529 140
1528 136
1527 132
1526 128
1525 124
1531 148
1530 144
1533 156
1532 152
1534 160
9699 1212
9701 1117
1524 120
1523 116
1513 85
1512 85
1515 87
1514 86
1517 92
1511 85
9742 1397
9741 1298
1553 236
1552 232
1551 228
1555 244
1554 240
1556 248
1545 204
1544 200
1543 196
1542 192
1546 208
1549 220
1550 224
1537 172
1536 168
1538 176
1541 188
1540 184
1539 180
9782 1625
9781 1528
9761 1402
1593 81
1592 81
1585 136
1488 132
1584 138
9762 1502
1586 133
1489 129
1589 106
1591 107
1590 106
9819 1694
9799 1591
9779 1490
9760 1400
9818 1693
9821 1700
9801 1596
9780 1492
9820 1697
9800 1593
9823 1547.22
9804 1450.22
9784 1353.22
9763 1240.76
9744 1143.76
9723 1046.76
10126 953.03
9702 868
9822 1736
9802 1632
1625 152
1624 148
1623 144
1622 140
1621 136
1620 132
1619 128
1618 124
1617 120
1627 160
1626 156
1628 164
1630 172
1629 168
9798 1614
9778 1512
9759 1422
9740 1320
1609 91
1608 90
1611 96
1613 104
1519 100
1518 96
1612 100
1605 102.232
9844 949.306
9833 932.243
10024 897.584
9830 857.494
9871 807.153
9829 750.467
9912 713.555
9828 682.236
9927 639.768
9827 600.896
9897 585.175
1607 89
1606 89
1657 280
1656 276
1655 272
1654 268
1653 264
1652 260
1651 256
1650 252
1649 248
1648 244
1647 240
1646 236
1645 232
9835 904.166
9879 891.598
9834 966.857
9843 932.979
1658 284
9836 787.272
9904 746.883
9826 335.919
6240 324
6241 320
6167 316
6168 312
6169 308
6092 304
6012 300
6013 296
6014 292
5935 288
5936 284
5862 280
5788 276
5713 272
5634 268
5558 264
5473 260
5383 256
5292 252
9831 951.143
10007 900.004
9881 163.875
1640 212
1643 224
1642 220
1641 216
9885 72.033
1644 228
1633 184
1632 180
1631 176
1635 192
1634 188
1637 200
1636 196
1639 208
1638 204
9866 99.917
1683 110
1684 111
1686 85
9913 241.263
4729 237.968
9898 233.451
4643 228
4557 224
4469 220
4380 216
4289 212
4196 208
4105 204
4016 200
3928 196
3839 192
3750 188
3665 184
3582 180
3497 176
3409 172
3318 168
3224 164
3132 160
3041 156
2938 152
2837 148
2749 144
2661 140
2574 136
2489 132
2405 128
2320 124
2233 120
2148 116
2059 112
1968 108
1880 104
1798 100
1707 96
1673 157
9915 242.145
1675 149
9914 312.454
9825 303.551
5627 296
5628 292
5629 288
5630 284
5554 280
5555 276
5470 272
5380 268
5381 264
5382 260
1674 153
9917 470.88
7084 465.956
7153 461.956
7218 457.956
7285 453.956
1677 142
9916 691.692
1676 145
9919 660.419
9918 109.161
1865 104
1949 99
1678 140
9905 123.939
9906 221.043
9909 249.892
4727 245.968
4728 241.968
9908 272.612
3249 270
3248 266
3340 259
9911 538.775
9910 238.958
5045 237
4962 233
4792 225
1721 149
9896 261.14
1720 145
9899 194.256
2823 190.44
2824 186.44
2917 182.44
2918 178.44
3020 174.44
3021 170.44
3022 166.44
3023 162.44
3024 158.44
10073 155.124
3025 153
2923 149
2739 139
2740 135
2652 131
2565 127
2481 123
2395 119
2307 115
2220 111
2130 107
2038 103
1723 157
1722 153
1725 165
9900 484.769
6794 481.956
7014 469.956
1724 161
9903 191.36
1727 173
9902 663.256
1713 117
1615 112
1614 108
1520 104
1712 113
1715 125
1714 121
1616 116
9893 163.499
1717 133
1716 129
9895 224.353
4170 217
3992 209
3904 205
3818 201
3819 197
3732 193
3650 189
3566 185
3485 181
3399 177
3400 173
3305 169
3210 165
3116 161
3117 157
1719 141
9894 341.621
1718 137
9945 515.933
1705 94
9944 344.66
1672 340
1671 336
1670 332
1669 328
1668 324
1704 93
9946 293.112
918 291.113
917 287.113
916 283.113
915 279.113
914 275.113
913 271.113
912 267.113
911 263.113
910 259.113
909 255.113
908 251.113
907 247.113
906 243.113
905 239.113
904 235.113
903 231.113
902 227.113
901 223.113
900 219.113
899 215.113
898 211.113
897 207.113
896 203.113
895 199.113
894 195.113
893 191.113
892 187.113
891 183.113
890 179.113
889 175.113
888 171.113
887 167.113
886 163.113
1706 95
9949 320.472
6428 312
6349 308
6271 303
6196 299
6118 295
6037 290
5956 286
5882 282
5807 278
5731 273
5651 269
5574 265
5488 260
5397 256
5305 252
5217 248
5137 243
5055 239
4971 235
4886 230
4800 226
4712 222
4629 217
4543 213
4455 209
4366 205
4276 201
4183 197
4093 193
4004 189
3915 185
3826 181
3739 177
9948 451.485
8665 445
8623 441
8580 437
9951 504.187
1711 109
1710 105
9936 1131.73
1699 114.127
1700 110.127
1604 106.232
9938 1076.66
9943 690.667
1702 102.104
10030 94.138
1753 277
9928 206.824
4104 206
1752 273
1754 281
9933 1085.04
1757 293
1659 288
1758 297
1660 292
1745 245
9920 21.713
1744 241
9923 288.03
3159 284
3158 280
3157 276
1747 253
1746 249
1749 261
9924 260.454
1748 257
1751 269
9926 106.788
1750 265
1737 213
9976 597.576
6005 561.956
6086 556.956
6162 552.956
6237 548.956
6312 543.956
9979 243.307
2782 240
2693 236
2606 232
2520 227
2519 223
2518 219
2433 215
2347 211
2259 206
2173 202
2172 198
2082 194
1991 190
1902 185
1819 181
1818 177
1739 221
1738 217
9981 1976.44
1741 229
1740 225
1743 237
1742 233
1729 181
9968 531.851
9270 525.805
10129 524.524
9252 520.992
9231 516.992
9208 512.992
9184 508.992
9159 504.992
9132 500.992
9106 496.992
9971 386.861
7870 386
7796 381
7722 377
7649 373
7575 369
7504 365
7437 361
7368 357
7299 353
7232 349
7165 345
7095 341
7024 337
6950 333
6879 329
6808 325
6733 321
6655 317
6576 313
6494 309
6412 305
6334 301
6257 297
6183 293
6105 289
6025 285
5945 281
5870 277
5795 273
5720 269
5640 265
5564 261
5479 257
5388 253
5297 249
5210 245
5131 241
5050 237
4966 233
4882 229
4797 225
4710 221
4628 217
1731 189
1730 185
9973 634.911
9972 332.84
6893 330
6821 325
6745 321
6666 317
6587 313
6504 309
6421 305
6342 301
6265 297
6190 293
6112 289
6032 285
5951 281
5877 277
5802 273
5727 269
5647 265
5570 261
5485 257
5394 253
5302 249
5214 245
5135 241
5053 237
4969 233
4885 229
4799 225
4711 221
1732 193
9975 190.054
1735 205
9974 584.415
1734 201
9960 254.254
5070 250
4987 246
4903 242
4818 238
4730 234
9967 428.908
8445 425
8395 421
8346 417
8296 413
8243 409
9966 243.815
3845 240
3757 236
3586 228
3500 224
1790 114
1789 110
1694 106
1600 101
1599 97
1598 93
1504 89
1503 85
1502 81
1406 74
1777 108
9952 505.018
9954 392.134
7941 389
7867 385
7794 381
7720 377
1781 89
9956 334.682
5669 330
5510 322
5424 318
5332 314
5244 310
5161 305
5081 301
4999 297
4915 292
4830 288
4743 284
4654 279
4568 275
4481 271
4392 267
4300 262
4208 258
4115 254
4025 249
3935 245
3846 241
3758 237
3670 232
1780 89
9959 460.953
10009 1170.33
1769 341
10008 385.184
7779 381
1771 153
1770 345
1578 336
1577 332
1576 328
1575 324
1574 320
1773 146
1772 149
1775 141
1679 137
1774 144
10005 97.723
1817 173
1816 169
1821 189
1809 141
1808 137
1811 149
1810 145
1813 157
1812 153
1815 165
1814 161
10041 183.235
2392 174
2305 170
2218 166
2127 162
2035 158
1946 154
1862 150
1801 109
1800 105
1709 101
10040 607.242
6007 555.308
6164 545.308
6239 541.308
10043 127.51
1803 117
10042 203.405
3393 201
3394 197
3300 193
3301 189
3205 185
3111 181
3112 177
3113 173
3114 169
3115 165
1802 113
10045 1282.67
1805 125
1804 121
10044 278.69
2783 276
2698 272
2615 268
2529 263
2528 259
2527 255
2442 251
2356 247
2268 242
2267 238
2266 234
2265 230
2179 226
2178 222
2088 218
1997 214
1908 209
1825 205
10047 385.233
1807 133
1806 129
10046 806.262
10033 266.832
10032 1191.91
10035 343.037
7090 342
10034 342.97
10037 66.41
1797 100
10036 116.489
10039 1934.8
10038 97.386
10027 156.063
1861 153
10026 326.554
1850 305
1849 301
1848 297
1847 293
1846 289
1755 285
10029 39.959
10028 1013.4
10031 104.222
2043 101
1953 97
1869 93
1782 89
1687 85
1594 81
1841 269
1840 265
1843 277
1842 273
1845 285
1844 281
1833 237
10072 155.78
3124 149
3031 145
2928 141
2830 137
2742 133
1832 233
10075 99.221
1835 245
10074 94.301
1233 90
1834 241
1837 253
1836 249
1839 261
1838 257
10065 70.417
10064 191.742
3749 190
10067 210.904
4358 205
4268 201
4176 197
4087 193
3998 189
3910 185
3822 181
3736 177
3654 173
3569 169
3489 165
3404 161
10066 70.161
10069 209.659
3478 206.999
1829 221
1828 217
1827 213
1736 209
10068 185.214
3828 183
3741 179
3658 174
3572 170
3491 166
10071 280.253
5873 277
5799 273
5724 269
5644 265
5568 261
5483 257
5393 253
5301 249
5213 245
5134 241
1831 229
10070 356.507
1830 225
10057 270.494
3580 267.025
3747 259
3836 255
3925 251
4014 247
1881 104
10056 152.469
1863 148
10059 262.685
1883 109
10061 198.912
1885 117
1884 113
10060 136.189
2563 133
2394 123
2306 119
10063 502.738
6712 500.956
6713 496.956
6789 492.956
6862 487.956
6934 483.956
6935 479.956
7011 475.956
7082 470.956
7151 466.956
1887 125
10062 511.21
6475 505.956
6556 501.956
1886 121
10049 97.742
1873 102
1786 98
1785 94
1690 90
1596 85
10048 104.587
10051 598.163
10050 139.144
2487 134
2403 130
2318 126
2231 122
2146 118
2057 114
1967 110
10053 361.689
7354 359
10055 603.792
10054 243.35
1864 108
1948 103
1860 345
1859 341
1858 337
1913 229
1912 225
1911 221
1915 237
1914 233
1917 245
1916 241
1919 253
1918 249
1905 197
1904 193
1903 189
1897 165
1896 161
1895 157
1899 173
1898 169
1901 181
1900 177
1889 133
1888 129
1891 141
1890 137
1893 149
1892 145
1894 153
1945 158
1944 158.937
1947 152
1951 97
1867 93
1939 333
1929 293
1928 289
1927 285
1930 297
1921 261
1920 257
1923 269
1922 265
1925 277
1924 273
1926 281
1977 134
1976 130
1979 142
1978 138
1981 150
1980 146
1983 158
1982 154
1969 108
1970 109
1973 118
1972 114
1975 126
1974 122
1965 118
1966 114
1954 98
2009 262
2008 258
2011 270
2010 266
2013 278
2012 274
2015 286
2014 282
2001 230
2000 226
2003 238
2002 234
2005 246
2004 242
2007 254
2006 250
1992 194
1994 202
1999 222
1910 217
1998 218
1909 213
1826 209
1985 166
1984 162
1987 174
1986 170
1989 182
1988 178
1990 186
2041 101
2040 101
2042 101
1952 97
1868 93
2044 102
2033 162.937
2034 162
2037 107
2036 156
2024 322
1935 317
1852 313
1761 309
1663 304
1569 300
2027 334
1938 329
1937 325
1854 321
1763 317
1665 312
1664 308
2017 294
2016 290
2019 302
2018 298
2021 310
1932 305
1931 301
2020 306
2023 318
1934 313
1933 309
2022 314
2073 158
2072 154
2075 166
2074 162
2077 174
2076 170
2079 182
2078 178
2065 126
2064 122
2063 118
2067 134
2066 130
2069 142
2068 138
2071 150
2070 146
2056 118
2061 113
2060 112
2055 122
2105 286
2104 282
2107 294
2106 290
2109 302
2108 298
2110 306
2097 254
2096 250
2095 246
2099 262
2098 258
2101 270
2100 266
2103 278
2102 274
2091 230
2090 226
2093 238
2092 234
2094 242
2081 190
2080 186
2083 198
2085 206
2084 202
1993 198
2086 210
2143 130
2144 126
2129 111
2128 160
2133 105
2132 105
2135 105
2134 105
2125 166.937
2126 166
2113 318
2169 186
2168 182
2171 194
2170 190
2175 210
2174 206
2161 154
2160 150
2163 162
2162 158
2165 170
2164 166
2167 178
2166 174
2153 122
2155 130
2154 126
2159 146
2158 142
2157 138
2156 134
2145 122
2147 116
2058 112
2151 117
2150 116
2201 314
2111 310
2193 282
2192 278
2191 274
2195 290
2194 286
2197 298
2196 294
2199 306
2198 302
2185 250
2184 246
2183 242
2187 258
2186 254
2189 266
2188 262
2190 270
2176 214
2181 234
2182 238
2232 120
2235 120
2149 116
2234 120
2237 121
2236 120
2239 126
2225 109
2224 109
2229 130
2228 131.104
2142 127.104
2052 123.104
1963 119.104
1879 113.104
1794 109.104
2230 126
2217 170
2216 170.937
2219 115
2223 109
2222 109
2269 246
2271 254
2270 250
2257 198
2256 194
2258 202
2261 214
2260 210
2249 166
2248 162
2247 158
2251 174
2250 170
2253 182
2252 178
2255 190
2254 186
2243 142
2242 138
2241 134
2240 130
2245 150
2244 146
2246 154
2281 294
2280 290
2283 302
2282 298
2285 310
2284 306
2286 314
2273 262
2272 258
2275 270
2274 266
2277 278
2276 274
2279 286
2278 282
2331 147
2330 143
2333 155
2332 151
2335 163
2334 159
2321 124
2323 124
2322 124
2325 126
2324 125
2312 113
2315 135.104
2317 130
2316 134
2319 124
2304 174
2309 113
2311 113
2310 113
2361 267
2360 263
2363 275
2362 271
2365 283
2364 279
2367 291
2366 287
2353 235
2352 231
2264 226
2355 243
2354 239
2357 251
2359 259
2358 255
2345 203
2344 199
2346 207
2348 215
2337 171
2336 167
2339 179
2338 175
2341 187
2340 183
2343 195
2342 191
2393 191.938
2479 184.938
2478 180.938
2397 117
2399 117
2398 117
2387 371
2299 366
2298 362
2297 358
2296 354
2210 350
2120 346
2029 342
2369 299
2368 295
2371 307
2370 303
2373 315
2372 311
2375 323
2287 318
2374 319
2425 183
2424 179
2427 191
2426 187
2429 199
2428 195
2431 207
2430 203
2419 159
2418 155
2421 167
2420 163
2423 175
2422 171
2409 128
2408 128
2401 138
2402 134
2404 128
2407 128
2406 128
2457 311
2456 307
2455 303
2459 319
2458 315
2460 323
2449 279
2448 275
2447 271
2446 267
2445 263
2451 287
2450 283
2453 295
2452 291
2454 299
2441 247
2440 243
2439 239
2443 255
2444 259
2432 211
2488 132
2490 132
2493 132
2492 132
2495 133
2410 129
2480 127
2483 121
2485 121
2484 121
2486 138
2523 239
2522 235
2437 231
2351 227
2263 222
2262 218
2525 247
2524 243
2526 251
2513 199
2512 195
2515 207
2514 203
2517 215
2516 211
2505 167
2504 163
2503 159
2502 155
2501 151
2500 147
2499 143
2414 139
2328 135
2507 175
2506 171
2509 183
2508 179
2511 191
2510 187
2498 139
2544 323
2543 319
2542 315
2541 311
2537 295
2536 291
2535 287
2539 303
2538 299
2540 307
2531 271
2530 267
2533 279
2532 275
2534 283
2585 148
2587 156
2586 152
2589 164
2588 160
2591 172
2590 168
2569 125
2568 125
2570 126
2573 136
2572 138
2575 136
2564 131
2567 125
2617 276
2616 272
2619 284
2618 280
2621 292
2620 288
2623 300
2622 296
2609 244
2612 256
2614 264
2601 212
2600 208
2603 220
2602 216
2605 228
2604 224
2593 180
2592 176
2595 188
2594 184
2597 196
2596 192
2599 204
2598 200
2649 201.533
2734 197.533
2651 135
2650 201.44
2737 194.44
2655 129
2654 129
2625 308
2624 304
2627 316
2626 312
2629 324
2628 320
2630 328
2681 188
2680 184
2683 196
2682 192
2685 204
2684 200
2687 212
2686 208
2673 156
2672 152
2671 148
2584 144
2675 164
2674 160
2677 172
2676 168
2679 180
2678 176
2657 129
2656 129
2659 140
2660 140
2662 140
2713 332
2712 328
2711 324
2705 300
2704 296
2707 308
2706 304
2709 316
2708 312
2710 320
2699 276
2701 284
2700 280
2703 292
2702 288
2689 220
2688 216
2691 228
2690 224
2692 232
2694 240
2607 236
2521 231
2436 227
2350 223
2745 133
2747 144
2746 133
2748 144
2751 144
2750 144
2736 198.44
2743 133
2733 201.533
2735 201.533
2777 220
2776 216
2779 228
2778 224
2781 236
2780 232
2769 188
2768 184
2767 180
2766 176
2771 196
2770 192
2773 204
2772 200
2775 212
2774 208
2761 156
2763 164
2762 160
2765 172
2764 168
2793 312
2792 308
2791 304
2795 320
2794 316
2797 328
2796 324
2799 336
2798 332
2785 280
2784 276
2787 288
2786 284
2789 296
2788 292
2790 300
2840 148
2752 144
2664 140
2578 136
2845 150
2756 145
2667 141
2580 137
2494 132
2835 148
2836 148
2839 148
2838 148
2827 143
2828 139
2831 137
2822 194.44
2915 190.44
3017 186.44
3018 182.44
3019 178.44
2873 281
2872 280
2875 289
2874 285
2877 297
2876 293
2879 305
2878 301
2865 221
2864 217
2867 229
2866 225
2869 237
2868 233
2871 245
2870 241
2857 189
2856 185
2859 197
2858 193
2861 205
2860 201
2863 213
2862 209
2850 161
2855 181
2854 177
2909 213.44
2910 209.44
2911 205.44
3014 198.44
3015 194.44
3016 190.44
2888 341
2881 313
2880 309
2883 321
2882 317
2885 329
2884 325
2887 337
2886 333
2930 141
2832 137
2744 133
2933 157
2834 150
2932 161
2935 152
2921 161.457
2922 157.457
2925 143
2924 147
2927 141
2913 198.44
2914 194.44
2912 202.44
2969 237
2968 233
2971 245
2970 241
2973 284
2972 283.999
10101 279.112
2975 289
2974 285
2961 205
2960 201
2963 213
2962 209
2965 221
2964 217
2967 229
2966 225
2952 169
2851 165
2955 181
2954 177
2953 173
2852 169
2957 189
2956 185
2959 197
2958 193
2946 154
2985 329
2984 325
2983 321
2987 337
2986 333
2989 345
2988 341
2977 297
2976 293
2979 305
2978 301
2981 313
2980 309
2982 317
3033 145
3032 145
3035 165
3034 169
3036 161
3039 156
2936 152
3027 147
3026 151
3013 216.44
3012 220.44
3065 244
3064 240
3063 236
3062 232
3061 228
3060 224
3059 220
3058 216
3057 212
3056 208
3055 204
3054 200
3053 196
3052 192
3051 188
3050 184
3049 180
3048 176
3047 172
3046 168
3067 287.999
3066 287
3069 289
3068 288
3071 297
3070 293
3040 156
3081 337
3080 333
3083 345
3082 341
3084 349
3073 305
3072 301
3075 313
3074 309
3077 321
3076 317
3079 329
3078 325
3121 149
3029 145
3127 162
3037 158
2934 154
3119 151
3118 155
3109 189
3110 185
3108 193
3161 291.999
3160 288
3163 293
3162 292
3165 301
3164 297
3167 309
3166 305
3152 228
3155 240
3154 236
3156 244
3145 200
3144 196
3143 192
3147 208
3146 204
3149 216
3148 212
3151 224
3150 220
3141 184
3140 180
3139 176
3142 188
3177 349
3176 345
3175 341
3178 353
3169 317
3168 313
3171 325
3170 321
3173 333
3172 329
3174 337
3231 185
3219 166
3218 169
3126 165
3220 164
3128 160
3038 156
3209 169
3208 173
3211 161
3213 155
3212 159
3203 193
3204 189
3207 177
3206 181
3257 298
3256 297
3259 306
3258 302
3261 314
3260 310
3263 322
3262 318
3251 278
3250 274
3253 286
3252 282
3255 294
3254 290
3241 225
3240 221
3245 241
3244 237
3153 232
3246 245
3233 193
3232 189
3239 217
3238 213
3272 358
3275 370
3181 365
3180 361
3086 357
2991 353
2990 349
2889 345
2800 340
3265 330
3264 326
3267 338
3266 334
3269 346
3268 342
3271 354
3270 350
3304 173
3307 163
3306 165
3308 159
3299 197
3298 201
3303 177
3353 310
3352 306
3351 302
3355 318
3354 314
3357 326
3356 322
3359 334
3358 330
3345 279
3344 275
3343 271
3342 267
3341 263
3346 283
3349 295
3348 291
3347 287
3350 299
3337 240
3336 236
3335 232
3339 248
3338 244
3361 342
3360 338
3363 350
3362 346
3365 358
3364 354
3417 228
3416 224
3408 172
3317 168
3222 164
3130 160
3401 169
3402 167
3403 163
3449 356
3448 352
3447 348
3446 344
3445 340
3444 336
3443 332
3450 360
3453 372
3452 368
3451 364
3481 197
3482 193
3483 189
3397 185
3302 181
3487 171
3477 210.999
3513 273
3512 269
3515 281
3514 277
3517 289
3516 285
3519 297
3518 293
3505 241
3504 237
3507 249
3506 245
3509 257
3508 253
3510 261
3503 233
3502 229
3492 170
3529 337
3531 345
3530 341
3533 353
3532 349
3535 361
3534 357
3521 305
3520 301
3523 313
3522 309
3525 321
3524 317
3527 329
3526 325
3579 271.025
3581 271.025
3561 463
3475 458
3390 453
3296 448
3202 443
3564 193
3565 189
3609 317
3608 313
3607 309
3606 305
3611 325
3610 321
3613 333
3612 329
3615 341
3601 285
3600 281
3603 293
3602 289
3605 301
3604 297
3593 253
3592 249
3595 261
3594 257
3597 269
3511 265
3596 265
3599 277
3598 273
3589 237
3588 233
3591 245
3590 241
3624 377
3538 373
3617 349
3616 345
3619 357
3618 353
3620 361
3673 241
3672 237
3675 249
3674 245
3677 257
3676 253
3679 265
3678 261
3651 185
3567 181
3486 177
3705 369
3621 365
3704 365
3703 361
3707 377
3623 373
3537 369
3697 337
3696 333
3701 353
3702 357
3689 305
3688 301
3687 297
3691 313
3690 309
3693 321
3692 317
3695 329
3694 325
3681 273
3680 269
3683 281
3682 277
3685 289
3684 285
3686 293
3742 183
3659 178
3730 201
3648 197
3733 189
3734 189
3652 185
3769 278
3768 274
3771 286
3770 282
3773 294
3772 290
3775 302
3774 298
3761 246
3760 242
3763 254
3762 250
3765 262
3764 258
3767 270
3766 266
3753 188
3667 184
3584 180
3499 176
3411 172
3321 168
3226 164
3134 160
3043 156
2939 152
3752 188
3666 184
3498 176
3410 172
3319 168
3746 263
3748 259
3751 188
3793 374
3792 370
3795 382
3796 386
3708 381
3785 342
3784 338
3787 350
3786 346
3789 358
3791 366
3790 362
3777 310
3776 306
3779 318
3778 314
3781 326
3780 322
3783 334
3782 330
3833 203
3832 199
3831 195
3744 191
3661 186
3575 182
3494 178
3493 174
3835 255
3834 207
3837 255
3926 251
3838 194
3825 181
3829 187.32
3821 185
3735 181
3865 314
3864 310
3867 322
3866 318
3869 330
3868 326
3871 338
3870 334
3857 282
3856 278
3859 290
3858 286
3861 298
3860 294
3863 306
3862 302
3849 250
3848 246
3851 258
3850 254
3853 266
3852 262
3855 274
3854 270
3841 192
3840 192
3889 410
3888 406
3800 402
3712 397
3711 393
3627 389
3541 385
3455 380
3454 376
3881 378
3880 374
3879 370
3883 386
3882 382
3794 378
3706 373
3885 394
3797 390
3709 385
3884 390
3887 402
3799 398
3886 398
3798 394
3710 389
3626 385
3625 381
3873 346
3872 342
3875 354
3874 350
3877 362
3878 366
3929 196
3930 196
3932 247.387
3921 203
3923 211
3922 207
3924 252
4013 248
3914 185
3907 197
3909 189
3961 346
3960 342
3963 354
3962 350
3964 358
3967 370
3966 366
3953 314
3952 310
3955 322
3954 318
3957 330
3956 326
3959 338
3958 334
3945 282
3944 278
3943 274
3947 290
3946 286
3949 298
3948 294
3951 306
3950 302
3977 410
3976 406
3975 402
3979 418
3890 414
3802 410
3714 405
3630 401
3544 397
3458 392
3457 388
3456 384
3978 414
3969 378
3968 374
3971 386
3970 382
3973 394
3972 390
3974 398
4024 248
3934 244
4031 270
3941 266
3940 262
3939 258
3938 254
4017 200
4019 200
3931 196
3842 192
4018 200
4023 248
4011 211
4010 207
4000 189
3912 185
4003 189
4006 194
3917 190
4059 382
4058 378
4061 390
4060 386
4063 398
4062 394
4049 342
4048 338
4051 350
4050 346
4053 358
4052 354
4054 362
4041 310
4040 306
4043 318
4042 314
4045 326
4044 322
4047 334
4046 330
4033 278
4032 274
3942 270
4034 282
4037 294
4039 302
4038 298
4091 193
4002 189
4065 406
4064 402
4067 414
4066 410
4069 422
4068 418
4071 430
3981 426
3892 422
3804 418
3716 413
3632 409
3631 405
4070 426
3980 422
3891 418
4121 275
4123 283
4122 279
4112 252
4106 204
4108 204
4111 252
4022 248
3933 244
4097 211
4096 199
4101 247
4153 403
4152 399
4155 411
4154 407
4157 419
4156 415
4159 427
4158 423
4145 371
4144 367
4149 387
4148 383
4151 395
4150 391
4137 339
4136 335
4139 347
4138 343
4141 355
4140 351
4143 363
4142 359
4131 315
4130 311
4133 323
4132 319
4135 331
4134 327
4184 198
4094 194
4177 197
4088 193
3999 189
4180 197
4173 209
4174 205
4085 201
4086 197
3997 193
4172 209
4083 205
3994 201
3906 197
3820 193
4175 201
4161 435
4160 431
4162 439
4072 434
4216 287
4215 283
4214 279
4213 275
4212 271
4211 267
4210 263
4203 256
4195 210
4198 208
4249 419
4248 415
4247 411
4251 427
4250 423
4253 435
4252 431
4255 443
4254 439
4241 387
4243 395
4242 391
4245 403
4244 399
4246 407
4233 355
4232 351
4235 363
4234 359
4237 371
4236 367
4224 319
4227 331
4226 327
4229 339
4228 335
4231 347
4230 343
4281 215
4280 211
4283 223
4282 219
4287 239
4273 201
4181 197
4092 193
4272 201
4275 201
4274 201
4277 202
4279 207
4278 203
4265 213
4264 217
4171 213
4266 213
4256 447
4263 221
4262 471
4261 467
4260 463
4167 459
4077 454
4076 450
3986 446
3985 442
3896 438
3808 434
3720 429
3636 425
3550 421
3464 416
3463 412
3462 408
3461 404
3460 400
3459 396
4317 327
4316 323
4319 335
4318 331
4305 279
4290 212
4295 260
4204 256
4294 260
4345 439
4344 435
4347 447
4346 443
4348 451
4337 407
4336 403
4335 399
4334 395
4339 415
4338 411
4341 423
4340 419
4343 431
4342 427
4329 375
4328 371
4327 367
4320 339
4323 351
4322 347
4321 343
4325 359
4324 355
4326 363
4377 240
4376 236
4285 231
4284 227
4371 216
4373 224
4372 220
4375 232
4374 228
4360 205
4270 201
4178 197
4363 205
4362 205
4365 205
4364 205
4355 219
4354 223
4357 209
4267 205
4409 332
4408 328
4411 340
4410 336
4413 348
4412 344
4415 356
4414 352
4395 276
4303 271
4394 272
4302 267
4387 264
4296 260
4205 256
4113 252
4388 264
4297 260
4206 256
4441 460
4349 455
4440 456
4442 464
4350 459
4445 223
4444 472
4352 467
4447 209
4433 428
4432 424
4435 436
4434 432
4437 444
4436 440
4438 448
4429 412
4431 420
4430 416
4417 364
4416 360
4419 372
4418 368
4421 380
4420 376
4465 240
4464 236
4459 216
4370 212
4461 224
4460 220
4463 232
4462 228
4449 209
4448 209
4359 205
4269 201
4451 209
4453 209
4452 209
4505 364
4504 360
4507 372
4506 368
4508 376
4497 332
4496 328
4407 324
4315 319
4314 315
4222 311
4221 307
4220 303
4127 299
4499 340
4498 336
4501 348
4500 344
4503 356
4502 352
4488 296
4399 292
4307 287
4306 283
4485 284
4396 280
4304 275
4484 280
4487 292
4486 288
4537 213
4536 213
4539 213
4541 213
4454 209
4540 213
4529 460
4528 456
4439 452
4531 468
4530 464
4533 227
4532 472
4443 468
4351 463
4534 231
4521 428
4520 424
4523 436
4522 432
4525 444
4524 440
4527 452
4526 448
4571 284
4570 280
4483 276
4573 292
4572 288
4575 300
4553 244
4552 240
4554 248
4546 216
4458 212
4369 208
4549 228
4548 224
4547 220
4551 236
4550 232
4593 372
4592 368
4595 380
4594 376
4596 384
4509 380
4587 348
4589 356
4588 352
4591 364
4590 360
4576 304
4633 224
4632 220
4635 232
4634 228
4639 248
4638 244
4637 240
4636 236
4625 217
4624 217
4626 217
4617 468
4616 464
4615 460
4619 231
4618 472
4621 217
4622 217
4609 436
4608 432
4611 444
4610 440
4613 452
4612 448
4614 456
4657 288
4659 296
4658 292
4660 300
4642 259
4556 255
4468 251
4378 244
4697 448
4699 456
4698 452
4701 464
4700 460
4702 468
4681 384
4680 380
4679 376
4683 392
4682 388
4684 396
4674 356
4673 352
4672 348
4671 344
4670 340
4584 336
4583 332
4677 368
4676 364
4678 372
4721 249
4720 245
4722 253
4725 258.004
4726 254.004
4724 261
4641 256
4555 252
4467 248
4466 244
4713 223
4630 218
4544 214
4456 210
4367 206
4715 225
4714 224
4631 219
4545 215
4457 211
4368 207
4717 233
4716 229
4718 237
4704 221
4707 221
4706 221
4708 221
4763 361
4765 369
4767 377
4766 373
4747 297
4746 293
4749 305
4748 301
4750 309
4661 304
4795 225
4794 225
4785 449
4696 444
4787 457
4786 453
4789 465
4788 461
4791 473
4790 469
4769 385
4768 381
4771 393
4772 397
4817 241.968
4816 245.968
4809 253
4808 249
4811 261
4810 257
4813 256.968
4814 252.968
4812 260.968
4815 249.968
4801 227
4803 229
4802 228
4804 233
4807 245
4719 241
4806 241
4805 237
4860 405
4773 401
4863 417
4776 413
4687 408
4853 377
4852 373
4851 369
4764 365
4675 360
4855 385
4854 381
4843 337
4842 333
4841 329
4754 325
4665 320
4579 316
4492 312
4403 308
4311 303
4310 299
4218 295
4217 291
4835 305
4839 321
4838 317
4751 313
4662 308
4889 233
4888 232
4891 241
4893 249
4892 245
4895 257
4894 253
4881 229
4880 229
4883 229
4798 225
4887 231
4873 457
4872 453
4871 449
4870 445
4783 441
4694 436
4875 465
4874 461
4877 473
4876 469
4878 229
4865 425
4864 421
4777 417
4688 412
4918 301
4897 264.968
4896 261
4899 256.968
4898 260.968
4901 249.968
4902 245.968
4900 253.968
4957 457
4959 465
4958 461
4945 409
4947 417
4946 413
4861 409
4774 405
4685 400
4949 425
4948 421
4950 429
4937 377
4936 373
4939 385
4938 381
4940 389
4942 397
4857 393
4856 389
4985 253.968
4986 249.968
4984 257.968
4977 250
4979 258
4978 254
4981 266
4980 262
4983 260.968
4982 264.968
4968 233
4884 229
4973 237
4972 236
4974 238
4961 473
4960 469
4965 233
4964 233
4967 233
5020 378
5022 386
5011 342
4927 337
5015 358
4931 353
4846 349
4759 345
5051 237
5052 237
5041 462
5040 458
4956 453
4955 449
5043 470
5042 466
5044 474
5047 237
5033 430
5032 426
5027 406
4943 401
5026 402
5031 422
5030 418
5065 268.968
5066 264.968
5064 266
5063 262
5069 253.968
5057 241
5056 240
5059 246
4975 242
4890 237
5061 254
5060 250
5062 258
5113 426
5112 422
5101 378
5100 374
5099 370
5098 366
5016 362
4932 357
4847 353
4760 349
5102 382
5093 346
5092 342
5091 338
5090 334
5089 330
5007 326
4923 321
5094 350
5012 346
4928 341
5145 266
5144 262
5136 242
5054 238
4970 234
5139 245
5138 244
5141 250
5140 246
5058 242
5143 258
5142 254
5129 241
5048 237
5128 241
5130 241
5133 241
5132 241
5123 466
5122 462
5121 458
5039 454
5125 474
5124 470
5126 478
5176 362
5175 358
5095 354
5209 245
5208 245
5211 245
5212 245
5205 478
5204 474
5207 245
5193 430
5192 426
5194 434
5114 430
5224 267
5216 247
5219 250
5218 249
5221 255
5220 251
5223 263
5222 259
5275 431
5274 427
5191 422
5111 418
5029 414
5276 435
5304 251
5307 254
5306 253
5309 259
5308 255
5311 267
5310 263
5296 249
5303 250
5215 246
5295 249
5294 249
5287 479
5361 427
5273 423
5190 418
5189 414
5109 410
5401 263
5400 259
5402 267
5392 253
5395 254
5396 255
5399 258
5398 257
5386 253
5465 479
5464 475
5463 471
5371 467
5283 463
5489 261
5491 263
5490 262
5493 271
5492 267
5484 257
5487 259
5486 258
5472 264
5567 261
5482 257
5566 261
5481 257
5391 253
5299 249
5585 285.968
5662 281.968
5500 273.968
5409 269.968
5317 265.968
5229 261.968
5577 268
5576 267
5579 276
5580 280
5494 275
5569 261
5571 262
5573 264
5572 263
5575 266
5626 480
5549 475
5657 284
5656 280
5659 281.968
5582 277.968
5497 273.968
5407 269.968
5316 265.968
5658 281.968
5660 281.968
5583 277.968
5498 273.968
5408 269.968
5649 267
5648 266
5650 268
5652 270
5655 276
5578 272
5643 265
5645 265
5646 265
5695 440
5694 436
5614 432
5537 427
5536 423
5450 419
5449 415
5357 411
5269 407
5186 402
5185 398
5184 394
5183 390
5103 386
5021 382
5725 269
5726 269
5737 285.968
5736 284
5739 285.968
5738 285.968
5740 285.968
5729 271
5728 270
5730 272
5733 275
5653 271
5735 280
5734 276
5654 272
5809 280
5808 279
5732 274
5811 285
5810 281
5813 289.968
5812 289
5815 289.968
5814 289.968
5801 273
5800 273
5803 274
5805 276
5804 275
5806 277
5881 281
5880 280
5883 283
5885 285
5884 284
5887 293
5886 289
5872 277
5798 273
5723 269
5875 277
5874 277
5876 277
5879 279
5878 278
5864 277
5889 293.968
5888 293.968
5947 281
5949 281
5950 281
5939 281
5865 277
5791 273
5716 269
5637 265
5961 297
5960 293
5962 297.968
5953 283
5952 282
5955 285
5954 284
5957 287
5959 289
5958 288
6001 577.956
6082 572.956
6158 568.956
6233 564.956
6308 559.956
6309 555.956
6310 551.956
6311 547.956
6000 485
5927 481
5926 477
5925 473
5924 469
5923 465
5849 461
5774 456
5698 452
5697 448
5696 444
5616 440
5539 435
5453 431
5452 427
5360 423
5272 419
6003 569.956
6084 564.956
6085 560.956
6161 556.956
6236 552.956
6002 573.956
6083 568.956
6159 564.956
6160 560.956
6235 556.956
6004 565.956
6041 297
6040 293
6033 286
6035 288
6034 287
6036 289
6039 292
6038 291
6027 285
6029 285
6031 285
6030 285
6109 289
6111 289
6110 289
6081 576.956
6121 298
6120 297
6122 302
6113 290
6115 292
6114 291
6117 294
6116 293
6119 296
6155 486
6079 481
5998 477
5997 473
5996 469
6157 572.956
6232 568.956
6307 563.956
6156 576.956
6231 572.956
6306 567.956
6193 296
6192 295
6195 298
6194 297
6197 300
6198 301
6187 293
6186 293
6189 293
6188 293
6191 294
6234 560.956
6230 486
6229 482
6153 478
6077 473
6264 297
6267 299
6266 298
6269 301
6268 300
6270 302
6261 297
6263 297
6262 297
6318 324
6319 320
6242 316
6305 571.956
6345 304
6344 303
6347 306
6346 305
6348 307
6351 310
6273 305
6339 301
6338 301
6341 301
6340 301
6343 302
6393 524.956
6394 520.956
6392 528.956
6385 556.956
6386 552.956
6387 548.956
6388 544.956
6389 540.956
6390 536.956
6391 532.956
6384 560.956
6381 572.956
6382 568.956
6383 564.956
6380 487
6303 482
6302 478
6227 474
6226 470
6225 466
6224 462
6148 458
6072 453
5991 449
5918 445
5844 441
5769 436
5768 432
5767 428
5766 424
5690 420
5610 416
5533 411
5447 407
5446 403
5354 399
5266 395
6425 309
6424 308
6426 310
6417 305
6416 305
6337 301
6260 297
6185 293
6107 289
6418 305
6420 305
6423 307
6422 306
6409 305
6331 301
6254 297
6179 293
6101 289
6021 285
5941 281
5866 277
6411 305
6333 301
6256 297
6182 293
6415 305
6401 308
6323 304
6246 300
6172 296
6095 292
6015 288
6459 569.956
6460 565.956
6461 561.956
6462 557.956
6543 553.956
6623 548.956
6701 544.956
6702 540.956
6703 536.956
6779 532.956
6852 527.956
6853 523.956
6854 519.956
6926 515.956
6927 511.956
6928 507.956
6929 503.956
7005 499.956
7076 494.956
7077 490.956
7078 486.956
7147 482.956
7148 478.956
7213 474.956
7214 470.956
7215 466.956
7216 462.956
7283 458.956
7351 453.956
6458 573.956
6539 569.956
6619 564.956
6697 560.956
6698 556.956
6699 552.956
6775 548.956
6848 543.956
6849 539.956
6850 535.956
6851 531.956
6463 553.956
6544 549.956
6624 544.956
6625 540.956
6626 536.956
6627 532.956
6628 528.956
6629 524.956
6630 520.956
6708 516.956
6709 512.956
6785 508.956
6858 503.956
6930 499.956
6931 495.956
6932 491.956
7008 487.956
7079 482.956
6483 312
6473 513.956
6472 517.956
6477 500.956
6558 496.956
6638 491.956
6716 487.956
6792 483.956
6865 478.956
6937 474.956
7013 470.956
6476 501.956
6557 497.956
6478 499.956
6559 495.956
6639 490.956
6717 486.956
6793 482.956
6866 477.956
6938 473.956
6465 545.956
6546 541.956
6464 549.956
6545 545.956
6467 537.956
6548 533.956
6466 541.956
6547 537.956
6469 529.956
6550 525.956
6468 533.956
6471 521.956
6552 517.956
6632 512.956
6633 508.956
6711 504.956
6787 500.956
6860 495.956
6470 525.956
6505 310
6507 312
6506 311
6508 313
6497 309
6414 305
6335 301
6258 297
6184 293
6106 289
6026 285
6499 309
6498 309
6500 309
6502 309
6419 305
6553 513.956
6554 509.956
6634 504.956
6549 529.956
6551 521.956
6631 516.956
6541 561.956
6621 556.956
6540 565.956
6620 560.956
6542 557.956
6622 552.956
6585 313
6584 313
6501 309
6586 313
6503 309
6589 315
6588 314
6591 317
6590 316
6579 313
6496 309
6413 305
6581 313
6580 313
6583 313
6582 313
6575 313
6493 309
6560 494.956
6640 489.956
6718 485.956
6565 316
6618 568.956
6696 564.956
6651 317
6572 313
6489 309
6406 305
6327 301
6250 297
6176 293
6099 289
6019 285
6644 320
6665 317
6664 317
6667 318
6659 317
6658 317
6661 317
6660 317
6663 317
6662 317
6714 492.956
6705 528.956
6706 524.956
6782 520.956
6855 515.956
6704 532.956
6707 520.956
6710 508.956
6786 504.956
6859 499.956
6700 548.956
6776 544.956
6695 568.956
6744 321
6746 322
6737 321
6736 321
6739 321
6738 321
6741 321
6740 321
6743 321
6742 321
6735 321
6657 317
6578 313
6495 309
6777 540.956
6778 536.956
6781 524.956
6780 528.956
6783 516.956
6856 511.956
6857 507.956
6771 564.956
6844 559.956
6845 555.956
6846 551.956
6847 547.956
6770 492
6694 488
6616 483
6615 479
6535 475
6453 471
6375 467
6298 462
6223 458
6147 454
6071 449
5990 445
5917 441
5843 437
6773 556.956
6772 560.956
6774 552.956
6809 325
6734 321
6656 317
6577 313
6811 325
6810 325
6813 325
6812 325
6815 325
6814 325
6784 512.956
6788 496.956
6861 491.956
6790 488.956
6863 483.956
6843 563.956
6817 325
6816 325
6819 325
6818 325
6822 326
6910 622.956
6889 329
6888 329
6890 329
6892 329
6881 329
6880 329
6883 329
6882 329
6885 329
6884 329
6887 329
6886 329
6933 487.956
6921 535.956
6922 531.956
6998 527.956
7069 522.956
7070 518.956
7071 514.956
7072 510.956
7073 506.956
7074 502.956
7143 498.956
7144 494.956
7209 490.956
7210 486.956
7211 482.956
7278 478.956
7346 473.956
7347 469.956
7416 465.956
7417 461.956
7418 457.956
7419 453.956
7420 449.956
6920 539.956
6923 527.956
6924 523.956
7000 519.956
6925 519.956
6915 559.956
6916 555.956
6992 551.956
7063 546.956
7132 542.956
7197 538.956
7198 534.956
7265 530.956
6914 563.956
6990 559.956
7061 554.956
7062 550.956
6917 551.956
6993 547.956
7064 542.956
7133 538.956
6919 543.956
6995 539.956
7066 534.956
7135 530.956
7200 526.956
7267 522.956
7335 517.956
6918 547.956
6994 543.956
7065 538.956
7134 534.956
6953 333
6952 333
6954 333
6957 333
6956 333
6959 333
6958 333
6949 333
6951 333
7001 515.956
7002 511.956
7004 503.956
7075 498.956
7007 491.956
7006 495.956
6997 531.956
7068 526.956
7137 522.956
7202 518.956
7269 514.956
7337 509.956
7338 505.956
7339 501.956
7408 497.956
7409 493.956
7410 489.956
7411 485.956
7412 481.956
6996 535.956
7067 530.956
6999 523.956
6985 587.956
7054 582.956
7123 578.956
6984 591.956
7053 586.956
6987 579.956
7056 574.956
7125 570.956
6986 583.956
7055 578.956
6989 563.956
7060 558.956
6988 575.956
7057 570.956
7126 566.956
6991 555.956
6977 619.956
7046 614.956
7115 610.956
7180 606.956
7247 602.956
7315 597.956
7384 593.956
7385 589.956
7386 585.956
7452 581.956
7453 577.956
7454 573.956
7455 569.956
7456 565.956
7457 561.956
7458 557.956
7459 553.956
7460 549.956
7461 545.956
7462 541.956
7463 537.956
7464 533.956
7465 529.956
7466 525.956
7467 521.956
7468 517.956
7469 513.956
6976 623.956
7045 618.956
7114 614.956
6979 611.956
7048 606.956
7117 602.956
7118 598.956
7119 594.956
6978 615.956
7047 610.956
7116 606.956
6981 603.956
7050 598.956
6980 607.956
7049 602.956
6983 595.956
7052 590.956
7033 337
7032 337
7034 337
7025 337
7027 337
7026 337
7029 337
7028 337
7031 337
7030 337
7017 337
7023 337
7009 483.956
7080 478.956
7081 474.956
7150 470.956
7010 479.956
7059 562.956
7058 566.956
7044 622.956
7113 618.956
7097 341
7096 341
7099 341
7098 341
7101 341
7100 341
7103 341
7102 341
7094 341
7085 344
7015 340
6939 336
6868 332
6797 328
6722 324
7087 341
7129 554.956
7130 550.956
7131 546.956
7196 542.956
7128 558.956
7122 582.956
7124 574.956
7127 562.956
7112 622.956
7105 341
7104 341
7163 345
7162 354
7161 350
7160 346
7167 345
7166 345
7156 345
7158 345
7145 490.956
7146 486.956
7149 474.956
7136 526.956
7201 522.956
7139 514.956
7140 510.956
7205 506.956
7272 502.956
7340 497.956
7138 518.956
7203 514.956
7204 510.956
7271 506.956
7141 506.956
7206 502.956
7207 498.956
7274 494.956
7342 489.956
7343 485.956
7344 481.956
7345 477.956
7142 502.956
7195 546.956
7194 550.956
7261 546.956
7199 530.956
7266 526.956
7185 586.956
7252 582.956
7320 577.956
7321 573.956
7322 569.956
7323 565.956
7324 561.956
7325 557.956
7326 553.956
7327 549.956
7396 545.956
7184 590.956
7251 586.956
7319 581.956
7177 618.956
7244 614.956
7312 609.956
7313 605.956
7382 601.956
7448 597.956
7449 593.956
7450 589.956
7451 585.956
7176 345
7106 341
7035 337
6961 333
7179 610.956
7178 614.956
7181 602.956
7248 598.956
7316 593.956
7183 594.956
7250 590.956
7318 585.956
7182 598.956
7249 594.956
7317 589.956
7169 345
7168 345
7171 345
7170 345
7173 345
7175 345
7174 345
7224 349
7227 354
7229 349
7228 353
7230 349
7219 352
7154 348
7222 349
7208 494.956
7275 490.956
7212 478.956
7257 562.956
7256 566.956
7259 554.956
7258 558.956
7263 538.956
7262 542.956
7241 349
7240 349
7243 618.956
7311 613.956
7380 609.956
7446 605.956
7447 601.956
7242 349
7245 610.956
7233 349
7235 349
7234 349
7237 349
7236 349
7238 349
7291 353
7290 353
7293 354
7226 350
7295 353
7294 357
7281 466.956
7349 461.956
7280 470.956
7348 465.956
7282 462.956
7350 457.956
7287 353
7273 498.956
7341 493.956
7277 482.956
7276 486.956
7279 474.956
7264 534.956
7268 518.956
7336 513.956
7270 510.956
7305 353
7239 349
7304 353
7307 353
7306 353
7310 617.956
7379 613.956
7297 353
7296 353
7301 353
7300 353
7303 353
7302 353
7353 449
7555 437
7356 357
7359 357
7376 357
7369 357
7371 357
7370 357
7373 357
7372 357
7360 357
7363 359
7362 358
7365 357
7366 357
7422 363
7413 477.956
7415 469.956
7414 473.956
7401 525.956
7400 529.956
7402 521.956
7405 509.956
7407 501.956
7406 505.956
7395 549.956
7394 553.956
7397 541.956
7399 533.956
7398 537.956
7441 361
7440 361
7442 361
7374 357
7433 361
7432 361
7364 357
7435 361
7434 361
7439 361
7438 361
7425 361
7424 361
7429 361
7428 361
7431 362
7513 605
7514 601
7515 597
7516 593
7517 589
7518 585
7519 581
7520 577
7521 573
7522 569
7523 565
7524 561
7525 557
7526 553
7527 549
7528 545
7529 541
7530 537
7531 533
7532 529
7533 525
7534 521
7535 517
7536 513
7537 509
7538 505
7539 501
7540 497
7541 493
7542 489
7543 485
7544 481
7545 477
7546 473
7547 469
7548 465
7549 461
7550 457
7551 453
7552 449
7553 445
7554 441
7505 365
7507 365
7506 365
7509 365
7443 361
7375 357
7496 365
7499 365
7498 365
7501 365
7502 365
7491 365
7490 365
7492 365
7495 365
7579 369
7508 365
7580 369
7582 614
7655 610
7656 606
7657 602
7730 598
7569 369
7570 369
7573 369
7572 369
7561 369
7563 369
7562 369
7567 369
7566 369
7559 371
7488 367
7609 506
7682 502
7683 498
7684 494
7757 490
7831 485
7832 481
7608 510
7681 506
7611 498
7610 502
7613 490
7614 486
7687 482
7760 478
7834 473
7835 469
7836 465
7612 494
7615 482
7616 478
7617 474
7690 470
7763 466
7837 461
7603 530
7676 526
7677 522
7678 518
7751 514
7825 509
7605 522
7604 526
7607 514
7680 510
7606 518
7592 574
7665 570
7666 566
7667 562
7668 558
7669 554
7670 550
7671 546
7672 542
7673 538
7746 534
7820 529
7640 373
7643 373
7642 373
7645 373
7644 373
7571 369
7500 365
7646 373
7635 373
7634 373
7637 373
7636 373
7625 442
7626 438
7627 434
7628 430
7701 426
7774 422
7848 417
7849 413
7624 446
7629 426
7702 422
7775 418
7630 422
7619 466
7620 462
7621 458
7622 454
7623 450
7696 446
7769 442
7843 437
7618 470
7679 514
7752 510
7826 505
7827 501
7828 497
7648 373
7654 373.123
10081 369.087
7707 377
7709 377
7708 377
7711 377
7697 442
7770 438
7844 433
7845 429
7699 434
7772 430
7846 425
7847 421
7698 438
7700 430
7703 418
7689 474
7688 478
7761 474
7691 466
7692 462
7693 458
7694 454
7767 450
7841 445
7695 450
7685 490
7758 486
7686 486
7713 377
7715 377
7717 377
7716 377
7718 377
7768 446
7842 441
7771 434
7773 426
7762 470
7765 458
7839 453
7840 449
7764 462
7838 457
7766 454
7753 506
7755 498
7829 493
7754 502
7756 494
7830 489
7759 482
7833 477
7793 381
7785 381
7784 381
7789 381
7791 381
7790 381
7776 414
7850 409
7778 406
7852 401
7781 381
7782 381
7864 385
7866 385
7871 385
7798 381
7725 377
7652 373
7578 369
7857 385
7858 385
7863 385
7862 385
7855 385
7854 385
7928 389
7931 389
7930 389
7937 389
7936 389
7942 389
7869 385
7993 409
7992 413
7995 401
7996 397
7999 393
7985 441
7987 433
7988 429
7989 425
7990 421
7991 417
7971 497
7973 489
7974 485
7975 481
7972 493
8013 394.51
7943 390.51
8001 393
8003 393
8007 393
8041 469
8040 473
8035 493
8036 489
8039 477
8073 397
8074 397
