 key  value
8122 40
8063 36
8064 32
8002 28
7932 24
7859 20
7860 16
7861 12
7862 8
7789 4
8125 28
8066 24
8004 20
7934 16
8124 32
8127 24
8068 20
8005 16
7935 12
8126 24
8067 20
8113 76
8054 72
8055 68
8056 64
8057 60
7995 56
7996 52
7926 48
7927 44
7928 40
7855 36
7782 32
7783 28
7784 24
7711 20
7712 16
7713 12
7714 8
7715 4
8112 80
8053 76
8115 68
8114 72
8117 60
8058 56
8116 64
8119 52
8060 48
7998 44
8118 56
8059 52
7997 48
8105 108
8046 104
8047 100
8048 96
8049 92
8050 88
8051 84
8052 80
8104 112
8045 108
8107 100
8106 104
8109 92
8110 88
8108 96
8111 84
8097 140
8038 136
8039 132
8040 128
8041 124
8042 120
8043 116
8044 112
7982 108
7912 104
7913 100
7914 96
7915 92
7916 88
7917 84
7918 80
7919 76
7920 72
7921 68
7922 64
7923 60
7924 56
7925 52
8096 144
8099 132
8098 136
8101 124
8102 120
8100 128
8103 116
8155 140
8156 136
8157 132
8158 128
8159 124
8136 216
8137 212
8138 208
8139 204
8140 200
8141 196
8142 192
8143 188
8086 184
8027 180
8028 176
8029 172
8030 168
8031 164
8032 160
8033 156
8034 152
8035 148
8036 144
8037 140
8128 24
8069 20
8007 16
7936 12
8185 28
8184 28
8177 52
8178 48
8179 44
8176 56
8181 36
8182 32
8180 40
8183 28
8169 84
8168 88
8171 76
8172 72
8173 68
8174 64
8175 60
8170 80
8161 116
8160 120
8163 108
8164 104
8165 100
8166 96
8162 112
8167 92
8217 124
8218 120
8219 116
8220 112
8221 108
8222 104
8216 128
8223 100
8215 132
8214 136
8241 32
8240 32
8242 32
8233 60
8234 56
8235 52
8232 64
8237 44
8238 40
8239 36
8236 48
8225 92
8226 88
8224 96
8227 84
8229 76
8230 72
8231 68
8228 80
8281 84
8282 80
8280 88
8283 76
8285 68
8284 72
8287 60
8288 56
8286 64
8273 116
8272 120
8275 108
8274 112
8277 100
8278 96
8276 104
8279 92
91 409
112 405
126 401
144 397
172 393
209 389
254 385
304 381
359 377
419 371
482 367
552 363
623 359
622 355
692 351
771 347
857 343
940 336
939 332
938 328
1012 324
1081 320
1153 316
1236 312
1318 308
1404 304
1499 300
1592 296
1685 292
1780 288
1866 284
1950 280
2039 276
2131 272
2222 268
2309 264
2397 260
2483 256
2567 252
2654 248
2742 244
2830 240
2927 236
3029 232
3121 228
3215 224
3310 220
3405 216
3490 212
3571 208
3656 204
3738 200
3824 196
3913 192
4002 188
4091 184
4180 180
4272 176
4362 172
4451 168
4539 164
4625 160
4707 156
4795 152
4881 148
4965 144
5049 140
5130 136
5209 132
5297 128
5389 124
5480 120
5565 116
5641 112
5721 108
5796 104
5870 100
5944 96
6023 92
6103 88
6180 84
6255 80
6332 76
6411 72
6494 68
6576 64
6655 60
6733 56
6808 52
6879 48
6949 44
7023 40
7094 36
7165 32
7231 28
7297 24
7366 20
7434 16
7500 12
7571 8
7644 4
8269 132
8270 128
93 409
113 405
127 401
8268 136
92 409
8271 124
8319 132
8318 136
8298 36
8245 32
8187 28
8129 24
8070 20
8008 16
7937 12
7863 8
7790 4
125 401
142 397
170 393
208 389
253 385
8289 52
8291 44
115 412
129 408
146 404
174 400
211 396
256 392
306 388
361 384
422 380
485 376
555 372
626 368
696 364
774 357
859 351
858 347
8290 48
114 409
8293 36
8292 40
8294 36
8344 40
8295 36
8349 41.834
9963 39.869
8299 36
8246 32
8188 28
8130 24
8071 20
110 405
124 401
8337 60
8336 64
8339 52
8340 48
8341 44
8342 40
8338 56
8343 40
8329 92
8328 96
8331 84
8330 88
8333 76
8334 72
8332 80
8335 68
8321 124
8322 120
8323 116
8324 112
8325 108
145 401
173 397
8320 128
147 408
149 415
148 411
176 407
213 403
258 399
308 395
363 391
424 387
487 383
557 379
628 375
697 368
8327 100
8326 104
150 419
178 415
215 411
214 407
259 403
8377 96
8376 100
8379 88
8378 92
8381 80
8382 76
8380 84
8383 72
8384 68
143 397
8369 128
8370 124
8371 120
8368 132
128 405
131 415
130 412
8373 112
133 423
132 419
8372 116
8375 104
8374 108
177 411
179 419
216 415
181 427
180 423
175 404
212 400
8393 44
217 419
219 424.968
264 420.968
315 416.968
371 412.968
432 408.968
496 404.968
567 400.968
638 396.968
708 392.968
785 388.968
869 384.968
947 380.968
1019 376.968
1089 372.968
1161 368.968
1245 364.968
1329 360.968
1419 356.968
1516 352.968
1610 348.968
1707 344.968
1798 340.968
1881 336.968
1969 332.968
2060 328.968
2150 324.968
2235 320.968
2322 316.968
2408 312.968
2492 308.968
2577 304.968
2664 300.968
2752 296.968
2840 292.968
2940 288.968
3043 284.968
3133 280.968
3225 276.968
3319 272.968
3409 268.968
3497 264.968
3582 260.968
3665 256.968
3750 252.968
3839 248.968
3928 244.968
4016 240.968
4105 236.968
4196 232.968
4381 224.968
4470 220.968
4557 216.968
4643 212.968
9898 207.517
4729 203
4728 199
4727 195
4814 188
4813 184
4812 180
4897 176
4981 172
4980 168
4979 164
4978 160
4977 156
5060 152
5059 148
5140 144
5219 140
5306 136
5397 132
5487 128
5572 124
5648 120
5727 116
5802 112
5876 108
5949 104
6029 100
6109 96
6186 92
6185 88
6184 84
6258 80
6335 76
6413 72
6495 68
6577 64
6656 60
6734 56
6809 52
6880 48
6950 44
7024 40
7095 36
218 423
263 419
313 415
312 411
367 407
428 403
427 399
490 395
560 391
559 387
630 383
629 379
8385 64
8387 56
8388 52
8389 48
8386 60
210 393
8391 44
8390 44
8441 48
8392 44
8440 48
8433 72
8432 76
8435 64
8436 60
8434 68
8437 56
8438 52
8439 48
8425 104
8426 100
8427 96
8428 92
8424 108
8429 88
8431 80
255 389
305 385
360 381
8430 84
8419 128
8420 124
8421 120
8422 116
8418 132
8423 112
8473 104
8472 108
8475 96
8474 100
8477 88
8476 92
8479 80
8478 84
8467 128
8468 124
8469 120
8466 132
8471 112
8470 116
266 420.968
317 416.968
373 412.968
434 408.968
497 404.968
568 400.968
639 396.968
257 396
307 392
8499 188
8453 184
8406 180
8357 176
8309 172
8260 168
8207 164
8208 160
8209 156
8210 152
8211 148
8154 144
261 411
260 407
8500 184
8501 180
8502 176
8503 172
8504 168
8505 164
8506 160
8460 156
8413 152
8364 148
8365 144
8366 140
8367 136
262 415
314 417.968
370 413.968
316 416.968
319 416.968
375 412.968
436 408.968
499 404.968
570 400.968
641 396.968
711 392.968
788 388.968
872 384.968
949 380.968
1021 376.968
1091 372.968
1163 368.968
1247 364.968
1331 360.968
1421 356.968
1518 352.968
1611 348.968
1708 344.968
318 416.968
8481 72
8480 76
8483 64
8482 68
8485 56
8486 52
309 399
8484 60
8487 52
311 407
310 403
365 399
364 395
425 391
488 387
558 383
299 364
354 360
414 356
475 352
543 348
614 344
685 340
765 336
851 332
935 328
1010 324
1234 312
1317 308
1498 300
8529 68
8530 64
8528 72
8531 60
8532 56
8533 56
8521 100
8522 96
8520 104
8523 92
8525 84
8526 80
8527 76
8524 88
8515 124
8516 120
8517 116
8518 112
8514 128
8519 108
8569 88
8568 92
8571 80
8570 84
8573 72
8572 76
8575 64
8576 60
8574 68
8561 120
8560 124
8563 112
8564 108
8565 104
8566 100
8567 96
8562 116
369 414.968
431 409.968
495 405.968
566 401.968
368 411
372 412.968
433 408.968
374 412.968
435 408.968
362 388
8605 120
8604 124
8607 112
8606 116
366 403
353 360
413 356
8589 184
8546 180
8588 188
412 356
474 352
8590 180
8547 176
8632 180
8591 176
8548 172
8549 168
8550 164
8551 160
8552 156
8553 152
8509 148
8463 144
8416 140
8631 184
8630 188
8617 72
8616 76
8619 64
8618 68
8609 104
8608 108
8611 96
8612 92
8613 88
8610 100
8615 80
8614 84
426 395
489 391
429 407
492 403
562 399
561 395
8671 184
8672 180
8673 176
8634 172
8593 168
8594 164
8595 160
8670 188
8657 80
8658 76
8656 84
416 356
478 352
546 348
617 344
687 340
767 336
853 332
937 328
1011 324
1080 320
1152 316
1235 312
8659 72
8661 68
8620 64
8577 60
421 377
484 373
554 369
625 365
695 361
8660 68
420 375
483 371
423 384
486 380
8649 112
8650 108
473 353
542 349
8648 116
8651 104
8652 100
8653 96
8654 92
477 352
476 352
544 348
615 344
8655 88
469 353
538 349
609 345
680 341
760 337
847 333
932 329
1008 325
1078 321
1150 316
1316 308
1496 300
1590 296
1683 292
1864 284
2129 272
2220 268
2307 264
2396 260
8647 120
471 353
539 349
610 345
681 341
761 337
848 333
8646 124
8697 80
8698 76
8696 84
8699 72
8701 72
8662 68
8700 72
8689 112
8691 104
8692 100
8693 96
8690 108
8695 88
8694 92
8686 124
498 404.968
8729 108
8730 104
8731 100
8728 112
491 399
8733 92
8734 88
8735 84
8736 80
8732 96
8726 120
8727 116
537 350
541 349
612 345
683 341
762 337
849 333
933 329
540 349
611 345
8711 180
8712 176
8713 172
8675 168
8636 164
8710 184
8763 120
8765 112
8764 116
8767 104
8768 100
8766 108
8747 184
8746 188
8748 180
8737 76
8739 76
563 403
8738 76
565 402.968
637 397.968
707 393.968
784 389.968
564 403.968
636 398.968
706 394.968
783 390.968
868 385.968
946 381.968
1018 377.968
1088 373.968
553 367
556 376
545 348
616 344
8787 184
8788 180
8789 176
8790 172
8791 168
8792 164
8753 160
8754 156
8755 152
8756 148
8757 144
8758 140
8722 136
8684 132
8645 128
547 348
618 344
689 340
768 336
854 332
8786 188
551 359
8776 80
8740 76
8702 72
605 358
606 354
607 350
608 346
679 342
759 338
8780 82.363
9950 76.701
8704 72
8665 68
8623 64
8580 60
8535 56
8489 52
8442 48
8769 96
8771 88
8772 84
8770 92
8773 80
8775 80
8774 80
8827 184
8828 180
8816 84
8809 96
8808 100
8811 88
8810 92
8813 84
8812 84
8815 84
8814 84
8801 128
8802 124
8803 120
8804 116
8805 112
8806 108
8807 104
8800 132
624 363
619 344
621 352
691 348
770 344
769 340
855 336
620 348
690 344
8849 96
8850 92
8848 100
8851 88
8853 88
613 345
8852 88
8854 88
8841 128
8842 124
8843 120
8844 116
8845 112
8846 108
8847 104
8890 91.992
9969 88.062
8881 112
8880 116
8883 104
8884 100
8882 108
642 396.968
712 392.968
789 388.968
873 384.968
951 380.968
1022 376.968
1092 372.968
1164 368.968
8885 96
8887 92
8886 92
8877 128
8878 124
8879 120
688 340
693 355
694 359
773 355
8920 96
682 341
684 341
764 337
686 340
8913 124
8912 128
8915 116
675 358
676 354
677 350
757 346
845 341
846 337
931 333
8914 120
8917 108
8918 104
8916 112
8919 100
678 346
758 342
8911 132
8910 136
8876 132
8953 100
8952 104
8945 132
8944 136
8947 124
8948 120
8949 116
8946 128
709 392.968
786 388.968
870 384.968
948 380.968
1020 376.968
8951 108
8950 112
710 392.968
763 341
850 337
934 333
766 336
852 332
753 356.533
840 352.533
925 348.533
1003 344.533
1073 340.533
1142 336.533
1223 329.533
1306 322.533
1393 316.533
1487 312.533
1584 308.533
1677 304.533
1773 300.533
1862 296.533
1946 292.533
2035 288.533
2127 284.533
2218 280.533
2305 276.533
2392 272.533
2478 265.595
2734 249
2820 244
2913 240
3015 236
3108 232
3203 227
3300 223
3395 219
3482 214
3564 210
3649 206
3732 201
3820 197
3907 193
3996 189
4086 184
4176 180
4269 176
4359 172
4448 168
4536 164
4622 160
4704 156
4792 152
4962 144
5046 140
5127 136
5206 132
5293 128
5384 124
5474 120
5559 116
5636 112
5716 108
5791 104
5866 100
5941 96
6021 92
6101 88
6179 84
6254 80
6331 76
6410 72
6493 68
755 354
843 349
928 345
929 341
930 337
754 356.533
841 352.533
926 348.533
756 350
844 345
8985 104
8984 108
8977 136
8978 132
8979 128
8980 124
8981 120
8982 116
8983 112
8976 140
8975 144
8974 148
787 388.968
871 384.968
790 388.968
874 384.968
9017 108
8986 104
8954 100
8921 96
9016 108
9009 136
9008 140
9011 128
9010 132
9013 120
9012 124
9015 112
9014 116
9005 152
9007 144
8997 184
8998 180
8967 176
8968 172
8969 168
8970 164
8971 160
8972 156
8973 152
9041 132
9040 136
9043 124
9044 120
9045 116
9046 112
9042 128
9047 112
856 340
9037 148
9038 144
9036 152
9039 140
9029 180
9030 176
9031 172
9001 168
9028 184
842 352.533
9073 120
9072 124
9075 116
835 372.533
920 368.533
921 364.533
922 360.533
923 356.533
924 352.533
9074 116
837 364.533
836 368.533
839 356.533
838 360.533
9065 152
9064 156
9067 144
9066 148
9069 136
9068 140
9071 128
9070 132
9059 176
9060 172
9061 168
9033 164
9003 160
9058 180
9063 160
9113 184
9087 180
9088 176
9089 172
9090 168
9091 164
9092 160
9093 156
9094 152
9095 148
875 384.968
953 380.968
1025 376.968
1095 372.968
1167 368.968
1251 364.968
1335 360.968
1425 356.968
1521 352.968
1614 348.968
1711 344.968
1801 340.968
1883 336.968
1971 332.968
2062 328.968
2152 324.968
2237 320.968
2324 316.968
2409 312.968
2493 308.968
2578 304.968
9117 168
876 384.968
954 380.968
1026 376.968
9119 160
9120 156
9121 152
9118 164
9104 120
9076 116
9048 112
9018 108
8987 104
8955 100
8922 96
8888 92
9097 140
9098 136
9099 132
9100 128
9096 144
9101 124
9103 120
927 349
9102 120
9145 168
9146 164
9144 172
9147 160
9148 156
9149 152
9122 148
9151 144
9152 140
9153 136
9126 132
9150 148
9123 144
9141 184
9114 180
9143 176
9128 124
952 380.968
1024 376.968
1093 372.968
1165 368.968
1249 364.968
1333 360.968
1423 356.968
1519 352.968
1613 348.968
1710 344.968
9130 124
9133 123.992
9107 119.992
9078 115.992
9050 111.992
9020 107.992
8989 103.992
8957 99.992
8924 95.992
945 382.968
1017 378.968
1087 374.968
1160 369.968
1244 365.968
1328 361.968
944 383.968
1016 379.968
1086 375.968
1159 370.968
1243 366.968
1327 362.968
1418 357.968
1515 353.968
1609 349.968
9125 136
9124 140
9127 128
950 380.968
9177 144
9176 148
936 328
9179 136
9154 132
9178 140
9181 132
9156 128
9129 124
9180 132
9155 128
9182 132
9157 128
9169 176
9170 172
9171 168
9172 164
9173 160
9175 152
9174 156
9201 148
9202 144
9203 140
9200 152
9205 136
9204 136
9206 136
9193 180
9194 176
9195 172
9197 164
9196 168
9199 156
9198 160
1009 329
1015 383.68
1085 379.68
1158 374.68
1242 370.68
1326 366.68
1417 361.68
1514 357.68
1608 353.68
1705 349.68
10049 345.938
1797 340.968
1880 336.968
1968 332.968
2059 328.968
2149 324.968
1014 384.68
1084 380.68
1157 375.68
1241 371.68
1325 367.68
1416 362.68
1513 358.68
1607 354.68
9241 168
9220 164
1001 367.533
1000 371.533
9243 160
9244 156
9245 152
9246 148
9247 144
9226 140
9242 164
9221 160
1005 348
1006 344
1004 348.533
1007 329
9225 144
9224 148
9227 140
9228 140
9219 168
9223 152
9222 156
1037 424.968
1104 420.968
1180 416.968
1263 412.968
1349 408.968
1439 404.968
1438 400.968
1437 396.968
1436 392.968
1435 388.968
1434 384.968
1433 380.968
1432 376.968
1431 372.968
1527 368.968
1620 364.968
1717 360.968
1807 356.968
1806 352.968
1805 348.968
1887 344.968
1975 340.968
2065 336.968
2064 332.968
2153 328.968
1027 376.968
1097 372.968
1169 368.968
1252 364.968
1028 376.968
9249 144
9248 144
1075 348.533
1144 344.533
1143 340.533
1074 344.533
1077 324
1148 320
1232 316
1233 312
1076 348
1096 372.968
1168 368.968
1099 372.968
1171 368.968
1254 364.968
1337 360.968
1427 356.968
1523 352.968
1616 348.968
1713 344.968
1803 340.968
1885 336.968
1973 332.968
2063 328.968
1102 384.968
1174 380.968
1173 376.968
1256 372.968
1339 368.968
1429 364.968
1525 360.968
1618 356.968
1715 352.968
1714 348.968
1090 372.968
1162 368.968
1246 364.968
1330 360.968
1420 356.968
1517 352.968
1145 332
1229 328
1230 324
1231 320
1146 328
1147 324
1183 428.968
1182 424.968
1181 420.968
1170 368.968
1253 364.968
1336 360.968
1426 356.968
1522 352.968
1615 348.968
1712 344.968
1172 372.968
1166 368.968
1250 364.968
1334 360.968
1424 356.968
1156 379.68
1240 375.68
1324 371.68
1415 366.68
1512 362.68
1606 358.68
1704 353.68
9421 1663.96
9422 1565.96
9423 1467.96
9424 1369.96
9442 1194.96
9443 1095.96
9461 960.956
9477 854.956
9494 747.956
9512 615.956
9531 508.956
9551 401.956
6006 212.956
6087 207.956
6163 203.956
6238 199.956
6313 194.956
6314 190.956
6315 186.956
6316 182.956
6317 178.956
6395 171.956
6474 164.956
6555 160.956
6635 155.956
6636 151.956
6637 147.956
6715 143.956
6791 139.956
6864 134.956
6936 130.956
7012 126.956
7083 121.956
7152 117.956
7217 113.956
7284 109.956
7352 104.956
7421 100.956
7487 96.956
9982 93.015
7556 88
7557 84
7558 80
7631 73
7704 69
7777 65
7851 60
7852 56
9420 1761.96
1225 337.533
1224 333.533
1227 336
1228 332
1226 341.26
10048 337.587
1221 328.533
1220 324.533
1305 320.533
1392 316.533
1484 312.533
1582 308.533
1675 304.533
1772 300.533
9462 924.456
9939 834.042
9478 816.136
9942 727.257
9495 708.956
1222 332.533
1264 416.968
1269 436.968
1268 432.968
1267 428.968
1266 424.968
1265 420.968
1351 416.968
1350 412.968
1257 376.968
1340 372.968
1259 396.968
1345 392.968
1248 364.968
9493 802.956
9511 669.956
9530 563.956
9550 457.956
9572 328.956
5928 231.956
1255 368.968
1338 364.968
1428 360.968
1304 321.533
1307 326.533
1309 334.533
1308 330.533
1311 340
1312 336
1310 338.533
9529 662.956
9528 761.956
9532 504.956
9525 1650.2
9544 1548.2
9563 1455.2
9586 1353.2
9607 1251.2
9629 1159.2
9630 1062.2
9631 965.197
9984 913.603
9609 834
9610 734
9611 634
9612 534
9613 434
9614 334
7873 268
7800 264
7801 260
7802 256
7875 252
7876 248
7877 244
7878 240
7879 236
7880 232
7881 228
7882 224
7883 220
7884 216
7885 212
7886 208
7887 204
7888 200
7889 196
7890 192
7891 188
7892 184
7893 180
7894 176
7895 172
7896 168
7897 164
7898 160
7899 156
7900 152
7901 148
7902 144
7903 140
7904 136
7905 132
7906 128
7907 124
7908 120
7909 116
7910 112
7911 108
9524 1745.2
9543 1643.2
9562 1550.2
9585 1449.2
9606 1348.2
9628 1256.2
9527 860.956
9513 611.956
1341 376.968
1343 384.968
1342 380.968
9506 1846.2
9509 865.956
9510 767.956
1332 360.968
1422 356.968
9567 818.956
9568 720.956
9569 622.956
9570 524.956
9571 426.956
9566 916.956
1319 308
1405 304
9547 756.956
9546 855.956
9549 557.956
9548 656.956
9593 325.956
6911 273.956
6912 269.956
6913 265.956
6982 254.956
7051 249.956
7052 245.956
7121 241.956
7122 237.956
7187 233.956
7188 229.956
7189 225.956
7256 221.956
7324 216.956
7325 212.956
7326 208.956
7327 204.956
7328 200.956
7397 196.956
7463 192.956
7464 188.956
7465 184.956
7466 180.956
7467 176.956
7468 172.956
7469 168.956
7470 164.956
7471 160.956
7472 156.956
7473 152.956
7474 148.956
7475 144.956
7476 140.956
7477 136.956
7478 132.956
7479 128.956
7480 124.956
7481 120.956
7482 116.956
7483 112.956
7484 108.956
7485 104.956
7486 100.956
9592 424.956
9595 819.968
9594 720.968
5374 646.968
5373 642.968
5372 638.968
5284 634.968
5201 629.968
5121 625.968
5039 621.968
4955 616.968
4870 612.968
4783 608.968
4694 603.968
4608 599.968
4521 595.968
4520 591.968
4519 587.968
4430 583.968
4338 578.968
4337 574.968
4245 570.968
4152 566.968
4062 561.968
3972 557.968
3971 553.968
3970 549.968
3881 545.968
3880 541.968
3792 537.968
3704 532.968
3703 528.968
3619 524.968
3533 520.968
3447 515.968
3446 511.968
3445 507.968
3444 503.968
3443 499.968
3442 495.968
3441 491.968
3440 487.968
3439 483.968
3438 479.968
3437 475.968
3436 471.968
3435 467.968
3434 463.968
3433 459.968
3432 455.968
3431 451.968
3430 447.968
3429 443.968
3428 439.968
3427 435.968
3426 431.968
3425 427.968
3424 423.968
3423 419.968
3339 415.968
3338 411.968
3337 407.968
3336 403.968
3335 399.968
3334 395.968
3333 391.968
3332 387.968
3331 383.968
3330 379.968
3329 375.968
3328 371.968
3327 367.968
3326 363.968
3325 359.968
3324 355.968
3323 351.968
3229 344.968
3138 339.968
3046 335.968
3045 331.968
2949 324.968
2948 320.968
2947 316.968
2946 312.968
2945 308.968
2944 304.968
2943 300.968
2942 296.968
2941 292.968
1352 420.968
1355 432.968
1354 428.968
1444 424.968
1443 420.968
1539 416.968
1538 412.968
1537 408.968
1536 404.968
1535 400.968
1534 396.968
1533 392.968
1532 388.968
1625 384.968
1624 380.968
1623 376.968
1622 372.968
1621 368.968
1357 440.968
1447 436.968
1543 432.968
1636 428.968
1733 424.968
1823 420.968
1905 416.968
1904 412.968
1992 408.968
1991 404.968
2081 400.968
2170 396.968
2255 392.968
2342 388.968
2427 384.968
2511 380.968
2596 376.968
2595 372.968
2681 368.968
2769 364.968
2768 360.968
2856 356.968
2855 352.968
2955 348.968
2954 344.968
2953 340.968
2952 336.968
2951 332.968
2950 328.968
1359 448.968
1449 444.968
1545 440.968
1638 436.968
1735 432.968
1734 428.968
1358 444.968
1448 440.968
1347 400.968
1346 396.968
9589 721.956
9590 622.956
9591 523.956
9588 820.956
1348 404.968
1401 331
1314 327
1315 323
1400 335
1403 304
1402 327
1395 323.533
1489 319.533
1586 315.533
1679 311.533
1775 307.533
1863 300.533
1947 296.533
2036 292.533
2128 288.533
1394 320.533
1488 316.533
9573 192
4102 188
4194 184
4286 180
4285 176
4375 172
4463 168
4550 164
4635 160
4717 156
4804 152
4889 148
4973 144
5056 140
5137 136
5216 132
5303 128
5394 124
5484 120
5569 116
5645 112
5724 108
5799 104
5873 100
5947 96
6026 92
6106 88
1397 331.533
1396 327.533
1399 339
9574 716.968
3561 632.968
3475 627.968
3474 623.968
3473 619.968
3472 615.968
3471 611.968
3470 607.968
3469 603.968
3468 599.968
3467 595.968
3466 591.968
3465 587.968
3464 583.968
3463 579.968
3462 575.968
3461 571.968
3460 567.968
3459 563.968
3458 559.968
3457 555.968
3456 551.968
3455 547.968
3454 543.968
3453 539.968
3452 535.968
3451 531.968
3450 527.968
3449 523.968
3448 519.968
1398 336.129
1492 332.129
1491 328.129
9901 324.519
1588 323.533
1587 319.533
1391 317.533
1483 313.533
1581 309.533
9617 822.968
9616 723.968
7111 658.968
7110 654.968
7109 650.968
7108 646.968
7038 638.968
7037 634.968
6967 627.968
6966 623.968
6965 619.968
6964 615.968
6896 608.968
6828 603.968
6827 599.968
6826 595.968
6753 591.968
6677 587.968
6599 582.968
6519 578.968
6437 574.968
6359 570.968
6282 565.968
6207 561.968
6131 557.968
6055 552.968
5974 548.968
5901 544.968
5900 540.968
5826 536.968
5751 531.968
5750 527.968
5749 523.968
5748 519.968
5672 515.968
5592 511.968
5515 506.968
5514 502.968
5513 498.968
5427 494.968
5426 490.968
5425 486.968
5333 482.968
5245 478.968
5162 473.968
5082 469.968
5000 465.968
4916 460.968
4831 456.968
4744 452.968
4655 447.968
4569 443.968
4482 439.968
4393 435.968
4301 430.968
4209 426.968
4116 422.968
4026 417.968
3936 413.968
3847 409.968
3759 405.968
3671 400.968
3587 396.968
3501 392.968
3415 387.968
1430 368.968
1526 364.968
1619 360.968
1716 356.968
9657 576
9636 473
9656 673
9635 570
9658 674
9661 925.724
9638 817.724
10125 803.14
9660 853.968
9637 745.968
9615 652.968
6824 593.968
6751 589.968
6675 585.968
6598 581.968
6518 577.968
6436 573.968
6358 569.968
9655 771
9634 667
9654 868
9633 764
1414 366.127
1605 348.895
1604 344.895
1700 341
1793 334
1792 330
1791 326
1790 322
1789 318
1788 314
1874 310
1958 306
1957 302
2046 298
2045 294
2044 290
2135 283
2312 275
2399 268
2398 264
2484 260
2568 256
2655 252
9639 838.968
9681 961.968
9680 681
9682 1033.72
1445 428.968
1446 432.968
1542 428.968
1635 424.968
1732 420.968
1822 416.968
1497 300
9677 945.473
10128 846.061
1500 300
1594 296
1687 292
1781 288
1867 284
1951 280
2040 276
2132 272
9679 679
9678 776
1490 323.533
1493 340.129
1495 304
1494 341
9721 874
9700 770
9720 872
1482 321.533
1579 317.533
1580 313.533
1674 308.533
1485 312.533
1486 312.533
1529 376.968
1528 372.968
1531 384.968
1530 380.968
9699 867
9701 772
1524 356.968
1617 352.968
1511 366.68
9742 1052
9741 953
1553 472.968
1552 468.968
1551 464.968
1550 460.968
1549 456.968
1548 452.968
1641 448.968
1738 444.968
1737 440.968
1736 436.968
1826 432.968
1908 428.968
1996 424.968
2086 420.968
2175 416.968
2260 412.968
2347 408.968
2432 404.968
2431 400.968
2430 396.968
2514 392.968
2599 388.968
2685 384.968
2773 380.968
2861 376.968
2961 372.968
2960 368.968
2959 364.968
2958 360.968
2957 356.968
2956 352.968
1555 480.968
1554 476.968
1647 472.968
1744 468.968
1743 464.968
1742 460.968
1741 456.968
1740 452.968
1739 448.968
1556 484.968
1649 480.968
1746 476.968
1745 472.968
1544 436.968
1546 444.968
1639 440.968
1541 424.968
1540 420.968
9782 1280
9781 1183
9761 1057
1593 296
1686 292
1585 312.533
9762 1157
1589 300
1591 296
1778 288
1949 280
9819 1349
9799 1246
9779 1145
9760 1055
9818 1348
9821 1355
9801 1251
9780 1147
9820 1352
9800 1248
9823 1715.19
9804 1618.19
9784 1521.19
9763 1408.73
9744 1311.73
9723 1214.73
10126 1121
9702 1035.97
1583 308.533
1676 304.533
9822 1391
9802 1287
1627 392.968
1724 388.968
1723 384.968
1813 380.968
1812 376.968
1894 372.968
1982 368.968
2072 364.968
2161 360.968
2160 356.968
2245 352.968
2332 348.968
2331 344.968
2416 340.968
2500 336.968
2585 332.968
2671 328.968
2670 324.968
2669 320.968
2757 316.968
2845 312.968
2844 308.968
1626 388.968
1628 396.968
1725 392.968
1630 404.968
1727 400.968
1817 396.968
1816 392.968
1898 388.968
1986 384.968
1985 380.968
1984 376.968
1983 372.968
2073 368.968
9798 1269
9778 1167
9759 1077
9740 975
1612 348.968
1709 344.968
1800 340.968
9844 604.306
9833 587.243
10024 552.584
9830 512.494
9871 462.153
9829 405.467
9912 368.555
9828 337.236
9927 294.768
9827 255.896
9897 240.175
1657 511.968
1656 507.968
1753 503.968
1752 499.968
1751 495.968
1750 491.968
1749 487.968
1748 483.968
1838 479.968
1920 475.968
1919 471.968
2007 467.968
2097 463.968
2186 459.968
2271 455.968
2358 451.968
2443 447.968
2527 443.968
2612 439.968
2697 432.968
2696 428.968
2695 424.968
2694 420.968
2782 416.968
2870 412.968
2970 408.968
2969 404.968
2968 400.968
2967 396.968
2966 392.968
2965 388.968
2964 384.968
2963 380.968
2962 376.968
9835 559.166
9879 546.598
9834 621.857
9843 587.979
1658 515.968
1755 511.968
1754 507.968
9836 442.272
9904 401.883
1648 476.968
9826 95.919
6240 84
6396 76
6479 72
6562 68
6642 63
6721 59
6797 55
6869 50
6941 46
7018 42
7089 37
7159 33
7225 29
7292 25
7362 20
7431 16
7498 12
7569 8
7643 4
1651 487.968
1650 483.968
1747 479.968
1837 475.968
1653 495.968
1652 491.968
9831 606.143
10007 555.004
9881 426.549
1640 444.968
1643 456.968
1642 452.968
9885 305.464
1645 464.968
1644 460.968
1646 468.968
1633 416.968
1632 412.968
1729 408.968
1728 404.968
1634 420.968
1637 432.968
9866 369.633
673 360.533
1684 292
1777 288
1865 284
1948 280
2037 276
2130 272
2221 268
2308 264
9913 201.25
1673 317.533
9915 187.145
9914 129.454
9825 120.551
5627 113
5706 109
5855 101
5930 97
6010 93
6090 89
6168 85
6243 81
6320 77
6399 73
6482 69
6565 65
6644 61
6723 57
6799 53
6870 49
6942 45
7019 41
7090 36
7160 32
7226 28
7293 24
9917 125.88
7084 120.956
7153 116.956
7218 112.956
7285 108.956
9916 346.692
9919 315.419
9918 285.843
1678 308.533
1774 304.533
9905 370.392
9906 222.996
4469 220.968
9909 192.112
4726 188
4725 184
9908 440.58
3249 437.968
3248 433.968
3340 426.968
9911 193.775
9910 138.942
1721 376.968
1720 372.968
1719 368.968
1809 364.968
1808 360.968
9896 429.108
9899 245.816
2823 242
2916 238
3017 234
3110 230
3204 226
3301 222
3396 218
3483 213
3565 209
3650 205
1722 380.968
9900 139.769
6794 136.956
7014 124.956
9903 258.045
3749 252.968
3838 248.968
9902 318.256
9893 328.032
9895 208.353
4170 201
4171 197
4172 193
4173 189
4174 185
4267 181
4358 176
9894 101.621
1718 364.968
9945 692.335
3476 631.968
9944 572.217
1769 567.968
1768 563.968
1767 559.968
1766 555.968
1765 551.968
1764 547.968
1763 543.968
1762 539.968
1761 535.968
1851 531.968
1933 527.968
2021 523.968
2111 519.968
2110 515.968
2199 511.968
2284 507.968
2371 503.968
2456 499.968
2540 495.968
2539 491.968
2624 487.968
2623 483.968
2622 479.968
2621 475.968
2620 471.968
2619 467.968
2618 463.968
2617 459.968
2616 455.968
2615 451.968
2614 447.968
2613 443.968
9946 553.967
918 551.968
996 547.968
1068 543.968
1134 539.968
1210 535.968
1209 531.968
1208 527.968
1291 523.968
1377 519.968
1376 515.968
1466 511.968
1465 507.968
1464 503.968
1560 499.968
1559 495.968
1706 348.968
9949 131.499
6510 125.893
6591 118.893
10087 118.005
6670 115
6748 111
6822 104
6821 100
6892 96
6891 92
6890 88
6889 84
6959 80
7033 76
7104 72
7103 68
7102 64
7101 60
7171 56
7237 52
7303 48
7372 44
7371 40
7370 36
7369 32
7368 28
7367 24
7435 20
9948 74.485
9951 127.187
9936 786.728
1699 338
9938 731.656
9943 345.667
1702 350.968
1794 343.968
1879 339.968
1963 333.968
2052 329.968
2142 325.968
2228 321.968
2316 316.968
2402 312.968
2487 308.968
2572 304.968
2659 300.968
2747 296.968
2835 292.968
2936 288.968
3040 284.968
3131 280.968
3223 276.968
3318 272.968
9928 236.793
4195 232.968
4288 228.968
4379 224.968
9933 740.043
1757 519.968
1756 515.968
1758 523.968
1848 519.968
1930 515.968
2018 511.968
2108 507.968
2197 503.968
2282 499.968
2369 495.968
2368 491.968
2367 487.968
2366 483.968
2365 479.968
2364 475.968
2363 471.968
2362 467.968
2447 463.968
2531 459.968
9920 359.699
9923 455.998
3159 451.968
3158 447.968
3157 443.968
9924 428.422
9926 302.538
9976 252.576
6005 216.956
6086 211.956
6162 207.956
9979 419.959
2871 416.968
2971 412.968
9981 1631.44
9968 154.851
9270 148.805
10129 147.524
9252 143.992
9231 139.992
9208 135.992
9184 131.992
9159 127.992
9132 123.992
9106 119.992
9971 33.861
7870 33
7796 28
7722 24
7721 20
7720 16
7719 12
7718 8
7717 4
1731 416.968
1730 412.968
9973 802.879
9972 100.24
9975 358.022
9974 752.383
9960 192.624
5069 188
5229 180
5228 176
5315 172
5406 168
5405 164
5404 160
5403 156
5402 152
5492 148
5577 144
5576 140
5652 136
5731 132
5806 128
5805 124
5804 120
5803 116
9967 51.908
8445 48
8396 44
8347 40
8297 36
8244 32
8186 28
9966 411.783
3845 407.968
3757 403.968
3586 395.968
3500 391.968
9952 128.018
9954 27.924
8011 25
8010 21
7939 17
7938 13
7864 9
9956 502.65
5669 497.968
5510 489.968
5424 485.968
5332 481.968
5244 477.968
5161 472.968
5081 468.968
4999 464.968
4915 459.968
4830 455.968
4743 451.968
4654 446.968
4568 442.968
4481 438.968
4392 434.968
4300 429.968
4208 425.968
4115 421.968
4025 416.968
3935 412.968
3846 408.968
3758 404.968
3670 399.968
9959 83.953
10009 825.331
10008 46.858
7853 44
7780 40
7781 36
1771 301.533
1861 297.533
1770 571.968
10005 345.986
1819 404.968
1901 400.968
1989 396.968
1988 392.968
1987 388.968
2077 384.968
2166 380.968
2165 376.968
2250 372.968
2337 368.968
2336 364.968
2335 360.968
2334 356.968
2419 352.968
2503 348.968
2502 344.968
2587 340.968
2586 336.968
1818 400.968
1821 412.968
1820 408.968
1902 404.968
1990 400.968
9999 420.58
963 414.921
1036 410.921
1035 406.921
1103 400.065
1034 393.065
1033 389.065
1032 385.067
10013 384.238
1031 380.968
1100 376.968
1811 372.968
1893 368.968
1981 364.968
1980 360.968
1979 356.968
1978 352.968
1977 348.968
2067 344.968
2156 340.968
2155 336.968
2240 332.968
2239 328.968
2238 324.968
1810 368.968
1815 388.968
1897 384.968
1814 384.968
10041 267.973
10040 262.242
6007 210.308
6164 200.308
6239 196.308
10043 371.043
10042 229.021
3479 226
3480 222
3481 218
1802 340.968
10045 937.669
10044 462.658
2783 459.968
2698 455.968
1804 344.968
10047 46.909
10046 461.262
10033 126.832
5381 124
5471 120
5556 116
5633 112
5713 108
5788 104
5862 100
5937 96
6017 92
6097 88
6175 84
6250 80
6327 76
6405 72
6488 68
6571 64
6650 60
6729 56
6805 52
6876 48
6947 44
7022 40
7093 36
7163 32
7230 28
7296 24
7365 20
10032 846.906
10035 36.892
10034 36.823
10037 337.325
10036 337.354
10039 1589.8
1799 340.968
10038 365.822
10027 295.195
1945 292.533
2034 288.533
2126 284.533
2217 280.533
2304 276.533
10026 84.423
6318 79
6397 75
6480 71
6563 67
6643 62
6722 58
6798 54
1850 527.968
1932 523.968
2020 519.968
10029 401.959
703 399
702 395
701 391
700 387
699 383
698 379
10028 668.4
10031 284.098
10030 357.03
1841 491.968
1923 487.968
2011 483.968
2010 479.968
2100 475.968
2099 471.968
2188 467.968
2273 463.968
2360 459.968
2359 455.968
2444 451.968
2528 447.968
1840 487.968
1922 483.968
1843 499.968
1842 495.968
1845 507.968
1927 503.968
2015 499.968
2014 495.968
2013 491.968
2103 487.968
2192 483.968
2277 479.968
1844 503.968
1926 499.968
1846 511.968
1928 507.968
2016 503.968
2106 499.968
2195 495.968
2280 491.968
10073 234.124
3025 232
3117 228
3211 224
3307 220
3402 216
3487 212
3568 208
3654 204
3736 200
3822 196
3910 192
3998 188
4087 184
4177 180
4270 176
4360 172
4449 168
4537 164
4623 160
4705 156
4793 152
4878 148
1833 460.968
1832 456.968
1831 452.968
1830 448.968
1829 444.968
1828 440.968
1827 436.968
10072 234.289
3312 228
3311 224
10075 286.312
2042 284
2041 280
2133 276
2223 272
1835 468.968
1917 464.968
2005 460.968
2095 456.968
2184 452.968
2269 448.968
2356 444.968
2441 440.968
2525 436.968
2610 432.968
10074 309.764
1834 464.968
1916 460.968
2004 456.968
2094 452.968
2093 448.968
2182 444.968
2181 440.968
2180 436.968
2179 432.968
2264 428.968
2263 424.968
2350 420.968
2349 416.968
2348 412.968
1836 472.968
1839 483.968
10065 310.782
10064 251.946
10067 181.904
10066 310.497
10069 232.01
10068 198.106
3829 196
3917 192
4005 188
4094 184
4183 180
4275 176
4365 172
4454 168
4541 164
4626 160
4708 156
4796 152
4882 148
4966 144
10071 97.384
10070 49.275
7355 45
7424 41
7491 37
7563 32
7564 28
7638 24
10057 215.494
3580 212.025
3747 204
3835 200
3925 196
4014 192
10056 296.91
10059 430.653
1882 336.968
1970 332.968
10061 183.857
4185 180
4277 176
4367 172
4455 168
4542 164
4627 160
4709 156
10060 254.336
2651 248
2739 244
2827 240
2924 236
3027 232
3120 228
3214 224
3309 220
1884 336.968
1972 332.968
10063 157.738
6712 155.956
6713 151.956
6714 147.956
10062 166.21
6475 160.956
6556 156.956
1886 340.968
1974 336.968
1873 306
10051 253.163
10050 311.306
2486 309.968
10053 49.832
7423 45
7490 41
7562 36
7636 32
7709 28
7710 24
10055 258.792
10054 420.26
1860 567.968
1859 563.968
1941 559.968
2029 555.968
2028 551.968
2118 547.968
2207 543.968
2292 539.968
2379 535.968
2378 531.968
2463 527.968
2547 523.968
2632 519.968
2631 515.968
2630 511.968
2629 507.968
2628 503.968
2627 499.968
2626 495.968
2625 491.968
1913 448.968
1912 444.968
1911 440.968
1910 436.968
1998 432.968
2088 428.968
2177 424.968
2176 420.968
1915 456.968
1914 452.968
1918 468.968
2006 464.968
2096 460.968
1896 380.968
1899 392.968
1900 396.968
1903 408.968
1889 352.968
1888 348.968
1891 360.968
1890 356.968
1892 364.968
1895 376.968
1944 292.533
1939 551.968
1938 547.968
2026 543.968
2116 539.968
2205 535.968
2290 531.968
2377 527.968
2376 523.968
2375 519.968
2374 515.968
2373 511.968
2372 507.968
1929 511.968
2017 507.968
1921 479.968
1925 495.968
1924 491.968
2012 487.968
1976 344.968
2066 340.968
1965 332.968
2056 328.968
2145 324.968
2231 320.968
2318 316.968
2404 312.968
2488 308.968
2573 304.968
1967 332.968
2057 328.968
2146 324.968
1966 332.968
1954 291
2043 287
2009 475.968
2008 471.968
2001 444.968
2091 440.968
2000 440.968
2090 436.968
2089 432.968
2003 452.968
2002 448.968
1994 416.968
1993 412.968
2083 408.968
2172 404.968
2257 400.968
2344 396.968
2343 392.968
1997 428.968
1999 436.968
2033 288.533
2125 284.533
2038 276
2024 535.968
2023 531.968
2022 527.968
2027 547.968
2117 543.968
2019 515.968
2109 511.968
2198 507.968
2283 503.968
2370 499.968
2455 495.968
2075 376.968
2074 372.968
2076 380.968
2079 392.968
2168 388.968
2167 384.968
2078 388.968
2069 352.968
2158 348.968
2243 344.968
2242 340.968
2241 336.968
2068 348.968
2071 360.968
2070 356.968
2061 328.968
2055 328.968
2144 324.968
2229 320.968
2105 495.968
2104 491.968
2107 503.968
2098 467.968
2101 479.968
2102 483.968
2092 444.968
2080 396.968
2082 404.968
2085 416.968
2174 412.968
2259 408.968
2346 404.968
2345 400.968
2084 412.968
2143 324.968
2134 280
2224 276
2311 272
2113 527.968
2112 523.968
2169 392.968
2171 400.968
2173 408.968
2163 368.968
2248 364.968
2162 364.968
2164 372.968
2154 332.968
2159 352.968
2147 324.968
2232 320.968
2319 316.968
2148 324.968
2233 320.968
2320 316.968
2405 312.968
2490 308.968
2575 304.968
2662 300.968
2751 296.968
2839 292.968
2939 288.968
3042 284.968
3132 280.968
3224 276.968
2151 324.968
2201 519.968
2286 515.968
2193 487.968
2194 491.968
2196 499.968
2185 456.968
2187 463.968
2272 459.968
2189 471.968
2191 479.968
2276 475.968
2190 475.968
2183 448.968
2234 320.968
2321 316.968
2407 312.968
2236 320.968
2323 316.968
2225 279
2230 320.968
2317 316.968
2216 281.533
2219 276
2267 440.968
2354 436.968
2353 432.968
2438 428.968
2437 424.968
2521 420.968
2520 416.968
2519 412.968
2518 408.968
2603 404.968
2602 400.968
2601 396.968
2600 392.968
2686 388.968
2266 436.968
2268 444.968
2355 440.968
2270 452.968
2256 396.968
2258 404.968
2261 416.968
2249 368.968
2251 376.968
2253 384.968
2340 380.968
2339 376.968
2424 372.968
2508 368.968
2593 364.968
2679 360.968
2767 356.968
2252 380.968
2254 388.968
2341 384.968
2244 348.968
2247 360.968
2246 356.968
2281 495.968
2285 511.968
2275 471.968
2274 467.968
2361 463.968
2279 487.968
2278 483.968
2330 340.968
2329 336.968
2414 332.968
2498 328.968
2583 324.968
2582 320.968
2581 316.968
2667 312.968
2666 308.968
2754 304.968
2753 300.968
2333 352.968
2418 348.968
2325 320.968
2315 317.968
2401 313.968
2306 264
2394 260
2480 256
2564 252
2310 268
2352 428.968
2351 424.968
2357 448.968
2338 372.968
2393 276.595
2479 269.595
2395 260
2481 256
2565 252
2652 248
2740 244
2828 240
2926 236
3028 232
2387 567.968
2386 563.968
2385 559.968
2470 555.968
2554 551.968
2553 547.968
2552 543.968
2551 539.968
2636 535.968
2635 531.968
2634 527.968
2633 523.968
2425 376.968
2426 380.968
2429 392.968
2513 388.968
2598 384.968
2597 380.968
2428 388.968
2421 360.968
2420 356.968
2423 368.968
2422 364.968
2403 312.968
2406 312.968
2491 308.968
2576 304.968
2457 503.968
2459 511.968
2543 507.968
2458 507.968
2460 515.968
2544 511.968
2449 471.968
2448 467.968
2532 463.968
2451 479.968
2450 475.968
2453 487.968
2452 483.968
2454 491.968
2440 436.968
2439 432.968
2442 444.968
2445 455.968
2446 459.968
2530 455.968
2529 451.968
2433 408.968
2489 308.968
2574 304.968
2661 300.968
2750 296.968
2838 292.968
2938 288.968
2495 316.968
2580 312.968
2482 256
2566 252
2653 248
2485 264
2523 428.968
2608 424.968
2526 440.968
2512 384.968
2515 396.968
2517 404.968
2516 400.968
2505 356.968
2590 352.968
2589 348.968
2675 344.968
2763 340.968
2851 336.968
2504 352.968
2507 364.968
2592 360.968
2591 356.968
2506 360.968
2509 372.968
2510 376.968
2537 483.968
2536 479.968
2538 487.968
2541 499.968
2542 503.968
2533 467.968
2535 475.968
2534 471.968
2588 344.968
2569 260
2656 256
2570 264
2563 252
2609 428.968
2605 412.968
2604 408.968
2606 416.968
2594 368.968
2680 364.968
2649 252
2735 248
2821 243
2914 239
3016 235
3109 231
2650 251
2736 247
2822 242
2915 238
2683 376.968
2771 372.968
2770 368.968
2682 372.968
2684 380.968
2687 392.968
2673 336.968
2672 332.968
2674 340.968
2762 336.968
2850 332.968
2677 352.968
2765 348.968
2764 344.968
2676 348.968
2678 356.968
2657 260
2660 300.968
2749 296.968
2837 292.968
2713 515.968
2712 511.968
2705 483.968
2704 479.968
2703 475.968
2707 491.968
2706 487.968
2709 499.968
2708 495.968
2711 507.968
2710 503.968
2699 459.968
2701 467.968
2700 463.968
2702 471.968
2689 400.968
2777 396.968
2865 392.968
2864 388.968
2863 384.968
2862 380.968
2688 396.968
2776 392.968
2691 408.968
2690 404.968
2693 416.968
2692 412.968
2745 256
2744 252
2743 248
2746 258
2833 252
2832 248
2929 244
3031 240
3123 236
3122 232
2748 296.968
2836 292.968
2737 246
2741 244
2829 240
2733 253
2819 248
2779 404.968
2867 400.968
2866 396.968
2778 400.968
2781 412.968
2780 408.968
2868 404.968
2772 376.968
2775 388.968
2774 384.968
2761 332.968
2760 328.968
2759 324.968
2758 320.968
2846 316.968
2766 352.968
2793 495.968
2792 491.968
2791 487.968
2795 503.968
2794 499.968
2797 511.968
2796 507.968
2799 519.968
2798 515.968
2785 463.968
2784 459.968
2787 471.968
2786 467.968
2789 479.968
2788 475.968
2790 483.968
2831 244
2928 240
3030 236
2873 464.968
2872 462.968
2972 458.968
3066 454.968
2875 472.968
2874 468.968
2877 480.968
2876 476.968
2879 488.968
2878 484.968
2869 408.968
2857 360.968
2859 368.968
2858 364.968
2860 372.968
2854 348.968
2853 344.968
2852 340.968
2909 255
2910 251
2911 247
3014 240
2888 524.968
2881 496.968
2880 492.968
2883 504.968
2882 500.968
2885 512.968
2884 508.968
2887 520.968
2886 516.968
2930 248
3032 244
2933 294.968
3037 290.968
3128 286.968
3221 281.968
3222 277.968
3317 273.968
3408 269.968
2932 298.968
2935 289.968
3039 285.968
3130 281.968
2921 236
3023 232
3116 228
3210 224
3306 220
2923 236
3026 232
3119 228
3213 224
3308 220
3404 216
3489 212
3569 208
3655 204
3737 200
2922 236
3024 232
2925 236
2912 244
2973 462.968
2975 470.968
3069 466.968
3068 462.968
3067 458.968
2974 466.968
2985 510.968
2984 506.968
3078 502.968
3077 498.968
3076 494.968
3075 490.968
3074 486.968
3073 482.968
3072 478.968
3071 474.968
3070 470.968
2987 518.968
3081 514.968
3080 510.968
3079 506.968
2986 514.968
2989 526.968
3083 522.968
3082 518.968
2988 522.968
2977 478.968
2976 474.968
2979 486.968
2978 482.968
2981 494.968
2980 490.968
2983 502.968
2982 498.968
3033 247
3124 240
3035 298.968
3126 294.968
3219 289.968
3220 285.968
3315 281.968
3316 277.968
3034 302.968
3036 294.968
3127 290.968
3019 233
3112 229
3206 225
3302 221
3398 217
3484 213
3566 209
3651 205
3733 201
3018 234
3021 233
3113 229
3207 225
3303 221
3020 233
3022 233
3115 229
3013 258
3012 262
3065 411.968
3064 407.968
3063 403.968
3062 399.968
3061 395.968
3060 391.968
3059 387.968
3058 383.968
3057 379.968
3056 375.968
3055 371.968
3054 367.968
3053 363.968
3052 359.968
3051 355.968
3050 351.968
3049 347.968
3048 343.968
3047 339.968
3084 526.968
3114 229
3208 225
3118 228
3212 224
3111 230
3161 459.968
3160 455.968
3163 467.968
3162 463.968
3165 475.968
3164 471.968
3167 483.968
3166 479.968
3152 395.968
3155 407.968
3154 403.968
3153 399.968
3156 411.968
3145 367.968
3144 363.968
3143 359.968
3147 375.968
3146 371.968
3149 383.968
3148 379.968
3151 391.968
3150 387.968
3141 351.968
3140 347.968
3139 343.968
3142 355.968
3177 523.968
3176 519.968
3175 515.968
3174 511.968
3173 507.968
3172 503.968
3171 499.968
3170 495.968
3169 491.968
3168 487.968
3178 527.968
3231 352.968
3218 293.968
3209 225
3305 221
3400 217
3486 213
3567 209
3205 226
3257 469.968
3256 465.968
3255 461.968
3254 457.968
3253 453.968
3252 449.968
3251 445.968
3250 441.968
3259 477.968
3258 473.968
3261 485.968
3260 481.968
3263 493.968
3262 489.968
3241 392.968
3240 388.968
3245 408.968
3244 404.968
3246 412.968
3233 360.968
3232 356.968
3239 384.968
3238 380.968
3272 529.968
3271 525.968
3270 521.968
3269 517.968
3268 513.968
3267 509.968
3266 505.968
3265 501.968
3264 497.968
3275 541.968
3274 537.968
3273 533.968
3304 221
3399 217
3485 213
3299 227
3394 223
3298 231
3353 478.968
3352 474.968
3351 470.968
3350 466.968
3349 462.968
3348 458.968
3347 454.968
3346 450.968
3345 446.968
3344 442.968
3343 438.968
3342 434.968
3341 430.968
3355 486.968
3354 482.968
3357 494.968
3356 490.968
3359 502.968
3358 498.968
3361 510.968
3360 506.968
3363 518.968
3362 514.968
3365 526.968
3364 522.968
3417 395.968
3416 391.968
3419 403.968
3418 399.968
3421 411.968
3420 407.968
3422 415.968
3401 220
3393 227
3477 235.167
3478 232.615
3513 440.968
3512 436.968
3515 448.968
3514 444.968
3517 456.968
3516 452.968
3519 464.968
3518 460.968
3505 408.968
3504 404.968
3507 416.968
3506 412.968
3509 424.968
3508 420.968
3510 428.968
3503 400.968
3502 396.968
3492 212
3572 208
3658 204
3740 200
3826 196
3914 192
4003 188
4092 184
4181 180
4274 176
4364 172
4452 168
4540 164
3529 504.968
3528 500.968
3531 512.968
3530 508.968
3532 516.968
3535 528.968
3534 524.968
3521 472.968
3520 468.968
3523 480.968
3522 476.968
3525 488.968
3524 484.968
3527 496.968
3526 492.968
3579 216.025
3581 216.025
3609 484.968
3608 480.968
3607 476.968
3606 472.968
3605 468.968
3611 492.968
3610 488.968
3613 500.968
3612 496.968
3615 508.968
3614 504.968
3601 452.968
3600 448.968
3603 460.968
3602 456.968
3604 464.968
3593 420.968
3592 416.968
3591 412.968
3595 428.968
3594 424.968
3597 436.968
3596 432.968
3599 444.968
3598 440.968
3589 404.968
3588 400.968
3590 408.968
3624 544.968
3623 540.968
3537 536.968
3617 516.968
3616 512.968
3618 520.968
3620 528.968
3673 408.968
3672 404.968
3675 416.968
3674 412.968
3677 424.968
3676 420.968
3679 432.968
3678 428.968
3705 536.968
3707 544.968
3697 504.968
3696 500.968
3699 512.968
3698 508.968
3701 520.968
3700 516.968
3702 524.968
3689 472.968
3688 468.968
3691 480.968
3690 476.968
3693 488.968
3692 484.968
3695 496.968
3694 492.968
3681 440.968
3680 436.968
3683 448.968
3682 444.968
3685 456.968
3684 452.968
3687 464.968
3686 460.968
3741 200
3827 196
3915 192
3742 201.131
3730 206
3818 202
3905 198
3906 194
3995 190
4085 185
4175 181
4268 177
3734 205
3769 445.968
3768 441.968
3771 453.968
3770 449.968
3773 461.968
3772 457.968
3775 469.968
3774 465.968
3761 413.968
3760 409.968
3763 421.968
3762 417.968
3765 429.968
3764 425.968
3767 437.968
3766 433.968
3753 257.968
3842 253.968
3931 249.968
4019 245.968
4108 241.968
4199 237.968
4291 233.968
4471 223.968
3752 254.968
3841 250.968
3930 246.968
4018 242.968
4107 238.968
4198 234.968
4290 230.968
3746 208
3748 204
3836 200
3926 196
3751 254.968
3793 541.968
3795 549.968
3796 553.968
3708 548.968
3785 509.968
3784 505.968
3787 517.968
3786 513.968
3789 525.968
3788 521.968
3791 533.968
3790 529.968
3777 477.968
3776 473.968
3779 485.968
3778 481.968
3781 493.968
3780 489.968
3783 501.968
3782 497.968
3833 202
3921 198
3920 194
4008 190
4096 184
3834 206
3922 202
4010 198
4009 194
3837 200
3825 196
3828 200
3819 202
3821 196
3909 192
3997 188
3865 481.968
3864 477.968
3867 489.968
3866 485.968
3869 497.968
3868 493.968
3871 505.968
3870 501.968
3857 449.968
3856 445.968
3855 441.968
3854 437.968
3859 457.968
3858 453.968
3861 465.968
3860 461.968
3863 473.968
3862 469.968
3849 417.968
3848 413.968
3851 425.968
3850 421.968
3853 433.968
3852 429.968
3840 250.968
3929 246.968
3889 577.968
3888 573.968
3887 569.968
3799 565.968
3711 560.968
3710 556.968
3709 552.968
3883 553.968
3882 549.968
3885 561.968
3884 557.968
3886 565.968
3798 561.968
3873 513.968
3872 509.968
3875 521.968
3874 517.968
3877 529.968
3876 525.968
3879 537.968
3878 533.968
3932 415.355
3923 206
3924 197
4013 193
3916 192
4004 188
4093 184
3904 202
3961 513.968
3960 509.968
3963 521.968
3962 517.968
3965 529.968
3964 525.968
3967 537.968
3966 533.968
3953 481.968
3952 477.968
3951 473.968
3955 489.968
3954 485.968
3957 497.968
3956 493.968
3959 505.968
3958 501.968
3945 449.968
3944 445.968
3947 457.968
3946 453.968
3949 465.968
3948 461.968
3950 469.968
3943 441.968
3942 437.968
3941 433.968
3992 202
4082 197
3977 577.968
3976 573.968
3975 569.968
3979 585.968
3890 581.968
3978 581.968
3969 545.968
3968 541.968
3973 561.968
3974 565.968
4024 415.968
3934 411.968
4031 437.968
4030 433.968
4029 429.968
4028 425.968
3938 421.968
3937 417.968
4017 242.968
4106 238.968
4023 415.968
4011 202
4001 188
4090 184
4179 180
4000 188
4089 184
4006 188
4095 184
4184 180
4276 176
4366 172
4057 541.968
4056 537.968
4059 549.968
4058 545.968
4061 557.968
4060 553.968
4063 565.968
4049 509.968
4048 505.968
4047 501.968
4046 497.968
4051 517.968
4050 513.968
4053 525.968
4052 521.968
4055 533.968
4054 529.968
4041 477.968
4040 473.968
4039 469.968
4038 465.968
4037 461.968
4043 485.968
4042 481.968
4045 493.968
4044 489.968
4033 445.968
4032 441.968
4034 449.968
4065 573.968
4064 569.968
4067 581.968
4066 577.968
4069 589.968
4068 585.968
4071 597.968
4070 593.968
3980 589.968
3891 585.968
3803 581.968
3715 576.968
3631 572.968
3545 568.968
4121 442.968
4123 450.968
4122 446.968
4112 419.968
4104 236.968
4111 419.968
4022 415.968
3933 411.968
4097 184
4187 180
4279 176
4369 172
4457 168
4545 164
4630 160
4712 156
4799 152
4884 148
4968 144
5052 140
5134 136
5213 132
5300 128
5391 124
5482 120
5567 116
5644 112
5723 108
5798 104
5872 100
4101 192
4153 570.968
4155 578.968
4154 574.968
4157 586.968
4156 582.968
4159 594.968
4158 590.968
4145 538.968
4144 534.968
4149 554.968
4148 550.968
4151 562.968
4150 558.968
4137 506.968
4136 502.968
4139 514.968
4138 510.968
4141 522.968
4140 518.968
4143 530.968
4142 526.968
4131 482.968
4130 478.968
4133 490.968
4132 486.968
4135 498.968
4134 494.968
4186 180
4189 180
4281 176
4371 172
4459 168
4547 164
4633 160
4715 156
4803 152
4888 148
4972 144
4188 180
4190 180
4283 176
4373 172
4461 168
4548 164
4161 602.968
4160 598.968
4162 606.968
4072 601.968
4216 454.968
4215 450.968
4214 446.968
4213 442.968
4120 438.968
4203 423.968
4249 586.968
4248 582.968
4247 578.968
4251 594.968
4250 590.968
4253 602.968
4252 598.968
4255 610.968
4254 606.968
4241 554.968
4243 562.968
4242 558.968
4244 566.968
4246 574.968
4233 522.968
4232 518.968
4231 514.968
4235 530.968
4234 526.968
4237 538.968
4236 534.968
4224 486.968
4227 498.968
4226 494.968
4225 490.968
4229 506.968
4228 502.968
4230 510.968
4280 176
4370 172
4458 168
4282 176
4372 172
4460 168
4287 184
4377 180
4376 176
4464 172
4273 176
4363 172
4278 176
4368 172
4265 197
4264 201
4266 193
4256 614.968
4163 610.968
4073 605.968
4263 205
4262 638.968
4169 634.968
4079 629.968
4078 625.968
4077 621.968
3987 617.968
3898 613.968
3810 609.968
3722 604.968
3721 600.968
3720 596.968
3719 592.968
3635 588.968
3549 584.968
4317 494.968
4316 490.968
4319 502.968
4318 498.968
4305 446.968
4304 442.968
4303 438.968
4302 434.968
4289 228.968
4380 224.968
4295 427.968
4294 427.968
4345 606.968
4344 602.968
4347 614.968
4346 610.968
4348 618.968
4336 570.968
4339 582.968
4341 590.968
4340 586.968
4343 598.968
4342 594.968
4329 542.968
4328 538.968
4327 534.968
4326 530.968
4333 558.968
4335 566.968
4334 562.968
4320 506.968
4323 518.968
4325 526.968
4324 522.968
4374 172
4361 172
4450 168
4538 164
4624 160
4706 156
4794 152
4880 148
4964 144
5047 140
5129 136
5208 132
5295 128
5387 124
5478 120
5563 116
5639 112
5718 108
5793 104
5867 100
4355 203
4354 207
4357 180
4409 499.968
4408 495.968
4411 507.968
4410 503.968
4413 515.968
4321 510.968
4412 511.968
4415 523.968
4414 519.968
4322 514.968
4395 443.968
4394 439.968
4387 431.968
4296 427.968
4205 423.968
4388 431.968
4297 427.968
4206 423.968
4113 419.968
4441 627.968
4349 622.968
4440 623.968
4442 631.968
4350 626.968
4445 207
4444 639.968
4352 634.968
4260 630.968
4167 626.968
4447 180
4433 595.968
4432 591.968
4435 603.968
4434 599.968
4437 611.968
4436 607.968
4438 615.968
4429 579.968
4431 587.968
4417 531.968
4416 527.968
4419 539.968
4418 535.968
4421 547.968
4420 543.968
4465 176
4462 168
4549 164
4634 160
4716 156
4453 168
4505 531.968
4504 527.968
4503 523.968
4507 539.968
4506 535.968
4508 543.968
4497 499.968
4499 507.968
4498 503.968
4501 515.968
4500 511.968
4502 519.968
4488 463.968
4399 459.968
4307 454.968
4306 450.968
4485 451.968
4396 447.968
4484 447.968
4487 459.968
4486 455.968
4529 627.968
4528 623.968
4527 619.968
4531 635.968
4530 631.968
4533 211
4532 639.968
4534 215
4523 603.968
4522 599.968
4525 611.968
4524 607.968
4526 615.968
4571 451.968
4570 447.968
4573 459.968
4572 455.968
4575 467.968
4574 463.968
4553 172
4638 168
4720 164
4807 160
4892 156
4976 152
4552 172
4637 168
4719 164
4806 160
4891 156
4975 152
4554 176
4546 164
4631 160
4713 156
4800 152
4885 148
4969 144
4551 168
4636 164
4718 160
4805 156
4890 152
4974 148
4593 539.968
4592 535.968
4595 547.968
4594 543.968
4596 551.968
4509 547.968
4587 515.968
4586 511.968
4589 523.968
4591 531.968
4590 527.968
4576 471.968
4489 467.968
4632 160
4714 156
4801 152
4886 148
4970 144
5054 140
5135 136
5214 132
5302 128
4639 172
4617 635.968
4619 215
4618 639.968
4621 161
4609 603.968
4611 611.968
4610 607.968
4613 619.968
4612 615.968
4615 627.968
4614 623.968
4657 455.968
4656 451.968
4659 463.968
4658 459.968
4660 467.968
4642 184
4724 180
4723 176
4722 172
4721 168
4808 164
4697 615.968
4699 623.968
4698 619.968
4701 631.968
4700 627.968
4702 635.968
4681 551.968
4680 547.968
4683 559.968
4597 555.968
4510 551.968
4682 555.968
4684 563.968
4674 523.968
4673 519.968
4672 515.968
4677 535.968
4676 531.968
4675 527.968
4679 543.968
4678 539.968
4730 207
4763 528.968
4765 536.968
4767 544.968
4766 540.968
4747 464.968
4746 460.968
4749 472.968
4748 468.968
4750 476.968
4661 471.968
4785 616.968
4696 611.968
4787 624.968
4786 620.968
4789 632.968
4788 628.968
4791 640.968
4790 636.968
4769 552.968
4768 548.968
4771 560.968
4772 564.968
4817 200
4816 196
4901 192
4900 188
4984 184
4983 180
4982 176
4818 204
4903 200
4902 196
4809 168
4811 176
4810 172
4815 192
4802 152
4887 148
4971 144
4860 572.968
4859 568.968
4863 584.968
4862 580.968
4861 576.968
4774 572.968
4685 567.968
4599 563.968
4598 559.968
4853 544.968
4852 540.968
4851 536.968
4764 532.968
4855 552.968
4854 548.968
4843 504.968
4756 500.968
4667 495.968
4666 491.968
4580 487.968
4579 483.968
4578 479.968
4491 475.968
4402 471.968
4310 466.968
4218 462.968
4125 458.968
4035 453.968
4835 472.968
4834 468.968
4839 488.968
4838 484.968
4837 480.968
4893 160
4895 168
4894 164
4883 148
4967 144
5050 140
5132 136
5211 132
5298 128
5390 124
5481 120
5566 116
5643 112
4873 624.968
4872 620.968
4875 632.968
4874 628.968
4877 640.968
4876 636.968
4879 148
4963 144
4865 592.968
4778 588.968
4689 583.968
4688 579.968
4602 575.968
4515 571.968
4426 567.968
4864 588.968
4918 468.968
4917 464.968
4832 460.968
4745 456.968
4896 172
4899 184
4898 180
4957 624.968
4959 632.968
4958 628.968
4945 576.968
4944 572.968
4943 568.968
4858 564.968
4947 584.968
4946 580.968
4949 592.968
4948 588.968
4950 596.968
4937 544.968
4936 540.968
4935 536.968
4850 532.968
4849 528.968
4848 524.968
4761 520.968
4939 552.968
4938 548.968
4940 556.968
4942 564.968
4941 560.968
4985 188
4986 192
4961 640.968
4960 636.968
5020 545.968
5022 553.968
5011 509.968
4927 504.968
4842 500.968
4755 496.968
5015 525.968
4931 520.968
4846 516.968
4759 512.968
4670 507.968
4584 503.968
5051 140
5053 140
5055 140
5041 629.968
5040 625.968
4956 620.968
5043 637.968
5042 633.968
5045 140
5044 641.968
5033 597.968
5032 593.968
5027 573.968
5026 569.968
5031 589.968
5030 585.968
5065 172
5064 168
5063 164
5144 160
5223 156
5222 152
5309 148
5400 144
5399 140
5398 136
5488 132
5573 128
5649 124
5728 120
5057 144
5061 156
5062 160
5113 593.968
5112 589.968
5111 585.968
5029 581.968
5101 545.968
5100 541.968
5018 537.968
4934 532.968
4933 528.968
5102 549.968
5093 513.968
5094 517.968
5145 164
5136 136
5215 132
5139 144
5218 140
5305 136
5396 132
5486 128
5571 124
5647 120
5726 116
5801 112
5875 108
5138 140
5141 148
5220 144
5307 140
5143 156
5142 152
5221 148
5308 144
5128 136
5207 132
5131 136
5210 132
5133 136
5212 132
5123 633.968
5122 629.968
5125 641.968
5124 637.968
5126 645.968
5176 529.968
5175 525.968
5095 521.968
5013 517.968
4929 512.968
4928 508.968
5203 637.968
5202 633.968
5205 645.968
5204 641.968
5193 597.968
5192 593.968
5191 589.968
5194 601.968
5114 597.968
5224 160
5311 156
5217 136
5304 132
5275 598.968
5274 594.968
5276 602.968
5310 152
5296 128
5301 128
5393 124
5294 128
5385 124
5476 120
5561 116
5638 112
5717 108
5792 104
5287 646.968
5361 594.968
5273 590.968
5190 585.968
5110 581.968
5109 577.968
5108 573.968
5401 148
5392 124
5395 128
5386 124
5477 120
5562 116
5380 124
5382 124
5473 120
5558 116
5634 112
5714 108
5789 104
5864 100
5939 96
6019 92
6099 88
6176 84
5465 646.968
5464 642.968
5463 638.968
5462 634.968
5370 630.968
5282 626.968
5199 621.968
5119 617.968
5118 613.968
5036 609.968
4952 604.968
4867 600.968
4866 596.968
5489 136
5574 132
5650 128
5491 144
5490 140
5493 152
5483 120
5568 116
5485 124
5472 120
5557 116
5554 116
5631 112
5711 108
5786 104
5861 100
5936 96
6016 92
6096 88
6174 84
6249 80
6326 76
5585 173.893
5661 169.893
5740 165.893
5815 161.893
5889 157.893
5962 153.893
6042 149.893
6122 145.893
6199 141.893
6273 137.893
6350 133.893
6428 129.893
5579 152
5655 148
5654 144
5733 140
5808 136
5807 132
5881 128
5880 124
5879 120
5878 116
5951 112
6031 108
6111 104
6110 100
5580 156
5656 152
5735 148
5810 144
5809 140
5570 120
5646 116
5575 136
5626 647.968
5549 642.968
5657 156
5659 164
5658 160
5737 156
5736 152
5660 166.893
5739 162.893
5814 158.893
5888 154.893
5961 150.893
6041 146.893
6121 142.893
6198 138.893
6272 134.893
6349 130.893
6427 126.893
6509 122.893
5662 173.893
5741 169.893
5816 165.893
5890 161.893
5963 157.893
6043 153.893
6123 149.893
6200 145.893
6274 141.893
6351 137.893
5651 132
5695 607.968
5615 603.968
5538 598.968
5537 594.968
5536 590.968
5535 586.968
5534 582.968
5533 578.968
5532 574.968
5531 570.968
5530 566.968
5529 562.968
5528 558.968
5527 554.968
5526 550.968
5525 546.968
5524 542.968
5438 538.968
5346 534.968
5345 530.968
5257 526.968
5174 521.968
5173 517.968
5172 513.968
5171 509.968
5170 505.968
5169 501.968
5168 497.968
5167 493.968
5166 489.968
5086 485.968
5085 481.968
5003 477.968
4919 472.968
5725 112
5738 160
5729 124
5730 128
5734 144
5811 148
5813 156
5887 152
5960 148
6040 144
6120 140
6119 136
6118 132
6117 128
6116 124
6115 120
6114 116
6113 112
6112 108
5812 152
5800 108
5883 136
5956 132
5955 128
6035 124
5882 132
5885 144
5884 140
5886 148
5874 108
5877 112
5863 100
5950 108
6030 104
5953 120
5952 116
5954 124
5957 136
5959 144
5958 140
6001 232.956
6082 227.956
6158 223.956
6233 219.956
6308 214.956
6309 210.956
6310 206.956
6311 202.956
6312 198.956
6000 652.968
5999 648.968
5998 644.968
5997 640.968
5924 636.968
5850 632.968
5775 627.968
5699 623.968
5698 619.968
5697 615.968
5617 611.968
5540 606.968
5539 602.968
5453 598.968
6003 224.956
6084 219.956
6160 215.956
6235 211.956
6002 228.956
6083 223.956
6159 219.956
6234 215.956
6004 220.956
6085 215.956
6161 211.956
6033 116
6032 112
6034 120
6037 132
6036 128
6039 140
6038 136
6027 92
6107 88
6081 231.956
6157 227.956
6155 653.968
6079 648.968
6156 231.956
6231 227.956
6306 222.956
6307 218.956
6193 120
6192 116
6191 112
6190 108
6264 104
6341 100
6419 96
6501 92
6583 88
6662 84
6661 80
6739 76
6738 72
6737 68
6736 64
6735 60
6810 56
6881 52
6951 48
7025 44
7096 40
7166 36
7232 32
6195 128
6269 124
6268 120
6345 116
6344 112
6343 108
6342 104
6194 124
6197 136
6196 132
6187 96
6189 104
6263 100
6340 96
6339 92
6338 88
6416 84
6498 80
6580 76
6659 72
6658 68
6188 100
6262 96
6232 223.956
6237 203.956
6236 207.956
6230 653.968
6154 649.968
6078 644.968
6265 108
6267 116
6266 112
6271 132
6348 128
6426 124
6508 120
6590 116
6669 112
6747 108
6270 128
6261 92
6241 83
6319 78
6398 74
6481 70
6564 66
6247 81
6324 77
6402 73
6484 69
6566 65
6645 61
6724 57
6800 53
6871 49
6943 45
6305 226.956
6347 124
6346 120
6393 179.956
6394 175.956
6392 183.956
6385 211.956
6386 207.956
6387 203.956
6388 199.956
6389 195.956
6390 191.956
6391 187.956
6384 215.956
6381 227.956
6382 223.956
6383 219.956
6380 654.968
6303 649.968
6302 645.968
6227 641.968
6226 637.968
6150 633.968
6074 628.968
6073 624.968
6072 620.968
5991 616.968
5990 612.968
5989 608.968
5916 604.968
5842 600.968
5767 595.968
5766 591.968
5765 587.968
5689 583.968
5609 579.968
6425 120
6424 116
6423 112
6422 108
6421 104
6503 100
6502 96
6417 88
6418 92
6500 88
6499 84
6581 80
6660 76
6420 100
6409 72
6492 68
6575 64
6654 60
6732 56
6412 72
6415 80
6497 76
6579 72
6401 73
6483 69
6459 224.956
6540 220.956
6620 215.956
6621 211.956
6622 207.956
6623 203.956
6624 199.956
6702 195.956
6703 191.956
6704 187.956
6705 183.956
6706 179.956
6707 175.956
6783 171.956
6856 166.956
6857 162.956
6858 158.956
6859 154.956
6860 150.956
6932 146.956
6933 142.956
7009 138.956
7080 133.956
7149 129.956
7214 125.956
7215 121.956
7216 117.956
6458 228.956
6539 224.956
6619 219.956
6461 216.956
6462 212.956
6463 208.956
6464 204.956
6545 200.956
6625 195.956
6460 220.956
6541 216.956
6473 168.956
6554 164.956
6634 159.956
6472 172.956
6553 168.956
6633 163.956
6711 159.956
6477 155.956
6558 151.956
6638 146.956
6716 142.956
6792 138.956
6865 133.956
6937 129.956
7013 125.956
6476 156.956
6557 152.956
6478 154.956
6559 150.956
6639 145.956
6717 141.956
6793 137.956
6866 132.956
6938 128.956
6465 200.956
6546 196.956
6626 191.956
6467 192.956
6468 188.956
6549 184.956
6629 179.956
6466 196.956
6469 184.956
6550 180.956
6630 175.956
6708 171.956
6709 167.956
6710 163.956
6471 176.956
6552 172.956
6632 167.956
6470 180.956
6551 176.956
6631 171.956
6505 108
6587 104
6666 100
6665 96
6664 92
6663 88
6504 104
6507 116
6589 112
6668 108
6667 104
6745 100
6744 96
6743 92
6818 88
6506 112
6544 204.956
6547 192.956
6627 187.956
6548 188.956
6628 183.956
6543 208.956
6542 212.956
6585 96
6584 92
6586 100
6588 108
6582 84
6560 149.956
6640 144.956
6718 140.956
6618 223.956
6696 219.956
6697 215.956
6773 211.956
6846 206.956
6847 202.956
6848 198.956
6920 194.956
6996 190.956
7067 185.956
7136 181.956
7137 177.956
7138 173.956
7139 169.956
7204 165.956
7205 161.956
7206 157.956
7273 153.956
7341 148.956
7342 144.956
7411 140.956
7412 136.956
7413 132.956
7414 128.956
7415 124.956
7416 120.956
7417 116.956
7418 112.956
6651 60
6699 207.956
6775 203.956
6698 211.956
6701 199.956
6777 195.956
6850 190.956
6851 186.956
6852 182.956
6853 178.956
6854 174.956
6926 170.956
6927 166.956
6928 162.956
6929 158.956
6930 154.956
7006 150.956
7077 145.956
7078 141.956
7079 137.956
6700 203.956
6776 199.956
6849 194.956
6921 190.956
6997 186.956
7068 181.956
6695 223.956
6746 104
6741 84
6740 80
6742 88
6817 84
6888 80
6887 76
6886 72
6885 68
6884 64
6954 60
7028 56
7099 52
7169 48
7168 44
7167 40
7233 36
6779 187.956
6778 191.956
6781 179.956
6780 183.956
6782 175.956
6855 170.956
6771 219.956
6844 214.956
6845 210.956
6917 206.956
6918 202.956
6994 198.956
7065 193.956
7134 189.956
7135 185.956
6770 659.968
6769 655.968
6693 651.968
6615 646.968
6614 642.968
6534 638.968
6452 634.968
6451 630.968
6450 626.968
6449 622.968
6371 618.968
6294 613.968
6293 609.968
6218 605.968
6142 601.968
6066 596.968
6065 592.968
5984 588.968
5983 584.968
5910 580.968
5836 576.968
5761 571.968
5685 567.968
5684 563.968
5683 559.968
5603 555.968
6772 215.956
6774 207.956
6811 60
6813 68
6812 64
6883 60
6882 56
6815 76
6814 72
6785 163.956
6784 167.956
6787 155.956
6786 159.956
6789 147.956
6862 142.956
6863 138.956
6788 151.956
6861 146.956
6790 143.956
6843 218.956
6816 80
6819 92
6910 277.956
6893 100
6940 47
7017 43
7088 38
7158 34
7224 30
7291 26
7361 21
7430 17
7497 13
6931 150.956
7007 146.956
6935 134.956
7011 130.956
7082 125.956
6934 138.956
6923 182.956
6924 178.956
6925 174.956
7001 170.956
7072 165.956
7073 161.956
7074 157.956
7075 153.956
7076 149.956
6922 186.956
6998 182.956
7069 177.956
6915 214.956
6991 210.956
7062 205.956
7063 201.956
7064 197.956
7133 193.956
6914 218.956
6916 210.956
6919 198.956
6995 194.956
7066 189.956
6953 56
7027 52
7098 48
6952 52
7026 48
7097 44
6957 72
6956 68
7030 64
6958 76
7000 174.956
7071 169.956
7002 166.956
7005 154.956
7004 158.956
6993 202.956
6992 206.956
6999 178.956
7070 173.956
6985 242.956
7054 237.956
7055 233.956
7124 229.956
7125 225.956
7190 221.956
7257 217.956
6984 246.956
7053 241.956
6987 234.956
7056 229.956
6986 238.956
6989 218.956
7060 213.956
7061 209.956
6988 230.956
7057 225.956
7058 221.956
7059 217.956
6990 214.956
6977 274.956
7046 269.956
7115 265.956
7116 261.956
7181 257.956
7182 253.956
7249 249.956
7317 244.956
7386 240.956
7387 236.956
7388 232.956
7454 228.956
7455 224.956
7456 220.956
7457 216.956
7458 212.956
7459 208.956
7460 204.956
7461 200.956
7462 196.956
6976 278.956
7045 273.956
7114 269.956
6979 266.956
7048 261.956
7049 257.956
7118 253.956
7119 249.956
7120 245.956
6978 270.956
7047 265.956
6981 258.956
7050 253.956
6980 262.956
6983 250.956
7032 72
7034 80
7029 60
7100 56
7170 52
7031 68
7016 47
7087 42
7008 142.956
7010 134.956
7081 129.956
7044 277.956
7113 273.956
7085 50
7155 46
7156 42
7222 38
7289 34
7359 29
7360 25
7429 21
7086 46
7129 209.956
7194 205.956
7261 201.956
7329 196.956
7398 192.956
7128 213.956
7193 209.956
7131 201.956
7132 197.956
7130 205.956
7123 233.956
7127 217.956
7126 221.956
7112 277.956
7117 257.956
7105 76
7162 32
7227 28
7294 24
7363 20
7432 16
7499 12
7570 8
7164 32
7157 38
7223 34
7145 145.956
7210 141.956
7211 137.956
7212 133.956
7279 129.956
7347 124.956
7144 149.956
7209 145.956
7276 141.956
7344 136.956
7147 137.956
7148 133.956
7146 141.956
7151 121.956
7150 125.956
7141 161.956
7140 165.956
7143 153.956
7208 149.956
7142 157.956
7192 213.956
7195 201.956
7262 197.956
7330 192.956
7331 188.956
7332 184.956
7333 180.956
7334 176.956
7335 172.956
7336 168.956
7405 164.956
7406 160.956
7407 156.956
7408 152.956
7197 193.956
7198 189.956
7265 185.956
7196 197.956
7263 193.956
7199 185.956
7266 181.956
7185 241.956
7252 237.956
7320 232.956
7321 228.956
7322 224.956
7323 220.956
7392 216.956
7393 212.956
7394 208.956
7184 245.956
7251 241.956
7319 236.956
7186 237.956
7191 217.956
7258 213.956
7177 273.956
7178 269.956
7245 265.956
7313 260.956
7314 256.956
7315 252.956
7384 248.956
7450 244.956
7451 240.956
7452 236.956
7453 232.956
7176 76
7175 72
7174 68
7240 64
7239 60
7305 56
7374 52
7373 48
7441 44
7507 40
7578 36
7577 32
7576 28
7575 24
7648 20
7179 265.956
7246 261.956
7180 261.956
7247 257.956
7183 249.956
7250 245.956
7318 240.956
7173 64
7172 60
7229 28
7295 24
7364 20
7228 28
7219 50
7286 46
7356 41
7425 37
7492 33
7221 42
7288 38
7358 33
7427 29
7494 25
7566 20
7567 16
7641 12
7220 46
7213 129.956
7280 125.956
7348 120.956
7201 177.956
7268 173.956
7200 181.956
7203 169.956
7202 173.956
7269 169.956
7337 164.956
7207 153.956
7274 149.956
7259 209.956
7260 205.956
7248 253.956
7316 248.956
7241 68
7307 64
7376 60
7375 56
7243 273.956
7311 268.956
7380 264.956
7446 260.956
7447 256.956
7448 252.956
7449 248.956
7242 72
7308 68
7244 269.956
7312 264.956
7235 44
7301 40
7300 36
7299 32
7234 40
7236 48
7238 56
7290 30
7281 121.956
7349 116.956
7283 113.956
7351 108.956
7420 104.956
7282 117.956
7350 112.956
7419 108.956
7287 42
7357 37
7272 157.956
7340 152.956
7275 145.956
7343 140.956
7277 137.956
7345 132.956
7278 133.956
7346 128.956
7264 189.956
7267 177.956
7271 161.956
7339 156.956
7270 165.956
7338 160.956
7304 52
7306 60
7310 272.956
7379 268.956
7298 28
7302 44
7353 104
7555 92
7354 49
7422 49
7489 45
7561 40
7635 36
7708 32
7409 148.956
7410 144.956
7401 180.956
7400 184.956
7403 172.956
7402 176.956
7404 168.956
7395 204.956
7396 200.956
7399 188.956
7440 40
7439 36
7438 32
7437 28
7503 24
7502 20
7573 16
7572 12
7645 8
7442 48
7433 16
7436 24
7426 33
7428 25
7513 260
7514 256
7515 252
7516 248
7517 244
7518 240
7519 236
7520 232
7521 228
7522 224
7523 220
7524 216
7525 212
7526 208
7527 204
7528 200
7529 196
7530 192
7531 188
7532 184
7533 180
7534 176
7535 172
7536 168
7537 164
7538 160
7539 156
7540 152
7541 148
7542 144
7543 140
7544 136
7545 132
7546 128
7547 124
7548 120
7549 116
7550 112
7551 108
7552 104
7553 100
7554 96
7505 32
7504 28
7506 36
7509 48
7580 44
7579 40
7496 17
7568 12
7501 16
7493 29
7565 24
7639 20
7495 21
7582 269
7583 265
7584 261
7657 257
7730 253
7804 248
7805 244
7806 240
7574 20
7560 44
7634 40
7559 48
7633 44
7609 161
7682 157
7683 153
7684 149
7685 145
7686 141
7759 137
7833 132
7834 128
7608 165
7681 161
7754 157
7828 152
7829 148
7611 153
7610 157
7613 145
7612 149
7615 137
7616 133
7617 129
7618 125
7619 121
7620 117
7621 113
7622 109
7695 105
7768 101
7842 96
7843 92
7844 88
7845 84
7846 80
7614 141
7603 185
7676 181
7677 177
7678 173
7679 169
7680 165
7605 177
7604 181
7607 169
7606 173
7592 229
7593 225
7594 221
7667 217
7740 213
7814 208
7815 204
7816 200
7640 16
7642 8
7647 16
7646 12
7637 28
7625 97
7698 93
7699 89
7700 85
7773 81
7847 76
7848 72
7849 68
7624 101
7697 97
7627 89
7626 93
7629 81
7630 77
7703 73
7776 69
7850 64
7628 85
7623 105
7696 101
7654 44
7653 40
7652 36
7724 32
7723 28
7707 36
7706 40
7701 81
7774 77
7702 77
7689 129
7690 125
7691 121
7764 117
7838 112
7839 108
7688 133
7761 129
7835 124
7836 120
7837 116
7693 113
7766 109
7840 104
7692 117
7765 113
7694 109
7687 137
7760 133
7769 97
7771 89
7770 93
7772 85
7775 73
7763 121
7762 125
7767 105
7841 100
7753 161
7827 156
7752 165
7826 160
7755 153
7757 145
7831 140
7832 136
7756 149
7830 144
7758 141
7751 169
7825 164
7793 16
7792 12
7791 8
7785 20
7787 12
7786 16
7788 8
7779 44
7778 61
7865 13
7866 17
7871 37.255
10012 35.408
7857 28
7856 32
7858 24
7854 40
7929 36
7930 32
7931 28
7933 20
7941 25
7940 21
7942 29
7868 25
7794 20
7993 64
7994 60
7992 68
7999 40
8000 36
7985 96
7986 92
7987 88
7988 84
7989 80
7990 76
7991 72
7984 100
7977 128
7978 124
7979 120
7980 116
7981 112
7976 132
7983 104
7971 152
7972 148
7973 144
7974 140
7975 136
8013 36.338
8012 32.338
10115 28.057
8001 32
8003 24
8006 16
8061 44
8062 40
8073 25
8072 21
8009 17
8074 32.351
10077 29.229
8065 28
8121 44
8120 48
8123 36
