 key  value
8122 431.968
8123 427.968
8124 423.968
8125 419.968
8066 415.968
8067 411.968
8005 407.968
8006 403.968
8007 399.968
8008 395.968
8009 391.968
8010 387.968
8011 383.968
7942 376.968
7869 372.968
7796 368.968
7723 364.968
7724 360.968
7725 356.968
7653 352.968
7580 348.968
7509 344.968
7443 340.968
7375 336.968
7306 332.968
7240 328.968
7174 324.968
7104 320.968
7033 316.968
6959 312.968
6889 308.968
6818 304.968
6743 300.968
6665 296.968
6586 292.968
6504 288.968
6422 284.968
6344 280.968
6267 276.968
6193 272.968
6116 268.968
6036 264.968
5956 260.968
5883 256.968
5809 252.968
5734 248.968
5655 244.968
5579 240.968
5494 236.968
5404 232.968
5313 228.968
5226 224.968
5147 220.968
5066 216.968
4983 212.968
4899 208.968
4814 204.968
4727 197.968
4728 193.968
4729 189.968
9898 185.451
4643 180
4557 176
4470 172
4380 168
4289 164
4196 160
4105 156
4016 152
3928 148
3839 144
3750 140
3665 136
3582 132
3497 128
3409 124
3319 120
3225 116
3133 112
3043 108
2940 104
2941 100
2942 96
2943 92
2843 88
2755 84
2667 80
2668 76
2582 72
2497 68
2413 64
2328 60
2241 56
2242 52
2243 48
2244 44
2245 40
2246 36
2247 32
2248 28
2249 24
2164 20
2165 16
2166 12
2167 8
2168 4
8127 411.968
8128 407.968
8129 403.968
8070 399.968
8071 395.968
8072 391.968
8073 387.968
8126 415.968
8113 467.968
8054 463.968
8055 459.968
7993 455.968
7994 451.968
7995 447.968
7996 443.968
7997 439.968
7998 435.968
7999 431.968
8000 427.968
8001 423.968
8002 419.968
8003 415.968
8004 411.968
8112 471.968
8053 467.968
8115 459.968
8056 455.968
8114 463.968
8117 451.968
8118 447.968
8119 443.968
8060 439.968
8061 435.968
8062 431.968
8116 455.968
8057 451.968
8105 499.968
8046 495.968
8047 491.968
7985 487.968
7986 483.968
7987 479.968
7988 475.968
7989 471.968
7990 467.968
7991 463.968
7992 459.968
8104 503.968
8045 499.968
8107 491.968
8048 487.968
8049 483.968
8106 495.968
8109 483.968
8050 479.968
8108 487.968
8111 475.968
8052 471.968
8110 479.968
8051 475.968
8097 531.968
8038 527.968
8039 523.968
7977 519.968
7978 515.968
7979 511.968
7980 507.968
7981 503.968
7982 499.968
7983 495.968
7984 491.968
8096 535.968
8037 531.968
8099 523.968
8100 519.968
8041 515.968
8042 511.968
8043 507.968
8044 503.968
8098 527.968
8101 515.968
8103 507.968
8102 511.968
8155 531.968
8157 523.968
8156 527.968
8159 515.968
8160 511.968
8158 519.968
8136 607.968
8137 603.968
8138 599.968
8139 595.968
8140 591.968
8141 587.968
8142 583.968
8085 579.968
8026 575.968
8027 571.968
8028 567.968
8029 563.968
7967 559.968
7968 555.968
7969 551.968
7970 547.968
7971 543.968
7972 539.968
7973 535.968
7974 531.968
7975 527.968
7976 523.968
8185 411.968
8184 415.968
8177 443.968
8178 439.968
8121 435.968
8176 447.968
8179 435.968
8180 431.968
8181 427.968
8183 419.968
8182 423.968
8169 475.968
8168 479.968
8171 467.968
8172 463.968
8170 471.968
8173 459.968
8174 455.968
8175 451.968
8161 507.968
8163 499.968
8164 495.968
8162 503.968
8165 491.968
8166 487.968
8167 483.968
8217 515.968
8216 519.968
8219 507.968
8220 503.968
8221 499.968
8218 511.968
8223 491.968
8222 495.968
8215 523.968
8214 527.968
8241 419.968
8240 423.968
8242 415.968
8243 411.968
8244 407.968
8245 403.968
8188 399.968
8131 395.968
8132 391.968
8233 451.968
8234 447.968
8232 455.968
8235 443.968
8237 435.968
8238 431.968
8236 439.968
8239 427.968
8225 483.968
8224 487.968
8227 475.968
8228 471.968
8226 479.968
8229 467.968
8230 463.968
8231 459.968
8281 475.968
8280 479.968
8283 467.968
8282 471.968
8285 459.968
8284 463.968
8287 451.968
8286 455.968
8273 507.968
8272 511.968
8275 499.968
8274 503.968
8277 491.968
8276 495.968
8279 483.968
8278 487.968
91 199
92 195
113 191
114 187
115 183
116 179
117 175
118 171
135 159
154 152
183 148
221 144
267 139
318 135
374 131
436 126
500 122
571 118
643 113
713 109
790 105
875 100
876 96
954 92
1026 88
1096 84
1169 79
1170 75
1171 71
1172 67
1256 63
1340 59
1431 54
1432 50
1433 46
1530 42
1624 38
1722 33
1723 29
1724 25
1815 21
1816 17
1899 13
1988 8
2079 4
8269 523.968
93 191
94 187
8268 527.968
8271 515.968
8270 519.968
8319 523.968
8318 527.968
8298 407.968
8299 403.968
8246 399.968
8189 395.968
125 199
126 195
127 191
128 187
129 183
130 179
131 175
132 171
133 167
134 163
8289 443.968
8288 447.968
112 195
8291 435.968
8292 431.968
8293 427.968
8294 423.968
8295 419.968
8290 439.968
8344 423.968
8349 409.802
9963 407.837
110 203
111 199
8337 451.968
8336 455.968
8339 443.968
8340 439.968
8341 435.968
8338 447.968
8343 427.968
8342 431.968
8329 483.968
8330 479.968
8331 475.968
8332 471.968
8328 487.968
8333 467.968
8334 463.968
8335 459.968
8321 515.968
145 188
174 184
175 180
176 176
214 172
260 167
261 163
312 159
368 155
430 150
494 146
565 142
637 137
707 133
784 129
869 124
947 120
1019 116
1020 112
1021 108
1022 104
1092 100
1165 95
1166 91
1167 87
1168 83
1252 79
1336 75
1427 70
1428 66
1525 62
1619 58
1717 53
1808 49
1891 45
1980 40
2071 36
2161 32
2162 28
2163 24
8320 519.968
144 192
8323 507.968
147 180
148 176
149 172
178 168
216 164
262 159
263 155
314 151
370 147
432 142
496 138
497 134
498 130
569 126
641 121
711 117
788 113
873 108
874 104
8322 511.968
146 184
8325 499.968
8324 503.968
8327 491.968
8326 495.968
150 168
151 164
152 160
153 156
8377 487.968
8378 483.968
8376 491.968
8379 479.968
8381 471.968
8382 467.968
8383 463.968
8380 475.968
143 196
8369 519.968
8368 523.968
8371 511.968
8370 515.968
8373 503.968
8374 499.968
8375 495.968
8372 507.968
177 172
179 164
180 160
181 156
219 152
265 147
266 143
317 139
373 135
435 130
499 126
570 122
642 117
173 188
172 192
8393 423.968
8394 419.968
8395 415.968
8396 411.968
8348 407.968
217 160
218 156
264 151
315 147
316 143
372 139
434 134
8385 455.968
209 192
255 187
306 183
307 179
308 175
309 171
310 167
311 163
8384 459.968
8387 447.968
8388 443.968
8389 439.968
8390 435.968
8391 431.968
211 184
257 179
258 175
8386 451.968
210 188
256 183
213 176
259 171
212 180
215 168
8441 431.968
8442 427.968
8443 423.968
8444 419.968
8445 415.968
8440 435.968
8433 463.968
8432 467.968
8435 455.968
8436 451.968
8437 447.968
8438 443.968
8439 439.968
8434 459.968
8425 495.968
8426 491.968
8427 487.968
8424 499.968
8429 479.968
8430 475.968
8431 471.968
8428 483.968
254 191
8419 519.968
8420 515.968
8421 511.968
8422 507.968
8423 503.968
8418 523.968
8473 495.968
8474 491.968
8472 499.968
8475 487.968
8477 479.968
8476 483.968
8479 471.968
8478 475.968
8467 519.968
8468 515.968
8469 511.968
8470 507.968
8471 503.968
8466 523.968
8499 579.968
8453 575.968
8406 571.968
8357 567.968
8309 563.968
8260 559.968
8207 555.968
8150 551.968
8151 547.968
8094 543.968
8095 539.968
8036 535.968
8500 575.968
8501 571.968
8502 567.968
8503 563.968
8457 559.968
8410 555.968
8411 551.968
8412 547.968
8413 543.968
8364 539.968
8365 535.968
8366 531.968
313 155
319 134
375 130
437 125
501 121
572 117
8481 463.968
8482 459.968
8483 455.968
8484 451.968
8485 447.968
8486 443.968
305 187
8480 467.968
8487 439.968
299 230
355 226
416 221
478 217
479 213
480 209
550 202
622 197
623 193
624 189
625 185
626 181
627 177
628 173
629 169
699 165
700 161
701 157
702 153
703 149
704 145
705 141
782 137
867 132
945 128
946 124
1018 120
1088 116
1161 111
1162 107
1163 103
1164 99
8529 459.968
8530 455.968
8528 463.968
8531 451.968
8533 443.968
8534 439.968
8535 435.968
8489 431.968
8490 427.968
8532 447.968
8521 491.968
8520 495.968
8523 483.968
8522 487.968
8525 475.968
8524 479.968
8527 467.968
8526 471.968
8515 515.968
8514 519.968
8517 507.968
8516 511.968
8519 499.968
8518 503.968
8569 479.968
8570 475.968
8571 471.968
8568 483.968
8573 463.968
8574 459.968
8572 467.968
8575 455.968
8561 511.968
8562 507.968
8563 503.968
8564 499.968
8560 515.968
8565 495.968
8567 487.968
8566 491.968
369 151
431 146
371 143
433 138
361 183
423 178
424 174
425 170
489 166
490 162
561 158
633 153
360 187
422 182
363 175
362 179
8605 511.968
365 167
427 162
491 158
562 154
634 149
635 145
8604 515.968
364 171
426 166
8607 503.968
367 159
429 154
8606 507.968
366 163
428 158
492 154
563 150
353 234
414 229
476 225
477 221
8589 575.968
8590 571.968
8547 567.968
8548 563.968
8549 559.968
8550 555.968
8551 551.968
8552 547.968
8553 543.968
8554 539.968
8555 535.968
8556 531.968
8512 527.968
413 233
475 229
8588 579.968
8545 575.968
412 237
8576 451.968
8577 447.968
8578 443.968
8632 571.968
8591 567.968
8631 575.968
8630 579.968
8617 463.968
8616 467.968
8619 455.968
8618 459.968
8609 495.968
8608 499.968
8611 487.968
8610 491.968
8613 479.968
8612 483.968
8615 471.968
8614 475.968
8671 575.968
8672 571.968
8673 567.968
8634 563.968
8635 559.968
8594 555.968
8670 579.968
8657 471.968
8656 475.968
8659 463.968
8660 459.968
8661 455.968
8662 451.968
8621 447.968
8658 467.968
421 186
485 182
556 178
420 190
484 186
8649 503.968
8650 499.968
8651 495.968
8652 491.968
8653 487.968
8654 483.968
473 237
474 233
8648 507.968
8655 479.968
469 253
470 249
471 245
472 241
8647 511.968
8646 515.968
8697 471.968
8698 467.968
8696 475.968
8699 463.968
8700 459.968
8701 455.968
8689 503.968
8691 495.968
8690 499.968
8693 487.968
8692 491.968
8695 479.968
8694 483.968
8686 515.968
8729 499.968
8728 503.968
488 170
8731 491.968
8730 495.968
8733 483.968
8732 487.968
8735 475.968
8736 471.968
8737 467.968
8738 463.968
8739 459.968
495 142
8734 479.968
483 190
554 186
487 174
8726 511.968
8727 507.968
486 178
557 174
537 254
609 249
610 245
611 241
612 237
613 233
614 229
615 225
616 221
617 217
618 213
619 209
620 205
621 201
539 246
538 250
541 238
540 242
543 230
542 234
8711 571.968
8712 567.968
8713 563.968
8714 559.968
8676 555.968
8677 551.968
8678 547.968
8679 543.968
8640 539.968
8641 535.968
8642 531.968
8601 527.968
8558 523.968
8559 519.968
8710 575.968
8763 511.968
8765 503.968
8764 507.968
8767 495.968
8766 499.968
8747 575.968
8746 579.968
8748 571.968
564 146
636 141
566 138
638 133
708 129
785 125
870 120
871 116
949 112
553 190
552 194
555 182
545 222
544 226
8787 575.968
547 214
8786 579.968
546 218
8788 571.968
8789 567.968
8790 563.968
8791 559.968
8792 555.968
8793 551.968
8754 547.968
8718 543.968
8680 539.968
551 198
8776 459.968
8740 455.968
8741 451.968
8703 447.968
8664 443.968
8623 439.968
8624 435.968
8581 431.968
8537 427.968
8491 423.968
605 265
606 261
607 257
608 253
8780 458.331
9950 452.669
8704 447.968
8769 487.968
8768 491.968
8771 479.968
8770 483.968
8773 471.968
8772 475.968
8775 463.968
8774 467.968
8827 575.968
8828 571.968
8816 459.968
8777 455.968
8809 487.968
8810 483.968
8808 491.968
8811 479.968
8812 475.968
8813 471.968
8814 467.968
8815 463.968
8801 519.968
8762 515.968
8800 523.968
8803 511.968
8804 507.968
8805 503.968
8806 499.968
8807 495.968
8849 487.968
8848 491.968
8851 479.968
8850 483.968
8853 471.968
8852 475.968
8854 467.968
8841 519.968
8842 515.968
8843 511.968
8845 503.968
8844 507.968
8847 495.968
8846 499.968
8890 467.96
9969 464.03
8881 503.96
8882 499.96
8883 495.96
8884 491.96
8885 487.96
8886 483.96
8887 479.96
8888 475.96
8889 471.96
8880 507.96
8877 519.96
8878 515.96
8879 511.96
689 212
690 208
691 204
692 200
693 196
694 192
695 188
696 184
697 180
688 216
681 244
682 240
683 236
684 232
685 228
686 224
687 220
8920 487.96
8921 483.96
8922 479.96
680 248
8913 515.96
8914 511.96
8915 507.96
8912 519.96
675 268
676 264
677 260
678 256
679 252
8917 499.96
8918 495.96
8916 503.96
8919 491.96
8911 523.96
8910 527.96
8876 523.96
8953 491.96
8954 487.96
8952 495.96
712 113
789 109
8945 523.96
8946 519.96
8944 527.96
8947 515.96
8949 507.96
709 125
786 121
8948 511.96
8951 499.96
8950 503.96
710 121
787 117
872 112
761 243
762 239
763 235
764 231
765 227
766 223
767 219
768 215
769 211
770 207
771 203
772 199
773 195
774 191
760 247
753 275
754 271
755 267
756 263
757 259
758 255
759 251
8985 495.96
8986 491.96
8984 499.96
8977 527.96
8978 523.96
8976 531.96
8979 519.96
8981 511.96
8980 515.96
8983 503.96
8982 507.96
8975 535.96
8974 539.96
8942 535.96
8943 531.96
9017 495.96
9016 499.96
9009 527.96
9008 531.96
9011 519.96
9012 515.96
9010 523.96
9013 511.96
9015 503.96
9014 507.96
9005 543.96
9007 535.96
8997 575.96
8966 571.96
8934 567.96
8935 563.96
8902 559.96
8903 555.96
8869 551.96
8870 547.96
8871 543.96
8872 539.96
8873 535.96
8874 531.96
8875 527.96
8998 571.96
8999 567.96
8968 563.96
8936 559.96
9041 523.96
9042 519.96
9040 527.96
9043 515.96
9045 507.96
9044 511.96
9047 499.96
9046 503.96
856 209
857 205
858 201
859 197
9037 539.96
9038 535.96
9036 543.96
9039 531.96
849 241
850 237
848 245
851 229
852 225
853 221
854 217
855 213
9029 571.96
9028 575.96
841 273
842 269
843 265
844 261
845 257
846 253
847 249
840 277
9073 511.96
9072 515.96
9075 503.96
835 297
836 293
837 289
838 285
839 281
9074 507.96
9065 543.96
9064 547.96
9067 535.96
9068 531.96
9066 539.96
9069 527.96
9071 519.96
9070 523.96
9059 567.96
9031 563.96
9032 559.96
9002 555.96
8971 551.96
8939 547.96
8906 543.96
9058 571.96
9030 567.96
9063 551.96
9113 575.96
9087 571.96
9088 567.96
9089 563.96
9061 559.96
9033 555.96
9003 551.96
8972 547.96
8973 543.96
9117 559.96
9091 555.96
9092 551.96
9119 551.96
9120 547.96
9094 543.96
9095 539.96
9096 535.96
9097 531.96
9098 527.96
9118 555.96
9104 503.96
9076 499.96
9077 495.96
9078 491.96
9050 487.96
9020 483.96
8989 479.96
8957 475.96
8924 471.96
921 293
920 297
9099 523.96
9100 519.96
923 285
922 289
9101 515.96
924 281
925 277
926 273
927 269
928 265
9103 507.96
9102 511.96
9093 547.96
9145 559.96
9146 555.96
9144 563.96
9147 551.96
9148 547.96
9149 543.96
9150 539.96
9123 535.96
9151 535.96
9152 531.96
9125 527.96
9126 523.96
9127 519.96
9128 515.96
9129 511.96
9141 575.96
9142 571.96
9143 567.96
952 100
1024 96
1025 92
9130 507.96
9131 503.96
9105 499.96
9106 495.96
9133 499.96
9107 495.96
9079 491.96
9051 487.96
9121 543.96
944 132
1016 128
1086 124
1159 119
1160 115
9122 539.96
9124 531.96
951 104
950 108
9177 535.96
9178 531.96
9179 527.96
9180 523.96
9181 519.96
9182 515.96
9183 511.96
9184 507.96
9159 503.96
9132 499.96
9176 539.96
937 224
938 220
939 216
940 212
936 228
9169 567.96
929 261
930 257
931 253
932 249
933 245
934 241
9171 559.96
9172 555.96
9173 551.96
9174 547.96
9175 543.96
9170 563.96
935 229.127
1010 225.127
1080 221.127
1153 216.127
1236 212.127
1319 208.127
1406 203.127
1502 196.127
1503 192.127
1504 188.127
1505 184.127
1599 180.127
1693 175.127
1694 171.127
1695 167.127
1696 163.127
1697 159.127
1698 155.127
1699 151.127
1700 147.127
1604 143.232
1605 139.232
1414 122
1511 118
1512 114
1606 110
1704 105
1705 101
1706 97
1707 93
1708 89
1709 85
1800 81
1883 77
1972 72
1973 68
2064 64
2154 60
2155 56
2156 52
2157 48
2158 44
2159 40
2160 36
9153 527.96
9155 519.96
9156 515.96
9157 511.96
9158 507.96
9154 523.96
9201 539.96
9200 543.96
9203 531.96
9202 535.96
9205 523.96
9204 527.96
9206 519.96
9193 571.96
9194 567.96
9195 563.96
1017 124
9197 555.96
9196 559.96
9199 547.96
9198 551.96
1009 245
1008 249
1011 224.127
1081 220.127
1015 132
1085 128
1158 123
1242 119
1243 115
1327 111
1418 106
1419 102
1516 98
1517 94
1611 90
1014 136
9241 559.96
9220 555.96
9221 551.96
9222 547.96
1001 296
1000 300
9243 551.96
1003 276
1004 272
1005 268
1006 264
9242 555.96
9245 543.96
9224 539.96
9225 535.96
9226 531.96
9227 527.96
9228 523.96
9229 519.96
9207 515.96
9244 547.96
9247 535.96
9248 531.96
1007 253
9246 539.96
9219 559.96
9223 543.96
1037 52
1104 48
1180 44
1264 40
1351 36
1441 32
1538 28
1631 24
1728 20
1818 16
1901 12
1989 8
2080 4
1027 84
1028 80
1098 76
1084 132
1157 127
1241 123
1325 119
1416 114
1417 110
1514 106
1608 102
1087 120
9249 527.96
9250 523.96
1073 280
1074 276
1075 272
1076 268
1077 253
1078 253
1097 80
1099 72
1102 63
1258 55
1342 51
1089 112
1090 108
1095 88
1145 269.127
1229 265.127
1230 261.127
1231 257.127
1232 253.127
1233 249.127
1316 245.127
1496 237.127
1590 233.127
1684 228.127
1778 224.127
1949 216.127
1866 210.127
1780 206.127
1781 202.127
1782 198.127
1783 194.127
1784 190.127
1785 186.127
1786 182.127
1787 178.127
1788 174.127
1789 170.127
1790 166.127
1791 162.127
1792 158.127
1793 154.127
1144 274
1146 263
1147 259
1143 278
1142 282
1183 44
1267 40
1353 36
1443 32
1539 28
1632 24
1729 20
1820 16
1902 12
1990 8
1182 44
1265 40
1352 36
1442 32
1173 63
1174 59
1152 220.127
1235 216.127
1318 212.127
1405 207.127
1156 131
1240 127
1324 123
1415 118
9421 2056.92
9422 1958.92
9423 1860.92
9424 1762.92
9442 1587.92
9443 1488.92
9461 1353.92
9477 1247.92
9494 1140.92
9512 1008.92
9531 901.924
9551 794.924
6006 605.924
6087 600.924
6163 596.924
6238 592.924
6313 587.924
6314 583.924
6315 579.924
6316 575.924
6317 571.924
6395 564.924
6474 557.924
6475 553.924
6556 549.924
6636 544.924
6637 540.924
6715 536.924
6791 532.924
6864 527.924
6936 523.924
7012 519.924
7083 514.924
7152 510.924
7217 506.924
7284 502.924
7352 497.924
7421 493.924
7487 489.924
9982 485.983
7556 480.968
7557 476.968
7558 472.968
7631 465.968
7704 461.968
7777 457.968
7851 452.968
7852 448.968
7925 444.968
7926 440.968
7927 436.968
7928 432.968
7855 428.968
7782 424.968
7783 420.968
7784 416.968
7785 412.968
7712 408.968
7713 404.968
7714 400.968
7715 396.968
7716 392.968
7717 388.968
7645 384.968
7572 380.968
7501 376.968
7502 372.968
7503 368.968
7504 364.968
7505 360.968
7439 356.968
7440 352.968
7372 348.968
7303 344.968
7304 340.968
7238 336.968
7172 332.968
7173 328.968
7103 324.968
7032 320.968
1245 107
1329 103
1420 98
1421 94
1518 90
1519 86
1520 82
1521 78
1522 74
1616 70
1714 65
1805 61
1806 57
1889 53
1978 48
1979 44
2070 40
9420 2154.92
1244 111
1328 107
1247 99
1248 95
1249 91
1250 87
1334 83
1425 78
1246 103
1330 99
1234 220.127
1225 282
1226 278
1224 286
1227 273.127
1228 269.127
1221 333
1220 329
1305 325
1392 321
1484 317
1485 313
1486 309
1393 302
1306 296
1223 289
9462 1317.42
9939 1227.01
9478 1209.1
9942 1120.22
9495 1101.92
1222 337
1269 44
1355 40
1445 36
1444 32
1540 28
1633 24
1730 20
1257 59
1341 55
1259 42
1346 38
1437 33
1534 29
1628 25
1726 20
1817 16
1900 12
1251 83
1335 79
1426 74
1523 70
1617 66
1715 61
1716 57
1807 53
1890 49
9493 1195.92
9511 1062.92
9530 956.924
9550 850.924
9572 721.924
5928 624.924
1253 75
1337 71
1255 67
1254 71
1338 67
1429 62
1526 58
1620 54
1718 49
1809 45
1892 41
1981 36
1982 32
1983 28
2074 24
1304 326
1307 293
1309 285.127
1310 281.127
1311 277.127
1308 289.127
9529 1055.92
9528 1154.92
9532 897.924
9525 2043.16
9544 1941.16
9563 1848.16
9586 1746.16
9607 1644.16
9629 1552.16
9630 1455.16
9631 1358.16
9984 1306.57
9609 1226.97
9610 1126.97
9611 1026.97
9612 926.968
9613 826.968
9614 726.968
7873 660.968
7800 656.968
7801 652.968
7874 648.968
7875 644.968
7876 640.968
7877 636.968
7878 632.968
7879 628.968
7880 624.968
7881 620.968
7882 616.968
7883 612.968
7884 608.968
7885 604.968
7886 600.968
7887 596.968
7888 592.968
7889 588.968
7890 584.968
7891 580.968
7892 576.968
7893 572.968
7894 568.968
7895 564.968
7896 560.968
7897 556.968
7898 552.968
7899 548.968
7900 544.968
7901 540.968
7902 536.968
7903 532.968
7904 528.968
7905 524.968
7906 520.968
7907 516.968
7908 512.968
7909 508.968
7910 504.968
7911 500.968
7912 496.968
7913 492.968
7914 488.968
7915 484.968
7916 480.968
7917 476.968
7918 472.968
7919 468.968
7920 464.968
7921 460.968
7922 456.968
7923 452.968
7924 448.968
9524 2138.16
9543 2036.16
9562 1943.16
9585 1842.16
9606 1741.16
9628 1649.16
9527 1253.92
9513 1004.92
1339 63
1430 58
1527 54
1621 50
1719 45
1810 41
1893 37
1343 47
1434 42
1435 38
1532 34
1533 30
1627 26
1725 21
9506 2239.16
9509 1258.92
9510 1160.92
1332 91
1423 86
9567 1211.92
9568 1113.92
9569 1015.92
9570 917.924
9571 819.924
9566 1309.92
1326 115
1312 273.127
1317 216.127
1404 211.127
9547 1149.92
9546 1248.92
9549 950.924
9548 1049.92
9593 718.924
6911 666.924
6912 662.924
6913 658.924
6982 647.924
7051 642.924
7120 638.924
7121 634.924
7122 630.924
7123 626.924
7124 622.924
7125 618.924
7126 614.924
7127 610.924
7192 606.924
7193 602.924
7260 598.924
7328 593.924
7397 589.924
7463 585.924
7464 581.924
7465 577.924
7466 573.924
7467 569.924
7468 565.924
7469 561.924
7470 557.924
7471 553.924
7472 549.924
7473 545.924
7474 541.924
7475 537.924
7476 533.924
7477 529.924
7478 525.924
7479 521.924
7480 517.924
7481 513.924
7482 509.924
7483 505.924
7484 501.924
7485 497.924
7486 493.924
9592 817.924
9595 467
9574 358
3392 274
3297 267
3107 252
3011 245
2908 234
2818 226
2732 221
2562 209
2477 204
2391 199
2302 191
2215 184
2214 180
2213 176
2212 172
2211 168
2210 164
2209 160
2208 156
2207 152
2206 148
2205 144
2204 140
2203 136
2202 132
2201 128
2200 124
2199 120
2198 116
2197 112
2196 108
2195 104
2194 100
2193 96
2192 92
2191 88
2190 84
2189 80
2188 76
2187 72
2186 68
2185 64
2184 60
2183 56
2182 52
2181 48
2180 44
2179 40
2178 36
2177 32
2176 28
2175 24
2174 20
2173 16
2172 12
2171 8
2170 4
9594 369
5374 295
5286 291
5203 286
5123 282
5122 278
5040 274
4956 269
4871 265
4784 261
4695 256
4694 252
4608 248
4521 244
4520 240
4519 236
4430 232
4338 227
4337 223
4245 219
4152 215
4062 210
4061 206
3971 202
3882 198
3794 194
3706 189
3622 185
3536 181
3450 176
3365 172
3271 168
3177 163
3083 159
3082 155
3081 151
3080 147
3079 143
3078 139
3077 135
3076 131
2981 127
2880 123
2791 118
2705 114
2622 110
2536 105
2535 101
2450 97
2449 93
2448 89
2362 85
2274 80
1357 48
1447 44
1446 40
1359 56
1449 52
1545 48
1638 44
1735 40
1734 36
1733 32
1732 28
1731 24
1821 20
1358 52
1448 48
1345 39
1436 34
1347 37
1438 32
1535 28
1629 24
9589 1114.92
9590 1015.92
9591 916.924
9588 1213.92
1349 36
1439 32
1536 28
1630 24
1727 20
1348 36
1350 36
1440 32
1401 268.127
1314 264.127
1315 260.127
1400 272.127
1403 240.127
1497 236.127
1591 232.127
1402 264.127
1395 297
1394 300
9573 246.004
4102 242.004
4287 234.004
4378 229.004
4468 222.004
4556 218.004
4726 206.004
9909 201.892
1397 289.127
1396 293.127
1399 276.127
1398 283.127
1391 325
1483 321
9617 471
9616 372
7111 307
7110 303
7109 299
7108 295
7038 287
7037 283
6967 276
6966 272
6965 268
6964 264
6896 257
6828 252
6755 248
6679 244
6601 239
6521 235
6439 231
6438 227
6437 223
6359 219
6282 214
6207 210
6131 206
6055 201
5974 197
5901 193
5900 189
5826 185
5751 180
5750 176
5674 172
5594 168
5517 163
5431 159
5339 155
5251 151
5168 146
5088 142
5006 138
4922 133
4837 129
4750 125
4661 120
4575 116
4488 112
4399 108
4307 103
4215 99
4122 95
4032 90
3942 86
3853 82
3765 78
3677 73
3593 69
3507 65
3421 60
3337 56
3244 52
3153 47
3061 43
2966 39
2865 35
2776 30
2687 26
2600 22
2514 17
2429 13
2343 9
2255 4
1424 82
9657 968.968
9636 865.968
9656 1065.97
9635 962.968
9658 1066.97
9661 573.756
9638 465.756
10125 451.172
9660 502
9637 394
9615 301
6824 242
6751 238
6675 234
6598 230
6518 226
6436 222
6358 218
9655 1163.97
9634 1059.97
9654 1260.97
9633 1156.97
9639 487
9681 610
9680 1073.97
9682 681.756
1499 208.127
1500 204.127
1594 200.127
1688 195.127
1689 191.127
1690 187.127
1691 183.127
1692 179.127
1498 212.127
1592 208.127
1686 203.127
1687 199.127
9677 1338.44
10128 1239.03
9679 1071.97
9678 1168.97
1491 291.127
1492 287.127
1490 297.127
1493 282.127
1494 278.127
1495 241.127
9721 1266.97
9700 1162.97
9720 1264.97
1482 333
1579 329
1580 325
1581 321
1487 306
1529 46
1528 50
1622 46
1720 41
1721 37
1812 33
1813 29
1896 25
1985 20
1986 16
2077 12
1531 38
9699 1259.97
9701 1164.97
1524 66
1513 110
1515 102
9742 1444.97
9741 1345.97
1553 80
1646 76
1743 72
1742 68
1741 64
1740 60
1739 56
1738 52
1828 48
1910 44
1998 40
1997 36
1996 32
1995 28
1994 24
2084 20
1552 76
1645 72
1555 88
1648 84
1647 80
1744 76
1554 84
1556 92
1544 44
1543 40
1542 36
1541 32
1546 52
1549 64
1548 60
1547 56
1640 52
1639 48
1551 72
1550 68
1537 28
9782 1672.97
9781 1575.97
9761 1449.97
1593 204.127
1585 307.723
1586 303.723
1587 299.723
1588 295.723
9901 294.737
1584 310
9762 1549.97
1589 237.127
9819 1741.97
9799 1638.97
9779 1537.97
9760 1447.97
9818 1740.97
9821 1747.97
9801 1643.97
9780 1539.97
9820 1744.97
9800 1640.97
9823 1363.22
9804 1266.22
9784 1169.22
9763 1056.76
9744 959.764
9723 862.764
10126 769.03
9702 684
1583 313
9822 1783.97
9802 1679.97
1582 317
1625 34
1626 30
1618 62
1623 42
9798 1661.97
9778 1559.97
9759 1469.97
9740 1367.97
1609 98
1610 94
1613 82
1711 77
1712 73
1803 69
1804 65
1887 61
1976 56
2067 52
2068 48
1612 86
1710 81
1801 77
1884 73
9844 997.274
9833 980.211
10024 945.552
9830 905.462
9871 855.121
9829 798.435
9912 761.523
9828 730.204
9927 687.736
9827 648.864
9897 633.143
1607 106
1657 120
1656 116
1753 112
1752 108
1751 104
1750 100
1749 96
1748 92
1838 88
1920 84
2008 80
2007 76
2006 72
2096 68
9835 952.134
9879 939.566
9834 1014.83
9843 980.947
1658 124
1755 120
1754 116
9836 835.24
9904 794.851
1649 88
9826 395.887
6240 383.968
6166 379.968
6167 375.968
6090 371.968
6091 367.968
6011 363.968
5932 359.968
5933 355.968
5934 351.968
5860 347.968
5786 343.968
5787 339.968
5712 335.968
5633 331.968
5557 327.968
5472 323.968
5473 319.968
5383 315.968
5292 311.968
5206 304.968
5127 300.968
5128 296.968
5129 292.968
5130 288.968
5131 284.968
5050 280.968
4967 276.968
4968 272.968
4884 268.968
4885 264.968
4800 260.968
4801 256.968
4802 252.968
4803 248.968
4804 244.968
4805 240.968
4806 236.968
4807 232.968
4808 228.968
4809 224.968
4810 220.968
4811 216.968
4812 212.968
4813 208.968
1651 96
1650 92
1747 88
1837 84
1919 80
1653 104
9831 999.111
10007 947.972
1652 100
9881 53.581
1643 64
1642 60
9885 215.566
1644 68
1635 32
1634 28
1637 40
1636 36
9866 278.646
604 269
1683 229.127
1777 225.127
1865 221.127
1685 207.127
9913 193.263
1673 329
9915 241.149
4194 238.004
1675 321
1676 317
9914 372.422
9825 363.519
5627 355.968
5628 351.968
5552 347.968
5553 343.968
5468 339.968
5378 335.968
5379 331.968
5380 327.968
5381 323.968
5382 319.968
1674 325
9917 518.848
7084 513.924
7153 509.924
7218 505.924
7285 501.924
1677 314
9916 739.66
9919 708.387
9918 226.288
1678 311.723
9905 295.939
9906 173.043
9908 88.612
3249 86
3248 82
3340 75
3423 68
3339 64
3246 60
3155 55
3154 51
9911 586.743
9910 301.442
5046 296.968
5047 292.968
5048 288.968
4965 284.968
4966 280.968
9896 77.14
3424 72
9899 311.383
2823 307.567
2824 303.567
2917 299.567
3019 295.567
3020 291.567
3021 287.567
3022 283.567
3023 279.567
3024 275.567
10073 272.251
3025 270.127
2923 266.127
2739 256.127
2740 252.127
2652 248.127
2653 244.127
2654 240.127
2567 236.127
2483 232.127
2397 228.127
2398 224.127
2399 220.127
2312 213.127
2135 205.127
2044 198.127
2045 194.127
1956 190.127
1872 186.127
1873 182.127
9900 532.737
6794 529.924
7014 517.924
9903 143.36
9902 711.224
1713 69
9893 335.499
9895 341.357
4170 334.004
4171 330.004
4172 326.004
4173 322.004
4174 318.004
4175 314.004
4268 310.004
4359 305.004
4360 301.004
4361 297.004
4362 293.004
4363 289.004
4364 285.004
4365 281.004
4366 277.004
4367 273.004
4368 269.004
4369 265.004
4370 261.004
4371 257.004
4372 253.004
4373 249.004
4374 245.004
4375 241.004
4376 237.004
4377 233.004
9894 401.589
9945 331.933
9944 180.249
1769 176
1859 172
1941 168
2029 164
2028 160
2118 156
9946 161.999
918 160
996 156
1068 152
1067 148
1133 144
1209 140
1292 136
1378 132
1468 128
1564 124
1563 120
9949 282.44
6428 273.968
6350 269.968
6273 265.968
6198 261.968
6121 257.968
6041 253.968
5960 249.968
5886 245.968
5812 241.968
5737 237.968
5658 233.968
5582 229.968
5497 225.968
5407 221.968
5316 217.968
5229 213.968
5069 205.968
4986 201.968
4902 197.968
4817 193.968
9948 450.453
8665 443.968
9951 503.155
9936 1179.7
9938 1124.62
9943 738.635
1702 133
1794 126
1879 122
1963 116
2052 112
2053 108
2054 104
2144 100
2145 96
2146 92
2147 88
2148 84
2149 80
2150 76
2151 72
2152 68
2153 64
9928 158.824
4104 158
9933 1133.01
1757 128
1756 124
1758 132
1745 80
9920 193.699
9923 102.862
2972 97.999
10101 93.112
2783 90
2698 86
2615 82
2529 77
2528 73
2527 69
2526 65
2525 61
2440 57
2354 53
2266 48
2265 44
1746 84
9924 76.454
9926 239.665
1737 48
1736 44
9976 645.544
6005 609.924
6086 604.924
6162 600.924
9979 57.307
2782 54
2693 50
2606 46
2520 41
2435 37
2349 33
2261 28
9981 2024.41
9968 530.819
9270 524.773
10129 523.492
9252 519.96
9231 515.96
9208 511.96
9971 368.932
7871 364.968
7798 360.968
9973 450.911
9972 301.337
6893 298.497
10082 295.237
6747 289.968
6668 285.968
6589 281.968
6507 277.968
6425 273.968
6347 269.968
6270 265.968
6196 261.968
6119 257.968
6039 253.968
5959 249.968
9975 54.808
3324 52
3232 48
3142 44
3051 40
2957 36
2857 32
2769 28
2681 24
2595 20
2510 16
2426 12
2341 8
2254 4
9974 400.415
9960 206.254
5070 202
4987 198
4903 194
4818 190
4730 186
9967 419.876
9966 79.815
3845 76
3757 72
3586 64
3501 60
3416 56
3332 52
3239 48
3149 44
3058 40
2963 36
2862 32
2774 28
2685 24
2598 20
2513 16
2428 12
2342 8
9952 503.986
9954 381.147
9956 168.682
5669 164
5510 156
5424 152
5332 148
5244 144
5161 139
5081 135
4999 131
4915 126
4830 122
4743 118
4654 113
4568 109
4481 105
4392 101
4300 96
4208 92
4115 88
4026 84
3936 80
3847 76
3759 72
3672 68
3588 64
3502 60
3417 56
3333 52
3240 48
3150 44
9959 459.921
10009 1218.3
10008 439.826
7853 436.968
7780 432.968
7707 428.968
7635 424.968
7636 420.968
7563 416.968
7564 412.968
7565 408.968
7494 404.968
7495 400.968
7496 396.968
7430 392.968
7362 388.968
7363 384.968
7294 380.968
7295 376.968
7296 372.968
7230 368.968
7231 364.968
7165 360.968
7095 356.968
7024 352.968
6950 348.968
6880 344.968
6809 340.968
6734 336.968
6656 332.968
6577 328.968
6495 324.968
6413 320.968
6414 316.968
6415 312.968
6337 308.968
6338 304.968
6261 300.968
6262 296.968
6188 292.968
6111 288.968
6031 284.968
5951 280.968
5878 276.968
5879 272.968
5880 268.968
5806 264.968
5731 260.968
5732 256.968
5653 252.968
5577 248.968
5578 244.968
1771 325
1770 180
1773 318
1772 321
1775 311.723
1679 307.723
1774 315.723
10005 98.018
1797 93
1798 89
1881 85
1970 80
2061 76
1819 16
9999 58.34
964 56
1811 37
1814 25
10041 342.54
2478 340.162
2734 323.567
2735 319.567
2736 315.567
2737 311.567
10040 655.21
6007 603.276
6164 593.276
6239 589.276
10043 299.51
10042 320.532
3393 318.127
3394 314.127
3395 310.127
3301 306.127
3205 302.127
3111 298.127
3112 294.127
3113 290.127
3114 286.127
3115 282.127
3116 278.127
3117 274.127
1802 73
10045 1330.64
10044 92.69
10047 439.877
10046 854.23
10033 326.8
10032 1239.87
10035 391.005
7090 389.968
7019 384.968
6943 380.968
6944 376.968
6873 372.968
6874 368.968
6803 364.968
6804 360.968
6805 356.968
6730 352.968
6652 348.968
6653 344.968
6574 340.968
6492 336.968
6410 332.968
6332 328.968
6333 324.968
6334 320.968
6335 316.968
6258 312.968
6259 308.968
6185 304.968
6108 300.968
6028 296.968
6029 292.968
6030 288.968
10034 390.938
10037 238.41
10036 283.616
10039 1982.77
1799 85
10038 274.55
10027 328.063
1861 325
10026 386.522
1850 136
1932 132
2020 128
2019 124
2109 120
10029 147.575
10028 1061.37
10031 205.349
2043 202.127
1954 198.127
1955 194.127
1871 190.127
10030 131.138
1841 100
1840 96
1922 92
1921 88
1843 108
1842 104
1845 116
1844 112
1926 108
1925 104
1924 100
1923 96
1846 120
1833 68
1915 64
2003 60
2002 56
2001 52
2000 48
1999 44
10072 262.907
3124 256.127
3031 252.127
2929 248.127
2831 244.127
2743 240.127
2655 236.127
2568 232.127
2484 228.127
1832 64
1831 60
1830 56
1829 52
10075 204.348
1953 202.127
1869 198.127
1835 76
1834 72
10074 245.891
1836 80
1839 92
10065 218.909
10064 143.742
3749 142
10067 314.908
4358 309.004
10066 218.624
10069 326.786
3478 324.126
10068 292.11
3829 290.004
3917 286.004
4006 282.004
4095 278.004
4185 274.004
4278 270.004
10071 300.221
5873 296.968
5799 292.968
5800 288.968
5725 284.968
5726 280.968
5647 276.968
5648 272.968
5649 268.968
5573 264.968
5488 260.968
5398 256.968
5399 252.968
5400 248.968
5309 244.968
5222 240.968
5223 236.968
5224 232.968
5145 228.968
5064 224.968
4981 220.968
4897 216.968
4898 212.968
10070 416.475
7286 412.968
7287 408.968
7221 404.968
7222 400.968
7223 396.968
7158 392.968
7089 388.968
10057 269.498
3580 266.029
3747 258.004
3836 254.004
3926 250.004
4014 246.004
10056 323.192
1863 318.723
1880 89
1969 84
10059 78.685
1882 81
1971 76
10061 277.861
1885 69
1974 64
2065 60
10060 253.316
2563 250.127
2394 240.127
2395 236.127
2307 232.127
2220 228.127
2130 224.127
2038 220.127
10063 550.706
6712 548.924
6713 544.924
6714 540.924
6790 536.924
6863 531.924
6935 527.924
7011 523.924
7082 518.924
7151 514.924
10062 559.178
1886 65
1975 60
10049 97.97
10048 274.714
10051 646.131
10050 113.144
2487 108
2403 104
2318 100
2231 96
2232 92
2233 88
2234 84
2235 80
2236 76
2237 72
2238 68
2239 64
10053 421.657
7354 418.968
10055 651.76
10054 57.35
1864 225.127
1948 220.127
1860 176
1862 322
1913 56
1912 52
1914 60
1917 72
2005 68
2004 64
1916 68
1918 76
1905 24
1904 20
1992 16
1991 12
2081 8
1911 48
1897 21
1898 17
1987 12
1903 16
1888 57
1977 52
1895 29
1984 24
2075 20
1894 33
1945 330
1946 326
1944 330.937
1947 322.723
1951 210.127
1952 206.127
1868 202.127
1950 214.127
1939 160
2027 156
2026 152
2025 148
2115 144
1929 120
1928 116
1927 112
1930 124
1968 88
1965 100
1966 96
1967 92
2009 84
2011 92
2010 88
2013 100
2012 96
2015 108
2014 104
2041 210.127
2042 206.127
2040 214.127
2033 334.937
2035 330
2034 334
2037 224.127
2036 326.723
2039 218.127
2024 144
2023 140
2022 136
2021 132
2017 116
2016 112
2018 120
2073 28
2072 32
2076 16
2078 8
2066 56
2069 44
2057 92
2058 88
2059 84
2060 80
2056 96
2063 68
2062 72
2055 100
2105 104
2104 100
2107 112
2106 108
2108 116
2110 124
2097 72
2099 80
2098 76
2101 88
2100 84
2103 96
2102 92
2088 36
2091 48
2090 44
2093 56
2092 52
2095 64
2094 60
2083 16
2082 12
2085 24
2086 28
2143 104
2129 228.127
2128 330.723
2131 222.127
2133 214.127
2134 210.127
2132 218.127
2125 338.937
2127 334
2126 338
2113 136
2112 132
2111 128
2225 209.127
2224 213.127
2229 104
2228 108
2230 100
2217 342
2216 342.937
2219 232.127
2218 338
2221 225.127
2222 221.127
2223 217.127
2267 52
2269 60
2268 56
2271 68
2270 64
2257 12
2256 8
2259 20
2258 16
2260 24
2251 16
2252 12
2250 20
2253 8
2281 108
2280 104
2283 116
2282 112
2285 124
2284 120
2286 128
2273 76
2272 72
2275 84
2277 92
2276 88
2279 100
2278 96
2331 48
2330 52
2333 40
2332 44
2335 32
2334 36
2321 88
2320 92
2323 80
2322 84
2325 72
2324 76
2315 112
2316 108
2317 104
2319 96
2305 342
2304 346
2306 236.127
2309 225.127
2310 221.127
2308 229.127
2311 217.127
2361 81
2360 77
2363 89
2365 97
2364 93
2367 105
2366 101
2353 49
2352 45
2264 40
2263 36
2355 57
2357 65
2356 61
2359 73
2358 69
2345 17
2344 13
2347 25
2346 21
2348 29
2337 24
2338 20
2339 16
2340 12
2336 28
2393 351.162
2479 344.162
2392 346
2396 232.127
2387 185
2299 180
2298 176
2297 172
2296 168
2295 164
2294 160
2369 113
2368 109
2371 121
2370 117
2373 129
2372 125
2375 137
2287 132
2374 133
2425 16
2424 20
2427 12
2431 21
2430 17
2419 40
2420 36
2421 32
2422 28
2423 24
2409 80
2410 76
2408 84
2401 112
2402 108
2405 96
2404 100
2407 88
2406 92
2457 125
2456 121
2455 117
2454 113
2453 109
2452 105
2459 133
2458 129
2460 137
2451 101
2441 61
2443 69
2442 65
2445 77
2444 73
2447 85
2446 81
2433 29
2432 25
2489 100
2488 104
2490 96
2491 92
2492 88
2493 84
2494 80
2495 76
2411 72
2326 68
2481 240.127
2480 244.127
2482 236.127
2485 228.127
2486 112
2523 53
2522 49
2437 45
2351 41
2512 16
2515 21
2517 29
2516 25
2519 37
2518 33
2505 36
2506 32
2507 28
2504 40
2509 20
2508 24
2511 16
2498 64
2414 60
2415 56
2503 44
2502 48
2418 44
2544 137
2537 109
2539 117
2538 113
2541 125
2540 121
2543 133
2542 129
2531 85
2530 81
2533 93
2532 89
2534 97
2585 60
2500 56
2416 52
2587 52
2586 56
2501 52
2589 44
2588 48
2591 36
2590 40
2583 68
2569 232.127
2570 233.127
2573 108
2572 112
2575 100
2574 104
2565 244.127
2566 240.127
2564 248.127
2617 90
2616 86
2619 98
2618 94
2621 106
2620 102
2623 114
2609 58
2612 70
2614 78
2601 26
2603 34
2602 30
2605 42
2604 38
2593 28
2592 32
2594 24
2597 20
2596 20
2599 21
2649 322.567
2650 318.567
2651 252.127
2625 122
2624 118
2627 130
2626 126
2629 138
2628 134
2630 142
2680 28
2683 24
2682 24
2684 24
2686 25
2673 56
2674 52
2672 60
2675 48
2677 40
2678 36
2679 32
2676 44
2671 64
2670 68
2584 64
2499 60
2657 236.127
2656 236.127
2659 112
2661 104
2662 100
2663 96
2664 92
2665 88
2666 84
2580 80
2660 108
2713 146
2712 142
2704 110
2703 106
2707 122
2706 118
2709 130
2708 126
2711 138
2710 134
2699 90
2701 98
2700 94
2702 102
2689 34
2688 30
2691 42
2690 38
2692 46
2694 54
2607 50
2521 45
2436 41
2350 37
2262 32
2745 240.127
2747 116
2748 112
2749 108
2750 104
2751 100
2752 96
2753 92
2754 88
2746 240.127
2741 248.127
2742 244.127
2733 327.567
2777 34
2779 42
2778 38
2781 50
2780 46
2768 32
2771 28
2770 28
2773 28
2772 28
2775 29
2761 60
2762 56
2763 52
2764 48
2765 44
2766 40
2767 36
2793 126
2792 122
2795 134
2794 130
2797 142
2796 138
2799 150
2798 146
2785 94
2784 90
2787 102
2786 98
2789 110
2788 106
2790 114
2840 100
2845 80
2757 76
2669 72
2835 120
2837 112
2836 116
2839 104
2838 108
2827 260.127
2829 252.127
2830 248.127
2828 256.127
2822 311.567
2915 307.567
3017 303.567
3018 299.567
2873 95
2872 94
2875 103
2874 99
2877 111
2876 107
2879 119
2878 115
2864 34
2867 43
2866 39
2869 51
2868 47
2871 59
2870 55
2856 36
2859 32
2858 32
2861 32
2860 32
2863 33
2850 60
2855 40
2854 44
2909 330.567
2910 326.567
2911 322.567
3014 315.567
3015 311.567
3016 307.567
2888 155
2881 127
2883 135
2882 131
2885 143
2884 139
2887 151
2886 147
2928 248.127
2930 248.127
2832 244.127
2744 240.127
2933 129
2834 122
2932 133
2935 124
2921 278.584
2922 274.584
2925 260.127
2926 256.127
2927 252.127
2924 264.127
2913 315.567
2914 311.567
2912 319.567
2969 51
2968 47
2967 43
2971 59
2970 55
2973 98
2975 103
2974 99
2961 36
2960 36
2962 36
2965 38
2964 37
2952 56
2953 52
2853 48
2955 44
2956 40
2959 36
2958 36
2946 80
2947 76
2948 72
2949 68
2950 64
2985 143
2984 139
2983 135
2987 151
2986 147
2989 159
2988 155
2977 111
2976 107
2979 119
2978 115
2980 123
2982 131
3033 252.127
3032 252.127
3035 137
3036 133
3034 141
3039 124
2936 120
3027 264.127
3028 260.127
3026 268.127
3013 333.567
3012 337.567
3065 59
3064 55
3063 51
3067 101.999
3066 101.999
3069 103
3068 102
3071 111
3070 107
3057 40
3056 40
3059 41
3060 42
3062 47
3049 48
3050 44
3053 40
3052 40
3055 40
3054 40
3040 120
3041 116
2938 112
2939 108
3084 163
3073 119
3072 115
3075 127
3074 123
3121 260.127
3029 256.127
3030 252.127
3120 264.127
3127 134
3037 130
2934 126
3119 268.127
3118 272.127
3109 306.127
3110 302.127
3108 310.127
3161 105.999
3160 104
3159 100
3158 96
3157 92
3163 107
3162 106
3165 115
3164 111
3167 123
3166 119
3152 46
3156 59
3145 44
3144 44
3147 44
3146 44
3148 44
3151 45
3141 48
3140 52
3143 44
3176 159
3178 167
3169 131
3168 127
3171 139
3170 135
3173 147
3172 143
3175 155
3174 151
3231 52
3219 138
3218 141
3126 137
3220 136
3128 132
3129 128
3130 124
3131 120
3209 286.127
3208 290.127
3211 278.127
3210 282.127
3213 272.127
3212 276.127
3203 310.127
3204 306.127
3207 294.127
3206 298.127
3257 112
3256 111
3259 120
3258 116
3261 128
3260 124
3263 136
3262 132
3251 94
3250 90
3253 102
3252 98
3255 110
3254 106
3241 49
3245 56
3233 48
3238 48
3272 172
3275 184
3181 179
3180 175
3086 171
2991 167
2890 163
2801 158
2800 154
2714 150
2631 146
2545 141
3265 144
3264 140
3267 152
3266 148
3269 160
3268 156
3270 164
3325 52
3305 286.127
3306 282.127
3304 290.127
3307 280.127
3309 272.127
3310 268.127
3215 264.127
3216 260.127
3122 256.127
3308 276.127
3299 314.127
3300 310.127
3298 318.127
3303 294.127
3353 124
3352 120
3355 132
3354 128
3357 140
3356 136
3359 148
3358 144
3345 95
3344 91
3343 87
3342 83
3341 79
3346 99
3349 111
3348 107
3347 103
3351 116
3350 115
3336 55
3243 51
3338 60
3335 54
3242 50
3334 53
3361 156
3360 152
3363 164
3362 160
3364 168
3419 58
3418 57
3420 59
3422 64
3408 128
3318 124
3224 120
3132 116
3042 112
3415 56
3401 286.127
3402 284.127
3403 280.127
3404 276.127
3405 272.127
3399 294.127
3400 290.127
3449 172
3448 168
3453 188
3368 184
3274 180
3441 140
3440 136
3443 148
3442 144
3445 156
3444 152
3447 164
3446 160
3433 108
3432 104
3431 100
3430 96
3429 92
3428 88
3427 84
3426 80
3425 76
3435 116
3434 112
3437 124
3436 120
3439 132
3438 128
3481 314.127
3485 298.127
3487 288.127
3488 284.127
3489 280.127
3477 328.126
3513 89
3512 85
3515 97
3514 93
3517 105
3516 101
3519 113
3518 109
3505 63
3504 62
3506 64
3509 73
3508 69
3510 77
3503 61
3492 281.127
3491 277.127
3529 153
3528 149
3531 161
3530 157
3533 169
3532 165
3535 177
3534 173
3521 121
3520 117
3523 129
3522 125
3525 137
3524 133
3527 145
3526 141
3579 270.029
3581 270.029
3561 279
3475 274
3390 269
3296 264
3202 259
3564 310.127
3483 306.127
3397 302.127
3398 298.127
3609 133
3608 129
3607 125
3611 141
3610 137
3613 149
3612 145
3615 157
3614 153
3601 101
3600 97
3603 109
3602 105
3605 117
3604 113
3606 121
3592 68
3595 77
3594 73
3597 85
3596 81
3599 93
3598 89
3589 65
3591 67
3590 66
3624 193
3623 189
3617 165
3616 161
3619 173
3618 169
3620 177
3673 69
3675 71
3674 70
3676 72
3679 81
3678 77
3671 68
3587 64
3651 302.127
3567 298.127
3486 294.127
3705 185
3621 181
3704 181
3707 193
3697 153
3696 149
3699 161
3698 157
3701 169
3700 165
3703 177
3702 173
3689 121
3688 117
3687 113
3691 129
3690 125
3693 137
3692 133
3695 145
3694 141
3681 89
3680 85
3683 97
3682 93
3685 105
3684 101
3686 109
3741 290.127
3658 285.127
3572 281.127
3742 294.127
3659 289.127
3573 285.127
3730 318.127
3648 314.127
3649 310.127
3565 306.127
3484 302.127
3733 306.127
3734 306.127
3652 302.127
3769 94
3768 90
3771 102
3770 98
3773 110
3772 106
3775 118
3774 114
3761 74
3760 73
3763 76
3762 75
3764 77
3767 86
3766 82
3753 140
3667 136
3583 132
3499 128
3411 124
3320 120
3226 116
3134 112
3044 108
3752 140
3666 136
3498 128
3410 124
3746 262.004
3748 258.004
3751 140
3793 190
3792 186
3795 198
3796 202
3708 197
3785 158
3784 154
3787 166
3786 162
3789 174
3788 170
3791 182
3790 178
3777 126
3776 122
3779 134
3778 130
3781 142
3780 138
3783 150
3782 146
3833 296.004
3921 292.004
3920 288.004
4008 284.004
4096 278.004
3835 254.004
3925 250.004
3834 300.004
3922 296.004
4010 292.004
4009 288.004
3837 254.004
3838 146
3825 292.127
3739 288.127
3657 284.127
3571 280.127
3490 276.127
3827 291.004
3916 287.004
4005 283.004
3826 292.127
3828 294.127
3819 314.127
3732 310.127
3821 300.127
3735 296.127
3736 292.127
3737 288.127
3655 284.127
3570 280.127
3865 130
3864 126
3863 122
3862 118
3861 114
3860 110
3867 138
3866 134
3869 146
3868 142
3871 154
3870 150
3857 98
3856 94
3859 106
3858 102
3849 78
3848 77
3851 80
3850 79
3852 81
3855 90
3854 86
3841 144
3840 144
3846 76
3889 226
3888 222
3800 218
3712 213
3628 209
3542 205
3456 200
3455 196
3370 192
3276 188
3182 183
3881 194
3880 190
3883 202
3885 210
3797 206
3709 201
3884 206
3887 218
3886 214
3798 210
3710 205
3626 201
3540 197
3454 192
3369 188
3873 162
3872 158
3875 170
3874 166
3877 178
3876 174
3879 186
3878 182
3929 148
3930 148
3932 83.387
3923 300.004
4011 296.004
3924 251.004
4013 247.004
3915 291.004
3914 295.004
3904 322.127
3905 318.127
3907 314.127
3909 304.127
3910 300.127
3911 296.127
3823 292.127
3961 162
3960 158
3963 170
3962 166
3965 178
3964 174
3967 186
3966 182
3953 130
3952 126
3955 138
3954 134
3957 146
3956 142
3959 154
3958 150
3945 98
3944 94
3943 90
3947 106
3946 102
3949 114
3948 110
3951 122
3950 118
3992 326.127
3993 322.127
3994 318.127
3906 314.127
3820 310.127
3977 226
3976 222
3975 218
3979 234
3978 230
3969 194
3968 190
3970 198
3973 210
3972 206
3974 214
4024 84
3934 80
4031 89
3941 85
4017 152
4019 152
4018 152
4023 84
4001 299.004
4091 294.004
4092 290.004
4182 286.004
4275 282.004
4000 300.127
3912 296.127
3824 292.127
4003 291.004
4093 286.004
4183 282.004
4276 278.004
4004 287.004
4094 282.004
4057 190
4056 186
4059 198
4058 194
4060 202
4063 214
4049 158
4048 154
4047 150
4051 166
4050 162
4053 174
4052 170
4055 182
4054 178
4041 126
4040 122
4039 118
4043 134
4042 130
4045 142
4044 138
4046 146
4033 94
4034 98
4037 110
4038 114
4065 222
4064 218
4067 230
4066 226
4069 238
4068 234
4071 246
3981 242
3980 238
4070 242
4121 94
4123 99
4112 88
4106 156
4108 156
4111 88
4022 84
3933 80
4097 266.004
4188 262.004
4281 258.004
4101 246.004
4153 219
4155 227
4154 223
4157 235
4156 231
4159 243
4158 239
4145 187
4144 183
4149 203
4148 199
4151 211
4150 207
4137 155
4136 151
4139 163
4138 159
4141 171
4140 167
4143 179
4142 175
4131 131
4130 127
4133 139
4132 135
4135 147
4134 143
4184 278.004
4277 274.004
4187 266.004
4280 262.004
4186 270.004
4189 258.004
4282 254.004
4190 254.004
4283 250.004
4177 306.004
4178 302.004
4179 298.004
4272 294.004
4180 294.004
4181 290.004
4161 251
4160 247
4162 255
4072 250
4216 103
4214 98
4203 92
4195 162
4198 160
4249 235
4248 231
4247 227
4251 243
4250 239
4253 251
4252 247
4255 259
4254 255
4241 203
4243 211
4242 207
4244 215
4246 223
4233 171
4232 167
4235 179
4234 175
4237 187
4236 183
4224 135
4227 147
4226 143
4229 155
4228 151
4231 163
4230 159
4273 290.004
4274 286.004
4279 266.004
4265 330.004
4266 326.004
4264 334.004
4256 263
4263 338.004
4262 287
4169 283
4079 278
4078 274
4077 270
3987 266
3986 262
3897 258
3809 254
3721 249
3720 245
3719 241
3635 237
3634 233
3548 229
3462 224
3461 220
3376 216
3375 212
3374 208
3373 204
3372 200
3278 196
3184 191
3183 187
4317 143
4316 139
4319 151
4318 147
4305 101
4213 97
4120 93
4030 88
3940 84
4290 164
4295 96
4204 92
4294 96
4345 255
4344 251
4343 247
4347 263
4346 259
4348 267
4336 219
4339 231
4341 239
4340 235
4342 243
4329 191
4328 187
4327 183
4333 207
4335 215
4334 211
4320 155
4323 167
4325 175
4324 171
4326 179
4355 336.004
4354 340.004
4357 313.004
4409 148
4408 144
4411 156
4410 152
4413 164
4321 159
4412 160
4415 172
4414 168
4322 163
4395 104
4303 99
4211 95
4118 91
4028 86
3938 82
4394 103
4302 98
4210 94
4117 90
4027 85
3937 81
4387 100
4296 96
4205 92
4388 100
4297 96
4206 92
4114 88
4025 84
4441 276
4349 271
4257 267
4164 263
4074 258
3984 254
3895 250
3807 246
4440 272
4442 280
4350 275
4258 271
4445 340.004
4444 288
4352 283
4260 279
4167 275
4447 313.004
4433 244
4432 240
4435 252
4434 248
4437 260
4436 256
4438 264
4429 228
4431 236
4417 180
4416 176
4419 188
4418 184
4421 196
4420 192
4465 234.004
4466 230.004
4554 226.004
4640 222.004
4641 218.004
4642 214.004
4464 238.004
4459 258.004
4547 254.004
4633 250.004
4634 246.004
4635 242.004
4636 238.004
4637 234.004
4638 230.004
4639 226.004
4461 250.004
4462 246.004
4550 242.004
4463 242.004
4449 298.004
4450 294.004
4538 290.004
4539 286.004
4540 282.004
4541 278.004
4542 274.004
4543 270.004
4629 266.004
4630 262.004
4631 258.004
4632 254.004
4448 302.004
4536 298.004
4622 294.004
4623 290.004
4624 286.004
4625 282.004
4626 278.004
4627 274.004
4628 270.004
4451 290.004
4453 282.004
4452 286.004
4455 274.004
4456 270.004
4457 266.004
4545 262.004
4505 180
4504 176
4507 188
4506 184
4508 192
4497 148
4499 156
4498 152
4501 164
4500 160
4503 172
4502 168
4485 109
4396 105
4304 100
4212 96
4119 92
4029 87
3939 83
4484 108
4487 111
4398 107
4306 102
4486 110
4397 106
4537 294.004
4529 276
4528 272
4527 268
4526 264
4531 284
4530 280
4533 344.004
4532 288
4443 284
4351 279
4534 348.004
4523 252
4522 248
4525 260
4524 256
4571 112
4570 111
4483 107
4573 114
4572 113
4553 230.004
4552 234.004
4546 258.004
4549 246.004
4548 250.004
4551 238.004
4593 188
4592 184
4595 196
4594 192
4596 200
4509 196
4587 164
4589 172
4588 168
4591 180
4590 176
4576 120
4489 116
4400 112
4308 107
4617 284
4616 280
4615 276
4619 348.004
4618 288
4621 298.004
4609 252
4611 260
4610 256
4613 268
4612 264
4614 272
4657 116
4659 118
4658 117
4660 119
4574 115
4697 264
4699 272
4698 268
4701 280
4700 276
4702 284
4681 200
4680 196
4679 192
4683 208
4682 204
4684 212
4674 172
4673 168
4677 184
4676 180
4678 188
4721 226.004
4722 222.004
4723 218.004
4724 214.004
4725 210.004
4720 230.004
4713 258.004
4714 254.004
4715 250.004
4716 246.004
4717 242.004
4718 238.004
4719 234.004
4705 290.004
4706 286.004
4707 282.004
4708 278.004
4709 274.004
4710 270.004
4711 266.004
4712 262.004
4704 294.004
4763 177
4765 185
4767 193
4766 189
4747 122
4746 121
4749 124
4748 123
4793 288.968
4794 284.968
4795 280.968
4796 276.968
4797 272.968
4798 268.968
4799 264.968
4792 292.968
4785 265
4696 260
4787 273
4786 269
4789 281
4788 277
4791 289
4790 285
4769 201
4768 197
4771 209
4772 213
4816 197.968
4815 201.968
4860 221
4859 217
4858 213
4857 209
4770 205
4863 233
4776 229
4687 224
4601 220
4514 216
4425 212
4853 193
4852 189
4855 201
4854 197
4843 153
4842 149
4841 145
4840 141
4753 137
4664 132
4578 128
4491 124
4402 120
4310 115
4309 111
4835 127
4839 137
4752 133
4663 128
4577 124
4889 248.968
4890 244.968
4891 240.968
4892 236.968
4893 232.968
4888 252.968
4895 224.968
4894 228.968
4881 280.968
4882 276.968
4883 272.968
4880 284.968
4887 256.968
4873 273
4872 269
4875 281
4874 277
4877 289
4876 285
4879 288.968
4878 292.968
4865 241
4778 237
4689 232
4688 228
4602 224
4864 237
4777 233
4918 129
4833 125
4896 220.968
4901 201.968
4900 205.968
4957 273
4959 281
4958 277
4945 225
4944 221
4943 217
4947 233
4862 229
4861 225
4946 229
4949 241
4948 237
4950 245
4937 193
4936 189
4935 185
4850 181
4849 177
4848 173
4761 169
4672 164
4671 160
4585 156
4584 152
4583 148
4582 144
4495 140
4406 136
4314 131
4313 127
4221 123
4128 119
4939 201
4938 197
4940 205
4942 213
4985 205.968
4984 209.968
4977 236.968
4979 228.968
4980 224.968
4978 232.968
4982 216.968
4973 252.968
4974 248.968
4975 244.968
4976 240.968
4972 256.968
4961 289
4960 285
4963 292.968
4962 296.968
4964 288.968
5020 194
5022 202
5011 158
4927 153
4926 149
5015 174
4931 169
4930 165
4929 161
4928 157
5051 276.968
5053 268.968
5054 264.968
5055 260.968
5052 272.968
5041 278
5043 286
5042 282
5045 300.968
5044 290
5033 246
5032 242
5027 222
5026 218
5031 238
5030 234
5065 220.968
5057 252.968
5058 248.968
5056 256.968
5059 244.968
5061 236.968
5062 232.968
5063 228.968
5060 240.968
5113 242
5112 238
5111 234
5029 230
5101 194
5019 190
5102 198
5093 162
5092 158
5010 154
5094 166
5144 232.968
5137 260.968
5138 256.968
5139 252.968
5140 248.968
5141 244.968
5142 240.968
5136 264.968
5143 236.968
5133 276.968
5134 272.968
5135 268.968
5132 280.968
5125 290
5124 286
5126 294
5176 178
5175 174
5095 170
5013 166
5209 292.968
5208 296.968
5211 284.968
5213 276.968
5212 280.968
5214 272.968
5205 294
5204 290
5207 300.968
5193 246
5192 242
5191 238
5194 250
5114 246
5217 260.968
5216 264.968
5219 252.968
5218 256.968
5221 244.968
5220 248.968
5275 247
5274 243
5276 251
5305 260.968
5304 264.968
5307 252.968
5306 256.968
5308 248.968
5311 236.968
5310 240.968
5296 296.968
5297 292.968
5298 288.968
5301 276.968
5302 272.968
5215 268.968
5303 268.968
5295 300.968
5294 304.968
5287 295
5361 243
5273 239
5190 234
5189 230
5109 226
5401 244.968
5402 240.968
5393 276.968
5394 272.968
5395 268.968
5392 280.968
5397 260.968
5396 264.968
5386 304.968
5387 300.968
5465 295
5373 291
5285 287
5202 282
5489 256.968
5491 248.968
5492 244.968
5493 240.968
5490 252.968
5483 280.968
5484 276.968
5485 272.968
5487 264.968
5486 268.968
5567 288.968
5568 284.968
5569 280.968
5566 292.968
5481 288.968
5482 284.968
5554 339.968
5555 335.968
5556 331.968
5585 237.968
5661 233.968
5584 229.968
5499 225.968
5409 221.968
5317 217.968
5576 252.968
5580 237.968
5495 233.968
5405 229.968
5314 225.968
5227 221.968
5148 217.968
5067 213.968
5571 272.968
5570 276.968
5572 268.968
5575 256.968
5574 260.968
5626 296
5549 291
5463 287
5462 283
5370 279
5369 275
5281 271
5198 266
5118 262
5036 258
4952 253
4951 249
5657 237.968
5581 233.968
5656 241.968
5659 233.968
5660 233.968
5662 233.968
5500 225.968
5651 260.968
5650 264.968
5652 256.968
5643 292.968
5644 288.968
5645 284.968
5646 280.968
5634 327.968
5558 323.968
5695 256
5694 252
5614 248
5537 243
5536 239
5535 235
5534 231
5448 227
5356 223
5268 219
5185 214
5105 210
5104 206
5103 202
5021 198
5724 288.968
5727 276.968
5736 241.968
5739 237.968
5738 237.968
5740 237.968
5729 268.968
5730 264.968
5728 272.968
5733 252.968
5654 248.968
5735 245.968
5789 332.968
5714 328.968
5715 324.968
5716 320.968
5717 316.968
5718 312.968
5719 308.968
5720 304.968
5721 300.968
5722 296.968
5723 292.968
5788 335.968
5713 331.968
5808 256.968
5811 245.968
5810 249.968
5813 241.968
5815 241.968
5814 241.968
5801 284.968
5803 276.968
5802 280.968
5805 268.968
5804 272.968
5881 264.968
5807 260.968
5882 260.968
5885 249.968
5884 253.968
5887 245.968
5872 300.968
5798 296.968
5875 288.968
5876 284.968
5877 280.968
5874 292.968
5864 332.968
5865 328.968
5791 324.968
5863 336.968
5862 339.968
5889 245.968
5888 245.968
5947 300.968
5949 288.968
5950 284.968
5939 332.968
5961 249.968
5962 249.968
5953 272.968
5952 276.968
5955 264.968
5954 268.968
5957 257.968
5958 253.968
6001 625.924
6082 620.924
6158 616.924
6233 612.924
6308 607.924
6309 603.924
6310 599.924
6311 595.924
6312 591.924
6000 301
5999 297
5998 293
5925 289
5924 285
5923 281
5922 277
5921 273
5847 269
5772 264
5696 260
5616 256
5539 251
5453 247
6003 617.924
6084 612.924
6160 608.924
6161 604.924
6002 621.924
6083 616.924
6004 613.924
6085 608.924
6040 253.968
6033 276.968
6032 280.968
6035 268.968
6034 272.968
6037 261.968
6038 257.968
6027 300.968
6016 344.968
5937 340.968
5938 336.968
6109 296.968
6110 292.968
6081 624.924
6120 257.968
6122 257.968
6042 253.968
6113 280.968
6112 284.968
6115 272.968
6114 276.968
6117 265.968
6118 261.968
6155 302
6079 297
6157 620.924
6232 616.924
6307 611.924
6156 624.924
6231 620.924
6306 615.924
6159 612.924
6192 276.968
6195 265.968
6194 269.968
6197 261.968
6187 296.968
6186 300.968
6189 288.968
6190 284.968
6191 280.968
6235 604.924
6234 608.924
6237 596.924
6236 600.924
6230 302
6154 298
6078 293
6077 289
5996 285
6265 284.968
6266 280.968
6264 288.968
6269 269.968
6268 273.968
6271 265.968
6263 292.968
6241 379.968
6247 356.968
6173 352.968
6174 348.968
6097 344.968
6017 340.968
6318 383.968
6319 379.968
6320 375.968
6321 371.968
6244 367.968
6245 363.968
6246 359.968
6172 355.968
6095 351.968
6015 347.968
5936 343.968
6305 619.924
6345 277.968
6346 273.968
6348 269.968
6351 269.968
6274 265.968
6200 261.968
6339 300.968
6341 292.968
6342 288.968
6343 284.968
6340 296.968
6393 572.924
6394 568.924
6392 576.924
6385 604.924
6386 600.924
6387 596.924
6388 592.924
6389 588.924
6390 584.924
6391 580.924
6384 608.924
6381 620.924
6382 616.924
6383 612.924
6380 303
6303 298
6302 294
6227 290
6226 286
6150 282
6074 277
6073 273
6072 269
6071 265
6070 261
6069 257
6068 253
6067 249
5986 245
5985 241
5984 237
5911 233
5837 229
5762 224
5686 220
5606 216
5529 211
5528 207
5442 203
5441 199
5349 195
5348 191
5260 187
5177 182
5097 178
6424 277.968
6426 273.968
6417 304.968
6418 300.968
6416 308.968
6421 288.968
6420 292.968
6423 281.968
6409 336.968
6331 332.968
6411 328.968
6412 324.968
6401 367.968
6323 363.968
6459 617.924
6540 613.924
6620 608.924
6698 604.924
6774 600.924
6847 595.924
6848 591.924
6849 587.924
6921 583.924
6922 579.924
6923 575.924
6924 571.924
6925 567.924
6926 563.924
7002 559.924
7073 554.924
7142 550.924
7143 546.924
7208 542.924
7209 538.924
7210 534.924
7277 530.924
7345 525.924
7346 521.924
7347 517.924
7416 513.924
6458 621.924
6539 617.924
6619 612.924
6461 609.924
6462 605.924
6543 601.924
6623 596.924
6701 592.924
6702 588.924
6778 584.924
6851 579.924
6460 613.924
6541 609.924
6621 604.924
6699 600.924
6775 596.924
6463 601.924
6544 597.924
6624 592.924
6483 371.968
6484 368.968
6402 364.968
6324 360.968
6473 561.924
6554 557.924
6634 552.924
6472 565.924
6553 561.924
6633 556.924
6711 552.924
6477 548.924
6558 544.924
6638 539.924
6716 535.924
6792 531.924
6865 526.924
6937 522.924
7013 518.924
6476 549.924
6557 545.924
6478 547.924
6559 543.924
6639 538.924
6717 534.924
6793 530.924
6866 525.924
6938 521.924
6465 593.924
6466 589.924
6547 585.924
6627 580.924
6628 576.924
6629 572.924
6707 568.924
6783 564.924
6856 559.924
6857 555.924
6929 551.924
6930 547.924
7006 543.924
7077 538.924
7078 534.924
7079 530.924
7080 526.924
7149 522.924
7150 518.924
7215 514.924
7216 510.924
6464 597.924
6545 593.924
6625 588.924
6626 584.924
6467 585.924
6468 581.924
6549 577.924
6469 577.924
6470 573.924
6551 569.924
6631 564.924
6709 560.924
6785 556.924
6858 551.924
6471 569.924
6505 285.968
6506 281.968
6508 277.968
6497 316.968
6499 308.968
6500 304.968
6498 312.968
6502 296.968
6503 292.968
6552 565.924
6632 560.924
6555 553.924
6635 548.924
6546 589.924
6548 581.924
6550 573.924
6630 568.924
6708 564.924
6542 605.924
6622 600.924
6585 296.968
6584 300.968
6587 289.968
6588 285.968
6591 281.968
6590 281.968
6579 320.968
6581 312.968
6582 308.968
6580 316.968
6583 304.968
6575 336.968
6493 332.968
6560 542.924
6640 537.924
6718 533.924
6565 375.968
6566 372.968
6567 368.968
6568 364.968
6569 360.968
6487 356.968
6405 352.968
6327 348.968
6328 344.968
6329 340.968
6252 336.968
6253 332.968
6179 328.968
6102 324.968
6022 320.968
6023 316.968
5944 312.968
5870 308.968
5796 304.968
6618 616.924
6651 352.968
6644 379.968
6664 300.968
6667 289.968
6666 293.968
6659 320.968
6658 324.968
6661 312.968
6660 316.968
6663 304.968
6662 308.968
6705 576.924
6781 572.924
6854 567.924
6704 580.924
6780 576.924
6853 571.924
6706 572.924
6782 568.924
6855 563.924
6927 559.924
7003 555.924
7074 550.924
6710 556.924
6697 608.924
6773 604.924
6846 599.924
6696 612.924
6700 596.924
6703 584.924
6779 580.924
6852 575.924
6695 616.924
6771 612.924
6844 607.924
6916 603.924
6917 599.924
6918 595.924
6994 591.924
7065 586.924
7134 582.924
7135 578.924
7136 574.924
7137 570.924
7202 566.924
7203 562.924
7204 558.924
7205 554.924
7206 550.924
7273 546.924
7341 541.924
7410 537.924
7411 533.924
6745 293.968
6744 297.968
6746 289.968
6737 324.968
6736 328.968
6739 316.968
6738 320.968
6741 308.968
6742 304.968
6740 312.968
6733 340.968
6735 332.968
6657 328.968
6578 324.968
6496 320.968
6723 380.968
6724 376.968
6646 372.968
6777 588.924
6850 583.924
6776 592.924
6770 308
6694 304
6616 299
6615 295
6535 291
6534 287
6452 283
6451 279
6373 275
6296 270
6221 266
6145 262
6772 608.924
6845 603.924
6811 332.968
6812 328.968
6813 324.968
6814 320.968
6815 316.968
6810 336.968
6798 384.968
6799 380.968
6784 560.924
6787 548.924
6860 543.924
6861 539.924
6933 535.924
6934 531.924
6786 552.924
6859 547.924
6789 540.924
6862 535.924
6788 544.924
6843 611.924
6817 308.968
6816 312.968
6819 301.968
6821 293.968
6822 293.968
6879 348.968
6808 344.968
6869 388.968
6870 384.968
6910 670.924
6888 312.968
6890 305.968
6892 297.968
6881 340.968
6883 332.968
6882 336.968
6885 324.968
6886 320.968
6884 328.968
6887 316.968
6941 388.968
6940 392.968
6931 543.924
7007 539.924
6932 539.924
7008 535.924
6920 587.924
6915 607.924
6991 603.924
7062 598.924
7063 594.924
7064 590.924
6914 611.924
6990 607.924
7061 602.924
6919 591.924
6995 587.924
7066 582.924
6953 336.968
6952 340.968
6954 332.968
6955 328.968
6956 324.968
6957 320.968
6958 316.968
6949 352.968
6951 344.968
7001 563.924
7072 558.924
7141 554.924
7000 567.924
7071 562.924
7005 547.924
7076 542.924
7004 551.924
7075 546.924
6993 595.924
6992 599.924
6997 579.924
7068 574.924
7069 570.924
7070 566.924
6996 583.924
7067 578.924
6999 571.924
6998 575.924
6985 635.924
7054 630.924
6984 639.924
7053 634.924
6987 627.924
7056 622.924
6986 631.924
7055 626.924
6989 611.924
7060 606.924
6988 623.924
7057 618.924
6977 667.924
7046 662.924
7115 658.924
7116 654.924
7117 650.924
7118 646.924
7119 642.924
6976 671.924
7045 666.924
7114 662.924
6979 659.924
7048 654.924
6978 663.924
7047 658.924
6981 651.924
7050 646.924
6980 655.924
7049 650.924
6983 643.924
7052 638.924
7034 313.968
6960 309.968
6961 305.968
6962 301.968
7025 348.968
7026 344.968
7027 340.968
7028 336.968
7029 332.968
7030 328.968
7031 324.968
7017 392.968
7018 388.968
7016 396.968
7023 356.968
7009 531.924
7010 527.924
7081 522.924
7059 610.924
7058 614.924
7044 670.924
7113 666.924
7097 348.968
7096 352.968
7099 340.968
7098 344.968
7101 332.968
7100 336.968
7102 328.968
7088 392.968
7094 360.968
7085 403.968
7015 399.968
6939 395.968
6868 391.968
6797 387.968
6722 383.968
7087 396.968
7086 400.968
7129 602.924
7130 598.924
7195 594.924
7262 590.924
7330 585.924
7399 581.924
7400 577.924
7128 606.924
7131 594.924
7196 590.924
7263 586.924
7331 581.924
7133 586.924
7132 590.924
7197 586.924
7264 582.924
7332 577.924
7401 573.924
7112 670.924
7105 317.968
7106 313.968
7035 309.968
7163 368.968
7093 364.968
7022 360.968
7162 380.968
7228 376.968
7229 372.968
7164 364.968
7167 352.968
7168 348.968
7169 344.968
7166 356.968
7155 404.968
7157 396.968
7156 400.968
7159 392.968
7160 388.968
7161 384.968
7227 380.968
7145 538.924
7144 542.924
7147 530.924
7148 526.924
7146 534.924
7211 530.924
7212 526.924
7213 522.924
7280 518.924
7348 513.924
7349 509.924
7350 505.924
7351 501.924
7139 562.924
7138 566.924
7140 558.924
7194 598.924
7261 594.924
7329 589.924
7199 578.924
7266 574.924
7334 569.924
7335 565.924
7404 561.924
7198 582.924
7265 578.924
7333 573.924
7185 634.924
7252 630.924
7320 625.924
7321 621.924
7322 617.924
7323 613.924
7392 609.924
7458 605.924
7459 601.924
7460 597.924
7461 593.924
7462 589.924
7184 638.924
7251 634.924
7319 629.924
7388 625.924
7454 621.924
7455 617.924
7456 613.924
7457 609.924
7187 626.924
7254 622.924
7186 630.924
7189 618.924
7256 614.924
7324 609.924
7325 605.924
7326 601.924
7395 597.924
7188 622.924
7255 618.924
7191 610.924
7258 606.924
7190 614.924
7257 610.924
7177 666.924
7178 662.924
7245 658.924
7313 653.924
7382 649.924
7383 645.924
7449 641.924
7450 637.924
7451 633.924
7452 629.924
7453 625.924
7176 317.968
7179 658.924
7246 654.924
7314 649.924
7181 650.924
7248 646.924
7316 641.924
7317 637.924
7318 633.924
7180 654.924
7247 650.924
7315 645.924
7183 642.924
7250 638.924
7182 646.924
7249 642.924
7171 336.968
7170 340.968
7175 321.968
7224 392.968
7225 388.968
7226 384.968
7219 411.968
7154 407.968
7220 408.968
7214 518.924
7201 570.924
7200 574.924
7267 570.924
7207 546.924
7274 542.924
7342 537.924
7259 602.924
7327 597.924
7396 593.924
7241 325.968
7243 666.924
7311 661.924
7380 657.924
7381 653.924
7447 649.924
7448 645.924
7242 321.968
7244 662.924
7312 657.924
7233 356.968
7234 352.968
7232 360.968
7235 348.968
7237 340.968
7236 344.968
7289 400.968
7288 404.968
7291 392.968
7290 396.968
7293 384.968
7292 388.968
7281 514.924
7283 506.924
7282 510.924
7272 550.924
7340 545.924
7409 541.924
7275 538.924
7343 533.924
7412 529.924
7413 525.924
7276 534.924
7344 529.924
7279 522.924
7278 526.924
7269 562.924
7337 557.924
7338 553.924
7407 549.924
7408 545.924
7268 566.924
7336 561.924
7271 554.924
7339 549.924
7270 558.924
7305 336.968
7307 329.968
7310 665.924
7379 661.924
7297 368.968
7299 360.968
7300 356.968
7301 352.968
7302 348.968
7298 364.968
7353 496.968
7555 484.968
7355 416.968
7357 408.968
7356 412.968
7359 400.968
7360 396.968
7361 392.968
7358 404.968
7376 333.968
7369 360.968
7370 356.968
7371 352.968
7368 364.968
7373 344.968
7374 340.968
7365 376.968
7367 368.968
7366 372.968
7417 509.924
7419 501.924
7420 497.924
7418 505.924
7423 420.968
7422 422.968
7415 517.924
7414 521.924
7403 565.924
7402 569.924
7405 557.924
7406 553.924
7394 601.924
7398 585.924
7441 348.968
7442 344.968
7433 380.968
7432 384.968
7435 372.968
7436 368.968
7434 376.968
7437 364.968
7438 360.968
7425 412.968
7424 416.968
7427 404.968
7428 400.968
7426 408.968
7429 396.968
7431 388.968
7513 652.968
7514 648.968
7515 644.968
7516 640.968
7517 636.968
7518 632.968
7519 628.968
7520 624.968
7521 620.968
7522 616.968
7523 612.968
7524 608.968
7525 604.968
7526 600.968
7527 596.968
7528 592.968
7529 588.968
7530 584.968
7531 580.968
7532 576.968
7533 572.968
7534 568.968
7535 564.968
7536 560.968
7537 556.968
7538 552.968
7539 548.968
7540 544.968
7541 540.968
7542 536.968
7543 532.968
7544 528.968
7545 524.968
7546 520.968
7547 516.968
7548 512.968
7549 508.968
7550 504.968
7551 500.968
7552 496.968
7553 492.968
7554 488.968
7507 352.968
7508 348.968
7506 356.968
7497 392.968
7498 388.968
7499 384.968
7500 380.968
7489 424.968
7491 416.968
7490 420.968
7493 408.968
7492 412.968
7579 352.968
7582 661.968
7655 657.968
7656 653.968
7657 649.968
7658 645.968
7731 641.968
7805 636.968
7806 632.968
7807 628.968
7569 392.968
7568 396.968
7570 388.968
7573 376.968
7575 368.968
7574 372.968
7561 424.968
7562 420.968
7560 428.968
7567 400.968
7566 404.968
7559 430.968
7488 426.968
7609 553.968
7682 549.968
7683 545.968
7756 541.968
7830 536.968
7608 557.968
7611 545.968
7612 541.968
7685 537.968
7686 533.968
7759 529.968
7833 524.968
7610 549.968
7613 537.968
7615 529.968
7688 525.968
7761 521.968
7835 516.968
7614 533.968
7603 577.968
7676 573.968
7677 569.968
7678 565.968
7679 561.968
7752 557.968
7826 552.968
7605 569.968
7604 573.968
7607 561.968
7606 565.968
7592 621.968
7593 617.968
7594 613.968
7667 609.968
7668 605.968
7669 601.968
7670 597.968
7743 593.968
7817 588.968
7818 584.968
7819 580.968
7820 576.968
7641 400.968
7640 404.968
7643 392.968
7642 396.968
7644 388.968
7647 376.968
7648 372.968
7646 380.968
7633 432.968
7634 428.968
7637 416.968
7639 408.968
7638 412.968
7625 489.968
7698 485.968
7771 481.968
7845 476.968
7846 472.968
7624 493.968
7697 489.968
7770 485.968
7844 480.968
7627 481.968
7628 477.968
7701 473.968
7774 469.968
7848 464.968
7849 460.968
7850 456.968
7626 485.968
7629 473.968
7702 469.968
7703 465.968
7630 469.968
7617 521.968
7618 517.968
7691 513.968
7764 509.968
7838 504.968
7616 525.968
7619 513.968
7620 509.968
7693 505.968
7694 501.968
7767 497.968
7841 492.968
7842 488.968
7621 505.968
7622 501.968
7623 497.968
7654 353.091
10081 349.055
7706 432.968
7709 420.968
7708 424.968
7711 412.968
7710 416.968
7696 493.968
7769 489.968
7843 484.968
7699 481.968
7772 477.968
7700 477.968
7773 473.968
7847 468.968
7689 521.968
7762 517.968
7836 512.968
7690 517.968
7763 513.968
7837 508.968
7692 509.968
7765 505.968
7839 500.968
7840 496.968
7695 497.968
7768 493.968
7681 553.968
7680 557.968
7753 553.968
7827 548.968
7828 544.968
7829 540.968
7684 541.968
7757 537.968
7831 532.968
7832 528.968
7687 529.968
7760 525.968
7834 520.968
7720 376.968
7719 380.968
7718 384.968
7775 465.968
7766 501.968
7755 545.968
7754 549.968
7758 533.968
7751 561.968
7825 556.968
7793 380.968
7792 384.968
7787 404.968
7788 400.968
7789 396.968
7786 408.968
7791 388.968
7790 392.968
7776 461.968
7779 436.968
7778 453.968
7781 428.968
7865 388.968
7864 392.968
7866 384.968
7857 420.968
7856 424.968
7859 412.968
7858 416.968
7861 404.968
7862 400.968
7860 408.968
7863 396.968
7854 432.968
7929 428.968
7931 420.968
7930 424.968
7933 412.968
7934 408.968
7935 404.968
7936 400.968
7937 396.968
7932 416.968
7938 392.968
7941 380.968
7868 376.968
7795 372.968
7722 368.968
8013 375.968
7944 368.968
8059 443.968
8058 447.968
8063 427.968
8064 423.968
8065 419.968
8040 519.968
8035 539.968
8074 384.968
8069 403.968
8068 407.968
8120 439.968
