 key  value
8122 56
8063 52
8001 48
7930 44
7856 40
7783 36
7709 32
7636 28
7563 24
7492 20
7426 16
7357 12
7288 8
7221 4
8125 56
8066 52
8003 48
7932 44
7858 40
7785 36
7711 32
7638 28
7564 24
7493 20
8124 56
8065 52
8127 58
8067 53
8004 49
7933 45
7859 41
8126 57
8113 76
8054 72
8055 68
7993 64
7923 60
7924 56
7925 52
7926 48
7927 44
7853 40
7780 36
7706 32
7633 28
7560 24
7489 20
7423 16
7355 12
7286 8
7220 4
8112 80
8115 68
8056 64
8057 60
8058 56
7996 52
7997 48
8114 72
8117 60
8118 56
8059 52
8116 64
8119 56
8060 52
8105 108
8046 104
7984 100
7914 96
7915 92
7916 88
7917 84
7918 80
7919 76
7920 72
7921 68
7922 64
8104 112
8045 108
8107 100
8048 96
8049 92
8050 88
8051 84
8052 80
8053 76
8106 104
8047 100
8109 92
8108 96
8111 84
8110 88
8097 140
8038 136
8039 132
8040 128
8041 124
8042 120
8043 116
8044 112
8096 144
8037 140
8099 132
8100 128
8098 136
8101 124
8103 116
8102 120
8155 140
8156 136
8157 132
8159 124
8160 120
8161 116
8162 112
8163 108
8158 128
8136 216
8137 212
8138 208
8081 204
8082 200
8083 196
8084 192
8085 188
8026 184
8027 180
8028 176
8029 172
8030 168
8031 164
8032 160
7970 156
7971 152
7972 148
7902 144
7903 140
7904 136
7905 132
7906 128
7907 124
7908 120
7909 116
7910 112
7911 108
7912 104
7913 100
8128 59
8068 54
8005 50
7934 46
7860 42
7786 37
7712 33
7639 29
7565 25
8185 62
8184 61
8177 60
8120 56
8061 52
7999 48
7928 44
7855 40
7782 36
8176 60
8179 60
8178 60
8181 60
8180 60
8123 56
8064 52
8183 60
8182 60
8169 84
8170 80
8168 88
8171 76
8172 72
8173 68
8174 64
8175 60
8165 100
8164 104
8167 92
8166 96
8217 124
8218 120
8219 116
8220 112
8221 108
8222 104
8223 100
8224 96
8216 128
8215 132
8214 136
8241 64
8240 64
8242 65
8233 64
8232 64
8235 64
8234 64
8237 64
8236 64
8239 64
8238 64
8225 92
8227 84
8226 88
8229 76
8228 80
8231 68
8230 72
8281 84
8280 88
8283 76
8282 80
8285 68
8284 72
8287 68
8286 68
8273 116
8272 120
8275 108
8274 112
8277 100
8276 104
8279 92
8278 96
91 377
111 373
125 369
143 365
171 361
209 357
254 353
304 349
359 345
419 339
482 335
552 331
623 327
622 323
692 319
771 315
857 311
940 304
939 300
938 296
1012 292
1081 288
1153 284
1235 280
1318 276
1404 272
1499 268
1592 264
1685 260
1780 256
1866 252
1950 248
2039 244
2131 240
2221 236
2308 232
2397 228
2483 224
2567 220
2654 216
2742 212
2830 208
2927 204
3029 200
3121 196
3215 192
3310 188
3405 184
3490 180
3571 176
3657 172
3739 168
3826 164
3914 160
4002 156
4091 152
4180 148
4273 144
4363 140
4451 136
4539 132
4624 128
4706 124
4793 120
4878 116
4962 112
5045 108
5127 104
5206 100
5293 96
5384 92
5474 88
5559 84
5635 80
5714 76
5789 72
5863 68
5937 64
6016 60
6096 56
6173 52
6247 48
6324 44
6402 40
6484 36
6566 32
6645 28
6723 24
6798 20
6869 16
6940 12
7016 8
7086 4
8269 132
93 377
113 373
127 369
144 365
172 361
8268 136
92 377
8271 124
8270 128
8319 132
8320 128
8318 136
8298 72
8244 67
8186 63
126 369
8289 68
8288 68
112 373
8291 68
115 380
129 376
146 372
174 368
211 364
256 360
306 356
361 352
422 348
485 344
555 340
626 336
696 332
774 325
859 319
858 315
8290 68
114 377
8293 68
8292 68
8294 68
8344 72
8349 78.834
9963 76.869
8299 73
8245 68
8187 64
8129 60
8069 55
8006 51
7935 47
7861 43
7787 38
7713 34
7640 30
7566 26
7494 21
7427 17
7358 13
110 373
124 369
141 365
170 361
208 357
253 353
8337 72
8336 72
8339 72
8338 72
8341 72
8340 72
8343 72
8342 72
8329 92
8328 96
8331 84
8332 80
8330 88
8333 76
8334 72
8335 72
8321 124
8322 120
145 369
8323 116
8324 112
8325 108
8326 104
147 376
149 383
177 379
214 375
213 371
258 367
308 363
363 359
424 355
487 351
557 347
628 343
697 336
148 379
176 375
8327 100
150 387
178 383
215 379
8377 96
8376 100
8379 88
8378 92
8381 80
8382 76
8380 84
8383 76
8369 128
8370 124
8368 132
128 373
8371 120
8372 116
8373 112
8374 108
131 383
130 380
133 391
132 387
8375 104
179 387
181 395
180 391
173 365
210 361
255 357
175 372
8393 76
217 387
262 383
312 379
311 375
310 371
309 367
216 383
219 395
218 391
8385 76
8384 76
8387 76
8386 76
8389 76
8388 76
212 368
8391 76
8390 76
8441 80
8392 76
8440 80
8433 80
8432 80
8435 80
8434 80
8437 80
8436 80
8439 80
8438 80
8425 104
8424 108
8427 96
8426 100
8429 88
8428 92
8431 80
8430 84
8419 128
8420 124
8421 120
8422 116
8423 112
8418 132
8473 104
8474 100
8472 108
8475 96
8477 88
8476 92
8479 84
8478 84
8467 128
8468 124
8466 132
8469 120
8471 112
8470 116
264 391
263 387
313 383
266 399
265 395
315 391
370 387
369 383
430 379
493 375
563 371
562 367
633 363
632 359
631 355
630 351
629 347
257 364
307 360
8499 188
8500 184
8501 180
8455 176
8408 172
8409 168
8410 164
8411 160
8362 156
8314 152
8315 148
8266 144
8267 140
259 371
261 379
314 387
317 398.127
373 394.127
434 390.127
498 386.127
568 382.127
639 378.127
709 374.127
786 370.127
870 366.127
947 362.127
1018 358.127
1087 354.127
1159 350.127
1242 346.127
1325 342.127
1415 338.127
1414 334.127
1605 316.895
1604 312.895
1700 309
1793 302
1792 298
1791 294
1790 290
1789 286
1788 282
1874 278
1958 274
1957 270
2046 266
2045 262
2044 258
2135 251
2312 243
2399 236
2398 232
316 395
371 391
432 387
495 383
494 379
319 398.127
375 394.127
436 390.127
499 386.127
569 382.127
640 378.127
318 398.127
8481 84
305 353
8480 84
8483 84
8482 84
8485 84
8484 84
8487 84
8486 84
299 332
354 328
414 324
476 320
544 316
615 312
685 308
765 304
851 300
935 296
1010 292
1234 280
1317 276
1498 268
8529 88
8528 88
8531 88
8530 88
8533 88
8532 88
8521 100
8520 104
8523 92
8524 88
8522 96
8525 88
8527 88
8526 88
8515 124
8516 120
8517 116
8514 128
8519 108
8518 112
8569 92
8568 92
8571 92
8570 92
8573 92
8572 92
8575 92
8574 92
8561 120
8562 116
8563 112
8564 108
8560 124
8565 104
8567 96
8566 100
368 379
367 375
428 371
427 367
426 363
425 359
488 355
558 351
372 394.127
433 390.127
497 386.127
374 394.127
435 390.127
360 349
362 356
8605 120
365 367
8604 124
364 363
8607 112
8606 116
366 371
353 328
413 324
475 320
8589 184
8546 180
8547 176
8548 172
8549 168
8505 164
8506 160
8460 156
8413 152
8414 148
8365 144
8317 140
8588 188
412 324
474 320
543 316
614 312
8590 180
8576 92
8632 180
8633 176
8592 172
8631 184
8630 188
8617 96
8616 96
8619 96
8618 96
8609 104
8608 108
8611 96
8610 100
8613 96
8612 96
8615 96
8614 96
429 375
492 371
8671 184
8672 180
8670 188
8657 100
8656 100
416 324
477 320
546 316
617 312
687 308
766 304
852 300
936 296
8659 100
8658 100
8661 100
8620 96
8577 92
421 345
484 341
554 337
625 333
695 329
8660 100
420 343
483 339
423 352
8649 112
473 321
541 317
612 313
682 309
762 305
849 301
933 297
1008 293
1078 289
1150 284
1316 276
1496 268
1590 264
1683 260
1864 252
2129 240
2220 236
2307 232
2395 228
2481 224
2565 220
2652 216
2741 212
2829 208
2926 204
3028 200
8648 116
8651 104
8652 100
8650 108
8653 100
8655 100
8654 100
478 320
469 321
538 317
609 313
680 309
760 305
847 301
932 297
8647 120
471 321
540 317
611 313
8646 124
8697 104
8696 104
8699 104
8698 104
8701 104
8700 104
8689 112
8691 104
8690 108
8693 104
8692 104
8695 104
8694 104
8686 124
496 386.127
567 382.127
638 378.127
708 374.127
785 370.127
869 366.127
946 362.127
1017 358.127
8729 108
489 359
559 355
8728 112
8731 108
491 367
561 363
560 359
8730 108
490 363
8733 108
8732 108
8735 108
8734 108
8726 120
8688 116
486 348
537 318
539 317
610 313
542 317
8711 180
8712 176
8713 172
8714 168
8715 164
8716 160
8678 156
8679 152
8640 148
8641 144
8642 140
8601 136
8558 132
8710 184
8763 120
8727 116
8765 112
8764 116
8767 112
8766 112
8747 184
8746 188
570 382.127
641 378.127
710 374.127
8748 180
8737 108
8736 108
8739 108
8738 108
565 379
564 375
566 382.127
637 378.127
706 374.127
783 370.127
867 366.127
945 362.127
553 335
556 344
627 340
545 316
616 312
8787 184
8788 180
8789 176
8750 172
547 316
618 312
689 308
768 304
854 300
8786 188
551 327
8776 112
8740 108
605 326
676 322
677 318
678 314
758 310
846 305
931 301
8780 114.363
9950 108.701
8704 104
8665 100
8623 96
8580 92
8536 88
8490 84
8443 80
607 318
608 314
679 310
759 306
606 322
8769 112
8768 112
8771 112
8770 112
8773 112
8772 112
8775 112
8774 112
8827 184
8828 180
8816 116
8809 116
8808 116
8811 116
8810 116
8813 116
8812 116
636 375
635 371
634 367
8815 116
8814 116
8801 128
8802 124
8800 132
8761 128
8725 124
624 331
8803 120
8805 116
8804 116
8807 116
8806 116
619 312
621 320
620 316
8849 120
8848 120
8851 120
8850 120
8853 120
613 313
683 309
8852 120
8854 120
8841 128
8843 120
8842 124
8845 120
8844 120
8847 120
8846 120
8890 123.992
9969 120.062
8881 124
8880 124
8883 124
8882 124
642 382.127
8885 124
8884 124
8887 124
8886 124
8877 128
8879 124
8878 124
688 308
767 304
853 300
691 316
770 312
856 308
693 323
694 327
773 323
681 309
8920 128
684 309
764 305
686 308
8913 128
8912 128
8915 128
675 326
755 322
843 317
844 313
929 309
930 305
8914 128
8917 128
8916 128
8919 128
8918 128
8911 132
8910 136
8876 132
8953 132
8952 132
712 382.127
711 378.127
787 374.127
8945 132
8944 136
8947 132
8946 132
8949 132
8948 132
8951 132
8950 132
761 305
848 301
763 309
850 305
934 301
753 324.533
840 320.533
925 316.533
1003 312.533
1073 308.533
1142 304.533
1223 297.533
1306 290.533
1393 284.533
1487 280.533
1584 276.533
1677 272.533
1773 268.533
1862 264.533
1946 260.533
2035 256.533
2127 252.533
2218 248.533
2305 244.533
2392 240.533
2478 233.595
2734 217
2820 212
2913 208
3015 204
3108 200
3203 195
3300 191
3395 187
3482 182
3564 178
3649 174
3732 169
3820 165
3907 161
3996 157
4086 152
4176 148
4269 144
4359 140
4448 136
4536 132
4622 128
4704 124
4792 120
754 324.533
841 320.533
757 314
845 309
756 318
8985 136
8984 136
8977 136
8976 140
8979 136
8978 136
8981 136
8980 136
8983 136
8982 136
8975 144
8974 148
8942 144
8909 140
8875 136
8840 132
784 370.127
868 366.127
789 382.127
788 378.127
790 386.127
874 382.127
951 378.127
950 374.127
1021 370.127
1090 366.127
1089 362.127
1088 358.127
9017 140
8986 136
9016 140
9009 140
769 308
855 304
9008 140
9011 140
9010 140
9013 140
9012 140
9015 140
9014 140
9005 152
9007 144
8997 184
8966 180
8934 176
8901 172
8902 168
8903 164
8869 160
8870 156
8871 152
8836 148
8797 144
8758 140
8722 136
8684 132
8685 128
8998 180
8967 176
8935 172
9041 144
9040 144
9043 144
9042 144
9045 144
9044 144
9047 144
9046 144
9037 148
9036 152
9006 148
9039 144
9038 144
9029 180
8999 176
8968 172
8936 168
9028 184
842 320.533
926 316.533
9073 148
9072 148
9075 148
835 340.533
920 336.533
921 332.533
922 328.533
923 324.533
924 320.533
9074 148
837 332.533
836 336.533
839 324.533
838 328.533
9065 152
9066 148
9064 156
9067 148
9069 148
9068 148
9071 148
9070 148
9059 176
9060 172
9061 168
9062 164
9063 160
9058 180
9030 176
9000 172
8969 168
8937 164
8904 160
9113 184
9087 180
9088 176
9089 172
9090 168
9091 164
9092 160
9093 156
873 378.127
872 374.127
949 370.127
948 366.127
1019 362.127
875 386.127
9117 168
876 390.127
9119 160
9118 164
9104 152
9076 148
871 370.127
9097 152
9096 152
9099 152
9098 152
9101 152
9100 152
9103 152
927 317
928 313
9102 152
9095 152
9094 152
9145 168
9146 164
9144 172
9147 160
9120 156
9149 160
9122 156
9148 160
9121 156
9151 160
9123 156
9150 160
9141 184
9142 180
9143 176
9116 172
9128 156
952 382.127
1023 378.127
1092 374.127
1164 370.127
1247 366.127
1246 362.127
1329 358.127
1328 354.127
1418 350.127
1417 346.127
1416 342.127
9130 156
954 390.127
1025 386.127
1024 382.127
9133 155.992
9107 151.992
9078 147.992
9050 143.992
9020 139.992
8989 135.992
8957 131.992
8924 127.992
944 362.127
1015 358.127
1085 354.127
1157 350.127
1241 346.127
9125 156
9124 156
9127 156
9126 156
9177 164
9152 160
9176 164
937 296
9179 164
9154 160
9178 164
9153 160
9181 164
9155 160
9180 164
9182 164
9156 160
9169 176
9170 172
9171 168
9173 164
9172 164
9175 164
9174 164
9201 168
9200 168
9203 168
9202 168
9205 168
9204 168
9206 168
9193 180
9195 172
9197 168
9196 168
9199 168
9198 168
1022 374.127
1009 297
1011 292
1014 359.127
1156 351.127
1240 347.127
1324 343.127
9241 176
9220 172
1001 335.533
1000 339.533
9243 176
9221 172
9242 176
9245 176
9223 172
1005 316
1006 312
9244 176
1004 316.533
1074 312.533
1143 308.533
9247 176
9226 172
1007 297
9246 176
9224 172
9225 172
9227 172
9228 172
9219 172
9222 172
1037 436.968
1104 432.968
1180 428.968
1179 424.968
1262 420.968
1261 416.968
1347 412.968
1437 408.968
1436 404.968
1435 400.968
1531 396.968
1530 392.968
1623 388.968
1622 384.968
1621 380.968
1620 376.968
1619 372.968
1716 368.968
1715 364.968
1805 360.968
1887 356.968
1886 352.968
1974 348.968
1973 344.968
2063 340.968
2152 336.968
2237 332.968
2324 328.968
2409 324.968
2493 320.968
2578 316.968
2664 312.968
2752 308.968
2840 304.968
2940 300.968
3043 296.968
3133 292.968
3225 288.968
3319 284.968
3409 280.968
3497 276.968
3582 272.968
3665 268.968
3750 264.968
3839 260.968
3928 256.968
4016 252.968
4105 248.968
4196 244.968
4381 236.968
4470 232.968
4557 228.968
4643 224.968
9898 219.517
4729 215
4728 211
4727 207
4814 200
4813 196
4812 192
4811 188
4810 184
4809 180
4808 176
4807 172
4806 168
4805 164
4804 160
4803 156
4802 152
4801 148
4800 144
4799 140
4798 136
4883 132
4967 128
4966 124
4965 120
5048 116
5129 112
5208 108
5295 104
5386 100
5476 96
5561 92
5637 88
5716 84
5791 80
5865 76
5864 72
5938 68
1027 388.968
1097 384.968
1169 380.968
1253 376.968
1336 372.968
1426 368.968
1523 364.968
1616 360.968
1713 356.968
1803 352.968
1885 348.968
1026 388.968
1095 384.968
1167 380.968
1251 376.968
1335 372.968
1425 368.968
1521 364.968
1614 360.968
1711 356.968
1801 352.968
1884 348.968
1972 344.968
2062 340.968
2151 336.968
2236 332.968
2323 328.968
1028 388.968
1080 288
1152 284
1084 355.127
9249 176
9248 176
1075 316.533
1144 312.533
1077 292
1148 288
1232 284
1233 280
1076 316
1096 384.968
1168 380.968
1099 384.968
1171 380.968
1254 376.968
1337 372.968
1427 368.968
1102 396.968
1174 392.968
1257 388.968
1340 384.968
1430 380.968
1526 376.968
1145 300
1229 296
1230 292
1231 288
1146 296
1147 292
1183 440.968
1182 436.968
1181 432.968
1170 380.968
1173 388.968
1256 384.968
1339 380.968
1429 376.968
1525 372.968
1524 368.968
1172 384.968
1255 380.968
1161 358.127
1160 354.127
1243 350.127
1163 366.127
1162 362.127
1165 374.127
1166 378.127
1158 350.127
9421 1663.96
9422 1565.96
9423 1467.96
9424 1369.96
9442 1194.96
9443 1095.96
9461 960.956
9477 854.956
9494 747.956
9512 615.956
9531 508.956
9551 401.956
6006 212.956
6087 207.956
6163 203.956
6238 199.956
6313 194.956
6314 190.956
6315 186.956
6316 182.956
6317 178.956
6395 171.956
6474 164.956
6555 160.956
6635 155.956
6636 151.956
6637 147.956
6715 143.956
6791 139.956
6864 134.956
6936 130.956
7012 126.956
7083 121.956
7152 117.956
7217 113.956
7284 109.956
7352 104.956
7421 100.956
7487 96.956
9982 93.015
7556 88
7557 84
7558 80
7631 73
7704 69
7777 65
7851 60
7852 56
1245 358.127
9420 1761.96
1244 354.127
1225 305.533
1224 301.533
1227 304
1228 300
1226 309.26
10048 305.587
1221 296.533
1220 292.533
1305 288.533
1392 284.533
1484 280.533
1582 276.533
1675 272.533
1772 268.533
9462 924.456
9939 834.042
9478 816.136
9942 727.257
9495 708.956
1222 300.533
1264 428.968
1263 424.968
1269 448.968
1268 444.968
1267 440.968
1266 436.968
1265 432.968
1351 428.968
1441 424.968
1440 420.968
1439 416.968
1535 412.968
1534 408.968
1627 404.968
1724 400.968
1814 396.968
1896 392.968
1984 388.968
2074 384.968
2073 380.968
2162 376.968
2247 372.968
2246 368.968
2245 364.968
2332 360.968
2331 356.968
2330 352.968
2415 348.968
2499 344.968
2584 340.968
2670 336.968
2758 332.968
2846 328.968
2946 324.968
2945 320.968
2944 316.968
2943 312.968
2942 308.968
2941 304.968
1259 408.968
1345 404.968
1248 370.127
1250 376.968
1334 372.968
1424 368.968
1520 364.968
9493 802.956
9511 669.956
9530 563.956
9550 457.956
9572 328.956
5928 231.956
1252 376.968
1304 289.533
1307 294.533
1309 302.533
1308 298.533
1311 308
1310 306.533
9529 662.956
9528 761.956
9532 504.956
9525 1650.2
9544 1548.2
9563 1455.2
9586 1353.2
9607 1251.2
9629 1159.2
9630 1062.2
9631 965.197
9984 913.603
9609 834
9610 734
9611 634
9612 534
9613 434
9614 334
7873 268
7800 264
7801 260
7802 256
7875 252
7876 248
7877 244
7878 240
7879 236
7880 232
7881 228
7882 224
7883 220
7884 216
7885 212
7886 208
7887 204
7888 200
7889 196
7890 192
7891 188
7892 184
7893 180
7894 176
7895 172
7896 168
7897 164
7898 160
7899 156
7900 152
7901 148
9524 1745.2
9543 1643.2
9562 1550.2
9585 1449.2
9606 1348.2
9628 1256.2
9527 860.956
9513 611.956
1338 376.968
1428 372.968
1341 388.968
1431 384.968
1527 380.968
1343 396.968
1433 392.968
1432 388.968
1528 384.968
1342 392.968
9506 1846.2
1330 362.127
9509 865.956
9510 767.956
1332 370.127
1422 366.127
1421 362.127
1420 358.127
1419 354.127
9567 818.956
9568 720.956
9569 622.956
9570 524.956
9571 426.956
1327 350.127
9566 916.956
1326 346.127
1312 304
1319 276
1405 272
1500 268
1594 264
1687 260
1781 256
1867 252
1951 248
2040 244
2132 240
2222 236
2309 232
9547 756.956
9546 855.956
9549 557.956
9548 656.956
9593 325.956
6911 273.956
6912 269.956
6913 265.956
6982 254.956
7051 249.956
7120 245.956
7185 241.956
7252 237.956
7320 232.956
7389 228.956
7390 224.956
7391 220.956
7392 216.956
7458 212.956
7459 208.956
7460 204.956
7461 200.956
7462 196.956
7463 192.956
7464 188.956
7465 184.956
7466 180.956
7467 176.956
7468 172.956
7469 168.956
7470 164.956
7471 160.956
7472 156.956
7473 152.956
7474 148.956
7475 144.956
7476 140.956
7477 136.956
7478 132.956
7479 128.956
7480 124.956
7481 120.956
7482 116.956
7483 112.956
7484 108.956
7485 104.956
7486 100.956
9592 424.956
9595 831.968
9594 732.968
5374 658.968
5373 654.968
5372 650.968
5284 646.968
5201 641.968
5200 637.968
5120 633.968
5038 629.968
4954 624.968
4953 620.968
4952 616.968
4951 612.968
4950 608.968
4949 604.968
4948 600.968
4863 596.968
4776 592.968
4687 587.968
4686 583.968
4600 579.968
4513 575.968
4424 571.968
4332 566.968
4240 562.968
4147 558.968
4057 553.968
4056 549.968
3966 545.968
3965 541.968
3964 537.968
3963 533.968
3962 529.968
3873 525.968
3872 521.968
3871 517.968
3870 513.968
3869 509.968
3781 505.968
3693 500.968
3609 496.968
3608 492.968
3607 488.968
3521 484.968
3435 479.968
3434 475.968
3433 471.968
3432 467.968
3431 463.968
3430 459.968
3429 455.968
3428 451.968
3427 447.968
3426 443.968
3425 439.968
3424 435.968
3423 431.968
3339 427.968
3338 423.968
3337 419.968
3336 415.968
3335 411.968
3334 407.968
3333 403.968
3332 399.968
3331 395.968
3330 391.968
3329 387.968
3328 383.968
3327 379.968
3326 375.968
3325 371.968
3324 367.968
3323 363.968
3229 356.968
3138 351.968
3137 347.968
3045 343.968
2949 336.968
2948 332.968
2947 328.968
1352 432.968
1442 428.968
1355 444.968
1445 440.968
1444 436.968
1540 432.968
1539 428.968
1538 424.968
1537 420.968
1630 416.968
1727 412.968
1726 408.968
1725 404.968
1357 452.968
1356 448.968
1359 460.968
1358 456.968
1448 452.968
1544 448.968
1637 444.968
1734 440.968
1733 436.968
1823 432.968
1905 428.968
1993 424.968
2083 420.968
2172 416.968
2257 412.968
2256 408.968
2343 404.968
2342 400.968
2341 396.968
2426 392.968
2510 388.968
2595 384.968
2594 380.968
2593 376.968
2679 372.968
2678 368.968
2677 364.968
2765 360.968
2853 356.968
2852 352.968
2851 348.968
2951 344.968
2950 340.968
1346 408.968
9589 721.956
9590 622.956
9591 523.956
9588 820.956
1349 420.968
1348 416.968
1350 424.968
1401 299
1314 295
1315 291
1400 303
1403 272
1497 268
1402 295
1395 291.533
1489 287.533
1586 283.533
1679 279.533
1775 275.533
1863 268.533
1947 264.533
2036 260.533
2128 256.533
1394 288.533
9573 200
4102 196
4194 192
4286 188
4376 184
4375 180
4374 176
4373 172
4461 168
4460 164
4459 160
4546 156
4631 152
4713 148
1397 299.533
1396 295.533
1399 307
9574 728.968
3561 644.968
3475 639.968
3474 635.968
3473 631.968
3472 627.968
3471 623.968
3470 619.968
3469 615.968
3468 611.968
3467 607.968
3466 603.968
3465 599.968
3464 595.968
3463 591.968
3462 587.968
3461 583.968
3460 579.968
3459 575.968
3458 571.968
3457 567.968
3456 563.968
3455 559.968
3454 555.968
3453 551.968
3452 547.968
3451 543.968
3450 539.968
3449 535.968
3448 531.968
3447 527.968
3446 523.968
3445 519.968
3444 515.968
3443 511.968
3442 507.968
3441 503.968
3440 499.968
3439 495.968
3438 491.968
3437 487.968
3436 483.968
1398 304.129
1492 300.129
1491 296.129
9901 292.519
1588 291.533
1587 287.533
1391 285.533
1483 281.533
1581 277.533
9617 834.968
9616 735.968
7111 670.968
7110 666.968
7109 662.968
7108 658.968
7038 650.968
7037 646.968
6967 639.968
6966 635.968
6965 631.968
6964 627.968
6896 620.968
6828 615.968
6755 611.968
6754 607.968
6753 603.968
6677 599.968
6599 594.968
6519 590.968
6437 586.968
6359 582.968
6282 577.968
6207 573.968
6131 569.968
6055 564.968
5974 560.968
5901 556.968
5900 552.968
5826 548.968
5751 543.968
5750 539.968
5749 535.968
5748 531.968
5672 527.968
5592 523.968
5515 518.968
5514 514.968
5428 510.968
5427 506.968
5426 502.968
5334 498.968
5246 494.968
5163 489.968
5162 485.968
5082 481.968
5000 477.968
4916 472.968
4831 468.968
4744 464.968
4655 459.968
4569 455.968
4482 451.968
4393 447.968
4301 442.968
4209 438.968
4116 434.968
4026 429.968
3936 425.968
3847 421.968
3759 417.968
3671 412.968
3587 408.968
3501 404.968
3415 399.968
1434 396.968
1438 412.968
9657 576
9636 473
9656 673
9635 570
9658 674
9661 937.724
9638 829.724
10125 815.14
9660 865.968
9637 757.968
9615 664.968
6824 605.968
6751 601.968
6675 597.968
6598 593.968
6518 589.968
6436 585.968
6358 581.968
9655 771
9634 667
9654 868
9633 764
9639 850.968
1449 456.968
1545 452.968
9681 973.968
9680 681
9682 1045.72
1447 448.968
1543 444.968
1542 440.968
1635 436.968
1732 432.968
1731 428.968
1730 424.968
1820 420.968
1902 416.968
1990 412.968
1989 408.968
1988 404.968
2078 400.968
2167 396.968
2166 392.968
2165 388.968
2164 384.968
2249 380.968
2248 376.968
1446 444.968
9677 945.473
10128 846.061
9679 679
9678 776
1490 291.533
1493 308.129
1495 272
1494 309
9721 874
9700 770
9720 872
1482 289.533
1579 285.533
1580 281.533
1674 276.533
1485 280.533
1583 276.533
1676 272.533
1486 280.533
1529 388.968
1533 404.968
1532 400.968
9699 867
9701 772
1513 346.127
1512 342.127
1511 338.127
1515 354.127
1514 350.127
1517 362.127
1516 358.127
9742 1052
9741 953
1553 484.968
1552 480.968
1645 476.968
1742 472.968
1741 468.968
1740 464.968
1830 460.968
1829 456.968
1911 452.968
1999 448.968
1998 444.968
1997 440.968
2087 436.968
2086 432.968
2175 428.968
2260 424.968
2347 420.968
2346 416.968
2431 412.968
2515 408.968
2600 404.968
2599 400.968
2598 396.968
2597 392.968
2596 388.968
1555 492.968
1554 488.968
1556 496.968
1546 456.968
1549 468.968
1548 464.968
1547 460.968
1640 456.968
1737 452.968
1736 448.968
1826 444.968
1908 440.968
1996 436.968
1995 432.968
1994 428.968
2084 424.968
1551 476.968
1550 472.968
1643 468.968
1536 416.968
1541 436.968
9782 1280
9781 1183
9761 1057
1593 264
1686 260
1585 280.533
1678 276.533
1774 272.533
9762 1157
1589 268
1591 264
1778 256
1949 248
2038 244
9819 1349
9799 1246
9779 1145
9760 1055
9818 1348
9821 1355
9801 1251
9780 1147
9820 1352
9800 1248
9823 1727.19
9804 1630.19
9784 1533.19
9763 1420.73
9744 1323.73
9723 1226.73
10126 1133
9702 1047.97
9822 1391
9802 1287
1625 396.968
1722 392.968
1721 388.968
1811 384.968
1893 380.968
1981 376.968
2071 372.968
2160 368.968
1624 392.968
1626 400.968
1628 408.968
1618 368.968
9798 1269
9778 1167
9759 1077
9740 975
1609 358.127
1608 354.127
1611 360.968
1708 356.968
1799 352.968
1882 348.968
1970 344.968
2061 340.968
1610 360.968
1707 356.968
1797 352.968
1880 348.968
1968 344.968
2059 340.968
2149 336.968
2235 332.968
2322 328.968
2407 324.968
2491 320.968
2576 316.968
2663 312.968
2751 308.968
2839 304.968
1613 360.968
1710 356.968
1612 360.968
1709 356.968
9844 604.306
9833 587.243
10024 552.584
9830 512.494
9871 462.153
9829 405.467
9912 368.555
9828 337.236
9927 294.768
9827 255.896
9897 240.175
1607 350.127
1606 346.127
1657 523.968
1754 519.968
1753 515.968
1843 511.968
1842 507.968
1841 503.968
1923 499.968
2011 495.968
2101 491.968
2190 487.968
2275 483.968
2362 479.968
2447 475.968
2531 471.968
2530 467.968
2615 463.968
2614 459.968
2613 455.968
2612 451.968
2697 444.968
2696 440.968
2695 436.968
2694 432.968
2782 428.968
2870 424.968
2869 420.968
2868 416.968
2968 412.968
2967 408.968
2966 404.968
2965 400.968
2964 396.968
2963 392.968
2962 388.968
2961 384.968
2960 380.968
2959 376.968
2958 372.968
2957 368.968
2956 364.968
2955 360.968
2954 356.968
2953 352.968
2952 348.968
1656 519.968
9835 559.166
9879 546.598
9834 621.857
9843 587.979
1658 527.968
1755 523.968
9836 442.272
9904 401.883
1649 492.968
1746 488.968
1745 484.968
1744 480.968
1743 476.968
1833 472.968
1915 468.968
2003 464.968
2002 460.968
2001 456.968
2000 452.968
1648 488.968
9826 59.919
6240 48
6396 40
6479 36
6562 32
6641 28
6720 24
6796 20
6867 16
7015 8
7085 4
1651 499.968
1650 495.968
1747 491.968
1837 487.968
1919 483.968
2007 479.968
2097 475.968
2186 471.968
2271 467.968
2358 463.968
2443 459.968
2527 455.968
1653 507.968
1652 503.968
1749 499.968
1748 495.968
9831 606.143
10007 555.004
9881 438.549
1642 464.968
1739 460.968
9885 273.464
1644 472.968
1647 484.968
1646 480.968
1633 428.968
1632 424.968
1729 420.968
1728 416.968
1634 432.968
1636 440.968
1639 452.968
1638 448.968
1735 444.968
1825 440.968
1907 436.968
9866 337.633
673 328.533
1684 260
9913 213.25
1673 285.533
9915 195.145
9914 96.454
9825 87.551
5627 80
5707 76
5782 72
5857 68
5932 64
6012 60
6092 56
6169 52
6243 48
6320 44
6398 40
6480 36
9917 125.88
7084 120.956
7153 116.956
7218 112.956
7285 108.956
9916 346.692
9919 315.419
9918 253.843
9905 338.392
9906 234.996
4469 232.968
9909 204.112
4726 200
4725 196
4724 192
4723 188
4722 184
4721 180
4720 176
4719 172
4718 168
4717 164
4716 160
9908 452.58
3249 449.968
3248 445.968
3340 438.968
9911 193.775
9910 106.942
9896 441.108
1720 384.968
1719 380.968
1718 376.968
1717 372.968
9899 213.816
2823 210
2915 206
3017 202
3110 198
3204 194
3301 190
3396 186
3483 181
3565 177
3650 173
1723 396.968
9900 139.769
6794 136.956
7014 124.956
9903 270.045
3749 264.968
9902 318.256
1712 356.968
1714 360.968
1804 356.968
9893 296.032
9895 176.353
4170 169
4171 165
4172 161
4173 157
4174 153
4175 149
4268 145
9894 65.621
9945 704.335
3476 643.968
1705 355.127
9944 584.217
1769 579.968
1768 575.968
1767 571.968
1766 567.968
1765 563.968
1764 559.968
1763 555.968
1762 551.968
1761 547.968
1760 543.968
1759 539.968
1758 535.968
1757 531.968
1756 527.968
1704 351.127
9946 565.967
918 563.968
917 559.968
916 555.968
915 551.968
993 547.968
992 543.968
991 539.968
990 535.968
989 531.968
988 527.968
1060 523.968
1126 519.968
1202 515.968
1285 511.968
1371 507.968
1461 503.968
1557 499.968
1706 359.127
9949 143.499
6510 137.893
6591 130.893
10087 130.005
6670 127
6748 123
6822 116
6821 112
6820 108
6819 104
6890 100
6889 96
6888 92
6887 88
6886 84
6885 80
6884 76
6883 72
6882 68
6881 64
6880 60
6879 56
6878 52
6877 48
6876 44
6875 40
6874 36
6873 32
6944 28
6943 24
6942 20
7018 16
7017 12
7087 8
7156 4
9948 106.485
9951 159.187
9936 786.728
1699 306
1698 302
9938 731.656
9943 345.667
1702 324.895
9928 248.793
4195 244.968
4289 240.968
4380 236.968
1752 511.968
9933 740.043
9920 327.699
9923 467.998
3159 463.968
3158 459.968
3157 455.968
9924 440.422
1751 507.968
1750 503.968
9926 270.538
9976 252.576
6005 216.956
6086 211.956
9979 431.959
2871 428.968
1738 456.968
9981 1631.44
9968 186.851
9270 180.805
10129 179.524
9252 175.992
9231 171.992
9208 167.992
9184 163.992
9159 159.992
9132 155.992
9106 151.992
9971 79.861
7870 79
7796 74
7795 70
7721 66
7648 62
7574 58
7502 53
7501 49
7500 45
7499 41
7498 37
7431 33
7362 29
7292 24
7291 20
7224 16
7223 12
7222 8
9973 814.879
9972 112.24
6892 108
6891 104
9975 370.022
9974 764.383
9960 204.624
5069 200
5229 192
5228 188
5315 184
5314 180
5313 176
5312 172
5311 168
5402 164
5492 160
5577 156
5576 152
5575 148
5574 144
5573 140
5572 136
5571 132
5570 128
5646 124
5645 120
5644 116
5643 112
5722 108
5797 104
5871 100
5870 96
5869 92
5943 88
5942 84
5941 80
6020 76
6100 72
6177 68
6251 64
6328 60
6327 56
6405 52
6487 48
6486 44
6568 40
6647 36
6725 32
6724 28
9967 85.908
8445 82
8395 78
8346 74
8296 70
9966 423.783
3845 419.968
3757 415.968
3586 407.968
3500 403.968
1777 256
9952 160.018
9954 73.924
8011 71
7940 67
7939 63
7865 59
7791 54
7717 50
7716 46
7643 42
7569 38
7497 33
7496 29
7429 25
7428 21
9956 514.65
5669 509.968
5510 501.968
5424 497.968
5332 493.968
5244 489.968
5161 484.968
5081 480.968
4999 476.968
4915 471.968
4830 467.968
4743 463.968
4654 458.968
4568 454.968
4481 450.968
4392 446.968
4300 441.968
4208 437.968
4115 433.968
4025 428.968
3935 424.968
3846 420.968
3758 416.968
3670 411.968
9959 115.953
10009 825.331
10008 40.184
7779 36
7705 32
1771 269.533
1861 265.533
1770 583.968
1860 579.968
1942 575.968
2030 571.968
2120 567.968
2119 563.968
2208 559.968
2293 555.968
2380 551.968
2379 547.968
2378 543.968
2377 539.968
2376 535.968
2375 531.968
2374 527.968
2373 523.968
2372 519.968
2371 515.968
2370 511.968
2369 507.968
2368 503.968
2453 499.968
2537 495.968
2536 491.968
2621 487.968
2620 483.968
2619 479.968
2618 475.968
2617 471.968
2616 467.968
10005 357.986
1817 408.968
1816 404.968
1898 400.968
1986 396.968
1985 392.968
1819 416.968
1818 412.968
1900 408.968
1821 424.968
9999 432.58
963 426.921
962 422.921
1035 418.921
1103 412.065
1034 405.065
1033 401.065
1032 397.067
10013 396.238
1031 392.968
1030 388.968
1809 376.968
1808 372.968
1890 368.968
1978 364.968
2068 360.968
2157 356.968
2242 352.968
2329 348.968
2328 344.968
2327 340.968
2412 336.968
2496 332.968
2581 328.968
2580 324.968
2579 320.968
2665 316.968
1810 380.968
1892 376.968
1980 372.968
1979 368.968
1813 392.968
1895 388.968
1983 384.968
1812 388.968
1815 400.968
10041 235.973
10040 262.242
6007 210.308
6164 200.308
6239 196.308
1800 352.968
10043 339.043
10042 197.021
3479 194
3480 190
3481 186
3563 182
1802 352.968
10045 937.669
10044 474.658
2783 471.968
2698 467.968
10047 40.233
1807 368.968
1806 364.968
10046 461.262
10033 94.832
5381 92
5471 88
5556 84
5632 80
5712 76
5787 72
5861 68
5935 64
6015 60
6095 56
6172 52
6246 48
6323 44
6401 40
6483 36
6565 32
6644 28
10032 846.906
10035 20.712
7089 16
7088 12
7157 8
10034 20.687
10037 305.325
10036 305.354
10039 1589.8
10038 333.822
1798 352.968
1881 348.968
1969 344.968
2060 340.968
10027 263.195
1945 260.533
2034 256.533
10026 49.423
6318 44
1850 539.968
1849 535.968
1848 531.968
1930 527.968
1929 523.968
2017 519.968
2016 515.968
2106 511.968
2105 507.968
2194 503.968
2279 499.968
2366 495.968
2365 491.968
2364 487.968
2363 483.968
2448 479.968
2532 475.968
10029 369.959
703 367
702 363
701 359
10028 668.4
10031 252.098
10030 325.03
1840 499.968
1839 495.968
1838 491.968
1845 519.968
1844 515.968
1846 523.968
10073 202.124
3025 200
3117 196
3211 192
3306 188
3402 184
3487 180
3568 176
3654 172
3736 168
3822 164
3911 160
4000 156
4089 152
4178 148
4271 144
4361 140
4449 136
4537 132
4623 128
4705 124
10072 202.289
3312 196
3311 192
1832 468.968
1831 464.968
10075 254.312
2042 252
2041 248
2133 244
2223 240
2310 236
1835 480.968
1917 476.968
2005 472.968
2004 468.968
10074 277.764
1834 476.968
1836 484.968
1918 480.968
2006 476.968
2096 472.968
2185 468.968
2184 464.968
2269 460.968
2268 456.968
2355 452.968
2354 448.968
2439 444.968
2438 440.968
2522 436.968
2607 432.968
2606 428.968
2605 424.968
2691 420.968
2690 416.968
2778 412.968
2866 408.968
10065 278.782
10064 263.946
3838 260.968
10067 149.904
4358 144
10066 278.497
10069 200.01
10068 166.106
3829 164
3917 160
4005 156
4094 152
4183 148
4275 144
4365 140
4453 136
4540 132
4625 128
4707 124
4794 120
4879 116
4963 112
5046 108
10071 105.384
5947 104
5946 100
6025 96
6105 92
6182 88
6181 84
6180 80
6254 76
6331 72
6409 68
6491 64
6573 60
6652 56
6651 52
6650 48
6649 44
6648 40
10070 11.507
10057 223.494
3580 220.025
3747 212
3835 208
3925 204
4014 200
10056 264.91
10059 442.653
1883 348.968
1971 344.968
10061 159.857
4185 156
4277 152
4367 148
4366 144
4454 140
10060 222.336
2651 216
2739 212
2827 208
2924 204
3026 200
3118 196
3212 192
3308 188
3404 184
3489 180
3570 176
3656 172
3738 168
3824 164
3913 160
10063 157.738
6712 155.956
6788 151.956
6861 146.956
6933 142.956
6934 138.956
6935 134.956
7011 130.956
7082 125.956
7151 121.956
10062 166.21
6475 160.956
6556 156.956
10049 357.938
1873 274
1872 270
1956 266
1955 262
10051 253.163
10050 323.306
2486 321.968
2572 316.968
2659 312.968
2748 308.968
2836 304.968
2936 300.968
3040 296.968
3131 292.968
3223 288.968
3318 284.968
10053 16.689
7354 14
10055 258.792
10054 432.26
1865 252
1948 248
1913 460.968
1912 456.968
1914 464.968
1916 472.968
1904 424.968
1903 420.968
1897 396.968
1899 404.968
1901 412.968
1889 364.968
1977 360.968
1976 356.968
1975 352.968
1888 360.968
1891 372.968
1894 384.968
1944 260.533
1939 563.968
1938 559.968
1937 555.968
1936 551.968
1935 547.968
1934 543.968
1933 539.968
1932 535.968
2020 531.968
2110 527.968
2199 523.968
2284 519.968
2283 515.968
2282 511.968
1928 519.968
1921 491.968
2009 487.968
2008 483.968
1920 487.968
1922 495.968
1925 507.968
2013 503.968
2012 499.968
1924 503.968
1927 515.968
2015 511.968
2014 507.968
1926 511.968
1982 380.968
2072 376.968
2161 372.968
1965 344.968
2055 340.968
2145 336.968
2231 332.968
2318 328.968
2403 324.968
2487 320.968
1967 344.968
2057 340.968
2147 336.968
2233 332.968
2320 328.968
2405 324.968
2490 320.968
2575 316.968
2661 312.968
2750 308.968
2838 304.968
2939 300.968
3042 296.968
3132 292.968
3224 288.968
1966 344.968
1954 259
2043 255
2010 491.968
1992 420.968
1991 416.968
2081 412.968
2170 408.968
2169 404.968
2254 400.968
1987 400.968
2033 256.533
2125 252.533
2217 248.533
2304 244.533
2037 244
2130 240
2024 547.968
2023 543.968
2113 539.968
2202 535.968
2287 531.968
2027 559.968
2026 555.968
2025 551.968
2019 527.968
2109 523.968
2198 519.968
2018 523.968
2108 519.968
2197 515.968
2021 535.968
2022 539.968
2075 388.968
2077 396.968
2076 392.968
2079 404.968
2065 348.968
2064 344.968
2067 356.968
2156 352.968
2241 348.968
2066 352.968
2069 364.968
2070 368.968
2159 364.968
2244 360.968
2056 340.968
2104 503.968
2103 499.968
2102 495.968
2107 515.968
2099 483.968
2098 479.968
2100 487.968
2189 483.968
2274 479.968
2361 475.968
2446 471.968
2088 440.968
2091 452.968
2180 448.968
2265 444.968
2352 440.968
2351 436.968
2350 432.968
2435 428.968
2519 424.968
2604 420.968
2603 416.968
2602 412.968
2601 408.968
2093 460.968
2092 456.968
2181 452.968
2266 448.968
2353 444.968
2095 468.968
2094 464.968
2183 460.968
2080 408.968
2082 416.968
2085 428.968
2143 336.968
2229 332.968
2316 328.968
2402 324.968
2134 248
2126 252.533
2168 400.968
2253 396.968
2340 392.968
2425 388.968
2509 384.968
2171 412.968
2173 420.968
2174 424.968
2259 420.968
2163 380.968
2153 340.968
2238 336.968
2155 348.968
2154 344.968
2239 340.968
2158 360.968
2144 336.968
2146 336.968
2148 336.968
2150 336.968
2201 531.968
2286 527.968
2193 499.968
2192 495.968
2277 491.968
2195 507.968
2196 511.968
2187 475.968
2188 479.968
2273 475.968
2360 471.968
2445 467.968
2444 463.968
2528 459.968
2191 491.968
2176 432.968
2182 456.968
2232 332.968
2319 328.968
2234 332.968
2321 328.968
2406 324.968
2225 247
2224 244
2228 333.968
2230 332.968
2317 328.968
2216 249.533
2219 244
2267 452.968
2270 464.968
2258 416.968
2261 428.968
2251 388.968
2338 384.968
2423 380.968
2507 376.968
2592 372.968
2591 368.968
2250 384.968
2252 392.968
2339 388.968
2255 404.968
2243 356.968
2281 507.968
2280 503.968
2367 499.968
2452 495.968
2285 523.968
2272 471.968
2276 487.968
2278 495.968
2333 364.968
2418 360.968
2502 356.968
2587 352.968
2673 348.968
2761 344.968
2760 340.968
2848 336.968
2847 332.968
2335 372.968
2334 368.968
2419 364.968
2325 332.968
2315 329.968
2401 325.968
2306 232
2311 240
2357 460.968
2356 456.968
2359 467.968
2345 412.968
2430 408.968
2514 404.968
2344 408.968
2348 424.968
2337 380.968
2336 376.968
2393 244.595
2479 237.595
2394 228
2396 228
2387 579.968
2386 575.968
2385 571.968
2470 567.968
2554 563.968
2553 559.968
2638 555.968
2637 551.968
2636 547.968
2635 543.968
2634 539.968
2633 535.968
2632 531.968
2631 527.968
2630 523.968
2629 519.968
2628 515.968
2627 511.968
2626 507.968
2625 503.968
2624 499.968
2623 495.968
2622 491.968
2424 384.968
2427 396.968
2429 404.968
2513 400.968
2428 400.968
2421 372.968
2505 368.968
2590 364.968
2589 360.968
2588 356.968
2674 352.968
2420 368.968
2422 376.968
2408 324.968
2492 320.968
2577 316.968
2404 324.968
2489 320.968
2574 316.968
2457 515.968
2456 511.968
2455 507.968
2454 503.968
2459 523.968
2458 519.968
2460 527.968
2544 523.968
2449 483.968
2451 491.968
2450 487.968
2534 483.968
2533 479.968
2441 452.968
2440 448.968
2442 456.968
2433 420.968
2432 416.968
2516 412.968
2488 320.968
2573 316.968
2495 328.968
2480 224
2564 220
2482 224
2566 220
2485 232
2484 228
2568 224
2520 428.968
2523 440.968
2525 448.968
2610 444.968
2609 440.968
2608 436.968
2526 452.968
2611 448.968
2512 396.968
2517 416.968
2518 420.968
2504 364.968
2506 372.968
2508 380.968
2511 392.968
2498 340.968
2583 336.968
2669 332.968
2757 328.968
2845 324.968
2844 320.968
2503 360.968
2539 503.968
2538 499.968
2541 511.968
2540 507.968
2543 519.968
2542 515.968
2529 463.968
2535 487.968
2585 344.968
2586 348.968
2672 344.968
2569 228
2570 232
2657 228
2745 224
2744 220
2832 216
2831 212
2928 208
3030 204
3122 200
2563 220
2649 220
2735 216
2821 211
2914 207
3016 203
3109 199
2650 219
2736 215
2822 210
2653 216
2655 220
2681 380.968
2680 376.968
2768 372.968
2767 368.968
2855 364.968
2683 388.968
2682 384.968
2685 396.968
2773 392.968
2861 388.968
2860 384.968
2684 392.968
2772 388.968
2687 404.968
2775 400.968
2863 396.968
2686 400.968
2774 396.968
2862 392.968
2675 356.968
2676 360.968
2764 356.968
2763 352.968
2671 340.968
2656 224
2660 312.968
2662 312.968
2713 527.968
2712 523.968
2711 519.968
2710 515.968
2709 511.968
2708 507.968
2705 495.968
2704 491.968
2703 487.968
2702 483.968
2701 479.968
2700 475.968
2699 471.968
2707 503.968
2706 499.968
2689 412.968
2777 408.968
2865 404.968
2864 400.968
2688 408.968
2776 404.968
2693 428.968
2692 424.968
2747 308.968
2835 304.968
2746 226
2833 220
2749 308.968
2837 304.968
2937 300.968
3041 296.968
2737 214
2740 212
2828 208
2743 216
2733 221
2819 216
2779 416.968
2781 424.968
2780 420.968
2769 376.968
2771 384.968
2770 380.968
2762 348.968
2766 364.968
2793 507.968
2792 503.968
2795 515.968
2794 511.968
2797 523.968
2796 519.968
2799 531.968
2798 527.968
2785 475.968
2784 471.968
2787 483.968
2786 479.968
2789 491.968
2788 487.968
2791 499.968
2790 495.968
2873 476.968
2872 474.968
2972 470.968
3066 466.968
2875 484.968
2874 480.968
2877 492.968
2876 488.968
2879 500.968
2878 496.968
2867 412.968
2857 372.968
2856 368.968
2859 380.968
2858 376.968
2850 344.968
2849 340.968
2854 360.968
2909 223
2910 219
2911 215
3014 208
2888 536.968
2881 508.968
2880 504.968
2883 516.968
2882 512.968
2885 524.968
2884 520.968
2887 532.968
2886 528.968
2930 216
3032 212
3124 208
3123 204
2933 306.968
3037 302.968
3038 298.968
3129 294.968
3222 289.968
3317 285.968
3408 281.968
2932 310.968
2935 301.968
3039 297.968
3130 293.968
2921 204
3024 200
2923 204
2922 204
2925 204
2912 212
2969 416.968
2971 424.968
2970 420.968
2973 474.968
2975 482.968
3069 478.968
3068 474.968
3067 470.968
2974 478.968
2985 522.968
3079 518.968
3078 514.968
3077 510.968
3076 506.968
3075 502.968
3074 498.968
3073 494.968
3072 490.968
3071 486.968
3070 482.968
2984 518.968
2987 530.968
2986 526.968
3080 522.968
2989 538.968
3083 534.968
3082 530.968
3081 526.968
2988 534.968
2977 490.968
2976 486.968
2979 498.968
2978 494.968
2981 506.968
2980 502.968
2983 514.968
2982 510.968
3033 215
3035 310.968
3126 306.968
3219 301.968
3220 297.968
3315 293.968
3316 289.968
3034 314.968
3125 310.968
3218 305.968
3036 306.968
3127 302.968
3027 200
3119 196
3213 192
3309 188
3019 201
3112 197
3206 193
3302 189
3398 185
3484 181
3566 177
3018 202
3021 201
3113 197
3207 193
3020 201
3022 201
3115 197
3210 192
3013 226
3012 230
3065 423.968
3064 419.968
3063 415.968
3062 411.968
3061 407.968
3060 403.968
3059 399.968
3058 395.968
3057 391.968
3056 387.968
3055 383.968
3054 379.968
3053 375.968
3052 371.968
3051 367.968
3050 363.968
3049 359.968
3048 355.968
3047 351.968
3046 347.968
3084 538.968
3120 196
3214 192
3114 197
3208 193
3303 189
3116 196
3111 198
3161 471.968
3160 467.968
3163 479.968
3162 475.968
3165 487.968
3164 483.968
3167 495.968
3166 491.968
3152 407.968
3155 419.968
3154 415.968
3156 423.968
3145 379.968
3144 375.968
3143 371.968
3147 387.968
3146 383.968
3149 395.968
3148 391.968
3151 403.968
3150 399.968
3141 363.968
3140 359.968
3139 355.968
3142 367.968
3177 535.968
3176 531.968
3175 527.968
3174 523.968
3173 519.968
3172 515.968
3171 511.968
3170 507.968
3169 503.968
3168 499.968
3178 539.968
3231 364.968
3209 193
3305 189
3400 185
3486 181
3567 177
3651 173
3733 169
3205 194
3257 481.968
3256 477.968
3255 473.968
3254 469.968
3253 465.968
3252 461.968
3251 457.968
3250 453.968
3259 489.968
3258 485.968
3261 497.968
3260 493.968
3263 505.968
3262 501.968
3241 404.968
3240 400.968
3245 420.968
3244 416.968
3153 411.968
3246 424.968
3233 372.968
3232 368.968
3239 396.968
3238 392.968
3272 541.968
3271 537.968
3270 533.968
3269 529.968
3268 525.968
3267 521.968
3266 517.968
3265 513.968
3264 509.968
3275 553.968
3274 549.968
3273 545.968
3304 189
3399 185
3485 181
3307 188
3299 195
3394 191
3298 199
3353 490.968
3352 486.968
3351 482.968
3350 478.968
3349 474.968
3348 470.968
3347 466.968
3346 462.968
3345 458.968
3344 454.968
3343 450.968
3342 446.968
3341 442.968
3355 498.968
3354 494.968
3357 506.968
3356 502.968
3359 514.968
3358 510.968
3361 522.968
3360 518.968
3363 530.968
3362 526.968
3365 538.968
3364 534.968
3417 407.968
3416 403.968
3419 415.968
3418 411.968
3421 423.968
3420 419.968
3422 427.968
3401 188
3393 195
3477 203.167
3478 200.615
3513 452.968
3512 448.968
3515 460.968
3514 456.968
3517 468.968
3516 464.968
3519 476.968
3518 472.968
3505 420.968
3504 416.968
3507 428.968
3506 424.968
3509 436.968
3508 432.968
3510 440.968
3503 412.968
3502 408.968
3492 180
3572 176
3658 172
3740 168
3529 516.968
3528 512.968
3531 524.968
3530 520.968
3533 532.968
3532 528.968
3535 540.968
3534 536.968
3520 480.968
3523 492.968
3522 488.968
3525 500.968
3524 496.968
3527 508.968
3526 504.968
3579 224.025
3581 224.025
3611 504.968
3610 500.968
3613 512.968
3612 508.968
3615 520.968
3614 516.968
3601 464.968
3600 460.968
3603 472.968
3602 468.968
3605 480.968
3604 476.968
3606 484.968
3593 432.968
3592 428.968
3595 440.968
3594 436.968
3597 448.968
3511 444.968
3596 444.968
3599 456.968
3598 452.968
3589 416.968
3588 412.968
3591 424.968
3590 420.968
3624 556.968
3538 552.968
3617 528.968
3616 524.968
3619 536.968
3618 532.968
3620 540.968
3673 420.968
3672 416.968
3675 428.968
3674 424.968
3677 436.968
3676 432.968
3679 444.968
3678 440.968
3705 548.968
3621 544.968
3704 544.968
3703 540.968
3702 536.968
3707 556.968
3623 552.968
3537 548.968
3697 516.968
3696 512.968
3695 508.968
3699 524.968
3698 520.968
3701 532.968
3700 528.968
3689 484.968
3688 480.968
3691 492.968
3690 488.968
3692 496.968
3694 504.968
3681 452.968
3680 448.968
3683 460.968
3682 456.968
3685 468.968
3684 464.968
3687 476.968
3686 472.968
3741 168
3827 164
3915 160
4003 156
4092 152
4181 148
3742 169.131
3730 174
3818 170
3905 166
3906 162
3995 158
4085 153
3734 173
3769 457.968
3768 453.968
3771 465.968
3770 461.968
3773 473.968
3772 469.968
3775 481.968
3774 477.968
3761 425.968
3760 421.968
3763 433.968
3762 429.968
3765 441.968
3764 437.968
3767 449.968
3766 445.968
3753 269.968
3842 265.968
3931 261.968
4019 257.968
4108 253.968
4199 249.968
4291 245.968
4471 235.968
3752 266.968
3841 262.968
3930 258.968
4018 254.968
4107 250.968
4198 246.968
4290 242.968
3746 216
3748 212
3836 208
3751 266.968
3793 553.968
3792 549.968
3795 561.968
3796 565.968
3708 560.968
3785 521.968
3784 517.968
3787 529.968
3786 525.968
3789 537.968
3788 533.968
3791 545.968
3790 541.968
3777 489.968
3776 485.968
3779 497.968
3778 493.968
3780 501.968
3783 513.968
3782 509.968
3833 178
3921 174
3920 170
4008 166
4096 160
3834 182
3922 178
4010 174
4009 170
3837 208
3926 204
3825 164
3828 168
3819 170
3821 164
3910 160
3999 156
4088 152
3865 493.968
3864 489.968
3867 501.968
3866 497.968
3868 505.968
3857 461.968
3856 457.968
3855 453.968
3859 469.968
3858 465.968
3861 477.968
3860 473.968
3863 485.968
3862 481.968
3849 429.968
3848 425.968
3851 437.968
3850 433.968
3853 445.968
3852 441.968
3854 449.968
3840 262.968
3889 589.968
3888 585.968
3800 581.968
3712 576.968
3711 572.968
3710 568.968
3709 564.968
3625 560.968
3539 556.968
3881 557.968
3880 553.968
3883 565.968
3882 561.968
3794 557.968
3706 552.968
3622 548.968
3885 573.968
3884 569.968
3887 581.968
3799 577.968
3886 577.968
3798 573.968
3875 533.968
3874 529.968
3877 541.968
3876 537.968
3879 549.968
3878 545.968
3929 258.968
4017 254.968
4106 250.968
3932 427.355
3923 182
4011 178
3924 205
4013 201
3916 160
3904 170
3993 166
4083 161
3909 160
3998 156
4087 152
3961 525.968
3960 521.968
3959 517.968
3958 513.968
3957 509.968
3956 505.968
3955 501.968
3954 497.968
3967 549.968
3953 493.968
3952 489.968
3951 485.968
3950 481.968
3949 477.968
3948 473.968
3945 461.968
3944 457.968
3947 469.968
3946 465.968
3943 453.968
3992 170
4082 165
3977 589.968
3976 585.968
3979 597.968
3890 593.968
3978 593.968
3969 557.968
3968 553.968
3971 565.968
3970 561.968
3973 573.968
3972 569.968
3975 581.968
3974 577.968
4024 427.968
3934 423.968
4031 449.968
3941 445.968
3940 441.968
3939 437.968
3938 433.968
3937 429.968
4023 427.968
3933 423.968
4001 156
4090 152
4004 156
4093 152
4006 160
4095 156
4184 152
4276 148
4059 561.968
4058 557.968
4061 569.968
4060 565.968
4063 577.968
4062 573.968
4049 521.968
4048 517.968
4051 529.968
4050 525.968
4053 537.968
4052 533.968
4055 545.968
4054 541.968
4041 489.968
4040 485.968
4039 481.968
4038 477.968
4037 473.968
4036 469.968
4035 465.968
4043 497.968
4042 493.968
4045 505.968
4044 501.968
4047 513.968
4046 509.968
4033 457.968
4032 453.968
4034 461.968
4065 585.968
4064 581.968
4067 593.968
4066 589.968
4069 601.968
4068 597.968
4071 609.968
3981 605.968
3892 601.968
3804 597.968
3716 592.968
3715 588.968
3714 584.968
3630 580.968
3544 576.968
4070 605.968
3980 601.968
4121 454.968
4123 462.968
4122 458.968
4112 431.968
4104 248.968
4111 431.968
4022 427.968
4097 168
4187 164
4186 160
4101 200
4153 582.968
4152 578.968
4155 590.968
4154 586.968
4157 598.968
4156 594.968
4159 606.968
4158 602.968
4145 550.968
4144 546.968
4149 566.968
4148 562.968
4151 574.968
4150 570.968
4137 518.968
4136 514.968
4139 526.968
4138 522.968
4141 534.968
4140 530.968
4143 542.968
4142 538.968
4131 494.968
4130 490.968
4133 502.968
4132 498.968
4135 510.968
4134 506.968
4189 172
4188 168
4190 176
4177 148
4161 614.968
4160 610.968
4162 618.968
4072 613.968
4216 466.968
4215 462.968
4214 458.968
4203 435.968
4249 598.968
4248 594.968
4247 590.968
4251 606.968
4250 602.968
4253 614.968
4252 610.968
4255 622.968
4254 618.968
4241 566.968
4243 574.968
4242 570.968
4245 582.968
4244 578.968
4246 586.968
4233 534.968
4232 530.968
4231 526.968
4235 542.968
4234 538.968
4237 550.968
4236 546.968
4224 498.968
4227 510.968
4226 506.968
4229 518.968
4228 514.968
4230 522.968
4281 168
4371 164
4370 160
4369 156
4457 152
4456 148
4455 144
4280 164
4283 176
4282 172
4372 168
4287 192
4377 188
4465 184
4464 180
4463 176
4550 172
4549 168
4548 164
4633 160
4715 156
4714 152
4272 144
4362 140
4450 136
4274 144
4364 140
4279 160
4278 156
4368 152
4265 165
4266 161
4264 169
4256 626.968
4263 173
4262 650.968
4261 646.968
4168 642.968
4078 637.968
4077 633.968
4076 629.968
3986 625.968
3897 621.968
3896 617.968
3895 613.968
3894 609.968
3893 605.968
4317 506.968
4316 502.968
4315 498.968
4314 494.968
4222 490.968
4129 486.968
4319 514.968
4318 510.968
4305 458.968
4304 454.968
4303 450.968
4302 446.968
4210 442.968
4295 439.968
4294 439.968
4345 618.968
4344 614.968
4347 626.968
4346 622.968
4348 630.968
4337 586.968
4336 582.968
4339 594.968
4338 590.968
4341 602.968
4340 598.968
4343 610.968
4342 606.968
4329 554.968
4328 550.968
4333 570.968
4335 578.968
4334 574.968
4320 518.968
4323 530.968
4325 538.968
4324 534.968
4327 546.968
4326 542.968
4360 140
4355 171
4354 175
4357 148
4409 511.968
4408 507.968
4411 519.968
4410 515.968
4413 527.968
4321 522.968
4412 523.968
4415 535.968
4414 531.968
4322 526.968
4395 455.968
4394 451.968
4387 443.968
4296 439.968
4205 435.968
4113 431.968
4388 443.968
4297 439.968
4206 435.968
4441 639.968
4349 634.968
4257 630.968
4164 626.968
4074 621.968
3984 617.968
4440 635.968
4442 643.968
4350 638.968
4445 175
4444 651.968
4352 646.968
4351 642.968
4259 638.968
4166 634.968
4447 148
4433 607.968
4432 603.968
4435 615.968
4434 611.968
4437 623.968
4436 619.968
4438 627.968
4429 591.968
4431 599.968
4430 595.968
4417 543.968
4416 539.968
4419 551.968
4418 547.968
4421 559.968
4420 555.968
4462 172
4452 136
4505 543.968
4504 539.968
4503 535.968
4502 531.968
4501 527.968
4500 523.968
4507 551.968
4506 547.968
4508 555.968
4497 511.968
4496 507.968
4407 503.968
4499 519.968
4498 515.968
4488 475.968
4487 471.968
4398 467.968
4306 462.968
4485 463.968
4396 459.968
4484 459.968
4486 467.968
4538 132
4541 136
4626 132
4708 128
4795 124
4880 120
4964 116
5047 112
5128 108
5207 104
5294 100
5385 96
5475 92
5560 88
5636 84
5715 80
5790 76
4529 639.968
4528 635.968
4439 631.968
4531 647.968
4530 643.968
4533 179
4532 651.968
4534 183
4521 607.968
4523 615.968
4522 611.968
4525 623.968
4524 619.968
4527 631.968
4526 627.968
4571 463.968
4570 459.968
4573 471.968
4572 467.968
4575 479.968
4553 184
4638 180
4637 176
4636 172
4635 168
4552 180
4554 188
4639 184
4551 176
4593 551.968
4592 547.968
4591 543.968
4590 539.968
4595 559.968
4594 555.968
4596 563.968
4587 527.968
4589 535.968
4588 531.968
4576 483.968
4489 479.968
4632 156
4634 164
4617 647.968
4619 183
4618 651.968
4621 129
4609 615.968
4611 623.968
4610 619.968
4613 631.968
4612 627.968
4615 639.968
4614 635.968
4657 467.968
4659 475.968
4658 471.968
4660 479.968
4574 475.968
4642 196
4697 627.968
4699 635.968
4698 631.968
4701 643.968
4700 639.968
4702 647.968
4681 563.968
4680 559.968
4683 571.968
4597 567.968
4510 563.968
4682 567.968
4684 575.968
4674 535.968
4677 547.968
4676 543.968
4675 539.968
4679 555.968
4678 551.968
4730 219
4763 540.968
4765 548.968
4767 556.968
4766 552.968
4747 476.968
4746 472.968
4749 484.968
4748 480.968
4750 488.968
4661 483.968
4785 628.968
4696 623.968
4695 619.968
4787 636.968
4786 632.968
4789 644.968
4788 640.968
4791 652.968
4790 648.968
4769 564.968
4768 560.968
4771 572.968
4772 576.968
4817 212
4816 208
4901 204
4985 200
4984 196
5067 192
5148 188
5147 184
5226 180
5225 176
5224 172
5223 168
5222 164
5221 160
5220 156
5219 152
5306 148
5397 144
5487 140
4818 216
4903 212
4987 208
4986 204
4815 204
4900 200
4860 584.968
4859 580.968
4853 556.968
4852 552.968
4855 564.968
4854 560.968
4843 516.968
4842 512.968
4755 508.968
4666 503.968
4580 499.968
4493 495.968
4492 491.968
4491 487.968
4490 483.968
4835 484.968
4834 480.968
4839 500.968
4752 496.968
4663 491.968
4577 487.968
4889 156
4973 152
5056 148
5137 144
5216 140
5303 136
5394 132
5484 128
5569 124
5568 120
5567 116
5566 112
5565 108
5564 104
5563 100
5639 96
5718 92
5793 88
5792 84
4888 152
4972 148
4971 144
4970 140
4969 136
4968 132
4891 164
4975 160
5058 156
5139 152
5218 148
5217 144
4893 172
4977 168
4976 164
4892 168
4895 180
4894 176
4881 124
4882 128
4887 148
4873 636.968
4872 632.968
4875 644.968
4874 640.968
4877 652.968
4876 648.968
4865 604.968
4864 600.968
4918 480.968
4917 476.968
4897 188
4896 184
4899 196
4898 192
4902 208
4957 636.968
4956 632.968
4955 628.968
4870 624.968
4783 620.968
4694 615.968
4693 611.968
4692 607.968
4606 603.968
4519 599.968
4518 595.968
4959 644.968
4958 640.968
4945 588.968
4947 596.968
4946 592.968
4861 588.968
4774 584.968
4685 579.968
4599 575.968
4598 571.968
4937 556.968
4936 552.968
4935 548.968
4850 544.968
4939 564.968
4938 560.968
4940 568.968
4942 576.968
4857 572.968
4856 568.968
4979 176
4978 172
4981 184
4980 180
4983 192
5066 188
4982 188
4974 156
4961 652.968
4960 648.968
5020 557.968
5022 565.968
5011 521.968
4927 516.968
5015 537.968
4931 532.968
4930 528.968
4929 524.968
4928 520.968
5051 128
5132 124
5211 120
5210 116
5209 112
5050 124
5131 120
5053 136
5052 132
5133 128
5212 124
5299 120
5390 116
5389 112
5388 108
5387 104
5055 144
5136 140
5215 136
5214 132
5213 128
5300 124
5041 641.968
5040 637.968
5043 649.968
5042 645.968
5044 653.968
5033 609.968
5032 605.968
5027 585.968
4943 580.968
5026 581.968
5031 601.968
5030 597.968
5065 184
5146 180
5064 180
5063 176
5062 172
5061 168
5060 164
5059 160
5057 152
5113 605.968
5112 601.968
5101 557.968
5019 553.968
5102 561.968
5093 525.968
5092 521.968
5091 517.968
5090 513.968
5008 509.968
4924 504.968
4923 500.968
4922 496.968
4921 492.968
4920 488.968
4919 484.968
5094 529.968
5145 176
5144 172
5138 148
5141 160
5140 156
5143 168
5142 164
5130 116
5123 645.968
5122 641.968
5125 653.968
5124 649.968
5126 657.968
5176 541.968
5096 537.968
5095 533.968
5175 537.968
5203 649.968
5202 645.968
5205 657.968
5204 653.968
5193 609.968
5192 605.968
5191 601.968
5190 597.968
5110 593.968
5109 589.968
5108 585.968
5107 581.968
5106 577.968
5024 573.968
5194 613.968
5114 609.968
5275 610.968
5274 606.968
5276 614.968
5305 144
5304 140
5307 152
5309 160
5308 156
5399 152
5398 148
5310 164
5401 160
5491 156
5296 108
5301 128
5302 132
5287 658.968
5361 606.968
5360 602.968
5359 598.968
5358 594.968
5357 590.968
5356 586.968
5355 582.968
5267 578.968
5184 573.968
5183 569.968
5103 565.968
5400 156
5393 128
5392 124
5391 120
5395 136
5396 140
5380 92
5382 92
5472 88
5557 84
5634 80
5465 658.968
5489 148
5488 144
5490 152
5493 164
5483 124
5485 132
5486 136
5554 84
5631 80
5710 76
5785 72
5860 68
5585 185.893
5661 181.893
5740 177.893
5815 173.893
5889 169.893
5962 165.893
6042 161.893
6122 157.893
6199 153.893
6273 149.893
6350 145.893
6428 141.893
5579 164
5578 160
5580 168
5626 659.968
5549 654.968
5548 650.968
5547 646.968
5546 642.968
5545 638.968
5544 634.968
5458 630.968
5366 626.968
5278 622.968
5195 617.968
5657 168
5736 164
5811 160
5810 156
5809 152
5808 148
5882 144
5955 140
5954 136
6034 132
6114 128
6191 124
6265 120
6342 116
6420 112
6502 108
6501 104
6583 100
6662 96
6661 92
6660 88
6659 84
6658 80
6736 76
6735 72
6734 68
6733 64
6732 60
6731 56
6730 52
6729 48
6728 44
6727 40
6726 36
5656 164
5655 160
5654 156
5653 152
5652 148
5651 144
5650 140
5649 136
5648 132
5727 128
5802 124
5801 120
5800 116
5799 112
5798 108
5872 104
5659 176
5738 172
5813 168
5812 164
5658 172
5660 178.893
5739 174.893
5814 170.893
5888 166.893
5961 162.893
6041 158.893
6121 154.893
6198 150.893
6272 146.893
6349 142.893
6427 138.893
6509 134.893
5662 185.893
5647 128
5695 619.968
5615 615.968
5538 610.968
5452 606.968
5725 120
5724 116
5726 124
5737 168
5729 136
5804 132
5803 128
5728 132
5730 140
5805 136
5733 152
5735 160
5734 156
5788 72
5862 68
5806 140
5881 140
5880 136
5953 132
6033 128
6113 124
6112 120
6111 116
6110 112
6109 108
6108 104
6185 100
6259 96
6336 92
6335 88
6334 84
6333 80
6332 76
6410 72
5883 148
5885 156
5958 152
6038 148
6118 144
6117 140
6116 136
6115 132
6192 128
5884 152
5957 148
6037 144
5887 164
5960 160
6040 156
6120 152
6197 148
6271 144
6348 140
6347 136
6346 132
6345 128
6344 124
6343 120
6421 116
6503 112
5886 160
5873 108
5875 120
5874 116
5877 124
5950 120
5949 116
6029 112
5876 120
5879 132
5878 128
5951 124
5939 72
5952 128
5956 144
5959 156
6001 232.956
6082 227.956
6083 223.956
6159 219.956
6234 215.956
6309 210.956
6310 206.956
6311 202.956
6312 198.956
6000 664.968
5927 660.968
5853 656.968
5778 651.968
5777 647.968
5701 643.968
5700 639.968
5620 635.968
5543 630.968
5542 626.968
5456 622.968
5364 618.968
6003 224.956
6084 219.956
6085 215.956
6161 211.956
6236 207.956
6002 228.956
6004 220.956
6032 124
6035 136
6036 140
6039 152
6027 104
6107 100
6184 96
6258 92
6031 120
6030 116
6081 231.956
6119 148
6160 215.956
6162 207.956
6237 203.956
6155 665.968
6079 660.968
5998 656.968
5925 652.968
5924 648.968
5850 644.968
5775 639.968
5774 635.968
5773 631.968
5772 627.968
5696 623.968
5616 619.968
5539 614.968
6157 227.956
6232 223.956
6307 218.956
6308 214.956
6156 231.956
6231 227.956
6306 222.956
6158 223.956
6193 132
6195 140
6269 136
6194 136
6196 144
6187 108
6261 104
6338 100
6337 96
6186 104
6189 116
6263 112
6340 108
6339 104
6188 112
6190 120
6264 116
6341 112
6233 219.956
6235 211.956
6230 665.968
6229 661.968
6153 657.968
6077 652.968
5996 648.968
5995 644.968
5994 640.968
5993 636.968
5920 632.968
5919 628.968
5918 624.968
5844 620.968
5769 615.968
5768 611.968
5692 607.968
5612 603.968
5535 598.968
5449 594.968
5448 590.968
5447 586.968
5446 582.968
5445 578.968
5353 574.968
5265 570.968
5182 565.968
5181 561.968
5180 557.968
5179 553.968
5099 549.968
5098 545.968
5097 541.968
6267 128
6266 124
6268 132
6270 140
6262 108
6241 48
6305 226.956
6351 149.893
6393 179.956
6394 175.956
6392 183.956
6385 211.956
6386 207.956
6387 203.956
6388 199.956
6389 195.956
6390 191.956
6391 187.956
6384 215.956
6381 227.956
6382 223.956
6383 219.956
6380 666.968
6303 661.968
6302 657.968
6227 653.968
6226 649.968
6150 645.968
6074 640.968
6425 132
6507 128
6589 124
6668 120
6667 116
6745 112
6424 128
6423 124
6505 120
6587 116
6586 112
6585 108
6584 104
6426 136
6417 100
6416 96
6415 92
6497 88
6579 84
6418 104
6422 120
6411 76
6412 80
6459 224.956
6460 220.956
6461 216.956
6462 212.956
6543 208.956
6623 203.956
6701 199.956
6702 195.956
6778 191.956
6851 186.956
6852 182.956
6853 178.956
6854 174.956
6855 170.956
6856 166.956
6857 162.956
6858 158.956
6930 154.956
7006 150.956
7077 145.956
7146 141.956
7147 137.956
7148 133.956
7149 129.956
7150 125.956
6458 228.956
6539 224.956
6619 219.956
6620 215.956
6621 211.956
6699 207.956
6700 203.956
6463 208.956
6544 204.956
6624 199.956
6473 168.956
6554 164.956
6634 159.956
6472 172.956
6477 155.956
6558 151.956
6638 146.956
6716 142.956
6792 138.956
6865 133.956
6937 129.956
7013 125.956
6476 156.956
6557 152.956
6478 154.956
6559 150.956
6639 145.956
6717 141.956
6793 137.956
6866 132.956
6938 128.956
6465 200.956
6546 196.956
6626 191.956
6627 187.956
6628 183.956
6629 179.956
6630 175.956
6708 171.956
6709 167.956
6710 163.956
6711 159.956
6787 155.956
6860 150.956
6932 146.956
6464 204.956
6545 200.956
6625 195.956
6467 192.956
6548 188.956
6466 196.956
6547 192.956
6469 184.956
6550 180.956
6468 188.956
6549 184.956
6471 176.956
6552 172.956
6632 167.956
6633 163.956
6470 180.956
6551 176.956
6631 171.956
6504 116
6506 124
6508 132
6499 96
6581 92
6498 92
6500 100
6582 96
6553 168.956
6541 216.956
6540 220.956
6542 212.956
6622 207.956
6588 120
6590 128
6669 124
6747 120
6580 88
6575 68
6654 64
6653 60
6560 149.956
6640 144.956
6718 140.956
6618 223.956
6665 108
6664 104
6663 100
6666 112
6713 151.956
6714 147.956
6705 183.956
6706 179.956
6782 175.956
6704 187.956
6780 183.956
6707 175.956
6697 215.956
6773 211.956
6846 206.956
6918 202.956
6919 198.956
6920 194.956
6996 190.956
7067 185.956
7068 181.956
7069 177.956
7070 173.956
7071 169.956
7140 165.956
7141 161.956
7142 157.956
7207 153.956
7208 149.956
7275 145.956
7343 140.956
7412 136.956
7413 132.956
7414 128.956
6696 219.956
6772 215.956
6845 210.956
6698 211.956
6703 191.956
6695 223.956
6771 219.956
6844 214.956
6744 108
6746 116
6737 80
6739 88
6738 84
6741 96
6740 92
6743 104
6742 100
6777 195.956
6850 190.956
6922 186.956
6923 182.956
6924 178.956
6925 174.956
6926 170.956
6927 166.956
6928 162.956
7004 158.956
7075 153.956
7076 149.956
7145 145.956
6776 199.956
6849 194.956
6779 187.956
6781 179.956
6783 171.956
6770 671.968
6694 667.968
6616 662.968
6536 658.968
6454 654.968
6376 650.968
6299 645.968
6298 641.968
6223 637.968
6222 633.968
6146 629.968
6070 624.968
5989 620.968
5916 616.968
5842 612.968
5767 607.968
5766 603.968
5690 599.968
5689 595.968
5609 591.968
5532 586.968
6775 203.956
6848 198.956
6774 207.956
6847 202.956
6809 64
6808 60
6807 56
6806 52
6805 48
6811 72
6810 68
6813 80
6812 76
6815 88
6814 84
6785 163.956
6784 167.956
6786 159.956
6859 154.956
6931 150.956
6789 147.956
6862 142.956
6863 138.956
6790 143.956
6843 218.956
6915 214.956
6991 210.956
7062 205.956
7131 201.956
7196 197.956
7197 193.956
7198 189.956
7199 185.956
7266 181.956
7334 176.956
7403 172.956
6817 96
6816 92
6818 100
6870 20
6910 277.956
6893 112
6941 16
6929 158.956
7005 154.956
6921 190.956
6914 218.956
6917 206.956
6916 210.956
6953 72
6952 68
6951 64
6950 60
7024 56
7095 52
7094 48
7093 44
7163 40
7229 36
7228 32
7162 28
7161 24
7160 20
7159 16
7158 12
6954 76
6957 88
6956 84
7030 80
7101 76
7100 72
7099 68
7098 64
7168 60
7234 56
7233 52
7232 48
7231 44
7230 40
6959 96
6958 92
7032 88
7103 84
7102 80
6949 56
6948 52
6947 48
7001 170.956
7072 165.956
7073 161.956
7074 157.956
7000 174.956
7002 166.956
7007 146.956
7078 141.956
6993 202.956
7064 197.956
7065 193.956
7066 189.956
6992 206.956
7063 201.956
6995 194.956
6994 198.956
6997 186.956
6999 178.956
6998 182.956
6985 242.956
7054 237.956
7123 233.956
7124 229.956
7189 225.956
7190 221.956
7191 217.956
7192 213.956
7193 209.956
7194 205.956
7195 201.956
7262 197.956
7330 192.956
7399 188.956
7400 184.956
7401 180.956
6984 246.956
7053 241.956
7122 237.956
6987 234.956
7056 229.956
7125 225.956
6986 238.956
7055 233.956
6989 218.956
7060 213.956
7061 209.956
6988 230.956
7057 225.956
7058 221.956
7059 217.956
6990 214.956
6977 274.956
7046 269.956
7115 265.956
7116 261.956
7117 257.956
7118 253.956
7119 249.956
6976 278.956
7045 273.956
7114 269.956
6979 266.956
7048 261.956
6978 270.956
7047 265.956
6981 258.956
7050 253.956
6980 262.956
7049 257.956
6983 250.956
7052 245.956
7033 92
7034 96
7025 60
7027 68
7026 64
7029 76
7028 72
7031 84
7023 52
7009 138.956
7080 133.956
7008 142.956
7079 137.956
7010 134.956
7081 129.956
7044 277.956
7097 60
7167 56
7096 56
7090 20
7129 209.956
7128 213.956
7130 205.956
7133 193.956
7132 197.956
7135 185.956
7200 181.956
7201 177.956
7268 173.956
7336 168.956
7405 164.956
7134 189.956
7121 241.956
7127 217.956
7126 221.956
7113 273.956
7112 277.956
7105 92
7175 88
7174 84
7173 80
7239 76
7238 72
7237 68
7236 64
7235 60
7104 88
7165 48
7164 44
7166 52
7144 149.956
7137 177.956
7138 173.956
7203 169.956
7204 165.956
7271 161.956
7339 156.956
7408 152.956
7409 148.956
7136 181.956
7139 169.956
7143 153.956
7184 245.956
7251 241.956
7319 236.956
7388 232.956
7187 233.956
7188 229.956
7186 237.956
7253 233.956
7321 228.956
7177 273.956
7178 269.956
7245 265.956
7313 260.956
7314 256.956
7383 252.956
7384 248.956
7385 244.956
7386 240.956
7387 236.956
7176 92
7179 265.956
7246 261.956
7181 257.956
7248 253.956
7316 248.956
7180 261.956
7247 257.956
7315 252.956
7183 249.956
7250 245.956
7318 240.956
7182 253.956
7249 249.956
7317 244.956
7169 64
7171 72
7170 68
7227 28
7226 24
7216 117.956
7219 8
7154 4
7209 145.956
7276 141.956
7344 136.956
7211 137.956
7278 133.956
7346 128.956
7415 124.956
7416 120.956
7417 116.956
7418 112.956
7419 108.956
7420 104.956
7210 141.956
7213 129.956
7280 125.956
7348 120.956
7212 133.956
7279 129.956
7347 124.956
7215 121.956
7282 117.956
7350 112.956
7214 125.956
7281 121.956
7349 116.956
7202 173.956
7269 169.956
7337 164.956
7406 160.956
7407 156.956
7205 161.956
7272 157.956
7340 152.956
7341 148.956
7342 144.956
7206 157.956
7257 217.956
7325 212.956
7326 208.956
7395 204.956
7396 200.956
7256 221.956
7324 216.956
7259 209.956
7327 204.956
7328 200.956
7397 196.956
7258 213.956
7261 201.956
7329 196.956
7398 192.956
7260 205.956
7263 193.956
7331 188.956
7241 84
7240 80
7243 273.956
7311 268.956
7380 264.956
7446 260.956
7447 256.956
7448 252.956
7449 248.956
7450 244.956
7451 240.956
7452 236.956
7453 232.956
7454 228.956
7455 224.956
7456 220.956
7457 216.956
7242 88
7244 269.956
7312 264.956
7289 12
7290 16
7293 28
7295 36
7294 32
7283 113.956
7351 108.956
7287 8
7273 153.956
7274 149.956
7277 137.956
7345 132.956
7265 185.956
7333 180.956
7264 189.956
7332 184.956
7267 177.956
7335 172.956
7404 168.956
7270 165.956
7338 160.956
7323 220.956
7305 76
7304 72
7303 68
7307 84
7306 80
7310 272.956
7379 268.956
7445 264.956
7297 44
7296 40
7299 52
7298 48
7301 60
7300 56
7302 64
7353 104
7555 92
7356 12
7359 17
7376 85
7369 57
7368 53
7371 65
7370 61
7373 73
7372 69
7361 25
7360 21
7363 33
7365 41
7367 49
7366 45
7422 18
7411 140.956
7410 144.956
7402 176.956
7394 208.956
7441 73
7440 69
7442 77
7433 41
7364 37
7432 37
7435 49
7434 45
7437 57
7436 53
7439 65
7438 61
7425 16
7424 16
7430 29
7513 260
7514 256
7515 252
7516 248
7517 244
7518 240
7519 236
7520 232
7521 228
7522 224
7523 220
7524 216
7525 212
7526 208
7527 204
7528 200
7529 196
7530 192
7531 188
7532 184
7533 180
7534 176
7535 172
7536 168
7537 164
7538 160
7539 156
7540 152
7541 148
7542 144
7543 140
7544 136
7545 132
7546 128
7547 124
7548 120
7549 116
7550 112
7551 108
7552 104
7553 100
7554 96
7505 65
7504 61
7503 57
7507 73
7506 69
7509 81
7491 20
7490 20
7495 25
7579 78
7580 82
7508 77
7582 269
7655 265
7656 261
7657 257
7658 253
7659 249
7660 245
7661 241
7662 237
7663 233
7664 229
7665 225
7666 221
7667 217
7668 213
7741 209
7815 204
7568 34
7570 42
7573 54
7572 50
7575 62
7561 24
7562 24
7567 30
7559 26
7488 22
7609 161
7610 157
7683 153
7756 149
7830 144
7608 165
7681 161
7754 157
7828 152
7829 148
7611 153
7684 149
7685 145
7686 141
7687 137
7688 133
7689 129
7690 125
7691 121
7692 117
7765 113
7839 108
7613 145
7612 149
7615 137
7614 141
7603 185
7604 181
7677 177
7750 173
7824 168
7825 164
7826 160
7605 177
7678 173
7751 169
7607 169
7680 165
7606 173
7592 229
7593 225
7641 34
7642 38
7645 50
7644 46
7647 58
7646 54
7635 28
7634 28
7637 28
7625 97
7626 93
7699 89
7700 85
7701 81
7702 77
7775 73
7849 68
7624 101
7627 89
7629 81
7628 85
7630 77
7617 129
7616 133
7619 121
7618 125
7621 113
7694 109
7767 105
7841 100
7620 117
7623 105
7696 101
7697 97
7770 93
7844 88
7622 109
7679 169
7654 86
7653 82
7707 32
7708 32
7710 32
7698 93
7703 73
7693 113
7766 109
7840 104
7695 105
7768 101
7842 96
7843 92
7682 157
7755 153
7720 62
7715 42
7714 38
7719 58
7718 54
7769 97
7771 89
7845 84
7846 80
7773 81
7847 76
7772 85
7774 77
7848 72
7761 129
7835 124
7836 120
7760 133
7834 128
7763 121
7837 116
7838 112
7762 125
7764 117
7753 161
7827 156
7752 165
7757 145
7831 140
7832 136
7759 137
7833 132
7758 141
7793 62
7792 58
7784 36
7789 46
7788 42
7790 50
7776 69
7850 64
7778 61
7781 36
7864 55
7866 63
7871 83.255
10012 81.408
7857 40
7863 51
7862 47
7854 40
7929 44
7931 44
7937 55
7936 51
7938 59
7941 71
7942 75
7868 71
7794 66
7992 68
7995 56
7994 60
7998 48
7985 96
7986 92
7987 88
7988 84
7989 80
7991 72
7990 76
7977 128
7978 124
7979 120
7980 116
7976 132
7981 112
7983 104
7982 108
7973 144
7974 140
7975 136
8008 59
8013 82.338
8012 78.338
10115 74.057
8000 48
8002 48
8007 55
8062 52
8035 148
8036 144
8073 71
8072 67
8071 63
8070 59
8074 78.351
10077 75.229
8121 56
