 key  value
8122 340.533
8063 336.533
8001 332.533
7930 328.533
7856 324.533
7783 320.533
7709 316.533
7636 312.533
7562 308.533
7491 304.533
7424 300.533
7355 296.533
7286 292.533
7220 288.533
7155 284.533
7086 280.533
7016 276.533
6940 272.533
6869 268.533
6798 264.533
6723 260.533
6645 256.533
6566 252.533
6484 248.533
6402 244.533
6324 240.533
6247 236.533
6173 232.533
6096 228.533
6016 224.533
5937 220.533
5863 216.533
5789 212.533
5714 208.533
5635 204.533
5559 200.533
5474 196.533
5384 192.533
5293 188.533
5206 184.533
5127 180.533
5046 176.533
4962 172.533
4792 164.533
4704 160.533
4622 156.533
4536 152.533
4448 148.533
4359 144.533
4268 139.533
4175 135.533
4085 131.533
3996 127.533
3907 123.533
3820 119.533
3732 115.533
3649 110.533
3564 106.533
3482 102.533
3395 97.533
3300 93.533
3203 89.533
3108 84.533
3015 80.533
2913 76.533
2820 72.533
2734 67.533
2478 50.938
2392 44
2305 40
2218 36
2127 32
2035 28
1946 24
1862 20
1772 16
1675 12
1582 8
1484 4
8125 340.533
8066 336.533
8003 332.533
7932 328.533
7858 324.533
7785 320.533
7712 316.533
7640 312.533
7566 308.533
7495 304.533
7429 300.533
7361 296.533
7292 292.533
7225 288.533
7159 284.533
7089 280.533
7019 276.533
6942 272.533
6871 268.533
6800 264.533
6725 260.533
6646 256.533
6567 252.533
6485 248.533
8124 340.533
8065 336.533
8127 340.533
8068 336.533
8006 332.533
7935 328.533
7862 324.533
7789 320.533
7715 316.533
7642 312.533
7569 308.533
7498 304.533
7432 300.533
7364 296.533
7295 292.533
7229 288.533
7163 284.533
7093 280.533
7022 276.533
6948 272.533
6878 268.533
6807 264.533
6732 260.533
6653 256.533
6574 252.533
6492 248.533
6410 244.533
6332 240.533
6255 236.533
6180 232.533
6103 228.533
6023 224.533
5944 220.533
5869 216.533
5794 212.533
5719 208.533
5639 204.533
5562 200.533
5477 196.533
5387 192.533
5295 188.533
5207 184.533
5128 180.533
8126 340.533
8067 336.533
8004 332.533
7934 328.533
7860 324.533
7787 320.533
7713 316.533
8113 360.533
8054 356.533
8055 352.533
8056 348.533
7994 344.533
7995 340.533
7925 336.533
7926 332.533
7927 328.533
7854 324.533
7781 320.533
7707 316.533
7635 312.533
8112 364.533
8053 360.533
8115 352.533
8114 356.533
8117 344.533
8118 340.533
8059 336.533
7997 332.533
8116 348.533
8057 344.533
8119 340.533
8060 336.533
8105 392.533
8046 388.533
8047 384.533
8048 380.533
8049 376.533
7987 372.533
7917 368.533
7918 364.533
7919 360.533
7920 356.533
7921 352.533
7922 348.533
7923 344.533
7924 340.533
8104 396.533
8045 392.533
7983 388.533
7913 384.533
7914 380.533
7915 376.533
7916 372.533
8107 384.533
8106 388.533
8109 376.533
8110 372.533
8111 368.533
8052 364.533
8108 380.533
8097 424.533
8038 420.533
8039 416.533
8040 412.533
8041 408.533
8042 404.533
8043 400.533
8044 396.533
7982 392.533
8096 428.533
8037 424.533
7975 420.533
7905 416.533
7906 412.533
7907 408.533
7908 404.533
7909 400.533
7910 396.533
7911 392.533
7912 388.533
8099 416.533
8098 420.533
8101 408.533
8102 404.533
8103 400.533
8100 412.533
8155 424.533
8156 420.533
8157 416.533
8158 412.533
8159 408.533
8136 500.533
8137 496.533
8138 492.533
8139 488.533
8082 484.533
8023 480.533
8024 476.533
8025 472.533
8026 468.533
8027 464.533
7965 460.533
7966 456.533
7896 452.533
7897 448.533
7898 444.533
7899 440.533
7900 436.533
7901 432.533
7902 428.533
7903 424.533
7904 420.533
8128 340.533
8069 336.533
8185 344.533
8184 344.533
8177 344.533
8176 344.533
8179 344.533
8178 344.533
8120 340.533
8061 336.533
7999 332.533
7929 328.533
8181 344.533
8180 344.533
8183 344.533
8182 344.533
8169 368.533
8170 364.533
8171 360.533
8172 356.533
8173 352.533
8168 372.533
8175 344.533
8174 348.533
8161 400.533
8160 404.533
8163 392.533
8164 388.533
8162 396.533
8165 384.533
8166 380.533
8167 376.533
8217 408.533
8216 412.533
8219 400.533
8220 396.533
8221 392.533
8222 388.533
8218 404.533
8223 384.533
8215 416.533
8214 420.533
8241 348.533
8240 348.533
8242 348.533
8233 348.533
8232 348.533
8235 348.533
8234 348.533
8237 348.533
8236 348.533
8239 348.533
8238 348.533
8225 376.533
8224 380.533
8227 368.533
8228 364.533
8229 360.533
8230 356.533
8226 372.533
8231 352.533
8281 368.533
8280 372.533
8283 360.533
8282 364.533
8285 352.533
8284 356.533
8287 352.533
8286 352.533
8273 400.533
8272 404.533
8275 392.533
8274 396.533
8277 384.533
8278 380.533
8276 388.533
8279 376.533
91 179
112 175
126 171
143 167
171 163
208 159
253 155
359 147
419 141
482 137
481 133
550 126
549 122
548 118
619 114
689 110
768 106
767 102
766 98
765 94
764 90
850 84
934 80
933 76
932 72
931 68
930 64
1006 57
1076 53
1144 47
1143 43
1142 39
1223 32
1306 25
1393 19
1486 12
1485 8
8269 416.533
93 179
113 175
127 171
144 167
172 163
209 159
254 155
304 151
8268 420.533
92 179
8271 408.533
8270 412.533
8319 416.533
8318 420.533
8298 352.533
8245 348.533
8187 344.533
8129 340.533
8070 336.533
8008 332.533
7938 328.533
7865 324.533
7792 320.533
7719 316.533
7646 312.533
7572 308.533
7501 304.533
7435 300.533
7367 296.533
7298 292.533
7231 288.533
7165 284.533
7094 280.533
7023 276.533
125 171
142 167
8289 352.533
8288 352.533
8291 352.533
115 183
114 179
128 175
8290 352.533
8293 352.533
8292 352.533
8294 352.533
8344 356.533
8349 358.367
9963 356.402
8299 352.533
8246 348.533
8189 344.533
8132 340.533
8073 336.533
8011 332.533
7941 328.533
7868 324.533
7795 320.533
7721 316.533
7649 312.533
7575 308.533
7504 304.533
7437 300.533
7368 296.533
7299 292.533
7232 288.533
110 175
124 171
141 167
170 163
8337 356.533
8336 356.533
8339 356.533
8338 356.533
8341 356.533
8340 356.533
8343 356.533
8342 356.533
8329 376.533
8330 372.533
8328 380.533
8331 368.533
8332 364.533
8333 360.533
8334 356.533
8335 356.533
8321 408.533
145 171
173 167
210 163
255 159
8320 412.533
8323 400.533
8324 396.533
8325 392.533
8326 388.533
147 179
175 175
212 171
211 167
256 163
306 159
305 155
8322 404.533
146 175
149 187
148 183
176 179
213 175
8327 384.533
150 191
8377 380.533
8378 376.533
8376 384.533
8379 372.533
8380 368.533
8381 364.533
8382 360.533
8383 360.533
8369 412.533
129 179
8368 416.533
8371 404.533
8372 400.533
8373 396.533
131 187
8370 408.533
130 183
133 195
132 191
8375 388.533
8374 392.533
177 183
179 191
216 187
261 183
260 179
310 175
365 171
364 167
363 163
362 159
361 155
360 151
178 187
215 183
181 199
218 195
263 191
313 187
312 183
311 179
366 175
180 195
174 171
8393 360.533
217 191
219 199
264 195
314 191
369 187
368 183
367 179
8385 360.533
8384 360.533
8387 360.533
8386 360.533
8389 360.533
8388 360.533
8391 360.533
8390 360.533
214 179
8441 364.533
8392 360.533
8440 364.533
8433 364.533
8432 364.533
8435 364.533
8434 364.533
8437 364.533
8436 364.533
8439 364.533
8438 364.533
8425 388.533
8426 384.533
8427 380.533
8424 392.533
8429 372.533
8428 376.533
8431 364.533
8430 368.533
8419 412.533
8420 408.533
8421 404.533
8418 416.533
8423 396.533
8422 400.533
8473 388.533
8474 384.533
8472 392.533
8475 380.533
8476 376.533
8477 372.533
8478 368.533
8479 368.533
8467 412.533
8466 416.533
8469 404.533
8468 408.533
8471 396.533
8470 400.533
266 203
265 199
257 167
8499 472.533
8500 468.533
8454 464.533
8455 460.533
8456 456.533
8457 452.533
8458 448.533
8459 444.533
8412 440.533
8413 436.533
8364 432.533
8316 428.533
8267 424.533
259 175
309 171
258 171
308 167
262 187
315 195
317 203
316 199
371 195
370 191
319 211
318 207
373 203
372 199
8481 368.533
8480 368.533
8483 368.533
307 163
8482 368.533
8485 368.533
8484 368.533
8487 368.533
8486 368.533
299 116
354 112
353 108
413 104
412 100
473 96
472 92
540 88
611 84
681 80
680 76
759 72
846 68
8529 372.533
8528 372.533
8531 372.533
8530 372.533
8533 372.533
8532 372.533
8521 384.533
8522 380.533
8523 376.533
8520 388.533
8525 372.533
8524 372.533
8527 372.533
8526 372.533
8515 408.533
8516 404.533
8517 400.533
8518 396.533
8514 412.533
8519 392.533
8569 376.533
8568 376.533
8571 376.533
8570 376.533
8573 376.533
8572 376.533
8575 376.533
8574 376.533
8561 404.533
8560 408.533
8563 396.533
8564 392.533
8565 388.533
8562 400.533
8567 380.533
8566 384.533
375 211
374 207
8605 404.533
8606 400.533
8607 396.533
8608 392.533
8604 408.533
8589 468.533
8590 464.533
8547 460.533
8548 456.533
8504 452.533
8588 472.533
414 108
8576 376.533
8632 464.533
8633 460.533
8592 456.533
8549 452.533
8505 448.533
8631 468.533
8630 472.533
8617 380.533
8616 380.533
8619 380.533
8618 380.533
8609 388.533
433 196
432 192
431 188
430 184
429 180
492 176
562 172
561 168
632 164
631 160
630 156
629 152
628 148
697 141
696 137
774 130
773 126
772 122
771 118
770 114
769 110
8611 380.533
435 204
434 200
497 196
567 192
566 188
637 184
636 180
635 176
634 172
633 168
8610 384.533
8613 380.533
8612 380.533
436 208
8615 380.533
8614 380.533
425 164
424 160
487 156
557 152
427 172
490 168
489 164
488 160
426 168
428 176
8671 468.533
8672 464.533
8670 472.533
8657 384.533
8656 384.533
416 114
477 110
545 106
616 102
686 98
8659 384.533
8658 384.533
8661 384.533
8620 380.533
8577 376.533
421 149
420 145
483 141
8660 384.533
423 157
422 153
8649 396.533
8648 400.533
8651 388.533
475 104
543 100
542 96
613 92
612 88
8650 392.533
474 100
8653 384.533
8652 384.533
476 106
544 102
615 98
685 94
8655 384.533
8654 384.533
478 114
469 83
537 79
608 75
678 71
757 67
844 63
843 59
927 55
926 51
1003 47
1073 43
8647 404.533
471 88
539 84
610 80
8646 408.533
8697 388.533
8696 388.533
8699 388.533
8698 388.533
8701 388.533
8662 384.533
8700 388.533
8689 396.533
8691 388.533
8690 392.533
8693 388.533
8692 388.533
8695 388.533
8694 388.533
8686 408.533
496 192
499 204
498 200
8729 392.533
8728 396.533
8731 392.533
491 172
8730 392.533
8733 392.533
8732 392.533
8735 392.533
495 188
565 184
564 180
8734 392.533
485 149
484 145
8726 404.533
8688 400.533
486 153
538 81
609 77
679 73
758 69
845 65
929 61
541 92
8711 464.533
8712 460.533
8713 456.533
8714 452.533
8715 448.533
8677 444.533
8678 440.533
8639 436.533
8640 432.533
8599 428.533
8556 424.533
8557 420.533
8513 416.533
8710 468.533
8763 404.533
8727 400.533
8765 396.533
8764 400.533
8767 396.533
8766 396.533
8747 468.533
8746 472.533
570 204
569 200
640 196
639 192
638 188
8748 464.533
8737 392.533
8736 392.533
8739 392.533
563 176
8738 392.533
553 138
624 134
623 130
693 126
552 134
551 130
555 145
626 141
554 142
625 138
556 149
8787 468.533
8788 464.533
8789 460.533
8790 456.533
8751 452.533
547 114
546 110
8786 472.533
8776 396.533
8740 392.533
8702 388.533
8663 384.533
8622 380.533
8579 376.533
8534 372.533
8488 368.533
605 67
675 63
755 59
842 55
8780 398.896
9950 393.234
8704 388.533
8665 384.533
8623 380.533
8580 376.533
8535 372.533
607 71
606 67
676 63
8769 396.533
8768 396.533
8771 396.533
8770 396.533
8773 396.533
8772 396.533
8775 396.533
8774 396.533
8827 468.533
8828 464.533
8829 460.533
8816 400.533
8809 400.533
8808 400.533
8811 400.533
8810 400.533
8813 400.533
8812 400.533
8815 400.533
8814 400.533
8801 412.533
8762 408.533
8800 416.533
8803 404.533
8805 400.533
8804 400.533
8807 400.533
8806 400.533
617 106
687 102
618 110
688 106
621 122
620 118
622 126
8849 404.533
8848 404.533
8851 404.533
8850 404.533
8853 404.533
8852 404.533
8854 404.533
614 96
684 92
763 88
8841 412.533
8802 408.533
8843 404.533
8842 408.533
8845 404.533
8844 404.533
8847 404.533
8846 404.533
8890 408.525
9969 404.595
8881 408.533
641 200
8880 408.533
8883 408.533
8882 408.533
642 204
8885 408.533
8884 408.533
8887 408.533
8886 408.533
8877 412.533
8878 408.533
8879 408.533
691 118
692 122
695 134
694 130
8920 412.533
683 88
682 84
8913 412.533
8912 412.533
8915 412.533
8914 412.533
8917 412.533
677 67
8916 412.533
8919 412.533
8918 412.533
8911 416.533
8910 420.533
8953 416.533
8952 416.533
712 208
711 204
710 200
8945 416.533
8944 420.533
8947 416.533
8946 416.533
8949 416.533
709 196
708 192
707 188
8948 416.533
8951 416.533
8950 416.533
761 80
848 76
760 76
847 72
762 84
753 59
840 55
925 51
754 59
841 55
756 63
8985 420.533
8984 420.533
8977 420.533
8976 424.533
8979 420.533
8978 420.533
8981 420.533
8980 420.533
8983 420.533
8982 420.533
8975 428.533
8943 424.533
8974 432.533
8942 428.533
785 196
784 192
783 188
706 184
705 180
704 176
787 204
786 200
789 212
788 208
790 216
713 212
643 208
9017 424.533
8986 420.533
8954 416.533
9016 424.533
9009 424.533
9008 424.533
9011 424.533
9010 424.533
9013 424.533
9012 424.533
9015 424.533
9014 424.533
9005 436.533
9007 428.533
8997 468.533
8966 464.533
8967 460.533
8968 456.533
8969 452.533
8970 448.533
8971 444.533
8972 440.533
8940 436.533
8941 432.533
8908 428.533
8909 424.533
8998 464.533
9041 428.533
9040 428.533
9043 428.533
9042 428.533
9045 428.533
9044 428.533
9047 428.533
9046 428.533
856 115
9037 432.533
9038 428.533
9036 436.533
9039 428.533
849 80
851 95
9029 464.533
9030 460.533
9031 456.533
9032 452.533
9002 448.533
853 103
9028 468.533
852 99
855 111
854 107
9073 432.533
9072 432.533
9075 432.533
835 75
836 71
921 67
922 63
923 59
924 55
9074 432.533
837 67
838 63
839 59
9065 436.533
9064 440.533
9067 432.533
9066 432.533
9069 432.533
9068 432.533
9071 432.533
9070 432.533
9059 460.533
9060 456.533
9058 464.533
9063 444.533
9113 468.533
9087 464.533
9088 460.533
873 213
872 209
875 221
874 217
9117 452.533
9091 448.533
9092 444.533
876 225
791 220
9119 444.533
9120 440.533
9094 436.533
9118 448.533
9104 436.533
869 197
871 205
870 201
9097 436.533
9096 436.533
920 71
9099 436.533
9098 436.533
9101 436.533
9100 436.533
9103 436.533
9102 436.533
9093 440.533
9095 436.533
9145 452.533
9146 448.533
9144 456.533
9147 444.533
9149 444.533
9121 440.533
9148 444.533
9151 444.533
9123 440.533
9150 444.533
9141 468.533
9142 464.533
9115 460.533
9116 456.533
9143 460.533
9128 440.533
952 221
9130 440.533
954 229
9133 440.525
9107 436.525
9078 432.525
9050 428.525
9020 424.525
8989 420.525
8957 416.525
8924 412.525
945 193
867 189
782 184
944 192
866 188
947 201
946 197
868 193
9122 440.533
9125 440.533
949 209
9124 440.533
9127 440.533
951 217
9126 440.533
950 213
9177 448.533
9176 448.533
937 103
936 99
9179 448.533
9154 444.533
9178 448.533
9153 444.533
939 111
9181 448.533
9156 444.533
938 107
9180 448.533
9182 448.533
9157 444.533
9129 440.533
9169 460.533
9170 456.533
9171 452.533
928 59
9173 448.533
9172 448.533
9175 448.533
935 99
9174 448.533
9152 444.533
9155 444.533
9201 452.533
9200 452.533
9203 452.533
9202 452.533
9205 452.533
9204 452.533
9206 452.533
9193 464.533
1017 197
9195 456.533
1019 205
1018 201
9197 452.533
1021 213
9196 452.533
9199 452.533
9198 452.533
1022 217
1009 79
1008 75
1077 71
1147 65
1146 61
1229 57
1228 53
1227 49
1311 45
1310 41
1309 37
1308 33
1307 29
1011 103
1010 103
1015 196
943 192
1014 196
9241 460.533
9219 456.533
1001 70
1000 74
9243 460.533
9221 456.533
9242 460.533
9245 460.533
9223 456.533
1005 55
1075 51
1074 47
9244 460.533
1004 51
9247 460.533
9226 456.533
1007 72
9246 460.533
9225 456.533
9224 456.533
9227 456.533
9228 456.533
9220 456.533
9222 456.533
1037 298.952
964 294.952
9999 292.612
963 286.953
1036 282.953
1035 278.953
1103 272.097
1034 265.097
1033 261.097
1032 257.099
10013 256.27
1031 253
959 249
881 245
796 240
719 236
718 232
717 228
716 224
715 220
714 216
1027 237
955 233
877 229
792 224
1026 233
1025 229
1024 225
1023 221
1028 241
1081 107
1080 107
1084 200
1087 201
9249 460.533
9248 460.533
1078 75
1097 241
1096 237
1099 249
1029 245
957 241
879 237
794 232
1102 261.58
1089 209
1088 205
1090 213
1095 233
1145 57
1183 315.952
1106 310.952
1105 306.952
1038 302.952
965 298.952
1182 311.952
1169 242
1168 238
1171 250
1098 245
1170 246
1173 258
1100 253
1172 254
1161 210
1160 206
1163 218
1162 214
1165 226
1092 221
1167 234
1094 229
1093 225
1166 230
1153 111
1152 111
1157 204
1085 200
1016 196
1156 204
1159 205
1086 200
1158 204
1241 208
1243 209
1242 208
9421 1948.49
9422 1850.49
9423 1752.49
9424 1654.49
9442 1479.49
9443 1380.49
9461 1245.49
9477 1139.49
9494 1032.49
9512 900.489
9531 793.489
9551 686.489
6006 497.489
6087 492.489
6163 488.489
6238 484.489
6313 479.489
6314 475.489
6315 471.489
6316 467.489
6317 463.489
6395 456.489
6474 449.489
6555 445.489
6635 440.489
6636 436.489
6714 432.489
6715 428.489
6791 424.489
6864 419.489
6936 415.489
7012 411.489
7083 406.489
7152 402.489
7217 398.489
7284 394.489
7352 389.489
7421 385.489
7487 381.489
9982 377.548
7556 372.533
7557 368.533
7558 364.533
7631 357.533
7704 353.533
7777 349.533
7851 344.533
7852 340.533
1245 214
1244 210
9420 2046.49
1247 222
1246 218
1235 115
1234 115
1225 40
1224 36
1226 44
1221 12
1220 8
1305 4
9462 1208.99
9939 1118.58
9478 1100.67
9942 1011.79
9495 993.489
1222 16
1264 310.952
1180 306.952
1104 302.952
1269 327.952
1185 323.952
1108 318.952
1041 314.952
968 310.952
967 306.952
966 302.952
1257 262
1256 258
1255 254
1254 250
1253 246
1259 291
1345 287
1435 283
1344 278
1343 274
1342 270
1341 266
1340 262
1339 258
1248 226
1164 222
1091 217
1251 238
1250 234
1249 230
9493 1087.49
9511 954.489
9530 848.489
9550 742.489
9572 613.489
5928 516.489
1252 242
1304 5
9529 947.489
9528 1046.49
9532 789.489
9525 1934.73
9544 1832.73
9563 1739.73
9586 1637.73
9607 1535.73
9629 1443.73
9630 1346.73
9631 1249.73
9984 1198.14
9609 1118.53
9610 1018.53
9611 918.533
9612 818.533
9613 718.533
9614 618.533
7873 552.533
7800 548.533
7801 544.533
7802 540.533
7875 536.533
7876 532.533
7877 528.533
7878 524.533
7879 520.533
7880 516.533
7881 512.533
7882 508.533
7883 504.533
7884 500.533
7885 496.533
7886 492.533
7887 488.533
7888 484.533
7889 480.533
7890 476.533
7891 472.533
7892 468.533
7893 464.533
7894 460.533
7895 456.533
9524 2029.73
9543 1927.73
9562 1834.73
9585 1733.73
9606 1632.73
9628 1540.73
9527 1145.49
9513 896.489
1337 250
1336 246
1335 242
1334 238
1333 234
1332 230
1331 226
1338 254
1329 218
1328 214
9506 2130.73
1330 222
9509 1150.49
9510 1052.49
1325 208.127
1415 204.127
1414 200.127
1605 182.895
1604 178.895
1700 175
1793 168
1792 164
1791 160
1790 156
1789 152
1875 148
1874 144
1873 140
1872 136
1871 132
1870 128
1869 124
1868 120
1867 116
1866 112
1949 106
1778 98
1591 90
1497 86
1403 82
1316 77
1233 73
1232 69
1231 65
1230 61
9567 1103.49
9568 1005.49
9569 907.489
9570 809.489
9571 711.489
1327 213
9566 1201.49
1326 212
1312 49
1317 119
1319 119
1236 115
1318 119
9547 1041.49
9546 1140.49
9549 842.489
9548 941.489
9593 610.489
6911 558.489
6912 554.489
6913 550.489
6982 539.489
7051 534.489
7120 530.489
7121 526.489
7122 522.489
7123 518.489
7124 514.489
7189 510.489
7190 506.489
7257 502.489
7325 497.489
7326 493.489
7327 489.489
7328 485.489
7329 481.489
7398 477.489
7399 473.489
7465 469.489
7466 465.489
7467 461.489
7468 457.489
7469 453.489
7470 449.489
7471 445.489
7472 441.489
7473 437.489
7474 433.489
7475 429.489
7476 425.489
7477 421.489
7478 417.489
7479 413.489
7480 409.489
7481 405.489
7482 401.489
7483 397.489
7484 393.489
7485 389.489
7486 385.489
9592 709.489
9595 786
9574 677
3392 593
3297 586
3107 571
3011 564
2908 553
2818 545
2732 540
2562 528
2477 523
2391 518
2302 510
2215 503
2124 496
2032 489
1943 484
1942 480
1941 476
1940 472
1857 468
1766 464
1668 459
1667 455
1666 451
1665 447
1664 443
1663 439
1662 435
1661 431
1660 427
1659 423
1565 419
1468 415
1467 411
1466 407
1465 403
1464 399
1463 395
1462 391
1461 387
1460 383
1459 379
1458 375
1457 371
1456 367
1455 363
1454 359
1453 355
1452 351
1451 347
1450 343
1449 339
1448 335
1447 331
1446 327
1445 323
1444 319
1443 315
1442 311
1441 307
1440 303
1439 299
1438 295
1437 291
1436 287
1352 315
1351 311
9594 688
5374 614
5286 610
5203 605
5123 601
5122 597
5040 593
4956 588
4955 584
4870 580
4783 576
4694 571
4608 567
4521 563
4432 559
4340 554
4339 550
4247 546
4246 542
4153 538
4063 533
3973 529
3884 525
3796 521
3708 516
3707 512
3623 508
3622 504
3621 500
3535 496
3449 491
3448 487
3447 483
3446 479
3445 475
3444 471
3443 467
3442 463
3441 459
3440 455
3439 451
3438 447
3437 443
3436 439
3435 435
3434 431
3433 427
3432 423
3431 419
3430 415
3429 411
3428 407
3427 403
3426 399
3425 395
3424 391
3423 387
3422 383
3421 379
3420 375
3336 371
3335 367
3334 363
3333 359
3332 355
3331 351
3330 347
3329 343
3328 339
3327 335
3326 331
3325 327
3324 323
3323 319
3229 312
3138 307
3137 303
3045 299
2949 292
2848 288
2759 283
2670 279
2583 275
2497 270
2412 266
2326 262
2238 257
2152 253
2062 249
1971 245
1882 240
1799 236
1708 232
1610 227
1516 223
1419 219
1355 327
1357 335
1356 331
1359 343
1358 339
1347 295
1346 291
9589 1006.49
9590 907.489
9591 808.489
9588 1105.49
1349 303
1348 299
1350 307
1401 58
1313 53
1400 54
1402 67
1314 62
1405 123
1404 123
1395 27
1394 23
9573 219.533
4102 215.533
4194 211.533
4286 207.533
4285 203.533
4284 199.533
4191 195.533
4190 191.533
4189 187.533
4188 183.533
4187 179.533
4186 175.533
4185 171.533
4184 167.533
4183 163.533
4093 159.533
4003 154.533
3914 150.533
3825 146.533
3738 142.533
3655 137.533
3569 133.533
3488 129.533
3402 124.533
3401 120.533
3305 116.533
3209 112.533
3114 107.533
3021 103.533
3020 99.533
2918 95.533
2917 91.533
2824 87.533
2737 79.533
2736 75.533
2735 71.533
1397 35
1396 31
1399 53.714
1494 49.714
10036 44.225
1492 39
1491 35
1398 42
1391 4
9617 790
9616 691
7111 626
7110 622
7109 618
7108 614
7038 606
7037 602
6967 595
6966 591
6965 587
6964 583
6896 576
6828 571
6755 567
6754 563
6678 559
6600 554
6599 550
6519 546
6437 542
6359 538
6282 533
6207 529
6131 525
6055 520
5974 516
5901 512
5827 508
5752 503
5751 499
5675 495
5595 491
5518 486
5432 482
5431 478
5339 474
5251 470
5168 465
5088 461
5006 457
4922 452
4837 448
4750 444
4661 439
4660 435
4659 431
4658 427
4657 423
4656 419
4570 415
4569 411
4482 407
4393 403
4301 398
4209 394
4116 390
4026 385
3936 381
3847 377
3759 373
3671 368
3587 364
3501 360
3415 355
1433 275
1432 271
1434 279
1424 239
1427 251
1426 247
1429 259
1428 255
1431 267
1430 263
9657 860.533
9636 757.533
1417 212.127
1416 208.127
9656 957.533
9635 854.533
9658 958.533
1418 216.127
9661 892.756
9638 784.756
10125 770.172
1421 227
9660 821
9637 713
9615 620
6824 561
6751 557
6675 553
6598 549
6518 545
6436 541
6358 537
1420 223
9655 1055.53
9634 951.533
9654 1152.53
9633 1048.53
9639 806
9681 929
9680 965.533
9682 1000.76
1496 85
1499 127
1498 127
9677 1230.01
10128 1130.59
1500 127
9679 963.533
9678 1060.53
1490 28
1489 24
1488 20
1487 16
1493 46
1495 89
9721 1158.53
9700 1054.53
9720 1156.53
1483 4
1482 16
1579 12
1580 8
1529 275
1528 271
1527 267
1526 263
1531 283
1530 279
1533 291
1532 287
1534 295
9699 1151.53
9701 1056.53
1525 259
1524 255
1523 251
1513 212.127
1512 208.127
1511 204.127
1515 220.127
1514 216.127
1517 227
9742 1336.53
9741 1237.53
1553 371
1552 367
1551 363
1550 359
1555 379
1554 375
1556 383
1545 339
1544 335
1543 331
1542 327
1546 343
1549 355
1548 351
1537 307
1536 303
1538 311
1541 323
1540 319
9782 1564.53
9781 1467.53
9761 1341.53
1593 124
1686 120
1780 116
1592 124
1685 120
1585 20
1584 16
1583 12
9762 1441.53
1586 24
1589 89
1590 89
9819 1633.53
9799 1530.53
9779 1429.53
9760 1339.53
9818 1632.53
9821 1639.53
9801 1535.53
9780 1431.53
1581 8
9820 1636.53
9800 1532.53
9823 1682.22
9804 1585.22
9784 1488.22
9763 1375.76
9744 1278.76
9723 1181.76
10126 1088.03
9702 1003
9822 1675.53
9802 1571.53
1625 287
1624 283
1627 295
1626 291
1628 299
1630 307
1629 303
1535 299
1619 263
1618 259
1621 271
1620 267
1623 279
9798 1553.53
9778 1451.53
9759 1361.53
9740 1259.53
1622 275
1609 224.127
1608 220.127
1611 231
1613 239
1519 235
1518 231
1612 235
9844 888.839
9833 871.776
10024 837.117
9830 797.027
9871 746.686
9829 690
9912 653.088
9828 621.769
9927 579.301
9827 540.429
9897 524.708
1607 216.127
1606 212.127
1657 415
1563 411
1562 407
1561 403
1560 399
1656 411
9835 843.699
9879 831.131
9834 906.39
9843 872.512
1658 419
9836 726.805
9904 686.416
1649 383
1648 379
1647 375
9826 275.452
6240 263.533
6241 259.533
6242 255.533
6243 251.533
6244 247.533
6170 243.533
6093 239.533
6013 235.533
6014 231.533
5935 227.533
5936 223.533
5862 219.533
5788 215.533
5713 211.533
5634 207.533
5558 203.533
5473 199.533
5383 195.533
5292 191.533
1651 391
1557 387
1650 387
1653 399
1652 395
1558 391
9831 890.676
10007 839.537
9881 298.875
1640 347
1639 343
1638 339
1637 335
1643 359
1642 355
1641 351
9885 122.033
1645 367
1644 363
1646 371
1633 319
1539 315
1632 315
1635 327
1634 323
1636 331
9866 72.1
673 63
1683 93
1684 94
9913 253.819
4727 247.569
9909 243.645
4726 239.533
4556 227.533
4468 223.533
4378 216.533
4287 211.533
1673 12
9915 214.678
9914 251.987
9825 243.084
5627 235.533
5551 231.533
5466 227.533
5467 223.533
5468 219.533
5378 215.533
5379 211.533
5380 207.533
5381 203.533
5382 199.533
1674 12
9917 410.413
7084 405.489
7153 401.489
7218 397.489
7285 393.489
1677 17
9916 631.225
1676 13
9919 599.952
9918 100.464
1777 97
1678 21
9905 72.859
9906 275.565
4469 273.537
4557 269.537
4643 265.537
9898 260.086
4729 255.569
4728 251.569
9908 407.612
3249 405
3248 401
3340 394
9911 478.308
9910 178.491
5045 176.533
1721 284
9896 396.14
1720 280
9899 82.347
1723 292
1722 288
1725 300
9900 424.302
6794 421.489
7014 409.489
1724 296
9903 292.255
3665 284.895
3582 280.895
3497 276.895
3409 272.895
3318 268.895
3223 264.895
3131 260.895
3041 256.895
2937 252.895
2836 248.895
2748 244.895
2659 240.895
2572 236.895
2486 231.895
2401 227.895
2315 223.895
2228 219.895
2142 215.895
2052 211.895
1963 207.895
1879 201.895
1794 197.895
1702 190.895
1727 308
9902 602.789
1713 252
1615 247
1521 243
1520 239
1712 248
1614 243
1715 260
1617 255
1714 256
1616 251
9893 14.499
1717 268
1716 264
9895 140.886
4170 133.533
3992 125.533
3817 117.533
3730 113.533
3648 109.533
3563 105.533
3481 101.533
3394 96.533
3299 92.533
1719 276
9894 281.154
1718 272
9945 650.933
1705 221.127
9944 479.66
1672 475
1671 471
1670 467
1669 463
1704 217.127
1707 229.127
9946 428.112
918 426.113
917 422.113
916 418.113
915 414.113
914 410.113
913 406.113
912 402.113
911 398.113
910 394.113
909 390.113
908 386.113
907 382.113
906 378.113
905 374.113
904 370.113
903 366.113
902 362.113
901 358.113
900 354.113
899 350.113
898 346.113
897 342.113
896 338.113
895 334.113
894 330.113
893 326.113
892 322.113
891 318.113
890 314.113
889 310.113
888 306.113
887 302.113
886 298.113
1706 225.127
9949 282.139
6510 276.533
6427 272.533
6426 268.533
6347 264.533
6269 259.533
6194 255.533
6116 251.533
6035 246.533
6034 242.533
6033 238.533
6032 234.533
6031 230.533
5950 226.533
5876 222.533
5801 218.533
5725 213.533
5645 209.533
5568 205.533
5482 200.533
5391 196.533
5299 192.533
5211 188.533
5131 183.533
5049 179.533
4965 175.533
4880 170.533
4794 166.533
4706 162.533
4623 157.533
4537 153.533
4449 149.533
4360 145.533
4269 140.533
4176 136.533
4086 132.533
9948 391.018
9951 443.72
1711 244
1710 240
9936 1071.26
1699 172
9938 1016.19
9943 630.2
1753 412
1655 407
9928 289.362
4195 285.537
4289 281.537
4380 277.537
4470 273.537
1752 408
1654 403
1754 416
9933 1024.58
1757 428
1758 432
1745 380
9920 132.232
1744 376
9923 423.03
3159 419
3158 415
3157 411
1747 388
1746 384
1749 396
9924 395.454
1748 392
1751 404
9926 89.788
1750 400
1737 348
9976 537.109
6005 501.489
6086 496.489
6162 492.489
6237 488.489
6312 483.489
9979 378.307
2782 375
2781 371
2692 367
2691 363
2604 359
2518 354
2433 350
2432 346
2431 342
2345 338
2257 333
2256 329
2255 325
2254 321
2253 317
2252 313
2251 309
2250 305
2249 301
2248 297
2162 293
2161 289
2071 285
1980 281
1891 276
1808 272
1807 268
1739 356
1738 352
9981 1915.97
1741 364
1740 360
1743 372
1742 368
1729 316
1631 311
9968 471.384
9270 465.338
10129 464.057
9252 460.525
9231 456.525
9208 452.525
9184 448.525
9159 444.525
9132 440.525
9106 436.525
9971 326.394
7870 325.533
7796 320.533
7722 316.533
1731 324
1730 320
9973 769.911
9972 279.373
6893 276.533
6821 271.533
6745 267.533
6666 263.533
6586 258.533
6503 254.533
6420 250.533
6341 246.533
6263 241.533
6188 237.533
6110 233.533
6030 229.533
5949 225.533
5875 221.533
5800 217.533
5724 212.533
5644 208.533
5567 204.533
5481 199.533
5390 195.533
5298 191.533
5210 187.533
5130 182.533
5048 178.533
4964 174.533
4879 169.533
4793 165.533
4705 161.533
1732 328
9975 325.054
1735 340
9974 719.415
1734 336
9960 261.157
5069 256.533
4985 252.533
4900 247.533
4814 243.533
9967 368.441
8445 364.533
8395 360.533
8347 356.533
9966 378.815
3845 375
3757 371
3586 363
3500 359
9952 444.551
9954 331.667
1781 120
9956 469.682
5669 465
5510 457
5424 453
5332 449
5244 445
5161 440
5081 436
4999 432
4915 427
4830 423
4743 419
4654 414
4568 410
4481 406
4392 402
4300 397
4208 393
4115 389
4025 384
3935 380
3846 376
3758 372
3670 367
9959 400.486
10009 1109.86
1769 476
10008 324.717
7779 320.533
7705 316.533
7633 312.533
7560 308.533
7489 304.533
7423 300.533
1771 16
1770 480
1578 471
1577 467
1576 463
1575 459
1574 455
1573 451
1572 447
1475 443
1474 439
1473 435
1472 431
1471 427
1470 423
1469 419
1773 17
1775 25
1774 21
10005 224.85
1817 308
1816 304
1815 300
1814 296
1813 292
1812 288
1811 284
1810 280
1819 316
1818 312
1821 324
1820 320
1809 276
10041 53.235
1801 244
10040 546.775
6007 494.841
6164 484.841
6239 480.841
1800 240
10043 73.51
1803 252
10042 98.938
3393 96.533
1802 248
10045 1222.2
1805 260
1804 256
10044 413.69
2783 411
2698 407
2615 403
2529 398
2444 394
2443 390
2442 386
2441 382
2440 378
2354 374
2266 369
2265 365
2264 361
2263 357
2262 353
2176 349
2086 345
2085 341
2084 337
1993 333
1904 328
1903 324
10047 324.766
10046 745.795
1806 264
10033 206.365
10032 1131.44
10035 282.57
7090 281.533
10034 282.503
10037 84.325
1797 229.839
10049 224.869
10039 1874.33
10038 68.289
1798 233.127
10027 23.063
1861 20
10026 266.087
1850 440
1759 436
10029 174.959
703 172
702 168
701 164
700 160
10028 952.933
10031 125.591
2042 122
1952 118
1951 114
1950 110
10030 191.03
1841 404
1840 400
1843 412
1842 408
1845 420
1844 416
1846 424
1755 420
10073 118.849
3024 115.533
3023 111.533
3022 107.533
1833 372
1832 368
10072 150.822
3312 144.533
3311 140.533
3310 136.533
3214 132.533
3119 127.533
3118 123.533
3117 119.533
3116 115.533
3115 111.533
10075 120.848
1835 380
1834 376
10074 77.301
1837 388
1836 384
1839 396
1838 392
10065 118.149
10064 292.637
3749 290.895
10067 149.118
4447 146.533
4357 142.533
4174 134.533
4084 130.533
3994 125.533
3905 121.533
3818 117.533
10066 118.102
10069 105.192
3478 102.532
1829 356
10068 160.747
3828 158.533
3827 154.533
3740 150.533
3657 145.533
3656 141.533
10071 222.786
5873 219.533
5798 215.533
5722 210.533
5642 206.533
5565 202.533
5479 197.533
5388 193.533
5296 189.533
5208 185.533
1831 364
1830 360
10070 296.04
10057 243.027
3580 239.558
3747 231.533
3835 227.533
3925 223.533
4014 219.533
1881 237.127
10056 25.469
1863 21
1880 233.839
10059 397.685
1883 244
10061 171.445
4095 167.533
4005 162.533
4004 158.533
1885 252
1884 248
10060 142.189
2563 139
2394 129
2395 125
2307 121
2220 117
2129 113
1864 101
10063 442.271
6712 440.489
6788 436.489
6861 431.489
6933 427.489
6934 423.489
6935 419.489
1887 260
10062 450.743
6475 445.489
6556 441.489
1886 256
10048 47.673
10051 537.696
10050 232.654
10053 301.222
7354 298.533
10055 543.325
10054 378.35
1865 101
1860 480
1859 476
1858 472
1913 364
1912 360
1911 356
1910 352
1827 348
1736 344
1915 372
1914 368
1917 380
1916 376
1919 388
1918 384
1905 332
1822 328
1897 300
1896 296
1899 308
1898 304
1901 316
1900 312
1902 320
1889 268
1888 264
1890 272
1893 284
1892 280
1895 292
1894 288
1945 25.725
1944 25.937
1947 25
1948 105
1939 468
1856 464
1855 460
1764 456
1929 428
1928 424
1930 432
1847 428
1756 424
1921 396
1920 392
1923 404
1922 400
1925 412
1924 408
1927 420
1926 416
1977 269
1976 265
1979 277
1978 273
1981 285
1983 293
1982 289
1969 238.839
1968 237.839
1970 242.127
1973 253
1972 249
1975 261
1974 257
1965 226.895
1964 222.895
2053 215.895
1967 234.895
1966 230.895
1954 127.069
1953 123.069
2009 397
2008 393
2011 405
2010 401
2013 413
2012 409
2015 421
2014 417
2001 365
2000 361
2003 373
2002 369
2005 381
2004 377
2007 389
2006 385
1992 329
1994 337
1997 349
1908 344
1907 340
1906 336
1999 357
1998 353
1909 348
1985 301
1984 297
1987 309
1986 305
1989 317
1988 313
1991 325
1990 321
2041 118
2040 114
2039 110
2043 126
2044 130
2033 29.937
2034 29.725
2037 109
2036 28
2038 109
2024 457
1935 452
1934 448
1851 444
1760 440
2027 469
1938 464
1937 460
1936 456
1853 452
1762 448
2017 429
2016 425
2019 437
2018 433
2021 445
1932 440
1931 436
1848 432
2020 441
2023 453
2022 449
1933 444
2073 293
2072 289
2075 301
2074 297
2077 309
2076 305
2079 317
2078 313
2065 261
2064 257
2063 253
2067 269
2066 265
2069 277
2068 273
2070 281
2057 231.895
2056 227.895
2055 223.895
2054 219.895
2059 239.895
2058 235.895
2061 246.127
2060 242.839
2105 421
2104 417
2103 413
2107 429
2106 425
2109 437
2108 433
2110 441
2097 389
2096 385
2095 381
2094 377
2093 373
2092 369
2091 365
2099 397
2098 393
2101 405
2100 401
2102 409
2088 353
2087 349
2081 325
2080 321
2083 333
2082 329
2143 219.895
2128 32
2131 113
2130 113
2133 118
2132 114
2135 126.689
2134 122
2125 33.937
2126 33.725
2113 453
2169 321
2168 317
2171 329
2170 325
2173 337
2172 333
2175 345
2174 341
2160 285
2159 281
2158 277
2157 273
2156 269
2155 265
2154 261
2153 257
2163 297
2165 305
2164 301
2167 313
2166 309
2145 227.895
2144 223.895
2147 235.895
2146 231.895
2148 239.895
2151 250.127
2150 246.839
2201 449
2111 445
2193 417
2192 413
2191 409
2190 405
2189 401
2188 397
2195 425
2194 421
2197 433
2196 429
2199 441
2198 437
2185 385
2184 381
2187 393
2186 389
2181 369
2180 365
2090 361
2183 377
2182 373
2233 239.895
2232 235.895
2235 247.895
2234 243.895
2237 254.127
2236 250.839
2239 261
2225 126
2224 122
2223 118
2229 223.895
2231 231.895
2230 227.895
2217 37.725
2216 37.937
2219 117
2221 117
2222 117
2267 373
2269 381
2268 377
2271 389
2270 385
2259 341
2258 337
2261 349
2260 345
2243 277
2245 285
2244 281
2247 293
2246 289
2281 429
2280 425
2279 421
2278 417
2283 437
2282 433
2285 445
2284 441
2286 449
2273 397
2272 393
2275 405
2274 401
2277 413
2276 409
2331 282
2330 278
2242 273
2333 290
2332 286
2335 298
2334 294
2321 244.895
2320 240.895
2323 252.895
2322 248.895
2325 259.127
2324 255.839
2312 127
2317 228.895
2316 224.895
2319 236.895
2318 232.895
2304 41.725
2306 125
2309 121
2308 121
2311 123
2310 122
2361 402
2360 398
2363 410
2362 406
2365 418
2364 414
2367 426
2366 422
2353 370
2352 366
2355 378
2357 386
2356 382
2359 394
2358 390
2344 334
2347 346
2346 342
2348 350
2337 306
2336 302
2339 314
2338 310
2341 322
2340 318
2343 330
2342 326
2393 61.938
2479 54.938
2397 125
2396 125
2399 126
2398 125
2387 506
2299 501
2298 497
2297 493
2296 489
2295 485
2209 481
2119 477
2118 473
2369 434
2368 430
2371 442
2370 438
2373 450
2372 446
2375 458
2287 453
2374 454
2425 318
2424 314
2427 326
2426 322
2429 334
2428 330
2430 338
2419 294
2418 290
2421 302
2420 298
2423 310
2422 306
2409 256.895
2408 252.895
2407 248.895
2403 232.895
2402 228.895
2405 240.895
2404 236.895
2406 244.895
2457 446
2456 442
2459 454
2458 450
2460 458
2449 414
2448 410
2447 406
2446 402
2445 398
2451 422
2450 418
2453 430
2452 426
2455 438
2454 434
2489 240.895
2488 236.895
2487 232.895
2490 244.895
2493 256.895
2492 252.895
2495 263.839
2410 259.839
2481 129
2480 133
2483 129
2482 129
2485 129
2484 129
2520 362
2519 358
2523 374
2522 370
2437 366
2436 362
2435 358
2349 354
2525 382
2524 378
2526 386
2513 334
2512 330
2515 342
2514 338
2517 350
2516 346
2505 302
2504 298
2507 310
2506 306
2509 318
2508 314
2511 326
2510 322
2498 274
2503 294
2502 290
2501 286
2500 282
2499 278
2544 458
2543 454
2537 430
2536 426
2535 422
2539 438
2538 434
2541 446
2540 442
2542 450
2528 394
2531 406
2530 402
2533 414
2532 410
2534 418
2585 283
2587 291
2586 287
2589 299
2588 295
2591 307
2590 303
2569 133
2568 133
2570 134
2573 237.895
2575 245.895
2574 241.895
2565 133
2564 137
2567 133
2566 133
2617 411
2616 407
2619 419
2618 415
2621 427
2620 423
2623 435
2622 431
2609 379
2612 391
2614 399
2601 347
2600 343
2603 355
2602 351
2605 363
2606 367
2593 315
2592 311
2595 323
2594 319
2597 331
2596 327
2599 339
2598 335
2649 71.533
2651 138.973
2739 134.973
2923 124.973
3025 120.973
2650 75.533
2653 137
2652 137
2655 137
2654 137
2625 443
2624 439
2627 451
2626 447
2629 459
2628 455
2630 463
2681 323
2680 319
2683 331
2682 327
2685 339
2684 335
2687 347
2686 343
2673 291
2672 287
2675 299
2674 295
2677 307
2676 303
2679 315
2678 311
2671 283
2584 279
2657 137
2656 137
2661 245.895
2660 241.895
2662 249.895
2713 467
2712 463
2711 459
2710 455
2709 451
2708 447
2705 435
2704 431
2703 427
2707 443
2706 439
2699 411
2701 419
2700 415
2702 423
2689 355
2688 351
2690 359
2693 371
2694 375
2607 371
2521 366
2745 141
2747 244.895
2746 141
2749 245.895
2751 253.895
2750 249.895
2741 141
2740 138.973
2743 141
2742 141
2733 71.533
2777 355
2776 351
2779 363
2778 359
2780 367
2769 323
2768 319
2771 331
2770 327
2773 339
2772 335
2775 347
2774 343
2761 291
2763 299
2762 295
2765 307
2764 303
2767 315
2766 311
2793 447
2792 443
2791 439
2795 455
2794 451
2797 463
2796 459
2799 471
2798 467
2785 415
2784 411
2787 423
2786 419
2789 431
2788 427
2790 435
2840 258.895
2845 278.895
2756 273.895
2755 269.895
2754 265.895
2665 261.895
2578 257.895
2835 248.895
2837 249.895
2839 254.895
2838 250.895
2827 131.973
2829 139.973
2828 135.973
2831 145
2830 143.973
2822 80.533
2873 416
2872 415
2875 424
2874 420
2877 432
2876 428
2879 440
2878 436
2865 356
2864 352
2867 364
2866 360
2869 372
2868 368
2871 380
2870 376
2857 324
2856 320
2859 332
2858 328
2861 340
2860 336
2863 348
2862 344
2850 296
2855 316
2854 312
2909 87.533
2910 83.533
2911 79.533
2912 75.533
2819 71.533
2888 476
2881 448
2880 444
2883 456
2882 452
2885 464
2884 460
2887 472
2886 468
2928 144.973
2927 140.973
3029 136.973
3028 132.973
3027 128.973
3026 124.973
2930 149
2832 145
2744 141
2933 257.895
2834 250.895
2932 261.895
2935 252.895
2921 114.533
2920 110.533
2919 106.533
2922 118.533
2925 132.973
2924 128.973
2926 136.973
2915 84.533
2914 80.533
2821 76.533
2969 372
2968 368
2967 364
2971 380
2970 376
2973 419
2972 418.999
10101 414.112
2975 424
2974 420
2961 340
2960 336
2959 332
2963 348
2962 344
2965 356
2964 352
2966 360
2952 304
2851 300
2955 316
2954 312
2853 308
2957 324
2956 320
2958 328
2946 282.895
2985 464
2984 460
2983 456
2987 472
2986 468
2989 480
2988 476
2977 432
2976 428
2979 440
2978 436
2981 448
2980 444
2982 452
3033 152.973
3032 148.973
3031 144.973
3030 140.973
3035 265.895
3034 269.895
3036 261.895
3039 256.895
3017 88.533
3016 84.533
3019 95.533
3018 92.533
3013 90.533
3012 94.533
3014 79.533
3065 379
3064 375
3063 371
3062 367
3061 363
3060 359
3059 355
3058 351
3057 347
3056 343
3055 339
3054 335
3053 331
3052 327
3051 323
3050 319
3049 315
3048 311
3047 307
3046 303
3067 422.999
3066 422
3069 424
3068 423
3071 432
3070 428
3040 256.895
2936 252.895
3081 472
3080 468
3079 464
3078 460
3083 480
3082 476
3084 484
3073 440
3072 436
3075 448
3074 444
3077 456
3076 452
3121 135.533
3120 131.533
3127 262.895
3037 258.895
2934 254.895
3113 103.533
3112 99.533
3109 88.533
3111 96.533
3110 92.533
3161 426.999
3160 423
3163 428
3162 427
3165 436
3164 432
3167 444
3166 440
3152 363
3151 359
3150 355
3149 351
3148 347
3147 343
3155 375
3154 371
3153 367
3156 379
3145 335
3144 331
3143 327
3142 323
3141 319
3146 339
3140 315
3139 311
3177 484
3176 480
3175 476
3174 472
3173 468
3172 464
3178 488
3169 452
3168 448
3171 460
3170 456
3231 320
3219 266.895
3218 269.895
3126 265.895
3220 264.895
3128 260.895
3038 256.895
3208 108.533
3211 120.533
3210 116.533
3213 128.533
3212 124.533
3205 97.533
3204 93.533
3207 104.533
3206 101.533
3257 433
3256 432
3259 441
3258 437
3261 449
3260 445
3263 457
3262 453
3251 413
3250 409
3253 421
3252 417
3255 429
3254 425
3241 360
3240 356
3245 376
3244 372
3246 380
3233 328
3232 324
3239 352
3238 348
3272 493
3275 505
3181 500
3180 496
3086 492
3085 488
2990 484
2889 480
2800 475
2714 471
3265 465
3264 461
3267 473
3266 469
3269 481
3268 477
3271 489
3270 485
3304 112.533
3307 124.533
3306 120.533
3309 132.533
3308 128.533
3298 96.533
3303 108.533
3353 445
3352 441
3355 453
3354 449
3357 461
3356 457
3359 469
3358 465
3345 414
3344 410
3343 406
3342 402
3341 398
3346 418
3349 430
3348 426
3347 422
3351 437
3350 434
3337 375
3339 383
3338 379
3361 477
3360 473
3363 485
3362 481
3365 493
3364 489
3417 363
3416 359
3419 371
3418 367
3408 272.895
3405 136.533
3404 132.533
3399 112.533
3450 495
3453 507
3452 503
3451 499
3485 114.533
3398 109.533
3302 105.533
3487 128.533
3477 106.532
3513 408
3512 404
3515 416
3514 412
3517 424
3516 420
3519 432
3518 428
3505 376
3504 372
3507 384
3506 380
3509 392
3508 388
3510 396
3503 368
3502 364
3492 145.533
3491 141.533
3529 472
3528 468
3531 480
3530 476
3533 488
3532 484
3534 492
3521 440
3520 436
3523 448
3522 444
3525 456
3524 452
3527 464
3526 460
3579 243.558
3581 243.558
3561 598
3475 593
3390 588
3296 583
3202 578
3609 452
3608 448
3607 444
3606 440
3605 436
3611 460
3610 456
3613 468
3612 464
3615 476
3614 472
3601 420
3600 416
3603 428
3602 424
3604 432
3593 388
3592 384
3595 396
3594 392
3597 404
3596 400
3599 412
3598 408
3589 372
3588 368
3591 380
3590 376
3624 512
3617 484
3616 480
3619 492
3618 488
3620 496
3673 376
3672 372
3675 384
3674 380
3677 392
3676 388
3679 400
3678 396
3651 118.533
3650 114.533
3565 110.533
3705 504
3704 500
3697 472
3696 468
3695 464
3694 460
3693 456
3699 480
3698 476
3701 488
3700 484
3703 496
3702 492
3689 440
3688 436
3687 432
3691 448
3690 444
3692 452
3681 408
3680 404
3683 416
3682 412
3685 424
3684 420
3686 428
3741 154.533
3658 149.533
3572 145.533
3742 158.533
3659 153.533
3573 149.533
3733 119.533
3734 123.533
3769 413
3768 409
3771 421
3770 417
3773 429
3772 425
3775 437
3774 433
3761 381
3760 377
3763 389
3762 385
3765 397
3764 393
3767 405
3766 401
3753 288.895
3667 284.895
3583 280.895
3498 276.895
3410 272.895
3319 268.895
3224 264.895
3132 260.895
3752 288.895
3666 284.895
3746 235.533
3748 231.533
3836 227.533
3751 288.895
3750 288.895
3793 509
3792 505
3795 517
3785 477
3784 473
3787 485
3786 481
3789 493
3788 489
3791 501
3790 497
3777 445
3776 441
3779 453
3778 449
3781 461
3780 457
3783 469
3782 465
3833 178.533
3832 174.533
3831 170.533
3744 166.533
3661 161.533
3575 157.533
3494 153.533
3493 149.533
3834 182.533
3837 227.533
3926 223.533
3839 292.895
3838 294.895
3826 150.533
3739 146.533
3829 162.853
3819 118.533
3731 114.533
3821 139.533
3909 135.533
3997 131.533
3865 449
3864 445
3867 457
3866 453
3869 465
3868 461
3871 473
3870 469
3857 417
3856 413
3859 425
3858 421
3861 433
3860 429
3863 441
3862 437
3849 385
3848 381
3851 393
3850 389
3853 401
3852 397
3855 409
3854 405
3841 292.895
3840 292.895
3889 545
3801 541
3713 536
3629 532
3543 528
3457 523
3456 519
3455 515
3454 511
3881 513
3880 509
3883 521
3882 517
3885 529
3887 537
3799 533
3711 528
3710 524
3709 520
3625 516
3539 512
3886 533
3798 529
3873 481
3872 477
3875 489
3874 485
3877 497
3876 493
3879 505
3878 501
3929 296.895
3928 296.895
3930 296.895
3932 382.387
3921 178.533
3920 174.533
3923 186.533
3922 182.533
3924 224.533
4013 220.533
3915 154.533
3916 158.533
3904 121.533
3961 481
3960 477
3959 473
3958 469
3957 465
3963 489
3962 485
3965 497
3964 493
3967 505
3966 501
3953 449
3952 445
3951 441
3950 437
3955 457
3954 453
3956 461
3945 417
3944 413
3947 425
3946 421
3949 433
3948 429
3943 409
3977 545
3976 541
3979 553
3890 549
3978 549
3969 513
3968 509
3971 521
3970 517
3972 525
3975 537
3974 533
4024 383
3934 379
4031 405
4030 401
3940 397
4017 295.537
4106 291.537
4198 287.537
4290 283.537
4381 277.537
4016 293.537
4105 289.537
4196 285.537
4019 298.537
4108 294.537
4199 290.537
4291 286.537
4471 276.537
4018 295.537
4107 291.537
4023 383
4011 186.533
4010 182.533
4001 147.533
4000 143.533
3999 139.533
3998 135.533
4006 166.533
3917 162.533
4057 509
4056 505
4059 517
4058 513
4061 525
4060 521
4062 529
4049 477
4048 473
4051 485
4050 481
4053 493
4052 489
4055 501
4054 497
4041 445
4040 441
4039 437
4038 433
4043 453
4042 449
4045 461
4044 457
4047 469
4046 465
4033 413
4032 409
3942 405
4034 417
4037 429
4091 152.533
4065 541
4064 537
4067 549
4066 545
4069 557
4068 553
4071 565
4070 561
3980 557
4121 410
4123 418
4122 414
4112 387
4104 289.537
4111 387
4022 383
3933 379
4097 183.533
4096 171.533
4101 219.533
4152 534
4155 546
4154 542
4157 554
4156 550
4159 562
4158 558
4145 506
4144 502
4149 522
4148 518
4151 530
4150 526
4137 474
4136 470
4139 482
4138 478
4141 490
4140 486
4143 498
4142 494
4131 450
4130 446
4133 458
4132 454
4135 466
4134 462
4177 140.533
4180 152.533
4090 148.533
4173 133.533
4083 129.533
4172 133.533
4161 570
4160 566
4162 574
4072 569
4216 422
4215 418
4214 414
4203 391
4249 554
4248 550
4251 562
4250 558
4253 570
4252 566
4255 578
4254 574
4241 522
4243 530
4242 526
4245 538
4244 534
4233 490
4232 486
4235 498
4234 494
4237 506
4236 502
4224 454
4223 450
4227 466
4226 462
4229 474
4228 470
4231 482
4230 478
4281 187.533
4280 183.533
4283 195.533
4282 191.533
4273 156.533
4272 152.533
4271 148.533
4178 144.533
4088 140.533
4275 164.533
4274 160.533
4181 156.533
4277 171.533
4276 167.533
4279 179.533
4278 175.533
4265 137.533
4264 137.533
4266 137.533
4256 582
4263 137.533
4262 606
4169 602
4079 597
4078 593
4077 589
4076 585
4075 581
3985 577
3896 573
3808 569
3720 564
3719 560
3635 556
3549 552
3463 547
3462 543
3461 539
3460 535
3459 531
3458 527
4317 462
4316 458
4315 454
4314 450
4313 446
4312 442
4311 438
4219 434
4126 430
4036 425
4035 421
4319 470
4318 466
4305 414
4213 410
4212 406
4119 402
4029 397
3939 393
4295 395
4294 395
4345 574
4344 570
4347 582
4346 578
4348 586
4337 542
4336 538
4338 546
4341 558
4343 566
4342 562
4329 510
4328 506
4327 502
4333 526
4335 534
4334 530
4320 474
4323 486
4322 482
4325 494
4324 490
4326 498
4377 212.533
4376 208.533
4371 188.533
4373 196.533
4372 192.533
4375 204.533
4374 200.533
4361 149.533
4270 144.533
4363 157.533
4362 153.533
4365 165.533
4364 161.533
4366 169.533
4355 141.533
4354 141.533
4358 143.533
4267 138.533
4409 467
4408 463
4411 475
4410 471
4413 483
4321 478
4412 479
4415 491
4414 487
4395 411
4303 406
4302 402
4394 407
4387 399
4296 395
4205 391
4113 387
4388 399
4297 395
4206 391
4441 595
4349 590
4257 586
4164 582
4074 577
4073 573
3983 569
3894 565
3806 561
3718 556
3717 552
3633 548
3632 544
3546 540
4440 591
4442 599
4350 594
4445 145.533
4444 607
4352 602
4260 598
4167 594
4433 563
4435 571
4434 567
4437 579
4436 575
4438 583
4429 547
4431 555
4430 551
4417 499
4416 495
4419 507
4418 503
4421 515
4420 511
4465 212.533
4464 208.533
4463 204.533
4459 188.533
4458 184.533
4457 180.533
4456 176.533
4367 172.533
4461 196.533
4462 200.533
4451 157.533
4450 153.533
4453 165.533
4452 161.533
4455 173.533
4454 169.533
4505 499
4504 495
4507 507
4506 503
4508 511
4497 467
4499 475
4498 471
4501 483
4500 479
4503 491
4502 487
4488 431
4487 427
4398 423
4306 418
4485 419
4396 415
4304 410
4484 415
4486 423
4397 419
4539 161.533
4538 157.533
4541 169.533
4540 165.533
4529 595
4528 591
4439 587
4531 603
4530 599
4533 149.533
4532 607
4443 603
4351 598
4259 594
4166 590
4534 153.533
4523 571
4522 567
4525 579
4524 575
4527 587
4526 583
4571 419
4573 427
4572 423
4575 435
4574 431
4553 216.533
4552 212.533
4554 220.533
4546 188.533
4549 200.533
4548 196.533
4460 192.533
4551 208.533
4550 204.533
4593 507
4592 503
4595 515
4594 511
4596 519
4509 515
4587 483
4589 491
4588 487
4591 499
4590 495
4576 439
4489 435
4400 431
4308 426
4307 422
4633 196.533
4632 192.533
4635 204.533
4634 200.533
4639 220.533
4638 216.533
4625 165.533
4624 161.533
4626 169.533
4617 603
4619 153.533
4618 607
4621 156.533
4609 571
4611 579
4610 575
4613 587
4612 583
4615 595
4614 591
4642 231.533
4697 583
4696 579
4695 575
4699 591
4698 587
4701 599
4700 595
4702 603
4616 599
4681 519
4680 515
4683 527
4682 523
4684 531
4598 527
4597 523
4674 491
4677 503
4676 499
4675 495
4679 511
4678 507
4730 259.569
4721 221.533
4720 217.533
4637 212.533
4722 225.533
4725 236.533
4724 233.533
4641 228.533
4640 224.533
4713 189.533
4630 184.533
4544 180.533
4715 197.533
4714 193.533
4631 188.533
4717 205.533
4716 201.533
4718 209.533
4707 166.533
4708 170.533
4763 496
4765 504
4767 512
4766 508
4747 432
4746 428
4749 440
4748 436
4795 170.533
4785 584
4787 592
4786 588
4789 600
4788 596
4791 608
4790 604
4769 520
4768 516
4771 528
4772 532
4817 255.533
4816 251.533
4815 247.533
4818 259.533
4809 225.533
4808 221.533
4811 233.533
4810 229.533
4813 240.533
4812 237.533
4801 193.533
4800 190.533
4712 186.533
4629 181.533
4628 177.533
4542 173.533
4803 201.533
4802 197.533
4804 205.533
4807 217.533
4719 213.533
4636 208.533
4806 213.533
4805 209.533
4860 540
4859 536
4863 552
4862 548
4861 544
4774 540
4685 535
4853 512
4852 508
4855 520
4854 516
4843 472
4842 468
4755 464
4666 459
4580 455
4493 451
4404 447
4835 440
4834 436
4833 432
4839 456
4752 452
4663 447
4577 443
4490 439
4889 205.533
4888 201.533
4887 197.533
4891 213.533
4890 209.533
4893 221.533
4892 217.533
4895 229.533
4894 225.533
4881 174.533
4883 182.533
4882 178.533
4796 174.533
4873 592
4872 588
4875 600
4874 596
4877 608
4876 604
4878 168.533
4865 560
4778 556
4689 551
4603 547
4516 543
4427 539
4864 556
4777 552
4688 547
4602 543
4601 539
4514 535
4425 531
4918 436
4897 237.533
4896 233.533
4899 244.533
4898 241.533
4901 251.533
4903 259.533
4902 255.533
4957 592
4959 600
4958 596
4945 544
4944 540
4943 536
4942 532
4857 528
4770 524
4947 552
4946 548
4949 560
4948 556
4950 564
4937 512
4936 508
4935 504
4850 500
4939 520
4938 516
4940 524
4984 249.533
4986 256.533
4977 222.533
4979 230.533
4978 226.533
4981 238.533
4980 234.533
4983 246.533
4982 242.533
4968 187.533
4973 206.533
4972 202.533
4974 210.533
4961 608
4960 604
4963 173.533
4967 183.533
4966 179.533
5020 513
5022 521
5011 477
4927 472
4926 468
4925 464
4840 460
4753 456
4664 451
5015 493
4931 488
4846 484
4759 480
4670 475
4584 471
5051 187.533
5050 183.533
5053 195.533
4969 191.533
4884 186.533
4798 182.533
4710 178.533
4627 173.533
5052 191.533
5055 203.533
4971 199.533
4886 194.533
5041 597
5043 605
5042 601
5044 609
5047 177.533
5033 565
5032 561
5027 541
5026 537
5031 557
5030 553
5065 242.533
5064 238.533
5057 210.533
5056 206.533
5059 218.533
5058 214.533
5061 226.533
5060 222.533
5063 234.533
5062 230.533
5113 561
5112 557
5101 513
5019 509
5102 517
5093 481
5092 477
5010 473
5094 485
5012 481
4928 476
5145 238.533
5144 234.533
5137 207.533
5136 203.533
5054 199.533
4970 195.533
4885 190.533
4799 186.533
5139 214.533
5138 210.533
5141 222.533
5140 218.533
5143 230.533
5142 226.533
5129 181.533
5133 191.533
5132 187.533
5125 609
5124 605
5126 613
5176 497
5175 493
5174 489
5209 186.533
5213 196.533
5212 192.533
5214 200.533
5134 195.533
5205 613
5204 609
5193 565
5192 561
5194 569
5114 565
5224 239.533
5217 212.533
5216 208.533
5219 219.533
5218 215.533
5221 227.533
5220 223.533
5223 235.533
5222 231.533
5275 566
5274 562
5191 557
5190 553
5189 549
5109 545
5276 570
5305 216.533
5304 212.533
5303 208.533
5302 204.533
5307 223.533
5306 219.533
5309 231.533
5308 227.533
5311 239.533
5310 235.533
5301 200.533
5294 188.533
5287 614
5361 562
5360 558
5359 554
5358 550
5357 546
5356 542
5268 538
5185 533
5184 529
5183 525
5103 521
5021 517
5401 235.533
5400 231.533
5402 239.533
5393 204.533
5392 200.533
5300 196.533
5395 212.533
5394 208.533
5397 220.533
5396 216.533
5399 227.533
5398 223.533
5386 192.533
5465 614
5464 610
5372 606
5371 602
5283 598
5200 593
5120 589
5119 585
5037 581
4953 576
4952 572
4951 568
5489 227.533
5488 224.533
5487 220.533
5486 216.533
5491 235.533
5490 231.533
5493 243.533
5492 239.533
5483 204.533
5485 212.533
5484 208.533
5472 203.533
5566 203.533
5480 198.533
5389 194.533
5297 190.533
5554 219.533
5469 215.533
5585 276.533
5661 272.533
5584 268.533
5498 263.533
5497 259.533
5406 255.533
5405 251.533
5313 247.533
5225 243.533
5577 240.533
5576 236.533
5579 248.533
5580 252.533
5494 247.533
5569 209.533
5571 217.533
5570 213.533
5573 225.533
5572 221.533
5575 232.533
5574 229.533
5626 615
5549 610
5548 606
5547 602
5546 598
5545 594
5459 590
5367 586
5279 582
5196 577
5116 573
5034 569
5657 256.533
5656 252.533
5659 264.533
5658 260.533
5660 268.533
5662 276.533
5649 225.533
5648 221.533
5651 233.533
5650 229.533
5652 236.533
5655 248.533
5578 244.533
5643 207.533
5647 217.533
5646 213.533
5695 575
5694 571
5614 567
5537 562
5536 558
5450 554
5727 221.533
5726 217.533
5737 260.533
5736 256.533
5739 268.533
5738 264.533
5740 272.533
5729 229.533
5728 225.533
5730 233.533
5733 244.533
5732 240.533
5735 252.533
5734 248.533
5809 249.533
5808 245.533
5811 257.533
5810 253.533
5813 265.533
5812 261.533
5815 273.533
5814 269.533
5803 226.533
5802 222.533
5805 234.533
5804 230.533
5806 238.533
5799 216.533
5723 211.533
5881 242.533
5880 238.533
5883 249.533
5882 246.533
5885 257.533
5884 253.533
5887 265.533
5886 261.533
5872 218.533
5797 214.533
5721 209.533
5641 205.533
5564 201.533
5478 196.533
5874 220.533
5877 226.533
5879 234.533
5878 230.533
5864 216.533
5889 273.533
5888 269.533
5947 222.533
5951 230.533
5939 220.533
5961 269.533
5960 265.533
5959 261.533
5962 273.533
5953 238.533
5952 234.533
5955 246.533
5954 242.533
5957 253.533
5956 250.533
5958 257.533
6001 517.489
6082 512.489
6083 508.489
6159 504.489
6234 500.489
6309 495.489
6310 491.489
6311 487.489
6000 620
5927 616
5926 612
5925 608
5924 604
5923 600
5849 596
5774 591
5698 587
5697 583
5617 579
5540 574
5539 570
5538 566
5452 562
5451 558
6003 509.489
6084 504.489
6085 500.489
6002 513.489
6004 505.489
6041 269.533
6040 265.533
6037 254.533
6036 250.533
6039 261.533
6038 257.533
6027 226.533
6029 229.533
6109 233.533
6111 234.533
6081 516.489
6121 270.533
6120 266.533
6122 274.533
6113 239.533
6112 235.533
6115 247.533
6114 243.533
6117 255.533
6119 262.533
6118 259.533
6161 496.489
6160 500.489
6155 621
6079 616
6078 612
5997 608
6157 512.489
6232 508.489
6307 503.489
6308 499.489
6156 516.489
6231 512.489
6306 507.489
6158 508.489
6233 504.489
6193 251.533
6192 247.533
6195 259.533
6197 266.533
6196 263.533
6198 270.533
6187 237.533
6186 235.533
6108 231.533
6189 238.533
6191 243.533
6190 239.533
6235 496.489
6236 492.489
6230 621
6154 617
6265 243.533
6264 242.533
6267 251.533
6266 247.533
6268 255.533
6271 267.533
6270 263.533
6261 239.533
6262 241.533
6318 263.533
6305 511.489
6345 256.533
6344 252.533
6346 260.533
6348 268.533
6351 279.533
6273 274.533
6339 244.533
6338 243.533
6260 238.533
6185 234.533
6107 230.533
6026 225.533
5946 221.533
5871 217.533
5796 213.533
5720 208.533
5640 204.533
5563 200.533
6340 245.533
6343 248.533
6342 247.533
6393 464.489
6394 460.489
6392 468.489
6385 496.489
6386 492.489
6387 488.489
6388 484.489
6389 480.489
6390 476.489
6391 472.489
6384 500.489
6381 512.489
6382 508.489
6383 504.489
6380 622
6303 617
6228 613
6152 609
6076 604
6075 600
6074 596
5993 592
5992 588
5991 584
5918 580
5844 576
5769 571
5768 567
5692 563
5691 559
5690 555
5610 551
5533 546
5447 542
5446 538
5445 534
5444 530
5352 526
5351 522
5350 518
5349 514
5261 510
5178 505
5177 501
5097 497
6425 264.533
6424 260.533
6417 247.533
6416 246.533
6337 242.533
6259 237.533
6184 233.533
6106 229.533
6025 224.533
5945 220.533
5870 216.533
5795 212.533
6418 248.533
6421 251.533
6423 256.533
6422 252.533
6409 244.533
6331 240.533
6254 236.533
6411 244.533
6412 244.533
6333 240.533
6256 236.533
6181 232.533
6415 245.533
6336 241.533
6258 236.533
6183 232.533
6105 228.533
6401 247.533
6323 243.533
6246 239.533
6172 235.533
6095 231.533
6015 227.533
6459 509.489
6460 505.489
6461 501.489
6462 497.489
6543 493.489
6623 488.489
6701 484.489
6777 480.489
6850 475.489
6851 471.489
6923 467.489
6924 463.489
6925 459.489
6926 455.489
6927 451.489
6928 447.489
6929 443.489
7005 439.489
7076 434.489
7077 430.489
7078 426.489
7079 422.489
7080 418.489
7081 414.489
7082 410.489
6458 513.489
6539 509.489
6619 504.489
6620 500.489
6621 496.489
6622 492.489
6700 488.489
6463 493.489
6544 489.489
6624 484.489
6702 480.489
6703 476.489
6779 472.489
6852 467.489
6483 251.533
6473 453.489
6472 457.489
6553 453.489
6633 448.489
6634 444.489
6477 440.489
6558 436.489
6638 431.489
6716 427.489
6792 423.489
6865 418.489
6937 414.489
7013 410.489
6476 441.489
6557 437.489
6637 432.489
6478 439.489
6559 435.489
6639 430.489
6717 426.489
6793 422.489
6866 417.489
6938 413.489
6465 485.489
6466 481.489
6467 477.489
6548 473.489
6628 468.489
6706 464.489
6782 460.489
6855 455.489
6464 489.489
6545 485.489
6625 480.489
6626 476.489
6627 472.489
6705 468.489
6469 469.489
6470 465.489
6471 461.489
6468 473.489
6505 256.533
6504 255.533
6507 264.533
6506 260.533
6508 268.533
6497 248.533
6414 244.533
6335 240.533
6499 250.533
6498 249.533
6500 251.533
6502 253.533
6419 249.533
6552 457.489
6632 452.489
6554 449.489
6547 477.489
6546 481.489
6549 469.489
6629 464.489
6630 460.489
6631 456.489
6551 461.489
6550 465.489
6541 501.489
6540 505.489
6542 497.489
6585 257.533
6584 256.533
6501 252.533
6587 259.533
6589 264.533
6588 260.533
6591 272.533
6590 268.533
6579 252.533
6496 248.533
6413 244.533
6334 240.533
6257 236.533
6581 253.533
6580 252.533
6583 255.533
6582 254.533
6575 252.533
6560 434.489
6640 429.489
6718 425.489
6565 255.533
6618 508.489
6651 256.533
6572 252.533
6489 248.533
6407 244.533
6328 240.533
6251 236.533
6176 232.533
6098 228.533
6018 224.533
6644 259.533
6665 262.533
6664 261.533
6667 264.533
6659 256.533
6658 256.533
6661 258.533
6660 257.533
6663 260.533
6662 259.533
6713 436.489
6789 432.489
6862 427.489
6704 472.489
6780 468.489
6853 463.489
6707 460.489
6783 456.489
6856 451.489
6709 452.489
6785 448.489
6858 443.489
6930 439.489
6931 435.489
6932 431.489
6708 456.489
6784 452.489
6857 447.489
6711 444.489
6710 448.489
6786 444.489
6859 439.489
6697 500.489
6773 496.489
6846 491.489
6847 487.489
6848 483.489
6849 479.489
6696 504.489
6772 500.489
6845 495.489
6699 492.489
6775 488.489
6698 496.489
6695 508.489
6771 504.489
6844 499.489
6916 495.489
6992 491.489
7063 486.489
7064 482.489
7065 478.489
7066 474.489
7067 470.489
7136 466.489
7201 462.489
7202 458.489
7203 454.489
7204 450.489
7205 446.489
7206 442.489
7207 438.489
7208 434.489
7275 430.489
7343 425.489
7344 421.489
7345 417.489
7346 413.489
7347 409.489
7348 405.489
7349 401.489
7418 397.489
7419 393.489
6744 266.533
6746 268.533
6737 260.533
6736 260.533
6739 261.533
6738 260.533
6741 263.533
6740 262.533
6743 265.533
6742 264.533
6733 260.533
6654 256.533
6735 260.533
6657 256.533
6578 252.533
6495 248.533
6776 484.489
6778 476.489
6781 464.489
6854 459.489
6770 627
6769 623
6768 619
6692 615
6614 610
6613 606
6533 602
6451 598
6450 594
6372 590
6295 585
6220 581
6144 577
6068 572
5987 568
5986 564
5985 560
5912 556
5838 552
5763 547
5687 543
5686 539
5685 535
5605 531
5528 526
5442 522
5441 518
6774 492.489
6809 264.533
6734 260.533
6655 256.533
6576 252.533
6494 248.533
6811 264.533
6810 264.533
6813 264.533
6812 264.533
6815 265.533
6814 264.533
6787 440.489
6860 435.489
6790 428.489
6863 423.489
6843 503.489
6915 499.489
6817 267.533
6816 266.533
6819 269.533
6818 268.533
6822 272.533
6879 268.533
6808 264.533
6870 268.533
6799 264.533
6910 562.489
6889 272.533
6888 271.533
6890 273.533
6892 275.533
6820 270.533
6881 268.533
6880 268.533
6883 268.533
6882 268.533
6885 268.533
6884 268.533
6887 270.533
6886 269.533
6941 272.533
6921 475.489
6997 471.489
7068 466.489
7069 462.489
7070 458.489
7071 454.489
7072 450.489
7073 446.489
7074 442.489
7075 438.489
7144 434.489
7209 430.489
7210 426.489
7211 422.489
7212 418.489
7213 414.489
7214 410.489
7215 406.489
7216 402.489
7283 398.489
7351 393.489
6920 479.489
6996 475.489
6922 471.489
6914 503.489
6917 491.489
6918 487.489
6994 483.489
6919 483.489
6953 272.533
6952 272.533
6954 272.533
6957 273.533
6956 272.533
6959 275.533
6958 274.533
6949 272.533
6951 272.533
6950 272.533
7001 455.489
7000 459.489
7002 451.489
7004 443.489
7007 431.489
7006 435.489
6993 487.489
6995 479.489
6999 463.489
6998 467.489
6985 527.489
7054 522.489
6984 531.489
7053 526.489
6987 519.489
7056 514.489
7057 510.489
7058 506.489
7127 502.489
7128 498.489
7129 494.489
7194 490.489
7195 486.489
7196 482.489
7197 478.489
7198 474.489
7199 470.489
7266 466.489
7334 461.489
7335 457.489
7336 453.489
7405 449.489
6986 523.489
7055 518.489
6989 503.489
7060 498.489
6988 515.489
6991 495.489
7062 490.489
7131 486.489
6990 499.489
7061 494.489
6977 559.489
7046 554.489
7115 550.489
7180 546.489
7181 542.489
7182 538.489
7249 534.489
7317 529.489
7386 525.489
7452 521.489
7453 517.489
7454 513.489
7455 509.489
7456 505.489
7457 501.489
7458 497.489
7459 493.489
7460 489.489
7461 485.489
7462 481.489
7463 477.489
7464 473.489
6976 563.489
7045 558.489
7114 554.489
6979 551.489
7048 546.489
7117 542.489
6978 555.489
7047 550.489
7116 546.489
6981 543.489
7050 538.489
7119 534.489
6980 547.489
7049 542.489
7118 538.489
6983 535.489
7052 530.489
7033 278.533
7032 277.533
7034 279.533
7025 276.533
7024 276.533
7027 276.533
7026 276.533
7029 276.533
7028 276.533
7031 276.533
7030 276.533
6955 272.533
7017 276.533
7018 276.533
7009 423.489
7008 427.489
7011 415.489
7010 419.489
7059 502.489
7044 562.489
7113 558.489
7178 554.489
7245 550.489
7313 545.489
7314 541.489
7383 537.489
7384 533.489
7385 529.489
7097 280.533
7096 280.533
7099 280.533
7098 280.533
7101 280.533
7100 280.533
7103 281.533
7102 280.533
7088 280.533
7095 280.533
7085 283.533
7015 279.533
6939 275.533
6868 271.533
6797 267.533
6722 263.533
7087 280.533
7130 490.489
7133 478.489
7132 482.489
7135 470.489
7134 474.489
7125 510.489
7126 506.489
7112 562.489
7105 283.533
7104 282.533
7162 293.533
7161 289.533
7160 285.533
7164 284.533
7167 284.533
7166 284.533
7157 284.533
7156 284.533
7158 284.533
7145 430.489
7147 422.489
7146 426.489
7149 414.489
7148 418.489
7151 406.489
7150 410.489
7137 462.489
7139 454.489
7138 458.489
7141 446.489
7140 450.489
7143 438.489
7142 442.489
7193 494.489
7260 490.489
7192 498.489
7185 526.489
7252 522.489
7320 517.489
7321 513.489
7322 509.489
7323 505.489
7324 501.489
7184 530.489
7251 526.489
7319 521.489
7388 517.489
7187 518.489
7254 514.489
7186 522.489
7253 518.489
7188 514.489
7255 510.489
7191 502.489
7177 558.489
7176 287.533
7179 550.489
7183 534.489
7250 530.489
7318 525.489
7169 284.533
7168 284.533
7171 284.533
7170 284.533
7173 284.533
7175 286.533
7174 285.533
7224 288.533
7227 293.533
7228 292.533
7230 288.533
7219 291.533
7154 287.533
7221 288.533
7223 288.533
7222 288.533
7200 466.489
7267 462.489
7256 506.489
7259 494.489
7258 498.489
7261 486.489
7263 478.489
7331 473.489
7332 469.489
7333 465.489
7402 461.489
7403 457.489
7262 482.489
7330 477.489
7248 538.489
7316 533.489
7241 289.533
7240 288.533
7243 558.489
7311 553.489
7312 549.489
7242 290.533
7244 554.489
7247 542.489
7315 537.489
7233 288.533
7235 288.533
7234 288.533
7237 288.533
7236 288.533
7238 288.533
7289 292.533
7288 292.533
7291 292.533
7290 292.533
7293 293.533
7226 289.533
7294 296.533
7281 406.489
7280 410.489
7282 402.489
7350 397.489
7287 292.533
7273 438.489
7341 433.489
7410 429.489
7411 425.489
7272 442.489
7340 437.489
7274 434.489
7342 429.489
7277 422.489
7276 426.489
7279 414.489
7278 418.489
7265 470.489
7264 474.489
7269 454.489
7337 449.489
7338 445.489
7407 441.489
7408 437.489
7409 433.489
7268 458.489
7271 446.489
7339 441.489
7270 450.489
7305 292.533
7304 292.533
7307 292.533
7306 292.533
7310 557.489
7379 553.489
7380 549.489
7381 545.489
7447 541.489
7448 537.489
7449 533.489
7450 529.489
7451 525.489
7297 292.533
7296 292.533
7301 292.533
7300 292.533
7303 292.533
7302 292.533
7353 388.533
7555 376.533
7357 296.533
7356 296.533
7359 296.533
7358 296.533
7376 296.533
7369 296.533
7371 296.533
7370 296.533
7373 296.533
7372 296.533
7360 296.533
7363 298.533
7362 297.533
7365 296.533
7366 296.533
7417 401.489
7416 405.489
7420 389.489
7422 302.533
7413 417.489
7412 421.489
7415 409.489
7414 413.489
7401 465.489
7400 469.489
7404 453.489
7406 445.489
7395 489.489
7394 493.489
7397 481.489
7396 485.489
7441 300.533
7440 300.533
7442 300.533
7374 296.533
7433 300.533
7434 300.533
7436 300.533
7439 300.533
7438 300.533
7425 300.533
7427 300.533
7426 300.533
7428 300.533
7431 301.533
7430 300.533
7513 544.533
7514 540.533
7515 536.533
7516 532.533
7517 528.533
7518 524.533
7519 520.533
7520 516.533
7521 512.533
7522 508.533
7523 504.533
7524 500.533
7525 496.533
7526 492.533
7527 488.533
7528 484.533
7529 480.533
7530 476.533
7531 472.533
7532 468.533
7533 464.533
7534 460.533
7535 456.533
7536 452.533
7537 448.533
7538 444.533
7539 440.533
7540 436.533
7541 432.533
7542 428.533
7543 424.533
7544 420.533
7545 416.533
7546 412.533
7547 408.533
7548 404.533
7549 400.533
7550 396.533
7551 392.533
7552 388.533
7553 384.533
7554 380.533
7505 304.533
7507 304.533
7506 304.533
7509 304.533
7443 300.533
7497 304.533
7496 304.533
7499 304.533
7503 304.533
7502 304.533
7490 304.533
7493 304.533
7492 304.533
7494 304.533
7579 308.533
7508 304.533
7580 308.533
7582 553.533
7655 549.533
7656 545.533
7729 541.533
7803 536.533
7568 308.533
7570 308.533
7573 308.533
7574 308.533
7561 308.533
7563 308.533
7565 308.533
7564 308.533
7567 308.533
7559 310.533
7488 306.533
7609 445.533
7682 441.533
7683 437.533
7684 433.533
7685 429.533
7686 425.533
7687 421.533
7688 417.533
7689 413.533
7690 409.533
7691 405.533
7692 401.533
7765 397.533
7839 392.533
7840 388.533
7608 449.533
7681 445.533
7611 437.533
7610 441.533
7613 429.533
7612 433.533
7615 421.533
7614 425.533
7603 469.533
7676 465.533
7677 461.533
7678 457.533
7679 453.533
7680 449.533
7605 461.533
7604 465.533
7607 453.533
7606 457.533
7592 513.533
7665 509.533
7666 505.533
7667 501.533
7668 497.533
7669 493.533
7670 489.533
7743 485.533
7817 480.533
7641 312.533
7643 312.533
7645 312.533
7644 312.533
7647 312.533
7634 312.533
7637 312.533
7639 312.533
7638 312.533
7625 381.533
7698 377.533
7699 373.533
7772 369.533
7846 364.533
7847 360.533
7624 385.533
7627 373.533
7700 369.533
7773 365.533
7626 377.533
7629 365.533
7630 361.533
7703 357.533
7628 369.533
7617 413.533
7616 417.533
7619 405.533
7620 401.533
7693 397.533
7694 393.533
7695 389.533
7696 385.533
7769 381.533
7843 376.533
7844 372.533
7618 409.533
7621 397.533
7623 389.533
7622 393.533
7648 312.533
7654 312.656
10081 308.62
7706 316.533
7708 316.533
7711 316.533
7710 316.533
7697 381.533
7770 377.533
7701 365.533
7774 361.533
7848 356.533
7849 352.533
7702 361.533
7720 316.533
7714 316.533
7717 316.533
7716 316.533
7718 316.533
7768 385.533
7842 380.533
7771 373.533
7845 368.533
7775 357.533
7761 413.533
7835 408.533
7836 404.533
7837 400.533
7760 417.533
7834 412.533
7763 405.533
7762 409.533
7764 401.533
7838 396.533
7767 389.533
7841 384.533
7766 393.533
7753 445.533
7827 440.533
7828 436.533
7752 449.533
7826 444.533
7755 437.533
7829 432.533
7830 428.533
7831 424.533
7754 441.533
7757 429.533
7756 433.533
7759 421.533
7833 416.533
7758 425.533
7832 420.533
7751 453.533
7825 448.533
7793 320.533
7784 320.533
7786 320.533
7788 320.533
7791 320.533
7790 320.533
7776 353.533
7850 348.533
7778 345.533
7780 320.533
7782 320.533
7864 324.533
7866 324.533
7871 324.533
7798 320.533
7725 316.533
7652 312.533
7857 324.533
7859 324.533
7861 324.533
7863 324.533
7853 324.533
7855 324.533
7928 328.533
7931 328.533
7933 328.533
7937 328.533
7936 328.533
7942 328.533
7993 348.533
7992 352.533
7996 336.533
7998 332.533
7985 380.533
7986 376.533
7984 384.533
7989 364.533
7988 368.533
7991 356.533
7990 360.533
7977 412.533
7978 408.533
7979 404.533
7980 400.533
7981 396.533
7976 416.533
7971 436.533
7973 428.533
7974 424.533
7972 432.533
8013 334.043
7943 330.043
8000 332.533
8002 332.533
8005 332.533
8007 332.533
8058 340.533
8062 336.533
8051 368.533
8050 372.533
8035 432.533
8036 428.533
8072 336.533
8009 332.533
8074 336.533
8064 336.533
8121 340.533
8123 340.533
