 key  value
8122 52
8063 48
8001 44
7931 40
7932 36
7933 32
7934 28
7935 24
7862 20
7863 16
7790 12
7791 8
7792 4
8125 40
8126 36
8067 32
8068 28
8069 24
8070 20
8008 16
7938 12
7865 8
7866 4
8124 44
8127 32
8113 88
8054 84
8055 80
8056 76
8057 72
8058 68
8059 64
8060 60
8061 56
8062 52
8000 48
7930 44
8112 92
8053 88
8115 80
8114 84
8117 72
8116 76
8119 64
8118 68
8105 120
8046 116
7984 112
7914 108
7915 104
7916 100
7917 96
7918 92
7919 88
7920 84
7921 80
7922 76
7923 72
7924 68
7925 64
7926 60
7927 56
7928 52
7855 48
7856 44
7857 40
7784 36
7785 32
7786 28
7787 24
7788 20
7789 16
8104 124
8045 120
8107 112
8108 108
8049 104
8050 100
8051 96
8052 92
7990 88
7991 84
8106 116
8109 104
8111 96
8110 100
8097 152
8038 148
8039 144
8040 140
8041 136
8042 132
8043 128
8044 124
7982 120
7912 116
7913 112
8096 156
8037 152
7975 148
7905 144
7906 140
7907 136
7908 132
7909 128
7910 124
7911 120
8099 144
8098 148
8101 136
8100 140
8103 128
8102 132
8155 152
8157 144
8158 140
8159 136
8160 132
8156 148
8136 228
8137 224
8138 220
8081 216
8022 212
7960 208
7961 204
7891 200
7892 196
7893 192
7894 188
7895 184
7896 180
7897 176
7898 172
7899 168
7900 164
7901 160
7902 156
7903 152
7904 148
8128 28
8185 32
8186 28
8129 24
8184 36
8177 64
8178 60
8179 56
8176 68
8181 48
8182 44
8183 40
8180 52
8169 96
8168 100
8171 88
8172 84
8173 80
8170 92
8175 72
8174 76
8161 128
8163 120
8164 116
8165 112
8162 124
8167 104
8166 108
8217 136
8218 132
8219 128
8220 124
8221 120
8222 116
8223 112
8224 108
8216 140
8215 144
8214 148
8241 40
8242 36
8243 32
8244 28
8187 24
8130 20
8071 16
8009 12
7939 8
8240 44
8233 72
8232 76
8235 64
8236 60
8234 68
8237 56
8238 52
8239 48
8225 104
8226 100
8227 96
8228 92
8229 88
8230 84
8231 80
8281 96
8280 100
8283 88
8282 92
8285 80
8284 84
8287 72
8288 68
8286 76
8273 128
8272 132
8275 120
8274 124
8277 112
8276 116
8279 104
8278 108
91 413
111 409
125 405
142 401
170 397
208 393
253 389
359 381
419 375
482 371
481 367
550 360
549 356
548 352
619 348
689 344
768 340
854 336
938 332
1012 328
1081 324
1153 320
1235 316
1318 312
1404 308
1499 304
1593 300
1686 296
1780 292
1866 288
1950 284
2040 280
2132 276
2222 272
2309 268
2397 264
2483 260
2567 256
2654 252
2742 248
2830 244
2927 240
3029 236
3121 232
3215 228
3310 224
3405 220
3490 216
3570 212
3656 208
3738 204
3824 200
3912 196
4000 192
4089 188
4178 184
4270 180
4360 176
4449 172
4537 168
4623 164
4705 160
4792 156
4962 148
5046 144
5127 140
5206 136
5293 132
5385 128
5476 124
5561 120
5638 116
5718 112
5793 108
5868 104
5943 100
6022 96
6102 92
6179 88
6253 84
6330 80
6408 76
6490 72
6573 68
6652 64
6730 60
6806 56
6877 52
6948 48
7023 44
7094 40
7165 36
7231 32
7297 28
7366 24
7435 20
7501 16
7572 12
7646 8
7719 4
8269 144
93 413
113 409
127 405
144 401
172 397
209 393
254 389
304 385
8268 148
92 413
8271 136
8270 140
8319 144
8320 140
8321 136
8322 132
8323 128
8318 148
8298 32
8245 28
8188 24
8131 20
8072 16
8010 12
126 405
8289 64
112 409
8291 56
8292 52
8293 48
115 416
129 412
146 408
174 404
211 400
256 396
306 392
361 388
422 384
485 380
555 376
626 372
696 368
774 361
859 355
858 351
857 347
940 340
939 336
8290 60
114 413
8294 44
8344 44
8345 40
8296 36
8349 37.834
9963 35.869
8299 32
8246 28
110 409
124 405
8337 72
8336 76
8339 64
8338 68
8341 56
8340 60
8343 48
8342 52
8329 104
8328 108
8331 96
8330 100
8333 88
8334 84
8332 92
8335 80
145 405
173 401
147 412
8325 120
149 419
177 415
176 411
213 407
258 403
308 399
363 395
424 391
487 387
557 383
628 379
697 372
8324 124
148 415
8327 112
8326 116
150 422.968
179 418.968
217 414.968
263 409.968
314 405.968
370 401.968
432 396.968
496 392.968
567 388.968
638 384.968
708 380.968
785 376.968
869 372.968
947 368.968
1019 364.968
1089 360.968
1161 356.968
1245 352.968
1329 348.968
1419 344.968
1516 340.968
1610 336.968
1707 332.968
1798 328.968
1881 324.968
1969 320.968
2059 316.968
2149 312.968
2235 308.968
2322 304.968
2408 300.968
2493 296.968
2578 292.968
2664 288.968
2752 284.968
2840 280.968
2940 276.968
3043 272.968
3133 268.968
3225 264.968
3319 260.968
3409 256.968
3497 252.968
3582 248.968
3665 244.968
3750 240.968
3839 236.968
3928 232.968
4016 228.968
4105 224.968
4196 220.968
4381 212.968
4470 208.968
4557 204.968
4643 200.968
9898 195.517
4729 191
4728 187
4727 183
4814 176
4899 172
4983 168
4982 164
5065 160
5146 156
5225 152
5224 148
5223 144
5310 140
5401 136
5491 132
5576 128
5575 124
5574 120
5650 116
5729 112
5804 108
5878 104
5951 100
6031 96
6111 92
6188 88
6262 84
6339 80
6417 76
6499 72
6581 68
6660 64
6738 60
6813 56
6884 52
6954 48
7028 44
7099 40
7169 36
7235 32
7301 28
7370 24
7438 20
7504 16
7575 12
7648 8
7720 4
8377 108
8378 104
8379 100
8376 112
8381 92
8382 88
8380 96
8383 84
143 401
171 397
8369 140
8368 144
128 409
8371 132
131 419
8370 136
130 416
8373 124
133 425.968
151 421.968
180 417.968
218 413.968
264 408.968
315 404.968
371 400.968
8372 128
8375 116
8374 120
178 419
181 416.968
219 412.968
175 408
8393 44
216 415.968
262 410.968
313 406.968
369 402.968
431 397.968
495 393.968
566 389.968
8385 76
8384 80
8387 68
8386 72
210 397
8389 60
8388 64
212 404
8391 52
8392 48
215 415
260 411
310 407
365 403
364 399
8390 56
214 411
8441 52
8440 56
8433 84
8434 80
8432 88
8435 76
8436 72
8437 68
8438 64
8439 60
8425 116
8426 112
8427 108
8428 104
8424 120
8429 100
8430 96
8431 92
255 393
305 389
360 385
421 381
484 377
554 373
625 369
695 365
8419 140
8420 136
8418 144
8421 132
8422 128
8423 124
8473 116
8472 120
8475 108
8474 112
8477 100
8476 104
8479 92
8478 96
8467 140
8466 144
8469 132
8468 136
8471 124
8470 128
266 408.968
317 404.968
372 400.968
433 396.968
257 400
307 396
8499 200
8500 196
8454 192
8407 188
8358 184
8310 180
8311 176
8262 172
8263 168
8264 164
8211 160
8212 156
8213 152
259 407
261 411.968
312 407.968
368 403.968
430 398.968
494 394.968
565 390.968
637 385.968
707 381.968
784 377.968
316 404.968
319 404.968
374 400.968
435 396.968
498 392.968
568 388.968
639 384.968
709 380.968
786 376.968
870 372.968
318 404.968
373 400.968
434 396.968
497 392.968
8481 84
8480 88
8483 76
8482 80
8485 68
309 403
8484 72
8487 60
311 408.968
367 404.968
429 399.968
493 395.968
564 391.968
636 386.968
706 382.968
783 378.968
868 373.968
946 369.968
1018 365.968
1088 361.968
8486 64
299 368
354 364
414 360
476 356
545 352
616 348
687 344
766 340
852 336
937 332
8529 80
8530 76
8528 84
8531 72
8532 68
8533 64
8521 112
8520 116
8523 104
8522 108
8525 96
8524 100
8527 88
8526 92
8515 136
8516 132
8514 140
8517 128
8518 124
8519 120
8569 100
8568 104
8571 92
8572 88
8570 96
8573 84
8574 80
8575 76
8576 72
8577 68
8578 64
8579 60
8535 56
8489 52
8442 48
8561 132
8562 128
8563 124
8564 120
8565 116
8566 112
8567 108
8560 136
375 400.968
436 396.968
499 392.968
569 388.968
640 384.968
362 392
8605 132
8604 136
8607 124
8606 128
366 405.968
428 400.968
492 396.968
563 392.968
635 387.968
705 383.968
782 379.968
867 374.968
945 370.968
1017 366.968
1087 362.968
1160 357.968
1244 353.968
1328 349.968
353 364
413 360
474 356
543 352
614 348
685 344
765 340
851 336
935 332
1010 328
1234 316
1317 312
1498 304
1685 296
8589 196
8546 192
8502 188
8456 184
8409 180
8360 176
8312 172
8588 200
8545 196
8501 192
8455 188
8408 184
8359 180
412 360
8590 192
8547 188
8503 184
8457 180
8410 176
8361 172
8313 168
8632 192
8633 188
8634 184
8635 180
8636 176
8637 172
8596 168
8553 164
8554 160
8555 156
8556 152
8512 148
8513 144
8631 196
8630 200
8617 84
8616 88
8619 76
8620 72
8621 68
8618 80
8609 116
8608 120
8611 108
8610 112
8613 100
8614 96
8615 92
8612 104
425 395
427 403
490 399
560 395
631 391
630 387
629 383
426 399
8671 196
8672 192
8673 188
8674 184
8675 180
8670 200
8657 92
8658 88
8659 84
8660 80
8661 76
8656 96
416 360
478 356
547 352
618 348
688 344
420 379
423 388
486 384
8649 124
473 357
542 353
8648 128
8651 116
8652 112
475 356
8650 120
8653 108
8654 104
8655 100
477 356
469 357
538 353
609 349
680 345
760 341
847 337
932 333
1008 329
1078 325
1150 320
1316 312
1496 304
1590 300
1683 296
1864 288
2129 276
2220 272
2307 268
2395 264
2481 260
2565 256
2652 252
2741 248
2829 244
8647 132
471 357
539 353
610 349
681 345
8646 136
8697 92
8698 88
8699 84
8696 96
8701 76
8702 72
8663 68
8664 64
8623 60
8580 56
8536 52
8490 48
8443 44
8394 40
8346 36
8297 32
8700 80
8689 124
8690 120
8691 116
8692 112
8693 108
8695 100
8694 104
8686 136
8729 120
8730 116
8731 112
8732 108
8733 104
8734 100
8735 96
8736 92
489 395
488 391
8728 124
491 400.968
562 396.968
634 391.968
483 375
553 371
624 367
694 363
693 359
772 355
8726 132
8727 128
537 354
541 353
612 349
683 345
762 341
849 337
933 333
540 353
611 349
8711 192
8712 188
8713 184
8714 180
8676 176
8710 196
8763 132
8765 124
8764 128
8767 116
8766 120
8747 196
8746 200
570 388.968
641 384.968
711 380.968
788 376.968
872 372.968
949 368.968
1020 364.968
8748 192
8737 88
8739 80
8740 76
8738 84
552 367
623 363
622 359
692 355
771 351
556 380
544 352
615 348
8787 196
8786 200
546 352
617 348
8788 192
8749 188
551 363
8776 80
605 362
606 358
677 354
678 350
679 346
759 342
8780 78.363
9950 72.701
8704 68
607 354
608 350
8769 108
8768 112
8771 100
8770 104
8773 92
8772 96
8775 84
8774 88
8827 196
8816 80
8777 76
8741 72
8703 68
8809 108
8810 104
8811 100
8812 96
8808 112
8813 92
8815 84
8814 88
8801 140
8802 136
8803 132
8804 128
8805 124
8806 120
8800 144
8807 116
621 356
691 352
690 348
769 344
855 340
620 352
8849 108
8850 104
8851 100
8848 112
8853 92
613 349
8852 96
8854 88
8841 140
8842 136
8843 132
8844 128
8845 124
8847 116
8846 120
8890 87.992
9969 84.062
8881 123.992
8882 119.992
8883 115.992
8884 111.992
8885 107.992
8886 103.992
8887 99.992
8888 95.992
8889 91.992
8880 127.992
642 384.968
8877 139.992
8878 135.992
8879 131.992
8920 107.992
8921 103.992
682 345
684 345
764 341
686 344
8913 135.992
8912 139.992
8915 127.992
8916 123.992
675 362
676 358
8914 131.992
8917 119.992
8919 111.992
8918 115.992
8911 143.992
8910 147.992
8953 111.992
8952 115.992
712 380.968
8945 143.992
8944 147.992
8947 135.992
8946 139.992
8949 127.992
8948 131.992
8951 119.992
8950 123.992
710 380.968
761 341
848 337
763 345
767 340
853 336
753 360.533
840 356.533
925 352.533
1003 348.533
1073 344.533
1142 340.533
1223 333.533
1306 326.533
1393 320.533
1487 316.533
1584 312.533
1677 308.533
1773 304.533
1862 300.533
1946 296.533
2035 292.533
2127 288.533
2218 284.533
2305 280.533
2392 276.533
2478 269.595
2734 253
2820 248
2913 244
3015 240
3108 236
3203 231
3300 227
3395 223
3482 218
3564 214
3649 210
3732 205
3820 201
3907 197
3996 193
4086 188
4176 184
4269 180
4359 176
4448 172
4536 168
4622 164
4704 160
755 358
843 353
928 349
929 345
930 341
931 337
754 360.533
841 356.533
926 352.533
757 350
845 345
846 341
756 354
844 349
758 346
8985 115.992
8984 119.992
8977 147.992
8976 151.992
8979 139.992
8978 143.992
8981 131.992
8982 127.992
8980 135.992
8983 123.992
8975 155.992
8943 151.992
8974 159.992
8942 155.992
8909 151.992
787 376.968
871 372.968
789 376.968
873 372.968
951 368.968
1023 364.968
1093 360.968
1165 356.968
1248 352.968
1332 348.968
1422 344.968
1519 340.968
1613 336.968
1710 332.968
1801 328.968
1883 324.968
1971 320.968
2062 316.968
2152 312.968
2237 308.968
2324 304.968
2409 300.968
790 376.968
874 372.968
9017 115.992
9018 111.992
8987 107.992
8988 103.992
8989 99.992
8957 95.992
8924 91.992
9016 119.992
9009 147.992
9010 143.992
9011 139.992
9012 135.992
9013 131.992
9008 151.992
770 348
9015 123.992
9014 127.992
9005 163.992
9007 155.992
8997 195.992
8966 191.992
8967 187.992
8968 183.992
8969 179.992
8937 175.992
8938 171.992
8905 167.992
8871 163.992
8872 159.992
8873 155.992
8874 151.992
8875 147.992
8876 143.992
8998 191.992
8999 187.992
9041 143.992
9040 147.992
9043 135.992
9042 139.992
9045 127.992
9046 123.992
9044 131.992
9047 119.992
9048 115.992
856 344
9037 159.992
9036 163.992
9006 159.992
9039 151.992
9038 155.992
850 341
934 337
9029 191.992
9028 195.992
842 356.533
9073 131.992
9072 135.992
9075 123.992
835 376.533
920 372.533
921 368.533
922 364.533
923 360.533
924 356.533
1002 352.533
9074 127.992
837 368.533
836 372.533
839 360.533
838 364.533
9065 163.992
9066 159.992
9067 155.992
9068 151.992
9069 147.992
9064 167.992
9071 139.992
9070 143.992
9059 187.992
9031 183.992
9001 179.992
8970 175.992
8971 171.992
8972 167.992
8973 163.992
9058 191.992
9063 171.992
9035 167.992
9113 195.992
9114 191.992
9088 187.992
9089 183.992
9061 179.992
9033 175.992
9003 171.992
9004 167.992
875 372.968
953 368.968
1025 364.968
1095 360.968
1167 356.968
1251 352.968
1335 348.968
1425 344.968
1522 340.968
1616 336.968
1713 332.968
1803 328.968
1885 324.968
1973 320.968
2063 316.968
9117 179.992
9091 175.992
9092 171.992
9093 167.992
9094 163.992
9095 159.992
9096 155.992
876 372.968
954 368.968
1026 364.968
9119 171.992
9118 175.992
9104 123.992
9105 119.992
9077 115.992
9078 111.992
9050 107.992
9020 103.992
9097 151.992
9099 143.992
9098 147.992
9101 135.992
9100 139.992
9103 127.992
927 353
9102 131.992
9145 179.992
9144 183.992
9147 171.992
9148 167.992
9149 163.992
9122 159.992
9146 175.992
9151 155.992
9152 151.992
9153 147.992
9126 143.992
9127 139.992
9150 159.992
9123 155.992
9141 195.992
9143 187.992
9116 183.992
9090 179.992
9128 135.992
9129 131.992
952 368.968
1024 364.968
1094 360.968
1166 356.968
1250 352.968
1334 348.968
1424 344.968
1520 340.968
1614 336.968
1711 332.968
1802 328.968
9130 127.992
9133 119.992
9107 115.992
9079 111.992
9051 107.992
9121 163.992
9120 167.992
944 371.968
1016 367.968
1086 363.968
1159 358.968
1243 354.968
1327 350.968
1418 345.968
1515 341.968
1609 337.968
9125 147.992
9124 151.992
950 368.968
1022 364.968
1092 360.968
1164 356.968
9177 155.992
9178 151.992
9179 147.992
9180 143.992
9155 139.992
9156 135.992
9157 131.992
9158 127.992
9159 123.992
9132 119.992
9106 115.992
9176 159.992
936 332
9181 139.992
9182 135.992
9169 187.992
9171 179.992
9170 183.992
9173 171.992
9174 167.992
9172 175.992
9175 163.992
9154 143.992
9201 159.992
9202 155.992
9203 151.992
9200 163.992
9205 143.992
9206 139.992
9207 135.992
9208 131.992
9184 127.992
9204 147.992
9193 191.992
9195 183.992
9197 175.992
1021 364.968
1091 360.968
1163 356.968
1246 352.968
1330 348.968
1420 344.968
9196 179.992
9199 167.992
9198 171.992
1009 333
1011 328
1080 324
1152 320
1015 371.68
1085 367.68
1158 362.68
1242 358.68
1326 354.68
1417 349.68
1514 345.68
1608 341.68
1705 337.68
10049 333.938
1797 328.968
1880 324.968
1968 320.968
1014 372.68
1084 368.68
1157 363.68
1241 359.68
1325 355.68
1416 350.68
1513 346.68
1607 342.68
9241 179.992
9242 175.992
9243 171.992
9244 167.992
9245 163.992
9224 159.992
1001 371.533
1000 375.533
1005 352
1006 348
1004 352.533
9247 155.992
9226 151.992
9227 147.992
1007 333
9246 159.992
9225 155.992
9228 143.992
9219 179.992
9221 171.992
9220 175.992
9223 163.992
9222 167.992
1037 412.968
1104 408.968
1180 404.968
1179 400.968
1262 396.968
1261 392.968
1347 388.968
1437 384.968
1436 380.968
1532 376.968
1625 372.968
1624 368.968
1623 364.968
1622 360.968
1621 356.968
1718 352.968
1808 348.968
1890 344.968
1889 340.968
1977 336.968
2067 332.968
2066 328.968
2155 324.968
2154 320.968
2239 316.968
2238 312.968
1027 364.968
1097 360.968
1169 356.968
1253 352.968
1337 348.968
1427 344.968
1523 340.968
1028 364.968
9249 147.992
9250 143.992
9251 139.992
9230 135.992
9248 151.992
1075 352.533
1144 348.533
1143 344.533
1074 348.533
1077 328
1148 324
1232 320
1233 316
1076 352
1096 360.968
1168 356.968
1099 360.968
1171 356.968
1254 352.968
1102 372.968
1174 368.968
1173 364.968
1172 360.968
1255 356.968
1338 352.968
1428 348.968
1090 360.968
1162 356.968
1145 336
1229 332
1230 328
1231 324
1146 332
1147 328
1183 416.968
1182 412.968
1265 408.968
1264 404.968
1350 400.968
1440 396.968
1439 392.968
1438 388.968
1534 384.968
1627 380.968
1724 376.968
1814 372.968
1896 368.968
1984 364.968
1983 360.968
1982 356.968
1981 352.968
1980 348.968
1979 344.968
1978 340.968
1170 356.968
1156 367.68
9421 1675.96
9422 1577.96
9423 1479.96
9424 1381.96
9442 1206.96
9443 1107.96
9461 972.956
9477 866.956
9494 759.956
9512 627.956
9531 520.956
9551 413.956
6006 224.956
6087 219.956
6163 215.956
6238 211.956
6313 206.956
6314 202.956
6315 198.956
6316 194.956
6317 190.956
6395 183.956
6474 176.956
6475 172.956
6476 168.956
6557 164.956
6637 159.956
6715 155.956
6791 151.956
6864 146.956
6936 142.956
7012 138.956
7083 133.956
7152 129.956
7217 125.956
7284 121.956
7352 116.956
7421 112.956
7487 108.956
9982 105.015
7556 100
7557 96
7558 92
7631 85
7704 81
7777 77
7851 72
7852 68
9420 1773.96
1247 352.968
1225 341.533
1224 337.533
1227 340
1228 336
1226 345.26
10048 341.587
1221 332.533
1220 328.533
1305 324.533
1392 320.533
1484 316.533
1582 312.533
1675 308.533
1772 304.533
9462 936.456
9939 846.042
9478 828.136
9942 739.257
9495 720.956
1222 336.533
1269 424.968
1355 420.968
1445 416.968
1541 412.968
1634 408.968
1633 404.968
1632 400.968
1631 396.968
1728 392.968
1818 388.968
1900 384.968
1899 380.968
1898 376.968
1897 372.968
1257 364.968
1340 360.968
1430 356.968
1429 352.968
1256 360.968
1259 384.968
1345 380.968
1435 376.968
1434 372.968
1530 368.968
9493 814.956
9511 681.956
9530 575.956
9550 469.956
9572 340.956
5928 243.956
1252 352.968
1304 325.533
1307 330.533
1309 338.533
1308 334.533
1311 344
1312 340
1310 342.533
9529 674.956
9528 773.956
9532 516.956
9525 1662.2
9544 1560.2
9563 1467.2
9586 1365.2
9607 1263.2
9629 1171.2
9630 1074.2
9631 977.197
9984 925.603
9609 846
9610 746
9611 646
9612 546
9613 446
9614 346
7873 280
7800 276
7801 272
7802 268
7875 264
7876 260
7877 256
7878 252
7879 248
7880 244
7881 240
7882 236
7883 232
7884 228
7885 224
7886 220
7887 216
7888 212
7889 208
7890 204
9524 1757.2
9543 1655.2
9562 1562.2
9585 1461.2
9606 1360.2
9628 1268.2
9527 872.956
9513 623.956
1336 348.968
1426 344.968
1339 356.968
1341 364.968
1431 360.968
1343 372.968
1342 368.968
1432 364.968
1528 360.968
9506 1858.2
9509 877.956
9510 779.956
9567 830.956
9568 732.956
9569 634.956
9570 536.956
9571 438.956
9566 928.956
1319 312
1405 308
9547 768.956
9546 867.956
9549 569.956
9548 668.956
9593 337.956
6911 285.956
6912 281.956
6913 277.956
6982 266.956
7051 261.956
7120 257.956
7121 253.956
7186 249.956
7187 245.956
7254 241.956
7322 236.956
7323 232.956
7324 228.956
7325 224.956
7394 220.956
7395 216.956
7461 212.956
7462 208.956
7463 204.956
7464 200.956
7465 196.956
7466 192.956
7467 188.956
7468 184.956
7469 180.956
7470 176.956
7471 172.956
7472 168.956
7473 164.956
7474 160.956
7475 156.956
7476 152.956
7477 148.956
7478 144.956
7479 140.956
7480 136.956
7481 132.956
7482 128.956
7483 124.956
7484 120.956
7485 116.956
7486 112.956
9592 436.956
9595 807.968
9594 708.968
5374 634.968
5373 630.968
5285 626.968
5202 621.968
5201 617.968
5121 613.968
5039 609.968
4955 604.968
4870 600.968
4783 596.968
4694 591.968
4608 587.968
4521 583.968
4432 579.968
4340 574.968
4248 570.968
4155 566.968
4065 561.968
4064 557.968
4063 553.968
4062 549.968
4061 545.968
4060 541.968
3970 537.968
3881 533.968
3880 529.968
3879 525.968
3878 521.968
3790 517.968
3702 512.968
3618 508.968
3532 504.968
3446 499.968
3445 495.968
3444 491.968
3443 487.968
3442 483.968
3441 479.968
3440 475.968
3439 471.968
3438 467.968
3437 463.968
3436 459.968
3435 455.968
3434 451.968
3433 447.968
3432 443.968
3431 439.968
3430 435.968
3429 431.968
3428 427.968
3427 423.968
3426 419.968
3425 415.968
3424 411.968
3423 407.968
3339 403.968
3338 399.968
3337 395.968
3336 391.968
3335 387.968
3334 383.968
3333 379.968
3332 375.968
3331 371.968
3330 367.968
3329 363.968
3328 359.968
3327 355.968
3326 351.968
3325 347.968
3324 343.968
3323 339.968
3229 332.968
3138 327.968
3137 323.968
3045 319.968
2949 312.968
2948 308.968
2947 304.968
2946 300.968
2945 296.968
2944 292.968
2943 288.968
2942 284.968
2941 280.968
1352 408.968
1442 404.968
1441 400.968
1357 428.968
1447 424.968
1446 420.968
1542 416.968
1635 412.968
1359 436.968
1449 432.968
1545 428.968
1544 424.968
1543 420.968
1358 432.968
1448 428.968
1346 384.968
9589 733.956
9590 634.956
9591 535.956
9588 832.956
1349 396.968
1348 392.968
1401 335
1314 331
1315 327
1400 339
1403 308
1497 304
1591 300
1778 292
1949 284
2039 280
1402 331
1395 327.533
1489 323.533
1586 319.533
1679 315.533
1775 311.533
1863 304.533
1947 300.533
2036 296.533
2128 292.533
1394 324.533
1488 320.533
9573 192
4102 188
4287 180
4377 176
4465 172
4553 168
4639 164
4721 160
4809 156
4894 152
4978 148
5061 144
5142 140
5221 136
5308 132
5399 128
5489 124
1397 335.533
1396 331.533
1399 343
9574 704.968
3561 620.968
3475 615.968
3474 611.968
3473 607.968
3472 603.968
3471 599.968
3470 595.968
3469 591.968
3468 587.968
3467 583.968
3466 579.968
3465 575.968
3464 571.968
3463 567.968
3462 563.968
3461 559.968
3460 555.968
3459 551.968
3458 547.968
3457 543.968
3456 539.968
3455 535.968
3454 531.968
3453 527.968
3452 523.968
3451 519.968
3450 515.968
3449 511.968
3448 507.968
3447 503.968
1398 340.129
1492 336.129
1491 332.129
9901 328.519
1588 327.533
1587 323.533
1391 321.533
1483 317.533
1581 313.533
9617 810.968
9616 711.968
7111 646.968
7110 642.968
7109 638.968
7108 634.968
7038 626.968
7037 622.968
6967 615.968
6966 611.968
6965 607.968
6964 603.968
6896 596.968
6828 591.968
6827 587.968
6826 583.968
6753 579.968
6677 575.968
6599 570.968
6519 566.968
6437 562.968
6359 558.968
6282 553.968
6207 549.968
6131 545.968
6055 540.968
5974 536.968
5973 532.968
5900 528.968
5899 524.968
5898 520.968
5897 516.968
5823 512.968
5748 507.968
5672 503.968
5592 499.968
5515 494.968
5514 490.968
5428 486.968
5427 482.968
5335 478.968
5247 474.968
5164 469.968
5163 465.968
5083 461.968
5082 457.968
5000 453.968
4916 448.968
4831 444.968
4744 440.968
4655 435.968
4569 431.968
4482 427.968
4393 423.968
4301 418.968
4209 414.968
4116 410.968
4026 405.968
3936 401.968
3847 397.968
3759 393.968
3671 388.968
3587 384.968
3501 380.968
3415 375.968
1433 368.968
1529 364.968
9657 588
9636 485
9656 685
9635 582
9658 686
9661 913.724
9638 805.724
10125 791.14
1421 344.968
1518 340.968
1612 336.968
1709 332.968
1800 328.968
9660 841.968
9637 733.968
9615 640.968
6824 581.968
6751 577.968
6675 573.968
6598 569.968
6518 565.968
6436 561.968
6358 557.968
9655 783
9634 679
1415 354.68
1512 350.68
9654 880
9633 776
1414 356.072
10030 346.934
1702 338.968
1794 331.968
1879 327.968
1963 321.968
2052 317.968
2142 313.968
2228 309.968
2316 304.968
2402 300.968
2487 296.968
2572 292.968
2659 288.968
2747 284.968
2835 280.968
2936 276.968
3040 272.968
3131 268.968
3223 264.968
3318 260.968
9639 826.968
9681 949.968
9680 693
9682 1021.72
9677 957.473
10128 858.061
1500 304
1594 300
1687 296
1781 292
1867 288
1951 284
9679 691
9678 788
1490 327.533
1493 344.129
1495 308
1494 345
9721 886
9700 782
9720 884
1482 325.533
1579 321.533
1580 317.533
1674 312.533
1485 316.533
1583 312.533
1676 308.533
1486 316.533
1531 372.968
1533 380.968
9699 879
9701 784
1525 348.968
1618 344.968
1715 340.968
1714 336.968
1804 332.968
1524 344.968
1527 356.968
1620 352.968
1717 348.968
1807 344.968
1526 352.968
1619 348.968
1716 344.968
1517 340.968
1611 336.968
1708 332.968
1511 354.68
9742 1064
9741 965
1553 460.968
1552 456.968
1645 452.968
1742 448.968
1741 444.968
1831 440.968
1830 436.968
1912 432.968
2000 428.968
1999 424.968
1998 420.968
2088 416.968
2177 412.968
2262 408.968
2261 404.968
2260 400.968
2347 396.968
2346 392.968
2345 388.968
2344 384.968
2343 380.968
2342 376.968
2427 372.968
2426 368.968
2425 364.968
2509 360.968
2594 356.968
2593 352.968
2592 348.968
2591 344.968
2590 340.968
2589 336.968
2675 332.968
2674 328.968
2762 324.968
2850 320.968
2950 316.968
1555 468.968
1648 464.968
1745 460.968
1744 456.968
1743 452.968
1554 464.968
1556 472.968
1546 432.968
1549 444.968
1642 440.968
1739 436.968
1738 432.968
1737 428.968
1827 424.968
1826 420.968
1908 416.968
1996 412.968
2086 408.968
2175 404.968
1551 452.968
1550 448.968
1643 444.968
1740 440.968
1537 396.968
1536 392.968
1629 388.968
1628 384.968
1538 400.968
9782 1292
9781 1195
9761 1069
1592 300
1585 316.533
1678 312.533
9762 1169
1589 304
9819 1361
9799 1258
9779 1157
9760 1067
9818 1360
9821 1367
9801 1263
9780 1159
9820 1364
9800 1260
9823 1703.19
9804 1606.19
9784 1509.19
9763 1396.73
9744 1299.73
9723 1202.73
10126 1109
9702 1023.97
9822 1403
9802 1299
1626 376.968
1630 392.968
9798 1281
9778 1179
9759 1089
9740 987
1605 346.968
9844 616.306
9833 599.243
10024 564.584
9830 524.494
9871 474.153
9829 417.467
9912 380.555
9828 349.236
9927 306.768
9827 267.896
9897 252.175
1606 346.68
1704 341.68
1657 499.968
1656 495.968
1753 491.968
1843 487.968
1925 483.968
2013 479.968
2103 475.968
2192 471.968
2277 467.968
2364 463.968
2449 459.968
2533 455.968
2532 451.968
2617 447.968
2616 443.968
2615 439.968
2614 435.968
2613 431.968
2612 427.968
2697 420.968
2696 416.968
2695 412.968
2694 408.968
2782 404.968
2870 400.968
2869 396.968
2868 392.968
2867 388.968
2866 384.968
2966 380.968
2965 376.968
2964 372.968
2963 368.968
2962 364.968
2961 360.968
2960 356.968
2959 352.968
2958 348.968
2957 344.968
2956 340.968
2955 336.968
2954 332.968
2953 328.968
2952 324.968
2951 320.968
9835 571.166
9879 558.598
9834 633.857
9843 599.979
1658 503.968
9836 454.272
9904 413.883
1649 468.968
9826 105.919
6240 94
6318 89
6397 85
6480 81
6563 77
6643 72
6722 68
6798 64
6870 59
6942 55
7019 51
7090 46
7160 42
7161 38
7227 34
7294 30
7364 25
7433 21
7500 17
1651 475.968
1650 471.968
1747 467.968
1837 463.968
1919 459.968
2007 455.968
2097 451.968
2186 447.968
2271 443.968
2358 439.968
2443 435.968
2527 431.968
1653 483.968
1750 479.968
1749 475.968
1839 471.968
1921 467.968
2009 463.968
2099 459.968
2188 455.968
2273 451.968
2272 447.968
2359 443.968
2444 439.968
9831 618.143
10007 567.004
1652 479.968
9881 414.549
1640 432.968
9885 309.464
1644 448.968
1647 460.968
1646 456.968
1637 420.968
1734 416.968
1733 412.968
1732 408.968
1731 404.968
1821 400.968
1903 396.968
1991 392.968
2081 388.968
2170 384.968
2169 380.968
2168 376.968
2253 372.968
2340 368.968
1636 416.968
1639 428.968
1736 424.968
1735 420.968
1638 424.968
9866 373.633
673 364.533
1684 296
9913 189.25
1673 321.533
9915 187.145
4194 184
9914 136.454
9825 127.551
5627 120
5707 116
5783 111
5858 107
5933 103
6013 99
6094 94
6172 90
6247 86
6325 81
6404 77
6487 73
6570 69
6650 64
6729 60
6805 56
6876 52
6947 48
7022 44
7093 40
7163 36
7230 32
9917 137.88
7084 132.956
7153 128.956
7218 124.956
7285 120.956
9916 358.692
9919 327.419
9918 289.843
9905 374.392
9906 210.996
4469 208.968
9909 180.112
4726 176
4813 172
4812 168
4811 164
4896 160
4895 156
9908 428.58
3249 425.968
3248 421.968
3340 414.968
9911 205.775
9910 142.942
1721 364.968
1720 360.968
1810 356.968
1892 352.968
9896 417.108
9899 249.816
2823 246
2916 242
3017 238
3110 234
3204 230
3301 226
3396 222
3483 217
3565 213
3650 209
1723 372.968
1722 368.968
1725 380.968
9900 151.769
6794 148.956
7014 136.956
9903 246.045
3749 240.968
3838 236.968
1727 388.968
1726 384.968
9902 330.256
1712 332.968
9893 332.032
9895 212.353
4170 205
4171 201
4172 197
4173 193
4174 189
4267 185
4358 180
1719 356.968
9894 111.621
9945 680.335
3476 619.968
9944 560.217
1769 555.968
1768 551.968
1767 547.968
1857 543.968
1939 539.968
2027 535.968
2117 531.968
2116 527.968
2205 523.968
2290 519.968
2377 515.968
2462 511.968
2546 507.968
2631 503.968
2630 499.968
2629 495.968
2628 491.968
2627 487.968
2626 483.968
2625 479.968
2624 475.968
2623 471.968
2622 467.968
2621 463.968
2620 459.968
2619 455.968
2618 451.968
9946 541.967
918 539.968
996 535.968
1068 531.968
1134 527.968
1210 523.968
1293 519.968
1292 515.968
1378 511.968
1377 507.968
1467 503.968
1466 499.968
1562 495.968
1561 491.968
1560 487.968
1559 483.968
1558 479.968
1557 475.968
1706 336.968
9949 119.499
6510 113.893
6591 106.893
10087 106.005
6670 103
6748 99
6822 92
6821 88
6892 84
6891 80
6890 76
6889 72
6888 68
6887 64
6886 60
6885 56
6955 52
7029 48
7100 44
7170 40
7236 36
7302 32
9948 70.485
8665 64
9951 123.187
9936 798.728
1699 342
1793 338
1792 334
1791 330
1790 326
1876 322
1960 318
2049 314
2048 310
2047 306
2046 302
2045 298
2044 294
2135 287
2312 279
2399 272
2398 268
9938 743.656
9943 357.667
9928 224.793
4195 220.968
4289 216.968
4380 212.968
1752 487.968
1751 483.968
1754 495.968
9933 752.043
1757 507.968
1756 503.968
1846 499.968
1928 495.968
2016 491.968
2015 487.968
2014 483.968
1758 511.968
1848 507.968
1930 503.968
2018 499.968
2017 495.968
9920 363.699
9923 443.998
3159 439.968
3158 435.968
3157 431.968
1746 464.968
1836 460.968
1918 456.968
2006 452.968
2005 448.968
2095 444.968
2184 440.968
2269 436.968
2356 432.968
2441 428.968
2525 424.968
2610 420.968
2609 416.968
2608 412.968
9924 416.422
1748 471.968
1838 467.968
1920 463.968
2008 459.968
2098 455.968
2187 451.968
9926 306.538
9976 264.576
6005 228.956
6086 223.956
9979 407.959
2871 404.968
2971 400.968
2970 396.968
2969 392.968
2968 388.968
2967 384.968
9981 1643.44
1729 396.968
9968 150.851
9270 144.805
10129 143.524
9252 139.992
9971 17.861
7870 17
7796 12
7795 8
7794 4
1730 400.968
1820 396.968
1902 392.968
1990 388.968
2080 384.968
9973 790.879
9972 88.24
9975 346.022
9974 740.383
9960 180.624
5069 176
5229 168
5316 164
5315 160
5314 156
5405 152
5404 148
5494 144
5579 140
5578 136
5577 132
5653 128
5732 124
5731 120
5806 116
5805 112
5879 108
5952 104
6032 100
6112 96
6189 92
9967 47.908
8445 44
8395 40
8347 36
9966 399.783
3845 395.968
3757 391.968
3586 383.968
3500 379.968
1777 292
1865 288
1948 284
2037 280
9952 124.018
9954 12.134
7941 9
7867 5
9956 490.65
5669 485.968
5510 477.968
5424 473.968
5332 469.968
5244 465.968
5161 460.968
5081 456.968
4999 452.968
4915 447.968
4830 443.968
4743 439.968
4654 434.968
4568 430.968
4481 426.968
4392 422.968
4300 417.968
4208 413.968
4115 409.968
4025 404.968
3935 400.968
3846 396.968
3758 392.968
3670 387.968
9959 79.953
10009 837.331
10008 58.858
7853 56
7780 52
7781 48
7782 44
7783 40
1771 305.533
1861 301.533
1770 559.968
1860 555.968
1942 551.968
2030 547.968
2029 543.968
2028 539.968
1774 308.533
10005 333.986
1817 384.968
1816 380.968
1819 392.968
9999 408.58
963 402.921
962 398.921
1035 394.921
1103 388.065
1034 381.065
1033 377.065
1032 373.067
10013 372.238
1031 368.968
1030 364.968
1809 352.968
1811 360.968
1813 368.968
1812 364.968
1894 360.968
1815 376.968
10041 271.973
10040 274.242
6007 222.308
6164 212.308
6239 208.308
10043 375.043
10042 233.021
3479 230
3480 226
3481 222
3563 218
3648 214
3731 209
10045 949.669
1805 336.968
10044 450.658
2783 447.968
2698 443.968
10047 58.909
10046 473.262
1806 340.968
1888 336.968
1976 332.968
1975 328.968
2065 324.968
10033 130.832
5381 128
5472 124
5557 120
5633 116
5713 112
5788 108
5863 104
5938 100
6018 96
6098 92
6175 88
6250 84
6327 80
6405 76
6488 72
6571 68
10032 858.906
10035 46.892
10034 46.823
10037 341.325
10036 341.354
10039 1601.8
1799 328.968
10038 369.822
10027 299.195
1945 296.533
10026 94.423
1850 515.968
1849 511.968
1931 507.968
2019 503.968
10029 390.543
704 387.968
10028 680.4
10031 288.098
1841 479.968
1840 475.968
1922 471.968
2010 467.968
2100 463.968
1842 483.968
1924 479.968
2012 475.968
2011 471.968
1845 495.968
1844 491.968
10073 238.124
3025 236
3118 232
3212 228
3308 224
3404 220
3489 216
1833 448.968
1915 444.968
2003 440.968
2093 436.968
2182 432.968
2267 428.968
2354 424.968
2353 420.968
2352 416.968
2437 412.968
2521 408.968
2520 404.968
2519 400.968
2604 396.968
2603 392.968
2689 388.968
2777 384.968
2865 380.968
2864 376.968
2863 372.968
2862 368.968
2861 364.968
2860 360.968
2859 356.968
2858 352.968
2857 348.968
2856 344.968
2855 340.968
2854 336.968
2853 332.968
2852 328.968
2851 324.968
10072 238.289
3312 232
3311 228
1832 444.968
10075 290.312
2042 288
2041 284
1835 456.968
1834 452.968
10074 313.764
10065 314.782
10064 239.946
10067 185.904
10066 314.497
10069 236.01
1829 432.968
1828 428.968
10068 202.106
3829 200
3918 196
4006 192
4095 188
4185 184
4278 180
4368 176
4457 172
4545 168
4631 164
4713 160
4801 156
4886 152
4970 148
5053 144
5134 140
5213 136
5300 132
5391 128
5481 124
5566 120
5642 116
5721 112
5796 108
5871 104
5946 100
6026 96
6106 92
6184 88
6259 84
6336 80
6415 76
6498 72
6580 68
6659 64
6737 60
6812 56
6883 52
6953 48
10071 101.384
5947 100
10070 65.275
7355 61
7356 57
7357 53
7358 49
7427 45
7428 41
7495 37
7567 32
7641 28
7642 24
7643 20
7644 16
7645 12
10057 215.494
3580 212.025
3747 204
3835 200
3925 196
4014 192
10056 300.91
10059 418.653
1882 324.968
1970 320.968
2060 316.968
10061 187.857
10060 258.336
2651 252
2739 248
2827 244
2925 240
3027 236
3120 232
3214 228
1884 324.968
1972 320.968
10063 169.738
6712 167.956
6713 163.956
6714 159.956
6790 155.956
6863 150.956
1887 332.968
10062 178.21
1886 328.968
1873 310
1957 306
1956 302
1955 298
10051 265.163
10050 299.306
2486 297.968
10053 65.832
7423 61
7490 57
7562 52
7563 48
7637 44
7638 40
7639 36
7640 32
10055 270.792
10054 408.26
1913 436.968
1914 440.968
2002 436.968
2001 432.968
2091 428.968
2180 424.968
2265 420.968
1917 452.968
1916 448.968
1905 404.968
1993 400.968
1992 396.968
1904 400.968
1911 428.968
1901 388.968
1891 348.968
1893 356.968
1895 364.968
1944 296.533
2033 292.533
2126 288.533
1929 499.968
1923 475.968
1927 491.968
1926 487.968
1974 324.968
2064 320.968
2153 316.968
1965 320.968
2055 316.968
2144 312.968
2230 308.968
2317 304.968
1967 320.968
2057 316.968
2147 312.968
2233 308.968
2320 304.968
2406 300.968
2490 296.968
2575 292.968
2662 288.968
2751 284.968
2839 280.968
1966 320.968
1954 295
2043 291
2004 444.968
2094 440.968
1994 404.968
1997 416.968
1985 368.968
2075 364.968
2074 360.968
2163 356.968
2248 352.968
2335 348.968
2334 344.968
2333 340.968
2418 336.968
2502 332.968
2587 328.968
2586 324.968
2585 320.968
2671 316.968
2670 312.968
2758 308.968
2846 304.968
1987 376.968
1986 372.968
1989 384.968
2079 380.968
1988 380.968
2078 376.968
2167 372.968
2252 368.968
2339 364.968
2424 360.968
2508 356.968
2034 292.533
2038 280
2131 276
2024 523.968
2114 519.968
2203 515.968
2288 511.968
2375 507.968
2374 503.968
2459 499.968
2458 495.968
2457 491.968
2456 487.968
2540 483.968
2021 511.968
2020 507.968
2110 503.968
2109 499.968
2198 495.968
2283 491.968
2370 487.968
2369 483.968
2368 479.968
2453 475.968
2537 471.968
2536 467.968
2023 519.968
2022 515.968
2112 511.968
2201 507.968
2286 503.968
2373 499.968
2073 356.968
2072 352.968
2071 348.968
2070 344.968
2069 340.968
2068 336.968
2077 372.968
2166 368.968
2251 364.968
2338 360.968
2337 356.968
2336 352.968
2421 348.968
2505 344.968
2076 368.968
2056 316.968
2146 312.968
2232 308.968
2319 304.968
2404 300.968
2488 296.968
2573 292.968
2061 316.968
2150 312.968
2105 483.968
2194 479.968
2279 475.968
2278 471.968
2104 479.968
2107 491.968
2196 487.968
2281 483.968
2106 487.968
2108 495.968
2096 448.968
2185 444.968
2101 467.968
2102 471.968
2191 467.968
2190 463.968
2275 459.968
2274 455.968
2092 432.968
2083 396.968
2172 392.968
2171 388.968
2082 392.968
2085 404.968
2084 400.968
2143 312.968
2229 308.968
2130 276
2133 280
2223 276
2134 284
2224 280
2125 288.533
2217 284.533
2304 280.533
2113 515.968
2173 396.968
2174 400.968
2161 348.968
2160 344.968
2245 340.968
2244 336.968
2243 332.968
2330 328.968
2415 324.968
2499 320.968
2584 316.968
2162 352.968
2165 364.968
2250 360.968
2164 360.968
2159 340.968
2158 336.968
2157 332.968
2156 328.968
2145 312.968
2148 312.968
2151 312.968
2193 475.968
2195 483.968
2197 491.968
2199 499.968
2189 459.968
2176 408.968
2181 428.968
2183 436.968
2234 308.968
2321 304.968
2236 308.968
2323 304.968
2225 283
2231 308.968
2318 304.968
2403 300.968
2216 285.533
2219 280
2221 272
2308 268
2266 424.968
2268 432.968
2355 428.968
2440 424.968
2524 420.968
2523 416.968
2270 440.968
2257 388.968
2256 384.968
2259 396.968
2258 392.968
2249 356.968
2255 380.968
2254 376.968
2247 348.968
2246 344.968
2280 479.968
2282 487.968
2285 499.968
2372 495.968
2371 491.968
2284 495.968
2276 463.968
2331 332.968
2416 328.968
2500 324.968
2332 336.968
2417 332.968
2325 308.968
2410 304.968
2494 300.968
2315 305.968
2401 301.968
2306 268
2311 276
2310 272
2361 451.968
2360 447.968
2445 443.968
2363 459.968
2448 455.968
2362 455.968
2365 467.968
2450 463.968
2367 475.968
2452 471.968
2366 471.968
2357 436.968
2442 432.968
2526 428.968
2348 400.968
2341 372.968
2393 280.595
2479 273.595
2394 264
2396 264
2387 555.968
2386 551.968
2385 547.968
2470 543.968
2469 539.968
2468 535.968
2552 531.968
2637 527.968
2636 523.968
2635 519.968
2634 515.968
2633 511.968
2632 507.968
2429 380.968
2428 376.968
2431 388.968
2430 384.968
2419 340.968
2420 344.968
2423 356.968
2422 352.968
2405 300.968
2489 296.968
2574 292.968
2661 288.968
2750 284.968
2838 280.968
2938 276.968
3042 272.968
3132 268.968
3224 264.968
2407 300.968
2492 296.968
2577 292.968
2663 288.968
2460 503.968
2451 467.968
2455 483.968
2539 479.968
2538 475.968
2454 479.968
2447 451.968
2446 447.968
2433 396.968
2432 392.968
2495 304.968
2580 300.968
2579 296.968
2665 292.968
2753 288.968
2480 260
2564 256
2482 260
2566 256
2485 268
2484 264
2513 376.968
2598 372.968
2597 368.968
2596 364.968
2595 360.968
2512 372.968
2515 384.968
2600 380.968
2599 376.968
2514 380.968
2517 392.968
2602 388.968
2688 384.968
2776 380.968
2516 388.968
2601 384.968
2518 396.968
2504 340.968
2507 352.968
2506 348.968
2511 368.968
2510 364.968
2498 316.968
2583 312.968
2582 308.968
2581 304.968
2667 300.968
2666 296.968
2503 336.968
2544 499.968
2541 487.968
2543 495.968
2542 491.968
2529 439.968
2528 435.968
2531 447.968
2530 443.968
2535 463.968
2534 459.968
2588 332.968
2569 264
2656 260
2744 256
2832 252
2929 248
3031 244
3123 240
3122 236
2568 260
2570 268
2563 256
2605 400.968
2606 404.968
2649 256
2735 252
2821 247
2914 243
3016 239
3109 235
2650 255
2736 251
2822 246
2915 242
2653 252
2655 256
2743 252
2831 248
2681 356.968
2680 352.968
2679 348.968
2767 344.968
2683 364.968
2682 360.968
2685 372.968
2684 368.968
2687 380.968
2686 376.968
2673 324.968
2672 320.968
2677 340.968
2765 336.968
2676 336.968
2678 344.968
2657 264
2660 288.968
2749 284.968
2837 280.968
2713 503.968
2712 499.968
2705 471.968
2704 467.968
2707 479.968
2706 475.968
2709 487.968
2708 483.968
2711 495.968
2710 491.968
2699 447.968
2701 455.968
2700 451.968
2703 463.968
2702 459.968
2691 396.968
2690 392.968
2693 404.968
2692 400.968
2780 396.968
2745 260
2746 262
2833 256
2748 284.968
2836 280.968
2937 276.968
2737 250
2740 248
2828 244
2926 240
2733 257
2819 252
2779 392.968
2778 388.968
2781 400.968
2769 352.968
2768 348.968
2771 360.968
2770 356.968
2773 368.968
2772 364.968
2775 376.968
2774 372.968
2761 320.968
2760 316.968
2848 312.968
2847 308.968
2763 328.968
2764 332.968
2766 340.968
2793 483.968
2792 479.968
2791 475.968
2795 491.968
2794 487.968
2797 499.968
2796 495.968
2799 507.968
2798 503.968
2785 451.968
2784 447.968
2787 459.968
2786 455.968
2789 467.968
2788 463.968
2790 471.968
2845 300.968
2844 296.968
2873 452.968
2872 450.968
2972 446.968
3066 442.968
2875 460.968
2874 456.968
2877 468.968
2876 464.968
2879 476.968
2878 472.968
2909 259
2910 255
2911 251
3014 244
2888 512.968
2881 484.968
2880 480.968
2883 492.968
2882 488.968
2885 500.968
2884 496.968
2887 508.968
2886 504.968
2928 244
2930 252
2933 282.968
3037 278.968
3128 274.968
3221 269.968
3316 265.968
3317 261.968
3408 257.968
2932 286.968
2935 277.968
3039 273.968
3130 269.968
2921 240
3023 236
3116 232
3210 228
3306 224
3402 220
3487 216
3568 212
3654 208
3736 204
3822 200
3911 196
3999 192
4088 188
2923 240
3026 236
2922 240
3024 236
3117 232
3211 228
3307 224
3403 220
3488 216
2924 240
2912 248
2973 450.968
3067 446.968
2975 458.968
3069 454.968
3068 450.968
2974 454.968
2985 498.968
2984 494.968
3078 490.968
3077 486.968
3076 482.968
3075 478.968
3074 474.968
3073 470.968
3072 466.968
3071 462.968
3070 458.968
2987 506.968
3081 502.968
3080 498.968
3079 494.968
2986 502.968
2989 514.968
2988 510.968
3082 506.968
2977 466.968
2976 462.968
2979 474.968
2978 470.968
2981 482.968
2980 478.968
2983 490.968
2982 486.968
3033 251
3124 244
3032 248
3035 286.968
3036 282.968
3034 290.968
3125 286.968
3218 281.968
3313 277.968
3314 273.968
3315 269.968
3028 236
3019 237
3112 233
3206 229
3302 225
3397 221
3018 238
3111 234
3021 237
3114 233
3208 229
3304 225
3400 221
3486 217
3567 213
3651 209
3733 205
3020 237
3022 237
3013 262
3012 266
3065 399.968
3064 395.968
3063 391.968
3062 387.968
3061 383.968
3060 379.968
3059 375.968
3058 371.968
3057 367.968
3056 363.968
3055 359.968
3054 355.968
3053 351.968
3052 347.968
3051 343.968
3050 339.968
3049 335.968
3048 331.968
3047 327.968
3046 323.968
3083 510.968
3084 514.968
3127 278.968
3220 273.968
3113 233
3207 229
3119 232
3213 228
3161 447.968
3160 443.968
3163 455.968
3162 451.968
3165 463.968
3164 459.968
3167 471.968
3166 467.968
3152 383.968
3151 379.968
3150 375.968
3155 395.968
3154 391.968
3156 399.968
3145 355.968
3144 351.968
3147 363.968
3146 359.968
3149 371.968
3148 367.968
3141 339.968
3140 335.968
3143 347.968
3142 343.968
3177 511.968
3176 507.968
3175 503.968
3174 499.968
3173 495.968
3172 491.968
3171 487.968
3170 483.968
3169 479.968
3168 475.968
3178 515.968
3231 340.968
3219 277.968
3209 229
3205 230
3257 457.968
3256 453.968
3255 449.968
3254 445.968
3253 441.968
3252 437.968
3251 433.968
3250 429.968
3259 465.968
3258 461.968
3261 473.968
3260 469.968
3263 481.968
3262 477.968
3241 380.968
3240 376.968
3245 396.968
3244 392.968
3153 387.968
3246 400.968
3233 348.968
3232 344.968
3239 372.968
3238 368.968
3272 517.968
3271 513.968
3270 509.968
3269 505.968
3268 501.968
3267 497.968
3266 493.968
3265 489.968
3264 485.968
3275 529.968
3274 525.968
3273 521.968
3305 225
3309 224
3299 231
3298 235
3303 225
3398 221
3484 217
3566 213
3353 466.968
3352 462.968
3351 458.968
3350 454.968
3349 450.968
3348 446.968
3347 442.968
3346 438.968
3345 434.968
3344 430.968
3343 426.968
3342 422.968
3341 418.968
3355 474.968
3354 470.968
3357 482.968
3356 478.968
3359 490.968
3358 486.968
3361 498.968
3360 494.968
3363 506.968
3362 502.968
3365 514.968
3364 510.968
3417 383.968
3416 379.968
3419 391.968
3418 387.968
3421 399.968
3420 395.968
3422 403.968
3401 224
3393 231
3399 221
3485 217
3477 239.167
3478 236.615
3513 428.968
3512 424.968
3515 436.968
3514 432.968
3517 444.968
3516 440.968
3519 452.968
3518 448.968
3505 396.968
3504 392.968
3507 404.968
3506 400.968
3509 412.968
3508 408.968
3510 416.968
3503 388.968
3502 384.968
3492 216
3572 212
3657 208
3739 204
3826 200
3915 196
4004 192
4093 188
4183 184
4275 180
4365 176
4453 172
4540 168
4626 164
4708 160
4796 156
4881 152
4965 148
5048 144
5130 140
5209 136
5297 132
5389 128
5480 124
5565 120
3529 492.968
3528 488.968
3531 500.968
3530 496.968
3533 508.968
3535 516.968
3534 512.968
3521 460.968
3520 456.968
3523 468.968
3522 464.968
3525 476.968
3524 472.968
3527 484.968
3526 480.968
3579 216.025
3581 216.025
3609 472.968
3608 468.968
3607 464.968
3606 460.968
3611 480.968
3610 476.968
3613 488.968
3612 484.968
3615 496.968
3614 492.968
3601 440.968
3600 436.968
3603 448.968
3602 444.968
3605 456.968
3604 452.968
3593 408.968
3592 404.968
3595 416.968
3594 412.968
3597 424.968
3596 420.968
3599 432.968
3598 428.968
3589 392.968
3588 388.968
3591 400.968
3590 396.968
3624 532.968
3538 528.968
3617 504.968
3616 500.968
3619 512.968
3620 516.968
3673 396.968
3672 392.968
3675 404.968
3674 400.968
3677 412.968
3676 408.968
3679 420.968
3678 416.968
3705 524.968
3621 520.968
3704 520.968
3707 532.968
3706 528.968
3622 524.968
3536 520.968
3697 492.968
3696 488.968
3695 484.968
3699 500.968
3698 496.968
3701 508.968
3700 504.968
3703 516.968
3689 460.968
3688 456.968
3687 452.968
3691 468.968
3690 464.968
3693 476.968
3692 472.968
3694 480.968
3681 428.968
3680 424.968
3683 436.968
3682 432.968
3685 444.968
3684 440.968
3686 448.968
3741 204
3827 200
3742 205.131
3730 210
3818 206
3905 202
3994 198
4084 193
3734 209
3769 433.968
3768 429.968
3771 441.968
3770 437.968
3773 449.968
3772 445.968
3775 457.968
3774 453.968
3761 401.968
3760 397.968
3763 409.968
3762 405.968
3765 417.968
3764 413.968
3767 425.968
3766 421.968
3753 245.968
3842 241.968
3931 237.968
4019 233.968
4108 229.968
4199 225.968
4291 221.968
4471 211.968
3752 242.968
3841 238.968
3930 234.968
4018 230.968
4107 226.968
4198 222.968
4290 218.968
3746 208
3748 204
3836 200
3751 242.968
3840 238.968
3793 529.968
3792 525.968
3795 537.968
3796 541.968
3708 536.968
3785 497.968
3784 493.968
3787 505.968
3786 501.968
3789 513.968
3788 509.968
3791 521.968
3777 465.968
3776 461.968
3779 473.968
3778 469.968
3781 481.968
3780 477.968
3783 489.968
3782 485.968
3833 206
3921 202
4009 198
4008 194
4096 188
3834 210
3922 206
3837 200
3926 196
3825 200
3914 196
4002 192
4091 188
4180 184
4272 180
4362 176
4450 172
4538 168
3828 204
3819 206
3821 200
3910 196
3865 469.968
3864 465.968
3863 461.968
3867 477.968
3866 473.968
3869 485.968
3868 481.968
3871 493.968
3870 489.968
3857 437.968
3856 433.968
3859 445.968
3858 441.968
3861 453.968
3860 449.968
3862 457.968
3849 405.968
3848 401.968
3851 413.968
3850 409.968
3853 421.968
3852 417.968
3855 429.968
3854 425.968
3889 565.968
3801 561.968
3713 556.968
3629 552.968
3543 548.968
3883 541.968
3882 537.968
3885 549.968
3884 545.968
3887 557.968
3799 553.968
3711 548.968
3627 544.968
3541 540.968
3886 553.968
3873 501.968
3872 497.968
3875 509.968
3874 505.968
3877 517.968
3876 513.968
3929 234.968
4017 230.968
4106 226.968
3932 403.355
3923 210
4011 206
4010 202
3924 197
4013 193
3916 196
3904 206
3909 196
3998 192
4087 188
4177 184
3961 501.968
3960 497.968
3963 509.968
3962 505.968
3965 517.968
3964 513.968
3967 525.968
3966 521.968
3953 469.968
3952 465.968
3951 461.968
3950 457.968
3949 453.968
3955 477.968
3954 473.968
3957 485.968
3956 481.968
3959 493.968
3958 489.968
3945 437.968
3944 433.968
3943 429.968
3942 425.968
3947 445.968
3946 441.968
3948 449.968
3992 206
4082 201
3977 565.968
3976 561.968
3975 557.968
3974 553.968
3979 573.968
3978 569.968
3969 533.968
3968 529.968
3971 541.968
3973 549.968
3972 545.968
4024 403.968
3934 399.968
4031 425.968
3941 421.968
4023 403.968
4001 192
4090 188
4179 184
4271 180
4361 176
4003 192
4092 188
4181 184
4274 180
4364 176
4452 172
4539 168
4624 164
4706 160
4794 156
4879 152
4963 148
4005 192
4094 188
4184 184
4277 180
4367 176
4455 172
4543 168
4628 164
4710 160
4797 156
4882 152
4966 148
5050 144
5132 140
5211 136
5298 132
4057 529.968
4056 525.968
4055 521.968
4059 537.968
4058 533.968
4049 497.968
4048 493.968
4047 489.968
4051 505.968
4050 501.968
4053 513.968
4052 509.968
4054 517.968
4041 465.968
4040 461.968
4043 473.968
4042 469.968
4045 481.968
4044 477.968
4046 485.968
4033 433.968
4032 429.968
4034 437.968
4037 449.968
4039 457.968
4038 453.968
4067 569.968
4066 565.968
4069 577.968
4068 573.968
4071 585.968
4070 581.968
3980 577.968
4121 430.968
4123 438.968
4122 434.968
4112 407.968
4104 224.968
4111 407.968
4022 403.968
3933 399.968
4097 188
4187 184
4279 180
4369 176
4101 192
4153 558.968
4152 554.968
4154 562.968
4157 574.968
4156 570.968
4159 582.968
4158 578.968
4145 526.968
4144 522.968
4149 542.968
4148 538.968
4151 550.968
4150 546.968
4137 494.968
4136 490.968
4139 502.968
4138 498.968
4141 510.968
4140 506.968
4143 518.968
4142 514.968
4131 470.968
4130 466.968
4133 478.968
4132 474.968
4135 486.968
4134 482.968
4186 184
4189 184
4281 180
4371 176
4459 172
4547 168
4633 164
4715 160
4802 156
4887 152
4971 148
5055 144
5136 140
5215 136
5303 132
5395 128
5486 124
5571 120
5647 116
5726 112
5801 108
5875 104
5949 100
6029 96
6109 92
6187 88
6261 84
6338 80
6416 76
4188 184
4190 184
4283 180
4373 176
4461 172
4549 168
4635 164
4717 160
4804 156
4890 152
4974 148
5058 144
5139 140
5218 136
5305 132
5397 128
5487 124
5572 120
5648 116
5727 112
5802 108
5876 104
4175 185
4268 181
4161 590.968
4160 586.968
4162 594.968
4072 589.968
4216 442.968
4215 438.968
4214 434.968
4213 430.968
4212 426.968
4119 422.968
4029 417.968
3939 413.968
4203 411.968
4249 574.968
4251 582.968
4250 578.968
4253 590.968
4252 586.968
4255 598.968
4254 594.968
4241 542.968
4243 550.968
4242 546.968
4245 558.968
4244 554.968
4247 566.968
4246 562.968
4233 510.968
4232 506.968
4231 502.968
4235 518.968
4234 514.968
4237 526.968
4236 522.968
4224 474.968
4223 470.968
4222 466.968
4221 462.968
4220 458.968
4127 454.968
4227 486.968
4226 482.968
4225 478.968
4229 494.968
4228 490.968
4230 498.968
4280 180
4370 176
4282 180
4372 176
4460 172
4273 180
4363 176
4451 172
4276 180
4366 176
4265 201
4264 205
4266 197
4256 602.968
4263 209
4262 626.968
4261 622.968
4260 618.968
4259 614.968
4258 610.968
4165 606.968
4075 601.968
3985 597.968
3896 593.968
3808 589.968
3720 584.968
3636 580.968
3550 576.968
4317 482.968
4316 478.968
4315 474.968
4314 470.968
4319 490.968
4318 486.968
4305 434.968
4295 415.968
4204 411.968
4294 415.968
4345 594.968
4344 590.968
4347 602.968
4346 598.968
4348 606.968
4337 562.968
4336 558.968
4339 570.968
4338 566.968
4341 578.968
4343 586.968
4342 582.968
4329 530.968
4328 526.968
4327 522.968
4333 546.968
4332 542.968
4331 538.968
4330 534.968
4335 554.968
4334 550.968
4320 494.968
4323 506.968
4322 502.968
4325 514.968
4324 510.968
4326 518.968
4376 176
4375 176
4463 172
4551 168
4637 164
4719 160
4806 156
4891 152
4975 148
5059 144
5141 140
5220 136
5307 132
5398 128
5488 124
5573 120
5649 116
4374 176
4355 207
4354 211
4357 184
4409 487.968
4408 483.968
4411 495.968
4410 491.968
4413 503.968
4321 498.968
4412 499.968
4415 511.968
4414 507.968
4395 431.968
4303 426.968
4302 422.968
4394 427.968
4387 419.968
4296 415.968
4205 411.968
4113 407.968
4388 419.968
4297 415.968
4441 615.968
4349 610.968
4257 606.968
4164 602.968
4074 597.968
4073 593.968
3983 589.968
3894 585.968
3806 581.968
3718 576.968
3717 572.968
3716 568.968
3632 564.968
3631 560.968
3630 556.968
3544 552.968
4440 611.968
4442 619.968
4350 614.968
4445 211
4444 627.968
4352 622.968
4447 184
4433 583.968
4435 591.968
4434 587.968
4437 599.968
4436 595.968
4438 603.968
4429 567.968
4431 575.968
4430 571.968
4417 519.968
4416 515.968
4419 527.968
4418 523.968
4421 535.968
4420 531.968
4464 172
4552 168
4638 164
4720 160
4808 156
4462 172
4505 519.968
4504 515.968
4503 511.968
4502 507.968
4501 503.968
4507 527.968
4506 523.968
4508 531.968
4497 487.968
4499 495.968
4498 491.968
4500 499.968
4488 451.968
4399 447.968
4307 442.968
4306 438.968
4485 439.968
4484 435.968
4487 447.968
4486 443.968
4397 439.968
4541 168
4529 615.968
4528 611.968
4439 607.968
4531 623.968
4530 619.968
4533 215
4532 627.968
4443 623.968
4351 618.968
4534 219
4523 591.968
4522 587.968
4525 599.968
4524 595.968
4527 607.968
4526 603.968
4571 439.968
4570 435.968
4573 447.968
4572 443.968
4575 455.968
4554 168
4546 168
4548 168
4550 168
4593 527.968
4592 523.968
4595 535.968
4594 531.968
4596 539.968
4509 535.968
4587 503.968
4586 499.968
4589 511.968
4588 507.968
4591 519.968
4590 515.968
4576 459.968
4489 455.968
4400 451.968
4308 446.968
4632 164
4714 160
4634 164
4716 160
4625 164
4707 160
4617 623.968
4616 619.968
4619 219
4618 627.968
4621 165
4609 591.968
4611 599.968
4610 595.968
4613 607.968
4612 603.968
4615 615.968
4614 611.968
4657 443.968
4659 451.968
4658 447.968
4660 455.968
4642 172
4724 168
4723 164
4722 160
4697 603.968
4696 599.968
4699 611.968
4698 607.968
4701 619.968
4700 615.968
4702 623.968
4681 539.968
4680 535.968
4683 547.968
4597 543.968
4510 539.968
4682 543.968
4684 551.968
4598 547.968
4511 543.968
4674 511.968
4677 523.968
4676 519.968
4679 531.968
4678 527.968
4730 195
4725 172
4718 160
4805 156
4763 516.968
4765 524.968
4767 532.968
4766 528.968
4747 452.968
4746 448.968
4749 460.968
4748 456.968
4750 464.968
4661 459.968
4793 156
4795 156
4785 604.968
4787 612.968
4786 608.968
4789 620.968
4788 616.968
4791 628.968
4790 624.968
4769 540.968
4768 536.968
4771 548.968
4772 552.968
4817 188
4816 184
4901 180
4985 176
5068 172
5149 168
5228 164
5227 160
5226 156
5313 152
4818 192
4903 188
4987 184
5070 180
4810 160
4815 180
4900 176
4984 172
5067 168
5148 164
4800 156
4803 156
4888 152
4972 148
4807 156
4892 152
4976 148
4860 560.968
4773 556.968
4863 572.968
4776 568.968
4687 563.968
4686 559.968
4600 555.968
4513 551.968
4512 547.968
4853 532.968
4852 528.968
4851 524.968
4850 520.968
4855 540.968
4854 536.968
4843 492.968
4756 488.968
4667 483.968
4581 479.968
4494 475.968
4493 471.968
4404 467.968
4312 462.968
4835 460.968
4839 476.968
4752 472.968
4663 467.968
4662 463.968
4889 152
4973 148
5056 144
5138 140
5217 136
4893 152
4977 148
5060 144
4880 152
4964 148
4883 152
4967 148
4873 612.968
4872 608.968
4871 604.968
4875 620.968
4874 616.968
4877 628.968
4876 624.968
4878 152
4865 580.968
4778 576.968
4689 571.968
4603 567.968
4516 563.968
4427 559.968
4864 576.968
4918 456.968
4833 452.968
4897 164
4898 168
4902 184
4957 612.968
4956 608.968
4959 620.968
4958 616.968
4945 564.968
4947 572.968
4862 568.968
4775 564.968
4946 568.968
4949 580.968
4948 576.968
4950 584.968
4937 532.968
4936 528.968
4939 540.968
4938 536.968
4940 544.968
4942 552.968
4941 548.968
4986 180
4979 152
5062 148
5143 144
5222 140
4981 160
5064 156
5145 152
4980 156
4968 148
5052 144
5133 140
5212 136
5299 132
5390 128
4961 628.968
4960 624.968
5020 533.968
5022 541.968
5011 497.968
4927 492.968
4926 488.968
4925 484.968
4840 480.968
4753 476.968
4664 471.968
5015 513.968
4931 508.968
4846 504.968
4759 500.968
4670 495.968
4584 491.968
5051 144
5041 617.968
5040 613.968
5043 625.968
5042 621.968
5045 144
5044 629.968
5047 144
5128 140
5207 136
5295 132
5387 128
5478 124
5563 120
5640 116
5720 112
5795 108
5869 104
5944 100
6024 96
6104 92
6182 88
6257 84
6334 80
6412 76
6494 72
6576 68
6655 64
6734 60
6809 56
6880 52
6951 48
7026 44
7097 40
7168 36
5033 585.968
5032 581.968
5027 561.968
4943 556.968
5026 557.968
5031 577.968
5030 573.968
5057 144
5063 152
5113 581.968
5112 577.968
5101 533.968
5019 529.968
4935 524.968
5102 537.968
5093 501.968
5094 505.968
5144 148
5137 140
5216 136
5140 140
5219 136
5129 140
5208 136
5131 140
5210 136
5123 621.968
5125 629.968
5124 625.968
5126 633.968
5176 517.968
5175 513.968
5174 509.968
5173 505.968
5172 501.968
5171 497.968
5091 493.968
5009 489.968
5214 136
5302 132
5394 128
5484 124
5569 120
5645 116
5725 112
5800 108
5203 625.968
5205 633.968
5204 629.968
5193 585.968
5192 581.968
5191 577.968
5190 573.968
5110 569.968
5028 565.968
4944 560.968
4859 556.968
5194 589.968
5114 585.968
5275 586.968
5274 582.968
5276 590.968
5304 132
5306 132
5309 136
5311 144
5296 132
5301 132
5392 128
5483 124
5568 120
5294 132
5386 128
5477 124
5562 120
5639 116
5719 112
5794 108
5287 634.968
5361 582.968
5360 578.968
5272 574.968
5189 569.968
5188 565.968
5108 561.968
5400 132
5490 128
5402 140
5393 128
5396 128
5380 128
5471 124
5556 120
5382 128
5465 634.968
5493 140
5492 136
5485 124
5570 120
5567 120
5643 116
5723 112
5798 108
5873 104
5554 120
5631 116
5711 112
5786 108
5861 104
5936 100
6016 96
6096 92
6174 88
6249 84
6326 80
5585 161.893
5661 157.893
5740 153.893
5815 149.893
5889 145.893
5962 141.893
6042 137.893
6122 133.893
6199 129.893
6273 125.893
6350 121.893
6428 117.893
5580 144
5626 635.968
5549 630.968
5548 626.968
5462 622.968
5461 618.968
5460 614.968
5368 610.968
5367 606.968
5366 602.968
5278 598.968
5195 593.968
5115 589.968
5657 144
5656 140
5735 136
5810 132
5809 128
5808 124
5807 120
5881 116
5954 112
6034 108
6114 104
6191 100
6190 96
5659 152
5658 148
5660 154.893
5739 150.893
5814 146.893
5888 142.893
5961 138.893
6041 134.893
6121 130.893
6198 126.893
6272 122.893
6349 118.893
6427 114.893
6509 110.893
5662 161.893
5651 120
5730 116
5652 124
5655 136
5734 132
5644 116
5646 116
5634 116
5695 595.968
5694 591.968
5693 587.968
5692 583.968
5691 579.968
5611 575.968
5534 570.968
5533 566.968
5532 562.968
5531 558.968
5530 554.968
5529 550.968
5528 546.968
5442 542.968
5441 538.968
5440 534.968
5439 530.968
5438 526.968
5346 522.968
5258 518.968
5724 112
5799 108
5737 144
5812 140
5886 136
5959 132
6039 128
6119 124
6196 120
6270 116
6347 112
6346 108
6345 104
6344 100
6343 96
6421 92
6503 88
6585 84
6664 80
6663 76
6741 72
6816 68
5736 140
5738 148
5813 144
5887 140
5960 136
6040 132
6120 128
6197 124
5728 112
5803 108
5877 104
5733 128
5789 108
5811 136
5880 112
5883 124
5956 120
5955 116
5882 120
5885 132
5884 128
5957 124
6037 120
6117 116
6116 112
6115 108
6192 104
6266 100
5872 104
5874 108
5864 104
5862 104
5937 100
6017 96
6097 92
5950 100
6030 96
6110 92
5939 100
5953 108
6033 104
6113 100
5958 128
6001 244.956
6082 239.956
6158 235.956
6233 231.956
6308 226.956
6309 222.956
6310 218.956
6311 214.956
6312 210.956
6000 640.968
5927 636.968
5853 632.968
5778 627.968
5702 623.968
5701 619.968
5700 615.968
5699 611.968
5619 607.968
5542 602.968
5456 598.968
5455 594.968
5454 590.968
5453 586.968
6003 236.956
6084 231.956
6085 227.956
6002 240.956
6083 235.956
6159 231.956
6234 227.956
6004 232.956
6035 112
6036 116
6038 124
6027 96
6107 92
6185 88
6260 84
6337 80
6081 243.956
6118 120
6161 223.956
6236 219.956
6160 227.956
6235 223.956
6162 219.956
6155 641.968
6079 636.968
5998 632.968
5925 628.968
5851 624.968
5776 619.968
6157 239.956
6156 243.956
6231 239.956
6306 234.956
6307 230.956
6193 108
6195 116
6194 112
6186 88
6232 235.956
6237 215.956
6230 641.968
6154 637.968
6078 632.968
6077 628.968
6076 624.968
5995 620.968
5922 616.968
5848 612.968
5773 607.968
5697 603.968
5617 599.968
5540 594.968
6265 96
6342 92
6341 88
6340 84
6264 92
6267 104
6269 112
6268 108
6271 120
6348 116
6426 112
6508 108
6590 104
6669 100
6747 96
6746 92
6263 88
6241 93
6319 88
6398 84
6481 80
6564 76
6644 71
6723 67
6799 63
6305 238.956
6351 125.893
6393 191.956
6394 187.956
6392 195.956
6385 223.956
6386 219.956
6387 215.956
6388 211.956
6389 207.956
6390 203.956
6391 199.956
6384 227.956
6381 239.956
6382 235.956
6383 231.956
6380 642.968
6303 637.968
6302 633.968
6227 629.968
6151 625.968
6075 620.968
6074 616.968
5993 612.968
5992 608.968
5991 604.968
5990 600.968
5989 596.968
5988 592.968
5915 588.968
5841 584.968
5766 579.968
5765 575.968
5689 571.968
5609 567.968
6425 108
6424 104
6423 100
6505 96
6587 92
6666 88
6665 84
6418 80
6420 88
6419 84
6501 80
6583 76
6662 72
6740 68
6815 64
6422 96
6409 76
6492 72
6575 68
6654 64
6732 60
6808 56
6879 52
6950 48
7025 44
7096 40
7166 36
7232 32
7299 28
7368 24
7436 20
7503 16
7574 12
7647 8
6411 76
6493 72
6401 83
6484 79
6485 75
6568 71
6648 66
6727 62
6803 58
6875 53
6946 49
7021 45
6459 236.956
6540 232.956
6620 227.956
6698 223.956
6774 219.956
6847 214.956
6848 210.956
6849 206.956
6921 202.956
6922 198.956
6923 194.956
6999 190.956
7070 185.956
7139 181.956
7204 177.956
7271 173.956
7339 168.956
7408 164.956
7409 160.956
7410 156.956
6458 240.956
6461 228.956
6542 224.956
6622 219.956
6623 215.956
6624 211.956
6702 207.956
6703 203.956
6704 199.956
6780 195.956
6853 190.956
6854 186.956
6855 182.956
6856 178.956
6857 174.956
6858 170.956
6859 166.956
6931 162.956
6932 158.956
7008 154.956
7079 149.956
7148 145.956
7149 141.956
7214 137.956
7215 133.956
7216 129.956
6460 232.956
6463 220.956
6464 216.956
6545 212.956
6625 207.956
6462 224.956
6483 79
6566 75
6645 71
6473 180.956
6472 184.956
6553 180.956
6633 175.956
6634 171.956
6477 167.956
6558 163.956
6638 158.956
6716 154.956
6792 150.956
6865 145.956
6937 141.956
7013 137.956
6478 166.956
6559 162.956
6639 157.956
6717 153.956
6793 149.956
6866 144.956
6938 140.956
6465 212.956
6546 208.956
6626 203.956
6627 199.956
6628 195.956
6629 191.956
6707 187.956
6708 183.956
6784 179.956
6467 204.956
6548 200.956
6466 208.956
6469 196.956
6550 192.956
6630 187.956
6468 200.956
6549 196.956
6471 188.956
6552 184.956
6632 179.956
6710 175.956
6786 171.956
6470 192.956
6551 188.956
6631 183.956
6504 92
6507 104
6589 100
6668 96
6667 92
6506 100
6497 72
6500 76
6502 84
6555 172.956
6635 167.956
6554 176.956
6556 168.956
6636 163.956
6544 216.956
6547 204.956
6539 236.956
6619 231.956
6541 228.956
6621 223.956
6699 219.956
6700 215.956
6776 211.956
6543 220.956
6584 80
6586 88
6588 96
6579 68
6658 64
6582 72
6560 161.956
6640 156.956
6718 152.956
6565 75
6618 235.956
6651 64
6661 68
6705 195.956
6781 191.956
6706 191.956
6782 187.956
6709 179.956
6711 171.956
6787 167.956
6860 162.956
6861 158.956
6862 154.956
6934 150.956
6935 146.956
7011 142.956
7082 137.956
7151 133.956
6697 227.956
6696 231.956
6772 227.956
6845 222.956
6917 218.956
6918 214.956
6919 210.956
6995 206.956
7066 201.956
7135 197.956
7136 193.956
7201 189.956
7202 185.956
7203 181.956
6701 211.956
6777 207.956
6850 202.956
6695 235.956
6771 231.956
6844 226.956
6916 222.956
6745 88
6744 84
6819 80
6736 60
6811 56
6882 52
6952 48
6739 64
6743 80
6742 76
6733 60
6735 60
6779 199.956
6852 194.956
6778 203.956
6851 198.956
6783 183.956
6770 647.968
6694 643.968
6616 638.968
6615 634.968
6614 630.968
6613 626.968
6612 622.968
6611 618.968
6610 614.968
6609 610.968
6608 606.968
6528 602.968
6446 598.968
6445 594.968
6367 590.968
6290 585.968
6215 581.968
6214 577.968
6138 573.968
6062 568.968
5981 564.968
5980 560.968
5979 556.968
5906 552.968
5832 548.968
5757 543.968
5756 539.968
5680 535.968
5600 531.968
5523 526.968
5522 522.968
5521 518.968
5520 514.968
5519 510.968
5518 506.968
5517 502.968
5431 498.968
5430 494.968
5338 490.968
5250 486.968
5167 481.968
5166 477.968
5086 473.968
5004 469.968
4920 464.968
6773 223.956
6846 218.956
6775 215.956
6810 56
6881 52
6814 60
6785 175.956
6789 159.956
6788 163.956
6843 230.956
6915 226.956
6817 72
6818 76
6869 63
6941 59
6910 289.956
6893 88
6940 63
6929 170.956
7005 166.956
7076 161.956
7145 157.956
7146 153.956
7147 149.956
7212 145.956
7279 141.956
7347 136.956
7416 132.956
6930 166.956
6933 154.956
6920 206.956
6996 202.956
7067 197.956
6925 186.956
7001 182.956
7072 177.956
7141 173.956
7142 169.956
7143 165.956
7144 161.956
7209 157.956
7276 153.956
7344 148.956
7413 144.956
6924 190.956
7000 186.956
7071 181.956
7140 177.956
6927 178.956
7003 174.956
7074 169.956
6926 182.956
7002 178.956
7073 173.956
6914 230.956
6957 60
6956 56
6959 68
7033 64
7104 60
7103 56
7102 52
7101 48
7171 44
6958 64
7032 60
6949 48
7024 44
7095 40
7004 170.956
7075 165.956
7007 158.956
7078 153.956
7006 162.956
7077 157.956
6993 214.956
7064 209.956
7065 205.956
7134 201.956
7199 197.956
7200 193.956
7267 189.956
7335 184.956
7336 180.956
7337 176.956
7406 172.956
6992 218.956
7063 213.956
6994 210.956
6997 198.956
7068 193.956
7069 189.956
6998 194.956
6985 254.956
7054 249.956
7055 245.956
7056 241.956
7057 237.956
7058 233.956
7059 229.956
7060 225.956
7061 221.956
7062 217.956
6984 258.956
7053 253.956
7122 249.956
6987 246.956
6986 250.956
6989 230.956
6988 242.956
6991 222.956
6990 226.956
6977 286.956
7046 281.956
7047 277.956
7048 273.956
7049 269.956
7118 265.956
7119 261.956
6976 290.956
7045 285.956
6979 278.956
6978 282.956
6981 270.956
7050 265.956
6980 274.956
6983 262.956
7052 257.956
7034 68
7105 64
7027 44
7098 40
7031 56
7030 52
7017 59
7088 54
7158 50
7224 46
7225 42
7226 38
7293 34
7363 29
7016 63
7087 58
7018 55
7089 50
7009 150.956
7080 145.956
7010 146.956
7081 141.956
7150 137.956
7044 289.956
7113 285.956
7178 281.956
7179 277.956
7180 273.956
7247 269.956
7315 264.956
7384 260.956
7450 256.956
7451 252.956
7452 248.956
7453 244.956
7454 240.956
7455 236.956
7456 232.956
7457 228.956
7458 224.956
7459 220.956
7460 216.956
7085 66
7086 62
7129 221.956
7194 217.956
7195 213.956
7196 209.956
7197 205.956
7198 201.956
7128 225.956
7131 213.956
7130 217.956
7133 205.956
7132 209.956
7123 245.956
7188 241.956
7189 237.956
7256 233.956
7125 237.956
7190 233.956
7257 229.956
7124 241.956
7127 229.956
7126 233.956
7112 289.956
7115 277.956
7116 273.956
7117 269.956
7182 265.956
7183 261.956
7250 257.956
7318 252.956
7387 248.956
7388 244.956
7114 281.956
7162 37
7228 33
7295 29
7365 24
7434 20
7164 36
7167 36
7234 32
7155 62
7221 58
7222 54
7223 50
7290 46
7360 41
7361 37
7362 33
7157 54
7156 58
7159 46
7137 189.956
7138 185.956
7193 221.956
7192 225.956
7259 221.956
7327 216.956
7396 212.956
7185 253.956
7184 257.956
7251 253.956
7319 248.956
7191 229.956
7258 225.956
7326 220.956
7177 285.956
7176 64
7175 60
7174 56
7173 52
7239 48
7238 44
7304 40
7303 36
7181 269.956
7248 265.956
7316 260.956
7317 256.956
7386 252.956
7229 32
7296 28
7219 66
7220 62
7287 58
7208 161.956
7211 149.956
7210 153.956
7277 149.956
7345 144.956
7346 140.956
7415 136.956
7213 141.956
7205 173.956
7272 169.956
7340 164.956
7207 165.956
7274 161.956
7342 156.956
7343 152.956
7206 169.956
7273 165.956
7341 160.956
7261 213.956
7329 208.956
7330 204.956
7331 200.956
7332 196.956
7333 192.956
7334 188.956
7260 217.956
7328 212.956
7397 208.956
7263 205.956
7262 209.956
7249 261.956
7252 249.956
7320 244.956
7389 240.956
7241 56
7240 52
7243 285.956
7311 280.956
7380 276.956
7446 272.956
7447 268.956
7448 264.956
7449 260.956
7242 60
7308 56
7307 52
7376 48
7375 44
7374 40
7442 36
7508 32
7579 28
7578 24
7651 20
7723 16
7245 277.956
7313 272.956
7382 268.956
7383 264.956
7244 281.956
7312 276.956
7233 32
7237 40
7289 50
7359 45
7288 54
7291 42
7292 38
7281 133.956
7349 128.956
7418 124.956
7419 120.956
7280 137.956
7348 132.956
7417 128.956
7283 125.956
7351 120.956
7282 129.956
7350 124.956
7286 62
7275 157.956
7278 145.956
7265 197.956
7264 201.956
7266 193.956
7269 181.956
7268 185.956
7270 177.956
7338 172.956
7305 44
7306 48
7310 284.956
7379 280.956
7298 28
7367 24
7300 28
7369 24
7437 20
7353 116
7555 104
7354 65
7371 28
7439 24
7505 20
7373 36
7441 32
7507 28
7372 32
7420 116.956
7422 65
7411 152.956
7412 148.956
7414 140.956
7401 192.956
7400 196.956
7403 184.956
7402 188.956
7405 176.956
7404 180.956
7407 168.956
7399 200.956
7398 204.956
7440 28
7432 25
7425 53
7492 49
7564 44
7565 40
7424 57
7491 53
7426 49
7429 37
7496 33
7568 28
7431 29
7430 33
7513 272
7514 268
7515 264
7516 260
7517 256
7518 252
7519 248
7520 244
7521 240
7522 236
7523 232
7524 228
7525 224
7526 220
7527 216
7528 212
7529 208
7530 204
7531 200
7532 196
7533 192
7534 188
7535 184
7536 180
7537 176
7538 172
7539 168
7540 164
7541 160
7542 156
7543 152
7544 148
7545 144
7546 140
7547 136
7548 132
7549 128
7550 124
7551 120
7552 116
7553 112
7554 108
7506 24
7509 36
7497 29
7569 24
7499 21
7571 16
7498 25
7570 20
7502 16
7573 12
7489 61
7561 56
7635 52
7708 48
7493 45
7494 41
7566 36
7580 32
7582 281
7655 277
7728 273
7560 60
7559 64
7609 173
7682 169
7683 165
7684 161
7685 157
7686 153
7687 149
7760 145
7834 140
7608 177
7681 173
7611 165
7610 169
7613 157
7612 161
7615 149
7616 145
7689 141
7690 137
7763 133
7837 128
7838 124
7614 153
7603 197
7676 193
7749 189
7823 184
7605 189
7678 185
7751 181
7825 176
7826 172
7604 193
7677 189
7607 181
7680 177
7606 185
7679 181
7592 241
7593 237
7594 233
7595 229
7596 225
7669 221
7742 217
7816 212
7817 208
7818 204
7633 60
7706 56
7634 56
7636 48
7625 109
7698 105
7699 101
7772 97
7846 92
7847 88
7848 84
7624 113
7627 101
7628 97
7629 93
7702 89
7703 85
7626 105
7630 89
7617 141
7618 137
7691 133
7692 129
7693 125
7766 121
7840 116
7619 133
7621 125
7622 121
7623 117
7620 129
7654 32
7653 28
7725 24
7724 20
7707 52
7709 44
7710 40
7711 36
7712 32
7713 28
7697 109
7696 113
7769 109
7843 104
7844 100
7701 93
7774 89
7700 97
7688 145
7761 141
7835 136
7836 132
7695 117
7694 121
7767 117
7841 112
7715 20
7716 16
7714 24
7717 12
7718 8
7768 113
7842 108
7771 101
7845 96
7770 105
7773 93
7775 85
7849 80
7762 137
7765 125
7839 120
7764 129
7753 173
7827 168
7828 164
7752 177
7755 165
7829 160
7830 156
7831 152
7832 148
7754 169
7757 157
7756 161
7759 149
7833 144
7758 153
7776 81
7850 76
7779 56
7778 73
7864 12
7871 21.255
10012 19.408
7859 32
7858 36
7861 24
7860 28
7854 52
7929 48
7937 16
7936 20
7942 13
7993 76
7994 72
7995 68
7996 64
7997 60
7998 56
7992 80
7999 52
7985 108
7986 104
7987 100
7989 92
7988 96
7977 140
7978 136
7979 132
7980 128
7981 124
7976 144
7983 116
7971 164
7973 156
7972 160
7974 152
8013 20.338
8012 16.338
10115 12.057
8003 36
8004 32
8005 28
8006 24
8007 20
8002 40
8048 108
8047 112
8035 160
8036 156
8073 16
8074 19.351
10077 16.229
8011 12
7940 8
8065 40
8066 36
8064 44
8121 56
8120 60
8123 48
