 key  value
8122 8
8179 4
8125 20
8124 16
8123 12
8180 8
8127 28
8126 24
8113 32
8114 28
8172 24
8173 20
8174 16
8175 12
8176 8
8177 4
8112 36
8170 32
8171 28
8115 24
8116 20
8117 16
8118 12
8119 8
8105 64
8106 60
8107 56
8108 52
8166 48
8167 44
8168 40
8169 36
8104 68
8162 64
8163 60
8164 56
8165 52
8109 48
8110 44
8111 40
8097 96
8098 92
8099 88
8100 84
8158 80
8159 76
8160 72
8161 68
8096 100
8101 80
8102 76
8103 72
8155 92
8156 88
8157 84
8136 168
8137 164
8138 160
8139 156
8140 152
8141 148
8142 144
8143 140
8144 136
8145 132
8146 128
8147 124
8148 120
8149 116
8150 112
8151 108
8152 104
8153 100
8154 96
8128 32
8185 28
8184 24
8183 20
8182 16
8181 12
8217 76
8218 72
8219 68
8220 64
8221 60
8222 56
8223 52
8224 48
8225 44
8226 40
8216 80
8215 84
8214 88
8241 24
8240 20
8239 16
8238 12
8237 8
8242 28
8233 12
8232 16
8235 4
8234 8
8236 4
8227 36
8229 28
8228 32
8231 20
8230 24
8281 36
8282 32
8283 28
8284 24
8285 20
8286 16
8287 12
8288 8
8280 40
8273 68
8272 72
8275 60
8276 56
8277 52
8278 48
8279 44
8274 64
91 437
112 433
126 429
144 425
172 421
209 417
254 413
304 409
359 405
419 399
482 395
552 391
623 387
622 383
692 379
771 375
857 371
940 364
939 360
938 356
1012 352
1081 348
1153 344
1236 340
1319 336
1405 332
1500 328
1594 324
1687 320
1781 316
1867 312
1951 308
2040 304
2132 300
2222 296
2309 292
2397 288
2483 284
2567 280
2654 276
2742 272
2830 268
2927 264
3029 260
3121 256
3215 252
3310 248
3405 244
3490 240
3570 236
3655 232
3737 228
3824 224
3913 220
4002 216
4091 212
4180 208
4273 204
4363 200
4452 196
4539 192
4625 188
4707 184
4794 180
4880 176
4964 172
5047 168
5128 164
5207 160
5295 156
5386 152
5477 148
5562 144
5638 140
5717 136
5792 132
5866 128
5940 124
6019 120
6099 116
6176 112
6250 108
6327 104
6405 100
6487 96
6569 92
6648 88
6726 84
6801 80
6872 76
6943 72
7019 68
7089 64
7158 60
7224 56
7290 52
7359 48
7427 44
7493 40
7564 36
7637 32
7709 28
7782 24
7855 20
7929 16
8000 12
8062 8
8121 4
8269 84
93 437
113 433
127 429
8268 88
92 437
8271 76
8270 80
8319 84
8320 80
8321 76
8318 88
8298 41
8244 36
8186 32
125 429
143 425
8289 8
8291 13
115 440
129 436
146 432
174 428
211 424
256 420
306 416
361 412
422 408
485 404
555 400
626 396
696 392
774 385
859 379
858 375
8290 9
114 437
8293 21
8292 17
8294 25
8344 29
8343 25
8349 49
8348 45
8347 41
8297 37
8243 32
110 433
124 429
141 425
170 421
208 417
253 413
8337 12
8336 16
8339 12
8338 12
8341 17
8340 13
8342 21
8329 44
8328 48
8331 36
8330 40
8333 28
8334 24
8332 32
8335 20
145 429
8323 68
147 436
175 432
212 428
8322 72
8325 60
8326 56
149 443
177 439
214 435
259 431
258 427
308 423
363 419
424 415
487 411
557 407
628 403
697 396
8324 64
148 439
176 435
213 431
8327 52
150 447
178 443
215 439
8377 48
8378 44
8379 40
8376 52
8381 32
8382 28
8380 36
8383 24
8369 80
8370 76
8371 72
8368 84
128 433
131 443
130 440
8373 64
8374 60
133 451
132 447
8372 68
8375 56
179 447
216 443
181 455
218 451
217 447
180 451
173 425
8393 33
8392 29
219 455
8385 16
8384 20
8387 16
8386 16
210 421
255 417
8389 17
8388 16
8391 25
8390 21
8441 29
8440 25
8433 24
8432 28
8435 20
8434 20
8437 20
8436 20
8439 21
8438 20
8425 56
8426 52
8427 48
8424 60
8429 40
8430 36
8428 44
8431 32
8419 80
8420 76
8418 84
8421 72
8422 68
8423 64
8473 56
8474 52
8472 60
8475 48
8476 44
8477 40
8479 32
8478 36
8467 80
8466 84
8469 72
8468 76
8471 64
8470 68
264 451
314 447
313 443
312 439
367 435
366 431
365 427
364 423
425 419
266 459
316 455
371 451
370 447
431 443
430 439
429 435
492 431
562 427
633 423
632 419
631 415
630 411
629 407
257 424
8499 140
8453 136
8406 132
8407 128
8358 124
8310 120
8261 116
8208 112
261 439
260 435
8500 136
8454 132
263 447
262 443
315 451
317 458.127
372 454.127
433 450.127
497 446.127
568 442.127
639 438.127
709 434.127
786 430.127
870 426.127
947 422.127
1018 418.127
1087 414.127
1159 410.127
1242 406.127
1325 402.127
1415 398.127
1414 394.127
1605 376.895
1604 372.895
1700 369
1793 362
1792 358
1791 354
1790 350
1876 346
1875 342
1874 338
1873 334
1957 330
1956 326
1955 322
2044 318
2135 311
2312 303
2399 296
2398 292
319 458.127
375 454.127
436 450.127
500 446.127
570 442.127
641 438.127
710 434.127
318 458.127
374 454.127
435 450.127
499 446.127
569 442.127
640 438.127
8481 24
305 413
360 409
8480 28
8483 24
307 420
8482 24
8485 24
309 427
8484 24
8487 26
311 435
8486 25
310 431
299 392
355 388
415 384
477 380
546 376
617 372
688 368
768 364
854 360
8529 28
8528 28
8531 28
8530 28
8533 29
8532 28
8521 52
8522 48
8520 56
8523 44
8524 40
8525 36
8526 32
8527 28
8515 76
8514 80
8517 68
8516 72
8519 60
8518 64
8569 40
8568 44
8571 32
8570 36
8573 32
8572 32
8575 32
8574 32
8561 72
8560 76
8563 64
8562 68
8565 56
8566 52
8564 60
8567 48
369 443
368 439
373 454.127
434 450.127
362 416
8605 72
8604 76
8607 64
8606 68
353 388
413 384
475 380
544 376
615 372
685 368
765 364
851 360
936 356
1011 352
1080 348
1152 344
1234 340
1317 336
1498 328
1685 320
1780 316
8589 136
8546 132
8547 128
8548 124
8549 120
8550 116
8551 112
8552 108
8553 104
8554 100
8555 96
8556 92
8557 88
8513 84
8588 140
8545 136
412 384
474 380
543 376
614 372
8590 132
414 384
476 380
8576 32
8632 132
8633 128
8634 124
8593 120
8594 116
8631 136
8630 140
8617 36
8616 36
8619 36
8618 36
8609 56
8608 60
432 447
8611 48
8610 52
8613 40
8614 36
8612 44
8615 36
427 427
490 423
560 419
426 423
428 431
491 427
8671 136
8672 132
8673 128
8674 124
8675 120
8676 116
8677 112
8678 108
8639 104
8640 100
8641 96
8642 92
8643 88
8602 84
8559 80
8670 140
8657 40
8656 40
416 384
8659 40
8658 40
8661 40
8620 36
8577 32
421 405
484 401
554 397
625 393
695 389
8660 40
420 403
483 399
423 412
8649 64
8650 60
8651 56
8652 52
8653 48
8654 44
473 381
542 377
8648 68
8655 40
478 380
469 381
538 377
609 373
680 369
760 365
847 361
932 357
1008 353
1078 349
1150 344
1316 336
1496 328
1590 324
1683 320
1864 312
2129 300
2220 296
2307 292
2396 288
8647 72
471 381
539 377
610 373
8646 76
8697 44
8696 44
8699 44
8698 44
8701 44
8662 40
8700 44
8689 64
8691 56
8692 52
8693 48
8694 44
8690 60
8695 44
8686 76
8687 72
496 446.127
566 442.127
637 438.127
707 434.127
783 430.127
867 426.127
944 422.127
1015 418.127
1085 414.127
1157 410.127
1241 406.127
498 446.127
8729 60
489 419
559 415
8728 64
488 415
8731 52
8730 56
8733 48
8732 48
8735 48
495 443
494 439
564 435
635 431
634 427
8734 48
8726 72
8727 68
486 408
556 404
627 400
537 378
541 377
612 373
683 369
762 365
849 361
933 357
540 377
611 373
682 369
8711 132
8712 128
8713 124
8714 120
8715 116
8710 136
8763 72
8765 64
8764 68
8767 56
8766 60
8747 136
8748 132
8746 140
8737 48
8736 48
8739 48
563 431
8738 48
565 439
636 435
553 395
545 376
616 372
687 368
766 364
852 360
937 356
8787 136
547 376
618 372
8786 140
8788 132
8789 128
8790 124
8751 120
551 387
8776 52
8740 48
8702 44
605 386
676 382
756 378
844 373
929 369
930 365
931 361
1007 357
8780 56.363
9950 50.701
8704 46
8664 42
8622 38
8578 33
607 378
608 374
679 370
759 366
606 382
8769 52
8768 52
8771 52
8770 52
8773 52
8772 52
8775 52
8774 52
8827 136
8828 132
8829 128
8816 56
8809 56
8808 56
8811 56
8810 56
8813 56
8812 56
8815 56
8814 56
8801 80
8762 76
8800 84
624 391
694 387
773 383
8803 72
8804 68
8805 64
8807 56
8806 60
619 372
689 368
621 380
620 376
690 372
8849 60
8848 60
8851 60
8850 60
8853 60
613 373
8852 60
8854 60
8841 80
8842 76
8843 72
8844 68
8845 64
8846 60
8847 60
8890 63.992
9969 60.062
8881 64
8880 68
8883 64
8882 64
642 442.127
8885 64
8884 64
8887 64
8886 64
8877 80
8879 72
8878 76
691 376
693 383
681 369
761 365
848 361
8920 68
684 369
764 365
686 368
8913 76
8912 80
8915 68
675 386
8914 72
8917 68
677 378
678 374
8916 68
8919 68
8918 68
8911 84
8910 88
8953 72
8952 72
712 439.968
788 435.968
872 431.968
949 427.968
1021 423.968
1091 419.968
1163 415.968
1247 411.968
1330 407.968
1420 403.968
1517 399.968
1610 395.968
1707 391.968
1798 387.968
1880 383.968
1968 379.968
2059 375.968
2149 371.968
2235 367.968
2322 363.968
2407 359.968
2492 355.968
2577 351.968
2663 347.968
2752 343.968
2840 339.968
2940 335.968
3043 331.968
3133 327.968
3225 323.968
3319 319.968
3409 315.968
3497 311.968
3582 307.968
3665 303.968
3750 299.968
3839 295.968
3928 291.968
4016 287.968
4105 283.968
4196 279.968
4381 271.968
4470 267.968
4557 263.968
4643 259.968
9898 254.517
4729 250
4728 246
4727 242
4814 235
4899 231
4898 227
4897 223
4981 219
5064 215
5145 211
5224 207
5311 203
5402 199
5492 195
5577 191
5653 187
5732 183
5807 179
5881 175
5954 171
6034 167
6114 163
6191 159
6265 155
6342 151
6420 147
6502 143
6584 139
6663 135
6741 131
6816 127
6887 123
6957 119
7031 115
7102 111
7172 107
7238 103
7304 99
7373 95
7441 91
7507 87
7578 83
7651 79
7723 75
7796 71
7869 67
7942 63
8011 56
8073 52
8072 48
8131 44
8188 40
8187 36
8945 84
8946 80
8944 88
8947 76
8948 72
8949 72
708 434.127
785 430.127
869 426.127
8951 72
711 438.127
787 434.127
8950 72
763 369
767 364
853 360
753 384.533
840 380.533
925 376.533
1003 372.533
1073 368.533
1142 364.533
1223 357.533
1306 350.533
1393 344.533
1487 340.533
1584 336.533
1677 332.533
1773 328.533
1862 324.533
1946 320.533
2035 316.533
2127 312.533
2218 308.533
2305 304.533
2392 300.533
2478 293.595
2734 277
2820 272
2913 268
3015 264
3108 260
3203 255
3300 251
3395 247
3482 242
3564 238
3649 234
3732 229
3820 225
3907 221
3996 217
4086 212
4176 208
4269 204
4359 200
4448 196
4536 192
4622 188
4704 184
4792 180
4962 172
5046 168
755 382
843 377
928 373
754 384.533
841 380.533
926 376.533
757 374
845 369
846 365
758 370
8985 76
8984 76
8977 88
8978 84
8976 92
8979 80
8981 76
8980 76
8983 76
8982 76
8975 96
8974 100
784 430.127
868 426.127
946 422.127
1017 418.127
789 435.968
873 431.968
951 427.968
1023 423.968
1093 419.968
1165 415.968
1248 411.968
1332 407.968
1422 403.968
1519 399.968
1613 395.968
1710 391.968
1800 387.968
1883 383.968
1971 379.968
2062 375.968
2152 371.968
2237 367.968
2324 363.968
2409 359.968
2493 355.968
2578 351.968
2664 347.968
790 435.968
874 431.968
952 427.968
9017 80
8986 76
9016 80
9009 88
9010 84
9011 80
769 368
9008 92
770 372
856 368
9013 80
9012 80
9015 80
9014 80
9005 104
9007 96
8997 136
8966 132
8934 128
8901 124
8867 120
8832 116
8833 112
8834 108
8795 104
8756 100
8720 96
8721 92
8722 88
8723 84
8685 80
8998 132
8967 128
8935 124
8902 120
8903 116
8869 112
9041 84
9040 88
9043 84
9042 84
9045 84
9044 84
9047 84
9046 84
9037 100
9036 104
9006 100
9039 92
9038 96
850 365
9029 132
8999 128
8968 124
8969 120
8937 116
8938 112
8939 108
8940 104
8941 100
8908 96
8874 92
8839 88
8840 84
9028 136
855 364
842 380.533
9073 88
9072 88
9075 88
835 400.533
920 396.533
921 392.533
922 388.533
923 384.533
924 380.533
9074 88
837 392.533
836 396.533
839 384.533
838 388.533
9065 104
9066 100
9067 96
9064 108
9069 88
9068 92
9071 88
9070 88
9059 128
9060 124
9032 120
9002 116
8971 112
8972 108
8973 104
9058 132
9063 112
9035 108
9113 136
9114 132
9088 128
875 431.968
953 427.968
1025 423.968
1095 419.968
1167 415.968
1251 411.968
1335 407.968
1425 403.968
1521 399.968
1614 395.968
1711 391.968
1802 387.968
1884 383.968
1972 379.968
9117 120
9118 116
9092 112
876 431.968
9119 112
9093 108
9094 104
9095 100
9096 96
9097 92
9104 92
9076 88
871 430.127
9099 92
9098 92
9101 92
9100 92
9103 92
927 377
9102 92
9091 116
9145 120
9144 124
9147 112
9120 108
9146 116
9149 104
9150 100
9123 96
9148 108
9121 104
9151 100
9124 96
9141 136
9142 132
9143 128
9116 124
9128 96
9130 96
954 427.968
1026 423.968
1096 419.968
1168 415.968
1252 411.968
1336 407.968
1426 403.968
1523 399.968
1616 395.968
1713 391.968
1803 387.968
1885 383.968
1973 379.968
2063 375.968
9133 95.992
9107 91.992
9078 87.992
9050 83.992
9020 79.992
8989 75.992
8957 71.992
8924 67.992
945 422.127
1016 418.127
9122 100
9125 96
9127 96
9126 96
950 427.968
9177 104
9152 100
9176 104
9179 104
9154 100
9178 104
9153 100
9181 104
9155 100
9180 104
9182 104
9156 100
9169 128
9170 124
9171 120
9172 116
9173 112
9175 104
935 356
1010 352
9174 108
934 361
9201 108
9200 108
9203 108
9202 108
9205 108
9204 108
9206 108
9193 132
9195 124
9196 120
1019 422.127
1088 418.127
9197 116
9199 108
9198 112
1022 423.968
1009 357
1014 419.127
1156 411.127
1240 407.127
1324 403.127
9241 120
9220 116
1001 395.533
1000 399.533
9243 116
9222 112
9242 116
9221 112
9245 116
9224 112
1005 376
1006 372
9244 116
9223 112
1004 376.533
1074 372.533
9247 116
9225 112
9246 116
9227 112
9226 112
9228 112
9219 120
1037 471.968
1104 467.968
1180 463.968
1179 459.968
1262 455.968
1261 451.968
1260 447.968
1346 443.968
1436 439.968
1435 435.968
1434 431.968
1530 427.968
1529 423.968
1528 419.968
1621 415.968
1620 411.968
1619 407.968
1618 403.968
1617 399.968
1027 423.968
1028 423.968
1097 419.968
1169 415.968
1253 411.968
1084 415.127
9249 116
9248 116
1075 376.533
1077 352
1148 348
1232 344
1233 340
1076 376
1099 419.968
1171 415.968
1254 411.968
1337 407.968
1427 403.968
1102 431.968
1174 427.968
1257 423.968
1340 419.968
1430 415.968
1526 411.968
1089 419.968
1161 415.968
1245 411.968
1329 407.968
1419 403.968
1516 399.968
1090 419.968
1162 415.968
1145 360
1229 356
1230 352
1231 348
1144 372.533
1143 368.533
1146 356
1147 352
1183 475.968
1182 471.968
1181 467.968
1264 463.968
1350 459.968
1440 455.968
1439 451.968
1438 447.968
1534 443.968
1627 439.968
1626 435.968
1723 431.968
1813 427.968
1895 423.968
1894 419.968
1982 415.968
1981 411.968
1980 407.968
1979 403.968
2069 399.968
2158 395.968
2243 391.968
2330 387.968
2329 383.968
2414 379.968
2413 375.968
2412 371.968
2496 367.968
2581 363.968
2667 359.968
2755 355.968
2843 351.968
2943 347.968
2942 343.968
2941 339.968
1170 415.968
1173 423.968
1172 419.968
1255 415.968
1338 411.968
1160 414.127
1243 410.127
1326 406.127
1416 402.127
1166 415.968
1250 411.968
1333 407.968
1423 403.968
1520 399.968
1158 410.127
9421 1632.96
9422 1534.96
9423 1436.96
9424 1338.96
9442 1163.96
9443 1064.96
9461 929.956
9477 823.956
9494 716.956
9512 584.956
9531 477.956
9551 370.956
6006 181.956
6087 176.956
6163 172.956
6238 168.956
6313 163.956
6314 159.956
6315 155.956
6316 151.956
6317 147.956
6395 140.956
6474 133.956
6555 129.956
6635 124.956
6636 120.956
6714 116.956
6715 112.956
6791 108.956
6864 103.956
6936 99.956
7012 95.956
7083 90.956
7152 86.956
7217 82.956
7284 78.956
7352 73.956
7421 69.956
7487 65.956
9982 62.015
7556 57
7557 53
7558 49
7631 42
7704 38
7777 34
7851 29
7852 25
7925 21
7926 17
7997 13
8060 9
8120 4
9420 1730.96
1244 412.968
1328 408.968
1246 411.968
1235 340
1318 336
1404 332
1225 365.533
1224 361.533
1227 364
1228 360
1226 369.26
10048 365.587
1221 356.533
1220 352.533
1305 348.533
1392 344.533
1484 340.533
1582 336.533
1675 332.533
1772 328.533
9462 893.456
9939 803.042
9478 785.136
9942 696.257
9495 677.956
1222 360.533
1269 483.968
1268 479.968
1267 475.968
1266 471.968
1265 467.968
1351 463.968
1441 459.968
1537 455.968
1536 451.968
1629 447.968
1628 443.968
1256 419.968
1259 443.968
1345 439.968
9493 771.956
9511 638.956
9530 532.956
9550 426.956
9572 297.956
5928 200.956
1304 349.533
1307 354.533
1309 362.533
1308 358.533
1311 368
1310 366.533
9529 631.956
9528 730.956
9532 473.956
9525 1619.2
9544 1517.2
9563 1424.2
9586 1322.2
9607 1220.2
9629 1128.2
9630 1031.2
9631 934.197
9984 882.603
9609 803
9610 703
9611 603
9612 503
9613 403
9614 303
7873 237
7800 233
7801 229
7874 225
7875 221
7876 217
7877 213
7878 209
7879 205
7880 201
7881 197
7952 193
7953 189
8016 185
8076 180
8077 176
8078 172
8079 168
8080 164
8081 160
8082 156
9524 1714.2
9543 1612.2
9562 1519.2
9585 1418.2
9606 1317.2
9628 1225.2
9527 829.956
9513 580.956
1339 415.968
1341 423.968
1343 431.968
1342 427.968
9506 1815.2
9509 834.956
9510 736.956
1334 407.968
1424 403.968
9567 787.956
9568 689.956
9569 591.956
9570 493.956
9571 395.956
1327 409.968
1418 404.968
1515 400.968
1609 396.968
9566 885.956
1312 364
9547 725.956
9546 824.956
9549 526.956
9548 625.956
9593 294.956
6911 242.956
6912 238.956
6913 234.956
6982 223.956
7051 218.956
7120 214.956
7185 210.956
7252 206.956
7320 201.956
7321 197.956
7390 193.956
7391 189.956
7457 185.956
7458 181.956
7459 177.956
7460 173.956
7461 169.956
7462 165.956
7463 161.956
7464 157.956
7465 153.956
7466 149.956
7467 145.956
7468 141.956
7469 137.956
7470 133.956
7471 129.956
7472 125.956
7473 121.956
7474 117.956
7475 113.956
7476 109.956
7477 105.956
7478 101.956
7479 97.956
7480 93.956
7481 89.956
7482 85.956
7483 81.956
7484 77.956
7485 73.956
7486 69.956
9592 393.956
9595 866.968
9594 767.968
5374 693.968
5286 689.968
5203 684.968
5123 680.968
5122 676.968
5121 672.968
5039 668.968
4955 663.968
4870 659.968
4783 655.968
4694 650.968
4693 646.968
4692 642.968
4691 638.968
4605 634.968
4518 630.968
4429 626.968
4337 621.968
4245 617.968
4152 613.968
4062 608.968
4061 604.968
4060 600.968
3970 596.968
3881 592.968
3880 588.968
3879 584.968
3791 580.968
3703 575.968
3619 571.968
3533 567.968
3447 562.968
3446 558.968
3445 554.968
3444 550.968
3443 546.968
3442 542.968
3441 538.968
3440 534.968
3439 530.968
3438 526.968
3437 522.968
3436 518.968
3435 514.968
3434 510.968
3433 506.968
3432 502.968
3431 498.968
3430 494.968
3429 490.968
3428 486.968
3427 482.968
3426 478.968
3425 474.968
3424 470.968
3423 466.968
3339 462.968
3338 458.968
3337 454.968
3336 450.968
3335 446.968
3334 442.968
3333 438.968
3332 434.968
3331 430.968
3330 426.968
3329 422.968
3328 418.968
3327 414.968
3326 410.968
3325 406.968
3324 402.968
3323 398.968
3229 391.968
3138 386.968
3046 382.968
3045 378.968
2949 371.968
2948 367.968
2947 363.968
2946 359.968
2945 355.968
2944 351.968
1352 467.968
1355 479.968
1445 475.968
1541 471.968
1540 467.968
1633 463.968
1730 459.968
1729 455.968
1819 451.968
1901 447.968
1989 443.968
1988 439.968
1987 435.968
1986 431.968
1985 427.968
1984 423.968
2074 419.968
2073 415.968
2162 411.968
2247 407.968
2334 403.968
2419 399.968
2503 395.968
2588 391.968
2674 387.968
2762 383.968
2850 379.968
2849 375.968
1357 487.968
1447 483.968
1543 479.968
1542 475.968
1359 495.968
1449 491.968
1448 487.968
1544 483.968
1358 491.968
1347 447.968
9589 690.956
9590 591.956
9591 492.956
9588 789.956
1349 455.968
1348 451.968
1401 359
1314 355
1315 351
1400 363
1403 332
1402 355
1395 351.533
1489 347.533
1586 343.533
1679 339.533
1775 335.533
1863 328.533
1947 324.533
1394 348.533
1488 344.533
1585 340.533
9573 236
4102 232
4194 228
4286 224
4376 220
4375 216
4374 212
4462 208
4549 204
4634 200
4716 196
4803 192
4888 188
4972 184
5055 180
5136 176
5215 172
5302 168
5393 164
5483 160
5568 156
5644 152
5723 148
5798 144
5872 140
5946 136
6025 132
6105 128
6182 124
6256 120
6333 116
6411 112
6493 108
6575 104
6654 100
6732 96
6807 92
6878 88
6948 84
7022 80
7093 76
7163 72
7229 68
7228 64
7294 60
7363 56
7362 52
7361 48
7429 44
7495 40
7566 36
7639 32
7711 28
7784 24
7857 20
7930 16
1397 359.533
1396 355.533
1399 367
9574 763.968
3561 679.968
3475 674.968
3474 670.968
3473 666.968
3472 662.968
3471 658.968
3470 654.968
3469 650.968
3468 646.968
3467 642.968
3466 638.968
3465 634.968
3464 630.968
3463 626.968
3462 622.968
3461 618.968
3460 614.968
3459 610.968
3458 606.968
3457 602.968
3456 598.968
3455 594.968
3454 590.968
3453 586.968
3452 582.968
3451 578.968
3450 574.968
3449 570.968
3448 566.968
1398 364.129
1492 360.129
1491 356.129
9901 352.519
1588 351.533
1587 347.533
1391 345.533
1483 341.533
1581 337.533
9617 869.968
9616 770.968
7111 705.968
7110 701.968
7109 697.968
7108 693.968
7038 685.968
7037 681.968
6967 674.968
6966 670.968
6965 666.968
6964 662.968
6896 655.968
6828 650.968
6827 646.968
6754 642.968
6678 638.968
6600 633.968
6599 629.968
6519 625.968
6437 621.968
6359 617.968
6282 612.968
6207 608.968
6131 604.968
6055 599.968
5974 595.968
5901 591.968
5827 587.968
5752 582.968
5751 578.968
5750 574.968
5674 570.968
5594 566.968
5517 561.968
5431 557.968
5430 553.968
5338 549.968
5250 545.968
5167 540.968
5166 536.968
5086 532.968
5085 528.968
5003 524.968
4919 519.968
4834 515.968
4747 511.968
4658 506.968
4657 502.968
4656 498.968
4570 494.968
4569 490.968
4482 486.968
4393 482.968
4301 477.968
4209 473.968
4116 469.968
4026 464.968
3936 460.968
3847 456.968
3759 452.968
3671 447.968
3587 443.968
3501 439.968
3415 434.968
1433 427.968
1432 423.968
1431 419.968
1437 443.968
1429 411.968
1428 407.968
9657 545
9636 442
1417 406.127
9656 642
9635 539
9658 643
9661 972.724
9638 864.724
10125 850.14
1421 403.968
9660 900.968
9637 792.968
9615 699.968
6824 640.968
6751 636.968
6675 632.968
6598 628.968
6518 624.968
6436 620.968
6358 616.968
9655 740
9634 636
9654 837
9633 733
9639 885.968
9681 1008.97
9680 650
9682 1080.72
1446 479.968
1497 328
1499 328
1593 324
1686 320
9677 914.473
10128 815.061
9679 648
9678 745
1490 351.533
1493 368.129
1495 332
1494 369
9721 843
9700 739
9720 841
1482 349.533
1579 345.533
1580 341.533
1674 336.533
1485 340.533
1486 340.533
1531 431.968
1533 439.968
1532 435.968
1625 431.968
1722 427.968
1812 423.968
9699 836
9701 741
1525 407.968
1524 403.968
1527 415.968
1513 405.68
1607 401.68
1705 396.68
10049 392.938
1797 387.968
1512 402.127
1511 398.127
1514 404.68
1608 400.68
9742 1021
9741 922
1553 519.968
1646 515.968
1743 511.968
1742 507.968
1832 503.968
1914 499.968
2002 495.968
2092 491.968
2181 487.968
2266 483.968
2353 479.968
2352 475.968
2437 471.968
2521 467.968
2606 463.968
2692 459.968
2691 455.968
2779 451.968
2867 447.968
2866 443.968
2865 439.968
2864 435.968
2863 431.968
2963 427.968
2962 423.968
2961 419.968
2960 415.968
2959 411.968
2958 407.968
2957 403.968
2956 399.968
2955 395.968
2954 391.968
2953 387.968
2952 383.968
2951 379.968
2950 375.968
1552 515.968
1551 511.968
1644 507.968
1741 503.968
1740 499.968
1739 495.968
1829 491.968
1828 487.968
1827 483.968
1826 479.968
1825 475.968
1907 471.968
1995 467.968
2085 463.968
2174 459.968
2259 455.968
2346 451.968
2345 447.968
2430 443.968
2514 439.968
2599 435.968
2598 431.968
2684 427.968
2772 423.968
2771 419.968
2859 415.968
2858 411.968
2857 407.968
2856 403.968
2855 399.968
2854 395.968
2853 391.968
2852 387.968
2851 383.968
1555 527.968
1554 523.968
1647 519.968
1556 531.968
1649 527.968
1746 523.968
1745 519.968
1835 515.968
1917 511.968
2005 507.968
2004 503.968
2003 499.968
1545 487.968
1546 491.968
1639 487.968
1638 483.968
1637 479.968
1734 475.968
1733 471.968
1823 467.968
1905 463.968
1993 459.968
1992 455.968
1991 451.968
1990 447.968
1549 503.968
1548 499.968
1641 495.968
1738 491.968
1737 487.968
1736 483.968
1735 479.968
1550 507.968
1643 503.968
1538 459.968
9782 1249
9781 1152
9761 1026
1592 324
9762 1126
1589 328
1591 324
1778 316
1949 308
2039 304
2131 300
9819 1318
9799 1215
9779 1114
9760 1024
9818 1317
9821 1324
9801 1220
9780 1116
9820 1321
9800 1217
9823 1762.19
9804 1665.19
9784 1568.19
9763 1455.73
9744 1358.73
9723 1261.73
10126 1168
9702 1082.97
1583 336.533
1676 332.533
9822 1360
9802 1256
1624 427.968
1721 423.968
1720 419.968
1810 415.968
1892 411.968
1630 451.968
1727 447.968
1726 443.968
1725 439.968
1724 435.968
1623 423.968
9798 1238
9778 1136
9759 1046
9740 944
1622 419.968
1611 395.968
1708 391.968
1799 387.968
1882 383.968
1970 379.968
2061 375.968
2151 371.968
2236 367.968
2323 363.968
1612 395.968
1709 391.968
9844 573.306
9833 556.243
10024 521.584
9830 481.494
9871 431.153
9829 374.467
9912 337.555
9828 306.236
9927 263.768
9827 224.896
9897 209.175
1606 405.68
1704 400.68
1657 558.968
1754 554.968
1753 550.968
1752 546.968
1842 542.968
1924 538.968
2012 534.968
2102 530.968
2191 526.968
2190 522.968
2189 518.968
2188 514.968
2273 510.968
2360 506.968
2445 502.968
2529 498.968
2614 494.968
2613 490.968
2612 486.968
2697 479.968
2696 475.968
2695 471.968
2694 467.968
2782 463.968
2870 459.968
2970 455.968
2969 451.968
2968 447.968
2967 443.968
2966 439.968
2965 435.968
2964 431.968
1656 554.968
9835 528.166
9879 515.598
9834 590.857
9843 556.979
1658 562.968
1755 558.968
1845 554.968
1927 550.968
2015 546.968
2105 542.968
2194 538.968
2279 534.968
2278 530.968
2277 526.968
2276 522.968
2363 518.968
2448 514.968
2447 510.968
2446 506.968
9836 411.272
9904 370.883
1648 523.968
9826 119.919
6240 108
6396 100
6479 96
6562 92
6641 88
6720 84
6796 80
6867 76
7015 68
7154 60
7219 56
7286 52
7355 48
7424 44
7491 40
7562 36
7635 32
7708 28
1651 534.968
1650 530.968
1747 526.968
1837 522.968
1919 518.968
2007 514.968
2097 510.968
2186 506.968
2271 502.968
2358 498.968
2443 494.968
2527 490.968
1653 542.968
1750 538.968
1840 534.968
1922 530.968
2010 526.968
2100 522.968
9831 575.143
10007 524.004
1652 538.968
1749 534.968
1748 530.968
1838 526.968
1920 522.968
9881 473.549
1640 491.968
1642 499.968
9885 333.464
1645 511.968
1632 459.968
1635 471.968
1732 467.968
1731 463.968
1634 467.968
1636 475.968
9866 397.633
673 388.533
1684 320
1777 316
1865 312
1948 308
2038 304
9913 248.25
1673 345.533
9915 231.145
9914 156.454
9825 147.551
5627 140
5707 136
5782 132
5857 128
5932 124
6012 120
6092 116
6169 112
6244 108
6321 104
6400 100
6482 96
6565 92
6644 88
6723 84
6799 80
6870 76
6941 72
7017 68
7087 64
7157 60
7223 56
9917 94.88
7084 89.956
7153 85.956
7218 81.956
7285 77.956
9916 315.692
9919 284.419
9918 313.843
1678 336.533
1774 332.533
9905 398.392
9906 269.996
4469 267.968
9909 239.112
4726 235
4813 231
9908 487.58
3249 484.968
3248 480.968
3340 473.968
9911 162.775
9910 166.942
5127 164
5206 160
5293 156
5384 152
5474 148
5559 144
5635 140
5715 136
5790 132
5864 128
5939 124
9896 476.108
9899 273.816
2823 270
2916 266
3017 262
3110 258
3204 254
3301 250
3396 246
3483 241
3565 237
3650 233
9900 108.769
6794 105.956
7014 93.956
9903 305.045
3749 299.968
9902 287.256
1712 391.968
1715 399.968
1805 395.968
1887 391.968
1886 387.968
1974 383.968
2064 379.968
2153 375.968
1714 395.968
1804 391.968
9893 356.032
1717 407.968
1807 403.968
1806 399.968
1888 395.968
1976 391.968
2066 387.968
2155 383.968
2154 379.968
2239 375.968
2326 371.968
2325 367.968
1716 403.968
9895 236.353
4170 229
4171 225
4172 221
4173 217
4174 213
4175 209
4268 205
1719 415.968
1809 411.968
1808 407.968
1890 403.968
1889 399.968
9894 125.621
1718 411.968
9945 739.335
3476 678.968
9944 619.217
1769 614.968
1768 610.968
1767 606.968
1766 602.968
1765 598.968
1764 594.968
1763 590.968
1853 586.968
1852 582.968
1934 578.968
2022 574.968
2021 570.968
2020 566.968
2019 562.968
2018 558.968
2017 554.968
2016 550.968
9946 600.967
918 598.968
917 594.968
916 590.968
994 586.968
1066 582.968
1065 578.968
1131 574.968
1207 570.968
1206 566.968
1289 562.968
1288 558.968
1287 554.968
1286 550.968
1372 546.968
1462 542.968
1558 538.968
1557 534.968
1706 395.968
9949 178.499
6510 172.893
6591 165.893
10087 165.005
6670 162
6748 158
6822 151
6821 147
6892 143
6891 139
6961 135
6960 131
6959 127
6958 123
9948 49.485
8665 43
8623 39
8579 34
8534 30
9951 99.187
9936 755.728
1699 366
9938 700.656
9943 314.667
1702 384.895
9928 283.793
4195 279.968
4289 275.968
4380 271.968
9933 709.043
1757 566.968
1756 562.968
1846 558.968
1928 554.968
1758 570.968
9920 387.699
1744 515.968
9923 502.998
3159 498.968
3158 494.968
3157 490.968
9924 475.422
1751 542.968
9926 330.538
9976 221.576
6005 185.956
6086 180.956
6162 176.956
9979 466.959
2871 463.968
2971 459.968
9981 1600.44
9968 126.851
9270 120.805
10129 119.524
9252 115.992
9231 111.992
9208 107.992
9184 103.992
9159 99.992
9132 95.992
9106 91.992
9971 71.861
7870 71
9973 849.879
9972 147.24
9975 405.022
9974 799.383
9960 239.624
5069 235
5229 227
5316 223
5407 219
5406 215
5405 211
5495 207
5580 203
5579 199
5578 195
5654 191
5733 187
9963 48.869
8299 45
8245 40
9967 48.908
8445 45
8395 41
8346 37
8345 33
8295 29
9966 458.783
3845 454.968
3757 450.968
3586 442.968
3500 438.968
9952 100.018
9954 58.924
9956 549.65
5669 544.968
5510 536.968
5424 532.968
5332 528.968
5244 524.968
5161 519.968
5081 515.968
4999 511.968
4915 506.968
4830 502.968
4743 498.968
4654 493.968
4568 489.968
4481 485.968
4392 481.968
4300 476.968
4208 472.968
4115 468.968
4025 463.968
3935 459.968
3846 455.968
3758 451.968
3670 446.968
9959 57.953
10009 794.331
10008 22.858
7853 20
7927 16
7998 12
8061 8
1771 329.533
1861 325.533
1770 618.968
10005 392.986
1817 443.968
1816 439.968
1898 435.968
1897 431.968
1818 447.968
1821 459.968
1820 455.968
9999 467.58
963 461.921
962 457.921
1035 453.921
1103 447.065
1034 440.065
1033 436.065
1032 432.067
10013 431.238
1031 427.968
1100 423.968
1811 419.968
1815 435.968
1814 431.968
10041 295.973
1801 387.968
10040 231.242
6007 179.308
6164 169.308
6239 165.308
10043 399.043
10042 257.021
3479 254
3480 250
3481 246
10045 906.669
10044 509.658
2783 506.968
2698 502.968
2615 498.968
10047 22.909
10046 430.262
10033 154.832
5381 152
5472 148
5557 144
5634 140
5713 136
5788 132
5863 128
5937 124
6016 120
6096 116
6174 112
6249 108
6326 104
6404 100
10032 815.906
10035 64.892
7160 60
7226 56
7292 52
10034 64.823
10037 365.325
10036 365.354
10039 1558.8
10038 393.822
10027 323.195
1945 320.533
10026 109.423
6318 104
6397 100
1850 574.968
1849 570.968
1848 566.968
1847 562.968
10029 429.959
703 427
702 423
10028 637.4
10031 312.098
10030 385.03
1841 538.968
1843 546.968
1844 550.968
1926 546.968
2014 542.968
2013 538.968
2103 534.968
2192 530.968
10073 262.124
3025 260
3118 256
3212 252
3307 248
3402 244
3487 240
3568 236
3654 232
3736 228
3822 224
3910 220
3998 216
4087 212
1833 507.968
1915 503.968
10072 262.289
3312 256
3311 252
10075 314.312
2042 312
2041 308
2133 304
10074 337.764
1834 511.968
1836 519.968
1839 530.968
10065 338.782
10064 298.946
3838 295.968
10067 209.904
4358 204
10066 338.497
10069 260.01
10068 226.106
3829 224
3918 220
4007 216
4096 212
4185 208
4277 204
4367 200
4455 196
4543 192
4628 188
4710 184
4797 180
4882 176
4966 172
5049 168
5130 164
5209 160
5296 156
5387 152
10071 141.384
5947 140
6026 136
6106 132
6183 128
6257 124
6334 120
1831 499.968
1913 495.968
2001 491.968
2000 487.968
1999 483.968
1998 479.968
1997 475.968
1996 471.968
10070 51.374
7354 48
7422 44
7488 40
7559 36
7633 32
7706 28
7780 24
1830 495.968
10057 259.494
3580 256.025
3747 248
3835 244
3925 240
4014 236
1881 383.968
1969 379.968
10056 324.91
2036 320.533
2128 316.533
10059 477.653
10061 211.857
10060 282.336
2651 276
2740 272
2828 268
2925 264
3027 260
3119 256
3213 252
3308 248
3404 244
3489 240
10063 126.738
6712 124.956
6713 120.956
10062 135.21
6475 129.956
6556 125.956
10051 222.163
10050 358.306
2486 356.968
2572 351.968
2659 347.968
2748 343.968
2836 339.968
2937 335.968
3040 331.968
3131 327.968
3223 323.968
3318 319.968
10053 46.174
10055 227.792
10054 467.26
1866 312
1950 308
1860 614.968
1859 610.968
1858 606.968
1857 602.968
1856 598.968
1855 594.968
1854 590.968
1912 491.968
1916 507.968
1918 515.968
1904 459.968
1911 487.968
1896 427.968
1899 439.968
1900 443.968
1903 455.968
1902 451.968
1891 407.968
1893 415.968
1944 320.533
2034 316.533
1939 598.968
2027 594.968
2026 590.968
2025 586.968
2115 582.968
2204 578.968
2203 574.968
2202 570.968
2287 566.968
2374 562.968
2373 558.968
2458 554.968
2457 550.968
2456 546.968
2540 542.968
2625 538.968
2624 534.968
2623 530.968
2622 526.968
2621 522.968
2620 518.968
2619 514.968
2618 510.968
2617 506.968
2616 502.968
1929 558.968
1930 562.968
1921 526.968
1923 534.968
1925 542.968
1977 395.968
1978 399.968
1983 419.968
1975 387.968
1965 379.968
2056 375.968
2146 371.968
2231 367.968
2318 363.968
2404 359.968
2489 355.968
2574 351.968
2661 347.968
2750 343.968
2838 339.968
2939 335.968
1967 379.968
2058 375.968
2147 371.968
2233 367.968
2320 363.968
2405 359.968
1966 379.968
1954 319
2043 315
2009 522.968
2099 518.968
2008 518.968
2098 514.968
2187 510.968
2272 506.968
2359 502.968
2444 498.968
2011 530.968
2101 526.968
2006 511.968
1994 463.968
2033 316.533
2125 312.533
2217 308.533
2304 304.533
2037 304
2024 582.968
2023 578.968
2072 411.968
2071 407.968
2070 403.968
2075 423.968
2077 431.968
2166 427.968
2165 423.968
2164 419.968
2249 415.968
2336 411.968
2421 407.968
2505 403.968
2504 399.968
2076 427.968
2079 439.968
2078 435.968
2167 431.968
2065 383.968
2067 391.968
2068 395.968
2057 375.968
2060 375.968
2055 375.968
2144 371.968
2230 367.968
2317 363.968
2402 359.968
2487 355.968
2104 538.968
2107 550.968
2106 546.968
2109 558.968
2108 554.968
2110 562.968
2096 507.968
2185 503.968
2270 499.968
2357 495.968
2356 491.968
2355 487.968
2354 483.968
2088 475.968
2087 471.968
2176 467.968
2261 463.968
2348 459.968
2347 455.968
2091 487.968
2090 483.968
2089 479.968
2093 495.968
2095 503.968
2094 499.968
2183 495.968
2268 491.968
2081 447.968
2080 443.968
2083 455.968
2172 451.968
2171 447.968
2256 443.968
2343 439.968
2428 435.968
2512 431.968
2597 427.968
2683 423.968
2082 451.968
2084 459.968
2173 455.968
2258 451.968
2086 467.968
2143 371.968
2229 367.968
2316 363.968
2130 300
2221 296
2308 292
2134 308
2126 312.533
2113 574.968
2112 570.968
2111 566.968
2169 439.968
2168 435.968
2170 443.968
2255 439.968
2342 435.968
2341 431.968
2340 427.968
2339 423.968
2338 419.968
2337 415.968
2175 463.968
2161 407.968
2246 403.968
2333 399.968
2332 395.968
2417 391.968
2501 387.968
2500 383.968
2585 379.968
2584 375.968
2583 371.968
2669 367.968
2668 363.968
2160 403.968
2245 399.968
2163 415.968
2159 399.968
2244 395.968
2331 391.968
2416 387.968
2145 371.968
2148 371.968
2150 371.968
2201 566.968
2200 562.968
2199 558.968
2284 554.968
2371 550.968
2370 546.968
2369 542.968
2368 538.968
2453 534.968
2452 530.968
2536 526.968
2193 534.968
2195 542.968
2197 550.968
2282 546.968
2196 546.968
2281 542.968
2198 554.968
2283 550.968
2184 499.968
2182 491.968
2232 367.968
2319 363.968
2234 367.968
2321 363.968
2238 371.968
2225 307
2224 304
2311 300
2310 296
2228 368.968
2216 309.533
2219 304
2223 300
2267 487.968
2269 495.968
2257 447.968
2344 443.968
2260 459.968
2248 411.968
2251 423.968
2250 419.968
2253 431.968
2252 427.968
2254 435.968
2280 538.968
2285 558.968
2286 562.968
2275 518.968
2362 514.968
2274 514.968
2335 407.968
2315 364.968
2401 360.968
2306 292
2394 288
2480 284
2564 280
2652 276
2741 272
2829 268
2926 264
3028 260
3120 256
3214 252
2361 510.968
2365 526.968
2364 522.968
2367 534.968
2366 530.968
2393 304.595
2479 297.595
2395 288
2481 284
2565 280
2387 614.968
2386 610.968
2385 606.968
2470 602.968
2469 598.968
2553 594.968
2638 590.968
2637 586.968
2636 582.968
2635 578.968
2634 574.968
2633 570.968
2632 566.968
2631 562.968
2630 558.968
2629 554.968
2628 550.968
2627 546.968
2626 542.968
2372 554.968
2375 566.968
2425 423.968
2424 419.968
2423 415.968
2422 411.968
2427 431.968
2511 427.968
2596 423.968
2595 419.968
2594 415.968
2593 411.968
2592 407.968
2591 403.968
2590 399.968
2589 395.968
2426 427.968
2429 439.968
2431 447.968
2420 403.968
2408 359.968
2403 359.968
2406 359.968
2490 355.968
2575 351.968
2459 558.968
2460 562.968
2449 518.968
2451 526.968
2535 522.968
2534 518.968
2533 514.968
2532 510.968
2531 506.968
2530 502.968
2450 522.968
2455 542.968
2454 538.968
2441 487.968
2440 483.968
2524 479.968
2609 475.968
2608 471.968
2607 467.968
2442 491.968
2433 455.968
2517 451.968
2602 447.968
2601 443.968
2600 439.968
2432 451.968
2488 355.968
2573 351.968
2660 347.968
2749 343.968
2837 339.968
2495 363.968
2580 359.968
2666 355.968
2665 351.968
2753 347.968
2482 284
2566 280
2485 292
2569 288
2656 284
2744 280
2832 276
2831 272
2484 288
2520 463.968
2605 459.968
2523 475.968
2525 483.968
2526 487.968
2611 483.968
2610 479.968
2513 435.968
2515 443.968
2516 447.968
2519 459.968
2604 455.968
2690 451.968
2689 447.968
2688 443.968
2687 439.968
2686 435.968
2774 431.968
2773 427.968
2518 455.968
2603 451.968
2507 411.968
2506 407.968
2509 419.968
2508 415.968
2510 423.968
2498 375.968
2502 391.968
2544 558.968
2537 530.968
2539 538.968
2538 534.968
2541 546.968
2543 554.968
2542 550.968
2528 494.968
2587 387.968
2673 383.968
2761 379.968
2586 383.968
2568 284
2655 280
2570 292
2563 280
2649 280
2735 276
2821 271
2914 267
3016 263
3109 259
2650 279
2736 275
2822 270
2915 266
2653 276
2681 415.968
2769 411.968
2680 411.968
2768 407.968
2682 419.968
2685 431.968
2672 379.968
2760 375.968
2848 371.968
2675 391.968
2677 399.968
2676 395.968
2679 407.968
2767 403.968
2678 403.968
2671 375.968
2759 371.968
2758 367.968
2757 363.968
2845 359.968
2844 355.968
2670 371.968
2657 288
2662 347.968
2713 562.968
2712 558.968
2705 530.968
2704 526.968
2707 538.968
2706 534.968
2709 546.968
2708 542.968
2711 554.968
2710 550.968
2699 506.968
2701 514.968
2700 510.968
2703 522.968
2702 518.968
2693 463.968
2781 459.968
2869 455.968
2868 451.968
2745 284
2747 343.968
2835 339.968
2936 335.968
2746 286
2833 280
2751 343.968
2839 339.968
2737 274
2739 272
2827 268
2743 276
2733 281
2819 276
2777 443.968
2776 439.968
2778 447.968
2780 455.968
2770 415.968
2775 435.968
2763 387.968
2765 395.968
2764 391.968
2766 399.968
2793 542.968
2792 538.968
2795 550.968
2794 546.968
2797 558.968
2796 554.968
2799 566.968
2798 562.968
2785 510.968
2784 506.968
2787 518.968
2786 514.968
2789 526.968
2788 522.968
2791 534.968
2790 530.968
2873 511.968
2872 509.968
2972 505.968
3066 501.968
2875 519.968
2874 515.968
2877 527.968
2876 523.968
2879 535.968
2878 531.968
2861 423.968
2860 419.968
2862 427.968
2909 283
2910 279
2911 275
3014 268
2888 571.968
2881 543.968
2880 539.968
2883 551.968
2882 547.968
2885 559.968
2884 555.968
2887 567.968
2886 563.968
2928 268
3030 264
3122 260
2930 276
2929 272
3031 268
3123 264
2933 341.968
3037 337.968
3128 333.968
3221 328.968
3222 324.968
3317 320.968
3408 316.968
2932 345.968
3036 341.968
2935 336.968
3039 332.968
3130 328.968
2921 264
3023 260
3116 256
3210 252
3306 248
2923 264
2922 264
3024 260
3117 256
3211 252
2924 264
3026 260
2912 272
2973 509.968
3067 505.968
2975 517.968
3069 513.968
3068 509.968
2974 513.968
2985 557.968
2984 553.968
2983 549.968
3077 545.968
3076 541.968
3075 537.968
3074 533.968
3073 529.968
3072 525.968
3071 521.968
3070 517.968
2987 565.968
2986 561.968
3080 557.968
3079 553.968
3078 549.968
2989 573.968
3083 569.968
3082 565.968
3081 561.968
2988 569.968
2977 525.968
2976 521.968
2979 533.968
2978 529.968
2981 541.968
2980 537.968
2982 545.968
3033 275
3124 268
3032 272
3035 345.968
3126 341.968
3219 336.968
3314 332.968
3315 328.968
3316 324.968
3034 349.968
3125 345.968
3218 340.968
3019 261
3112 257
3206 253
3302 249
3397 245
3018 262
3021 261
3114 257
3208 253
3303 249
3399 245
3485 241
3567 237
3651 233
3733 229
3020 261
3022 261
3115 257
3013 286
3012 290
3065 458.968
3064 454.968
3063 450.968
3062 446.968
3061 442.968
3060 438.968
3059 434.968
3058 430.968
3057 426.968
3056 422.968
3055 418.968
3054 414.968
3053 410.968
3052 406.968
3051 402.968
3050 398.968
3049 394.968
3048 390.968
3047 386.968
3084 573.968
3127 337.968
3220 332.968
3113 257
3207 253
3111 258
3161 506.968
3160 502.968
3163 514.968
3162 510.968
3165 522.968
3164 518.968
3167 530.968
3166 526.968
3152 442.968
3151 438.968
3155 454.968
3154 450.968
3156 458.968
3145 414.968
3144 410.968
3147 422.968
3146 418.968
3149 430.968
3148 426.968
3150 434.968
3141 398.968
3140 394.968
3139 390.968
3143 406.968
3142 402.968
3177 570.968
3176 566.968
3175 562.968
3174 558.968
3173 554.968
3172 550.968
3171 546.968
3170 542.968
3169 538.968
3168 534.968
3178 574.968
3231 399.968
3209 253
3305 249
3400 245
3486 241
3205 254
3257 516.968
3256 512.968
3255 508.968
3254 504.968
3253 500.968
3252 496.968
3251 492.968
3250 488.968
3259 524.968
3258 520.968
3261 532.968
3260 528.968
3263 540.968
3262 536.968
3241 439.968
3240 435.968
3245 455.968
3244 451.968
3153 446.968
3246 459.968
3233 407.968
3232 403.968
3239 431.968
3238 427.968
3272 576.968
3271 572.968
3270 568.968
3269 564.968
3268 560.968
3267 556.968
3266 552.968
3265 548.968
3264 544.968
3275 588.968
3274 584.968
3273 580.968
3304 249
3309 248
3299 255
3298 259
3353 525.968
3352 521.968
3351 517.968
3350 513.968
3349 509.968
3348 505.968
3347 501.968
3346 497.968
3345 493.968
3344 489.968
3343 485.968
3342 481.968
3341 477.968
3355 533.968
3354 529.968
3357 541.968
3356 537.968
3359 549.968
3358 545.968
3361 557.968
3360 553.968
3363 565.968
3362 561.968
3365 573.968
3364 569.968
3417 442.968
3416 438.968
3419 450.968
3418 446.968
3421 458.968
3420 454.968
3422 462.968
3401 248
3393 255
3477 263.167
3478 260.615
3513 487.968
3512 483.968
3515 495.968
3514 491.968
3517 503.968
3516 499.968
3519 511.968
3518 507.968
3505 455.968
3504 451.968
3507 463.968
3506 459.968
3509 471.968
3508 467.968
3510 475.968
3503 447.968
3502 443.968
3492 240
3572 236
3657 232
3739 228
3825 224
3529 551.968
3528 547.968
3531 559.968
3530 555.968
3532 563.968
3535 575.968
3534 571.968
3521 519.968
3520 515.968
3523 527.968
3522 523.968
3525 535.968
3524 531.968
3527 543.968
3526 539.968
3579 260.025
3581 260.025
3609 531.968
3608 527.968
3607 523.968
3606 519.968
3605 515.968
3604 511.968
3603 507.968
3611 539.968
3610 535.968
3613 547.968
3612 543.968
3615 555.968
3614 551.968
3601 499.968
3600 495.968
3602 503.968
3593 467.968
3592 463.968
3595 475.968
3594 471.968
3597 483.968
3511 479.968
3596 479.968
3599 491.968
3598 487.968
3589 451.968
3588 447.968
3591 459.968
3590 455.968
3624 591.968
3538 587.968
3617 563.968
3616 559.968
3618 567.968
3620 575.968
3673 455.968
3672 451.968
3675 463.968
3674 459.968
3677 471.968
3676 467.968
3679 479.968
3678 475.968
3705 583.968
3621 579.968
3704 579.968
3707 591.968
3623 587.968
3537 583.968
3697 551.968
3696 547.968
3699 559.968
3698 555.968
3701 567.968
3700 563.968
3702 571.968
3689 519.968
3688 515.968
3687 511.968
3691 527.968
3690 523.968
3693 535.968
3692 531.968
3695 543.968
3694 539.968
3681 487.968
3680 483.968
3683 495.968
3682 491.968
3685 503.968
3684 499.968
3686 507.968
3741 228
3827 224
3915 220
4003 216
4092 212
4182 208
4274 204
4364 200
3742 229.131
3730 234
3818 230
3905 226
3906 222
3995 218
4085 213
3734 233
3769 492.968
3768 488.968
3771 500.968
3770 496.968
3773 508.968
3772 504.968
3775 516.968
3774 512.968
3761 460.968
3760 456.968
3763 468.968
3762 464.968
3765 476.968
3764 472.968
3767 484.968
3766 480.968
3753 304.968
3842 300.968
3931 296.968
4019 292.968
4108 288.968
4199 284.968
4291 280.968
4471 270.968
3752 301.968
3841 297.968
3930 293.968
4018 289.968
4107 285.968
4198 281.968
4290 277.968
3746 252
3748 248
3836 244
3926 240
3751 301.968
3793 588.968
3792 584.968
3795 596.968
3796 600.968
3708 595.968
3785 556.968
3784 552.968
3787 564.968
3786 560.968
3789 572.968
3788 568.968
3790 576.968
3777 524.968
3776 520.968
3779 532.968
3778 528.968
3781 540.968
3780 536.968
3783 548.968
3782 544.968
3833 230
3921 226
3920 222
4008 218
3834 234
3922 230
3837 244
3826 224
3828 228
3819 230
3821 224
3909 220
3865 528.968
3864 524.968
3867 536.968
3866 532.968
3869 544.968
3868 540.968
3871 552.968
3870 548.968
3857 496.968
3856 492.968
3855 488.968
3859 504.968
3858 500.968
3861 512.968
3860 508.968
3863 520.968
3862 516.968
3849 464.968
3848 460.968
3851 472.968
3850 468.968
3853 480.968
3852 476.968
3854 484.968
3840 297.968
3889 624.968
3888 620.968
3800 616.968
3712 611.968
3711 607.968
3627 603.968
3626 599.968
3625 595.968
3883 600.968
3882 596.968
3885 608.968
3884 604.968
3887 616.968
3799 612.968
3886 612.968
3798 608.968
3710 603.968
3873 560.968
3872 556.968
3875 568.968
3874 564.968
3877 576.968
3876 572.968
3878 580.968
3929 293.968
4017 289.968
4106 285.968
3932 462.355
3923 234
3924 241
4013 237
3914 220
3916 220
4005 216
4094 212
4183 208
4276 204
4366 200
4454 196
4541 192
4626 188
4708 184
4796 180
4881 176
4965 172
5048 168
3904 230
3961 560.968
3960 556.968
3963 568.968
3962 564.968
3965 576.968
3964 572.968
3967 584.968
3966 580.968
3953 528.968
3952 524.968
3951 520.968
3950 516.968
3949 512.968
3948 508.968
3947 504.968
3946 500.968
3945 496.968
3955 536.968
3954 532.968
3957 544.968
3956 540.968
3959 552.968
3958 548.968
3944 492.968
3943 488.968
3992 230
4082 225
4083 221
3977 624.968
3976 620.968
3979 632.968
3978 628.968
3969 592.968
3968 588.968
3971 600.968
3973 608.968
3972 604.968
3975 616.968
3974 612.968
4024 462.968
3934 458.968
4031 484.968
4030 480.968
3940 476.968
3939 472.968
4023 462.968
3933 458.968
4011 230
4010 226
4009 222
4001 216
4090 212
4000 216
4089 212
4178 208
4271 204
4361 200
4449 196
4537 192
4623 188
4705 184
4793 180
4879 176
4963 172
4004 216
4093 212
4006 216
4095 212
4057 588.968
4056 584.968
4059 596.968
4058 592.968
4063 612.968
4049 556.968
4048 552.968
4047 548.968
4046 544.968
4051 564.968
4050 560.968
4053 572.968
4052 568.968
4055 580.968
4054 576.968
4041 524.968
4040 520.968
4043 532.968
4042 528.968
4045 540.968
4044 536.968
4033 492.968
4032 488.968
3942 484.968
3941 480.968
4034 496.968
4037 508.968
4039 516.968
4038 512.968
4065 620.968
4064 616.968
4067 628.968
4066 624.968
4069 636.968
4068 632.968
4071 644.968
3981 640.968
3892 636.968
3804 632.968
3716 627.968
3715 623.968
3714 619.968
3713 615.968
3629 611.968
3543 607.968
4070 640.968
3980 636.968
3891 632.968
3803 628.968
4121 489.968
4123 497.968
4122 493.968
4112 466.968
4104 283.968
4111 466.968
4022 462.968
4097 216
4187 212
4186 208
4278 204
4368 200
4456 196
4101 236
4153 617.968
4155 625.968
4154 621.968
4157 633.968
4156 629.968
4159 641.968
4158 637.968
4145 585.968
4144 581.968
4149 601.968
4148 597.968
4151 609.968
4150 605.968
4137 553.968
4136 549.968
4139 561.968
4138 557.968
4141 569.968
4140 565.968
4143 577.968
4142 573.968
4131 529.968
4130 525.968
4133 537.968
4132 533.968
4135 545.968
4134 541.968
4184 208
4189 220
4282 216
4372 212
4460 208
4548 204
4188 216
4280 212
4370 208
4458 204
4545 200
4544 196
4629 192
4711 188
4190 220
4177 208
4270 204
4360 200
4161 649.968
4160 645.968
4162 653.968
4072 648.968
4216 501.968
4215 497.968
4214 493.968
4213 489.968
4212 485.968
4211 481.968
4118 477.968
4028 472.968
4027 468.968
4203 470.968
4249 633.968
4248 629.968
4251 641.968
4250 637.968
4253 649.968
4252 645.968
4255 657.968
4254 653.968
4241 601.968
4243 609.968
4242 605.968
4244 613.968
4247 625.968
4246 621.968
4233 569.968
4232 565.968
4235 577.968
4234 573.968
4237 585.968
4236 581.968
4224 533.968
4227 545.968
4226 541.968
4229 553.968
4228 549.968
4231 561.968
4230 557.968
4281 216
4371 212
4283 216
4373 212
4461 208
4287 228
4377 224
4272 204
4362 200
4451 196
4275 204
4365 200
4453 196
4279 208
4369 204
4457 200
4265 225
4264 229
4266 221
4256 661.968
4263 233
4262 685.968
4261 681.968
4168 677.968
4078 672.968
4077 668.968
3987 664.968
3986 660.968
3897 656.968
3809 652.968
3721 647.968
3637 643.968
3551 639.968
4317 541.968
4225 537.968
4316 537.968
4319 549.968
4318 545.968
4305 493.968
4304 489.968
4295 474.968
4294 474.968
4345 653.968
4344 649.968
4347 661.968
4346 657.968
4348 665.968
4336 617.968
4339 629.968
4338 625.968
4341 637.968
4340 633.968
4343 645.968
4342 641.968
4329 589.968
4328 585.968
4327 581.968
4333 605.968
4335 613.968
4334 609.968
4320 553.968
4323 565.968
4325 573.968
4324 569.968
4326 577.968
4355 231
4354 235
4357 208
4409 546.968
4408 542.968
4411 554.968
4410 550.968
4413 562.968
4321 557.968
4412 558.968
4415 570.968
4414 566.968
4322 561.968
4395 490.968
4303 485.968
4394 486.968
4302 481.968
4387 478.968
4296 474.968
4205 470.968
4388 478.968
4297 474.968
4441 674.968
4349 669.968
4257 665.968
4164 661.968
4074 656.968
4073 652.968
4440 670.968
4442 678.968
4350 673.968
4445 235
4444 686.968
4352 681.968
4351 677.968
4259 673.968
4166 669.968
4076 664.968
4447 208
4433 642.968
4432 638.968
4435 650.968
4434 646.968
4437 658.968
4436 654.968
4438 662.968
4431 634.968
4430 630.968
4417 578.968
4416 574.968
4419 586.968
4418 582.968
4421 594.968
4420 590.968
4465 220
4552 216
4551 212
4636 208
4718 204
4717 200
4804 196
4464 216
4459 208
4463 212
4550 208
4450 196
4505 578.968
4504 574.968
4507 586.968
4506 582.968
4508 590.968
4497 546.968
4499 554.968
4498 550.968
4501 562.968
4500 558.968
4503 570.968
4502 566.968
4488 510.968
4487 506.968
4486 502.968
4485 498.968
4484 494.968
4538 192
4540 192
4529 674.968
4528 670.968
4527 666.968
4531 682.968
4530 678.968
4533 239
4532 686.968
4443 682.968
4534 243
4521 642.968
4523 650.968
4522 646.968
4525 658.968
4524 654.968
4526 662.968
4571 498.968
4573 506.968
4572 502.968
4575 514.968
4574 510.968
4553 220
4554 224
4639 220
4721 216
4720 212
4719 208
4806 204
4891 200
4975 196
5058 192
5139 188
5218 184
5305 180
5396 176
5486 172
5571 168
5570 164
5569 160
4546 204
4593 586.968
4592 582.968
4591 578.968
4590 574.968
4589 570.968
4595 594.968
4594 590.968
4596 598.968
4587 562.968
4576 518.968
4489 514.968
4400 510.968
4308 505.968
4633 200
4715 196
4802 192
4632 200
4714 196
4635 204
4638 216
4624 188
4706 184
4617 682.968
4616 678.968
4619 243
4618 686.968
4621 189
4609 650.968
4608 646.968
4611 658.968
4610 654.968
4613 666.968
4612 662.968
4615 674.968
4614 670.968
4659 510.968
4660 514.968
4642 232
4724 228
4723 224
4810 220
4809 216
4808 212
4893 208
4977 204
4976 200
4697 662.968
4696 658.968
4699 670.968
4698 666.968
4701 678.968
4700 674.968
4702 682.968
4681 598.968
4680 594.968
4679 590.968
4678 586.968
4683 606.968
4597 602.968
4682 602.968
4684 610.968
4674 570.968
4673 566.968
4677 582.968
4676 578.968
4730 254
4722 220
4725 231
4812 227
4713 196
4801 192
4887 188
4971 184
5054 180
5135 176
5214 172
5301 168
4763 575.968
4765 583.968
4767 591.968
4766 587.968
4746 507.968
4749 519.968
4748 515.968
4750 523.968
4661 518.968
4795 180
4785 663.968
4787 671.968
4786 667.968
4789 679.968
4788 675.968
4791 687.968
4790 683.968
4769 599.968
4768 595.968
4771 607.968
4772 611.968
4817 247
4902 243
4901 239
4900 235
4816 243
4815 239
4818 251
4811 224
4800 192
4885 188
4969 184
5052 180
5133 176
5212 172
5299 168
5390 164
5480 160
5565 156
5641 152
5640 148
5719 144
5794 140
5793 136
4807 208
4860 619.968
4773 615.968
4863 631.968
4862 627.968
4861 623.968
4853 591.968
4852 587.968
4855 599.968
4854 595.968
4843 551.968
4842 547.968
4755 543.968
4666 538.968
4665 534.968
4664 530.968
4663 526.968
4662 522.968
4835 519.968
4839 535.968
4752 531.968
4889 192
4892 204
4895 216
4979 212
4978 208
4894 212
4883 180
4967 176
4873 671.968
4872 667.968
4875 679.968
4874 675.968
4877 687.968
4876 683.968
4878 176
4865 639.968
4778 635.968
4689 630.968
4603 626.968
4602 622.968
4601 618.968
4600 614.968
4513 610.968
4424 606.968
4332 601.968
4240 597.968
4147 593.968
4864 635.968
4918 515.968
4833 511.968
4896 220
4980 216
4903 247
4957 671.968
4959 679.968
4958 675.968
4945 623.968
4947 631.968
4946 627.968
4949 639.968
4948 635.968
4950 643.968
4937 591.968
4936 587.968
4851 583.968
4764 579.968
4675 574.968
4939 599.968
4938 595.968
4940 603.968
4942 611.968
4941 607.968
4856 603.968
4985 235
5068 231
5149 227
5148 223
5147 219
5226 215
5313 211
5312 207
4984 231
4983 227
4982 223
4986 239
4968 180
4973 188
4974 192
4961 687.968
4960 683.968
5020 592.968
5022 600.968
5011 556.968
4927 551.968
5015 572.968
4931 567.968
4846 563.968
4759 559.968
4670 554.968
4584 550.968
5051 176
5132 172
5211 168
5210 164
5297 160
5388 156
5478 152
5050 172
5053 180
5134 176
5213 172
5300 168
5391 164
5482 160
5567 156
5643 152
5722 148
5797 144
5871 140
5945 136
6024 132
6104 128
6181 124
6255 120
6332 116
5041 676.968
5040 672.968
4956 667.968
5043 684.968
5042 680.968
5045 168
5044 688.968
5033 644.968
5032 640.968
5027 620.968
4943 615.968
4858 611.968
4857 607.968
5026 616.968
5031 636.968
5030 632.968
5065 219
5146 215
5225 211
5057 188
5056 184
5137 180
5216 176
5303 172
5394 168
5484 164
5059 196
5140 192
5219 188
5061 204
5060 200
5141 196
5063 212
5062 208
5113 640.968
5112 636.968
5101 592.968
5100 588.968
5099 584.968
5098 580.968
5097 576.968
5096 572.968
5014 568.968
4930 563.968
4929 559.968
4844 555.968
4757 551.968
4668 546.968
4582 542.968
4495 538.968
4406 534.968
4314 529.968
4313 525.968
4312 521.968
4220 517.968
4127 513.968
5102 596.968
5093 560.968
5094 564.968
5144 208
5223 204
5222 200
5221 196
5220 192
5138 184
5217 180
5143 204
5142 200
5129 164
5208 160
5131 168
5125 688.968
5124 684.968
5126 692.968
5176 576.968
5175 572.968
5095 568.968
5013 564.968
5205 692.968
5204 688.968
5193 644.968
5192 640.968
5191 636.968
5190 632.968
5189 628.968
5188 624.968
5187 620.968
5107 616.968
5025 612.968
5194 648.968
5114 644.968
5275 645.968
5274 641.968
5276 649.968
5304 176
5307 188
5398 184
5488 180
5487 176
5306 184
5309 196
5308 192
5310 200
5294 156
5287 693.968
5361 641.968
5273 637.968
5401 196
5400 192
5399 188
5392 164
5395 172
5397 180
5380 152
5471 148
5556 144
5633 140
5712 136
5787 132
5861 128
5936 124
5382 152
5465 693.968
5373 689.968
5285 685.968
5202 680.968
5489 184
5491 192
5576 188
5575 184
5574 180
5573 176
5649 172
5728 168
5727 164
5726 160
5725 156
5800 152
5799 148
5873 144
5490 188
5493 199
5485 168
5566 156
5642 152
5721 148
5796 144
5554 144
5630 140
5710 136
5785 132
5860 128
5935 124
6015 120
6095 116
6172 112
6246 108
6323 104
6401 100
6484 96
6567 92
6646 88
6724 84
6800 80
6871 76
5585 220.893
5661 216.893
5740 212.893
5815 208.893
5889 204.893
5962 200.893
6042 196.893
6122 192.893
6199 188.893
6273 184.893
6350 180.893
6428 176.893
5572 172
5626 694.968
5549 689.968
5548 685.968
5547 681.968
5546 677.968
5545 673.968
5459 669.968
5458 665.968
5457 661.968
5365 657.968
5277 653.968
5657 203
5736 199
5735 195
5810 191
5809 187
5883 183
5956 179
6036 175
6035 171
5656 199
5659 211
5658 207
5660 213.893
5739 209.893
5814 205.893
5888 201.893
5961 197.893
6041 193.893
6121 189.893
6198 185.893
6272 181.893
6349 177.893
6427 173.893
6509 169.893
5662 220.893
5741 216.893
5816 212.893
5890 208.893
5963 204.893
6043 200.893
6123 196.893
6200 192.893
5648 168
5647 164
5646 160
5651 180
5730 176
5805 172
5804 168
5803 164
5877 160
5950 156
6030 152
6110 148
6187 144
6186 140
6260 136
6337 132
6415 128
6414 124
6496 120
6578 116
6657 112
6735 108
6810 104
6881 100
6880 96
6950 92
7024 88
7095 84
7165 80
7231 76
7230 72
5650 176
5652 184
5655 195
5645 156
5695 654.968
5615 650.968
5538 645.968
5537 641.968
5451 637.968
5450 633.968
5449 629.968
5357 625.968
5269 621.968
5186 616.968
5185 612.968
5184 608.968
5183 604.968
5182 600.968
5181 596.968
5180 592.968
5179 588.968
5724 152
5737 203
5812 199
5886 195
5959 191
5958 187
5957 183
5738 207
5813 203
5729 172
5734 191
5789 132
5808 183
5811 195
5801 156
5802 160
5876 156
5949 152
6029 148
6109 144
5806 176
5880 172
5953 168
6033 164
6113 160
6190 156
6264 152
6341 148
6419 144
6501 140
6583 136
6582 132
6661 128
6660 124
6738 120
6813 116
6884 112
6883 108
6882 104
5882 179
5885 191
5884 187
5887 199
5960 195
5875 156
5874 152
5879 168
5952 164
5951 160
5878 164
5862 128
5955 175
6001 201.956
6082 196.956
6158 192.956
6233 188.956
6308 183.956
6309 179.956
6310 175.956
6311 171.956
6312 167.956
6000 699.968
5999 695.968
5998 691.968
5925 687.968
5924 683.968
5923 679.968
5849 675.968
5774 670.968
5773 666.968
5772 662.968
5771 658.968
6003 193.956
6084 188.956
6085 184.956
6161 180.956
6002 197.956
6083 192.956
6004 189.956
6040 191
6120 187
6197 183
6196 179
6195 175
6269 171
6268 167
6345 163
6344 159
6422 155
6504 151
6586 147
6585 143
6032 160
6031 156
6111 152
6188 148
6037 179
6039 187
6119 183
6038 183
6118 179
6027 140
6107 136
6184 132
6258 128
6335 124
6081 200.956
6157 196.956
6232 192.956
6307 187.956
6112 156
6189 152
6263 148
6340 144
6418 140
6500 136
6115 167
6117 175
6116 171
6160 184.956
6155 700.968
6079 695.968
6156 200.956
6231 196.956
6306 191.956
6159 188.956
6193 167
6192 163
6266 159
6194 171
6235 180.956
6234 184.956
6237 172.956
6236 176.956
6230 700.968
6229 696.968
6153 692.968
6077 687.968
5996 683.968
6267 163
6271 179
6270 175
6261 140
6338 136
6262 144
6339 140
6417 136
6499 132
6581 128
6241 108
6247 108
6324 104
6402 100
6305 195.956
6347 171
6425 167
6424 163
6506 159
6588 155
6587 151
6346 167
6348 175
6351 184.893
6343 155
6393 148.956
6394 144.956
6392 152.956
6385 180.956
6386 176.956
6387 172.956
6388 168.956
6389 164.956
6390 160.956
6391 156.956
6384 184.956
6381 196.956
6382 192.956
6383 188.956
6380 701.968
6303 696.968
6302 692.968
6301 688.968
6300 684.968
6225 680.968
6149 676.968
6073 671.968
5992 667.968
5991 663.968
5990 659.968
5917 655.968
5843 651.968
5768 646.968
5767 642.968
5691 638.968
5690 634.968
5610 630.968
5533 625.968
5532 621.968
5531 617.968
5530 613.968
5444 609.968
5352 605.968
5351 601.968
5263 597.968
6426 171
6416 132
6421 151
6423 159
6505 155
6409 112
6492 108
6412 116
6494 112
6576 108
6459 193.956
6540 189.956
6620 184.956
6698 180.956
6774 176.956
6847 171.956
6919 167.956
6920 163.956
6921 159.956
6922 155.956
6923 151.956
6999 147.956
7070 142.956
7139 138.956
7140 134.956
7205 130.956
7272 126.956
7340 121.956
7341 117.956
7410 113.956
7411 109.956
7412 105.956
7413 101.956
7414 97.956
6458 197.956
6539 193.956
6619 188.956
6697 184.956
6461 185.956
6542 181.956
6622 176.956
6623 172.956
6701 168.956
6702 164.956
6703 160.956
6779 156.956
6852 151.956
6853 147.956
6854 143.956
6926 139.956
7002 135.956
7073 130.956
7142 126.956
7207 122.956
7274 118.956
7342 113.956
6460 189.956
6541 185.956
6621 180.956
6463 177.956
6464 173.956
6545 169.956
6625 164.956
6462 181.956
6483 96
6473 137.956
6554 133.956
6634 128.956
6472 141.956
6553 137.956
6633 132.956
6477 124.956
6558 120.956
6638 115.956
6716 111.956
6792 107.956
6865 102.956
6937 98.956
7013 94.956
6476 125.956
6557 121.956
6637 116.956
6478 123.956
6559 119.956
6639 114.956
6717 110.956
6793 106.956
6866 101.956
6938 97.956
6465 169.956
6546 165.956
6626 160.956
6627 156.956
6705 152.956
6781 148.956
6467 161.956
6548 157.956
6628 152.956
6629 148.956
6707 144.956
6783 140.956
6856 135.956
6928 131.956
6929 127.956
7005 123.956
7076 118.956
7077 114.956
7078 110.956
7147 106.956
7212 102.956
7213 98.956
7214 94.956
7215 90.956
7216 86.956
7283 82.956
7351 77.956
6466 165.956
6547 161.956
6469 153.956
6550 149.956
6630 144.956
6631 140.956
6709 136.956
6710 132.956
6786 128.956
6859 123.956
6931 119.956
6932 115.956
7008 111.956
7079 106.956
7080 102.956
7081 98.956
7082 94.956
6468 157.956
6549 153.956
6471 145.956
6552 141.956
6632 136.956
6470 149.956
6551 145.956
6507 163
6508 167
6497 124
6579 120
6658 116
6498 128
6580 124
6659 120
6544 173.956
6624 168.956
6543 177.956
6589 159
6590 163
6560 118.956
6640 113.956
6718 109.956
6566 92
6645 88
6618 192.956
6696 188.956
6772 184.956
6845 179.956
6846 175.956
6651 100
6650 96
6728 92
6803 88
6874 84
6873 80
6665 143
6743 139
6818 135
6889 131
6664 139
6667 151
6745 147
6820 143
6666 147
6744 143
6819 139
6662 132
6704 156.956
6706 148.956
6782 144.956
6855 139.956
6708 140.956
6711 128.956
6787 124.956
6860 119.956
6699 176.956
6775 172.956
6848 167.956
6700 172.956
6695 192.956
6771 188.956
6844 183.956
6746 151
6737 116
6812 112
6736 112
6739 124
6740 128
6815 124
6886 120
6885 116
6955 112
7029 108
7100 104
7170 100
7236 96
7302 92
7371 88
7370 84
7369 80
7368 76
7436 72
7502 68
7573 64
7572 60
7571 56
7644 52
7716 48
7715 44
7788 40
7861 36
7860 32
7933 28
8003 24
8065 20
6742 135
6733 100
6808 96
6879 92
6949 88
7023 84
7094 80
6777 164.956
6850 159.956
6851 155.956
6776 168.956
6849 163.956
6778 160.956
6780 152.956
6770 706.968
6694 702.968
6616 697.968
6536 693.968
6535 689.968
6534 685.968
6452 681.968
6374 677.968
6297 672.968
6222 668.968
6221 664.968
6145 660.968
6069 655.968
6068 651.968
5987 647.968
5914 643.968
5840 639.968
5765 634.968
5689 630.968
5609 626.968
6773 180.956
6809 100
6811 108
6814 120
6798 80
6869 76
6940 72
6785 132.956
6858 127.956
6930 123.956
6784 136.956
6857 131.956
6789 116.956
6862 111.956
6934 107.956
7010 103.956
6788 120.956
6861 115.956
6933 111.956
6790 112.956
6863 107.956
6843 187.956
6817 131
6910 246.956
6888 127
6890 135
6893 147
6935 103.956
7011 99.956
6925 143.956
7001 139.956
7072 134.956
7141 130.956
7206 126.956
6924 147.956
7000 143.956
7071 138.956
6927 135.956
6915 183.956
6991 179.956
7062 174.956
7131 170.956
7196 166.956
7197 162.956
7198 158.956
7199 154.956
7266 150.956
7334 145.956
7403 141.956
6914 187.956
6917 175.956
6993 171.956
7064 166.956
7065 162.956
7066 158.956
7067 154.956
7136 150.956
7137 146.956
7202 142.956
7269 138.956
7337 133.956
7338 129.956
7407 125.956
6916 179.956
6992 175.956
7063 170.956
6918 171.956
6953 104
7027 100
7098 96
7097 92
7096 88
6952 100
7026 96
6954 108
7028 104
7099 100
6956 116
6951 96
7004 127.956
7075 122.956
7007 115.956
7006 119.956
6995 163.956
6994 167.956
6997 155.956
7068 150.956
6996 159.956
6998 151.956
7069 146.956
7138 142.956
6985 211.956
7054 206.956
7055 202.956
7124 198.956
7125 194.956
7190 190.956
7191 186.956
7258 182.956
7326 177.956
7327 173.956
7328 169.956
7329 165.956
7398 161.956
7399 157.956
6984 215.956
7053 210.956
6987 203.956
7056 198.956
7057 194.956
7058 190.956
7059 186.956
7060 182.956
7129 178.956
7194 174.956
7195 170.956
7262 166.956
7330 161.956
6986 207.956
6989 187.956
6988 199.956
6990 183.956
7061 178.956
7130 174.956
6977 243.956
7046 238.956
7047 234.956
7048 230.956
7049 226.956
7118 222.956
7183 218.956
7184 214.956
6976 247.956
7045 242.956
7114 238.956
7179 234.956
7180 230.956
7247 226.956
7315 221.956
7316 217.956
7317 213.956
7318 209.956
7387 205.956
7453 201.956
7454 197.956
7455 193.956
7456 189.956
6979 235.956
6978 239.956
6981 227.956
7050 222.956
6980 231.956
6983 219.956
7052 214.956
7121 210.956
7122 206.956
7187 202.956
7254 198.956
7322 193.956
7323 189.956
7392 185.956
7033 123
7104 119
7103 115
7032 119
7034 127
7105 123
7025 92
7030 112
7101 108
7171 104
7237 100
7303 96
7372 92
7440 88
7506 84
7577 80
7650 76
7722 72
7795 68
7794 64
7867 60
7866 56
7939 52
8009 48
8008 44
8007 40
8069 36
8068 32
8067 28
8066 24
7016 68
7086 64
7155 60
7221 56
7287 52
7356 48
7018 68
7088 64
7009 107.956
7044 246.956
7113 242.956
7178 238.956
7090 64
7085 64
7074 126.956
7128 182.956
7193 178.956
7133 162.956
7132 166.956
7135 154.956
7200 150.956
7267 146.956
7335 141.956
7404 137.956
7134 158.956
7123 202.956
7127 186.956
7126 190.956
7112 246.956
7115 234.956
7117 226.956
7182 222.956
7116 230.956
7181 226.956
7119 218.956
7162 64
7227 60
7164 76
7167 88
7166 84
7156 60
7159 60
7145 114.956
7210 110.956
7277 106.956
7345 101.956
7144 118.956
7209 114.956
7146 110.956
7211 106.956
7278 102.956
7346 97.956
7347 93.956
7348 89.956
7417 85.956
7418 81.956
7419 77.956
7420 73.956
7149 98.956
7148 102.956
7151 90.956
7150 94.956
7143 122.956
7192 182.956
7186 206.956
7189 194.956
7188 198.956
7255 194.956
7177 242.956
7176 123
7175 119
7241 115
7307 111
7376 107
7375 103
7443 99
7442 95
7169 96
7235 92
7234 88
7233 84
7232 80
7168 92
7173 111
7239 107
7174 115
7240 111
7220 56
7222 56
7288 52
7357 48
7426 44
7492 40
7563 36
7208 118.956
7275 114.956
7343 109.956
7201 146.956
7203 138.956
7270 134.956
7204 134.956
7257 186.956
7325 181.956
7256 190.956
7324 185.956
7259 178.956
7261 170.956
7260 174.956
7263 162.956
7331 157.956
7332 153.956
7333 149.956
7249 218.956
7248 222.956
7250 214.956
7243 242.956
7311 237.956
7380 233.956
7381 229.956
7447 225.956
7448 221.956
7449 217.956
7450 213.956
7451 209.956
7452 205.956
7242 119
7308 115
7245 234.956
7313 229.956
7382 225.956
7383 221.956
7384 217.956
7385 213.956
7244 238.956
7312 233.956
7289 52
7358 48
7291 52
7360 48
7428 44
7293 56
7295 64
7281 90.956
7349 85.956
7350 81.956
7280 94.956
7282 86.956
7273 122.956
7276 110.956
7344 105.956
7279 98.956
7265 154.956
7264 158.956
7268 142.956
7336 137.956
7405 133.956
7271 130.956
7339 125.956
7319 205.956
7388 201.956
7305 103
7306 107
7310 241.956
7379 237.956
7297 72
7366 68
7365 64
7364 60
7296 68
7299 80
7298 76
7367 72
7301 88
7300 84
7353 73
7555 61
7416 89.956
7423 44
7489 40
7560 36
7409 117.956
7408 121.956
7415 93.956
7401 149.956
7400 153.956
7402 145.956
7406 129.956
7395 173.956
7394 177.956
7397 165.956
7396 169.956
7433 60
7499 56
7570 52
7643 48
7432 56
7498 52
7569 48
7568 44
7641 40
7713 36
7786 32
7859 28
7858 24
7931 20
8001 16
8063 12
7435 68
7434 64
7437 76
7439 84
7438 80
7504 76
7575 72
7574 68
7425 44
7431 52
7497 48
7430 48
7496 44
7513 229
7514 225
7515 221
7516 217
7517 213
7518 209
7519 205
7520 201
7521 197
7522 193
7523 189
7524 185
7525 181
7526 177
7527 173
7528 169
7529 165
7530 161
7531 157
7532 153
7533 149
7534 145
7535 141
7536 137
7537 133
7538 129
7539 125
7540 121
7541 117
7542 113
7543 109
7544 105
7545 101
7546 97
7547 93
7548 89
7549 85
7550 81
7551 77
7552 73
7553 69
7554 65
7505 80
7509 95
7508 91
7501 64
7503 72
7490 40
7561 36
7494 40
7565 36
7579 87
7580 91
7653 87
7725 83
7724 79
7797 75
7582 238
7583 234
7584 230
7585 226
7586 222
7587 218
7660 214
7661 210
7662 206
7663 202
7664 198
7665 194
7666 190
7667 186
7668 182
7669 178
7670 174
7671 170
7672 166
7745 162
7819 157
7820 153
7821 149
7822 145
7823 141
7896 137
7897 133
7968 129
7969 125
8032 121
8092 116
8093 112
7567 40
7640 36
7712 32
7785 28
7609 130
7682 126
7683 122
7684 118
7685 114
7686 110
7687 106
7688 102
7761 98
7835 93
7908 89
7979 85
8042 81
7608 134
7681 130
7754 126
7828 121
7829 117
7830 113
7831 109
7832 105
7833 101
7834 97
7611 122
7610 126
7613 114
7612 118
7615 106
7616 102
7689 98
7690 94
7691 90
7764 86
7838 81
7911 77
7982 73
8045 69
7614 110
7603 154
7604 150
7605 146
7678 142
7679 138
7680 134
7607 138
7606 142
7592 198
7642 44
7645 56
7647 64
7646 60
7718 56
7791 52
7864 48
7863 44
7936 40
7935 36
8005 32
7634 32
7636 32
7638 32
7710 28
7783 24
7856 20
7625 66
7626 62
7627 58
7700 54
7773 50
7847 45
7848 41
7849 37
7850 33
7923 29
7994 25
8057 21
7624 70
7697 66
7770 62
7844 57
7845 53
7918 49
7989 45
8052 41
7629 50
7630 46
7703 42
7776 38
7628 54
7617 98
7619 90
7620 86
7621 82
7694 78
7695 74
7768 70
7842 65
7843 61
7618 94
7623 74
7696 70
7769 66
7622 78
7677 146
7750 142
7824 137
7825 133
7826 129
7827 125
7900 121
7971 117
7972 113
7973 109
7974 105
7975 101
8038 97
7648 68
7654 91
7707 28
7699 58
7698 62
7771 58
7701 50
7774 46
7702 46
7775 42
7693 82
7766 78
7840 73
7913 69
7984 65
7985 61
8048 57
7692 86
7765 82
7839 77
7720 64
7719 60
7792 56
7865 52
7714 40
7717 52
7772 54
7846 49
7760 102
7763 90
7837 85
7910 81
7981 77
7762 94
7836 89
7767 74
7841 69
7753 130
7752 134
7755 122
7757 114
7756 118
7759 106
7758 110
7751 138
7793 60
7787 36
7789 44
7790 48
7779 25
7778 30
7781 24
7854 20
7871 75.255
10012 73.408
7862 40
7899 125
7970 121
8033 117
7901 117
7903 109
7902 113
7928 16
7932 24
8002 20
7934 32
7921 37
7922 33
7993 29
7920 41
7924 25
7912 73
7915 61
7916 57
7917 53
7988 49
7914 65
7919 45
7905 101
7976 97
8039 93
7904 105
7907 93
7906 97
7977 93
7978 89
8041 85
7909 85
7980 81
7937 44
7938 48
7941 60
7992 33
7995 21
7996 17
8059 13
7999 12
7987 53
7986 57
8049 53
7991 37
8054 33
7990 41
7983 69
8013 68.128
8012 64.128
10113 60.457
8004 28
8006 36
8056 25
8058 17
8051 45
8050 49
8053 37
8055 29
8040 89
8043 77
8044 73
8047 61
8046 65
8035 109
8095 104
8037 101
8036 105
8074 58.01
10121 53.514
8133 52
8132 48
8189 44
8064 16
