 key  value
8122 8062
8062 7999
7999 7998
7998 7997
7997 7996
7996 7995
7995 7924
7924 7851
7851 7777
7777 7704
7704 7631
7631 7558
7558 7557
7557 7556
7556 9982
9982 7487
7487 7421
7421 7420
7420 7351
7351 7283
7283 7216
7216 7151
8125 8065
8065 8002
8002 8001
8001 7930
7930 7929
7929 7928
7928 7927
7927 7926
7926 7925
7925 7852
7852 7778
7778 7777
8124 8064
8064 8001
8127 8067
8067 8066
8066 8065
8126 8066
8113 8053
8053 7990
7990 7919
7919 7846
7846 7772
7772 7699
7699 7626
7626 7554
7554 7486
7486 7420
8112 8052
8052 7989
7989 7918
7918 7845
7845 7771
7771 7698
7698 7625
7625 7553
7553 7485
7485 7419
7419 7350
7350 7283
8115 8055
8055 7992
7992 7921
7921 7848
7848 7774
7774 7701
7701 7628
7628 7556
8114 8054
8054 8053
8117 8057
8057 7994
7994 7993
7993 7992
8116 8056
8056 7993
8119 8059
8059 7996
8118 8058
8058 7995
8105 8046
8046 7984
7984 7913
7913 7840
7840 7767
7767 7694
7694 7621
7621 7549
7549 7482
7482 7416
7416 7348
7348 7281
7281 7215
7215 7151
8104 8045
8045 7982
7982 7911
7911 7839
7839 7766
7766 7694
8107 8048
8048 7986
7986 7915
7915 7842
7842 7769
7769 7696
7696 7624
7624 7552
7552 7485
8106 8047
8047 7984
8109 8050
8050 7987
7987 7916
7916 7843
7843 7770
7770 7697
7697 7624
8108 8049
8049 7986
8111 8051
8051 7988
7988 7917
7917 7844
7844 7770
8110 8050
8097 8038
8038 8039
8039 8040
8040 7978
7978 7908
7908 7836
7836 7763
7763 7691
7691 7619
7619 7548
7548 7481
7481 7416
8096 8037
8037 7975
7975 7905
7905 7833
7833 7760
7760 7688
7688 7616
7616 7545
7545 7478
7478 7479
7479 7414
7414 7346
7346 7347
7347 7348
8099 8040
8098 8099
8101 8042
8042 7979
7979 7908
8100 8041
8041 7978
8103 8044
8044 7982
8102 8043
8043 7980
7980 7909
7909 7837
7837 7764
7764 7692
7692 7620
7620 7549
8155 8156
8156 8099
8157 8099
8159 8101
8158 8101
8136 8137
8137 8138
8138 8081
8081 8022
8022 8023
8023 8024
8024 8025
8025 8026
8026 7964
7964 7894
7894 7895
7895 7896
7896 7897
7897 7898
7898 7899
7899 7827
7827 7754
7754 7755
7755 7756
7756 7757
7757 7758
7758 7759
7759 7687
7687 7688
8128 8068
8068 8005
8005 7934
7934 7933
7933 7932
7932 7931
7931 7930
8185 8184
8184 8183
8183 8182
8182 8124
8177 8176
8176 8118
8179 8121
8121 8061
8061 8060
8060 7997
8178 8177
8181 8123
8123 8063
8063 8062
8180 8179
8169 8111
8168 8110
8171 8113
8170 8112
8173 8115
8172 8171
8175 8174
8174 8116
8161 8103
8160 8103
8163 8105
8162 8105
8165 8107
8164 8106
8167 8109
8166 8109
8217 8159
8216 8158
8219 8161
8218 8161
8221 8163
8220 8163
8223 8166
8222 8164
8215 8158
8214 8157
8241 8183
8240 8239
8239 8181
8242 8184
8233 8175
8232 8174
8235 8234
8234 8176
8237 8236
8236 8235
8238 8180
8225 8167
8224 8166
8227 8169
8226 8168
8229 8171
8228 8170
8231 8173
8230 8172
8281 8227
8280 8226
8283 8229
8282 8228
8285 8231
8284 8230
8287 8233
8286 8232
8273 8220
8272 8219
8275 8222
8274 8221
8277 8224
8276 8223
8279 8225
8278 8225
91 111
111 125
125 142
142 171
171 209
209 254
254 304
304 359
359 419
419 482
482 552
552 623
623 622
622 692
692 771
771 857
857 940
940 939
939 938
938 1012
1012 1081
1081 1153
1153 1235
1235 1318
1318 1404
1404 1498
1498 1685
1685 1779
1779 1866
1866 1950
1950 2040
2040 2132
2132 2222
2222 2309
2309 2397
2397 2483
2483 2567
2567 2654
2654 2742
2742 2830
2830 2927
2927 3029
3029 3121
3121 3215
3215 3310
3310 3405
3405 3490
3490 3571
3571 3656
3656 3738
3738 3824
3824 3913
3913 4001
4001 4090
4090 4179
4179 4271
4271 4361
4361 4450
4450 4538
4538 4623
4623 4705
4705 4792
4792 4962
4962 5046
5046 5128
5128 5207
5207 5295
5295 5386
5386 5476
5476 5561
5561 5637
5637 5716
5716 5791
5791 5866
5866 5940
5940 6019
6019 6099
6099 6176
6176 6250
6250 6327
6327 6405
6405 6487
6487 6569
6569 6648
6648 6726
6726 6801
6801 6872
6872 6943
6943 7019
7019 7089
7089 7158
7158 7223
7223 7289
7289 7358
7358 7426
7426 7492
7492 7563
7563 7636
7636 7708
7708 7781
7781 7854
7854 7927
8269 8216
93 113
113 127
127 144
144 172
172 209
8268 8215
92 113
8271 8218
8270 8217
8319 8270
8318 8268
8298 8244
8244 8186
8186 8185
126 144
8289 8235
8288 8234
112 126
8291 8237
115 129
129 146
146 174
174 211
211 256
256 306
306 361
361 422
422 485
485 555
555 626
626 696
696 774
774 859
859 858
858 857
8290 8236
114 113
8293 8239
8292 8238
8294 8240
8344 8294
8349 8348
8348 8298
110 124
124 142
8337 8287
8336 8335
8335 8285
8339 8289
8338 8288
8341 8340
8340 8339
8343 8342
8342 8292
8329 8279
8328 8278
8331 8281
8330 8280
8333 8283
8332 8282
8334 8333
8321 8271
145 173
173 210
210 255
255 254
8320 8270
8323 8273
147 146
8322 8273
8325 8275
149 148
148 176
176 213
213 258
258 308
308 363
363 424
424 487
487 557
557 628
628 697
697 696
8324 8275
8327 8277
8326 8276
150 149
8377 8328
8376 8328
8379 8330
8378 8329
8381 8332
8380 8331
8383 8382
8382 8333
143 172
8369 8320
8368 8319
128 127
8371 8323
131 148
8370 8321
130 129
8373 8325
133 150
8372 8323
8375 8326
8374 8325
177 176
179 178
178 177
181 218
218 263
263 262
262 312
312 311
311 366
366 427
427 490
490 489
489 488
488 487
180 217
217 262
175 212
212 211
8393 8344
216 215
215 214
214 213
219 218
8385 8384
8384 8335
8387 8338
8386 8337
8389 8388
8388 8387
8391 8390
8390 8389
8441 8391
8440 8390
8433 8432
8432 8382
8435 8434
8434 8384
8437 8387
8436 8386
8439 8389
8438 8388
8425 8376
8424 8374
8427 8377
8426 8377
8429 8379
8428 8378
8431 8381
8430 8380
8419 8369
8418 8368
8421 8372
8420 8370
8423 8373
8422 8373
8473 8426
8472 8425
8475 8427
8474 8427
8477 8429
8476 8428
8479 8431
8478 8430
8467 8420
8466 8419
8469 8422
8468 8421
8471 8424
8470 8423
264 263
266 316
316 371
371 432
432 495
495 565
565 564
564 635
635 634
634 633
633 632
632 631
631 630
630 629
629 628
257 307
307 306
8499 8500
8500 8454
8454 8407
8407 8408
8408 8359
8359 8311
8311 8312
8312 8263
8263 8210
8210 8153
8153 8096
259 258
261 311
313 368
368 429
429 428
428 427
315 314
314 313
317 373
373 434
434 497
497 568
568 639
639 709
709 786
786 870
870 947
947 1018
1018 1087
1087 1159
1159 1242
1242 1325
1325 1415
1415 1414
1414 1605
1605 1604
1604 1700
1700 1793
1793 1792
1792 1791
1791 1790
1790 1876
1876 1875
1875 1874
1874 1873
1873 1872
1872 1956
1956 1955
1955 2044
2044 2135
2135 2312
2312 2399
2399 2398
2398 2484
2484 2568
2568 2655
2655 2654
319 375
375 436
436 499
499 570
570 641
641 710
710 786
318 373
8481 8433
305 304
8480 8432
8483 8435
8482 8434
8485 8437
309 364
364 425
425 488
8484 8436
8487 8439
8486 8438
310 365
365 426
426 489
299 355
355 415
415 476
476 544
544 615
615 686
686 766
766 852
852 936
936 1011
1011 1081
8529 8482
8528 8527
8527 8480
8531 8530
8530 8483
8533 8486
8532 8485
8521 8474
8520 8473
8523 8476
8522 8475
8525 8478
8524 8477
8526 8479
8515 8469
8514 8467
8517 8470
8516 8470
8519 8472
8518 8471
8569 8524
8568 8523
8571 8526
8570 8525
8573 8572
8572 8527
8575 8530
8574 8529
8561 8517
8560 8515
8563 8518
8562 8517
8565 8520
8564 8519
8567 8522
8566 8521
369 368
370 431
431 494
494 564
372 433
433 497
374 435
435 499
360 359
362 423
423 422
8605 8562
8604 8561
8607 8564
367 366
8606 8563
353 413
413 475
475 544
8589 8546
8546 8502
8502 8456
8456 8409
8409 8360
8360 8312
8588 8545
8545 8546
412 474
474 543
543 614
614 685
685 765
765 851
851 936
8590 8547
8547 8548
8548 8549
8549 8505
8505 8459
8459 8412
8412 8363
8363 8315
8315 8266
8266 8213
8213 8156
414 476
8576 8575
8632 8633
8633 8592
8592 8549
8631 8590
8630 8589
8617 8573
8616 8572
8619 8575
8618 8574
8609 8566
8608 8565
8611 8567
8610 8566
8613 8569
8612 8568
8615 8571
8614 8570
8671 8672
8672 8633
8670 8671
8657 8615
8656 8614
416 478
478 547
547 618
618 688
688 767
767 853
853 937
937 1011
8659 8658
8658 8616
8661 8660
8660 8618
421 484
484 554
554 625
625 695
695 774
420 483
483 482
8649 8607
473 542
542 614
8648 8607
8651 8609
8650 8608
8653 8611
477 545
545 616
616 686
8652 8610
8655 8613
8654 8612
469 538
538 609
609 680
680 760
760 847
847 932
932 1008
1008 1078
1078 1150
1150 1316
1316 1496
1496 1590
1590 1683
1683 1864
1864 2129
2129 2220
2220 2307
2307 2396
2396 2482
2482 2566
2566 2654
8647 8605
471 539
539 610
610 680
8646 8604
8697 8657
8696 8656
8699 8659
8698 8658
8701 8661
8700 8660
8689 8649
8691 8651
8690 8650
8693 8653
8692 8652
8695 8655
8694 8654
8686 8646
496 566
566 637
637 707
707 783
783 867
867 945
945 1016
1016 1085
1085 1157
1157 1241
1241 1325
498 569
569 640
640 709
8729 8690
8728 8689
8731 8692
491 490
8730 8691
8733 8694
8732 8693
492 491
8735 8696
8734 8695
8726 8687
8687 8648
486 485
537 609
541 612
612 682
682 762
762 849
849 933
933 1008
540 611
611 682
8711 8672
8710 8672
8763 8727
8727 8688
8688 8648
8765 8729
8764 8728
8767 8730
8766 8730
8747 8711
8746 8710
8748 8712
8712 8673
8673 8633
8737 8698
8736 8697
8739 8700
563 634
8738 8699
553 552
556 555
8787 8748
8786 8746
546 617
617 687
687 767
8788 8749
8749 8713
8713 8675
8675 8636
8636 8594
8594 8551
8551 8507
8507 8460
8460 8413
8413 8364
8364 8316
8316 8267
8267 8214
551 622
8776 8739
605 676
676 677
677 678
678 679
679 759
759 847
8780 8779
8779 8778
8778 8741
8741 8740
8740 8739
607 678
606 677
8769 8732
8768 8731
8771 8734
8770 8733
8773 8736
8772 8735
8775 8738
8774 8737
8827 8788
8816 8776
8809 8769
8808 8768
8811 8771
8810 8770
8813 8773
8812 8772
636 635
8815 8775
8814 8774
8801 8761
8761 8725
8725 8687
8800 8761
624 694
694 693
693 692
8803 8763
8805 8765
8804 8765
8807 8767
8806 8766
619 689
689 768
768 854
854 938
621 620
620 619
8849 8809
8848 8808
608 679
8851 8811
8850 8810
8853 8813
613 683
683 762
8852 8812
8854 8814
8841 8801
8843 8803
8842 8803
8845 8805
8844 8805
8847 8807
8846 8806
8890 8854
8881 8846
8880 8845
8883 8847
8882 8846
642 641
8885 8849
8884 8848
8887 8851
8886 8850
8877 8842
8879 8844
8878 8843
691 690
690 769
769 768
681 761
761 848
848 933
8920 8885
684 764
764 851
8913 8878
8912 8877
8915 8881
675 755
755 843
843 844
844 929
929 930
930 931
931 932
8914 8879
8917 8882
8916 8881
8919 8884
8918 8883
8911 8877
8910 8876
8876 8841
8953 8919
8952 8918
712 711
711 787
787 786
8945 8912
8944 8910
8947 8913
8946 8912
8949 8916
8948 8914
708 785
785 869
869 947
8951 8917
8950 8916
763 762
753 840
840 925
925 1003
1003 1073
1073 1142
1142 1223
1223 1306
1306 1393
1393 1487
1487 1584
1584 1677
1677 1773
1773 1862
1862 1946
1946 2035
2035 2127
2127 2218
2218 2305
2305 2392
2392 2478
2478 2734
2734 2820
2820 2913
2913 3015
3015 3108
3108 3203
3203 3300
3300 3395
3395 3482
3482 3564
3564 3649
3649 3732
3732 3820
3820 3907
3907 3996
3996 4086
4086 4176
4176 4269
4269 4359
4359 4448
4448 4536
4536 4622
4622 4704
4704 4792
754 841
841 926
926 1003
757 845
845 930
756 844
758 846
846 931
8985 8952
8984 8951
8977 8944
8976 8944
8979 8946
8978 8946
8981 8948
8980 8947
8983 8950
8982 8950
8975 8943
8943 8910
8974 8942
8942 8908
8908 8873
8873 8838
8838 8799
8799 8759
8759 8723
8723 8685
8685 8646
784 868
868 945
789 873
873 872
872 949
949 1020
1020 1019
1019 1088
1088 1087
788 872
790 874
874 873
9017 8985
9016 8984
9009 8978
9008 8977
9011 8980
9010 8979
770 769
9013 8982
9012 8981
9015 8983
9014 8983
9005 8974
9007 8976
8997 8966
8966 8934
8934 8901
8901 8867
8867 8832
8832 8793
8793 8754
8754 8718
8718 8679
8679 8639
8639 8597
8597 8554
8554 8510
8510 8463
8463 8416
8416 8366
8366 8318
8998 8967
8967 8934
9041 9011
9040 9009
9043 9013
9042 9011
9045 9014
9044 9013
9047 9016
9046 9015
856 940
9037 9007
9036 9005
9039 9009
9038 9007
850 934
934 933
9029 8999
8999 8968
8968 8936
8936 8903
8903 8869
8869 8834
8834 8795
8795 8756
8756 8720
8720 8682
8682 8642
8642 8600
8600 8557
8557 8513
8513 8466
9028 8997
855 854
842 926
9073 9044
9072 9044
9075 9046
835 920
920 921
921 922
922 923
923 924
924 925
9074 9045
837 838
838 923
836 921
839 924
9065 9036
9064 9036
9067 9038
9066 9038
9069 9040
9068 9040
9071 9043
9070 9042
9059 9031
9031 9001
9001 8970
8970 8937
8937 8903
9058 9030
9030 8999
9063 9034
9034 9004
9004 8973
8973 8940
8940 8906
8906 8871
8871 8836
8836 8796
8796 8756
9113 9087
9087 9059
875 952
952 1024
1024 1094
1094 1166
1166 1249
1249 1332
1332 1422
1422 1518
1518 1612
1612 1709
1709 1800
1800 1883
1883 1971
1971 2061
2061 2151
2151 2236
2236 2323
2323 2408
2408 2492
2492 2577
2577 2663
2663 2751
2751 2839
2839 2939
2939 3042
3042 3133
3133 3225
3225 3319
3319 3409
3409 3497
3497 3582
3582 3665
3665 3750
3750 3839
3839 3928
3928 4016
4016 4105
4105 4196
4196 4381
4381 4470
4470 4557
4557 4643
4643 9898
9898 4729
4729 4728
4728 4727
4727 4814
4814 4899
4899 4983
4983 4982
4982 4981
4981 4980
4980 4979
4979 4978
4978 4977
4977 4976
4976 4975
4975 4974
4974 4973
4973 4972
4972 5055
5055 5054
5054 5135
5135 5214
5214 5301
5301 5392
5392 5482
5482 5567
5567 5566
5566 5642
5642 5721
5721 5720
5720 5795
5795 5794
5794 5868
5868 5942
5942 5941
5941 5940
9117 9091
9091 9063
876 954
954 1026
1026 1096
1096 1168
1168 1252
1252 1335
1335 1425
1425 1522
1522 1616
1616 1713
1713 1803
1803 1885
1885 1973
1973 2063
2063 2152
2152 2237
2237 2324
2324 2409
2409 2493
2493 2578
2578 2664
2664 2752
2752 2840
2840 2940
2940 3043
3043 3133
9119 9093
9093 9065
9118 9092
9092 9063
9104 9075
871 948
948 1019
9097 9069
9096 9067
9099 9071
9098 9070
9101 9073
9100 9071
9103 9074
927 928
928 929
9102 9074
9095 9067
9094 9065
9145 9117
9144 9117
9147 9119
9146 9119
9149 9121
9121 9095
9148 9121
9151 9123
9123 9097
9150 9123
9141 9114
9114 9088
9088 9059
9143 9115
9115 9089
9089 9061
9061 9032
9032 9002
9002 8971
8971 8939
8939 8906
9128 9102
9130 9103
9133 9106
9106 9077
9077 9048
9048 9017
9120 9094
944 1016
9122 9096
946 1017
1017 1087
9125 9099
9124 9098
9127 9101
951 950
950 949
9126 9100
9177 9151
9176 9151
9179 9153
9153 9125
9178 9153
9181 9155
9155 9127
9180 9155
9182 9157
9157 9129
9129 9103
9169 9144
9171 9145
9170 9144
9173 9147
9172 9147
9175 9149
935 1010
1010 1234
1234 1317
1317 1498
9174 9149
9152 9125
9154 9127
9201 9177
9200 9176
9203 9179
9202 9178
9205 9181
9204 9180
9206 9182
9193 9169
9195 9171
9197 9173
1021 1020
9196 9172
9199 9175
9198 9174
1022 1021
1009 1008
1015 1085
1014 1156
1156 1240
1240 1324
1324 1415
9241 9219
9219 9196
1001 922
1000 1001
9243 9221
9221 9199
9242 9221
9245 9224
9224 9202
1005 1006
1006 930
9244 9222
9222 9199
1004 1003
9247 9226
9226 9203
1007 1008
9246 9224
9225 9203
9227 9205
9228 9205
9220 9197
9223 9200
1037 1104
1104 1180
1180 1179
1179 1262
1262 1348
1348 1438
1438 1437
1437 1436
1436 1435
1435 1531
1531 1624
1624 1721
1721 1720
1720 1719
1719 1809
1809 1891
1891 1890
1890 1978
1978 2068
2068 2067
2067 2156
2156 2155
2155 2240
2240 2327
2327 2326
2326 2325
2325 2410
2410 2494
2494 2493
1027 1097
1097 1169
1169 1253
1253 1337
1337 1427
1427 1523
1523 1616
1028 1097
1080 1152
1152 1235
1084 1157
9249 9228
9248 9226
1075 1144
1144 1143
1143 1142
1074 1073
1077 1148
1148 1232
1232 1233
1233 1316
1076 1006
1099 1171
1171 1254
1254 1337
1102 1174
1174 1173
1173 1172
1172 1171
1089 1088
1090 1089
1095 1167
1167 1250
1250 1334
1334 1424
1424 1520
1520 1614
1614 1711
1711 1801
1801 1883
1145 1229
1229 1230
1230 1231
1231 1232
1146 1230
1183 1182
1182 1181
1181 1180
1170 1253
1161 1244
1244 1327
1327 1417
1417 1416
1416 1415
1160 1159
1163 1162
1162 1245
1245 1244
1165 1248
1248 1332
1158 1242
1243 1326
1326 1325
9421 9422
9422 9423
9423 9424
9424 9442
9442 9443
9443 9461
9461 9477
9477 9494
9494 9512
9512 9531
9531 9551
9551 6006
6006 6087
6087 6163
6163 6238
6238 6313
6313 6314
6314 6315
6315 6316
6316 6317
6317 6395
6395 6474
6474 6475
6475 6556
6556 6636
6636 6714
6714 6790
6790 6863
6863 6935
6935 7011
7011 7082
7082 7151
9420 9421
1247 1330
1330 1420
1420 1516
1516 1610
1610 1707
1707 1798
1798 1881
1881 1969
1969 2060
2060 2149
2149 2235
2235 2322
2322 2408
1246 1245
1225 1224
1224 1223
1227 1228
1228 1229
1226 10048
10048 1227
1221 1220
1220 1305
1305 1392
1392 1484
1484 1582
1582 1675
1675 1772
1772 1862
9462 9939
9939 9478
9478 9942
9942 9495
9495 9512
1222 1221
1264 1263
1263 1349
1349 1348
1269 1268
1268 1267
1267 1353
1353 1443
1443 1442
1442 1538
1538 1537
1537 1536
1536 1629
1629 1726
1726 1725
1725 1724
1724 1723
1723 1722
1722 1721
1257 1256
1256 1339
1339 1429
1429 1525
1525 1618
1618 1715
1715 1714
1714 1804
1804 1886
1886 1974
1974 1973
1259 1345
1345 1435
1251 1334
9493 9511
9511 9530
9530 9550
9550 9572
9572 5928
5928 6006
1255 1254
1304 1392
1307 1306
1309 1308
1308 1307
1311 1227
1310 1309
9529 9530
9528 9529
9532 9551
9525 9544
9544 9563
9563 9586
9586 9607
9607 9629
9629 9630
9630 9631
9631 9984
9984 9609
9609 9610
9610 9611
9611 9612
9612 9613
9613 9614
9614 7112
7112 7113
7113 7114
7114 7115
7115 7116
7116 7117
7117 7118
7118 7119
7119 7120
7120 7121
7121 7122
7122 7123
7123 7124
7124 7125
7125 7126
7126 7127
7127 7128
7128 7129
7129 7130
7130 7131
7131 7132
7132 7133
7133 7134
7134 7135
7135 7136
7136 7137
7137 7138
7138 7139
7139 7140
7140 7141
7141 7142
7142 7143
7143 7144
7144 7145
7145 7146
7146 7147
7147 7148
7148 7149
7149 7150
7150 7151
9524 9543
9543 9562
9562 9585
9585 9606
9606 9628
9628 9629
9527 9528
9513 9532
1336 1426
1426 1522
1338 1337
1341 1431
1431 1527
1527 1526
1526 1619
1619 1716
1716 1806
1806 1888
1888 1976
1976 1975
1975 2065
2065 2154
2154 2153
2153 2238
2238 2325
1340 1339
1343 1433
1433 1432
1432 1528
1528 1621
1621 1718
1718 1808
1808 1890
1342 1432
1329 1419
1419 1418
1418 1417
1328 1327
9506 9524
9509 9510
9510 9511
9567 9568
9568 9569
9569 9570
9570 9571
9571 9572
9566 9567
1312 1228
1319 1405
1405 1500
1500 1594
1594 1687
1687 1781
1781 1867
1867 1951
1951 2040
9547 9569
9546 9568
9549 9571
9548 9570
9593 6911
6911 6912
6912 6913
6913 6982
6982 7051
7051 7052
7052 7053
7053 7054
7054 7055
7055 7056
7056 7057
7057 7126
9592 9593
9595 9594
9594 5374
5374 5373
5373 5372
5372 5284
5284 5201
5201 5200
5200 5199
5199 5198
5198 5197
5197 5117
5117 5035
5035 4951
4951 4950
4950 4949
4949 4948
4948 4863
4863 4862
4862 4861
4861 4860
4860 4859
4859 4772
4772 4683
4683 4597
4597 4596
4596 4595
4595 4508
4508 4419
4419 4327
4327 4235
4235 4234
4234 4233
4233 4140
4140 4050
4050 4049
4049 4048
4048 4047
4047 4046
4046 3956
3956 3955
3955 3954
3954 3865
3865 3777
3777 3689
3689 3688
3688 3604
3604 3518
3518 3432
3432 3431
3431 3430
3430 3429
3429 3428
3428 3427
3427 3426
3426 3425
3425 3424
3424 3423
3423 3422
3422 3421
3421 3420
3420 3336
3336 3335
3335 3334
3334 3333
3333 3332
3332 3331
3331 3330
3330 3329
3329 3328
3328 3327
3327 3326
3326 3325
3325 3324
3324 3323
3323 3229
3229 3138
3138 3046
3046 3045
3045 2949
2949 2948
2948 2947
2947 2946
2946 2945
2945 2944
2944 2943
2943 2942
2942 2941
2941 2940
1352 1442
1355 1445
1445 1444
1444 1443
1357 1447
1447 1446
1446 1445
1359 1449
1449 1545
1545 1638
1638 1735
1735 1734
1734 1733
1733 1732
1732 1822
1822 1904
1904 1992
1992 1991
1991 1990
1990 1989
1989 1988
1988 2078
2078 2077
2077 2076
2076 2075
2075 2074
2074 2163
2163 2248
2248 2335
2335 2420
2420 2419
2419 2503
2503 2588
2588 2674
2674 2673
2673 2672
2672 2760
2760 2848
2848 2847
2847 2846
2846 2946
1358 1448
1448 1447
1347 1437
1346 1436
9589 9590
9590 9591
9591 9592
9588 9589
1350 1349
1401 1314
1314 1315
1315 1232
1400 1401
1403 1496
1402 1315
1395 1489
1489 1586
1586 1679
1679 1775
1775 1863
1863 1947
1947 1946
1394 1393
9573 4102
4102 4194
4194 4286
4286 4376
4376 4375
4375 4374
4374 4373
4373 4461
4461 4548
4548 4633
4633 4715
4715 4802
4802 4887
4887 4971
4971 4970
4970 4969
4969 5052
5052 5051
5051 5050
5050 5049
5049 5130
5130 5209
5209 5296
5296 5387
5387 5477
5477 5562
5562 5638
5638 5717
5717 5792
5792 5866
1397 1396
1396 1395
1399 1400
9574 3561
3561 3475
3475 3474
3474 3473
3473 3472
3472 3471
3471 3470
3470 3469
3469 3468
3468 3467
3467 3466
3466 3465
3465 3464
3464 3463
3463 3462
3462 3461
3461 3460
3460 3459
3459 3458
3458 3457
3457 3456
3456 3455
3455 3454
3454 3453
3453 3452
3452 3451
3451 3450
3450 3449
3449 3448
3448 3447
3447 3446
3446 3445
3445 3444
3444 3443
3443 3442
3442 3441
3441 3440
3440 3439
3439 3438
3438 3437
3437 3436
3436 3435
3435 3434
3434 3433
3433 3432
1398 1492
1492 1491
1491 9901
9901 1588
1588 1587
1587 1586
1391 1483
1483 1581
1581 1675
9617 9616
9616 7111
7111 7110
7110 7109
7109 7108
7108 7038
7038 7037
7037 6967
6967 6966
6966 6965
6965 6964
6964 6896
6896 6828
6828 6827
6827 6754
6754 6678
6678 6600
6600 6599
6599 6519
6519 6437
6437 6359
6359 6282
6282 6207
6207 6131
6131 6055
6055 5974
5974 5901
5901 5827
5827 5752
5752 5751
5751 5675
5675 5674
5674 5594
5594 5517
5517 5516
5516 5515
5515 5514
5514 5513
5513 5427
5427 5335
5335 5247
5247 5164
5164 5084
5084 5002
5002 4918
4918 4833
4833 4746
4746 4657
4657 4571
4571 4484
4484 4483
4483 4394
4394 4302
4302 4301
4301 4209
4209 4116
4116 4026
4026 3936
3936 3847
3847 3759
3759 3671
3671 3587
3587 3501
3501 3415
3415 3331
1434 1433
1428 1427
1430 1526
9657 9636
9636 9614
9656 9635
9635 9636
9658 9657
9661 9638
9638 10125
10125 9616
1421 1518
9660 9637
9637 9615
9615 6824
6824 6751
6751 6675
6675 6598
6598 6518
6518 6436
6436 6358
6358 6282
9655 9634
9634 9635
9654 9633
9633 9634
9639 9616
9681 9660
9680 9657
9682 9661
1497 1590
1499 1592
1592 1685
9677 10128
10128 9655
9679 9657
9678 9656
1490 1489
1493 1398
1495 1496
1494 1401
9721 9700
9700 9679
9720 9700
1482 1579
1579 1580
1580 1674
1674 1675
1485 1583
1583 1676
1676 1772
1486 1583
1529 1528
1530 1623
1623 1720
1533 1532
1532 1531
1534 1533
9699 9700
9701 9680
1524 1523
1513 1512
1512 1511
1511 1414
1515 1609
1609 1707
1514 1417
1517 1610
9742 9741
9741 9701
1553 1646
1646 1743
1743 1833
1833 1832
1832 1831
1831 1913
1913 2001
2001 2000
2000 1999
1999 2089
2089 2088
2088 2177
2177 2262
2262 2349
2349 2348
2348 2347
2347 2432
2432 2516
2516 2515
2515 2600
2600 2686
2686 2774
2774 2862
2862 2861
2861 2860
2860 2859
2859 2858
2858 2857
2857 2856
2856 2855
2855 2854
2854 2853
2853 2953
2953 2952
2952 2951
2951 2950
2950 2949
1552 1645
1645 1644
1644 1643
1643 1740
1740 1739
1739 1738
1738 1737
1737 1827
1827 1826
1826 1825
1825 1824
1824 1906
1906 1905
1905 1904
1555 1554
1554 1647
1647 1744
1744 1743
1556 1649
1649 1746
1746 1836
1836 1918
1918 2006
2006 2005
2005 2004
2004 2094
2094 2183
2183 2268
2268 2355
2355 2354
2354 2353
2353 2352
2352 2437
2437 2521
2521 2606
2606 2692
2692 2691
2691 2779
2779 2867
2867 2866
2866 2966
2966 2965
2965 2964
2964 2963
2963 2962
2962 2961
2961 2960
2960 2959
2959 2958
2958 2957
2957 2956
2956 2955
2955 2954
2954 2953
1544 1543
1543 1636
1636 1733
1546 1639
1639 1736
1736 1735
1549 1548
1548 1641
1641 1738
1551 1550
1550 1643
1541 1540
1540 1539
1539 1632
1632 1729
1729 1728
1728 1727
1727 1817
1817 1899
1899 1987
1987 1986
1986 1985
1985 1984
1984 2074
9782 9781
9781 9761
9761 9741
1542 1541
1593 1686
1686 1781
1585 1584
9762 9742
1589 1590
1591 1778
1778 1949
1949 2039
2039 2132
9819 9799
9799 9779
9779 9760
9760 9741
9818 9799
9821 9801
9801 9780
9780 9761
9820 9800
9800 9779
9823 9804
9804 9784
9784 9763
9763 9744
9744 9723
9723 10126
10126 9702
9702 9660
9822 9802
9802 9781
1625 1624
1627 1724
1626 1723
1628 1725
1630 1727
1620 1619
9798 9778
9778 9759
9759 9740
9740 9720
1622 1719
1608 1705
1705 10049
10049 1797
1797 1880
1880 1968
1968 2058
2058 2147
2147 2233
2233 2320
2320 2406
2406 2491
2491 2576
2576 2663
1611 1708
1708 1798
1613 1710
1710 1801
9844 9833
9833 10024
10024 9830
9830 9871
9871 9829
9829 9912
9912 9828
9828 9927
9927 9827
9827 9897
9897 6006
1607 1513
1606 1512
1657 1754
1754 1753
1753 1752
1752 1842
1842 1924
1924 2012
2012 2011
2011 2010
2010 2009
2009 2008
2008 2098
2098 2097
2097 2186
2186 2271
2271 2358
2358 2443
2443 2527
2527 2612
2612 2697
2697 2696
2696 2695
2695 2694
2694 2782
2782 2870
2870 2869
2869 2868
2868 2867
1656 1655
1655 1654
1654 1653
1653 1750
1750 1749
1749 1839
1839 1921
1921 1920
1920 2008
9835 9879
9879 9830
9834 9843
9843 9835
1658 1755
1755 1845
1845 1927
1927 2015
2015 2105
2105 2104
2104 2103
2103 2192
2192 2277
2277 2276
2276 2275
2275 2362
2362 2447
2447 2446
2446 2530
2530 2529
2529 2528
2528 2527
9836 9904
9904 9828
1648 1647
9826 6240
6240 6396
6396 6479
6479 6562
6562 6641
6641 6720
6720 6796
6796 6867
6867 7015
7015 7154
7154 7219
7219 7286
7286 7355
7355 7423
7423 7490
7490 7561
7561 7634
7634 7707
7707 7780
7780 7853
7853 7927
1651 1748
1748 1838
1838 1920
1650 1747
1747 1837
1837 1919
1919 2007
2007 2097
9831 10007
10007 9532
1652 1749
9881 1037
1640 1737
1642 1739
9885 1498
1633 1632
1635 1732
1634 1731
1731 1730
1730 1729
1637 1734
9866 673
673 753
1684 1777
1777 1865
1865 1948
1948 2037
2037 2130
2130 2220
9913 4727
1673 1580
9915 4194
9914 9825
9825 5627
5627 5707
5707 5782
5782 5857
5857 5931
5931 6010
6010 6090
6090 6167
6167 6241
6241 6318
6318 6397
6397 6480
6480 6563
6563 6642
6642 6720
9917 7084
7084 7152
7152 7151
9916 9828
9919 9827
9918 1864
1678 1677
9905 920
9906 4469
4469 4557
9909 4726
4726 4725
4725 4724
4724 4723
4723 4722
4722 4721
4721 4720
4720 4719
4719 4718
4718 4805
4805 4890
4890 4974
9908 3249
3249 3248
3248 3340
3340 3423
9911 6314
9910 5127
5127 5206
5206 5293
5293 5385
5385 5476
9896 3424
9899 2823
2823 2916
2916 3017
3017 3110
3110 3204
3204 3301
3301 3396
3396 3483
3483 3565
3565 3650
3650 3732
9900 6794
6794 6938
6938 7013
7013 7083
7083 7151
9903 3749
3749 3838
3838 4016
9902 9827
1712 1803
9893 1391
1717 1716
9895 4170
4170 4171
4171 4172
4172 4173
4173 4174
4174 4175
4175 4268
4268 4359
9894 9826
9945 3476
3476 3475
9944 1769
1769 1768
1768 1858
1858 1857
1857 1856
1856 1855
1855 1854
1854 1936
1936 2024
2024 2114
2114 2203
2203 2288
2288 2375
2375 2374
2374 2373
2373 2458
2458 2457
2457 2456
2456 2455
2455 2454
2454 2453
2453 2452
2452 2451
2451 2450
2450 2534
2534 2533
2533 2618
2618 2617
2617 2616
2616 2615
2615 2614
2614 2613
2613 2612
1704 1606
9946 918
918 996
996 1068
1068 1067
1067 1133
1133 1209
1209 1292
1292 1291
1291 1377
1377 1467
1467 1466
1466 1562
1562 1655
1706 1707
9949 6510
6510 6591
6591 10087
10087 6670
6670 6748
6748 6822
6822 6821
6821 6820
6820 6891
6891 6961
6961 7035
7035 7034
7034 7105
7105 7175
7175 7241
7241 7307
7307 7376
7376 7375
7375 7374
7374 7442
7442 7441
7441 7507
7507 7578
7578 7577
7577 7576
7576 7575
7575 7648
7648 7720
7720 7793
7793 7792
7792 7791
7791 7790
7790 7863
7863 7936
7936 7935
7935 7934
9948 8665
8665 8623
8623 8579
8579 8578
8578 8533
9951 9107
9107 9078
9078 9049
9049 9018
9018 8986
8986 8953
9936 9495
1699 1793
9938 9495
9943 7873
7873 7727
7727 7655
7655 7583
7583 7512
7512 7445
7445 7446
7446 7447
7447 7448
7448 7449
7449 7450
7450 7451
7451 7386
7386 7318
7318 7251
7251 7252
7252 7253
7253 7254
7254 7255
7255 7256
7256 7257
7257 7191
7191 7192
7192 7128
1702 1605
9928 4195
4195 4288
4288 4379
4379 4469
9933 9495
1757 1756
1756 1755
1758 1757
1745 1835
1835 1917
1917 2005
9920 774
9923 3159
3159 3158
3158 3157
3157 3249
9924 3424
1751 1750
9926 1589
9976 6005
6005 6086
6086 6162
6162 6163
9979 2871
2871 2870
9981 9544
1741 1740
1742 1741
9969 8816
9968 9270
9270 10129
10129 9252
9252 9230
9230 9207
9207 9183
9183 9157
9971 7870
7870 7869
7869 7942
7942 7941
7941 7940
7940 7939
7939 7938
7938 7937
7937 7936
9973 9637
9972 6892
6892 6891
9975 3323
9974 9615
9960 5069
5069 5229
5229 5316
5316 5407
5407 5497
5497 5582
5582 5581
5581 5580
5580 5656
5656 5655
5655 5654
5654 5733
5733 5808
5808 5807
5807 5806
5806 5805
5805 5879
5879 5878
5878 5877
5877 5950
5950 6030
6030 6029
6029 6028
6028 6108
6108 6107
6107 6184
6184 6258
6258 6335
6335 6413
6413 6495
6495 6577
6577 6656
6656 6734
6734 6809
6809 6880
6880 6950
6950 7024
7024 7095
7095 7094
7094 7164
7164 7163
7163 7229
7229 7295
7295 7364
7364 7363
7363 7362
7362 7430
7430 7496
7496 7567
7567 7640
7640 7712
7712 7711
7711 7784
7784 7783
7783 7856
7856 7855
7855 7854
9963 8299
8299 8245
8245 8244
9967 8445
8445 8395
8395 8346
8346 8345
8345 8295
8295 8241
9966 3845
3845 3757
3757 3586
3586 3500
3500 3415
9952 9133
9954 8011
8011 8010
8010 8009
8009 8008
8008 8007
8007 7936
9956 5669
5669 5510
5510 5424
5424 5332
5332 5244
5244 5161
5161 5081
5081 4999
4999 4915
4915 4830
4830 4743
4743 4654
4654 4568
4568 4481
4481 4392
4392 4300
4300 4208
4208 4115
4115 4025
4025 3935
3935 3846
3846 3758
3758 3670
3670 3586
1780 1867
9959 8779
10009 9588
10008 7853
1771 1861
1861 1946
1770 1769
1774 1863
10005 1797
1816 1815
1815 1897
1897 1985
1819 1901
1901 1989
1818 1817
1821 1820
1820 1902
1902 1990
9999 963
963 1036
1036 1035
1035 1103
1103 1034
1034 1033
1033 1032
1032 10013
10013 1031
1031 1100
1100 1172
1811 1810
1810 1809
1813 1812
1812 1811
1814 1813
10041 2478
10040 6007
6007 6164
6164 6239
6239 9911
10043 1001
10042 3479
3479 3480
3480 3481
3481 3482
1802 1884
1884 1972
1972 2063
10045 9509
1805 1804
10044 2783
2783 2698
2698 2615
10047 7853
1807 1806
10046 9829
10033 5381
5381 5472
5472 5557
5557 5634
5634 5714
5714 5789
5789 5863
5863 5937
5937 6017
6017 6097
6097 6175
6175 6250
10032 9655
10035 7089
10034 7089
10037 934
10036 1492
10039 9424
1799 1881
10038 673
10027 1945
1945 2034
2034 2126
2126 2217
2217 2304
2304 2392
10026 6318
1850 1849
1849 1848
1848 1847
1847 1929
1929 2017
2017 2016
2016 2106
2106 2195
2195 2280
2280 2367
2367 2452
10029 703
703 702
702 701
701 631
10028 9513
10031 2135
10030 1605
1841 1840
1840 1839
1843 1842
1844 1926
1926 2014
2014 2013
2013 2012
1846 1845
10073 3025
3025 3117
3117 3211
3211 3306
3306 3402
3402 3487
3487 3568
3568 3654
3654 3736
3736 3823
3823 3912
3912 4001
10072 3312
3312 3311
3311 3310
10075 2042
2042 2134
2134 2224
2224 2223
2223 2310
2310 2398
10074 1403
1834 1916
1916 2004
10065 1317
10064 3838
10067 4358
4358 4359
10066 1317
10069 3479
1829 1828
1828 1827
10068 3829
3829 3918
3918 4006
4006 4095
4095 4185
4185 4278
4278 4368
4368 4456
4456 4543
4543 4628
4628 4710
4710 4797
4797 4882
4882 4966
4966 5049
10071 5947
5947 6026
6026 6025
6025 6105
6105 6104
6104 6103
6103 6180
6180 6254
6254 6331
6331 6330
6330 6408
6408 6407
6407 6489
6489 6571
6571 6650
6650 6728
6728 6803
6803 6802
6802 6873
6873 6944
6944 6943
10070 7354
7354 7422
7422 7489
7489 7560
7560 7634
1830 1829
10057 3580
3580 3747
3747 3835
3835 3925
3925 4014
4014 4102
10056 2036
2036 2128
2128 2127
10059 3340
1882 1970
1970 2060
10061 4185
10060 2651
2651 2739
2739 2827
2827 2924
2924 3026
3026 3119
3119 3213
3213 3308
3308 3404
3404 3489
3489 3570
3570 3656
10063 6712
6712 6788
6788 6861
6861 6862
6862 6863
1887 1886
10062 6475
10051 6005
10050 2486
2486 2572
2572 2659
2659 2747
2747 2835
2835 2936
2936 3040
3040 3131
3131 3223
3223 3318
3318 3409
10053 7422
10055 6007
10054 2871
1860 1859
1859 1858
1912 2000
1915 1914
1914 1913
1911 1999
1896 1984
1898 1986
1900 1988
1903 1991
1889 1888
1893 1892
1892 1891
1895 1894
1894 1893
1944 2034
1939 2027
2027 2026
2026 2025
2025 2024
1928 2016
1930 2018
2018 2017
1923 2011
1922 2010
1925 2013
1977 2067
1979 1978
1981 1980
1980 1979
1983 2073
2073 2162
2162 2247
2247 2334
2334 2419
1982 1981
1965 2056
2056 2145
2145 2230
2230 2317
2317 2402
2402 2487
2487 2572
1967 2058
1966 2056
1954 2043
2043 2135
2003 2002
2002 2001
1994 2084
2084 2173
2173 2258
2258 2345
2345 2430
2430 2514
2514 2599
2599 2598
2598 2597
2597 2596
2596 2595
2595 2594
2594 2593
2593 2592
2592 2678
2678 2766
2766 2854
1997 1996
1996 2086
2086 2175
2175 2260
2260 2347
1998 1997
2041 2133
2133 2132
2033 2126
2038 2130
2019 2018
2021 2020
2020 2019
2023 2022
2022 2021
2072 2161
2161 2246
2246 2333
2333 2332
2332 2417
2417 2501
2501 2586
2586 2672
2079 2078
2064 2063
2066 2155
2069 2068
2071 2070
2070 2069
2057 2147
2059 2149
2062 2151
2055 2145
2107 2106
2109 2198
2198 2283
2283 2370
2370 2369
2369 2368
2368 2367
2108 2107
2110 2199
2199 2284
2284 2371
2371 2370
2096 2095
2095 2094
2099 2098
2101 2190
2190 2275
2100 2189
2189 2274
2274 2361
2361 2446
2102 2191
2191 2276
2091 2090
2090 2089
2093 2182
2182 2181
2181 2180
2180 2179
2179 2264
2264 2351
2351 2350
2350 2435
2435 2434
2434 2433
2433 2432
2092 2181
2081 2170
2170 2255
2255 2342
2342 2427
2427 2426
2426 2510
2510 2595
2080 2169
2169 2168
2168 2167
2167 2166
2166 2165
2165 2250
2250 2249
2249 2248
2083 2172
2172 2257
2257 2256
2256 2255
2082 2171
2171 2256
2085 2174
2174 2173
2143 2229
2229 2316
2316 2402
2131 2221
2221 2308
2308 2397
2125 2217
2113 2112
2112 2201
2201 2200
2200 2285
2285 2372
2372 2457
2160 2159
2159 2244
2244 2331
2331 2330
2330 2415
2415 2499
2499 2584
2584 2583
2583 2582
2582 2668
2668 2756
2756 2755
2755 2754
2754 2753
2753 2841
2841 2941
2164 2163
2158 2243
2243 2330
2144 2230
2146 2231
2231 2318
2318 2403
2403 2488
2488 2573
2573 2659
2148 2234
2234 2321
2321 2406
2150 2235
2193 2192
2194 2279
2279 2366
2366 2451
2197 2282
2282 2369
2196 2195
2185 2270
2270 2357
2357 2356
2356 2441
2441 2525
2525 2610
2610 2609
2609 2608
2608 2607
2607 2606
2184 2183
2187 2186
2188 2273
2273 2360
2360 2359
2359 2358
2176 2175
2232 2319
2319 2405
2405 2490
2490 2575
2575 2662
2662 2751
2239 2326
2225 2312
2228 2316
2216 2304
2219 2129
2267 2354
2266 2353
2269 2356
2259 2346
2346 2431
2431 2515
2261 2260
2251 2250
2253 2340
2340 2339
2339 2424
2424 2423
2423 2422
2422 2421
2421 2420
2252 2339
2254 2253
2245 2332
2281 2280
2286 2373
2272 2271
2278 2277
2315 2401
2401 2486
2306 2394
2394 2480
2480 2564
2564 2651
2311 2399
2363 2362
2365 2450
2364 2449
2449 2533
2344 2429
2429 2513
2513 2598
2337 2336
2336 2335
2338 2337
2341 2340
2343 2342
2393 2479
2479 2478
2395 2481
2481 2565
2565 2653
2653 2742
2387 2472
2472 2556
2556 2641
2641 2640
2640 2639
2639 2638
2638 2637
2637 2636
2636 2635
2635 2634
2634 2633
2633 2632
2632 2631
2631 2630
2630 2629
2629 2628
2628 2627
2627 2626
2626 2625
2625 2624
2624 2623
2623 2622
2622 2621
2621 2620
2620 2619
2619 2618
2425 2424
2428 2427
2404 2488
2407 2491
2459 2458
2460 2459
2448 2447
2440 2524
2524 2609
2442 2526
2526 2611
2611 2697
2445 2529
2444 2443
2489 2574
2574 2661
2661 2750
2750 2838
2838 2939
2495 2494
2485 2484
2520 2605
2605 2604
2604 2603
2603 2602
2602 2601
2601 2600
2523 2608
2512 2597
2517 2516
2519 2604
2518 2517
2505 2590
2590 2589
2589 2588
2504 2503
2507 2592
2506 2591
2591 2590
2509 2594
2508 2593
2511 2596
2498 2583
2502 2501
2544 2543
2543 2628
2537 2622
2536 2535
2535 2534
2539 2624
2538 2623
2541 2626
2540 2539
2542 2627
2531 2530
2532 2617
2585 2671
2671 2670
2670 2669
2669 2668
2587 2586
2569 2568
2570 2569
2563 2651
2649 2735
2735 2821
2821 2914
2914 3016
3016 3109
3109 3204
2650 2736
2736 2822
2822 2915
2915 3017
2652 2740
2740 2828
2828 2925
2925 3028
3028 3121
2681 2769
2769 2857
2680 2768
2768 2856
2683 2682
2682 2681
2685 2684
2684 2683
2687 2686
2675 2674
2677 2676
2676 2764
2764 2852
2852 2851
2851 2951
2679 2678
2657 2656
2656 2655
2660 2749
2749 2837
2837 2938
2938 3042
2713 2630
2712 2711
2711 2710
2710 2709
2709 2626
2705 2622
2704 2703
2703 2620
2707 2706
2706 2623
2708 2707
2699 2616
2701 2618
2700 2699
2702 2619
2689 2688
2688 2776
2776 2775
2775 2774
2690 2689
2693 2692
2745 2833
2833 2832
2832 2831
2831 2928
2928 2927
2746 2833
2748 2836
2836 2936
2737 2822
2741 2829
2829 2927
2743 2831
2733 2819
2819 2912
2912 3014
3014 3015
2777 2776
2778 2866
2781 2869
2780 2868
2771 2859
2770 2769
2773 2772
2772 2860
2761 2760
2763 2851
2762 2761
2765 2853
2767 2766
2793 2707
2792 2706
2795 2709
2794 2708
2797 2711
2796 2710
2799 2713
2798 2797
2785 2699
2784 2698
2787 2701
2786 2785
2789 2788
2788 2787
2791 2705
2790 2704
2845 2844
2844 2944
2873 2784
2872 2972
2972 3066
3066 3158
2875 2786
2874 2785
2877 2788
2876 2787
2879 2790
2878 2789
2865 2864
2864 2863
2863 2963
2850 2950
2909 2910
2910 2911
2911 3014
2888 2799
2881 2792
2880 2791
2883 2794
2882 2793
2885 2796
2884 2795
2887 2798
2886 2797
2930 3032
3032 3031
3031 3030
3030 3122
3122 3121
2933 3037
3037 3128
3128 3221
3221 3222
3222 3317
3317 3408
3408 3497
2932 2933
2935 3039
3039 3130
3130 3223
2921 3024
3024 3116
3116 3210
3210 3306
2923 3026
2922 3024
2926 3028
2969 2968
2968 2967
2967 2966
2971 2970
2970 2969
2973 2972
2975 2974
2974 2973
2985 2984
2984 3078
3078 3077
3077 3076
3076 3075
3075 3074
3074 3073
3073 3072
3072 3071
3071 3070
3070 3069
3069 3068
3068 3067
3067 3066
2987 2986
2986 2985
2989 3083
3083 3082
3082 3081
3081 3080
3080 3079
3079 3078
2988 2987
2977 2976
2976 3070
2979 2978
2978 3072
2981 3075
2980 3074
2983 2982
2982 2981
3033 3124
3124 3123
3123 3122
3035 3126
3126 3219
3219 3314
3314 3315
3315 3316
3316 3317
3034 3035
3036 3127
3127 3220
3220 3315
3027 3120
3120 3214
3214 3309
3309 3405
3019 3112
3112 3206
3206 3302
3302 3397
3397 3483
3018 3111
3111 3206
3021 3114
3114 3208
3208 3304
3304 3399
3399 3485
3485 3567
3567 3651
3651 3733
3733 3907
3020 3113
3113 3207
3207 3302
3022 3114
3013 2910
3012 3013
3065 3064
3064 3063
3063 3062
3062 3061
3061 3060
3060 3059
3059 3058
3058 3057
3057 3056
3056 3055
3055 3054
3054 3053
3053 3052
3052 3051
3051 3050
3050 3049
3049 3048
3048 3047
3047 3046
3084 3083
3118 3212
3212 3308
3161 3160
3160 3159
3163 3162
3162 3161
3165 3164
3164 3163
3167 3166
3166 3165
3152 3060
3155 3154
3154 3062
3156 3155
3145 3144
3144 3052
3147 3055
3146 3054
3149 3057
3148 3147
3151 3059
3150 3149
3141 3140
3140 3048
3143 3051
3142 3050
3177 3176
3176 3175
3175 3174
3174 3173
3173 3172
3172 3171
3171 3170
3170 3169
3169 3168
3168 3167
3178 3177
3231 3140
3218 3313
3313 3314
3209 3304
3205 3301
3257 3256
3256 3255
3255 3254
3254 3253
3253 3252
3252 3251
3251 3250
3250 3249
3259 3258
3258 3257
3261 3260
3260 3259
3263 3262
3262 3261
3241 3150
3240 3149
3245 3154
3244 3153
3153 3061
3246 3155
3233 3142
3232 3141
3239 3148
3238 3147
3272 3271
3271 3270
3270 3269
3269 3268
3268 3267
3267 3266
3266 3265
3265 3264
3264 3263
3275 3274
3274 3273
3273 3272
3305 3400
3400 3486
3486 3567
3307 3402
3299 3300
3298 3299
3303 3399
3353 3352
3352 3351
3351 3350
3350 3349
3349 3348
3348 3347
3347 3346
3346 3345
3345 3344
3344 3343
3343 3342
3342 3341
3341 3340
3355 3354
3354 3353
3357 3356
3356 3355
3359 3358
3358 3357
3337 3336
3339 3338
3338 3337
3361 3360
3360 3359
3363 3362
3362 3361
3365 3364
3364 3363
3417 3333
3416 3332
3419 3335
3418 3417
3401 3402
3393 3480
3477 10069
3478 10042
3513 3427
3512 3426
3515 3429
3514 3428
3517 3431
3516 3430
3519 3433
3505 3419
3504 3418
3507 3421
3506 3420
3509 3423
3508 3422
3510 3424
3503 3417
3502 3416
3492 3572
3572 3657
3657 3739
3739 3826
3826 3914
3914 4002
4002 4091
4091 4181
4181 4273
4273 4363
4363 4451
4451 4538
3529 3443
3528 3442
3531 3445
3530 3444
3533 3447
3532 3446
3535 3449
3534 3448
3521 3435
3520 3434
3523 3437
3522 3436
3525 3439
3524 3438
3527 3441
3526 3440
3579 3580
3581 3580
3609 3523
3608 3522
3611 3525
3610 3609
3613 3612
3612 3526
3615 3614
3614 3528
3601 3515
3600 3599
3599 3598
3598 3512
3603 3602
3602 3601
3605 3604
3607 3606
3606 3520
3593 3507
3592 3591
3591 3505
3595 3509
3594 3508
3597 3596
3596 3510
3589 3503
3588 3502
3590 3504
3624 3623
3623 3537
3537 3451
3617 3531
3616 3615
3619 3533
3618 3532
3620 3619
3673 3672
3672 3588
3675 3591
3674 3590
3677 3593
3676 3592
3679 3595
3678 3677
3705 3704
3704 3620
3707 3623
3697 3613
3696 3612
3699 3698
3698 3614
3701 3700
3700 3699
3703 3619
3702 3618
3691 3690
3690 3606
3693 3609
3692 3691
3695 3611
3694 3693
3681 3680
3680 3596
3683 3599
3682 3598
3685 3601
3684 3683
3687 3603
3686 3685
3741 3827
3827 3916
3916 4005
4005 4094
4094 4184
4184 4276
4276 4366
4366 4455
4455 4542
4542 4628
3742 10068
3730 3818
3818 3905
3905 3994
3994 4084
4084 4085
4085 4175
3734 3733
3769 3681
3768 3680
3771 3683
3770 3682
3773 3685
3772 3684
3775 3687
3774 3686
3761 3673
3760 3672
3763 3675
3762 3674
3765 3677
3764 3676
3767 3679
3766 3678
3753 3842
3842 3931
3931 4019
4019 4108
4108 4199
4199 4291
4291 4471
4471 4557
3752 3841
3841 3930
3930 4018
4018 4107
4107 4198
4198 4290
4290 4381
3746 3747
3748 3836
3836 3926
3926 4014
3751 3840
3840 3930
3793 3705
3792 3704
3795 3707
3796 3708
3708 3707
3785 3697
3784 3696
3787 3699
3786 3698
3789 3701
3788 3700
3791 3703
3790 3702
3776 3688
3779 3691
3778 3690
3781 3693
3780 3692
3783 3695
3782 3694
3833 3832
3832 3920
3920 4008
4008 4096
4096 4185
3834 3922
3922 4010
4010 4009
4009 4008
3837 3926
3825 3913
3828 3827
3819 3905
3821 3910
3910 3999
3999 4088
4088 4178
4178 4271
3864 3776
3867 3866
3866 3865
3869 3781
3868 3780
3871 3783
3870 3782
3857 3769
3856 3768
3859 3771
3858 3770
3861 3773
3860 3772
3863 3862
3862 3774
3849 3848
3848 3847
3851 3850
3850 3849
3853 3765
3852 3851
3855 3767
3854 3766
3889 3801
3801 3713
3713 3712
3712 3711
3711 3627
3627 3541
3541 3455
3881 3880
3880 3792
3883 3795
3882 3794
3794 3706
3706 3622
3622 3536
3536 3450
3885 3797
3797 3709
3709 3625
3625 3539
3539 3453
3884 3883
3887 3799
3799 3711
3886 3798
3798 3710
3710 3709
3873 3785
3872 3784
3875 3787
3874 3786
3877 3876
3876 3788
3879 3878
3878 3877
3929 4017
4017 4106
4106 4198
3932 9966
3921 3920
3923 3922
3924 4013
4013 4102
3915 4003
4003 4092
4092 4181
3904 3905
3909 3997
3997 4086
3961 3960
3960 3871
3963 3962
3962 3961
3965 3964
3964 3963
3967 3966
3966 3965
3953 3864
3952 3863
3957 3956
3959 3870
3958 3869
3945 3856
3944 3943
3943 3854
3947 3946
3946 3945
3949 3948
3948 3947
3951 3950
3950 3949
3992 4082
4082 4083
4083 4173
3977 3976
3976 3887
3979 3978
3978 3889
3969 3968
3968 3967
3971 3970
3970 3969
3973 3884
3972 3883
3975 3886
3974 3885
4024 3934
3934 3845
4031 4030
4030 4029
4029 4028
4028 4027
4027 4026
4023 3934
4011 4010
4000 4089
4089 4179
4004 4093
4093 4182
4182 4275
4275 4365
4365 4453
4453 4541
4541 4627
4627 4709
4709 4797
4057 4056
4056 4055
4055 3965
4059 4058
4058 4057
4061 4060
4060 4059
4063 4062
4062 4061
4051 3961
4053 3963
4052 3962
4054 3964
4041 4040
4040 3950
4043 3953
4042 4041
4045 3955
4044 3954
4033 3943
4032 4031
4034 4033
4037 4036
4036 4035
4035 4034
4039 3949
4038 3948
4065 4064
4064 3974
4067 3977
4066 4065
4069 4068
4068 3978
4071 4070
4070 3980
3980 3891
3891 3803
3803 3715
3715 3631
3631 3545
3545 3459
4121 4031
4123 4033
4122 4032
4112 4023
4104 4196
4111 4022
4022 3933
3933 3757
4097 4187
4187 4279
4279 4278
4101 4102
4153 4063
4152 4062
4155 4065
4154 4064
4157 4067
4156 4066
4159 4069
4158 4068
4145 4055
4144 4054
4149 4059
4148 4058
4151 4061
4150 4060
4137 4047
4136 4046
4139 4049
4138 4048
4141 4051
4143 4053
4142 4052
4131 4041
4130 4040
4133 4043
4132 4042
4135 4045
4134 4044
4186 4278
4189 4281
4281 4371
4371 4370
4370 4458
4458 4545
4545 4630
4630 4712
4712 4711
4711 4710
4188 4187
4190 4282
4282 4372
4372 4371
4177 4269
4180 4273
4183 4275
4161 4071
4160 4070
4162 4072
4072 4071
4216 4215
4215 4122
4214 4121
4203 4111
4249 4156
4248 4155
4251 4158
4250 4249
4253 4160
4252 4251
4255 4162
4254 4161
4241 4240
4240 4239
4239 4238
4238 4145
4243 4242
4242 4241
4245 4244
4244 4151
4247 4246
4246 4153
4232 4231
4231 4230
4230 4229
4229 4228
4228 4135
4237 4236
4236 4235
4224 4223
4223 4222
4222 4129
4129 4039
4227 4134
4226 4225
4225 4132
4280 4370
4283 4373
4287 4286
4272 4362
4362 4450
4274 4364
4364 4453
4277 4367
4367 4455
4265 4172
4264 4265
4266 4173
4256 4163
4163 4073
4073 4072
4263 4170
4262 4169
4169 4079
4079 4078
4078 4077
4077 3987
3987 3986
3986 3897
3897 3896
3896 3808
3808 3720
3720 3719
3719 3635
3635 3549
3549 3463
4317 4225
4316 4224
4319 4227
4318 4226
4305 4213
4213 4120
4120 4030
4289 4380
4380 4470
4295 4204
4204 4111
4294 4203
4345 4253
4344 4252
4347 4255
4346 4254
4348 4256
4337 4336
4336 4244
4339 4247
4338 4337
4341 4249
4340 4248
4343 4251
4342 4341
4329 4237
4328 4236
4333 4241
4335 4243
4334 4333
4320 4319
4323 4322
4322 4321
4321 4229
4325 4324
4324 4232
4326 4234
4377 4376
4360 4448
4355 4265
4354 4355
4357 4358
4409 4317
4408 4316
4411 4319
4410 4318
4413 4321
4412 4320
4415 4323
4414 4322
4395 4303
4303 4211
4211 4118
4118 4028
4387 4296
4296 4204
4388 4297
4297 4206
4206 4113
4113 4024
4441 4349
4349 4257
4257 4164
4164 4074
4074 4073
4440 4348
4442 4350
4350 4349
4445 4355
4444 4352
4352 4260
4260 4167
4167 4077
4447 4358
4433 4341
4432 4340
4435 4343
4434 4342
4437 4345
4436 4344
4438 4346
4429 4337
4431 4339
4430 4338
4417 4325
4416 4324
4418 4326
4421 4329
4420 4328
4465 4464
4464 4463
4463 4550
4550 4549
4549 4548
4459 4458
4462 4461
4449 4537
4537 4623
4452 4540
4540 4626
4626 4708
4708 4795
4795 4880
4880 4964
4964 5047
5047 5128
4505 4504
4504 4415
4507 4506
4506 4505
4497 4408
4499 4410
4498 4497
4501 4500
4500 4499
4503 4502
4502 4413
4488 4487
4487 4486
4486 4485
4485 4484
4539 4624
4624 4706
4706 4793
4793 4879
4879 4963
4963 5046
4529 4528
4528 4439
4439 4347
4531 4442
4530 4441
4533 4355
4532 4531
4534 4533
4521 4432
4523 4522
4522 4433
4525 4436
4524 4435
4527 4526
4526 4437
4570 4483
4573 4572
4572 4571
4575 4574
4574 4487
4553 4552
4552 4551
4551 4550
4554 4553
4546 4545
4593 4506
4592 4505
4594 4593
4587 4586
4586 4499
4589 4502
4591 4504
4590 4589
4576 4575
4632 4714
4714 4713
4713 4800
4800 4799
4799 4884
4884 4968
4968 4967
4967 5050
4635 4717
4717 4716
4716 4715
4634 4633
4639 4721
4638 4720
4625 4707
4707 4794
4794 4879
4617 4616
4616 4615
4615 4614
4614 4613
4613 4526
4619 4533
4618 4531
4621 4704
4609 4522
4611 4610
4610 4609
4612 4525
4659 4658
4658 4572
4660 4659
4642 4724
4697 4611
4699 4613
4698 4697
4701 4700
4700 4614
4702 4616
4681 4680
4680 4679
4679 4593
4682 4596
4684 4683
4674 4673
4673 4672
4672 4586
4677 4591
4676 4675
4675 4589
4678 4592
4730 4729
4763 4674
4765 4676
4767 4678
4766 4677
4747 4658
4749 4660
4748 4659
4750 4661
4661 4660
4785 4696
4696 4610
4787 4698
4786 4697
4789 4700
4788 4699
4791 4702
4790 4701
4769 4680
4768 4679
4771 4682
4817 4816
4816 4901
4901 4900
4900 4984
4984 4983
4818 4903
4903 4987
4987 5070
5070 5069
4809 4808
4808 4807
4807 4806
4806 4805
4811 4810
4810 4895
4895 4979
4813 4812
4812 4811
4815 4900
4801 4800
4803 4802
4804 4803
4853 4852
4852 4851
4851 4764
4764 4675
4855 4768
4854 4767
4843 4756
4756 4667
4667 4581
4581 4580
4580 4493
4493 4492
4492 4403
4403 4311
4311 4310
4310 4218
4218 4125
4125 4035
4835 4748
4839 4838
4838 4751
4751 4662
4662 4661
4889 4973
4888 4887
4891 4890
4893 4977
4892 4976
4894 4978
4881 4965
4965 5048
5048 5130
4883 4967
4873 4872
4872 4785
4875 4788
4874 4873
4877 4876
4876 4789
4878 4962
4865 4778
4778 4689
4689 4603
4603 4602
4602 4515
4515 4426
4426 4334
4864 4863
4897 4981
4896 4980
4898 4982
4902 4901
4957 4872
4959 4874
4958 4873
4945 4860
4947 4946
4946 4945
4937 4852
4936 4851
4939 4854
4938 4937
4940 4939
4942 4941
4941 4856
4856 4769
4985 4984
4986 5069
4961 4876
4960 4959
5020 4936
5022 4938
5011 4927
4927 4926
4926 4841
4841 4754
4754 4665
4665 4664
4664 4663
4663 4662
5015 4931
4931 4930
4930 4845
4845 4758
4758 4669
4669 4668
4668 4667
5053 5052
5041 4957
5040 4956
4956 4871
4871 4784
4784 4695
4695 4694
4694 4693
4693 4692
4692 4691
4691 4690
4690 4689
5043 4959
5042 4958
5045 5127
5044 4960
5033 4949
5032 4948
5027 4943
4943 4858
4858 4771
5026 4942
5031 4947
5030 4946
5065 5064
5064 5145
5145 5224
5224 5311
5311 5310
5310 5309
5309 5308
5308 5399
5399 5398
5398 5397
5397 5487
5487 5572
5572 5571
5571 5570
5570 5569
5569 5645
5645 5644
5644 5643
5643 5642
5057 5138
5138 5217
5217 5216
5216 5215
5215 5302
5302 5393
5393 5392
5056 5055
5059 5140
5140 5219
5219 5218
5218 5217
5061 5060
5060 5141
5141 5220
5220 5219
5063 5144
5144 5223
5223 5222
5222 5221
5221 5308
5062 5061
5113 5031
5112 5111
5111 5110
5110 5028
5028 4944
4944 4859
5101 5019
5019 4935
4935 4934
4934 4849
4849 4762
4762 4673
5102 5020
5093 5011
5094 5093
5137 5216
5136 5215
5139 5218
5143 5222
5142 5221
5129 5208
5208 5296
5131 5130
5133 5132
5132 5211
5211 5298
5298 5389
5389 5479
5479 5478
5478 5477
5123 5122
5122 5040
5125 5124
5124 5042
5126 5125
5176 5175
5175 5095
5095 5013
5013 4929
4929 4844
4844 4757
4757 4668
5213 5300
5300 5391
5391 5481
5481 5566
5212 5211
5203 5123
5205 5125
5204 5124
5193 5192
5192 5191
5191 5190
5190 5110
5194 5114
5114 5113
5275 5192
5274 5191
5276 5193
5305 5304
5304 5303
5303 5394
5394 5393
5307 5306
5306 5397
5294 5385
5287 5204
5361 5360
5360 5272
5272 5189
5189 5188
5188 5108
5108 5107
5107 5106
5106 5105
5105 5104
5104 5022
5401 5491
5491 5490
5490 5575
5575 5574
5574 5650
5650 5729
5729 5804
5804 5803
5803 5802
5802 5876
5876 5949
5949 6029
5400 5399
5402 5401
5395 5394
5396 5395
5380 5470
5470 5555
5555 5631
5631 5710
5710 5785
5785 5859
5859 5934
5934 6014
6014 6094
6094 6172
6172 6247
6247 6324
6324 6402
6402 6485
6485 6568
6568 6647
6647 6725
6725 6801
5382 5472
5465 5373
5489 5574
5488 5487
5493 5578
5578 5654
5492 5491
5483 5482
5485 5570
5484 5569
5486 5571
5554 5631
5585 5661
5661 5740
5740 5815
5815 5889
5889 5962
5962 6042
6042 6122
6122 6199
6199 6273
6273 6350
6350 6428
6428 6510
5577 5653
5653 5732
5732 5807
5576 5575
5579 5655
5568 5567
5573 5572
5626 5549
5549 5463
5463 5371
5371 5283
5283 5200
5657 5656
5659 5658
5658 5657
5660 5739
5739 5814
5814 5888
5888 5961
5961 6041
6041 6121
6121 6198
6198 6272
6272 6349
6349 6427
6427 6509
6509 6591
5662 5661
5649 5648
5648 5647
5647 5646
5646 5645
5651 5650
5652 5651
5695 5615
5615 5538
5538 5452
5452 5360
5725 5724
5724 5799
5799 5873
5873 5947
5727 5802
5726 5725
5737 5812
5812 5811
5811 5885
5885 5958
5958 6038
6038 6118
6118 6195
6195 6269
6269 6346
6346 6345
6345 6344
6344 6343
6343 6342
6342 6420
6420 6502
6502 6584
6584 6663
6663 6741
6741 6740
6740 6739
6739 6738
6738 6813
6813 6884
6884 6883
6883 6882
6882 6952
6952 6951
6951 6950
5736 5811
5738 5737
5728 5803
5730 5805
5735 5810
5810 5809
5809 5808
5734 5809
5788 5863
5813 5812
5801 5800
5800 5799
5881 5954
5954 5953
5953 5952
5952 5951
5951 5950
5880 5879
5883 5956
5956 6036
6036 6116
6116 6193
6193 6192
6192 6266
6266 6343
5882 5955
5955 6035
6035 6115
6115 6192
5884 5883
5887 5960
5960 6040
6040 6039
6039 6038
5886 5885
5872 5946
5946 6025
5875 5874
5874 5799
5864 5939
5939 6018
6018 6098
6098 6176
5862 5937
5957 5956
5959 6039
6001 6082
6082 6158
6158 6233
6233 6308
6308 6309
6309 6310
6310 6311
6311 6312
6312 6313
6000 5927
5927 5926
5926 5852
5852 5777
5777 5701
5701 5621
5621 5544
5544 5543
5543 5457
5457 5365
5365 5277
5277 5194
6003 6084
6084 6085
6085 6086
6002 6083
6083 6084
6004 6085
6033 6032
6032 6031
6031 6030
6034 6033
6037 6036
6027 6026
6016 6096
6096 6173
6173 6247
6109 6108
6111 6110
6110 6109
6081 6157
6157 6158
6120 6197
6197 6271
6271 6348
6348 6426
6426 6425
6425 6424
6424 6506
6506 6588
6588 6667
6667 6666
6666 6665
6665 6664
6664 6663
6113 6112
6112 6111
6114 6113
6117 6116
6119 6118
6161 6236
6236 6311
6160 6235
6235 6310
6155 6079
6079 6078
6078 5997
5997 5924
5924 5850
5850 5775
5775 5699
5699 5619
5619 5542
5542 5456
5456 5455
5455 5363
5363 5362
5362 5361
6156 6231
6231 6306
6306 6307
6307 6308
6159 6234
6234 6309
6194 6193
6196 6195
6187 6186
6186 6260
6260 6337
6337 6415
6415 6497
6497 6579
6579 6578
6578 6577
6189 6188
6188 6262
6262 6261
6261 6260
6191 6265
6265 6342
6190 6264
6264 6341
6341 6419
6419 6501
6501 6583
6583 6662
6662 6740
6232 6307
6237 6312
6230 6229
6229 6153
6153 6077
6077 5996
5996 5923
5923 5849
5849 5774
5774 5773
5773 5772
5772 5696
5696 5616
5616 5539
5539 5453
5453 5361
6267 6344
6268 6345
6270 6269
6263 6262
6305 6306
6347 6346
6351 6350
6339 6338
6338 6416
6416 6415
6340 6418
6418 6500
6500 6582
6582 6661
6661 6739
6393 6394
6394 6395
6392 6393
6385 6386
6386 6387
6387 6388
6388 6389
6389 6390
6390 6391
6391 6392
6384 6385
6381 6382
6382 6383
6383 6384
6380 6303
6303 6302
6302 6227
6227 6151
6151 6075
6075 5994
5994 5921
5921 5847
5847 5772
6417 6416
6421 6420
6423 6422
6422 6504
6504 6503
6503 6585
6585 6584
6409 6408
6411 6410
6410 6409
6412 6494
6494 6576
6576 6655
6655 6654
6654 6653
6653 6652
6652 6730
6730 6729
6729 6804
6804 6803
6401 6484
6484 6566
6566 6645
6645 6724
6724 6799
6799 6870
6870 6942
6942 7018
7018 7088
7088 7157
7157 7222
7222 7288
7288 7357
7357 7426
6459 6540
6540 6620
6620 6698
6698 6774
6774 6847
6847 6848
6848 6849
6849 6850
6850 6922
6922 6923
6923 6999
6999 7070
7070 7139
6458 6539
6539 6619
6619 6620
6461 6542
6542 6622
6622 6700
6700 6701
6701 6777
6777 6850
6460 6541
6541 6621
6621 6622
6463 6464
6464 6545
6545 6625
6625 6703
6703 6779
6779 6852
6852 6853
6853 6854
6854 6855
6855 6856
6856 6857
6857 6858
6858 6859
6859 6931
6931 7007
7007 7078
7078 7079
7079 7080
7080 7149
6462 6463
6483 6565
6565 6644
6644 6722
6722 6798
6798 6869
6869 6941
6941 7018
6473 6474
6472 6553
6553 6633
6633 6711
6711 6787
6787 6860
6860 6932
6932 7008
7008 7079
6477 6558
6558 6638
6638 6716
6716 6792
6792 6864
6864 6936
6936 7012
7012 7082
6476 6557
6557 6637
6637 6715
6715 6791
6791 6864
6478 6559
6559 6638
6465 6546
6546 6626
6626 6704
6704 6705
6705 6706
6706 6707
6707 6708
6708 6709
6709 6785
6785 6858
6467 6548
6548 6628
6628 6706
6466 6547
6547 6627
6627 6705
6469 6470
6470 6551
6551 6631
6631 6632
6632 6633
6468 6469
6471 6472
6505 6504
6507 6506
6508 6590
6590 6669
6669 6747
6747 6822
6499 6581
6581 6660
6660 6659
6659 6658
6658 6657
6657 6656
6498 6497
6552 6632
6555 6635
6635 6713
6713 6714
6554 6634
6634 6712
6544 6624
6624 6702
6702 6778
6778 6851
6851 6923
6549 6629
6629 6630
6630 6631
6550 6630
6543 6623
6623 6624
6587 6666
6586 6585
6589 6588
6580 6579
6575 6654
6560 6639
6639 6717
6717 6793
6793 6865
6865 6936
6618 6619
6651 6729
6640 6718
6718 6793
6710 6711
6697 6698
6696 6772
6772 6845
6845 6917
6917 6993
6993 7064
7064 7133
6699 6700
6695 6696
6745 6820
6744 6743
6743 6818
6818 6889
6889 6959
6959 6958
6958 7032
7032 7103
7103 7102
7102 7172
7172 7238
7238 7237
7237 7236
7236 7235
7235 7234
7234 7300
7300 7299
7299 7298
7298 7297
7297 7366
7366 7434
7434 7500
7500 7571
7571 7644
7644 7643
7643 7642
7642 7641
7641 7640
6746 6745
6737 6736
6736 6735
6735 6734
6742 6741
6733 6732
6732 6807
6807 6806
6806 6805
6805 6804
6723 6798
6776 6849
6781 6854
6780 6853
6783 6856
6782 6855
6771 6844
6844 6916
6916 6992
6992 7063
7063 7064
6770 6694
6694 6616
6616 6536
6536 6454
6454 6376
6376 6299
6299 6224
6224 6148
6148 6072
6072 6071
6071 6070
6070 6069
6069 6068
6068 6067
6067 5986
5986 5913
5913 5839
5839 5764
5764 5763
5763 5687
5687 5607
5607 5530
5530 5444
5444 5443
5443 5442
5442 5441
5441 5349
5349 5348
5348 5260
5260 5177
5177 5176
6773 6846
6846 6847
6775 6848
6811 6882
6810 6809
6812 6883
6815 6886
6886 6885
6885 6884
6814 6813
6784 6857
6786 6859
6789 6862
6843 6844
6817 6888
6888 6887
6887 6886
6816 6887
6819 6890
6890 6889
6879 6949
6949 7023
7023 7094
6866 6938
6910 6911
6893 6892
6881 6880
6937 7013
6940 7016
7016 7086
7086 7156
7156 7222
6929 6930
6930 7006
7006 7077
7077 7146
6933 7009
7009 7080
6934 7010
7010 7081
7081 7150
6921 6922
6920 6996
6996 7067
7067 7068
7068 7137
6925 7001
7001 7072
7072 7073
7073 7142
6924 6925
6927 7003
7003 7074
7074 7143
6926 6927
6915 6916
6914 6990
6990 7061
7061 7130
6919 6995
6995 7066
7066 7067
6918 6919
6953 6952
6954 6953
6957 6956
6956 7030
7030 7101
7101 7171
7171 7237
7000 7071
7071 7072
7002 7073
7005 7076
7076 7145
7004 7075
7075 7144
6994 7065
7065 7066
6997 7068
6998 7069
7069 7070
6985 7054
6984 7053
6987 7056
6986 7055
6989 7060
7060 7129
6988 7057
6991 7062
7062 7063
6977 7046
7046 7047
7047 7048
7048 7049
7049 7050
7050 7119
6976 7045
7045 7114
6979 7048
6978 7047
6981 7050
6980 7049
6983 7052
7033 7104
7104 7103
7025 7024
7027 7098
7098 7168
7168 7234
7026 7097
7097 7096
7096 7166
7166 7232
7232 7298
7029 7100
7100 7099
7099 7098
7028 7099
7031 7102
7017 7087
7087 7157
7014 7084
7059 7060
7058 7059
7044 7045
7090 7089
7085 7154
7162 7227
7227 7293
7293 7362
7165 7164
7167 7166
7153 7152
7155 7221
7221 7288
7159 7158
7193 7129
7195 7196
7196 7132
7194 7130
7197 7133
7199 7200
7200 7201
7201 7137
7198 7199
7185 7186
7186 7187
7187 7188
7188 7189
7189 7125
7184 7185
7190 7191
7177 7178
7178 7114
7176 7175
7179 7180
7180 7181
7181 7182
7182 7183
7183 7119
7169 7168
7170 7169
7173 7172
7174 7240
7240 7306
7306 7305
7305 7304
7304 7373
7373 7441
7224 7290
7290 7289
7228 7294
7294 7363
7231 7297
7230 7229
7217 7152
7218 7217
7220 7286
7209 7145
7208 7144
7211 7212
7212 7213
7213 7149
7210 7146
7214 7150
7203 7204
7204 7205
7205 7206
7206 7142
7202 7203
7207 7143
7259 7260
7260 7194
7258 7192
7261 7262
7262 7263
7263 7264
7264 7265
7265 7266
7266 7267
7267 7268
7268 7269
7269 7270
7270 7204
7249 7250
7250 7251
7248 7249
7243 7244
7244 7245
7245 7246
7246 7247
7247 7248
7242 7241
7233 7232
7291 7290
7292 7361
7361 7429
7429 7495
7495 7566
7566 7639
7639 7711
7280 7281
7282 7216
7285 7284
7284 7217
7287 7356
7356 7424
7424 7490
7273 7274
7274 7275
7275 7209
7272 7206
7277 7278
7278 7279
7279 7280
7276 7277
7271 7205
7323 7256
7325 7258
7327 7260
7326 7259
7319 7252
7310 7243
7296 7365
7365 7433
7433 7499
7499 7570
7570 7643
7301 7300
7303 7372
7372 7440
7440 7506
7506 7577
7302 7301
7353 7285
7352 7284
7359 7358
7345 7346
7344 7345
7349 7282
7337 7270
7336 7337
7339 7340
7340 7273
7338 7271
7341 7274
7343 7344
7342 7275
7329 7330
7330 7331
7331 7332
7332 7333
7333 7334
7334 7335
7335 7336
7328 7261
7369 7368
7368 7367
7367 7366
7371 7370
7370 7369
7360 7428
7428 7427
7427 7426
7417 7349
7418 7349
7409 7410
7410 7411
7411 7412
7412 7413
7413 7414
7408 7409
7415 7347
7401 7402
7402 7403
7403 7335
7400 7401
7405 7406
7406 7338
7404 7336
7407 7408
7395 7327
7394 7326
7397 7398
7398 7399
7399 7400
7396 7328
7432 7498
7498 7569
7569 7642
7435 7501
7501 7572
7572 7645
7645 7644
7437 7436
7436 7435
7439 7438
7438 7437
7425 7491
7491 7562
7562 7635
7635 7708
7431 7497
7497 7496
7480 7415
7483 7418
7484 7418
7473 7474
7474 7475
7475 7476
7476 7477
7477 7412
7472 7473
7465 7466
7466 7467
7467 7468
7468 7403
7464 7465
7469 7404
7471 7406
7470 7471
7461 7396
7463 7464
7462 7397
7513 7446
7517 7450
7505 7504
7504 7503
7503 7574
7574 7573
7573 7572
7509 7580
7580 7579
7579 7652
7652 7724
7724 7797
7797 7796
7796 7795
7795 7794
7794 7793
7502 7501
7493 7564
7564 7563
7494 7493
7544 7477
7547 7480
7546 7479
7551 7484
7550 7483
7537 7538
7538 7471
7536 7469
7539 7472
7541 7474
7540 7473
7543 7476
7542 7475
7529 7462
7531 7464
7530 7463
7533 7466
7532 7465
7535 7468
7534 7467
7582 7444
7444 7445
7568 7641
7565 7638
7638 7637
7637 7709
7709 7708
7555 7487
7559 7633
7633 7706
7706 7780
7609 7538
7608 7609
7611 7612
7612 7613
7613 7542
7610 7539
7615 7616
7614 7615
7603 7604
7604 7605
7605 7606
7606 7607
7607 7536
7592 7593
7593 7522
7522 7523
7523 7456
7456 7457
7457 7458
7458 7393
7393 7325
7647 7719
7719 7792
7646 7645
7627 7626
7629 7628
7630 7558
7617 7546
7618 7547
7623 7552
7622 7551
7677 7678
7678 7606
7679 7607
7654 7653
7653 7652
7710 7783
7700 7627
7703 7702
7702 7701
7689 7690
7690 7691
7693 7621
7695 7623
7681 7609
7680 7681
7683 7684
7684 7685
7685 7686
7686 7687
7682 7610
7713 7712
7715 7714
7714 7713
7717 7790
7716 7789
7789 7862
7862 7935
7718 7717
7768 7696
7773 7772
7775 7774
7761 7762
7762 7763
7765 7692
7753 7681
7752 7753
7751 7752
7785 7784
7787 7786
7786 7785
7788 7861
7861 7934
7776 7775
7779 7853
7782 7855
7832 7833
7835 7762
7834 7761
7838 7765
7825 7752
7826 7753
7829 7756
7828 7755
7831 7758
7830 7757
7865 7864
7864 7937
7866 7865
7871 10012
10012 7870
7857 7856
7859 7932
7858 7857
7860 7933
7849 7775
7850 7776
7841 7768
7847 7773
7901 7902
7902 7903
7903 7831
7900 7828
7920 7919
7923 7850
7922 7921
7912 7840
7914 7842
7904 7905
7907 7908
7906 7834
7910 7837
7985 7915
7991 7920
7977 7978
7976 7906
7981 7910
7983 7913
7971 7901
7973 7974
7974 7975
7972 7973
8013 8012
8012 10115
10115 7941
8000 7999
8003 8002
8004 7933
8006 7935
8035 7973
8036 7974
8073 8072
8072 8009
8074 10077
10077 8011
8069 8006
8120 8060
