 key  value
8122 8063
8063 8001
8001 8002
8002 8003
8003 8004
8004 8005
8005 8006
8006 8007
8007 8008
8008 8009
8009 8010
8010 8011
8011 7942
7942 7869
7869 7796
7796 7797
7797 7724
7724 7725
7725 7653
7653 7580
7580 7509
7509 7443
7443 7375
7375 7376
7376 7307
7307 7241
7241 7242
8125 8126
8126 8067
8067 8068
8068 8006
8124 8125
8127 8068
8113 8054
8054 8055
8055 8056
8056 8057
8057 8058
8058 8059
8059 8060
8060 7998
7998 7999
7999 8000
8000 8001
8112 8053
8053 8054
8115 8056
8114 8055
8117 8058
8116 8117
8119 8060
8118 8119
8105 8046
8046 7984
7984 7985
7985 7986
7986 7987
7987 7988
7988 7989
7989 7990
7990 7991
7991 7992
7992 7993
7993 7994
7994 7995
7995 7996
7996 7997
7997 7998
8104 8045
8045 8046
8107 8048
8048 8049
8049 7987
8106 8107
8109 8050
8050 8051
8051 8052
8052 7990
8108 8049
8111 8052
8110 8111
8097 8038
8038 7976
7976 7977
7977 7978
7978 7979
7979 7980
7980 7981
7981 7982
7982 7983
7983 7984
8096 8037
8037 7975
7975 7976
8099 8100
8100 8041
8041 7979
8098 8039
8039 7977
8101 8042
8042 7980
8103 8044
8044 7982
8102 8043
8043 8044
8155 8098
8157 8100
8156 8157
8159 8102
8158 8101
8136 8137
8137 8138
8138 8139
8139 8140
8140 8141
8141 8142
8142 8085
8085 8026
8026 7964
7964 7965
7965 7966
7966 7967
7967 7968
7968 7969
7969 7970
7970 7971
7971 7972
7972 7973
7973 7974
7974 7975
8128 8069
8069 8007
8185 8128
8184 8185
8177 8178
8178 8121
8121 8122
8176 8119
8179 8122
8181 8124
8180 8123
8123 8064
8064 8065
8065 8066
8066 8067
8183 8126
8182 8183
8169 8170
8170 8171
8171 8172
8172 8173
8173 8174
8174 8117
8168 8111
8175 8176
8161 8104
8160 8161
8163 8164
8164 8107
8162 8105
8165 8166
8166 8167
8167 8168
8217 8218
8218 8219
8219 8220
8220 8221
8221 8164
8216 8217
8223 8224
8224 8225
8225 8226
8226 8227
8227 8228
8228 8229
8229 8230
8230 8231
8231 8232
8232 8233
8233 8234
8234 8235
8235 8178
8222 8165
8215 8216
8214 8157
8241 8242
8242 8243
8243 8244
8244 8187
8187 8188
8188 8131
8131 8072
8072 8010
8240 8183
8237 8238
8238 8239
8239 8240
8236 8179
8281 8228
8280 8227
8283 8284
8284 8231
8282 8283
8285 8232
8287 8234
8286 8233
8273 8274
8274 8221
8272 8273
8275 8276
8276 8223
8277 8224
8279 8226
8278 8225
91 111
111 125
125 143
143 172
172 209
209 254
254 304
304 359
359 419
419 482
482 552
552 551
551 622
622 692
692 771
771 857
857 940
940 939
939 938
938 1012
1012 1081
1081 1153
1153 1236
1236 1318
1318 1404
1404 1498
1498 1685
1685 1780
1780 1867
1867 1951
1951 2040
2040 2132
2132 2222
2222 2309
2309 2397
2397 2483
2483 2567
2567 2654
2654 2742
2742 2830
2830 2927
2927 3029
3029 3121
3121 3215
3215 3310
3310 3405
3405 3490
3490 3571
3571 3657
3657 3739
3739 3825
3825 3914
3914 4002
4002 4091
4091 4181
4181 4274
4274 4364
4364 4453
4453 4541
4541 4627
4627 4709
4709 4796
4796 4882
4882 4966
4966 5049
5049 5130
5130 5209
5209 5297
5297 5389
5389 5480
5480 5565
5565 5642
5642 5722
5722 5797
5797 5872
5872 5947
5947 6027
6027 6107
6107 6185
6185 6260
6260 6337
6337 6416
6416 6499
6499 6582
6582 6661
6661 6740
6740 6816
6816 6887
6887 6958
6958 7033
7033 7104
7104 7175
7175 7242
8269 8270
8270 8217
93 114
114 129
129 147
147 176
176 214
214 260
260 311
311 367
367 429
429 493
493 564
564 636
636 706
706 783
783 868
868 946
946 1018
1018 1088
1088 1161
1161 1245
1245 1329
1329 1419
1419 1516
1516 1610
1610 1707
1707 1797
1797 1880
1880 1968
1968 2058
2058 2147
2147 2233
2233 2320
2320 2405
2405 2490
2490 2575
2575 2661
2661 2750
2750 2838
2838 2938
2938 3042
3042 3132
3132 3224
3224 3319
3319 3409
3409 3497
3497 3582
3582 3665
3665 3750
3750 3839
3839 3928
3928 4016
4016 4105
4105 4196
4196 4381
4381 4470
4470 4557
4557 4643
4643 9898
9898 4729
4729 4728
4728 4816
4816 4901
4901 4985
4985 5068
5068 5149
5149 5228
5228 5315
5315 5406
5406 5496
5496 5581
5581 5657
5657 5736
5736 5811
5811 5885
5885 5958
5958 6038
6038 6118
6118 6195
6195 6269
6269 6346
6346 6424
6424 6506
6506 6588
6588 6667
6667 6745
6745 6820
6820 6891
6891 6961
6961 7035
7035 7106
7106 7176
7176 7242
8268 8269
92 113
113 128
128 146
146 175
175 213
213 259
259 310
310 366
366 428
428 492
492 563
563 635
635 705
705 782
782 867
867 945
945 1017
1017 1087
1087 1160
1160 1244
1244 1328
1328 1419
8271 8272
8319 8270
8318 8319
8298 8299
8299 8246
8246 8189
8189 8132
8132 8073
8073 8011
127 144
144 172
126 143
8289 8236
8288 8235
112 126
8291 8238
115 130
130 148
148 177
177 215
215 261
261 312
312 368
368 430
430 494
494 565
565 637
637 707
707 784
784 869
869 947
947 1019
1019 1089
1089 1161
8290 8237
8293 8294
8294 8241
8292 8293
8344 8345
8345 8346
8346 8297
8297 8244
8349 9963
9963 8299
110 124
124 142
142 170
170 208
208 253
253 359
8337 8338
8338 8339
8339 8290
8336 8337
8341 8342
8342 8293
8340 8341
8343 8294
8329 8280
8328 8329
8331 8332
8332 8283
8330 8281
8333 8284
8335 8286
8334 8285
8321 8272
145 146
8320 8321
8323 8274
8322 8273
8325 8276
149 178
178 216
216 262
262 313
313 369
369 431
431 495
495 566
566 638
638 708
708 785
785 869
8324 8325
8327 8278
8326 8327
150 179
179 217
217 263
263 314
314 370
370 432
432 496
496 567
567 638
8377 8378
8378 8379
8379 8380
8380 8332
8376 8377
8381 8333
8383 8384
8384 8385
8385 8337
8382 8383
8369 8370
8370 8371
8371 8323
8368 8320
131 149
8373 8374
8374 8375
8375 8376
133 151
151 180
180 218
218 264
264 315
315 371
371 432
8372 8324
181 219
219 264
173 172
174 175
8393 8394
8394 8395
8395 8396
8396 8348
8348 8299
8387 8339
211 257
257 258
258 309
309 365
365 427
427 491
491 562
562 634
634 635
8386 8387
210 209
8389 8390
8390 8342
8388 8340
212 258
8391 8343
8441 8442
8442 8443
8443 8444
8444 8395
8440 8441
8433 8384
8432 8383
8435 8436
8436 8387
8434 8435
8437 8438
8438 8439
8439 8390
8425 8426
8426 8427
8427 8428
8428 8429
8429 8430
8430 8431
8431 8432
8424 8425
255 305
305 304
8419 8370
8418 8419
8421 8422
8422 8423
8423 8374
8420 8371
8473 8474
8474 8475
8475 8428
8472 8425
8477 8430
8476 8429
8479 8432
8478 8431
8467 8420
8466 8419
8469 8422
8468 8469
8471 8424
8470 8423
266 316
316 371
256 306
306 361
361 422
422 485
485 555
555 626
626 696
696 774
774 859
859 858
858 857
8499 8500
8500 8454
8454 8455
8455 8456
8456 8457
8457 8458
8458 8411
8411 8362
8362 8363
8363 8315
8315 8266
8266 8213
8213 8214
317 373
373 434
434 497
497 567
319 375
375 436
436 500
500 570
570 641
641 711
711 788
788 872
872 950
950 1022
1022 1092
1092 1164
1164 1248
1248 1332
1332 1422
1422 1518
1518 1611
1611 1708
1708 1799
1799 1882
1882 1970
1970 2061
2061 2151
2151 2237
2237 2324
2324 2409
2409 2493
2493 2578
2578 2664
2664 2752
2752 2840
2840 2940
2940 3043
3043 3133
3133 3225
3225 3319
318 373
8481 8482
8482 8483
8483 8484
8484 8437
8480 8481
307 363
363 425
425 426
426 490
490 561
561 633
633 703
703 704
704 705
8485 8486
8486 8439
308 364
364 426
8487 8440
299 354
354 414
414 475
475 544
544 615
615 686
686 765
765 851
851 935
935 1010
1010 1234
1234 1317
1317 1498
8529 8530
8530 8484
8528 8529
8531 8532
8532 8486
8533 8487
8521 8475
8520 8474
8523 8524
8524 8525
8525 8479
8522 8476
8527 8481
8526 8527
8515 8516
8516 8470
8514 8468
8517 8518
8518 8519
8519 8520
8569 8570
8570 8571
8571 8527
8568 8569
8573 8574
8574 8575
8575 8576
8576 8577
8577 8578
8578 8579
8579 8535
8535 8489
8489 8490
8490 8491
8491 8444
8572 8573
8561 8562
8562 8518
8560 8561
8563 8564
8564 8565
8565 8521
8567 8568
8566 8567
372 433
433 496
374 435
435 499
499 570
360 359
362 423
423 486
486 556
556 627
627 626
8605 8562
8604 8561
8607 8564
8606 8607
353 413
413 475
8589 8546
8546 8502
8502 8456
8588 8545
8545 8546
412 474
474 543
543 614
614 685
685 765
8590 8591
8591 8548
8548 8504
8504 8458
8632 8591
8631 8632
8630 8631
8617 8574
8616 8573
8619 8576
8618 8619
8609 8610
8610 8567
8608 8565
8611 8568
8613 8570
8612 8569
8615 8572
8614 8571
424 425
8671 8632
8670 8631
8657 8658
8658 8617
8656 8657
416 477
477 546
546 617
617 688
688 768
768 854
854 938
8659 8660
8660 8619
8661 8662
8662 8663
8663 8664
8664 8623
8623 8624
8624 8581
8581 8537
8537 8491
421 484
484 554
554 625
625 695
695 774
420 483
483 482
8649 8650
8650 8609
473 541
541 612
612 683
683 762
762 849
849 933
933 1008
1008 1078
1078 1150
1150 1316
1316 1496
1496 1590
1590 1683
1683 1864
1864 2129
2129 2220
2220 2307
2307 2395
2395 2482
2482 2566
2566 2653
2653 2742
8648 8607
8651 8610
8653 8612
8652 8611
476 544
8655 8656
8654 8655
478 546
469 538
538 609
609 680
680 760
760 847
847 932
932 1008
8647 8648
471 540
540 611
611 682
682 761
761 848
848 932
8646 8647
8697 8698
8698 8699
8699 8660
8696 8697
8701 8662
8700 8701
8689 8650
8691 8652
8690 8651
8693 8694
8694 8695
8695 8696
8692 8653
8686 8687
8687 8648
8672 8633
8633 8592
8592 8549
8549 8505
8505 8459
8459 8412
8412 8363
498 569
569 640
640 709
709 786
786 870
870 947
8729 8730
8730 8692
489 490
8728 8729
488 489
8731 8732
8732 8733
8733 8695
8735 8736
8736 8698
8734 8735
487 557
557 628
628 697
697 696
8726 8727
8727 8728
537 609
539 610
610 680
542 614
8711 8712
8712 8713
8713 8675
8675 8636
8636 8595
8595 8552
8552 8553
8553 8509
8509 8510
8510 8464
8464 8417
8417 8418
8710 8672
8763 8727
8765 8729
8764 8728
8767 8768
8768 8732
8766 8730
8747 8748
8748 8712
8746 8710
8737 8699
8739 8701
8738 8739
553 552
545 616
616 686
8787 8788
8788 8789
8789 8750
8750 8714
8714 8715
8715 8677
8677 8638
8638 8597
8597 8554
8554 8510
547 618
618 688
8786 8747
8776 8777
8777 8741
8741 8703
8703 8664
605 606
606 607
607 678
678 758
758 846
846 847
8780 9950
9950 8704
8704 8665
8665 8623
8769 8770
8770 8734
8771 8735
8773 8737
8772 8736
8775 8776
8774 8738
8827 8788
8816 8777
8809 8770
8808 8809
8811 8812
8812 8773
8810 8811
8813 8774
8815 8776
8814 8815
8801 8762
8762 8726
8800 8761
8761 8762
624 694
694 773
773 859
8803 8764
8805 8806
8806 8807
8807 8808
8804 8765
619 689
689 768
621 691
691 770
770 856
856 940
620 619
623 693
693 692
8849 8850
8850 8851
8851 8852
8852 8813
8848 8809
608 679
679 759
759 847
8853 8814
613 684
684 764
764 851
8854 8815
8841 8802
8802 8803
8843 8844
8844 8845
8845 8846
8846 8847
8847 8808
8842 8803
8890 9969
9969 8816
8881 8882
8882 8883
8883 8884
8884 8885
8885 8886
8886 8887
8887 8888
8888 8889
8889 8890
8880 8881
642 712
712 789
789 873
873 950
8877 8878
8878 8879
8879 8880
681 760
8920 8921
8921 8887
687 766
766 852
852 937
937 1012
8913 8879
8912 8878
8915 8881
675 755
755 843
843 844
844 929
929 930
930 931
931 932
8914 8915
8917 8883
677 678
8916 8917
676 756
756 844
8919 8885
8918 8884
8911 8912
8910 8876
8876 8877
8953 8954
8954 8921
8952 8953
8945 8912
8944 8911
8947 8948
8948 8949
8949 8950
8950 8917
8946 8913
8951 8952
710 786
763 850
850 849
767 853
853 937
753 840
840 925
925 1003
1003 1073
1073 1142
1142 1223
1223 1306
1306 1393
1393 1487
1487 1584
1584 1677
1677 1773
1773 1862
1862 1946
1946 2035
2035 2127
2127 2218
2218 2305
2305 2392
2392 2478
2478 2734
2734 2820
2820 2913
2913 3015
3015 3108
3108 3203
3203 3300
3300 3395
3395 3482
3482 3564
3564 3649
3649 3732
3732 3820
3820 3907
3907 3996
3996 4086
4086 4176
4176 4269
4269 4360
4360 4449
4449 4537
4537 4623
4623 4706
4706 4794
4794 4880
4880 4964
4964 5048
5048 5130
754 842
842 843
757 845
845 930
8985 8953
8984 8952
8977 8978
8978 8979
8979 8980
8980 8948
8976 8977
8981 8949
8983 8984
8982 8950
8975 8976
8974 8975
787 871
871 948
948 1019
790 874
874 952
952 1024
1024 1094
1094 1166
1166 1250
1250 1334
1334 1424
1424 1521
1521 1615
1615 1712
1712 1803
1803 1885
1885 1973
1973 2063
2063 2152
2152 2237
9017 8986
8986 8954
9016 9017
9009 8978
769 768
9008 9009
9011 8980
9010 8979
9013 8982
9012 9013
9015 8984
9014 9015
9005 9006
9006 9007
9007 9008
8997 8966
8966 8967
8967 8935
8935 8902
8902 8868
8868 8869
8869 8870
8870 8871
8871 8872
8872 8873
8873 8874
8874 8875
8875 8876
8998 8967
9041 9042
9042 9043
9043 9013
9040 9041
9045 9046
9046 9047
9047 9048
9048 9049
9049 9019
9019 9020
9020 8989
8989 8957
8957 8924
8924 8890
9044 9045
9037 9038
9038 9008
9036 9037
9039 9009
9029 9030
9030 9000
9000 8969
8969 8970
8970 8971
8971 8939
8939 8906
8906 8872
9028 8998
855 854
841 925
9073 9045
9072 9073
9075 9047
835 836
836 921
921 922
922 923
923 924
924 925
9074 9046
837 838
838 839
839 840
9065 9037
9064 9065
9067 9039
9066 9038
9069 9041
9068 9069
9071 9043
9070 9042
9059 9060
9060 9032
9032 9033
9033 9003
9003 8972
8972 8973
8973 8941
8941 8942
8942 8943
8943 8910
9058 9030
9063 9064
9113 9114
9114 9115
9115 9089
9089 9090
9090 9091
9091 9092
9092 9093
9093 9065
875 952
9117 9091
876 954
954 1025
1025 1094
9119 9093
9118 9119
9104 9076
9076 9048
9097 9069
9096 9097
920 921
9099 9071
9098 9070
9101 9073
9100 9101
9103 9075
927 928
928 929
9102 9074
926 1003
9095 9067
9094 9066
9145 9146
9146 9119
9144 9145
9147 9148
9148 9149
9149 9150
9150 9151
9151 9152
9152 9125
9125 9126
9126 9100
9141 9142
9142 9143
9143 9144
9128 9102
9130 9104
9133 9107
9107 9079
9079 9051
9051 9020
9121 9095
9120 9094
944 1016
1016 1086
1086 1159
1159 1243
1243 1327
1327 1418
1418 1515
1515 1609
1609 1707
9123 9097
9122 9123
949 1020
1020 1089
9124 9125
9127 9101
951 1022
9177 9152
9176 9151
936 1010
9179 9180
9180 9181
9181 9182
9182 9183
9183 9184
9184 9159
9159 9132
9132 9106
9106 9078
9078 9050
9050 9020
9178 9153
9153 9126
9169 9144
9171 9172
9172 9173
9173 9148
9170 9171
9175 9150
9174 9149
934 933
9155 9128
9154 9127
9201 9177
9200 9176
9203 9204
9204 9180
9202 9178
9205 9181
9206 9207
9207 9208
9208 9184
9193 9169
9195 9171
9197 9173
1021 1091
1091 1163
1163 1246
1246 1329
9196 9172
9199 9200
9198 9199
1009 1008
1011 1080
1080 1152
1152 1234
1015 1085
1085 1158
1158 1242
1242 1326
1326 1417
1417 1514
1514 1608
1608 1705
1705 10049
10049 1797
1014 1084
1084 1157
1157 1241
1241 1325
1325 1416
1416 1513
1513 1607
1607 1705
9241 9242
9242 9243
9243 9222
9222 9200
1001 922
1000 1001
9245 9246
9246 9247
9247 9248
9248 9249
9249 9250
9250 9251
9251 9230
9230 9208
1005 1006
1006 930
9244 9223
9223 9201
1004 1003
1007 1008
9225 9226
9226 9227
9227 9228
9228 9229
9229 9207
9224 9225
9219 9220
9220 9221
9221 9199
1037 1104
1104 1180
1180 1263
1263 1349
1349 1439
1439 1535
1535 1534
1534 1627
1627 1724
1724 1814
1814 1896
1896 1984
1984 1983
1983 2073
2073 2162
2162 2247
2247 2334
2334 2419
2419 2503
2503 2588
2588 2587
2587 2586
2586 2585
2585 2584
2584 2670
2670 2758
2758 2846
2846 2845
2845 2945
2945 2944
2944 2943
2943 2942
2942 2941
2941 2940
1027 1096
1096 1168
1168 1252
1252 1336
1336 1426
1426 1523
1523 1616
1616 1713
1713 1803
1026 1095
1095 1167
1167 1251
1251 1335
1335 1425
1425 1522
1522 1616
1028 1097
1097 1169
1169 1252
1075 1144
1144 1226
1226 10048
10048 1227
1227 1228
1228 1229
1229 1230
1230 1231
1231 1232
1232 1233
1233 1316
1074 1143
1143 1142
1077 1148
1148 1232
1076 1006
1099 1171
1171 1254
1254 1337
1337 1427
1427 1523
1102 1174
1174 1257
1257 1340
1340 1430
1430 1429
1429 1428
1428 1524
1524 1523
1090 1162
1162 1246
1145 1229
1146 1147
1147 1231
1183 1266
1266 1352
1352 1442
1442 1538
1538 1631
1631 1728
1728 1818
1818 1817
1817 1899
1899 1898
1898 1986
1986 1985
1985 1984
1182 1181
1181 1264
1264 1350
1350 1440
1440 1439
1170 1253
1253 1336
1173 1256
1256 1339
1339 1429
1172 1255
1255 1338
1338 1428
1165 1248
1156 1157
9421 9422
9422 9423
9423 9424
9424 9442
9442 9443
9443 9461
9461 9477
9477 9494
9494 9512
9512 9531
9531 9551
9551 6006
6006 6087
6087 6163
6163 6238
6238 6313
6313 6314
6314 6315
6315 6316
6316 6317
6317 6395
6395 6474
6474 6555
6555 6635
6635 6713
6713 6714
6714 6715
6715 6791
6791 6864
6864 6936
6936 7012
7012 7083
7083 7152
7152 7217
7217 7284
7284 7352
7352 7421
7421 7487
7487 9982
9982 7556
7556 7557
7557 7558
7558 7631
7631 7704
7704 7777
7777 7851
7851 7924
7924 7925
7925 7926
7926 7927
7927 7854
7854 7781
7781 7708
7708 7709
7709 7637
7637 7564
7564 7493
7493 7494
7494 7495
7495 7496
7496 7497
7497 7498
7498 7432
7432 7433
7433 7434
7434 7435
7435 7436
7436 7368
7368 7299
7299 7300
7300 7234
7234 7235
7235 7236
7236 7237
7237 7238
7238 7239
7239 7240
7240 7241
9420 9421
1247 1330
1330 1420
1420 1517
1517 1610
1235 1318
1225 1224
1224 1223
1221 1220
1220 1305
1305 1392
1392 1484
1484 1582
1582 1675
1675 1772
1772 1862
9462 9939
9939 9478
9478 9942
9942 9495
9495 9512
1222 1221
1269 1268
1268 1354
1354 1353
1353 1352
1259 1345
1345 1435
1435 1434
1434 1433
1433 1529
1529 1528
1528 1527
1527 1620
1620 1717
1717 1807
1807 1889
1889 1888
1888 1887
1887 1886
1886 1885
9493 9511
9511 9530
9530 9550
9550 9572
9572 5928
5928 6006
1304 1392
1307 1306
1309 1308
1308 1307
1311 1227
1310 1309
9529 9530
9528 9529
9532 9551
9525 9544
9544 9563
9563 9586
9586 9607
9607 9629
9629 9630
9630 9631
9631 9984
9984 9609
9609 9610
9610 9611
9611 9612
9612 9613
9613 9614
9614 7873
7873 7800
7800 7801
7801 7874
7874 7875
7875 7876
7876 7877
7877 7878
7878 7879
7879 7880
7880 7881
7881 7882
7882 7883
7883 7884
7884 7885
7885 7886
7886 7887
7887 7888
7888 7889
7889 7890
7890 7891
7891 7892
7892 7893
7893 7894
7894 7895
7895 7896
7896 7897
7897 7898
7898 7899
7899 7900
7900 7901
7901 7902
7902 7903
7903 7904
7904 7905
7905 7906
7906 7907
7907 7908
7908 7909
7909 7910
7910 7911
7911 7912
7912 7913
7913 7914
7914 7915
7915 7916
7916 7917
7917 7918
7918 7919
7919 7920
7920 7921
7921 7922
7922 7923
7923 7924
9524 9543
9543 9562
9562 9585
9585 9606
9606 9628
9628 9629
9527 9528
9513 9532
1341 1431
1431 1527
1343 1342
1342 1432
1432 1528
9506 9524
9509 9510
9510 9511
9567 9568
9568 9569
9569 9570
9570 9571
9571 9572
9566 9567
1312 1228
1319 1405
1405 1500
1500 1594
1594 1687
1687 1781
1781 1867
9547 9569
9546 9568
9549 9571
9548 9570
9593 6911
6911 6912
6912 6913
6913 6982
6982 7051
7051 7052
7052 7121
7121 7122
7122 7123
7123 7124
7124 7189
7189 7190
7190 7191
7191 7258
7258 7326
7326 7327
7327 7328
7328 7397
7397 7463
7463 7464
7464 7465
7465 7466
7466 7467
7467 7468
7468 7469
7469 7470
7470 7471
7471 7472
7472 7473
7473 7474
7474 7475
7475 7476
7476 7477
7477 7478
7478 7479
7479 7480
7480 7481
7481 7482
7482 7483
7483 7484
7484 7485
7485 7486
7486 7487
9592 9593
9595 9594
9594 5374
5374 5373
5373 5285
5285 5202
5202 5122
5122 5040
5040 4956
4956 4871
4871 4870
4870 4783
4783 4694
4694 4608
4608 4521
4521 4432
4432 4340
4340 4339
4339 4338
4338 4337
4337 4245
4245 4152
4152 4062
4062 3972
3972 3883
3883 3795
3795 3707
3707 3706
3706 3705
3705 3704
3704 3620
3620 3534
3534 3448
3448 3447
3447 3446
3446 3445
3445 3444
3444 3443
3443 3442
3442 3441
3441 3440
3440 3439
3439 3438
3438 3437
3437 3436
3436 3435
3435 3434
3434 3433
3433 3432
3432 3431
3431 3430
3430 3429
3429 3428
3428 3427
3427 3426
3426 3425
3425 3424
3424 3423
3423 3339
3339 3338
3338 3337
3337 3336
3336 3335
3335 3334
3334 3333
3333 3332
3332 3331
3331 3330
3330 3329
3329 3328
3328 3327
3327 3326
3326 3325
3325 3324
3324 3323
3323 3229
3229 3138
3138 3137
3137 3045
3045 2949
2949 2948
2948 2947
2947 2946
2946 2945
1355 1354
1357 1447
1447 1446
1446 1542
1542 1635
1635 1634
1634 1731
1731 1730
1730 1729
1729 1728
1359 1449
1449 1448
1448 1447
1358 1448
1347 1437
1437 1436
1436 1435
1346 1436
9589 9590
9590 9591
9591 9592
9588 9589
1348 1438
1438 1534
1401 1314
1314 1315
1315 1232
1400 1401
1403 1497
1497 1590
1402 1315
1395 1489
1489 1586
1586 1679
1679 1775
1775 1863
1863 1947
1947 1946
1394 1393
9573 4102
4102 4287
4287 4377
4377 4466
4466 4554
4554 4640
4640 4722
4722 4809
4809 4894
4894 4978
4978 5062
5062 5144
5144 5223
5223 5310
5310 5401
5401 5491
5491 5576
5576 5652
5652 5731
5731 5806
5806 5880
5880 5953
5953 6034
6034 6114
6114 6191
6191 6266
6266 6343
6343 6422
6422 6504
6504 6586
6586 6665
6665 6744
6744 6820
1397 1396
1396 1395
1399 1400
9574 3561
3561 3475
3475 3474
3474 3473
3473 3472
3472 3471
3471 3470
3470 3469
3469 3468
3468 3467
3467 3466
3466 3465
3465 3464
3464 3463
3463 3462
3462 3461
3461 3460
3460 3459
3459 3458
3458 3457
3457 3456
3456 3455
3455 3454
3454 3453
3453 3452
3452 3451
3451 3450
3450 3449
3449 3448
1398 1492
1492 1491
1491 9901
9901 1588
1588 1587
1587 1586
1391 1483
1483 1581
1581 1675
9617 9616
9616 7111
7111 7110
7110 7109
7109 7108
7108 7038
7038 7037
7037 6967
6967 6966
6966 6965
6965 6964
6964 6896
6896 6828
6828 6827
6827 6826
6826 6753
6753 6677
6677 6599
6599 6519
6519 6437
6437 6359
6359 6282
6282 6207
6207 6131
6131 6055
6055 5974
5974 5901
5901 5827
5827 5752
5752 5676
5676 5675
5675 5595
5595 5518
5518 5517
5517 5516
5516 5430
5430 5429
5429 5337
5337 5336
5336 5248
5248 5165
5165 5164
5164 5163
5163 5162
5162 5082
5082 5000
5000 4916
4916 4831
4831 4744
4744 4655
4655 4569
4569 4482
4482 4393
4393 4301
4301 4209
4209 4116
4116 4026
4026 3936
3936 3847
3847 3759
3759 3671
3671 3587
3587 3501
3501 3415
3415 3331
9657 9636
9636 9614
9656 9635
9635 9636
9658 9657
9661 9638
9638 10125
10125 9616
1421 1518
9660 9637
9637 9615
9615 6824
6824 6751
6751 6675
6675 6598
6598 6518
6518 6436
6436 6358
6358 6282
9655 9634
9634 9635
1415 1416
9654 9633
9633 9634
1414 10030
10030 1702
1702 1794
1794 1879
1879 1963
1963 2052
2052 2142
2142 2228
2228 2316
2316 2402
2402 2487
2487 2572
2572 2659
2659 2748
2748 2836
2836 2936
2936 3040
3040 3131
3131 3223
3223 3318
3318 3409
9639 9616
9681 9660
9680 9657
9682 9661
1445 1541
1541 1634
1499 1592
1592 1685
9677 10128
10128 9655
9679 9657
9678 9656
1490 1489
1493 1398
1495 1496
1494 1401
9721 9700
9700 9679
9720 9700
1482 1579
1579 1580
1580 1674
1674 1675
1485 1582
1486 1584
1531 1530
1530 1529
1533 1532
1532 1531
9699 9700
9701 9680
1525 1524
1526 1525
1512 1606
1606 1704
1704 1705
1511 1512
9742 9741
9741 9701
1553 1646
1646 1743
1743 1742
1742 1832
1832 1914
1914 2002
2002 2001
2001 2091
2091 2180
2180 2265
2265 2352
2352 2437
2437 2521
2521 2606
2606 2605
2605 2604
2604 2603
2603 2602
2602 2601
2601 2600
2600 2599
2599 2685
2685 2773
2773 2861
2861 2860
2860 2960
2960 2959
2959 2958
2958 2957
2957 2956
2956 2955
2955 2954
2954 2953
2953 2952
2952 2951
2951 2950
2950 2949
1552 1551
1551 1550
1550 1549
1549 1548
1548 1547
1547 1640
1640 1737
1737 1736
1736 1735
1735 1734
1734 1824
1824 1823
1823 1822
1822 1821
1821 1820
1820 1902
1902 1990
1990 1989
1989 1988
1988 1987
1987 2077
2077 2076
2076 2165
2165 2164
2164 2163
2163 2248
2248 2247
1555 1554
1554 1553
1556 1649
1649 1746
1746 1745
1745 1744
1744 1834
1834 1916
1916 2004
2004 2003
2003 2002
1545 1638
1638 1735
1544 1637
1637 1734
1546 1545
1537 1536
1536 1629
1629 1726
1726 1725
1725 1724
9782 9781
9781 9761
9761 9741
1543 1542
1593 1686
1686 1780
1585 1584
9762 9742
1589 1590
1591 1778
1778 1949
1949 2038
2038 2130
2130 2220
9819 9799
9799 9779
9779 9760
9760 9741
9818 9799
9821 9801
9801 9780
9780 9761
9820 9800
9800 9779
9823 9804
9804 9784
9784 9763
9763 9744
9744 9723
9723 10126
10126 9702
9702 9660
1583 1676
1676 1772
9822 9802
9802 9781
1625 1624
1624 1721
1721 1720
1720 1810
1810 1809
1809 1808
1808 1807
1626 1625
1628 1627
1630 1629
1619 1618
1618 1617
1617 1616
1621 1718
1718 1717
1623 1720
9798 9778
9778 9759
9759 9740
9740 9720
1622 1719
1719 1718
1613 1710
1710 1801
1801 1883
1883 1971
1971 2062
2062 2151
1612 1709
1709 1800
1800 1883
1605 1702
9844 9833
9833 10024
10024 9830
9830 9871
9871 9829
9829 9912
9912 9828
9828 9927
9927 9827
9827 9897
9897 6006
1657 1656
1656 1753
1753 1752
1752 1751
1751 1750
1750 1840
1840 1922
1922 1921
1921 1920
1920 1919
1919 2007
2007 2097
2097 2186
2186 2271
2271 2358
2358 2443
2443 2527
2527 2612
2612 2697
2697 2696
2696 2695
2695 2694
2694 2693
2693 2781
2781 2869
2869 2969
2969 2968
2968 2967
2967 2966
2966 2965
2965 2964
2964 2963
2963 2962
2962 2961
2961 2960
9835 9879
9879 9830
9834 9843
9843 9835
1658 1657
9836 9904
9904 9828
1648 1745
9826 6240
6240 6318
6318 6319
6319 6398
6398 6481
6481 6482
6482 6565
6565 6645
6645 6724
6724 6725
6725 6726
6726 6802
6802 6874
6874 6945
6945 7020
7020 7092
7092 7093
7093 7094
7094 7095
7095 7166
7166 7233
7233 7234
1651 1650
1650 1747
1747 1837
1837 1919
1653 1652
1652 1749
1749 1839
1839 1921
9831 10007
10007 9532
9881 1037
1643 1740
1740 1739
1739 1829
1829 1911
1911 1910
1910 1909
1909 1997
1997 2087
2087 2176
2176 2261
2261 2348
2348 2347
2347 2432
2432 2431
2431 2515
2515 2600
1642 1739
9885 1498
1645 1742
1644 1741
1741 1740
1647 1744
1633 1730
1632 1631
1636 1635
1639 1736
9866 673
673 753
1684 1777
1777 1865
1865 1948
1948 2038
9913 4728
1673 1580
9915 4194
4194 4286
4286 4376
4376 4465
4465 4553
4553 4639
4639 4721
4721 4808
4808 4893
4893 4977
4977 5060
5060 5142
5142 5221
5221 5309
5309 5401
9914 9825
9825 5627
5627 5628
5628 5708
5708 5784
5784 5859
5859 5860
5860 5935
5935 5936
5936 5937
5937 6017
6017 6098
6098 6176
6176 6251
6251 6329
6329 6330
6330 6331
6331 6332
6332 6333
6333 6334
6334 6413
6413 6496
6496 6579
6579 6659
6659 6738
6738 6814
6814 6886
6886 6957
6957 7032
7032 7104
9917 7084
7084 7153
7153 7218
7218 7285
7285 7352
9916 9828
9919 9827
9918 1864
1678 1677
9905 920
9906 4469
4469 4557
9909 4814
4814 4899
4899 4983
4983 5067
5067 5149
9908 3249
3249 3248
3248 3340
3340 3423
9911 6314
9910 5127
5127 5207
5207 5295
5295 5387
5387 5478
5478 5564
5564 5641
5641 5721
5721 5797
9896 3424
9899 2823
2823 2916
2916 3017
3017 3110
3110 3204
3204 3301
3301 3396
3396 3483
3483 3565
3565 3650
3650 3732
1723 1722
1722 1721
9900 6794
6794 7014
7014 7218
9903 3749
3749 3839
1727 1817
9902 9827
1715 1714
1714 1804
1804 1886
9893 1391
1716 1806
1806 1888
9895 4170
4170 4171
4171 4172
4172 4173
4173 4174
4174 4175
4175 4268
4268 4359
4359 4448
4448 4536
4536 4622
4622 4705
4705 4793
4793 4879
4879 4964
9894 9826
9945 3476
3476 3475
9944 1769
1769 1768
1768 1767
1767 1766
1766 1765
1765 1855
1855 1854
1854 1936
1936 2024
2024 2023
2023 2113
2113 2202
2202 2287
2287 2374
2374 2373
2373 2372
2372 2371
2371 2456
2456 2455
2455 2539
2539 2538
2538 2537
2537 2622
2622 2621
2621 2620
2620 2619
2619 2618
2618 2617
2617 2616
2616 2615
2615 2614
2614 2613
2613 2612
9946 918
918 917
917 916
916 994
994 1066
1066 1132
1132 1208
1208 1291
1291 1377
1377 1467
1467 1563
1563 1656
1706 1707
9949 6510
6510 6591
6591 10087
10087 6670
6670 6748
6748 6822
6822 6821
6821 6820
9948 8665
9951 9107
1711 1801
9936 9495
1699 1700
1700 1604
1604 1605
9938 9495
9943 7873
9928 4195
4195 4288
4288 4379
4379 4469
1754 1753
9933 9495
1757 1847
1847 1929
1929 2017
2017 2016
2016 2106
2106 2195
2195 2194
2194 2279
2279 2278
2278 2277
2277 2276
2276 2275
2275 2362
2362 2361
2361 2360
2360 2359
2359 2444
2444 2443
1758 1848
1848 1930
1930 1929
9920 774
9923 3159
3159 3158
3158 3157
3157 3249
9924 3424
1748 1747
9926 1589
9976 6005
6005 6086
6086 6087
9979 2871
2871 2870
2870 2869
1738 1828
1828 1827
1827 1909
9981 9544
9968 9270
9270 10129
10129 9252
9252 9231
9231 9208
9971 7871
7871 7798
7798 7725
9973 9637
9972 6892
6892 6962
6962 6961
1732 1731
9975 3323
9974 9615
9960 5069
5069 5229
5229 5316
5316 5315
9967 8445
8445 8396
9966 3845
3845 3757
3757 3586
3586 3500
3500 3415
1790 1876
1876 1960
1960 2049
2049 2048
2048 2047
2047 2046
2046 2045
2045 2044
2044 2135
2135 2312
2312 2399
2399 2398
2398 2484
2484 2568
2568 2655
2655 2654
9952 9133
9954 7942
9956 5669
5669 5510
5510 5424
5424 5332
5332 5244
5244 5161
5161 5081
5081 4999
4999 4915
4915 4830
4830 4743
4743 4654
4654 4568
4568 4481
4481 4392
4392 4300
4300 4208
4208 4115
4115 4025
4025 3935
3935 3846
3846 3758
3758 3670
3670 3586
9959 8780
10009 9610
10008 7853
7853 7780
7780 7707
7707 7708
1771 1861
1861 1946
1770 1769
1774 1863
10005 1797
1816 1898
1819 1818
9999 963
963 962
962 1035
1035 1103
1103 1034
1034 1033
1033 1032
1032 10013
10013 1031
1031 1030
1030 1099
1811 1810
1813 1812
1812 1894
1894 1982
1982 2072
2072 2161
2161 2246
2246 2333
2333 2332
2332 2417
2417 2501
2501 2586
1815 1814
10041 2478
10040 6007
6007 6164
6164 6239
6239 9911
10043 1001
10042 3479
3479 3480
3480 3481
3481 3482
1802 1885
10045 9509
1805 1804
10044 2783
2783 2698
2698 2615
10047 7853
10046 9829
10033 5381
5381 5472
5472 5558
5558 5559
5559 5636
5636 5716
5716 5792
5792 5867
5867 5942
5942 6022
6022 6103
6103 6181
6181 6256
6256 6334
10032 9655
10035 7160
7160 7161
7161 7162
7162 7228
7228 7229
7229 7230
7230 7231
7231 7232
7232 7233
10034 7160
10037 934
10036 1492
10039 9424
10038 604
604 605
1798 1880
10027 1945
1945 2035
10026 6318
1850 1932
1932 1931
1931 1930
10029 704
10028 9513
10031 2135
1841 1840
1843 1925
1925 1924
1924 1923
1923 1922
1842 1924
1845 1844
1844 1843
1846 1928
1928 2016
10073 3025
3025 3118
3118 3212
3212 3308
3308 3404
3404 3489
3489 3569
3569 3655
3655 3737
3737 3824
3824 3913
3913 4002
1833 1832
10072 3312
3312 3311
3311 3310
10075 2042
2042 2134
2134 2133
2133 2223
2223 2310
2310 2398
1835 1834
10074 1403
1836 1835
1838 1837
10065 1317
10064 3838
3838 4016
10067 4358
4358 4359
10066 1317
10069 3479
10068 3829
3829 3918
3918 4007
4007 4096
4096 4185
4185 4278
4278 4368
4368 4456
4456 4543
4543 4628
4628 4710
4710 4798
4798 4884
4884 4968
4968 5052
5052 5134
5134 5213
5213 5301
5301 5393
5393 5484
5484 5569
5569 5646
5646 5726
5726 5801
5801 5875
5875 5949
5949 6029
6029 6109
6109 6187
6187 6262
6262 6339
6339 6417
6417 6499
10071 5947
1831 1913
1913 2001
10070 7286
7286 7220
7220 7221
7221 7222
7222 7223
7223 7224
7224 7225
7225 7226
7226 7227
7227 7228
1830 1829
10057 3580
3580 3747
3747 3836
3836 3925
3925 4014
4014 4102
1881 1969
1969 2059
2059 2148
2148 2234
2234 2321
2321 2407
2407 2492
2492 2577
2577 2664
10056 2036
2036 2128
2128 2127
10059 3340
10061 4185
10060 2651
2651 2739
2739 2827
2827 2925
2925 3028
3028 3120
3120 3214
3214 3309
3309 3404
1884 1972
1972 2063
10063 6712
6712 6713
10062 6475
6475 6556
6556 6636
6636 6637
6637 6715
1873 1957
1957 2046
10051 6005
10050 2486
2486 2572
10053 7354
7354 7286
10055 6007
10054 2871
1866 1950
1950 2040
1860 1859
1859 1858
1858 1857
1857 1939
1939 2027
2027 2026
2026 2025
2025 2115
2115 2204
2204 2203
2203 2288
2288 2287
1912 1911
1915 1914
1917 1916
1918 2006
2006 2096
2096 2185
2185 2270
2270 2357
2357 2356
2356 2355
2355 2440
2440 2524
2524 2609
2609 2608
2608 2607
2607 2693
1905 1904
1904 1903
1903 1902
1897 1896
1901 1900
1900 1899
1891 1890
1890 1889
1893 1892
1892 1891
1895 1983
1944 2033
2033 2126
2126 2218
1927 2015
2015 2105
2105 2194
1926 1925
1977 1976
1976 1975
1975 2065
2065 2154
2154 2153
2153 2238
2238 2237
1979 2069
2069 2158
2158 2157
2157 2242
2242 2329
2329 2414
2414 2498
2498 2583
2583 2582
2582 2581
2581 2580
2580 2579
2579 2578
1978 2068
2068 2157
1981 2071
2071 2160
2160 2159
2159 2158
1980 2070
2070 2159
1974 1973
1965 2055
2055 2144
2144 2230
2230 2317
2317 2403
2403 2487
1967 2057
2057 2147
1966 2057
1954 2043
2043 2135
2009 2099
2099 2188
2188 2187
2187 2186
2008 2007
2011 2010
2010 2009
2013 2012
2012 2011
2014 2013
2000 2090
2090 2089
2089 2178
2178 2263
2263 2350
2350 2349
2349 2434
2434 2433
2433 2432
2005 2095
2095 2184
2184 2269
2269 2356
1992 1991
1991 1990
1994 1993
1993 1992
1999 2089
1998 1997
2041 2040
2034 2127
2037 2130
2039 2132
2019 2109
2109 2198
2198 2283
2283 2370
2370 2455
2018 2017
2021 2020
2020 2019
2022 2021
2075 2074
2074 2163
2079 2168
2168 2253
2253 2252
2252 2339
2339 2338
2338 2337
2337 2336
2336 2335
2335 2334
2078 2077
2064 2063
2067 2156
2156 2241
2241 2240
2240 2239
2239 2238
2066 2065
2056 2146
2146 2231
2231 2318
2318 2403
2060 2150
2150 2236
2236 2323
2323 2408
2408 2493
2104 2103
2103 2192
2192 2191
2191 2276
2107 2106
2108 2197
2197 2196
2196 2281
2281 2368
2368 2453
2453 2537
2110 2109
2098 2187
2101 2100
2100 2099
2102 2101
2088 2087
2093 2092
2092 2091
2094 2183
2183 2268
2268 2355
2081 2080
2080 2079
2083 2082
2082 2081
2085 2174
2174 2259
2259 2346
2346 2345
2345 2344
2344 2343
2343 2342
2342 2427
2427 2511
2511 2596
2596 2682
2682 2770
2770 2858
2858 2857
2857 2856
2856 2855
2855 2854
2854 2954
2084 2083
2086 2085
2143 2229
2229 2316
2131 2221
2221 2308
2308 2396
2396 2482
2125 2217
2217 2304
2304 2392
2169 2168
2171 2170
2170 2255
2255 2342
2173 2258
2258 2345
2172 2171
2175 2174
2167 2252
2166 2165
2155 2154
2145 2230
2201 2200
2200 2285
2285 2372
2193 2192
2199 2198
2189 2188
2190 2275
2181 2180
2182 2267
2267 2354
2354 2353
2353 2438
2438 2522
2522 2607
2232 2319
2319 2405
2235 2322
2322 2408
2225 2312
2224 2311
2311 2399
2216 2304
2219 2129
2266 2353
2257 2344
2256 2255
2260 2347
2249 2248
2251 2338
2250 2337
2254 2341
2341 2426
2426 2510
2510 2509
2509 2508
2508 2507
2507 2592
2592 2591
2591 2590
2590 2589
2589 2675
2675 2763
2763 2851
2851 2951
2243 2242
2245 2332
2244 2243
2280 2279
2282 2281
2284 2283
2286 2373
2273 2360
2272 2359
2274 2361
2331 2416
2416 2500
2500 2585
2330 2329
2325 2410
2410 2494
2494 2579
2315 2401
2401 2486
2306 2395
2363 2362
2365 2450
2450 2534
2534 2619
2364 2363
2367 2452
2452 2451
2451 2535
2535 2620
2366 2451
2340 2339
2393 2479
2479 2478
2394 2481
2481 2565
2565 2653
2387 2386
2386 2471
2471 2555
2555 2640
2640 2639
2639 2638
2638 2637
2637 2636
2636 2635
2635 2634
2634 2633
2633 2632
2632 2631
2631 2630
2630 2629
2629 2628
2628 2627
2627 2626
2626 2625
2625 2624
2624 2623
2623 2622
2369 2368
2375 2374
2425 2509
2424 2508
2429 2428
2428 2512
2512 2597
2597 2683
2683 2771
2771 2770
2430 2514
2514 2599
2421 2420
2420 2419
2423 2507
2422 2506
2506 2591
2404 2488
2488 2573
2573 2659
2406 2491
2491 2576
2576 2663
2663 2752
2457 2456
2459 2458
2458 2542
2542 2627
2460 2544
2544 2629
2449 2448
2448 2532
2532 2617
2454 2453
2441 2440
2442 2526
2526 2611
2611 2610
2610 2609
2445 2444
2447 2446
2446 2530
2530 2529
2529 2528
2528 2527
2489 2574
2574 2661
2495 2494
2480 2564
2564 2652
2652 2741
2741 2829
2829 2927
2485 2484
2520 2519
2519 2604
2523 2608
2525 2524
2513 2512
2517 2602
2516 2601
2518 2603
2505 2590
2504 2503
2502 2501
2536 2535
2541 2626
2540 2539
2543 2542
2531 2530
2533 2532
2569 2656
2656 2655
2570 2569
2563 2651
2593 2592
2595 2594
2594 2593
2598 2597
2649 2735
2735 2821
2821 2914
2914 3016
3016 3109
3109 3204
2650 2736
2736 2822
2822 2915
2915 3017
2681 2680
2680 2679
2679 2678
2678 2677
2677 2765
2765 2853
2853 2852
2852 2851
2684 2683
2687 2775
2775 2863
2863 2862
2862 2861
2686 2685
2673 2761
2761 2849
2849 2949
2672 2760
2760 2759
2759 2758
2674 2762
2762 2850
2850 2950
2676 2675
2671 2670
2657 2656
2660 2748
2662 2750
2713 2712
2712 2711
2711 2710
2710 2709
2709 2626
2705 2622
2704 2703
2703 2702
2702 2701
2701 2618
2707 2624
2706 2623
2708 2625
2699 2616
2700 2617
2689 2777
2777 2865
2865 2864
2864 2863
2688 2687
2691 2690
2690 2778
2778 2866
2866 2865
2692 2691
2745 2833
2833 2832
2832 2929
2929 3031
3031 3030
3030 3122
3122 3216
3216 3311
2747 2835
2835 2936
2746 2833
2749 2837
2837 2938
2751 2839
2839 2940
2737 2822
2740 2828
2828 2926
2926 3028
2743 2742
2733 2819
2819 2820
2776 2864
2779 2867
2867 2866
2780 2868
2868 2867
2782 2781
2769 2857
2768 2856
2772 2771
2774 2773
2764 2763
2767 2855
2766 2854
2793 2707
2792 2706
2795 2794
2794 2708
2797 2796
2796 2710
2799 2798
2798 2712
2785 2699
2784 2698
2787 2786
2786 2700
2789 2788
2788 2787
2791 2705
2790 2789
2831 2928
2928 3030
2873 2784
2872 2972
2972 3066
3066 3158
2875 2786
2874 2785
2877 2788
2876 2787
2879 2790
2878 2789
2859 2858
2909 2910
2910 2911
2911 3014
3014 3015
2888 2799
2881 2792
2880 2791
2883 2794
2882 2793
2885 2796
2884 2795
2887 2798
2886 2797
2930 2929
2933 3037
3037 3038
3038 3129
3129 3222
3222 3317
3317 3408
3408 3497
2932 3036
3036 3037
2935 3039
3039 3130
3130 3223
2921 3023
3023 3116
3116 3210
3210 3306
3306 3402
3402 3487
3487 3568
3568 3654
3654 3736
3736 3823
3823 3911
3911 3999
3999 4088
4088 4178
4178 4271
4271 4361
4361 4450
4450 4538
4538 4624
4624 4706
2923 3026
3026 3119
3119 3213
3213 3309
2922 3024
3024 3116
2924 3026
2912 2913
2971 2970
2970 2969
2973 2972
2975 2974
2974 2973
2985 2984
2984 2983
2983 3077
3077 3076
3076 3075
3075 3074
3074 3073
3073 3072
3072 3071
3071 3070
3070 3069
3069 3068
3068 3067
3067 3066
2987 3081
3081 3080
3080 3079
3079 3078
3078 3077
2986 3080
2989 3083
3083 3082
3082 3081
2988 3082
2977 3071
2976 3070
2979 2978
2978 2977
2981 3075
2980 3074
2982 2981
3033 3124
3124 3123
3123 3122
3032 3031
3035 3036
3034 3035
3027 3119
3019 3112
3112 3206
3206 3302
3302 3397
3397 3483
3018 3111
3111 3206
3021 3113
3113 3207
3207 3302
3020 3113
3022 3115
3115 3210
3013 2910
3012 3013
3065 3064
3064 3063
3063 3062
3062 3061
3061 3060
3060 3059
3059 3058
3058 3057
3057 3056
3056 3055
3055 3054
3054 3053
3053 3052
3052 3051
3051 3050
3050 3049
3049 3048
3048 3047
3047 3046
3046 3045
3084 3083
3127 3220
3220 3221
3221 3222
3114 3208
3208 3303
3303 3398
3398 3484
3484 3565
3117 3211
3211 3306
3161 3160
3160 3159
3163 3162
3162 3161
3165 3164
3164 3163
3167 3166
3166 3165
3152 3060
3155 3063
3154 3062
3156 3064
3145 3053
3144 3143
3143 3051
3147 3055
3146 3054
3149 3057
3148 3147
3151 3059
3150 3058
3141 3049
3140 3139
3139 3138
3142 3141
3177 3176
3176 3175
3175 3174
3174 3173
3173 3172
3172 3171
3171 3170
3170 3169
3169 3168
3168 3167
3178 3177
3231 3140
3219 3314
3314 3315
3315 3316
3316 3317
3218 3313
3313 3314
3209 3305
3305 3400
3400 3486
3486 3567
3567 3651
3651 3733
3733 3907
3205 3301
3257 3256
3256 3255
3255 3254
3254 3253
3253 3252
3252 3251
3251 3250
3250 3249
3259 3258
3258 3257
3261 3260
3260 3259
3263 3262
3262 3261
3241 3150
3240 3149
3245 3154
3244 3153
3153 3152
3246 3155
3233 3142
3232 3141
3239 3148
3238 3147
3272 3271
3271 3270
3270 3269
3269 3268
3268 3267
3267 3266
3266 3265
3265 3264
3264 3263
3275 3274
3274 3273
3273 3272
3304 3399
3399 3485
3485 3567
3307 3403
3403 3488
3488 3569
3299 3394
3394 3481
3298 3299
3353 3352
3352 3351
3351 3350
3350 3349
3349 3348
3348 3347
3347 3346
3346 3345
3345 3344
3344 3343
3343 3342
3342 3341
3341 3340
3355 3354
3354 3353
3357 3356
3356 3355
3359 3358
3358 3357
3361 3360
3360 3359
3363 3362
3362 3361
3365 3364
3364 3363
3417 3416
3416 3415
3419 3335
3418 3417
3421 3337
3420 3419
3422 3421
3401 3402
3393 3480
3477 10069
3478 10042
3513 3427
3512 3426
3515 3429
3514 3428
3517 3431
3516 3430
3519 3433
3518 3432
3505 3419
3504 3418
3507 3421
3506 3420
3509 3423
3508 3422
3510 3424
3503 3417
3502 3416
3492 3572
3572 3657
3529 3443
3528 3442
3531 3445
3530 3444
3533 3447
3532 3446
3535 3449
3521 3435
3520 3434
3523 3437
3522 3436
3525 3439
3524 3438
3527 3441
3526 3440
3579 3580
3581 3580
3609 3608
3608 3522
3611 3525
3610 3524
3613 3612
3612 3526
3615 3529
3614 3613
3601 3600
3600 3599
3599 3513
3603 3517
3602 3601
3605 3519
3604 3518
3607 3521
3606 3605
3593 3507
3592 3591
3591 3505
3595 3594
3594 3508
3597 3511
3511 3425
3596 3510
3598 3512
3589 3588
3588 3502
3590 3504
3624 3623
3623 3537
3537 3451
3617 3531
3616 3615
3619 3533
3618 3617
3673 3589
3672 3588
3675 3591
3674 3590
3677 3676
3676 3675
3679 3678
3678 3594
3697 3696
3696 3612
3699 3615
3698 3614
3701 3617
3700 3699
3703 3619
3702 3618
3689 3605
3688 3604
3691 3690
3690 3606
3693 3692
3692 3608
3695 3611
3694 3610
3681 3597
3680 3679
3683 3599
3682 3598
3685 3601
3684 3683
3687 3603
3686 3685
3741 3827
3827 3915
3915 4003
4003 4092
4092 4182
4182 4275
4275 4365
4365 4454
4454 4541
3742 10068
3730 3818
3818 3905
3905 3994
3994 4084
4084 4174
3734 3733
3769 3681
3768 3680
3771 3683
3770 3682
3773 3685
3772 3684
3775 3687
3774 3686
3761 3673
3760 3672
3763 3675
3762 3674
3765 3677
3764 3676
3767 3679
3766 3678
3753 3842
3842 3931
3931 4019
4019 4108
4108 4199
4199 4291
4291 4471
4471 4557
3752 3841
3841 3930
3930 4018
4018 4107
4107 4198
4198 4290
4290 4381
3746 3747
3748 3836
3751 3840
3840 3929
3929 4017
4017 4106
4106 4198
3793 3705
3792 3704
3796 3708
3708 3624
3785 3697
3784 3696
3787 3699
3786 3698
3789 3701
3788 3700
3791 3703
3790 3702
3777 3689
3776 3688
3779 3691
3778 3690
3781 3693
3780 3692
3783 3695
3782 3694
3833 3832
3832 3920
3920 4008
4008 4096
3835 3925
3834 3833
3837 3926
3926 4014
3826 3914
3828 3827
3819 3905
3821 3910
3910 3999
3865 3777
3864 3863
3863 3775
3867 3779
3866 3778
3869 3868
3868 3780
3871 3783
3870 3869
3857 3856
3856 3855
3855 3767
3859 3771
3858 3770
3861 3773
3860 3772
3862 3861
3849 3761
3848 3847
3851 3763
3850 3762
3853 3852
3852 3764
3854 3766
3889 3801
3801 3713
3713 3712
3712 3711
3711 3627
3627 3541
3541 3455
3881 3880
3880 3792
3882 3881
3885 3884
3884 3883
3887 3799
3799 3711
3886 3885
3873 3872
3872 3784
3875 3874
3874 3873
3877 3789
3876 3875
3879 3791
3878 3790
3932 9966
3921 3920
3923 4011
4011 4010
4010 4009
4009 4008
3922 4010
3924 4013
4013 4102
3916 4004
4004 4093
4093 4183
4183 4276
4276 4366
4366 4454
3904 3993
3993 4083
4083 4084
3909 3998
3998 4088
3961 3960
3960 3871
3963 3874
3962 3961
3965 3876
3964 3963
3967 3966
3966 3877
3953 3952
3952 3863
3955 3866
3954 3953
3957 3868
3956 3955
3959 3958
3958 3869
3945 3856
3944 3855
3947 3946
3946 3945
3949 3860
3948 3947
3951 3862
3950 3949
3943 3854
3992 4082
4082 4083
3977 3888
3888 3800
3800 3712
3976 3887
3979 3890
3890 3802
3802 3714
3714 3630
3630 3544
3544 3458
3978 3889
3969 3880
3968 3879
3971 3970
3970 3881
3973 3884
3975 3974
3974 3885
4024 3934
3934 3845
4031 3941
3941 3940
3940 3939
3939 3850
4023 3934
4001 4090
4090 4180
4180 4273
4273 4363
4363 4452
4452 4540
4540 4626
4626 4708
4708 4796
4000 4089
4089 4178
4005 4094
4094 4183
4006 4095
4095 4185
4057 4056
4056 3966
4059 3969
4058 4057
4061 4060
4060 3970
4063 3973
4049 4048
4048 3958
4051 4050
4050 3960
4053 3963
4052 4051
4055 4054
4054 4053
4041 4040
4040 4039
4039 3949
4043 4042
4042 4041
4045 4044
4044 4043
4047 3957
4046 3956
4033 3943
4032 4031
4034 3944
4037 3947
4038 4037
4065 3975
4064 3974
4067 4066
4066 4065
4069 3979
4068 3978
4071 3981
3981 3892
3892 3804
3804 3716
3716 3632
3632 3631
3631 3630
4070 3980
3980 3979
4121 4031
4123 4033
4122 4032
4112 4023
4104 4196
4111 4022
4022 3933
3933 3757
4097 4188
4188 4281
4281 4371
4371 4460
4460 4548
4548 4634
4634 4716
4716 4803
4803 4889
4889 4973
4973 5057
5057 5138
5138 5217
5217 5304
5304 5396
5396 5486
5486 5571
5571 5647
5647 5727
5727 5802
5802 5877
5877 5951
5951 6032
6032 6112
6112 6190
6190 6265
6265 6342
6342 6421
6421 6504
4101 4102
4153 4063
4155 4065
4154 4064
4157 4067
4156 4066
4159 4069
4158 4068
4145 4055
4144 4054
4149 4059
4148 4058
4151 4061
4150 4060
4137 4047
4136 4046
4139 4049
4138 4048
4141 4051
4140 4050
4143 4053
4142 4052
4131 4041
4130 4040
4133 4043
4132 4042
4135 4045
4134 4044
4184 4276
4187 4280
4280 4370
4370 4458
4458 4546
4546 4632
4632 4714
4714 4802
4802 4888
4888 4972
4972 5056
5056 5138
4186 4278
4189 4281
4190 4282
4282 4372
4372 4460
4177 4270
4270 4361
4161 4071
4160 4070
4162 4072
4072 4071
4216 4123
4215 4122
4214 4213
4213 4120
4120 4030
4030 4029
4029 4028
4028 4027
4027 4026
4203 4111
4249 4156
4248 4155
4251 4250
4250 4157
4253 4252
4252 4251
4255 4162
4254 4161
4241 4240
4240 4147
4147 4057
4243 4150
4242 4149
4244 4151
4247 4154
4246 4245
4233 4140
4232 4139
4235 4234
4234 4233
4237 4236
4236 4143
4224 4223
4223 4130
4227 4134
4226 4133
4229 4228
4228 4135
4231 4230
4230 4137
4283 4373
4373 4461
4461 4548
4272 4362
4362 4450
4277 4367
4367 4456
4279 4369
4369 4458
4265 4172
4264 4265
4266 4173
4256 4163
4163 4073
4073 3983
3983 3894
3894 3806
3806 3718
3718 3634
3634 3548
3548 3462
4263 4264
4262 4261
4261 4260
4260 4167
4167 4077
4077 3987
3987 3986
3986 3897
3897 3809
3809 3721
3721 3720
3720 3636
3636 3550
3550 3464
4317 4225
4225 4132
4316 4315
4315 4223
4319 4227
4318 4317
4305 4213
4289 4380
4380 4469
4295 4203
4294 4203
4345 4253
4344 4343
4343 4251
4347 4255
4346 4254
4348 4256
4336 4335
4335 4334
4334 4333
4333 4332
4332 4331
4331 4239
4239 4238
4238 4145
4341 4340
4342 4341
4329 4328
4328 4236
4320 4228
4323 4322
4322 4230
4325 4233
4324 4232
4327 4326
4326 4234
4375 4463
4463 4551
4551 4637
4637 4719
4719 4807
4807 4893
4374 4463
4355 4265
4354 4355
4357 4358
4409 4317
4408 4316
4411 4319
4410 4318
4413 4321
4321 4320
4412 4320
4415 4323
4414 4322
4395 4303
4303 4302
4302 4210
4210 4117
4117 4027
4394 4302
4387 4296
4296 4205
4205 4113
4113 4024
4388 4297
4297 4206
4206 4113
4441 4349
4349 4257
4257 4164
4164 4074
4074 4073
4440 4348
4442 4350
4350 4349
4445 4355
4444 4352
4352 4260
4447 4358
4433 4341
4435 4343
4434 4342
4437 4345
4436 4344
4438 4346
4429 4337
4431 4339
4430 4338
4417 4325
4416 4324
4419 4327
4418 4326
4421 4329
4420 4328
4464 4551
4459 4546
4462 4550
4550 4636
4636 4718
4718 4806
4806 4891
4891 4975
4975 5059
5059 5141
5141 5220
5220 5307
5307 5399
5399 5490
5490 5575
5575 5652
4451 4538
4455 4543
4505 4504
4504 4415
4507 4506
4506 4505
4508 4507
4497 4408
4499 4498
4498 4497
4501 4412
4500 4411
4503 4502
4502 4501
4488 4399
4399 4307
4307 4306
4306 4305
4485 4484
4484 4483
4483 4394
4487 4398
4398 4306
4486 4485
4539 4624
4529 4528
4528 4439
4439 4347
4531 4442
4530 4441
4533 4355
4532 4531
4534 4533
4523 4434
4522 4433
4525 4436
4524 4435
4527 4526
4526 4525
4571 4570
4570 4483
4573 4486
4572 4485
4575 4488
4552 4637
4549 4634
4593 4506
4592 4591
4591 4504
4595 4508
4594 4507
4596 4595
4587 4586
4586 4585
4585 4498
4589 4502
4590 4503
4576 4489
4489 4400
4400 4308
4308 4307
4633 4715
4715 4803
4635 4717
4717 4805
4805 4890
4890 4974
4974 5057
4638 4720
4720 4808
4625 4707
4707 4794
4617 4530
4619 4533
4618 4531
4621 4704
4704 4792
4792 4962
4962 5046
5046 5128
5128 5208
5208 5296
5296 5388
5388 5479
5479 5565
4609 4522
4611 4524
4610 4523
4613 4526
4612 4525
4615 4528
4614 4613
4657 4656
4656 4655
4659 4658
4658 4657
4660 4659
4642 4724
4724 4811
4811 4897
4897 4981
4981 5064
5064 5145
5145 5224
5224 5311
5311 5403
5403 5493
5493 5578
5578 5654
5654 5734
5734 5809
5809 5883
5883 5957
5957 6037
6037 6117
6117 6194
6194 6268
6268 6345
6345 6424
4697 4611
4699 4613
4698 4612
4701 4700
4700 4699
4702 4616
4616 4615
4681 4595
4680 4594
4683 4597
4597 4510
4510 4421
4682 4681
4684 4683
4674 4673
4673 4587
4677 4591
4676 4675
4675 4674
4679 4593
4678 4677
4730 4818
4818 4817
4817 4902
4902 4901
4725 4812
4812 4897
4727 4815
4815 4901
4726 4813
4813 4898
4898 4982
4982 5065
5065 5147
5147 5226
5226 5314
5314 5406
4713 4800
4800 4886
4886 4970
4970 5053
5053 5134
4763 4674
4765 4676
4767 4678
4766 4677
4747 4658
4746 4657
4749 4660
4748 4659
4750 4661
4661 4575
4795 4880
4785 4696
4696 4610
4787 4698
4786 4697
4789 4700
4788 4699
4791 4702
4790 4701
4769 4680
4768 4679
4771 4682
4772 4683
4810 4895
4895 4979
4979 5063
5063 5145
4801 4886
4804 4889
4860 4859
4859 4858
4858 4857
4857 4770
4770 4681
4863 4862
4862 4861
4861 4774
4774 4685
4685 4684
4853 4766
4852 4765
4855 4854
4854 4853
4843 4842
4842 4755
4755 4666
4666 4580
4580 4493
4493 4404
4404 4312
4312 4220
4220 4127
4127 4037
4835 4834
4834 4747
4839 4752
4752 4663
4663 4662
4662 4576
4892 4976
4976 5060
4881 4965
4965 5048
4883 4967
4967 5051
5051 5133
5133 5212
5212 5300
5300 5392
5392 5482
5482 5567
5567 5643
5643 5723
5723 5798
5798 5872
4887 4971
4971 5054
5054 5136
5136 5215
5215 5302
5302 5394
5394 5485
5485 5570
5570 5647
4873 4872
4872 4871
4875 4788
4874 4873
4877 4790
4876 4875
4878 4963
4963 5047
5047 5129
5129 5209
4865 4778
4778 4689
4689 4688
4688 4687
4687 4601
4601 4600
4600 4513
4513 4424
4424 4332
4864 4863
4918 4917
4917 4832
4832 4745
4745 4656
4896 4980
4980 5063
4900 4984
4984 5067
4903 4902
4957 4956
4959 4958
4958 4957
4945 4944
4944 4859
4947 4862
4946 4945
4949 4948
4948 4947
4950 4949
4937 4852
4936 4851
4851 4764
4764 4675
4939 4854
4938 4853
4940 4855
4942 4857
4986 5069
4961 4876
4960 4875
5020 4936
5022 4938
5011 4927
4927 4842
5015 4931
4931 4846
4846 4759
4759 4670
4670 4584
4584 4497
5050 5131
5131 5210
5210 5298
5298 5390
5390 5481
5481 5566
5566 5643
5055 5136
5041 4957
5043 4959
5042 4958
5045 5127
5044 4960
5033 4949
5032 4948
5027 4943
4943 4942
5026 4942
5031 4947
5030 4946
5061 5142
5113 5112
5112 5111
5111 5029
5029 4945
5101 5100
5100 5018
5018 4934
4934 4849
4849 4762
4762 4673
5102 5101
5093 5011
5094 5093
5137 5216
5216 5303
5303 5394
5139 5218
5218 5306
5306 5397
5397 5488
5488 5573
5573 5649
5649 5728
5728 5803
5803 5878
5878 5952
5952 6032
5140 5219
5219 5306
5143 5222
5222 5309
5132 5211
5211 5298
5123 5041
5125 5043
5124 5123
5126 5125
5176 5175
5175 5174
5174 5173
5173 5172
5172 5171
5171 5170
5170 5169
5169 5168
5168 5088
5088 5087
5087 5005
5005 4921
4921 4920
4920 4835
5214 5302
5203 5123
5205 5204
5204 5203
5206 5294
5294 5386
5386 5477
5477 5563
5563 5640
5640 5720
5720 5796
5796 5871
5871 5946
5946 6026
6026 6107
5193 5113
5192 5191
5191 5111
5194 5193
5275 5192
5274 5191
5276 5193
5305 5396
5308 5399
5287 5204
5361 5360
5360 5359
5359 5271
5271 5188
5188 5108
5108 5026
5400 5490
5402 5493
5395 5485
5398 5488
5380 5381
5382 5473
5473 5559
5465 5373
5489 5574
5574 5650
5650 5730
5730 5805
5805 5880
5492 5577
5577 5654
5483 5568
5568 5645
5645 5725
5725 5800
5800 5875
5487 5572
5572 5648
5648 5728
5554 5555
5555 5632
5632 5633
5633 5713
5713 5789
5789 5790
5790 5791
5791 5792
5585 5661
5661 5740
5740 5815
5815 5889
5889 5962
5962 6042
6042 6122
6122 6199
6199 6273
6273 6350
6350 6428
6428 6510
5579 5656
5656 5735
5735 5810
5810 5885
5580 5656
5626 5549
5549 5463
5463 5371
5371 5370
5370 5282
5282 5199
5199 5119
5119 5037
5037 4953
4953 4868
4868 4781
4781 4692
4692 4606
4606 4519
4519 4518
4518 4429
5659 5738
5738 5813
5813 5812
5812 5886
5886 5885
5658 5657
5660 5739
5739 5814
5814 5888
5888 5961
5961 6041
6041 6121
6121 6198
6198 6272
6272 6349
6349 6427
6427 6509
6509 6591
5662 5741
5741 5740
5651 5730
5655 5734
5644 5723
5634 5714
5714 5790
5695 5694
5694 5614
5614 5537
5537 5536
5536 5450
5450 5358
5358 5270
5270 5187
5187 5107
5107 5025
5025 4941
4941 4940
5724 5799
5799 5873
5873 5947
5737 5812
5729 5804
5804 5878
5733 5808
5808 5883
5788 5789
5881 5955
5955 6036
6036 6116
6116 6194
5882 5956
5956 6037
5884 5957
5887 5886
5874 5875
5876 5949
5879 5952
5864 5865
5865 5940
5940 6020
6020 6101
6101 6102
6102 6180
6180 6255
6255 6333
5863 5864
5862 5863
5950 6031
6031 6111
6111 6188
6188 6263
6263 6340
6340 6419
6419 6502
6502 6585
6585 6664
6664 6742
6742 6818
6818 6889
6889 6959
6959 7033
5939 6019
6019 6100
6100 6178
6178 6253
6253 6331
5960 6040
6040 6120
6120 6197
6197 6271
6271 6348
6348 6426
6426 6508
6508 6590
6590 6669
6669 6747
6747 6746
6746 6821
5954 6034
5959 6039
6039 6119
6119 6196
6196 6270
6270 6347
6347 6425
6425 6424
6001 6082
6082 6083
6083 6084
6084 6160
6160 6161
6161 6236
6236 6311
6311 6312
6312 6313
6000 5927
5927 5853
5853 5778
5778 5777
5777 5776
5776 5700
5700 5620
5620 5543
5543 5542
5542 5541
5541 5540
5540 5454
5454 5362
5362 5274
6003 6084
6002 6083
6004 6085
6085 6086
6033 6113
6113 6191
6035 6115
6115 6192
6192 6267
6267 6344
6344 6422
6030 6110
6110 6188
6016 6097
6097 6098
6081 6082
6162 6237
6237 6312
6155 6079
6079 5998
5998 5925
5925 5851
5851 5776
6157 6232
6232 6307
6307 6308
6308 6309
6309 6310
6310 6311
6156 6231
6231 6306
6306 6307
6159 6160
6158 6233
6233 6308
6193 6267
6186 6260
6189 6263
6235 6310
6234 6309
6230 6154
6154 6078
6078 6077
6077 6076
6076 5995
5995 5994
5994 5921
5921 5847
5847 5772
5772 5771
5771 5695
6264 6341
6341 6419
6261 6338
6338 6417
6241 6319
6247 6325
6325 6326
6326 6405
6405 6488
6488 6571
6571 6651
6651 6730
6730 6806
6806 6878
6878 6879
6879 6880
6880 6881
6881 6882
6882 6953
6953 6954
6954 6955
6955 6956
6956 6957
6305 6306
6351 6350
6393 6394
6394 6395
6392 6393
6385 6386
6386 6387
6387 6388
6388 6389
6389 6390
6390 6391
6391 6392
6384 6385
6381 6382
6382 6383
6383 6384
6380 6303
6303 6302
6302 6227
6227 6226
6226 6150
6150 6074
6074 5993
5993 5920
5920 5846
5846 5771
6418 6500
6500 6583
6583 6662
6662 6740
6420 6502
6423 6506
6409 6410
6410 6411
6411 6412
6412 6495
6495 6496
6415 6498
6498 6581
6581 6661
6401 6402
6402 6485
6485 6568
6568 6648
6648 6649
6649 6728
6728 6729
6729 6730
6459 6540
6540 6620
6620 6621
6621 6699
6699 6775
6775 6848
6848 6920
6920 6996
6996 7067
7067 7068
7068 7069
7069 7070
7070 7071
7071 7072
7072 7073
7073 7074
7074 7143
7143 7208
7208 7209
7209 7276
7276 7344
7344 7345
7345 7346
7346 7415
7415 7416
7416 7482
6458 6459
6461 6462
6462 6463
6463 6544
6544 6624
6624 6702
6702 6703
6703 6779
6779 6852
6852 6853
6853 6925
6925 7001
7001 7072
6460 6461
6483 6566
6566 6646
6646 6725
6484 6485
6473 6554
6554 6634
6634 6712
6472 6553
6553 6633
6633 6634
6477 6558
6558 6638
6638 6716
6716 6792
6792 6865
6865 6937
6937 7013
7013 7084
6476 6557
6557 6637
6478 6559
6559 6639
6639 6717
6717 6793
6793 6866
6866 6938
6938 7014
6465 6466
6466 6467
6467 6468
6468 6469
6469 6550
6550 6630
6630 6708
6708 6709
6709 6710
6710 6786
6786 6859
6859 6860
6860 6861
6861 6862
6862 6863
6863 6935
6935 7011
7011 7082
7082 7083
6464 6545
6545 6625
6625 6703
6471 6552
6552 6632
6632 6710
6470 6551
6551 6631
6631 6709
6505 6587
6587 6666
6666 6744
6507 6506
6497 6580
6580 6660
6660 6739
6739 6815
6815 6887
6547 6627
6627 6628
6628 6629
6629 6630
6546 6626
6626 6704
6704 6780
6780 6853
6549 6629
6548 6628
6539 6619
6619 6620
6541 6621
6543 6623
6623 6701
6701 6702
6542 6622
6622 6623
6584 6663
6663 6742
6589 6668
6668 6746
6575 6655
6655 6656
6656 6657
6657 6736
6736 6737
6737 6738
6560 6640
6640 6718
6718 6794
6618 6696
6696 6772
6772 6845
6845 6917
6917 6993
6993 7064
7064 7065
7065 7066
7066 7067
6644 6723
6723 6724
6658 6659
6705 6706
6706 6782
6782 6855
6855 6927
6927 6928
6928 6929
6929 6930
6930 7006
7006 7077
7077 7078
7078 7147
7147 7148
7148 7149
7149 7214
7214 7215
7215 7216
7216 7283
7283 7351
7351 7420
7420 7486
6707 6708
6711 6712
6697 6773
6773 6846
6846 6918
6918 6919
6919 6920
6698 6774
6774 6847
6847 6848
6700 6776
6776 6849
6849 6850
6850 6851
6851 6923
6923 6924
6924 7000
7000 7071
6695 6771
6771 6844
6844 6916
6916 6917
6741 6816
6743 6818
6733 6809
6809 6881
6735 6736
6777 6850
6778 6851
6781 6854
6854 6855
6783 6856
6856 6928
6770 6694
6694 6616
6616 6615
6615 6535
6535 6453
6453 6375
6375 6298
6298 6297
6297 6222
6222 6221
6221 6220
6220 6144
6144 6068
6068 6067
6067 5986
5986 5913
5913 5839
5839 5764
5764 5688
5688 5608
5608 5531
5531 5445
5445 5353
5353 5265
5265 5182
5182 5181
5181 5101
6811 6883
6883 6954
6810 6882
6813 6885
6885 6886
6812 6884
6884 6955
6798 6870
6870 6871
6871 6872
6872 6873
6873 6874
6785 6858
6858 6930
6784 6857
6857 6929
6787 6860
6789 6862
6788 6861
6790 6863
6843 6915
6915 6916
6817 6888
6888 6959
6819 6890
6890 6961
6869 6870
6910 6911
6893 6892
6941 6942
6942 7019
7019 7090
7090 7160
6940 7017
7017 7088
7088 7089
7089 7159
7159 7160
6931 6932
6932 7008
7008 7079
7079 7148
6933 7009
7009 7080
7080 7149
6934 6935
6921 6997
6997 7068
6922 6998
6998 7069
6926 7002
7002 7073
6914 6990
6990 7061
7061 7062
7062 7063
7063 7064
6952 7027
7027 7099
7099 7100
7100 7171
7171 7172
7172 7239
6949 7024
7024 7096
7096 7097
7097 7098
7098 7099
6951 7026
7026 7098
6950 7025
7025 7097
7005 7076
7076 7077
7004 7075
7075 7144
7144 7209
7007 7078
6992 7063
6995 7066
6994 7065
6999 7070
6985 7054
7054 7123
6984 7053
7053 7122
6987 7056
7056 7057
7057 7058
7058 7127
7127 7128
7128 7193
7193 7194
7194 7261
7261 7329
7329 7330
7330 7331
7331 7332
7332 7333
7333 7334
7334 7403
7403 7404
7404 7470
6986 7055
7055 7124
6989 7060
7060 7061
6988 7057
6991 7062
6977 7046
7046 7047
7047 7048
7048 7117
7117 7118
7118 7119
7119 7184
7184 7185
7185 7252
7252 7320
7320 7321
7321 7322
7322 7391
7391 7457
7457 7458
7458 7459
7459 7460
7460 7461
7461 7462
7462 7463
6976 7045
7045 7046
6979 7048
6978 7047
6981 7050
7050 7119
6980 7049
7049 7118
6983 7052
7034 7105
7105 7176
7029 7101
7101 7172
7028 7100
7031 7103
7103 7104
7030 7102
7102 7103
7016 7087
7087 7157
7157 7158
7158 7159
7018 7089
7023 7095
7010 7081
7081 7082
7059 7128
7044 7045
7085 7086
7086 7156
7156 7222
7129 7194
7131 7196
7196 7197
7197 7264
7264 7332
7130 7195
7195 7196
7133 7198
7198 7265
7265 7333
7132 7197
7135 7200
7200 7201
7201 7202
7202 7203
7203 7204
7204 7205
7205 7206
7206 7273
7273 7341
7341 7410
7410 7476
7134 7199
7199 7200
7120 7185
7125 7190
7126 7191
7113 7178
7178 7245
7245 7313
7313 7382
7382 7383
7383 7449
7449 7450
7450 7451
7451 7452
7452 7453
7453 7454
7454 7455
7455 7456
7456 7457
7112 7177
7177 7244
7244 7312
7312 7313
7115 7116
7116 7117
7114 7115
7163 7164
7164 7165
7165 7166
7167 7168
7168 7235
7155 7156
7145 7146
7146 7147
7151 7216
7150 7215
7137 7202
7136 7201
7139 7204
7138 7203
7141 7142
7142 7207
7207 7208
7140 7205
7192 7193
7187 7254
7254 7322
7186 7187
7188 7255
7255 7323
7323 7324
7324 7325
7325 7326
7179 7246
7246 7314
7314 7383
7181 7248
7248 7316
7316 7385
7385 7386
7386 7452
7180 7247
7247 7315
7315 7316
7183 7250
7250 7318
7318 7319
7319 7320
7182 7249
7249 7317
7317 7386
7169 7170
7170 7171
7173 7240
7174 7241
7219 7220
7211 7278
7278 7346
7210 7277
7277 7345
7213 7280
7280 7348
7348 7349
7349 7350
7350 7419
7419 7420
7212 7279
7279 7347
7347 7416
7257 7325
7256 7324
7259 7327
7260 7328
7263 7331
7262 7330
7243 7311
7311 7312
7289 7290
7290 7291
7291 7292
7292 7293
7293 7294
7294 7295
7295 7296
7296 7297
7297 7298
7298 7299
7288 7222
7281 7349
7282 7350
7287 7288
7272 7340
7340 7409
7409 7410
7275 7343
7343 7344
7274 7342
7342 7343
7267 7335
7335 7336
7336 7337
7337 7406
7406 7472
7266 7334
7269 7337
7268 7336
7271 7339
7339 7408
7408 7409
7270 7338
7338 7407
7407 7408
7305 7239
7304 7238
7306 7240
7310 7379
7379 7380
7380 7446
7446 7447
7447 7448
7448 7449
7301 7235
7303 7237
7302 7303
7353 7555
7555 7556
7355 7356
7356 7357
7357 7358
7358 7359
7359 7360
7360 7361
7361 7362
7362 7293
7369 7300
7371 7302
7370 7301
7373 7304
7372 7303
7363 7294
7365 7296
7367 7298
7366 7297
7417 7483
7418 7484
7423 7424
7424 7425
7425 7426
7426 7427
7427 7428
7428 7429
7429 7361
7422 7354
7411 7412
7412 7478
7413 7479
7414 7415
7401 7467
7400 7466
7402 7403
7405 7406
7395 7396
7396 7397
7394 7395
7399 7465
7398 7464
7441 7442
7442 7443
7440 7441
7437 7369
7439 7440
7438 7370
7431 7432
7430 7431
7513 7514
7514 7515
7515 7516
7516 7517
7517 7518
7518 7519
7519 7520
7520 7521
7521 7522
7522 7523
7523 7524
7524 7525
7525 7526
7526 7527
7527 7528
7528 7529
7529 7530
7530 7531
7531 7532
7532 7533
7533 7534
7534 7535
7535 7536
7536 7537
7537 7538
7538 7539
7539 7540
7540 7541
7541 7542
7542 7543
7543 7544
7544 7545
7545 7546
7546 7547
7547 7548
7548 7549
7549 7550
7550 7551
7551 7552
7552 7553
7553 7554
7554 7555
7505 7506
7506 7507
7507 7508
7508 7509
7504 7505
7499 7500
7500 7501
7501 7435
7503 7437
7502 7503
7489 7490
7490 7491
7491 7492
7492 7426
7579 7580
7582 7655
7655 7728
7728 7802
7802 7875
7569 7498
7568 7497
7570 7571
7571 7500
7573 7502
7572 7501
7575 7504
7574 7503
7561 7490
7560 7489
7563 7492
7562 7491
7565 7494
7567 7496
7566 7495
7559 7488
7488 7422
7609 7682
7682 7683
7683 7684
7684 7757
7757 7831
7831 7832
7832 7833
7833 7834
7834 7835
7835 7908
7608 7609
7611 7612
7612 7613
7613 7614
7614 7687
7687 7688
7688 7761
7761 7835
7610 7683
7615 7688
7603 7676
7676 7677
7677 7678
7678 7679
7679 7680
7680 7681
7681 7754
7754 7828
7828 7829
7829 7830
7830 7831
7605 7678
7604 7677
7607 7680
7606 7679
7592 7665
7665 7666
7666 7739
7739 7813
7813 7886
7641 7642
7642 7643
7643 7644
7644 7571
7640 7641
7645 7646
7646 7573
7647 7648
7648 7649
7649 7650
7650 7651
7651 7652
7652 7653
7633 7560
7635 7562
7634 7561
7636 7637
7639 7640
7638 7639
7625 7626
7626 7627
7627 7628
7628 7629
7629 7630
7630 7703
7703 7704
7624 7625
7617 7690
7690 7763
7763 7837
7837 7838
7838 7911
7616 7617
7619 7692
7692 7693
7693 7694
7694 7767
7767 7841
7841 7914
7618 7619
7621 7622
7622 7695
7695 7696
7696 7769
7769 7843
7843 7916
7620 7693
7623 7696
7654 10081
10081 7509
7706 7707
7711 7712
7712 7640
7710 7638
7697 7698
7698 7771
7771 7845
7845 7918
7699 7772
7772 7846
7846 7847
7847 7848
7848 7849
7849 7922
7701 7774
7774 7848
7700 7773
7773 7847
7702 7703
7689 7690
7691 7764
7764 7838
7685 7758
7758 7832
7686 7687
7720 7648
7713 7714
7714 7715
7715 7643
7717 7718
7718 7646
7716 7717
7719 7720
7768 7842
7842 7843
7770 7844
7844 7917
7775 7849
7760 7834
7762 7836
7836 7837
7765 7839
7839 7840
7840 7841
7766 7840
7753 7827
7827 7828
7752 7826
7826 7899
7755 7829
7756 7830
7759 7833
7751 7825
7825 7898
7793 7720
7792 7793
7785 7712
7784 7785
7787 7788
7788 7789
7789 7790
7790 7791
7791 7792
7786 7787
7776 7850
7850 7851
7779 7780
7778 7852
7852 7925
7783 7784
7782 7709
7865 7866
7866 7867
7867 7794
7794 7721
7721 7649
7864 7791
7857 7784
7856 7783
7859 7786
7858 7785
7861 7788
7860 7787
7863 7864
7862 7789
7855 7782
7929 7856
7928 7855
7931 7932
7932 7933
7933 7934
7934 7935
7935 7936
7936 7937
7937 7864
7930 7931
7938 7939
7939 7866
7941 7868
7868 7795
7795 7796
8013 7944
7944 7871
8061 8062
8062 8063
8040 7978
8047 8048
8035 7973
8036 7974
8074 7942
8120 8121
