 key  value
8122 8062
8062 8061
8061 8060
8060 8059
8059 7996
7996 7995
7995 7994
7994 7993
7993 7922
7922 7849
7849 7848
7848 7847
8125 8065
8065 8002
8002 7931
7931 7930
7930 7929
7929 7928
7928 7927
7927 7926
7926 7925
7925 7924
7924 7923
7923 7922
8124 8064
8064 8001
8001 8000
8000 7999
7999 7928
8127 8067
8067 8066
8066 8065
8126 8066
8113 8054
8054 7991
7991 7920
7920 7847
8112 8053
8053 7991
8115 8055
8055 8054
8114 8054
8117 8057
8057 7994
8116 8056
8056 8055
8119 8059
8118 8058
8058 8057
8105 8106
8106 8047
8047 7985
7985 7915
7915 7916
7916 7844
7844 7845
7845 7846
7846 7847
8104 8045
8045 7983
7983 7913
7913 7914
7914 7915
8107 8048
8048 7986
7986 7916
8109 8110
8110 8051
8051 7989
7989 7919
7919 7847
8108 8109
8111 8052
8052 7990
7990 7919
8097 8098
8098 8039
8039 8040
8040 8041
8041 8042
8042 8043
8043 8044
8044 8045
8096 8037
8037 8038
8038 8039
8099 8040
8101 8042
8100 8041
8103 8044
8102 8043
8155 8098
8157 8100
8156 8157
8159 8160
8160 8161
8161 8162
8162 8163
8163 8106
8158 8159
8136 8137
8137 8138
8138 8081
8081 8022
8022 8023
8023 8024
8024 8025
8025 8026
8026 7964
7964 7894
7894 7822
7822 7823
7823 7824
7824 7825
7825 7826
7826 7827
7827 7828
7828 7829
7829 7830
7830 7831
7831 7832
7832 7833
7833 7834
7834 7835
7835 7836
7836 7837
7837 7838
7838 7839
7839 7840
7840 7841
7841 7842
7842 7843
7843 7844
8128 8068
8068 8005
8005 8004
8004 7933
7933 7932
7932 7931
8185 8184
8184 8183
8183 8125
8177 8119
8176 8118
8179 8121
8121 8061
8178 8120
8120 8060
8181 8123
8123 8063
8063 8062
8180 8122
8182 8181
8169 8111
8168 8111
8171 8113
8170 8112
8173 8172
8172 8114
8175 8117
8174 8173
8165 8166
8166 8109
8164 8165
8167 8110
8217 8218
8218 8219
8219 8220
8220 8163
8216 8217
8221 8222
8222 8165
8223 8224
8224 8167
8215 8216
8214 8215
8241 8183
8240 8182
8242 8241
8233 8232
8232 8231
8231 8230
8230 8172
8235 8234
8234 8233
8237 8236
8236 8235
8239 8238
8238 8237
8225 8168
8227 8169
8226 8169
8229 8171
8228 8171
8281 8228
8280 8227
8283 8229
8282 8229
8285 8231
8284 8230
8287 8233
8286 8232
8273 8220
8272 8219
8275 8222
8274 8221
8277 8224
8276 8277
8279 8226
8278 8225
91 111
111 125
125 142
142 171
171 209
209 254
254 304
304 359
359 419
419 482
482 481
481 550
550 549
549 548
548 619
619 689
689 768
768 854
854 938
938 1012
1012 1081
1081 1153
1153 1235
1235 1317
1317 1498
1498 1685
1685 1780
1780 1867
1867 1951
1951 2040
2040 2132
2132 2222
2222 2309
2309 2397
2397 2483
2483 2567
2567 2654
2654 2742
2742 2830
2830 2927
2927 3029
3029 3121
3121 3215
3215 3310
3310 3405
3405 3490
3490 3571
3571 3656
3656 3738
3738 3824
3824 3913
3913 4002
4002 4091
4091 4180
4180 4273
4273 4363
4363 4452
4452 4540
4540 4625
4625 4707
4707 4795
4795 4880
4880 4964
4964 5047
5047 5128
5128 5207
5207 5295
5295 5386
5386 5477
5477 5562
5562 5638
5638 5717
5717 5792
5792 5866
5866 5940
5940 6019
6019 6099
6099 6176
6176 6250
6250 6327
6327 6405
6405 6487
6487 6569
6569 6648
6648 6726
6726 6801
6801 6872
6872 6943
6943 7019
7019 7089
7089 7158
7158 7223
7223 7289
7289 7358
7358 7426
7426 7492
7492 7563
7563 7636
7636 7708
7708 7781
7781 7854
7854 7927
8269 8216
93 113
113 127
127 144
144 172
172 209
8268 8215
92 113
8271 8218
8270 8217
8319 8320
8320 8321
8321 8322
8322 8323
8323 8274
8318 8319
8298 8244
8244 8186
8186 8185
126 144
8289 8235
8288 8234
112 126
8291 8237
115 129
129 146
146 174
174 211
211 256
256 306
306 361
361 422
422 485
485 555
555 626
626 696
696 774
774 859
859 858
858 857
857 940
940 939
939 938
8290 8236
114 113
8293 8239
8292 8238
8294 8240
8344 8343
8343 8293
8349 8348
8348 8347
8347 8346
8346 8296
8296 8242
110 124
124 142
8337 8287
8336 8286
8339 8338
8338 8288
8341 8291
8340 8290
8342 8292
8329 8280
8328 8278
8331 8282
8330 8280
8333 8283
8332 8282
8335 8334
8334 8284
145 144
147 146
8325 8326
8326 8277
149 177
177 176
176 213
213 258
258 308
308 363
363 424
424 487
487 557
557 628
628 697
697 696
8324 8275
148 176
8327 8277
150 149
8377 8329
8376 8327
8379 8331
8378 8330
8381 8332
8380 8331
8383 8334
143 171
8382 8333
8369 8370
8370 8371
8371 8323
8368 8369
128 145
131 148
130 129
8373 8325
133 132
132 131
8372 8373
8375 8326
8374 8326
179 216
216 261
261 260
260 310
310 309
309 308
178 177
181 180
180 217
217 216
173 210
210 209
175 212
212 211
8393 8344
219 264
264 263
263 262
262 261
218 217
8385 8336
8384 8383
8387 8386
8386 8385
8389 8388
8388 8387
8391 8342
215 260
8390 8341
214 259
259 309
8441 8391
8440 8439
8439 8438
8438 8437
8437 8387
8433 8383
8432 8382
8435 8434
8434 8433
8436 8386
8425 8375
8424 8375
8427 8378
8426 8376
8429 8380
8428 8379
8431 8381
255 305
305 360
360 359
8430 8380
8419 8420
8420 8421
8421 8372
8418 8369
8423 8374
8422 8423
8473 8426
8472 8425
8475 8428
8474 8427
8477 8430
8476 8429
8479 8431
8478 8431
8467 8420
8466 8419
8469 8470
8470 8423
8468 8421
8471 8424
266 316
316 371
371 432
432 431
431 430
430 493
493 563
563 562
562 633
633 632
632 631
631 630
630 629
629 628
257 256
8499 8453
8453 8454
8454 8407
8407 8358
8358 8310
8310 8311
8311 8312
8312 8313
8313 8264
8264 8211
8211 8154
8154 8155
8500 8454
313 368
368 429
429 492
492 562
312 367
367 366
366 365
365 364
364 425
425 424
315 370
370 431
314 369
369 430
317 373
373 434
434 497
497 568
568 639
639 709
709 786
786 870
870 947
947 1018
1018 1087
1087 1159
1159 1242
1242 1325
1325 1415
1415 1414
1414 1605
1605 1604
1604 1700
1700 1793
1793 1792
1792 1791
1791 1790
1790 1876
1876 1960
1960 1959
1959 2048
2048 2047
2047 2046
2046 2045
2045 2044
2044 2135
2135 2312
2312 2399
2399 2398
2398 2397
319 374
374 435
435 498
498 569
569 640
640 710
710 786
318 374
8481 8433
8480 8432
8483 8435
307 306
8482 8434
8485 8437
8484 8436
8487 8439
311 310
8486 8438
299 354
354 414
414 476
476 545
545 616
616 687
687 766
766 852
852 936
936 1011
1011 1081
8529 8528
8528 8481
8531 8484
8530 8529
8533 8532
8532 8485
8521 8475
8520 8473
8523 8476
8522 8475
8525 8478
8524 8478
8527 8480
8526 8479
8515 8516
8516 8470
8514 8515
8517 8471
8519 8473
8518 8471
8569 8525
8568 8523
8571 8526
8570 8525
8573 8528
8572 8527
8575 8574
8574 8573
8561 8516
8560 8516
8563 8519
8562 8518
8565 8520
8564 8519
8567 8522
8566 8522
372 433
433 497
375 436
436 500
500 570
570 641
641 710
362 361
8605 8562
8604 8561
8607 8564
8606 8563
353 413
413 474
474 543
543 614
614 685
685 765
765 851
851 936
8589 8546
8546 8547
8547 8548
8548 8549
8549 8505
8505 8506
8506 8507
8507 8461
8461 8414
8414 8365
8365 8317
8317 8268
8588 8545
8545 8546
412 474
8590 8547
8576 8575
8632 8633
8633 8592
8592 8549
8631 8632
8630 8631
8617 8573
8616 8572
8619 8575
8618 8574
8609 8566
8608 8565
8611 8568
8610 8567
8613 8570
8612 8569
8615 8571
8614 8570
427 426
426 425
428 491
491 490
490 560
560 559
559 630
8671 8632
8670 8631
8657 8615
8656 8614
416 477
477 545
8659 8617
8658 8616
8661 8660
8660 8618
421 484
484 554
554 625
625 695
695 774
420 419
423 486
486 556
556 627
627 626
8649 8608
473 542
542 614
8648 8606
8651 8609
475 543
8650 8608
8653 8611
8652 8611
8655 8613
8654 8612
478 547
547 618
618 688
688 767
767 853
853 937
937 1011
469 538
538 609
609 680
680 760
760 847
847 932
932 1008
1008 1078
1078 1150
1150 1316
1316 1496
1496 1590
1590 1683
1683 1864
1864 2129
2129 2220
2220 2307
2307 2396
2396 2482
2482 2566
2566 2654
8647 8606
471 540
540 611
611 682
682 762
762 849
849 933
933 1008
8646 8604
8697 8657
8696 8656
8699 8659
8698 8658
8701 8700
8700 8660
8689 8649
8691 8651
8690 8650
8693 8653
8692 8653
8695 8655
8694 8654
8686 8646
8672 8633
496 567
567 638
638 707
707 784
784 868
868 945
945 1017
1017 1086
1086 1158
1158 1241
1241 1325
499 569
8729 8690
489 559
8728 8689
488 558
558 629
8731 8692
8730 8692
8733 8694
8732 8693
8735 8696
495 494
494 564
564 563
8734 8695
483 553
553 552
552 623
623 622
622 692
692 771
771 857
8726 8687
8687 8648
537 609
539 610
610 681
681 761
761 848
848 932
541 612
612 682
8711 8712
8712 8674
8674 8635
8635 8594
8594 8551
8551 8552
8552 8553
8553 8509
8509 8463
8463 8416
8416 8417
8417 8418
8710 8672
8763 8727
8727 8689
8765 8729
8764 8728
8767 8731
8766 8730
8747 8711
8746 8710
8748 8712
8737 8698
8736 8697
8739 8700
8738 8699
565 564
566 637
637 707
544 615
615 686
686 766
8787 8788
8788 8749
8749 8713
8713 8675
8675 8636
8636 8595
8595 8552
8786 8747
546 617
617 687
551 622
8776 8739
605 676
676 677
677 757
757 845
845 930
930 931
931 932
8780 8779
8779 8778
8778 8741
8741 8702
8702 8662
8662 8620
8620 8576
607 608
608 679
679 759
759 847
606 677
8769 8733
8768 8732
8771 8734
8770 8734
8773 8736
8772 8735
8775 8738
8774 8737
8827 8788
8816 8776
8809 8769
8808 8769
8811 8771
8810 8770
8813 8773
8812 8772
636 635
635 634
634 633
8815 8775
8814 8774
8801 8762
8762 8726
8800 8761
8761 8725
8725 8687
624 623
8803 8763
8805 8765
8804 8764
8807 8767
8806 8767
621 691
691 690
690 769
769 855
855 854
620 619
8849 8809
8848 8809
8851 8811
8850 8810
8853 8813
613 683
683 762
8852 8812
8854 8814
8841 8802
8802 8763
8843 8803
8842 8802
8845 8805
8844 8804
8847 8807
8846 8807
8890 8815
8881 8846
8880 8845
8883 8848
8882 8847
642 711
711 710
8885 8850
8884 8849
8887 8851
8886 8850
8877 8842
8879 8844
8878 8843
693 692
694 693
8920 8885
684 764
764 851
8913 8878
8912 8878
8915 8880
675 676
8914 8879
8917 8883
8916 8882
8919 8885
8918 8883
678 679
8911 8877
8910 8875
8875 8840
8840 8801
8953 8920
8952 8918
712 711
8945 8911
8944 8911
8947 8913
8946 8913
8949 8915
8948 8914
708 785
785 869
869 947
8951 8918
8950 8917
763 762
753 840
840 925
925 1003
1003 1073
1073 1142
1142 1223
1223 1306
1306 1393
1393 1487
1487 1584
1584 1677
1677 1773
1773 1862
1862 1946
1946 2035
2035 2127
2127 2218
2218 2305
2305 2392
2392 2478
2478 2734
2734 2820
2820 2913
2913 3015
3015 3108
3108 3203
3203 3300
3300 3395
3395 3482
3482 3564
3564 3649
3649 3732
3732 3820
3820 3907
3907 3996
3996 4086
4086 4176
4176 4269
4269 4359
4359 4448
4448 4536
4536 4622
4622 4704
4704 4792
4792 4962
4962 5045
5045 5127
5127 5206
5206 5293
5293 5385
5385 5475
5475 5560
5560 5636
5636 5715
5715 5790
5790 5865
5865 5939
5939 6018
6018 6098
6098 6175
6175 6249
6249 6326
6326 6404
6404 6486
6486 6568
6568 6647
6647 6726
755 843
843 928
928 929
929 930
754 841
841 926
926 1003
756 844
844 929
758 846
846 931
8985 8952
8984 8952
8977 8945
8976 8944
8979 8947
8978 8946
8981 8948
8980 8947
8983 8950
8982 8949
8975 8943
8943 8910
8974 8942
8942 8909
8909 8875
787 786
789 873
873 950
950 1021
1021 1020
1020 1019
1019 1018
788 872
872 949
949 1020
790 874
874 873
9017 8986
8986 8954
8954 8920
9016 8985
9009 8978
9008 8977
9011 8980
9010 8979
770 769
9013 8982
9012 8981
9015 8984
9014 8983
9005 8974
9007 8976
8997 8966
8966 8967
8967 8968
8968 8936
8936 8903
8903 8904
8904 8870
8870 8835
8835 8796
8796 8757
8757 8721
8721 8683
8683 8644
8644 8603
8603 8560
8998 8967
9041 9011
9040 9010
9043 9012
9042 9011
9045 9015
9044 9013
9047 9017
9046 9015
856 855
9037 9007
9036 9006
9006 8975
9039 9008
9038 9008
850 849
9029 8999
8999 8968
9028 9029
842 926
9073 9044
9072 9043
9075 9046
835 836
836 921
921 922
922 923
923 924
924 925
9074 9046
837 922
839 924
838 839
9065 9036
9064 9036
9067 9039
9066 9038
9069 9040
9068 9040
9071 9042
9070 9042
9059 9031
9031 9001
9001 8970
8970 8938
8938 8904
9058 9030
9030 9000
9000 8969
8969 8937
8937 8904
9063 9034
9034 9003
9003 8972
8972 8939
8939 8905
8905 8871
8871 8836
8836 8797
8797 8758
8758 8722
8722 8684
8684 8645
8645 8604
9113 9087
9087 9059
875 952
952 1023
1023 1092
1092 1164
1164 1248
1248 1332
1332 1422
1422 1518
1518 1612
1612 1709
1709 1800
1800 1883
1883 1971
1971 2061
2061 2150
2150 2236
2236 2323
2323 2409
2409 2493
2493 2578
2578 2664
2664 2752
2752 2840
2840 2940
2940 3043
3043 3133
3133 3225
3225 3319
3319 3409
3409 3497
3497 3582
3582 3665
3665 3750
3750 3839
3839 3928
3928 4016
4016 4105
4105 4196
4196 4381
4381 4470
4470 4557
4557 4643
4643 9898
9898 4729
4729 4728
4728 4727
4727 4814
4814 4813
4813 4812
4812 4897
4897 4896
4896 4980
4980 4979
4979 5062
5062 5143
5143 5142
5142 5221
5221 5220
5220 5219
5219 5218
5218 5305
5305 5304
5304 5395
5395 5485
5485 5484
5484 5569
5569 5568
5568 5567
5567 5566
5566 5565
5565 5564
5564 5640
5640 5639
5639 5638
9117 9091
9091 9062
9062 9034
876 953
953 1025
1025 1095
1095 1167
1167 1251
1251 1335
1335 1425
1425 1522
1522 1616
1616 1713
1713 1803
1803 1885
1885 1973
1973 2063
2063 2152
2152 2237
2237 2324
2324 2409
9119 9093
9093 9064
9118 9092
9092 9063
9104 9076
9076 9048
9048 9017
871 948
948 1019
9097 9069
9096 9068
920 921
9099 9071
9098 9069
9101 9072
9100 9071
9103 9075
927 928
9102 9073
9095 9067
9094 9066
9145 9118
9144 9117
9147 9120
9120 9094
9146 9118
9149 9121
9121 9095
9148 9121
9151 9124
9124 9098
9150 9123
9123 9097
9141 9114
9114 9088
9088 9060
9060 9032
9032 9001
9143 9115
9115 9089
9089 9060
9128 9102
9130 9104
954 1025
9133 9107
9107 9078
9078 9049
9049 9018
9018 8987
8987 8954
944 1016
1016 1086
9122 9096
946 1017
9125 9099
9127 9101
951 1022
1022 1021
9126 9100
9177 9151
9176 9151
9179 9154
9154 9127
9178 9153
9153 9126
9181 9155
9155 9127
9180 9154
9182 9156
9156 9128
9169 9144
9171 9146
9170 9145
9173 9147
9172 9146
9175 9149
935 1010
1010 1234
1234 1317
9174 9149
934 1009
1009 1008
9152 9124
9201 9177
9200 9176
9203 9179
9202 9178
9205 9181
9204 9180
9206 9182
9193 9169
9195 9171
9197 9173
9196 9172
9199 9175
9198 9174
1015 1085
1085 1157
1157 1241
1014 1156
1156 1240
1240 1324
1324 1415
9241 9219
9219 9197
1001 922
1000 1001
9243 9221
9221 9199
9242 9221
9245 9224
9224 9201
1005 1006
1006 930
9244 9222
9222 9199
1004 1003
9247 9225
9225 9203
1007 1008
9246 9225
9227 9204
9226 9204
9228 9205
9220 9198
9223 9201
1037 1104
1104 1180
1180 1179
1179 1262
1262 1348
1348 1438
1438 1437
1437 1436
1436 1435
1435 1531
1531 1624
1624 1721
1721 1720
1720 1719
1719 1809
1809 1891
1891 1979
1979 1978
1978 1977
1977 1976
1976 2066
2066 2155
2155 2154
2154 2153
2153 2238
2238 2237
1027 1096
1096 1168
1168 1252
1252 1336
1336 1426
1426 1523
1523 1616
1026 1096
1028 1098
1098 1170
1170 1253
1253 1336
1080 1152
1152 1235
1084 1157
9249 9227
9248 9227
1075 1144
1144 1143
1143 1142
1074 1073
1077 1148
1148 1232
1232 1233
1233 1316
1076 1006
1097 1169
1169 1252
1099 1171
1171 1254
1254 1337
1337 1427
1427 1523
1102 1174
1174 1173
1173 1172
1172 1171
1089 1161
1161 1244
1244 1243
1243 1326
1326 1416
1416 1415
1088 1087
1090 1162
1162 1245
1245 1244
1145 1229
1229 1230
1230 1231
1231 1232
1146 1230
1183 1182
1182 1265
1265 1351
1351 1441
1441 1537
1537 1630
1630 1727
1727 1726
1726 1816
1816 1898
1898 1986
1986 2076
2076 2165
2165 2164
2164 2163
2163 2162
2162 2161
2161 2246
2246 2245
2245 2332
2332 2331
2331 2330
2330 2329
2329 2328
2328 2327
2327 2326
2326 2325
2325 2324
1160 1243
1163 1246
1246 1329
1329 1419
1419 1418
1418 1417
1417 1416
1165 1249
1249 1333
1333 1423
1423 1520
1520 1614
1614 1711
1711 1801
1801 1883
1166 1249
9421 9422
9422 9423
9423 9424
9424 9442
9442 9443
9443 9461
9461 9477
9477 9494
9494 9512
9512 9531
9531 9551
9551 6006
6006 6087
6087 6163
6163 6238
6238 6313
6313 6314
6314 6315
6315 6316
6316 6317
6317 6395
6395 6474
6474 6555
6555 6635
6635 6713
6713 6789
6789 6862
6862 6863
6863 6935
6935 7011
7011 7082
7082 7151
7151 7152
7152 7217
7217 7284
7284 7352
7352 7421
7421 7487
7487 7555
7555 7627
7627 7700
7700 7773
7773 7847
9420 9421
1247 1330
1330 1420
1420 1517
1517 1611
1611 1708
1708 1799
1799 1881
1881 1969
1969 2059
2059 2148
2148 2234
2234 2321
2321 2407
2407 2491
2491 2576
2576 2663
2663 2752
1225 1224
1224 1223
1227 1228
1228 1229
1226 10048
10048 1227
1221 1220
1220 1305
1305 1392
1392 1484
1484 1582
1582 1675
1675 1772
1772 1862
9462 9939
9939 9478
9478 9942
9942 9495
9495 9512
1222 1221
1264 1350
1350 1440
1440 1439
1439 1535
1535 1628
1628 1725
1725 1724
1724 1723
1723 1722
1722 1812
1812 1894
1894 1982
1982 2072
2072 2161
1269 1268
1268 1354
1354 1444
1444 1443
1443 1442
1442 1538
1538 1537
1257 1340
1340 1430
1430 1429
1429 1428
1428 1427
1256 1339
1339 1429
1259 1345
1345 1435
1250 1333
9493 9511
9511 9530
9530 9550
9550 9572
9572 5928
5928 6006
1255 1338
1338 1428
1304 1392
1307 1306
1309 1308
1308 1307
1311 1312
1312 1228
1310 1309
9529 9530
9528 9529
9532 9551
9525 9544
9544 9563
9563 9586
9586 9607
9607 9629
9629 9630
9630 9631
9631 9984
9984 9609
9609 9610
9610 9611
9611 9612
9612 9613
9613 9614
9614 7873
7873 7800
7800 7801
7801 7802
7802 7803
7803 7804
7804 7805
7805 7806
7806 7807
7807 7808
7808 7809
7809 7810
7810 7811
7811 7812
7812 7813
7813 7814
7814 7815
7815 7816
7816 7817
7817 7818
7818 7819
7819 7820
7820 7821
7821 7822
9524 9543
9543 9562
9562 9585
9585 9606
9606 9628
9628 9629
9527 9528
9513 9532
1341 1340
1343 1342
1342 1432
1432 1431
1431 1430
1328 1327
1327 1417
9506 9524
9509 9510
9510 9511
1334 1424
1424 1520
9567 9568
9568 9569
9569 9570
9570 9571
9571 9572
9566 9567
1319 1405
1405 1500
1500 1594
1594 1687
1687 1781
1781 1867
1318 1404
1404 1498
9547 9569
9546 9568
9549 9571
9548 9570
9593 6911
6911 6912
6912 6913
6913 6982
6982 7051
7051 7120
7120 7121
7121 7186
7186 7187
7187 7188
7188 7189
7189 7256
7256 7324
7324 7325
7325 7326
7326 7395
7395 7396
7396 7462
7462 7530
7530 7602
7602 7675
7675 7748
7748 7822
9592 9593
9595 9594
9594 5374
5374 5286
5286 5203
5203 5202
5202 5201
5201 5121
5121 5039
5039 4955
4955 4870
4870 4783
4783 4694
4694 4608
4608 4607
4607 4606
4606 4605
4605 4518
4518 4429
4429 4337
4337 4336
4336 4335
4335 4243
4243 4242
4242 4149
4149 4059
4059 4058
4058 4057
4057 4056
4056 3966
3966 3877
3877 3876
3876 3788
3788 3700
3700 3699
3699 3615
3615 3529
3529 3443
3443 3442
3442 3441
3441 3440
3440 3439
3439 3438
3438 3437
3437 3436
3436 3435
3435 3434
3434 3433
3433 3432
3432 3431
3431 3430
3430 3429
3429 3428
3428 3427
3427 3426
3426 3425
3425 3424
3424 3423
3423 3422
3422 3421
3421 3337
3337 3336
3336 3335
3335 3334
3334 3333
3333 3332
3332 3331
3331 3330
3330 3329
3329 3328
3328 3327
3327 3326
3326 3325
3325 3324
3324 3323
3323 3229
3229 3138
3138 3137
3137 3045
3045 2949
2949 2948
2948 2947
2947 2946
2946 2945
2945 2944
2944 2943
2943 2942
2942 2941
2941 2940
1352 1442
1355 1445
1445 1541
1541 1540
1540 1633
1633 1632
1632 1631
1631 1630
1357 1447
1447 1446
1446 1445
1359 1358
1358 1448
1448 1447
1347 1437
1346 1345
9589 9590
9590 9591
9591 9592
9588 9589
1349 1348
1401 1314
1314 1315
1315 1232
1400 1401
1403 1497
1497 1590
1402 1315
1395 1489
1489 1586
1586 1679
1679 1775
1775 1863
1863 1947
1947 2036
2036 2128
2128 2127
1394 1488
1488 1487
9573 4102
4102 4194
4194 4286
4286 4376
4376 4375
4375 4463
4463 4462
4462 4549
4549 4634
4634 4716
4716 4803
4803 4888
4888 4887
4887 4971
4971 4970
4970 5053
5053 5052
5052 5051
5051 5132
5132 5211
5211 5298
5298 5389
5389 5388
5388 5478
5478 5477
1397 1396
1396 1395
1399 1400
9574 3561
3561 3475
3475 3474
3474 3473
3473 3472
3472 3471
3471 3470
3470 3469
3469 3468
3468 3467
3467 3466
3466 3465
3465 3464
3464 3463
3463 3462
3462 3461
3461 3460
3460 3459
3459 3458
3458 3457
3457 3456
3456 3455
3455 3454
3454 3453
3453 3452
3452 3451
3451 3450
3450 3449
3449 3448
3448 3447
3447 3446
3446 3445
3445 3444
3444 3443
1398 1492
1492 1491
1491 9901
9901 1588
1588 1587
1587 1586
1391 1483
1483 1581
1581 1675
9617 9616
9616 7111
7111 7110
7110 7109
7109 7108
7108 7038
7038 7037
7037 6967
6967 6966
6966 6965
6965 6964
6964 6896
6896 6828
6828 6827
6827 6826
6826 6753
6753 6677
6677 6599
6599 6519
6519 6437
6437 6359
6359 6282
6282 6207
6207 6131
6131 6055
6055 5974
5974 5901
5901 5900
5900 5826
5826 5751
5751 5675
5675 5595
5595 5518
5518 5517
5517 5516
5516 5515
5515 5514
5514 5428
5428 5336
5336 5248
5248 5165
5165 5085
5085 5003
5003 4919
4919 4834
4834 4747
4747 4658
4658 4657
4657 4656
4656 4655
4655 4569
4569 4482
4482 4393
4393 4301
4301 4209
4209 4116
4116 4026
4026 3936
3936 3847
3847 3759
3759 3671
3671 3587
3587 3501
3501 3415
3415 3331
1433 1432
1434 1530
1530 1623
1623 1720
9657 9636
9636 9614
9656 9635
9635 9636
9658 9657
9661 9638
9638 10125
10125 9616
1421 1518
9660 9637
9637 9615
9615 6824
6824 6751
6751 6675
6675 6598
6598 6518
6518 6436
6436 6358
6358 6282
9655 9634
9634 9635
9654 9633
9633 9634
9639 9616
1449 1448
9681 9660
9680 9657
9682 9661
1499 1593
1593 1686
1686 1781
9677 10128
10128 9655
9679 9657
9678 9656
1490 1489
1493 1398
1495 1496
1494 1401
9721 9700
9700 9679
9720 9700
1482 1579
1579 1580
1580 1674
1674 1675
1485 1583
1583 1676
1676 1772
1486 1584
1529 1622
1622 1719
1528 1621
1621 1620
1620 1619
1619 1618
1618 1715
1715 1805
1805 1887
1887 1886
1886 1885
1533 1532
1532 1531
1534 1533
9699 9700
9701 9680
1525 1618
1524 1523
1527 1620
1526 1619
1513 1512
1512 1511
1511 1414
1515 1609
1609 1707
1707 1797
1797 1880
1880 1968
1968 2059
1514 1417
9742 9741
9741 9701
1553 1646
1646 1743
1743 1833
1833 1915
1915 2003
2003 2002
2002 2001
2001 2000
2000 1999
1999 1998
1998 2088
2088 2177
2177 2262
2262 2261
2261 2348
2348 2347
2347 2432
2432 2516
2516 2515
2515 2514
2514 2599
2599 2685
2685 2773
2773 2861
2861 2961
2961 2960
2960 2959
2959 2958
2958 2957
2957 2956
2956 2955
2955 2954
2954 2953
2953 2952
2952 2951
2951 2950
2950 2949
1552 1645
1645 1742
1742 1741
1741 1740
1740 1739
1739 1738
1738 1828
1828 1827
1827 1826
1826 1908
1908 1996
1996 1995
1995 2085
2085 2084
2084 2083
2083 2082
2082 2171
2171 2256
2256 2343
2343 2342
2342 2427
2427 2426
2426 2425
2425 2509
2509 2508
2508 2593
2593 2592
2592 2591
2591 2590
2590 2589
2589 2675
2675 2763
2763 2851
2851 2951
1555 1554
1554 1647
1647 1744
1744 1743
1556 1555
1545 1544
1544 1543
1543 1542
1542 1541
1546 1639
1639 1736
1736 1735
1735 1734
1734 1824
1824 1906
1906 1994
1994 1993
1993 1992
1992 2082
1549 1548
1548 1547
1547 1640
1640 1737
1737 1827
1551 1550
1550 1549
1536 1535
9782 9781
9781 9761
9761 9741
1592 1685
1585 1584
9762 9742
1589 1590
1591 1778
1778 1949
1949 2038
2038 2130
2130 2220
9819 9799
9799 9779
9779 9760
9760 9741
9818 9799
9821 9801
9801 9780
9780 9761
9820 9800
9800 9779
9823 9804
9804 9784
9784 9763
9763 9744
9744 9723
9723 10126
10126 9702
9702 9660
9822 9802
9802 9781
1625 1624
1627 1724
1626 1723
9798 9778
9778 9759
9759 9740
9740 9720
1608 1705
1705 10049
10049 1797
1610 1707
1613 1710
1710 1801
9844 9833
9833 10024
10024 9830
9830 9871
9871 9829
9829 9912
9912 9828
9828 9927
9927 9827
9827 9897
9897 6006
1607 1513
1606 1512
1657 1754
1754 1844
1844 1843
1843 1842
1842 1924
1924 2012
2012 2011
2011 2010
2010 2009
2009 2008
2008 2007
2007 2097
2097 2186
2186 2271
2271 2358
2358 2443
2443 2527
2527 2612
2612 2697
2697 2696
2696 2695
2695 2694
2694 2693
2693 2781
2781 2869
2869 2969
2969 2968
2968 2967
2967 2966
2966 2965
2965 2964
2964 2963
2963 2962
2962 2961
1656 1753
1753 1843
9835 9879
9879 9830
9834 9843
9843 9835
1658 1755
1755 1845
1845 1844
9836 9904
9904 9828
1649 1648
1648 1647
9826 6240
6240 6396
6396 6479
6479 6562
6562 6641
6641 6720
6720 6796
6796 6867
6867 7015
7015 7154
7154 7220
7220 7287
7287 7356
7356 7424
7424 7491
7491 7562
7562 7635
7635 7708
1651 1748
1748 1838
1838 1920
1920 2008
1650 1747
1747 1837
1837 1919
1919 2007
1653 1750
1750 1840
1840 1839
1839 1838
9831 10007
10007 9532
1652 1749
1749 1839
9881 1037
1643 1740
1642 1739
9885 1498
1644 1741
1635 1732
1732 1731
1731 1821
1821 1820
1820 1819
1819 1901
1901 1989
1989 1988
1988 2078
2078 2167
2167 2252
2252 2339
2339 2338
2338 2337
2337 2422
2422 2506
2506 2505
2505 2590
1634 1633
1637 1734
1636 1635
1638 1735
9866 673
673 753
1684 1777
1777 1864
9913 4727
1673 1580
9915 4194
9914 9825
9825 5627
5627 5706
5706 5929
5929 6009
6009 6089
6089 6166
6166 6241
6241 6318
6318 6397
6397 6479
9917 7084
7084 7153
7153 7218
7218 7285
7285 7353
7353 7555
9916 9828
9919 9827
9918 1864
1678 1774
1774 1773
9905 920
9906 4469
4469 4557
9909 4726
4726 4813
9908 3249
3249 3248
3248 3340
3340 3423
9911 6314
9910 5127
9896 3424
9899 2823
2823 2915
2915 3017
3017 3110
3110 3204
3204 3301
3301 3396
3396 3483
3483 3565
3565 3650
3650 3732
9900 6794
6794 7014
7014 7218
9903 3749
3749 3839
9902 9827
1712 1803
1714 1804
1804 1803
9893 1391
1717 1807
1807 1806
1806 1888
1888 1976
1716 1806
9895 4170
4170 4171
4171 4172
4172 4173
4173 4174
4174 4175
4175 4268
4268 4359
9894 9826
1718 1808
1808 1890
1890 1889
1889 1977
9945 3476
3476 3475
9944 1769
1769 1768
1768 1767
1767 1857
1857 1939
1939 2027
2027 2117
2117 2116
2116 2115
2115 2114
2114 2203
2203 2202
2202 2287
2287 2374
2374 2373
2373 2458
2458 2457
2457 2456
2456 2455
2455 2539
2539 2538
2538 2537
2537 2536
2536 2621
2621 2620
2620 2619
2619 2618
2618 2617
2617 2616
2616 2615
2615 2614
2614 2613
2613 2612
1704 1606
9946 918
918 917
917 916
916 915
915 993
993 1065
1065 1131
1131 1207
1207 1290
1290 1376
1376 1375
1375 1374
1374 1464
1464 1560
1560 1653
1706 1707
9949 6510
6510 6591
6591 10087
10087 6670
6670 6748
6748 6822
6822 6821
6821 6820
6820 6819
6819 6890
6890 6889
6889 6888
6888 6887
6887 6886
6886 6885
6885 6884
6884 6883
6883 6882
6882 6881
6881 6880
6880 6879
6879 6878
6878 6948
6948 7022
7022 7093
7093 7163
7163 7229
7229 7228
7228 7227
7227 7226
7226 7225
7225 7224
7224 7223
9948 8665
8665 8664
8664 8622
8622 8578
8578 8533
9951 9107
9936 9495
1699 1698
1698 1792
9938 9495
9943 7873
1702 1605
9928 4195
4195 4289
4289 4380
4380 4470
1752 1842
9933 9495
1757 1756
1756 1755
1758 1757
1745 1744
9920 774
9923 3159
3159 3158
3158 3157
3157 3249
1746 1745
9924 3424
1751 1841
1841 1840
9926 1589
9976 6005
6005 6086
6086 6087
9979 2871
2871 2971
2971 2970
2970 2969
9981 9544
9982 7555
9969 8816
1729 1819
9968 9270
9270 10129
10129 9252
9252 9230
9230 9207
9207 9183
9183 9157
9157 9129
9129 9103
9971 7870
7870 7869
7869 7942
7942 7941
7941 7940
7940 7939
7939 7938
7938 7937
7937 7936
7936 7935
7935 7934
7934 7933
1730 1729
9973 9637
9972 6892
6892 6891
6891 6961
6961 6960
6960 6959
6959 6958
6958 7032
7032 7031
7031 7102
7102 7101
7101 7171
7171 7237
7237 7236
7236 7235
7235 7234
7234 7233
7233 7299
7299 7368
7368 7436
7436 7502
7502 7573
7573 7572
7572 7571
7571 7570
7570 7569
7569 7568
7568 7567
7567 7566
7566 7565
7565 7638
7638 7710
7710 7783
7783 7782
7782 7781
9975 3323
9974 9615
9960 5069
5069 5229
5229 5316
5316 5407
5407 5497
5497 5582
5582 5658
5658 5737
5737 5812
5812 5886
5886 5885
5885 5958
5958 6038
6038 6118
6118 6195
6195 6269
6269 6346
6346 6424
6424 6506
6506 6505
6505 6504
6504 6503
6503 6502
6502 6501
6501 6583
6583 6662
6662 6661
6661 6739
6739 6814
6814 6813
6813 6884
9963 8299
8299 8245
8245 8187
8187 8186
9967 8445
8445 8395
8395 8346
9966 3845
3845 3757
3757 3586
3586 3500
3500 3415
9952 9133
9954 8011
8011 7940
9956 5669
5669 5510
5510 5424
5424 5332
5332 5244
5244 5161
5161 5081
5081 4999
4999 4915
4915 4830
4830 4743
4743 4654
4654 4568
4568 4481
4481 4392
4392 4300
4300 4208
4208 4115
4115 4025
4025 3935
3935 3846
3846 3758
3758 3670
3670 3586
9959 8779
10009 9610
10008 7853
7853 7927
1771 1861
1861 1946
1770 1769
10005 1797
1817 1816
1818 1817
9999 963
963 1036
1036 1035
1035 1103
1103 1034
1034 1033
1033 1032
1032 10013
10013 1031
1031 1030
1030 1099
1811 1810
1810 1892
1892 1980
1980 1979
1813 1812
1815 1814
1814 1896
1896 1984
1984 1983
1983 2073
2073 2162
10041 2478
10040 6007
6007 6164
6164 6239
6239 9911
10043 1001
10042 3479
3479 3480
3480 3481
3481 3482
1802 1885
10045 9509
10044 2783
2783 2698
2698 2615
10047 7853
10046 9829
10033 5381
5381 5472
5472 5557
5557 5633
5633 5712
5712 5787
5787 5861
5861 5936
5936 6016
6016 6096
6096 6173
6173 6248
6248 6325
6325 6403
6403 6485
6485 6567
6567 6646
6646 6724
6724 6800
6800 6871
6871 6943
10032 9655
10035 7089
10034 7089
10037 934
10036 1492
10039 9424
10038 673
1798 1880
10027 1945
1945 2034
2034 2127
10026 6318
1850 1849
1849 1848
1848 1930
1930 2018
2018 2108
2108 2107
2107 2196
2196 2281
2281 2368
2368 2453
2453 2537
10029 703
703 633
10028 9513
10031 2135
10030 1605
1846 1845
10073 3025
3025 3118
3118 3212
3212 3308
3308 3404
3404 3489
3489 3569
3569 3654
3654 3736
3736 3822
3822 3911
3911 4000
4000 4089
4089 4178
4178 4271
4271 4361
4361 4449
4449 4537
4537 4623
4623 4705
4705 4792
10072 3312
3312 3311
3311 3310
1832 1831
1831 1913
1913 2001
10075 2042
2042 2041
2041 2133
2133 2223
2223 2310
2310 2398
1835 1834
1834 1833
10074 1403
1836 1918
1918 2006
2006 2005
2005 2095
2095 2184
2184 2269
2269 2356
2356 2441
2441 2525
2525 2610
2610 2609
2609 2608
2608 2607
2607 2606
2606 2605
2605 2604
2604 2690
2690 2689
2689 2777
2777 2865
2865 2864
2864 2863
2863 2862
2862 2861
10065 1317
10064 3838
3838 4016
10067 4358
4358 4359
10066 1317
10069 3479
1829 1828
10068 3829
3829 3917
3917 4005
4005 4094
4094 4184
4184 4276
4276 4366
4366 4455
4455 4543
4543 4628
4628 4710
4710 4797
4797 4882
4882 4966
4966 5049
5049 5130
5130 5209
5209 5296
5296 5387
5387 5477
10071 5947
5947 5946
5946 6025
6025 6105
6105 6104
6104 6103
6103 6180
6180 6254
6254 6331
6331 6330
6330 6329
6329 6328
6328 6406
6406 6488
6488 6570
6570 6649
6649 6727
6727 6802
6802 6873
6873 6944
6944 6943
10070 7354
7354 7422
7422 7488
7488 7559
7559 7633
7633 7706
7706 7780
7780 7853
1830 1912
1912 2000
10057 3580
3580 3747
3747 3836
3836 3925
3925 4014
4014 4102
10056 2036
10059 3340
1882 1970
1970 2060
2060 2150
10061 4185
4185 4278
4278 4368
4368 4456
4456 4543
10060 2651
2651 2740
2740 2828
2828 2925
2925 3028
3028 3121
1884 1972
1972 2063
10063 6712
6712 6713
10062 6475
6475 6476
6476 6557
6557 6637
6637 6715
6715 6791
6791 6864
6864 6936
6936 7012
7012 7083
7083 7152
1873 1957
1957 1956
1956 2045
10051 6005
10050 2486
2486 2572
2572 2659
2659 2747
2747 2835
2835 2936
2936 3040
3040 3131
3131 3223
3223 3318
3318 3409
10053 7422
10055 6007
10054 2871
1865 1948
1948 2037
2037 2129
1866 1950
1950 2040
1860 1942
1942 2030
2030 2029
2029 2028
2028 2118
2118 2117
1914 2002
1917 2005
1916 1915
1905 1993
1904 1992
1911 1999
1897 1896
1899 1898
1900 1988
1903 1991
1991 1990
1990 1989
1902 1901
1893 1981
1981 2071
2071 2160
2160 2245
1895 1894
1944 2034
1929 1928
1928 1927
1927 1926
1926 1925
1925 1924
1921 2009
1923 2011
1922 2010
1975 2065
2065 2154
1974 2064
2064 2153
1965 2055
2055 2144
2144 2230
2230 2317
2317 2402
2402 2487
2487 2572
1967 2057
2057 2147
2147 2232
2232 2319
2319 2404
2404 2488
2488 2573
2573 2659
1966 2057
1954 2043
2043 2135
2013 2012
2015 2014
2014 2104
2104 2193
2193 2278
2278 2365
2365 2364
2364 2449
2449 2448
2448 2447
2447 2446
2446 2530
2530 2529
2529 2528
2528 2527
2004 2003
1997 2087
2087 2176
2176 2261
1985 1984
1987 1986
2033 2125
2125 2217
2217 2304
2304 2392
2039 2132
2024 2023
2023 2022
2022 2112
2112 2201
2201 2286
2286 2373
2017 2107
2016 2015
2019 2018
2021 2020
2020 2019
2075 2164
2074 2073
2077 2076
2079 2078
2067 2066
2069 2068
2068 2067
2070 2069
2056 2145
2145 2230
2062 2152
2105 2104
2106 2195
2195 2280
2280 2367
2367 2452
2452 2536
2109 2108
2110 2109
2096 2095
2099 2098
2098 2097
2101 2190
2190 2275
2275 2362
2362 2447
2100 2099
2103 2192
2192 2277
2277 2364
2102 2101
2091 2180
2180 2265
2265 2352
2352 2351
2351 2350
2350 2349
2349 2434
2434 2518
2518 2603
2603 2602
2602 2601
2601 2600
2600 2599
2093 2182
2182 2181
2181 2180
2092 2091
2094 2093
2081 2080
2080 2169
2169 2254
2254 2341
2341 2340
2340 2425
2086 2085
2143 2229
2229 2316
2316 2402
2131 2222
2134 2133
2126 2218
2113 2112
2168 2167
2170 2169
2173 2258
2258 2345
2345 2344
2344 2343
2172 2171
2175 2260
2260 2347
2174 2173
2166 2165
2159 2244
2244 2331
2158 2243
2243 2330
2146 2232
2151 2236
2194 2193
2197 2196
2199 2198
2198 2197
2185 2184
2187 2186
2189 2274
2274 2361
2361 2446
2188 2273
2273 2360
2360 2445
2445 2529
2191 2190
2183 2182
2233 2320
2320 2405
2405 2489
2489 2574
2574 2660
2660 2749
2749 2837
2837 2937
2937 3040
2235 2322
2322 2407
2239 2238
2225 2312
2224 2223
2228 2316
2231 2318
2318 2404
2216 2304
2219 2129
2221 2308
2308 2397
2267 2354
2354 2439
2439 2523
2523 2522
2522 2607
2266 2353
2353 2438
2438 2522
2268 2355
2355 2354
2270 2269
2257 2344
2259 2346
2346 2345
2249 2336
2336 2421
2421 2505
2248 2335
2335 2420
2420 2504
2504 2589
2251 2338
2250 2337
2253 2340
2255 2342
2247 2246
2283 2370
2370 2369
2369 2368
2282 2369
2285 2372
2372 2371
2371 2370
2284 2371
2272 2359
2359 2358
2276 2363
2363 2448
2279 2278
2333 2332
2334 2333
2315 2401
2401 2486
2306 2394
2394 2481
2481 2565
2565 2652
2652 2740
2311 2310
2366 2365
2357 2356
2393 2479
2479 2478
2395 2482
2387 2386
2386 2385
2385 2384
2384 2383
2383 2468
2468 2467
2467 2551
2551 2636
2636 2635
2635 2634
2634 2633
2633 2632
2632 2631
2631 2630
2630 2629
2629 2628
2628 2627
2627 2626
2626 2625
2625 2624
2624 2623
2623 2622
2622 2621
2375 2374
2424 2508
2429 2513
2513 2598
2598 2597
2597 2596
2596 2595
2595 2594
2594 2593
2428 2427
2431 2430
2430 2514
2419 2503
2503 2588
2588 2587
2587 2586
2586 2672
2672 2760
2760 2848
2848 2847
2847 2947
2423 2422
2408 2493
2403 2488
2406 2490
2490 2575
2575 2662
2662 2750
2750 2838
2838 2939
2939 3042
3042 3133
2459 2458
2460 2544
2544 2543
2543 2542
2542 2541
2541 2540
2540 2539
2451 2535
2535 2620
2450 2449
2454 2538
2440 2439
2442 2441
2444 2443
2433 2432
2492 2577
2577 2663
2495 2494
2494 2493
2480 2564
2564 2651
2485 2484
2484 2568
2568 2655
2655 2743
2743 2742
2520 2605
2526 2611
2611 2610
2512 2597
2517 2516
2519 2604
2507 2506
2511 2596
2510 2509
2498 2583
2583 2582
2582 2581
2581 2667
2667 2666
2666 2665
2665 2664
2502 2587
2531 2530
2533 2618
2532 2617
2534 2619
2585 2584
2584 2670
2670 2669
2669 2757
2757 2845
2845 2844
2844 2944
2569 2568
2570 2657
2657 2745
2745 2744
2744 2743
2563 2651
2649 2735
2735 2821
2821 2914
2914 3016
3016 3109
3109 3204
2650 2736
2736 2822
2822 2915
2653 2742
2681 2680
2680 2679
2679 2678
2678 2677
2677 2765
2765 2853
2853 2852
2852 2851
2683 2682
2682 2770
2770 2858
2858 2857
2857 2856
2856 2855
2855 2854
2854 2853
2684 2772
2772 2771
2771 2770
2687 2686
2686 2685
2673 2672
2674 2762
2762 2850
2850 2950
2676 2675
2671 2670
2656 2655
2661 2749
2713 2630
2712 2629
2705 2622
2704 2621
2707 2706
2706 2705
2709 2708
2708 2707
2711 2710
2710 2709
2699 2616
2701 2700
2700 2617
2703 2702
2702 2701
2688 2776
2776 2864
2691 2690
2692 2691
2746 2833
2833 2832
2832 2929
2929 3031
3031 3030
3030 3029
2748 2836
2836 2937
2751 2839
2839 2939
2737 2822
2739 2827
2827 2924
2924 3026
3026 3119
3119 3213
3213 3309
3309 3404
2741 2829
2829 2927
2733 2819
2819 2820
2779 2867
2867 2866
2866 2865
2778 2866
2780 2868
2868 2867
2782 2781
2769 2857
2768 2856
2775 2863
2774 2773
2761 2849
2849 2848
2764 2763
2767 2855
2766 2765
2793 2792
2792 2791
2791 2705
2795 2794
2794 2793
2797 2711
2796 2795
2799 2798
2798 2712
2785 2699
2784 2698
2787 2786
2786 2700
2789 2788
2788 2787
2790 2789
2831 2830
2873 2784
2872 2972
2972 3066
3066 3158
2875 2786
2874 2785
2877 2788
2876 2787
2879 2790
2878 2789
2870 2970
2859 2858
2860 2859
2909 2910
2910 2911
2911 3014
3014 3015
2888 2799
2881 2792
2880 2791
2883 2794
2882 2793
2885 2796
2884 2795
2887 2798
2886 2797
2928 2927
2930 3032
3032 3124
3124 3123
3123 3122
3122 3121
2933 3037
3037 3038
3038 3129
3129 3222
3222 3317
3317 3408
3408 3497
2932 3036
3036 3127
3127 3220
3220 3315
3315 3316
3316 3317
2935 3039
3039 3130
3130 3223
2921 3024
3024 3117
3117 3211
3211 3306
3306 3402
3402 3487
3487 3568
3568 3654
2923 3026
2922 3024
2926 3028
2912 3014
2973 2972
2975 2974
2974 2973
2985 2984
2984 2983
2983 3077
3077 3076
3076 3075
3075 3074
3074 3073
3073 3072
3072 3071
3071 3070
3070 3069
3069 3068
3068 3067
3067 3066
2987 2986
2986 3080
3080 3079
3079 3078
3078 3077
2989 3083
3083 3082
3082 3081
3081 3080
2988 2987
2977 3071
2976 3070
2979 3073
2978 3072
2981 3075
2980 3074
2982 3076
3033 3124
3035 3036
3034 3035
3027 3119
3019 3112
3112 3206
3206 3302
3302 3397
3397 3483
3018 3111
3111 3206
3021 3114
3114 3208
3208 3304
3304 3400
3400 3486
3486 3567
3567 3651
3651 3733
3733 3907
3020 3112
3022 3114
3013 2910
3012 3013
3065 3064
3064 3063
3063 3062
3062 3061
3061 3060
3060 3059
3059 3058
3058 3057
3057 3056
3056 3055
3055 3054
3054 3053
3053 3052
3052 3051
3051 3050
3050 3049
3049 3048
3048 3047
3047 3046
3046 3045
3084 3083
3120 3214
3214 3309
3113 3207
3207 3302
3116 3210
3210 3306
3161 3160
3160 3159
3163 3162
3162 3161
3165 3164
3164 3163
3167 3166
3166 3165
3152 3060
3155 3063
3154 3153
3153 3152
3156 3064
3145 3144
3144 3143
3143 3142
3142 3050
3147 3055
3146 3054
3149 3057
3148 3147
3151 3059
3150 3149
3141 3140
3140 3048
3177 3176
3176 3175
3175 3174
3174 3173
3173 3172
3172 3171
3171 3170
3170 3169
3169 3168
3168 3167
3178 3177
3231 3140
3219 3220
3218 3313
3313 3314
3314 3315
3209 3305
3305 3400
3205 3301
3257 3256
3256 3255
3255 3254
3254 3253
3253 3252
3252 3251
3251 3250
3250 3249
3259 3258
3258 3257
3261 3260
3260 3259
3263 3262
3262 3261
3241 3150
3240 3149
3245 3154
3244 3153
3246 3155
3233 3142
3232 3141
3239 3148
3238 3147
3272 3271
3271 3270
3270 3269
3269 3268
3268 3267
3267 3266
3266 3265
3265 3264
3264 3263
3275 3274
3274 3273
3273 3272
3307 3402
3299 3300
3298 3299
3303 3398
3398 3484
3484 3566
3566 3650
3353 3352
3352 3351
3351 3350
3350 3349
3349 3348
3348 3347
3347 3346
3346 3345
3345 3344
3344 3343
3343 3342
3342 3341
3341 3340
3355 3354
3354 3353
3357 3356
3356 3355
3359 3358
3358 3357
3339 3338
3338 3337
3361 3360
3360 3359
3363 3362
3362 3361
3365 3364
3364 3363
3417 3416
3416 3415
3419 3418
3418 3417
3420 3336
3401 3402
3393 3480
3399 3485
3485 3566
3477 10069
3478 10042
3513 3427
3512 3426
3515 3429
3514 3428
3517 3431
3516 3430
3519 3433
3518 3432
3505 3419
3504 3418
3507 3421
3506 3420
3509 3423
3508 3422
3510 3424
3503 3417
3502 3416
3492 3572
3572 3658
3658 3740
3740 3826
3826 3915
3915 4003
4003 4092
4092 4182
4182 4275
4275 4365
4365 4454
4454 4542
4542 4627
4627 4709
4709 4796
4796 4881
4881 4965
4965 5048
5048 5130
3528 3442
3531 3445
3530 3444
3533 3447
3532 3446
3535 3449
3534 3448
3521 3435
3520 3434
3523 3437
3522 3436
3525 3439
3524 3438
3527 3441
3526 3440
3579 3580
3581 3580
3609 3608
3608 3522
3611 3525
3610 3524
3613 3612
3612 3611
3614 3613
3601 3600
3600 3599
3599 3513
3603 3602
3602 3601
3605 3519
3604 3518
3607 3521
3606 3605
3593 3507
3592 3591
3591 3590
3590 3504
3595 3509
3594 3593
3597 3511
3511 3425
3596 3595
3598 3597
3589 3503
3588 3502
3624 3623
3623 3537
3537 3451
3617 3531
3616 3615
3619 3618
3618 3617
3620 3534
3673 3589
3672 3588
3675 3591
3674 3590
3677 3593
3676 3675
3679 3595
3678 3677
3705 3704
3704 3620
3707 3623
3697 3613
3696 3695
3695 3611
3698 3614
3701 3617
3703 3619
3702 3701
3689 3605
3688 3604
3691 3690
3690 3689
3693 3692
3692 3608
3694 3610
3681 3597
3680 3679
3683 3599
3682 3681
3685 3601
3684 3683
3687 3603
3686 3685
3741 3827
3827 3915
3742 10068
3730 3818
3818 3905
3905 3994
3994 4084
4084 4085
4085 4175
3734 3733
3769 3681
3768 3680
3771 3683
3770 3682
3773 3685
3772 3684
3775 3687
3774 3686
3761 3673
3760 3672
3763 3675
3762 3674
3765 3677
3764 3676
3767 3679
3766 3678
3753 3842
3842 3931
3931 4019
4019 4108
4108 4199
4199 4291
4291 4471
4471 4557
3752 3841
3841 3930
3930 4018
4018 4107
4107 4198
4198 4290
4290 4381
3746 3747
3748 3836
3751 3841
3793 3705
3792 3704
3795 3707
3796 3708
3708 3707
3785 3697
3784 3696
3787 3699
3786 3698
3789 3701
3791 3703
3790 3702
3777 3689
3776 3688
3779 3691
3778 3690
3781 3693
3780 3692
3783 3695
3782 3694
3833 3832
3832 3920
3920 4008
4008 4096
4096 4185
3835 3925
3834 3922
3922 4010
4010 4009
4009 4008
3837 3926
3926 4014
3825 3913
3828 3827
3819 3905
3821 3909
3909 3998
3998 4087
4087 4176
3865 3777
3864 3776
3867 3866
3866 3778
3869 3868
3868 3867
3871 3783
3870 3782
3857 3856
3856 3855
3855 3854
3854 3766
3859 3771
3858 3857
3861 3860
3860 3859
3863 3775
3862 3861
3849 3848
3848 3847
3851 3763
3850 3849
3853 3852
3852 3764
3840 3930
3889 3888
3888 3887
3887 3799
3799 3711
3711 3710
3710 3626
3626 3625
3625 3539
3539 3453
3881 3880
3880 3879
3879 3791
3883 3795
3882 3881
3885 3797
3797 3709
3709 3708
3884 3883
3886 3885
3873 3785
3872 3871
3875 3874
3874 3786
3878 3790
3929 4017
4017 4106
4106 4198
3932 9966
3921 3920
3923 4011
4011 4010
3924 4013
4013 4102
3914 4002
3916 4005
3904 3993
3993 4083
4083 4173
3961 3960
3960 3871
3963 3962
3962 3961
3965 3876
3964 3963
3967 3878
3953 3864
3952 3951
3951 3862
3955 3866
3954 3865
3957 3868
3956 3867
3959 3958
3958 3957
3945 3944
3944 3943
3943 3942
3942 3853
3947 3858
3946 3857
3949 3860
3948 3859
3950 3949
3992 4082
4082 4172
3977 3888
3976 3887
3979 3890
3890 3802
3802 3714
3714 3713
3713 3712
3712 3628
3628 3627
3627 3541
3541 3455
3978 3977
3969 3880
3968 3879
3971 3882
3970 3881
3973 3884
3972 3883
3975 3974
3974 3885
4024 3934
3934 3845
4031 3941
3941 3940
3940 3851
4023 3934
4001 4090
4090 4180
4004 4093
4093 4182
4006 4095
4095 4185
4061 4060
4060 3970
4063 3973
4062 3972
4049 4048
4048 4047
4047 4046
4046 4045
4045 3955
4051 3961
4050 3960
4053 3963
4052 3962
4055 4054
4054 4053
4041 4040
4040 4039
4039 4038
4038 4037
4037 4036
4036 4035
4035 4034
4034 3944
4043 4042
4042 4041
4044 3954
4033 3943
4032 3942
4065 4064
4064 3974
4067 3977
4066 3976
4069 3979
4068 4067
4071 4070
4070 4069
4121 4031
4123 4033
4122 4032
4112 4023
4104 4195
4111 4022
4022 3933
3933 3757
4097 4187
4187 4279
4279 4278
4101 4102
4153 4063
4152 4062
4155 4065
4154 4064
4157 4067
4156 4066
4159 4069
4158 4068
4145 4055
4144 4054
4148 4058
4151 4061
4150 4060
4137 4047
4136 4046
4139 4049
4138 4048
4141 4051
4140 4050
4143 4053
4142 4052
4131 4041
4130 4040
4133 4043
4132 4042
4135 4045
4134 4044
4186 4278
4189 4188
4188 4280
4280 4279
4190 4282
4282 4372
4372 4460
4460 4547
4547 4546
4546 4631
4631 4713
4713 4800
4800 4885
4885 4969
4969 5052
4177 4269
4183 4275
4161 4071
4160 4070
4162 4072
4072 3982
3982 3893
3893 3805
3805 3717
3717 3633
3633 3547
3547 3461
4216 4215
4215 4214
4214 4213
4213 4120
4120 4030
4030 4029
4029 4028
4028 4027
4027 4026
4203 4111
4249 4156
4248 4155
4251 4158
4250 4157
4253 4160
4252 4251
4255 4162
4254 4253
4241 4148
4245 4152
4244 4243
4247 4154
4246 4245
4233 4140
4232 4139
4235 4234
4234 4233
4237 4236
4236 4143
4224 4131
4227 4226
4226 4133
4229 4228
4228 4227
4231 4138
4230 4137
4281 4280
4283 4373
4373 4461
4461 4548
4548 4633
4633 4715
4715 4714
4714 4713
4287 4377
4377 4376
4272 4362
4362 4451
4451 4539
4539 4625
4274 4364
4364 4452
4277 4367
4367 4455
4265 4266
4266 4173
4264 4171
4256 4163
4163 4073
4073 4072
4263 4170
4262 4261
4261 4168
4168 4078
4078 4077
4077 3987
3987 3898
3898 3810
3810 3722
3722 3638
3638 3552
3552 3466
4317 4316
4316 4224
4319 4227
4318 4226
4305 4304
4304 4303
4303 4302
4302 4210
4210 4209
4295 4203
4294 4203
4345 4253
4344 4343
4343 4251
4347 4255
4346 4345
4348 4256
4339 4338
4338 4337
4341 4249
4340 4339
4342 4341
4329 4237
4328 4236
4333 4332
4332 4331
4331 4330
4330 4329
4334 4242
4320 4228
4323 4231
4325 4233
4324 4323
4327 4326
4326 4325
4371 4459
4459 4546
4374 4462
4360 4449
4355 4265
4354 4355
4357 4358
4409 4317
4408 4316
4411 4319
4410 4318
4413 4321
4321 4320
4412 4320
4415 4323
4414 4322
4322 4321
4395 4303
4394 4302
4387 4296
4296 4205
4205 4112
4388 4297
4297 4206
4206 4113
4113 4024
4441 4349
4349 4257
4257 4164
4164 4074
4074 4073
4440 4348
4442 4350
4350 4258
4258 4165
4165 4075
4075 4074
4445 4355
4444 4352
4352 4260
4260 4259
4259 4166
4166 4076
4076 4075
4447 4358
4433 4341
4432 4340
4435 4343
4434 4342
4437 4345
4436 4344
4438 4346
4431 4339
4430 4338
4417 4325
4416 4324
4419 4327
4418 4326
4421 4329
4420 4328
4465 4464
4464 4463
4450 4537
4453 4540
4505 4416
4504 4503
4503 4502
4502 4413
4507 4506
4506 4505
4508 4419
4497 4496
4496 4495
4495 4494
4494 4493
4493 4404
4404 4312
4312 4220
4220 4127
4127 4037
4499 4498
4498 4409
4501 4412
4500 4499
4488 4487
4487 4398
4398 4306
4306 4305
4485 4484
4484 4395
4486 4397
4397 4305
4538 4623
4541 4627
4529 4528
4528 4527
4527 4526
4526 4525
4525 4524
4524 4523
4523 4434
4531 4530
4530 4529
4533 4355
4532 4443
4443 4351
4351 4350
4534 4533
4521 4520
4520 4519
4519 4518
4522 4521
4571 4570
4570 4483
4483 4394
4573 4572
4572 4571
4575 4574
4574 4487
4553 4638
4638 4720
4720 4719
4719 4718
4718 4717
4717 4804
4804 4803
4552 4551
4551 4636
4636 4718
4554 4639
4639 4721
4721 4720
4550 4549
4593 4592
4592 4505
4595 4508
4594 4507
4596 4509
4509 4420
4587 4586
4586 4585
4585 4498
4589 4588
4588 4587
4591 4590
4590 4589
4576 4489
4489 4400
4400 4308
4308 4307
4307 4306
4632 4714
4635 4634
4624 4706
4706 4793
4793 4879
4879 4963
4963 5047
4626 4708
4708 4796
4617 4530
4619 4533
4618 4617
4621 4704
4609 4608
4611 4524
4610 4523
4613 4612
4612 4525
4615 4528
4614 4613
4659 4658
4660 4574
4642 4641
4641 4723
4723 4810
4810 4809
4809 4808
4808 4893
4893 4977
4977 4976
4976 4975
4975 4974
4974 5057
5057 5056
5056 5055
5055 5136
5136 5215
5215 5214
5214 5301
5301 5392
5392 5391
5391 5481
5481 5566
4697 4611
4699 4613
4698 4612
4701 4615
4700 4699
4702 4616
4616 4529
4681 4680
4680 4679
4679 4678
4678 4592
4683 4597
4597 4510
4510 4421
4682 4681
4684 4683
4674 4588
4677 4591
4676 4675
4675 4674
4730 4729
4722 4721
4725 4812
4724 4811
4811 4896
4763 4674
4765 4676
4767 4678
4766 4677
4746 4657
4749 4660
4748 4659
4750 4661
4661 4575
4794 4879
4785 4696
4696 4610
4787 4698
4786 4697
4789 4700
4788 4699
4791 4702
4790 4701
4769 4680
4768 4679
4771 4682
4772 4683
4817 4816
4816 4815
4815 4814
4818 4903
4903 4987
4987 5070
5070 5069
4801 4800
4802 4887
4807 4806
4806 4805
4805 4804
4860 4859
4859 4772
4863 4776
4776 4687
4687 4601
4601 4514
4514 4425
4425 4333
4853 4852
4852 4851
4851 4850
4850 4763
4855 4854
4854 4767
4843 4756
4756 4667
4667 4581
4581 4494
4835 4834
4839 4752
4752 4663
4663 4577
4577 4576
4889 4888
4891 4975
4892 4976
4895 4979
4894 4978
4978 5061
5061 5142
4883 4967
4967 4966
4873 4786
4872 4785
4875 4788
4874 4787
4877 4790
4876 4789
4878 4962
4865 4778
4778 4689
4689 4603
4603 4516
4516 4427
4427 4335
4864 4863
4918 4917
4917 4832
4832 4745
4745 4656
4899 4983
4983 4982
4982 5065
5065 5146
5146 5225
5225 5224
5224 5223
5223 5222
5222 5221
4898 4897
4901 4900
4900 4984
4984 5067
5067 5066
5066 5147
5147 5146
4902 4986
4986 5069
4957 4956
4956 4955
4959 4874
4958 4873
4945 4944
4944 4859
4947 4946
4946 4861
4861 4774
4774 4685
4685 4684
4949 4948
4948 4947
4950 4865
4937 4936
4936 4935
4935 4850
4939 4854
4938 4937
4940 4855
4942 4857
4857 4770
4770 4681
4985 4984
4981 4980
4968 5051
4973 5056
4972 4971
4961 4876
4960 4875
5020 4936
5022 4938
5011 4927
4927 4926
4926 4925
4925 4840
4840 4753
4753 4664
4664 4663
5015 4931
4931 4930
4930 4929
4929 4928
4928 4843
5050 5131
5131 5210
5210 5209
5041 4957
5040 4956
5043 4959
5042 4958
5044 4960
5046 5127
5033 4949
5032 4948
5027 4943
4943 4858
4858 4771
5026 4942
5031 4947
5030 4946
5064 5145
5145 5224
5059 5140
5140 5219
5060 5059
5063 5062
5113 5112
5112 5030
5101 5019
5019 4935
5102 5020
5093 5011
5094 5012
5012 4928
5144 5143
5137 5216
5216 5303
5303 5394
5394 5484
5139 5218
5138 5217
5217 5216
5141 5220
5129 5208
5208 5296
5133 5212
5212 5211
5123 5041
5125 5124
5124 5042
5126 5044
5176 5096
5096 5095
5095 5013
5013 4929
5175 5174
5174 5094
5213 5300
5300 5391
5205 5204
5204 5124
5193 5192
5192 5112
5194 5114
5114 5032
5275 5192
5274 5191
5191 5111
5111 5029
5029 4945
5276 5193
5307 5398
5398 5397
5397 5487
5487 5486
5486 5485
5306 5305
5309 5308
5308 5399
5399 5489
5489 5574
5574 5650
5650 5729
5729 5804
5804 5803
5803 5877
5877 5950
5950 6030
6030 6110
6110 6109
6109 6108
6108 6185
6185 6259
6259 6336
6336 6335
6335 6334
6334 6333
6333 6411
6411 6493
6493 6575
6575 6654
6654 6653
6653 6731
6731 6806
6806 6877
6877 6876
6876 6875
6875 6874
6874 6873
5311 5310
5310 5309
5302 5301
5294 5385
5287 5204
5361 5360
5360 5272
5272 5189
5189 5188
5188 5187
5187 5107
5107 5025
5025 4941
4941 4940
5401 5491
5491 5576
5576 5575
5575 5651
5651 5730
5730 5729
5400 5399
5402 5401
5393 5392
5396 5395
5380 5470
5470 5555
5555 5631
5631 5711
5711 5786
5786 5861
5382 5472
5465 5373
5373 5285
5285 5202
5488 5487
5490 5575
5493 5578
5578 5577
5577 5576
5492 5577
5483 5568
5554 5630
5630 5710
5710 5785
5785 5859
5859 5933
5933 6012
6012 6092
6092 6170
6170 6244
6244 6321
6321 6399
6399 6482
6482 6565
6565 6644
6644 6723
6723 6799
6799 6870
6870 6941
6941 7017
7017 7087
7087 7156
7156 7221
7221 7287
5585 5661
5661 5740
5740 5815
5815 5889
5889 5962
5962 6042
6042 6122
6122 6199
6199 6273
6273 6350
6350 6428
6428 6510
5579 5578
5580 5579
5571 5647
5647 5726
5726 5801
5801 5800
5800 5799
5799 5798
5798 5797
5797 5796
5796 5870
5870 5944
5944 6023
6023 6103
5570 5569
5573 5572
5572 5648
5648 5647
5626 5549
5549 5548
5548 5462
5462 5461
5461 5369
5369 5281
5281 5198
5198 5118
5118 5117
5117 5035
5035 4951
4951 4950
5657 5736
5736 5811
5811 5810
5810 5809
5809 5883
5883 5956
5956 6036
6036 6116
6116 6193
6193 6192
6192 6266
6266 6343
6343 6421
6421 6503
5656 5655
5655 5654
5654 5653
5653 5732
5732 5807
5807 5806
5806 5880
5880 5879
5879 5878
5878 5877
5659 5738
5738 5813
5813 5887
5887 5960
5960 6040
6040 6120
6120 6119
6119 6196
6196 6270
6270 6269
5660 5739
5739 5814
5814 5888
5888 5961
5961 6041
6041 6121
6121 6198
6198 6272
6272 6349
6349 6427
6427 6509
6509 6591
5662 5661
5649 5648
5652 5651
5643 5722
5722 5797
5645 5644
5644 5643
5646 5645
5634 5713
5713 5788
5788 5863
5863 5937
5937 6016
5695 5694
5694 5693
5693 5692
5692 5691
5691 5611
5611 5534
5534 5533
5533 5532
5532 5446
5446 5445
5445 5444
5444 5443
5443 5442
5442 5441
5441 5349
5349 5348
5348 5260
5260 5177
5177 5097
5097 5096
5725 5800
5724 5799
5727 5726
5728 5803
5733 5732
5735 5810
5734 5809
5789 5863
5808 5882
5882 5955
5955 6035
6035 6115
6115 6192
5802 5876
5876 5949
5949 6029
6029 6109
5805 5804
5881 5954
5954 6034
6034 6114
6114 6113
6113 6112
6112 6111
6111 6110
5884 5883
5873 5872
5872 5946
5875 5949
5874 5799
5864 5938
5938 6017
6017 6097
6097 6174
6174 6248
5862 5936
5951 5950
5953 5952
5952 5951
5957 6037
6037 6117
6117 6116
5959 5958
6001 6082
6082 6158
6158 6233
6233 6308
6308 6309
6309 6310
6310 6311
6311 6312
6312 6313
6000 5999
5999 5998
5998 5925
5925 5851
5851 5776
5776 5700
5700 5620
5620 5543
5543 5542
5542 5456
5456 5364
5364 5276
6003 6084
6084 6085
6085 6161
6161 6236
6236 6311
6002 6083
6083 6084
6004 6085
6033 6113
6032 6112
6039 6119
6027 6107
6107 6106
6106 6183
6183 6257
6257 6334
6031 6111
6081 6082
6160 6235
6235 6310
6162 6163
6155 6079
6079 5998
6157 6158
6156 6157
6159 6160
6194 6193
6197 6196
6187 6186
6186 6185
6189 6263
6263 6340
6340 6339
6339 6338
6338 6416
6416 6415
6415 6414
6414 6496
6496 6578
6578 6577
6577 6576
6576 6655
6655 6733
6733 6808
6808 6879
6188 6262
6262 6339
6191 6190
6190 6189
6232 6307
6307 6308
6234 6309
6237 6312
6231 6306
6306 6307
6230 6154
6154 6078
6078 6077
6077 6076
6076 6075
6075 5994
5994 5993
5993 5992
5992 5991
5991 5918
5918 5844
5844 5769
5769 5693
6265 6342
6342 6341
6341 6419
6419 6501
6264 6341
6267 6266
6268 6345
6345 6423
6423 6505
6271 6270
6261 6338
6247 6324
6324 6403
6305 6306
6344 6343
6347 6346
6348 6426
6426 6508
6508 6590
6590 6669
6669 6747
6747 6822
6351 6350
6393 6394
6394 6395
6392 6393
6385 6386
6386 6387
6387 6388
6388 6389
6389 6390
6390 6391
6391 6392
6384 6385
6381 6382
6382 6383
6383 6384
6380 6303
6303 6302
6302 6227
6227 6151
6151 6075
6425 6424
6417 6416
6418 6417
6420 6419
6422 6421
6409 6408
6408 6490
6490 6572
6572 6651
6651 6650
6650 6728
6728 6803
6803 6874
6412 6411
6401 6484
6484 6567
6459 6460
6460 6461
6461 6462
6462 6463
6463 6544
6544 6624
6624 6702
6702 6778
6778 6851
6851 6923
6923 6999
6999 7070
7070 7139
7139 7204
7204 7205
7205 7206
7206 7207
7207 7274
7274 7342
7342 7411
7411 7477
7477 7545
7545 7546
7546 7618
7618 7619
7619 7620
7620 7693
7693 7766
7766 7840
6458 6459
6483 6565
6473 6554
6554 6634
6634 6635
6472 6553
6553 6633
6633 6711
6711 6787
6787 6860
6860 6932
6932 7008
7008 7079
7079 7080
7080 7149
7149 7214
7214 7281
7281 7349
7349 7350
7350 7351
7351 7352
6477 6558
6558 6638
6638 6716
6716 6792
6792 6865
6865 6937
6937 7013
7013 7084
6478 6559
6559 6639
6639 6717
6717 6793
6793 6866
6866 6938
6938 7014
6465 6546
6546 6626
6626 6627
6627 6628
6628 6706
6706 6707
6707 6783
6783 6856
6856 6928
6928 7004
7004 7075
7075 7144
7144 7145
7145 7210
7210 7277
7277 7345
7345 7346
7346 7415
7415 7481
7481 7549
7549 7621
7621 7622
7622 7623
7623 7696
7696 7769
7769 7843
6464 6465
6467 6548
6548 6628
6466 6547
6547 6627
6469 6550
6550 6630
6630 6708
6708 6784
6784 6857
6857 6929
6929 7005
7005 7076
7076 7145
6468 6469
6471 6552
6552 6632
6632 6710
6710 6711
6470 6471
6507 6506
6497 6496
6499 6581
6581 6660
6660 6659
6659 6658
6658 6657
6657 6735
6735 6810
6810 6881
6498 6580
6580 6659
6500 6499
6556 6636
6636 6637
6545 6625
6625 6626
6549 6629
6629 6707
6551 6631
6631 6632
6539 6619
6619 6620
6620 6698
6698 6774
6774 6847
6847 6919
6919 6995
6995 7066
7066 7067
7067 7136
7136 7137
7137 7138
7138 7139
6541 6621
6621 6699
6699 6775
6775 6848
6848 6849
6849 6921
6921 6997
6997 7068
7068 7137
6540 6620
6543 6623
6623 6701
6701 6777
6777 6850
6850 6922
6922 6998
6998 7069
7069 7138
6542 6622
6622 6700
6700 6776
6776 6849
6585 6664
6664 6663
6663 6741
6741 6816
6816 6887
6584 6583
6587 6666
6666 6665
6665 6664
6586 6665
6589 6588
6588 6587
6579 6578
6582 6661
6560 6640
6640 6718
6718 6794
6566 6645
6645 6724
6618 6696
6696 6772
6772 6845
6845 6917
6917 6993
6993 7064
7064 7133
7133 7134
7134 7199
7199 7266
7266 7334
7334 7403
7403 7404
7404 7470
7470 7538
7538 7610
7610 7683
7683 7756
7756 7830
6667 6666
6714 6790
6790 6863
6705 6781
6781 6854
6854 6926
6926 7002
7002 7073
7073 7142
7142 7207
6704 6705
6709 6710
6697 6698
6703 6779
6779 6852
6852 6924
6924 6925
6925 6926
6695 6771
6771 6844
6844 6916
6916 6992
6992 7063
7063 7132
7132 7133
6745 6744
6744 6743
6743 6742
6742 6741
6746 6745
6737 6812
6812 6811
6811 6810
6736 6811
6738 6813
6740 6739
6780 6853
6853 6854
6782 6855
6855 6927
6927 7003
7003 7074
7074 7143
7143 7208
7208 7275
7275 7343
7343 7412
7412 7413
7413 7479
7479 7547
7547 7548
7548 7620
6770 6694
6694 6616
6616 6615
6615 6614
6614 6613
6613 6612
6612 6532
6532 6450
6450 6449
6449 6371
6371 6294
6294 6293
6293 6218
6218 6142
6142 6066
6066 6065
6065 6064
6064 5983
5983 5982
5982 5909
5909 5835
5835 5760
5760 5684
5684 5683
5683 5682
5682 5681
5681 5680
5680 5679
5679 5678
5678 5598
5598 5521
5521 5435
5435 5343
5343 5255
5255 5172
5172 5171
5171 5091
5091 5009
5009 4925
6773 6846
6846 6847
6809 6808
6815 6814
6798 6869
6869 6941
6785 6858
6858 6930
6930 6931
6931 6932
6786 6859
6859 6860
6788 6861
6861 6862
6843 6844
6817 6816
6818 6889
6910 6911
6893 6892
6940 7016
7016 7086
7086 7155
7155 7221
6933 7009
7009 7080
6934 6935
6920 6921
6915 6991
6991 7062
7062 7131
7131 7132
6914 6990
6990 7061
7061 7130
7130 7131
6918 6919
6953 6952
6952 6951
6951 6950
6950 7024
7024 7023
7023 7022
6954 6953
6957 6956
6956 6955
6955 6954
6949 6948
7001 7072
7072 7141
7141 7206
7000 7071
7071 7140
7140 7205
7007 7078
7078 7147
7147 7148
7148 7149
7006 7077
7077 7146
7146 7211
7211 7278
7278 7346
6994 7065
7065 7134
6996 7067
6985 7054
7054 7055
7055 7124
7124 7125
7125 7126
7126 7127
7127 7128
7128 7129
7129 7130
6984 7053
7053 7054
6987 7056
7056 7125
6986 7055
6989 7060
7060 7129
6988 7057
7057 7126
6977 7046
7046 7115
7115 7180
7180 7247
7247 7315
7315 7384
7384 7385
7385 7451
7451 7519
7519 7520
7520 7521
7521 7522
7522 7594
7594 7595
7595 7668
7668 7669
7669 7670
7670 7743
7743 7817
6976 7045
7045 7046
6979 7048
7048 7049
7049 7050
7050 7119
7119 7120
6978 7047
7047 7048
6981 7050
6980 7049
6983 7052
7052 7053
7033 7032
7034 7105
7105 7175
7175 7241
7241 7307
7307 7376
7376 7375
7375 7374
7374 7373
7373 7372
7372 7371
7371 7370
7370 7369
7369 7368
7025 7024
7027 7026
7026 7025
7029 7028
7028 7027
7030 7101
7018 7088
7088 7158
7010 7081
7081 7082
7059 7128
7058 7127
7044 7045
7097 7167
7167 7233
7096 7095
7095 7165
7165 7231
7231 7230
7230 7229
7099 7098
7098 7097
7100 7099
7103 7173
7173 7172
7172 7171
7090 7159
7159 7224
7094 7093
7085 7155
7135 7136
7123 7188
7122 7187
7113 7114
7114 7179
7179 7180
7112 7113
7117 7118
7118 7183
7183 7184
7184 7251
7251 7319
7319 7320
7320 7321
7321 7322
7322 7391
7391 7457
7457 7525
7525 7526
7526 7527
7527 7528
7528 7529
7529 7601
7601 7602
7116 7117
7104 7103
7162 7161
7161 7160
7160 7159
7164 7163
7166 7165
7157 7223
7150 7151
7193 7260
7260 7328
7328 7329
7329 7398
7398 7399
7399 7465
7465 7533
7533 7534
7534 7606
7606 7679
7679 7752
7752 7826
7192 7259
7259 7327
7327 7328
7195 7262
7262 7330
7330 7399
7194 7261
7261 7329
7197 7264
7264 7332
7332 7333
7333 7402
7402 7403
7196 7263
7263 7331
7331 7332
7198 7265
7265 7333
7185 7252
7252 7320
7191 7258
7258 7326
7190 7257
7257 7325
7177 7244
7244 7312
7312 7313
7313 7314
7314 7315
7176 7175
7178 7179
7181 7248
7248 7316
7316 7385
7182 7183
7169 7235
7168 7167
7170 7236
7174 7173
7216 7217
7219 7286
7286 7355
7355 7423
7423 7489
7489 7560
7560 7633
7222 7289
7209 7210
7213 7280
7280 7348
7348 7349
7212 7279
7279 7347
7347 7416
7416 7482
7482 7550
7550 7551
7551 7623
7215 7216
7201 7268
7268 7336
7336 7405
7405 7471
7471 7539
7539 7540
7540 7612
7612 7613
7613 7686
7686 7759
7759 7833
7200 7267
7267 7335
7335 7404
7203 7204
7202 7269
7269 7337
7337 7338
7338 7407
7407 7408
7408 7409
7409 7410
7410 7411
7249 7317
7317 7318
7318 7387
7387 7388
7388 7454
7454 7522
7250 7318
7240 7239
7239 7305
7305 7374
7243 7311
7311 7312
7242 7308
7308 7307
7245 7313
7232 7231
7238 7237
7288 7357
7357 7426
7291 7360
7360 7428
7428 7427
7427 7493
7493 7564
7564 7637
7637 7709
7709 7782
7290 7359
7359 7427
7293 7362
7362 7430
7430 7496
7496 7567
7292 7361
7361 7360
7295 7294
7294 7363
7363 7431
7431 7430
7283 7351
7282 7350
7273 7341
7341 7410
7272 7340
7340 7409
7276 7344
7344 7345
7271 7339
7339 7408
7270 7338
7323 7392
7392 7458
7458 7526
7304 7373
7306 7375
7310 7379
7379 7445
7445 7513
7513 7514
7514 7515
7515 7587
7587 7660
7660 7661
7661 7734
7734 7808
7297 7366
7366 7434
7434 7500
7500 7571
7296 7295
7298 7297
7301 7370
7300 7369
7303 7372
7302 7371
7365 7364
7364 7363
7367 7366
7417 7483
7483 7551
7419 7420
7420 7421
7418 7484
7484 7552
7552 7624
7624 7697
7697 7698
7698 7699
7699 7700
7414 7415
7401 7402
7400 7466
7466 7534
7406 7407
7394 7395
7397 7463
7463 7531
7531 7532
7532 7533
7441 7440
7440 7506
7506 7577
7577 7576
7576 7649
7649 7721
7721 7794
7794 7793
7793 7866
7866 7939
7442 7508
7508 7579
7579 7578
7578 7651
7651 7650
7650 7649
7433 7432
7432 7431
7435 7434
7437 7436
7439 7438
7438 7437
7425 7491
7429 7428
7480 7548
7485 7553
7553 7554
7554 7626
7626 7627
7486 7554
7473 7541
7541 7613
7472 7540
7475 7543
7543 7544
7544 7545
7474 7542
7542 7543
7476 7544
7478 7546
7464 7532
7467 7535
7535 7536
7536 7608
7608 7609
7609 7610
7469 7537
7537 7538
7468 7536
7461 7529
7517 7518
7518 7519
7505 7576
7504 7575
7575 7574
7574 7573
7507 7578
7509 7580
7580 7579
7497 7568
7499 7570
7498 7569
7501 7500
7503 7502
7490 7561
7561 7635
7495 7566
7494 7565
7582 7655
7655 7728
7728 7802
7557 7629
7629 7702
7702 7774
7774 7847
7556 7628
7628 7701
7701 7774
7558 7629
7611 7612
7615 7688
7688 7761
7761 7835
7614 7687
7687 7760
7760 7834
7603 7604
7604 7677
7677 7678
7678 7751
7751 7825
7605 7606
7607 7608
7592 7593
7593 7594
7641 7640
7640 7712
7712 7711
7711 7710
7643 7642
7642 7641
7645 7717
7717 7716
7716 7789
7789 7862
7862 7861
7861 7934
7644 7643
7647 7646
7646 7645
7634 7706
7639 7638
7625 7626
7631 7703
7703 7775
7775 7774
7630 7702
7617 7618
7616 7689
7689 7690
7690 7763
7763 7837
7648 7647
7654 7653
7653 7652
7652 7651
7704 7703
7707 7780
7691 7692
7692 7693
7695 7696
7694 7695
7681 7682
7682 7683
7680 7753
7753 7827
7685 7686
7684 7685
7720 7793
7713 7712
7715 7714
7714 7787
7787 7786
7786 7785
7785 7784
7784 7783
7719 7718
7718 7717
7768 7842
7771 7845
7770 7844
7772 7846
7762 7836
7765 7839
7764 7838
7767 7841
7755 7829
7754 7828
7757 7831
7758 7832
7792 7791
7791 7790
7790 7789
7788 7787
7777 7776
7776 7775
7779 7853
7778 7777
7865 7864
7864 7863
7863 7862
7871 10012
10012 7870
7857 7856
7856 7855
7855 7854
7859 7932
7858 7931
7860 7933
7851 7850
7850 7849
7852 7851
7899 7827
7901 7902
7902 7830
7900 7828
7903 7904
7904 7832
7921 7848
7912 7840
7917 7845
7918 7846
7905 7833
7907 7908
7908 7909
7909 7910
7910 7911
7911 7839
7906 7907
7992 7991
7997 7996
7998 7927
7984 7985
7987 7988
7988 7918
7977 7978
7978 7979
7979 7980
7980 7981
7981 7911
7976 7977
7982 7983
7971 7972
7972 7973
7973 7974
7974 7975
7975 7976
8008 8007
8007 7936
8013 8012
8012 10115
10115 7941
8003 8002
8006 8005
8049 7987
8050 8051
8046 7984
8035 7973
8036 8037
8073 8010
8010 7939
8072 8071
8071 8008
8074 10077
10077 8011
8069 8068
