 key  value
8122 8062
8062 7999
7999 7998
7998 7997
7997 7996
7996 7925
7925 7852
7852 7778
7778 7777
7777 7704
7704 7631
7631 7558
7558 7557
7557 7556
7556 7555
7555 7554
7554 7553
7553 7552
7552 7551
7551 7550
7550 7549
7549 7548
7548 7547
7547 7546
7546 7545
7545 7544
7544 7543
7543 7542
7542 7541
7541 7540
7540 7539
7539 7538
7538 7537
7537 7536
7536 7535
8125 8065
8065 8064
8064 8063
8063 8000
8000 7929
7929 7928
7928 7927
7927 7926
7926 7925
8124 8064
8127 8067
8067 8066
8066 8065
8126 8066
8113 8053
8053 8052
8052 7989
7989 7988
7988 7917
7917 7844
7844 7770
7770 7697
7697 7624
7624 7623
7623 7551
8112 8052
8115 8055
8055 8054
8054 7991
7991 7920
7920 7847
7847 7773
7773 7772
7772 7771
7771 7770
8114 8054
8117 8057
8057 8056
8056 7993
7993 7922
7922 7921
7921 7920
8116 8056
8119 8059
8059 7996
8118 8058
8058 7995
7995 7924
7924 7851
7851 7777
8105 8045
8045 8044
8044 8043
8043 8042
8042 8041
8041 7978
7978 7907
7907 7906
7906 7905
7905 7832
7832 7758
7758 7757
7757 7756
7756 7755
7755 7754
7754 7753
7753 7680
7680 7607
7607 7535
8104 8044
8107 8047
8047 7984
7984 7983
7983 7912
7912 7839
7839 7765
7765 7692
7692 7619
7619 7547
8106 8046
8046 8045
8109 8049
8049 8048
8048 8047
8108 8048
8111 8051
8051 8050
8050 8049
8110 8050
8097 8037
8037 7974
7974 7973
7973 7972
7972 7971
7971 7900
7900 7827
7827 7753
8096 8036
8036 7973
8099 8039
8039 7976
7976 7975
7975 7974
8098 8038
8038 7975
8101 8041
8100 8040
8040 8039
8103 8043
8102 8042
8155 8097
8157 8156
8156 8098
8159 8101
8158 8100
8136 8137
8137 8138
8138 8139
8139 8140
8140 8083
8083 8024
8024 8025
8025 7963
7963 7893
7893 7894
7894 7822
7822 7823
7823 7750
7750 7678
7678 7606
7606 7535
8128 8068
8068 8005
8005 7934
7934 7933
7933 7932
7932 7931
7931 7930
7930 7929
8185 8127
8184 8183
8183 8182
8182 8124
8177 8176
8176 8118
8179 8178
8178 8120
8120 8060
8060 7997
8181 8123
8123 8063
8180 8122
8169 8111
8168 8110
8171 8113
8170 8169
8173 8115
8172 8171
8175 8174
8174 8116
8161 8103
8160 8159
8163 8105
8162 8161
8165 8107
8164 8106
8167 8109
8166 8108
8217 8159
8216 8158
8219 8218
8218 8217
8221 8220
8220 8219
8223 8222
8222 8221
8215 8214
8214 8156
8241 8240
8240 8182
8242 8241
8233 8232
8232 8174
8235 8234
8234 8176
8237 8236
8236 8235
8239 8238
8238 8237
8225 8224
8224 8223
8227 8169
8226 8225
8229 8171
8228 8227
8231 8173
8230 8229
8281 8227
8280 8226
8283 8229
8282 8228
8285 8231
8284 8230
8287 8233
8286 8232
8273 8219
8272 8218
8275 8221
8274 8220
8277 8223
8276 8222
8279 8225
8278 8224
91 111
111 125
125 143
143 171
171 209
209 254
254 304
304 359
359 419
419 482
482 552
552 551
551 622
622 692
692 771
771 857
857 940
940 939
939 938
938 1012
1012 1081
1081 1153
1153 1235
1235 1317
1317 1498
1498 1685
1685 1779
1779 1866
1866 1950
1950 2039
2039 2131
2131 2221
2221 2308
2308 2396
2396 2483
2483 2567
2567 2654
2654 2742
2742 2830
2830 2927
2927 3029
3029 3121
3121 3215
3215 3310
3310 3405
3405 3490
3490 3570
3570 3656
3656 3738
3738 3824
3824 3913
3913 4002
4002 4091
4091 4181
4181 4274
4274 4364
4364 4453
4453 4541
4541 4627
4627 4709
4709 4796
4796 4882
4882 4966
4966 5049
5049 5130
5130 5209
5209 5296
5296 5387
5387 5477
5477 5562
5562 5638
5638 5717
5717 5792
5792 5866
5866 5940
5940 6019
6019 6099
6099 6176
6176 6250
6250 6327
6327 6405
6405 6487
6487 6569
6569 6648
6648 6726
6726 6801
6801 6872
6872 6943
6943 7019
7019 7089
7089 7158
7158 7223
7223 7289
7289 7358
7358 7426
7426 7492
7492 7563
7563 7636
7636 7708
7708 7781
7781 7854
7854 7927
8269 8215
93 113
113 127
127 144
144 172
172 209
8268 8214
92 113
8271 8217
8270 8216
8319 8269
8318 8317
8317 8316
8316 8315
8315 8265
8265 8211
8211 8210
8210 8152
8152 8094
8094 8034
8034 7971
8298 8244
8244 8243
8243 8185
126 143
8289 8235
8288 8234
112 126
8291 8237
115 129
129 146
146 174
174 211
211 256
256 306
306 361
361 422
422 485
485 555
555 626
626 696
696 774
774 859
859 858
858 857
8290 8236
114 113
8293 8239
8292 8238
8294 8240
8344 8294
8349 8348
8348 8347
8347 8346
8346 8296
8296 8242
110 124
124 142
142 171
8337 8336
8336 8286
8339 8338
8338 8288
8341 8340
8340 8290
8343 8293
8342 8292
8329 8279
8328 8278
8331 8330
8330 8280
8333 8283
8332 8282
8335 8334
8334 8284
8321 8320
8320 8319
145 173
173 210
210 209
8323 8322
8322 8321
147 146
8325 8275
149 148
148 176
176 213
213 258
258 308
308 363
363 424
424 487
487 557
557 628
628 697
697 696
8324 8274
8327 8277
8326 8276
150 178
178 215
215 260
260 310
310 309
309 308
8377 8328
8376 8375
8375 8374
8374 8373
8373 8324
8379 8330
8378 8377
8381 8380
8380 8379
8383 8334
8382 8333
8369 8320
8368 8319
128 127
8371 8322
131 148
8370 8321
130 147
133 150
8372 8371
177 214
214 213
179 178
181 180
180 179
175 212
212 211
8393 8344
217 262
262 261
261 260
216 215
219 264
264 314
314 313
313 368
368 367
367 366
366 427
427 426
426 489
489 488
488 487
218 263
263 313
8385 8384
8384 8383
8387 8338
8386 8385
8389 8388
8388 8387
8391 8342
8390 8389
8441 8440
8440 8439
8439 8389
8433 8383
8432 8431
8431 8430
8430 8380
8435 8434
8434 8433
8437 8387
8436 8435
8438 8388
8425 8375
8424 8374
8427 8377
8426 8425
8429 8428
8428 8427
255 305
305 360
360 421
421 484
484 554
554 625
625 695
695 774
8419 8369
8418 8417
8417 8416
8416 8366
8366 8365
8365 8316
8421 8371
8420 8370
8423 8373
8422 8421
8473 8425
8472 8424
8475 8427
8474 8426
8477 8429
8476 8428
8479 8431
8478 8430
8467 8419
8466 8418
8469 8421
8468 8420
8471 8423
8470 8422
266 316
316 371
371 432
432 495
495 494
494 564
564 635
635 634
634 633
633 632
632 631
631 630
630 629
629 628
257 307
307 306
8499 8453
8453 8406
8406 8357
8357 8308
8308 8259
8259 8206
8206 8148
8148 8090
8090 8031
8031 7969
7969 7899
7899 7826
7826 7753
259 309
8500 8454
8454 8407
8407 8357
312 311
311 310
315 314
317 372
372 433
433 497
497 567
567 638
638 708
708 784
784 868
868 946
946 1018
1018 1087
1087 1159
1159 1242
1242 1325
1325 1415
1415 1414
1414 1605
1605 1604
1604 1700
1700 1793
1793 1792
1792 1791
1791 1790
1790 1876
1876 1875
1875 1959
1959 2048
2048 2047
2047 2046
2046 2045
2045 2044
2044 2135
2135 2312
2312 2399
2399 2398
2398 2484
2484 2483
319 374
374 435
435 499
499 570
570 641
641 710
710 786
786 870
870 947
947 1018
318 374
8481 8433
8480 8432
8483 8435
8482 8434
8485 8437
8484 8436
8487 8439
8486 8438
299 355
355 415
415 477
477 546
546 617
617 688
688 768
768 854
854 938
8529 8482
8528 8481
8531 8484
8530 8529
8533 8532
8532 8485
8521 8474
8520 8519
8519 8518
8518 8471
8523 8522
8522 8521
8525 8478
8524 8523
8527 8480
8526 8479
8515 8468
8514 8467
8517 8470
8516 8515
8569 8568
8568 8523
8571 8526
8570 8525
8573 8572
8572 8527
8575 8574
8574 8529
8561 8516
8560 8515
8563 8518
8562 8561
8565 8520
8564 8563
8567 8566
8566 8565
369 430
430 493
493 492
492 491
491 561
561 632
370 431
431 430
373 434
434 497
375 436
436 499
362 361
8605 8561
365 426
8604 8560
364 425
425 488
8607 8563
8606 8562
353 413
413 474
474 543
543 614
614 685
685 765
765 851
851 935
935 1010
1010 1234
1234 1317
8589 8546
8546 8502
8502 8455
8455 8408
8408 8359
8359 8310
8310 8260
8260 8207
8207 8149
8149 8091
8091 8032
8032 7970
7970 7899
8588 8545
8545 8500
412 474
8590 8547
8547 8503
8503 8456
8456 8409
8409 8359
414 475
475 544
544 615
615 686
686 766
766 852
852 936
936 1011
1011 1080
1080 1152
1152 1235
8576 8575
8632 8591
8591 8548
8548 8503
8631 8590
8630 8589
8617 8573
8616 8572
8619 8575
8618 8574
8609 8565
8608 8564
8611 8567
8610 8566
8613 8569
8612 8568
8615 8571
8614 8570
429 492
428 491
8671 8631
8670 8631
8657 8615
8656 8614
416 478
478 547
547 618
618 688
8659 8617
8658 8616
8661 8660
8660 8618
420 419
423 486
486 556
556 555
8649 8648
8648 8606
473 541
541 612
612 683
683 762
762 849
849 933
933 1008
1008 1078
1078 1150
1150 1316
1316 1496
1496 1590
1590 1683
1683 1864
1864 2129
2129 2220
2220 2307
2307 2396
8651 8609
8650 8608
8653 8611
8652 8610
476 544
8655 8613
8654 8653
469 538
538 609
609 680
680 760
760 847
847 932
932 1008
8647 8646
8646 8604
471 540
540 611
611 681
681 760
8697 8696
8696 8656
8699 8659
8698 8658
8701 8700
8700 8660
8689 8649
8691 8651
8690 8650
8693 8653
8692 8652
8695 8694
8694 8693
8686 8685
8685 8684
8684 8683
8683 8643
8643 8601
8601 8557
8557 8556
8556 8555
8555 8510
8510 8509
8509 8508
8508 8461
8461 8413
8413 8363
8363 8314
8314 8264
8264 8210
8672 8633
8633 8591
496 567
498 569
569 640
640 710
8729 8728
8728 8727
8727 8726
8726 8687
8687 8686
8731 8730
8730 8729
490 489
8733 8694
8732 8731
8735 8696
8734 8733
483 482
537 609
539 610
610 681
542 614
8711 8673
8673 8633
8710 8671
8763 8726
8765 8728
8764 8727
8767 8730
8766 8729
8747 8711
8746 8710
8748 8712
8712 8674
8674 8634
8634 8592
8592 8549
8549 8504
8504 8457
8457 8410
8410 8360
8360 8311
8311 8261
8261 8208
8208 8150
8150 8092
8092 8033
8033 7970
8737 8736
8736 8735
8739 8700
563 634
8738 8699
565 564
566 637
637 706
706 782
782 866
866 943
943 1015
1015 1085
1085 1157
1157 1241
1241 1325
553 552
545 616
616 686
8787 8747
8786 8747
8788 8749
8749 8713
8713 8674
8776 8739
605 676
676 677
677 678
678 758
758 846
846 847
8780 8779
8779 8778
8778 8741
8741 8702
8702 8701
607 678
606 677
8769 8732
8768 8731
8771 8734
8770 8733
8773 8736
8772 8735
8775 8738
8774 8737
8827 8787
8816 8776
8809 8769
8808 8768
8811 8771
8810 8809
8813 8773
8812 8772
636 635
8815 8814
8814 8774
8801 8800
8800 8760
8760 8723
8723 8722
8722 8683
624 623
623 622
8803 8802
8802 8801
8805 8765
8804 8803
8807 8767
8806 8805
619 689
689 768
621 620
620 619
8849 8848
8848 8808
608 679
679 759
759 847
8851 8811
8850 8849
8853 8813
613 683
8852 8812
8854 8814
8841 8801
8843 8803
8842 8802
8845 8805
8844 8804
8847 8807
8846 8806
8890 8854
8881 8845
8880 8844
8883 8847
8882 8846
642 641
8885 8849
8884 8848
8887 8851
8886 8850
8877 8841
8879 8843
8878 8842
691 690
690 689
693 692
694 773
773 859
8920 8885
682 761
761 848
848 932
684 764
764 851
687 766
8913 8878
8912 8877
8915 8880
675 676
8914 8913
8917 8882
8916 8881
8919 8884
8918 8917
8911 8910
8910 8875
8875 8839
8839 8799
8799 8759
8759 8722
8953 8952
8952 8951
8951 8917
712 711
711 787
787 871
871 948
948 1019
1019 1018
8945 8944
8944 8910
8947 8913
8946 8945
8949 8948
8948 8947
709 786
8950 8916
763 764
767 853
853 938
753 840
840 925
925 1003
1003 1073
1073 1142
1142 1223
1223 1306
1306 1393
1393 1487
1487 1584
1584 1677
1677 1773
1773 1862
1862 1946
1946 2035
2035 2127
2127 2218
2218 2305
2305 2392
2392 2478
2478 2734
2734 2820
2820 2913
2913 3015
3015 3108
3108 3203
3203 3300
3300 3395
3395 3482
3482 3564
3564 3649
3649 3732
3732 3820
3820 3907
3907 3996
3996 4086
4086 4176
4176 4269
4269 4359
4359 4448
4448 4536
4536 4622
4622 4704
4704 4792
4792 4962
4962 5046
5046 5128
5128 5207
5207 5294
5294 5386
5386 5477
755 843
843 928
928 929
929 930
930 931
931 932
754 841
841 926
926 1003
757 845
845 846
756 844
844 845
8985 8952
8984 8951
8977 8976
8976 8975
8975 8974
8974 8941
8941 8940
8940 8906
8906 8871
8871 8835
8835 8795
8795 8755
8755 8718
8718 8679
8679 8639
8639 8597
8597 8553
8553 8508
8979 8978
8978 8977
8981 8948
8980 8979
8983 8982
8982 8981
785 869
869 946
789 873
873 872
872 871
788 787
790 789
9017 8985
9016 8984
9009 8977
769 768
9008 8976
9011 8979
9010 8978
770 856
856 855
855 939
9013 8981
9012 8980
9015 8983
9014 8982
9005 8973
8973 8940
9007 8975
8997 8966
8966 8933
8933 8899
8899 8864
8864 8829
8829 8789
8789 8749
8998 8966
9041 9040
9040 9039
9039 9008
9043 9012
9042 9011
9045 9014
9044 9043
9047 9046
9046 9015
9037 9006
9006 8974
9036 9005
9038 9037
850 934
934 1009
1009 1008
9029 8998
9028 8997
842 926
9073 9072
9072 9043
9075 9046
835 920
920 921
921 922
922 923
923 924
924 1002
1002 1003
9074 9073
837 922
836 837
839 840
838 839
9065 9036
9064 9035
9035 9004
9004 8972
8972 8939
8939 8905
8905 8870
8870 8834
8834 8794
8794 8754
8754 8717
8717 8678
8678 8638
8638 8596
8596 8552
8552 8507
8507 8460
8460 8412
8412 8362
8362 8313
8313 8263
8263 8209
8209 8151
8151 8093
8093 8033
9067 9038
9066 9037
9069 9040
9068 9067
9071 9070
9070 9069
9059 9030
9030 8999
8999 8967
8967 8934
8934 8900
8900 8865
8865 8829
9058 9029
9063 9034
9034 9003
9003 8971
8971 8938
8938 8904
8904 8869
8869 8833
8833 8793
8793 8753
8753 8716
8716 8677
8677 8637
8637 8595
8595 8551
8551 8506
8506 8459
8459 8411
8411 8361
8361 8312
8312 8262
8262 8208
9113 9086
9086 9057
9057 9028
875 953
953 1025
1025 1095
1095 1167
1167 1251
1251 1334
1334 1424
1424 1520
1520 1614
1614 1711
1711 1802
1802 1885
1885 1973
1973 2063
2063 2152
2152 2237
2237 2324
2324 2409
2409 2493
2493 2578
2578 2664
2664 2752
2752 2840
2840 2940
2940 3043
3043 3133
3133 3225
3225 3319
3319 3409
3409 3497
3497 3582
3582 3665
3665 3750
3750 3839
3839 3928
3928 4016
4016 4105
4105 4196
4196 4381
4381 4470
4470 4557
4557 4643
4643 9898
9898 4729
4729 4728
4728 4727
4727 4814
4814 4813
4813 4898
4898 4982
4982 5065
5065 5064
5064 5063
5063 5144
5144 5223
5223 5222
5222 5221
5221 5220
5220 5219
5219 5306
5306 5397
5397 5487
5487 5572
5572 5571
5571 5570
5570 5569
5569 5645
5645 5724
5724 5799
5799 5798
5798 5797
5797 5871
5871 5945
5945 6024
6024 6104
6104 6103
6103 6102
6102 6101
6101 6100
6100 6099
874 873
9117 9090
9090 9061
9061 9032
9032 9001
9001 8969
8969 8936
8936 8902
8902 8867
8867 8831
8831 8791
8791 8751
8751 8714
8714 8675
8675 8635
8635 8593
8593 8549
876 954
954 1025
9119 9092
9092 9063
9118 9091
9091 9062
9062 9033
9033 9002
9002 8970
8970 8937
8937 8903
8903 8868
8868 8832
8832 8792
8792 8752
8752 8715
8715 8676
8676 8636
8636 8594
8594 8550
8550 8505
8505 8458
8458 8410
9104 9103
9103 9102
9102 9101
9101 9072
9097 9096
9096 9067
9099 9070
9098 9069
9100 9099
927 928
9093 9064
9095 9094
9094 9065
9145 9117
9144 9116
9116 9089
9089 9060
9060 9031
9031 9000
9000 8968
8968 8935
8935 8901
8901 8866
8866 8830
8830 8790
8790 8750
8750 8713
9147 9119
9146 9118
9149 9121
9121 9094
9148 9120
9120 9093
9151 9123
9123 9096
9150 9122
9122 9095
9141 9113
9143 9115
9115 9088
9088 9059
9128 9101
952 1023
1023 1093
1093 1165
1165 1248
1248 1332
1332 1422
1422 1519
1519 1613
1613 1710
1710 1801
1801 1883
1883 1971
1971 2061
2061 2150
2150 2235
2235 2322
2322 2408
2408 2492
2492 2577
2577 2664
9130 9103
9133 9106
9106 9077
9077 9048
9048 9017
945 1017
1017 1087
944 1015
9125 9098
949 1020
1020 1019
9124 9097
9127 9100
951 950
950 949
9126 9099
9177 9151
9176 9150
937 1011
9179 9178
9178 9177
9181 9155
9155 9127
9180 9154
9154 9126
9182 9156
9156 9128
9169 9143
9171 9145
9170 9144
9173 9147
9172 9146
9175 9149
9174 9148
9153 9125
9152 9151
9201 9176
9200 9175
9203 9178
9202 9177
9205 9180
9204 9179
9206 9181
9193 9168
9168 9142
9142 9114
9114 9087
9087 9058
9195 9170
9197 9172
1021 1020
9196 9171
9199 9174
9198 9173
1022 1091
1091 1163
1163 1246
1246 1245
1245 1328
1328 1327
1327 1417
1417 1416
1416 1415
1014 1156
1156 1240
1240 1324
1324 1415
9241 9219
9219 9196
1001 922
1000 1001
9243 9221
9221 9198
9242 9220
9220 9197
9245 9223
9223 9200
1005 1006
1006 930
9244 9222
9222 9199
1004 1074
1074 1143
1143 1142
9247 9246
9246 9245
1007 1008
9225 9224
9224 9223
9227 9204
9226 9203
9228 9227
1037 1104
1104 1180
1180 1263
1263 1349
1349 1439
1439 1535
1535 1628
1628 1725
1725 1724
1724 1723
1723 1722
1722 1721
1721 1720
1720 1810
1810 1892
1892 1980
1980 2070
2070 2069
2069 2158
2158 2243
2243 2330
2330 2415
2415 2499
2499 2584
2584 2583
2583 2582
2582 2581
2581 2580
2580 2666
2666 2665
2665 2664
1027 1096
1096 1168
1168 1251
1026 1095
1028 1098
1098 1170
1170 1253
1253 1336
1336 1426
1426 1523
1523 1616
1616 1713
1713 1803
1803 1885
1084 1157
9249 9227
9248 9247
1075 1074
1077 1148
1148 1232
1232 1233
1233 1316
1076 1006
1097 1169
1169 1253
1099 1171
1171 1254
1254 1337
1337 1427
1427 1523
1102 1174
1174 1257
1257 1256
1256 1255
1255 1338
1338 1337
1089 1088
1088 1087
1090 1162
1162 1245
1145 1229
1229 1230
1230 1231
1231 1232
1144 1143
1146 1230
1183 1266
1266 1352
1352 1442
1442 1441
1441 1537
1537 1536
1536 1535
1182 1265
1265 1264
1264 1350
1350 1440
1440 1536
1173 1256
1172 1171
1161 1160
1160 1159
1166 1250
1250 1334
1158 1242
1243 1242
9421 9422
9422 9423
9423 9424
9424 9442
9442 9443
9443 9461
9461 9477
9477 9494
9494 9512
9512 9531
9531 9551
9551 5928
5928 6001
6001 6081
6081 6157
6157 6232
6232 6306
6306 6383
6383 6461
6461 6542
6542 6621
6621 6699
6699 6775
6775 6847
6847 6919
6919 6995
6995 7065
7065 7134
7134 7199
7199 7266
7266 7333
7333 7402
7402 7468
7468 7535
9420 9421
1244 1327
1247 1330
1330 1420
1420 1516
1516 1610
1610 1707
1707 1798
1798 1880
1880 1968
1968 2058
2058 2147
2147 2233
2233 2320
2320 2405
2405 2489
2489 2574
2574 2661
2661 2750
2750 2838
2838 2939
2939 3042
3042 3133
1225 1224
1224 1223
1227 1228
1228 1229
1226 10048
10048 1227
1221 1220
1220 1305
1305 1392
1392 1484
1484 1582
1582 1675
1675 1772
1772 1862
9462 9939
9939 9478
9478 9942
9942 9495
9495 9512
1222 1221
1269 1268
1268 1267
1267 1266
1259 1345
1345 1435
1435 1434
1434 1433
1433 1529
1529 1622
1622 1719
1719 1718
1718 1717
1717 1807
1807 1889
1889 1977
1977 1976
1976 1975
1975 1974
1974 2064
2064 2063
9493 9511
9511 9530
9530 9550
9550 9572
9572 6001
1252 1335
1335 1425
1425 1522
1522 1616
1304 1392
1307 1306
1309 1308
1308 1307
1311 1312
1312 1228
1310 1309
9529 9549
9549 9571
9571 9593
9593 6911
6911 6912
6912 6913
6913 6982
6982 7051
7051 7120
7120 7185
7185 7186
7186 7253
7253 7321
7321 7390
7390 7391
7391 7392
7392 7458
7458 7526
7526 7527
7527 7528
7528 7529
7529 7530
7530 7531
7531 7532
7532 7533
7533 7534
7534 7535
9528 9548
9548 9570
9570 9592
9592 9593
9532 9551
9525 9544
9544 9563
9563 9586
9586 9607
9607 9629
9629 9630
9630 9631
9631 9984
9984 9609
9609 9610
9610 9611
9611 9612
9612 9613
9613 9614
9614 7582
7582 7583
7583 7512
7512 7513
7513 7514
7514 7515
7515 7516
7516 7517
7517 7518
7518 7519
7519 7520
7520 7521
7521 7522
7522 7523
7523 7524
7524 7525
7525 7526
9524 9543
9543 9562
9562 9585
9585 9606
9606 9628
9628 9629
9527 9547
9547 9569
9569 9570
9513 9532
1339 1429
1429 1525
1525 1618
1618 1715
1715 1714
1714 1804
1804 1886
1886 1974
1341 1340
1340 1430
1430 1526
1526 1619
1619 1716
1716 1715
1343 1433
1342 1432
1432 1528
1528 1621
1621 1718
1329 1328
9506 9524
9509 9528
9510 9529
9567 9568
9568 9569
9566 9567
1326 1325
1319 1405
1405 1500
1500 1593
1593 1686
1686 1780
1780 1867
1867 1951
1951 2040
2040 2132
2132 2222
2222 2309
2309 2397
2397 2483
1318 1404
1404 1498
9546 9568
9595 9594
9594 5374
5374 5286
5286 5203
5203 5123
5123 5041
5041 4957
4957 4872
4872 4785
4785 4696
4696 4610
4610 4609
4609 4608
4608 4521
4521 4432
4432 4340
4340 4339
4339 4247
4247 4154
4154 4064
4064 4063
4063 4062
4062 4061
4061 3971
3971 3882
3882 3794
3794 3706
3706 3705
3705 3704
3704 3703
3703 3619
3619 3618
3618 3617
3617 3531
3531 3445
3445 3444
3444 3443
3443 3442
3442 3441
3441 3440
3440 3439
3439 3438
3438 3437
3437 3436
3436 3435
3435 3434
3434 3433
3433 3432
3432 3431
3431 3430
3430 3429
3429 3428
3428 3427
3427 3426
3426 3425
3425 3424
3424 3423
3423 3422
3422 3421
3421 3420
3420 3419
3419 3418
3418 3334
3334 3333
3333 3332
3332 3331
3331 3330
3330 3329
3329 3328
3328 3327
3327 3326
3326 3325
3325 3324
3324 3323
3323 3229
3229 3138
3138 3046
3046 3045
3045 2949
2949 2948
2948 2947
2947 2946
2946 2945
2945 2944
2944 2943
2943 2942
2942 2941
2941 2940
1355 1445
1445 1444
1444 1540
1540 1633
1633 1730
1730 1820
1820 1902
1902 1901
1901 1900
1900 1899
1899 1987
1987 1986
1986 1985
1985 2075
2075 2164
2164 2163
2163 2162
2162 2161
2161 2160
2160 2159
2159 2158
1357 1447
1447 1543
1543 1542
1542 1635
1635 1732
1732 1731
1731 1821
1821 1820
1359 1449
1449 1448
1448 1447
1358 1448
1347 1437
1437 1436
1436 1435
1346 1436
9589 9590
9590 9591
9591 9592
9588 9589
1348 1438
1438 1437
1401 1314
1314 1315
1315 1232
1400 1401
1403 1497
1497 1590
1402 1315
1395 1489
1489 1586
1586 1679
1679 1775
1775 1863
1863 1862
1394 1393
9573 4102
4102 4194
4194 4286
4286 4376
4376 4375
4375 4374
4374 4373
4373 4461
4461 4548
4548 4547
4547 4546
4546 4631
4631 4713
4713 4712
4712 4711
4711 4798
4798 4797
4797 4882
1397 1396
1396 1395
1399 1400
9574 3561
3561 3475
3475 3474
3474 3473
3473 3472
3472 3471
3471 3470
3470 3469
3469 3468
3468 3467
3467 3466
3466 3465
3465 3464
3464 3463
3463 3462
3462 3461
3461 3460
3460 3459
3459 3458
3458 3457
3457 3456
3456 3455
3455 3454
3454 3453
3453 3452
3452 3451
3451 3450
3450 3449
3449 3448
3448 3447
3447 3446
3446 3445
1398 1492
1492 1491
1491 9901
9901 1588
1588 1587
1587 1586
1391 1483
1483 1581
1581 1675
9617 9616
9616 7111
7111 7110
7110 7109
7109 7108
7108 7038
7038 7037
7037 6967
6967 6966
6966 6965
6965 6964
6964 6896
6896 6828
6828 6827
6827 6754
6754 6753
6753 6677
6677 6599
6599 6519
6519 6437
6437 6359
6359 6282
6282 6207
6207 6131
6131 6055
6055 5974
5974 5901
5901 5827
5827 5752
5752 5676
5676 5596
5596 5519
5519 5518
5518 5517
5517 5431
5431 5430
5430 5429
5429 5337
5337 5249
5249 5166
5166 5165
5165 5164
5164 5084
5084 5002
5002 4918
4918 4833
4833 4746
4746 4657
4657 4571
4571 4484
4484 4395
4395 4303
4303 4302
4302 4301
4301 4209
4209 4116
4116 4026
4026 3936
3936 3847
3847 3759
3759 3671
3671 3587
3587 3501
3501 3415
3415 3331
1428 1524
1524 1523
1431 1430
9657 9636
9636 9614
9656 9635
9635 9636
1419 1418
1418 1417
9658 9657
9661 9638
9638 10125
10125 9616
1421 1517
1517 1611
1611 1708
1708 1798
9660 9637
9637 9615
9615 6824
6824 6751
6751 6675
6675 6598
6598 6518
6518 6436
6436 6358
6358 6282
9655 9634
9634 9635
9654 9633
9633 9634
9639 9616
9681 9660
9680 9657
9682 9661
1446 1542
1499 1592
1592 1685
9677 10128
10128 9655
9679 9657
9678 9656
1490 1489
1493 1398
1495 1496
1494 1401
9721 9700
9700 9679
9720 9700
1482 1579
1579 1580
1580 1674
1674 1675
1485 1582
1486 1583
1583 1676
1676 1773
1531 1624
1624 1721
1530 1529
1533 1626
1626 1723
1532 1531
1534 1627
1627 1724
9699 9700
9701 9680
1527 1620
1620 1717
1513 1416
1512 1415
1515 1609
1609 1707
1514 1513
1511 1414
9742 9741
9741 9701
1553 1552
1552 1551
1551 1550
1550 1549
1549 1548
1548 1547
1547 1546
1546 1545
1545 1544
1544 1543
1555 1648
1648 1647
1647 1646
1646 1645
1645 1742
1742 1741
1741 1740
1740 1739
1739 1829
1829 1911
1911 1999
1999 1998
1998 1997
1997 2087
2087 2176
2176 2261
2261 2260
2260 2347
2347 2432
2432 2431
2431 2515
2515 2600
2600 2599
2599 2598
2598 2684
2684 2683
2683 2771
2771 2859
2859 2858
2858 2958
2958 2957
2957 2956
2956 2955
2955 2954
2954 2953
2953 2952
2952 2951
2951 2950
2950 2949
1554 1553
1556 1649
1649 1746
1746 1836
1836 1918
1918 2006
2006 2005
2005 2004
2004 2094
2094 2183
2183 2182
2182 2267
2267 2354
2354 2353
2353 2352
2352 2437
2437 2521
2521 2606
2606 2692
2692 2691
2691 2690
2690 2689
2689 2688
2688 2687
2687 2686
2686 2774
2774 2862
2862 2962
2962 2961
2961 2960
2960 2959
2959 2958
1538 1537
1541 1540
9782 9781
9781 9761
9761 9741
1585 1584
9762 9742
1589 1590
1591 1778
1778 1949
1949 2039
9819 9799
9799 9779
9779 9760
9760 9741
9818 9799
9821 9801
9801 9780
9780 9761
9820 9800
9800 9779
9823 9804
9804 9784
9784 9763
9763 9744
9744 9723
9723 10126
10126 9702
9702 9660
9822 9802
9802 9781
1625 1722
1630 1629
1629 1628
1623 1720
9798 9778
9778 9759
9759 9740
9740 9720
1608 1705
1705 10049
10049 1797
1797 1880
1612 1709
1709 1799
1799 1882
1882 1970
1970 2061
9844 9833
9833 10024
10024 9830
9830 9871
9871 9829
9829 9912
9912 9828
9828 9927
9927 9827
9827 9897
9897 6005
6005 6085
6085 6160
6160 6234
6234 6308
6308 6385
6385 6463
6463 6543
6543 6622
6622 6700
6700 6776
6776 6848
6848 6919
1607 1513
1606 1512
1657 1754
1754 1753
1753 1752
1752 1751
1751 1750
1750 1749
1749 1748
1748 1747
1747 1837
1837 1919
1919 2007
2007 2097
2097 2186
2186 2271
2271 2358
2358 2443
2443 2527
2527 2612
2612 2697
2697 2696
2696 2695
2695 2694
2694 2693
2693 2692
1656 1753
9835 9879
9879 9830
9834 9843
9843 9835
1658 1657
9836 9904
9904 9828
9826 6240
6240 6396
6396 6479
6479 6562
6562 6641
6641 6720
6720 6796
6796 6867
6867 7015
7015 7154
7154 7220
7220 7286
7286 7355
7355 7424
7424 7491
7491 7562
7562 7635
7635 7707
7707 7781
1651 1650
1650 1747
1653 1750
9831 10007
10007 9532
1652 1749
9881 1037
1640 1737
1737 1736
1736 1826
1826 1908
1908 1996
1996 1995
1995 2085
2085 2174
2174 2173
2173 2172
2172 2171
2171 2256
2256 2343
2343 2342
2342 2341
2341 2426
2426 2510
2510 2595
2595 2681
2681 2769
2769 2857
2857 2957
1643 1740
1642 1739
9885 1498
1644 1741
1632 1729
1729 1819
1819 1818
1818 1900
1634 1731
1637 1734
1734 1824
1824 1906
1906 1994
1994 1993
1993 2083
2083 2172
1636 1733
1733 1732
1639 1736
1638 1735
1735 1734
9866 673
673 753
1684 1778
9913 4727
1673 1580
9915 4194
9914 9825
9825 5627
5627 5706
5706 5929
5929 6009
6009 6089
6089 6167
6167 6242
6242 6319
6319 6398
6398 6481
6481 6564
6564 6643
6643 6721
6721 6797
6797 6868
6868 6940
6940 7017
7017 7087
7087 7156
7156 7221
7221 7287
7287 7356
7356 7424
9917 7084
7084 7083
7083 7082
7082 7081
7081 7080
7080 7079
7079 7078
7078 7077
7077 7076
7076 7075
7075 7074
7074 7073
7073 7072
7072 7140
7140 7139
7139 7203
7203 7202
7202 7268
7268 7335
7335 7403
7403 7468
9916 9828
9919 9827
9918 1864
1678 1677
9905 920
9906 4469
4469 4557
9909 4726
4726 4813
9908 3249
3249 3248
3248 3340
3340 3423
9911 6314
6314 6390
6390 6468
6468 6548
6548 6627
6627 6704
6704 6780
6780 6852
6852 6923
6923 6998
6998 7068
7068 7137
7137 7202
9910 5127
5127 5206
5206 5294
9896 3424
9899 2823
2823 2915
2915 3017
3017 3110
3110 3204
3204 3301
3301 3396
3396 3483
3483 3565
3565 3650
3650 3732
9900 6793
6793 6865
6865 6864
6864 6863
6863 6862
6862 6861
6861 6860
6860 6931
6931 7006
7006 7076
9903 3749
3749 3838
3838 4016
1727 1726
1726 1725
9902 9827
1712 1803
9893 1391
9895 4170
4170 4171
4171 4172
4172 4173
4173 4174
4174 4175
4175 4268
4268 4359
9894 9826
9945 3476
3476 3475
9944 1769
1769 1859
1859 1941
1941 2029
2029 2028
2028 2027
2027 2026
2026 2025
2025 2115
2115 2114
2114 2203
2203 2202
2202 2287
2287 2286
2286 2285
2285 2284
2284 2283
2283 2282
2282 2281
2281 2280
2280 2367
2367 2366
2366 2365
2365 2450
2450 2534
2534 2619
2619 2618
2618 2617
2617 2616
2616 2615
2615 2614
2614 2613
2613 2612
1704 1606
9946 918
918 996
996 1068
1068 1134
1134 1210
1210 1293
1293 1292
1292 1378
1378 1468
1468 1564
1564 1657
1706 1707
9949 6510
6510 6591
6591 10087
10087 6670
6670 6748
6748 6822
6822 6821
6821 6892
6892 6891
6891 6890
6890 6889
6889 6888
6888 6958
6958 7032
7032 7031
7031 7102
7102 7101
7101 7100
7100 7170
7170 7236
7236 7302
7302 7301
7301 7370
7370 7438
7438 7437
7437 7503
7503 7502
7502 7573
7573 7572
7572 7571
7571 7644
7644 7643
7643 7715
7715 7788
7788 7861
7861 7860
7860 7859
7859 7932
9948 8665
8665 8623
8623 8579
8579 8578
8578 8533
9951 9133
9936 9495
1699 1793
9938 9495
9943 7873
7873 7727
7727 7655
7655 7583
1702 1605
9928 4195
4195 4288
4288 4379
4379 4469
9933 9495
1757 1756
1756 1755
1755 1754
1758 1848
1848 1930
1930 2018
2018 2017
2017 2107
2107 2196
2196 2281
1745 1744
1744 1743
1743 1742
9920 774
9923 3159
3159 3158
3158 3157
3157 3249
9924 3424
9926 1589
9976 6005
9979 2871
2871 2971
2971 2970
2970 2969
2969 2968
2968 2967
2967 2966
2966 2965
2965 2964
2964 2963
2963 2962
1738 1737
9981 9544
9982 7555
9969 8816
9968 9287
9287 9286
9286 9268
9268 9267
9267 9266
9266 9247
9971 7870
7870 7869
7869 7942
7942 7941
7941 7940
7940 7939
7939 7938
7938 7937
7937 7936
7936 7935
7935 7934
9973 9637
9972 6892
9975 3323
9974 9615
9960 5069
5069 5229
5229 5316
5316 5407
5407 5497
5497 5582
5582 5581
5581 5580
5580 5579
5579 5578
5578 5577
5577 5653
5653 5732
5732 5807
5807 5806
5806 5805
5805 5804
5804 5803
5803 5877
5877 5950
5950 6030
6030 6110
6110 6109
6109 6108
6108 6107
6107 6106
6106 6105
6105 6104
9963 8299
8299 8245
8245 8187
8187 8129
8129 8069
8069 8006
8006 8005
9967 8445
8445 8444
8444 8443
8443 8442
8442 8392
8392 8343
9966 3845
3845 3757
3757 3586
3586 3500
3500 3415
1777 1864
9952 9132
9132 9105
9105 9076
9076 9075
9954 8011
8011 7940
1781 1867
9956 5669
5669 5510
5510 5424
5424 5332
5332 5244
5244 5161
5161 5081
5081 4999
4999 4915
4915 4830
4830 4743
4743 4654
4654 4568
4568 4481
4481 4392
4392 4300
4300 4208
4208 4115
4115 4025
4025 3935
3935 3846
3846 3758
3758 3670
3670 3586
9959 8779
10009 9610
10008 7853
7853 7927
1771 1861
1861 1946
1770 1860
1860 1942
1942 2030
2030 2029
1774 1773
10005 1797
1817 1816
1816 1815
1815 1814
1814 1813
1813 1812
1812 1811
1811 1810
9999 963
963 1036
1036 1035
1035 1103
1103 1034
1034 1033
1033 1032
1032 10013
10013 1031
1031 1030
1030 1099
1809 1891
1891 1979
1979 2069
1808 1890
1890 1889
10041 2478
10040 6007
6007 6163
6163 6237
6237 6311
6311 6387
6387 6464
6464 6545
6545 6624
6624 6701
6701 6776
1800 1882
10043 1001
10042 3479
3479 3480
3480 3481
3481 3482
10045 9509
1805 1804
10044 2783
2783 2698
2698 2615
10047 7853
10046 9829
1806 1805
10033 5381
5381 5472
5472 5557
5557 5633
5633 5713
5713 5788
5788 5863
5863 5938
5938 6018
6018 6098
6098 6175
6175 6249
6249 6326
6326 6404
6404 6486
6486 6568
6568 6647
6647 6726
10032 9655
10035 7089
10034 7089
10037 934
10036 1492
10039 9424
10038 673
10027 1945
1945 2035
10026 6318
6318 6397
6397 6480
6480 6563
6563 6642
6642 6721
1850 1932
1932 2020
2020 2019
2019 2109
2109 2198
2198 2283
10029 703
703 702
702 632
10028 9513
10031 2135
10030 1605
1841 1840
1840 1839
1839 1921
1921 1920
1920 1919
1843 1925
1925 2013
2013 2012
2012 2102
2102 2191
2191 2276
2276 2275
2275 2362
2362 2361
2361 2446
2446 2530
2530 2615
1842 1841
1845 1927
1927 2015
2015 2014
2014 2013
1844 1926
1926 2014
1846 1928
1928 2016
2016 2106
2106 2195
2195 2280
10073 3025
3025 3117
3117 3211
3211 3307
3307 3402
3402 3487
3487 3568
3568 3654
3654 3736
3736 3822
3822 3910
3910 3998
3998 4087
4087 4176
1833 1915
1915 2003
2003 2002
2002 2001
2001 2000
2000 1999
10072 3312
3312 3311
3311 3310
1832 1831
1831 1913
1913 2001
10075 2042
2042 2134
2134 2224
2224 2223
2223 2310
2310 2398
1835 1917
1917 2005
10074 1403
1834 1833
1838 1837
10065 1317
10064 3838
10067 4358
4358 4359
10066 1317
10069 3479
10068 3829
3829 3918
3918 4006
4006 4095
4095 4185
4185 4278
4278 4368
4368 4456
4456 4543
4543 4628
4628 4710
4710 4797
10071 5947
5947 5946
5946 5945
10070 7354
7354 7423
7423 7490
7490 7561
7561 7634
7634 7707
1830 1829
10057 3580
3580 3747
3747 3836
3836 3926
3926 4014
4014 4102
1881 1969
1969 2060
2060 2150
10056 2036
2036 2128
2128 2127
10059 3340
10061 4185
10060 2651
2651 2739
2739 2827
2827 2925
2925 3028
3028 3120
3120 3214
3214 3309
3309 3404
3404 3489
3489 3570
1884 1972
1972 2063
10063 6712
6712 6787
6787 6859
6859 6858
6858 6929
6929 7004
7004 7074
1887 1975
10062 6473
6473 6553
6553 6632
6632 6709
6709 6784
6784 6856
6856 6855
6855 6926
6926 7001
7001 7071
7071 7070
7070 7138
7138 7202
1873 1872
1872 1956
1956 1955
1955 2044
10051 6005
10050 2486
2486 2572
2572 2659
2659 2747
2747 2835
2835 2936
2936 3040
3040 3131
3131 3223
3223 3318
3318 3409
10053 7422
7422 7488
7488 7559
7559 7633
7633 7706
7706 7780
7780 7853
10055 6007
10054 2871
1865 1948
1948 2038
2038 2131
1912 2000
1914 2002
1916 1915
1905 1993
1904 1992
1992 1991
1991 2081
2081 2170
2170 2169
2169 2254
2254 2341
1897 1985
1896 1984
1984 1983
1983 1982
1982 1981
1981 1980
1898 1986
1903 1902
1888 1976
1893 1892
1895 1983
1894 1982
1944 2033
2033 2125
2125 2217
2217 2304
2304 2392
1947 2036
1939 2027
1929 2017
1923 1922
1922 1921
1924 2012
1978 1977
1965 2055
2055 2144
2144 2229
2229 2316
2316 2402
2402 2487
2487 2572
1967 2058
1966 2057
2057 2147
1954 2043
2043 2135
2009 2008
2008 2098
2098 2097
2011 2101
2101 2190
2190 2275
2010 2100
2100 2189
2189 2274
2274 2361
1989 2079
2079 2168
2168 2253
2253 2340
2340 2425
2425 2424
2424 2508
2508 2593
2593 2592
2592 2591
2591 2677
2677 2676
2676 2764
2764 2852
2852 2851
2851 2850
2850 2950
1988 1987
1990 2080
2080 2169
2041 2133
2133 2223
2034 2127
2037 2130
2130 2221
2024 2114
2021 2020
2023 2022
2022 2021
2073 2072
2072 2161
2074 2073
2077 2076
2076 2075
2078 2077
2065 2064
2067 2066
2066 2065
2068 2157
2157 2242
2242 2329
2329 2414
2414 2498
2498 2497
2497 2582
2071 2070
2056 2146
2146 2232
2232 2319
2319 2405
2059 2148
2148 2233
2062 2152
2105 2104
2104 2193
2193 2278
2278 2365
2108 2107
2110 2199
2199 2198
2096 2185
2185 2270
2270 2357
2357 2356
2356 2355
2355 2440
2440 2439
2439 2438
2438 2437
2099 2188
2188 2273
2273 2360
2360 2445
2445 2529
2529 2614
2103 2102
2088 2087
2091 2180
2180 2179
2179 2264
2264 2351
2351 2350
2350 2435
2435 2519
2519 2604
2604 2603
2603 2602
2602 2601
2601 2600
2093 2092
2092 2181
2181 2180
2095 2094
2082 2081
2084 2083
2086 2085
2143 2229
2126 2217
2113 2202
2175 2174
2165 2164
2167 2252
2252 2339
2339 2424
2166 2165
2153 2152
2155 2154
2154 2239
2239 2326
2326 2411
2411 2495
2495 2580
2145 2231
2231 2318
2318 2403
2403 2487
2151 2236
2236 2323
2323 2409
2201 2286
2192 2191
2194 2193
2197 2282
2184 2183
2187 2272
2272 2359
2359 2358
2234 2321
2321 2406
2406 2491
2491 2576
2576 2663
2663 2752
2238 2325
2325 2324
2225 2312
2228 2316
2230 2317
2317 2403
2216 2304
2219 2129
2266 2353
2269 2356
2268 2355
2257 2344
2344 2343
2259 2346
2346 2431
2258 2345
2345 2344
2249 2336
2336 2335
2335 2334
2334 2333
2333 2418
2418 2417
2417 2501
2501 2586
2586 2585
2585 2584
2248 2335
2251 2250
2250 2337
2337 2336
2255 2342
2245 2332
2332 2417
2244 2243
2247 2334
2246 2245
2277 2276
2279 2366
2331 2330
2315 2401
2401 2486
2306 2395
2395 2482
2482 2566
2566 2654
2311 2310
2363 2362
2364 2449
2449 2448
2448 2447
2447 2531
2531 2530
2348 2347
2338 2337
2393 2479
2479 2478
2394 2480
2480 2564
2564 2651
2387 2386
2386 2385
2385 2384
2384 2383
2383 2382
2382 2381
2381 2466
2466 2550
2550 2635
2635 2634
2634 2633
2633 2632
2632 2631
2631 2630
2630 2629
2629 2628
2628 2627
2627 2626
2626 2625
2625 2624
2624 2623
2623 2622
2622 2621
2621 2620
2620 2619
2369 2368
2368 2367
2371 2370
2370 2369
2373 2372
2372 2371
2375 2374
2374 2373
2427 2426
2429 2428
2428 2427
2430 2429
2419 2418
2421 2505
2505 2590
2590 2676
2420 2504
2504 2503
2503 2588
2588 2587
2587 2586
2423 2507
2507 2592
2422 2506
2506 2591
2404 2489
2407 2491
2457 2541
2541 2626
2456 2540
2540 2539
2539 2538
2538 2537
2537 2536
2536 2535
2535 2534
2459 2458
2458 2457
2460 2459
2451 2450
2453 2452
2452 2536
2455 2539
2454 2538
2441 2440
2442 2526
2526 2611
2611 2610
2610 2609
2609 2608
2608 2607
2607 2606
2444 2443
2433 2517
2517 2602
2488 2573
2573 2659
2490 2575
2575 2662
2662 2750
2481 2565
2565 2653
2653 2742
2485 2484
2520 2519
2523 2608
2525 2610
2513 2598
2512 2597
2597 2683
2514 2599
2516 2601
2518 2517
2509 2594
2594 2593
2511 2510
2502 2501
2544 2629
2543 2542
2542 2541
2528 2527
2533 2618
2532 2531
2589 2588
2569 2656
2656 2655
2655 2654
2568 2655
2570 2657
2657 2745
2745 2833
2833 2832
2832 2929
2929 2928
2928 2927
2563 2651
2605 2604
2596 2682
2682 2681
2649 2735
2735 2821
2821 2914
2914 3016
3016 3109
3109 3204
2650 2736
2736 2822
2822 2915
2652 2740
2740 2828
2828 2926
2926 3028
2680 2768
2768 2856
2856 2855
2855 2854
2854 2853
2853 2953
2685 2684
2673 2761
2761 2760
2760 2848
2848 2948
2672 2671
2671 2670
2670 2669
2669 2668
2668 2756
2756 2844
2844 2944
2675 2674
2674 2762
2762 2850
2679 2767
2767 2855
2678 2677
2660 2748
2748 2836
2836 2937
2937 3040
2713 2712
2712 2711
2711 2710
2710 2709
2709 2708
2708 2707
2707 2706
2706 2705
2705 2704
2704 2703
2703 2620
2699 2616
2701 2700
2700 2699
2702 2619
2746 2833
2749 2837
2837 2937
2751 2839
2839 2939
2737 2822
2741 2829
2829 2927
2743 2831
2831 2928
2733 2819
2819 2912
2912 2913
2777 2865
2865 2965
2776 2864
2864 2863
2863 2963
2779 2867
2867 2866
2866 2865
2778 2866
2781 2780
2780 2868
2868 2867
2782 2870
2870 2869
2869 2868
2770 2769
2773 2861
2861 2961
2772 2771
2775 2774
2763 2762
2765 2853
2766 2854
2793 2707
2792 2706
2795 2794
2794 2708
2797 2711
2796 2795
2799 2713
2798 2797
2785 2699
2784 2698
2787 2701
2786 2700
2789 2703
2788 2702
2791 2705
2790 2789
2845 2844
2873 2784
2872 2972
2972 3066
3066 3158
2875 2786
2874 2785
2877 2788
2876 2787
2879 2790
2878 2789
2860 2859
2909 2910
2910 2911
2911 3014
3014 3015
2888 2799
2881 2792
2880 2791
2883 2794
2882 2793
2885 2796
2884 2795
2887 2798
2886 2797
2930 2929
2933 2934
2934 3038
3038 3129
3129 3222
3222 3317
3317 3408
3408 3497
2932 3036
3036 3127
3127 3220
3220 3315
3315 3316
3316 3317
2935 3039
3039 3130
3130 3223
2921 3023
3023 3116
3116 3210
3210 3306
3306 3402
2923 3026
3026 3119
3119 3213
3213 3309
2922 3024
3024 3116
2924 3026
2973 3067
3067 3066
2975 3069
3069 3068
3068 3067
2974 3068
2985 3079
3079 3078
3078 3077
3077 3076
3076 3075
3075 3074
3074 3073
3073 3072
3072 3071
3071 3070
3070 3069
2984 3078
2987 2986
2986 3080
3080 3079
2989 3083
3083 3082
3082 3081
3081 3080
2988 2987
2977 2976
2976 3070
2979 3073
2978 3072
2981 3075
2980 2979
2983 2982
2982 3076
3033 3124
3124 3123
3123 3122
3122 3216
3216 3311
3032 3124
3035 3036
3034 3035
3027 3119
3019 3112
3112 3206
3206 3302
3302 3398
3398 3484
3484 3565
3018 3110
3021 3114
3114 3208
3208 3304
3304 3400
3400 3486
3486 3567
3567 3651
3651 3733
3733 3907
3020 3113
3113 3207
3207 3303
3303 3398
3022 3114
3013 2910
3012 3013
3065 3064
3064 3063
3063 3062
3062 3061
3061 3060
3060 3059
3059 3058
3058 3057
3057 3056
3056 3055
3055 3054
3054 3053
3053 3052
3052 3051
3051 3050
3050 3049
3049 3048
3048 3047
3047 3046
3084 3083
3118 3212
3212 3307
3111 3206
3161 3160
3160 3159
3163 3162
3162 3161
3165 3164
3164 3163
3167 3166
3166 3165
3152 3151
3151 3059
3155 3063
3154 3153
3153 3152
3156 3155
3145 3053
3144 3143
3143 3142
3142 3141
3141 3140
3140 3139
3139 3047
3147 3146
3146 3054
3149 3148
3148 3056
3150 3149
3177 3176
3176 3175
3175 3174
3174 3173
3173 3172
3172 3171
3171 3170
3170 3169
3169 3168
3168 3167
3178 3177
3231 3140
3219 3220
3218 3313
3313 3314
3314 3315
3209 3304
3205 3301
3257 3256
3256 3255
3255 3254
3254 3253
3253 3252
3252 3251
3251 3250
3250 3249
3259 3258
3258 3257
3261 3260
3260 3259
3263 3262
3262 3261
3241 3150
3240 3149
3245 3154
3244 3153
3246 3155
3233 3142
3232 3141
3239 3148
3238 3147
3272 3271
3271 3270
3270 3269
3269 3268
3268 3267
3267 3266
3266 3265
3265 3264
3264 3263
3275 3274
3274 3273
3273 3272
3305 3400
3308 3403
3403 3488
3488 3568
3299 3394
3394 3481
3298 3393
3393 3480
3353 3352
3352 3351
3351 3350
3350 3349
3349 3348
3348 3347
3347 3346
3346 3345
3345 3344
3344 3343
3343 3342
3342 3341
3341 3340
3355 3354
3354 3353
3357 3356
3356 3355
3359 3358
3358 3357
3337 3336
3336 3335
3335 3334
3339 3338
3338 3337
3361 3360
3360 3359
3363 3362
3362 3361
3365 3364
3364 3363
3417 3416
3416 3415
3401 3402
3399 3485
3485 3566
3566 3650
3477 10069
3478 10042
3513 3427
3512 3426
3515 3429
3514 3428
3517 3431
3516 3430
3519 3433
3518 3432
3505 3419
3504 3418
3507 3421
3506 3420
3509 3423
3508 3422
3510 3424
3503 3417
3502 3416
3492 3572
3572 3658
3658 3740
3740 3827
3827 3916
3916 4004
4004 4093
4093 4183
4183 4275
4275 4365
4365 4453
3529 3443
3528 3442
3530 3444
3533 3447
3532 3446
3535 3449
3534 3448
3521 3435
3520 3434
3523 3437
3522 3436
3525 3439
3524 3438
3527 3441
3526 3440
3579 3580
3581 3580
3609 3608
3608 3522
3611 3610
3610 3524
3613 3527
3612 3611
3615 3614
3614 3528
3601 3515
3600 3514
3603 3517
3602 3516
3605 3604
3604 3603
3607 3606
3606 3520
3593 3507
3592 3591
3591 3590
3590 3504
3595 3594
3594 3593
3597 3596
3596 3510
3599 3598
3598 3512
3589 3503
3588 3587
3624 3538
3538 3452
3616 3530
3620 3619
3673 3589
3672 3671
3675 3674
3674 3590
3677 3676
3676 3675
3679 3678
3678 3594
3707 3706
3697 3613
3696 3695
3695 3694
3694 3610
3699 3698
3698 3614
3701 3617
3700 3699
3702 3701
3689 3688
3688 3604
3691 3690
3690 3606
3693 3692
3692 3608
3681 3680
3680 3596
3683 3682
3682 3598
3685 3601
3684 3600
3687 3603
3686 3602
3741 3827
3742 10068
3730 3818
3818 3905
3905 3906
3906 3995
3995 4085
4085 4175
3734 3733
3769 3681
3768 3680
3771 3683
3770 3682
3773 3685
3772 3684
3775 3687
3774 3686
3761 3673
3760 3672
3763 3675
3762 3674
3765 3677
3764 3676
3767 3679
3766 3678
3753 3842
3842 3931
3931 4019
4019 4108
4108 4199
4199 4291
4291 4471
4471 4557
3752 3841
3841 3930
3930 4018
4018 4107
4107 4198
4198 4290
4290 4381
3746 3747
3748 3836
3751 3840
3840 3929
3929 4018
3793 3705
3792 3704
3795 3707
3796 3708
3708 3624
3785 3697
3784 3696
3787 3699
3786 3698
3789 3701
3788 3700
3791 3703
3790 3702
3777 3689
3776 3688
3779 3691
3778 3690
3781 3693
3780 3692
3783 3695
3782 3694
3833 3921
3921 4009
4009 4008
4008 4096
4096 4185
3835 3925
3925 4014
3834 3833
3837 3926
3825 3913
3826 3915
3915 4004
3828 3827
3819 3905
3821 3910
3865 3777
3864 3776
3867 3779
3866 3865
3869 3868
3868 3867
3871 3870
3870 3869
3857 3769
3856 3768
3859 3858
3858 3770
3861 3773
3860 3772
3863 3775
3862 3774
3849 3848
3848 3847
3851 3850
3850 3849
3853 3852
3852 3764
3855 3767
3854 3766
3889 3801
3801 3713
3713 3629
3629 3628
3628 3627
3627 3541
3541 3455
3881 3880
3880 3792
3883 3882
3885 3797
3797 3709
3709 3708
3884 3796
3887 3886
3886 3885
3873 3785
3872 3871
3875 3874
3874 3786
3877 3876
3876 3875
3879 3878
3878 3790
3932 9966
3923 4011
4011 4010
4010 4009
3922 3921
3924 4013
4013 4102
3914 4002
3904 3993
3993 4083
4083 4173
3909 3997
3997 4086
3961 3960
3960 3959
3959 3870
3963 3962
3962 3961
3965 3876
3964 3875
3967 3878
3966 3965
3953 3864
3952 3951
3951 3950
3950 3861
3955 3866
3954 3953
3957 3956
3956 3867
3958 3869
3945 3944
3944 3943
3943 3942
3942 3853
3947 3946
3946 3945
3949 3860
3948 3947
3992 4082
4082 4083
3977 3976
3976 3975
3975 3886
3979 3890
3890 3802
3802 3714
3714 3713
3978 3889
3969 3880
3968 3879
3970 3969
3973 3972
3972 3971
3974 3885
4024 3934
3934 3845
4031 3941
3941 3852
4017 4106
4106 4198
4023 3933
3933 3757
4001 4090
4090 4179
4179 4271
4271 4361
4361 4450
4450 4538
4538 4624
4624 4706
4706 4794
4794 4880
4880 4964
4964 5047
5047 5128
4000 4089
4089 4178
4178 4271
4003 4092
4092 4181
4005 4094
4094 4184
4184 4277
4277 4367
4367 4455
4455 4543
4057 3967
4056 4055
4055 3965
4059 4058
4058 3968
4060 4059
4049 3959
4048 4047
4047 4046
4046 3956
4051 3961
4050 3960
4053 4052
4052 4051
4054 3964
4041 4040
4040 4039
4039 4038
4038 4037
4037 4036
4036 4035
4035 3945
4043 3953
4042 4041
4045 4044
4044 4043
4033 3943
4032 3942
4034 3944
4065 4064
4067 3977
4066 4065
4069 4068
4068 3978
4071 3981
3981 3892
3892 3804
3804 3716
3716 3715
3715 3714
4070 4069
4121 4031
4123 4033
4122 4032
4112 4023
4104 4196
4111 4022
4022 3933
4097 4187
4187 4279
4279 4278
4101 4102
4153 4063
4152 4062
4155 4065
4157 4067
4156 4066
4159 4069
4158 4068
4145 4055
4144 4054
4149 4059
4148 4058
4151 4061
4150 4060
4137 4047
4136 4046
4139 4049
4138 4048
4141 4051
4140 4050
4143 4053
4142 4052
4131 4041
4130 4040
4133 4043
4132 4042
4135 4045
4134 4044
4186 4278
4189 4281
4281 4371
4371 4370
4370 4369
4369 4457
4457 4544
4544 4543
4188 4187
4190 4282
4282 4372
4372 4371
4177 4269
4180 4273
4273 4363
4363 4451
4451 4539
4539 4625
4625 4707
4707 4795
4795 4880
4161 4071
4160 4070
4162 4072
4072 4071
4216 4215
4215 4214
4214 4121
4203 4111
4249 4248
4248 4155
4251 4158
4250 4157
4253 4252
4252 4159
4255 4254
4254 4253
4241 4240
4240 4147
4147 4057
4243 4150
4242 4149
4245 4152
4244 4151
4246 4153
4233 4232
4232 4139
4235 4142
4234 4233
4237 4144
4236 4143
4224 4131
4227 4226
4226 4133
4229 4228
4228 4227
4231 4138
4230 4137
4280 4370
4283 4373
4287 4377
4377 4376
4272 4362
4362 4450
4276 4366
4366 4455
4265 4172
4264 4171
4266 4173
4256 4255
4263 4170
4262 4169
4169 4079
4079 4078
4078 4077
4077 4076
4076 4075
4075 4074
4074 4073
4073 4072
4317 4316
4316 4224
4319 4227
4318 4317
4305 4304
4304 4303
4289 4380
4380 4470
4295 4203
4294 4203
4345 4253
4344 4252
4347 4255
4346 4254
4348 4347
4337 4336
4336 4335
4335 4334
4334 4242
4338 4246
4341 4340
4343 4251
4342 4250
4329 4328
4328 4327
4327 4326
4326 4325
4325 4233
4333 4332
4332 4331
4331 4330
4330 4329
4320 4228
4323 4322
4322 4321
4321 4320
4324 4323
4360 4449
4449 4536
4355 4265
4354 4355
4357 4358
4409 4317
4408 4316
4411 4319
4410 4318
4413 4321
4412 4320
4415 4323
4414 4322
4394 4302
4387 4296
4296 4204
4204 4111
4388 4297
4297 4206
4206 4113
4113 4024
4441 4349
4349 4348
4440 4348
4442 4350
4350 4258
4258 4257
4257 4164
4164 4074
4445 4355
4444 4352
4352 4260
4260 4167
4167 4077
4447 4358
4433 4341
4435 4343
4434 4342
4437 4345
4436 4344
4438 4346
4429 4337
4431 4339
4430 4338
4417 4325
4416 4324
4419 4327
4418 4326
4421 4329
4420 4328
4465 4464
4464 4551
4551 4550
4550 4635
4635 4634
4634 4716
4716 4715
4715 4714
4714 4713
4459 4546
4463 4550
4462 4461
4452 4539
4505 4504
4504 4415
4507 4418
4506 4505
4508 4507
4497 4408
4499 4498
4498 4409
4501 4412
4500 4499
4503 4414
4502 4501
4488 4487
4487 4398
4398 4306
4306 4214
4485 4484
4486 4485
4537 4622
4540 4625
4529 4528
4528 4439
4439 4347
4531 4530
4530 4441
4533 4355
4532 4443
4443 4351
4351 4259
4259 4258
4534 4533
4523 4522
4522 4521
4525 4436
4524 4435
4527 4438
4526 4437
4570 4483
4483 4394
4573 4572
4572 4485
4575 4574
4574 4487
4553 4638
4638 4720
4720 4719
4719 4718
4718 4717
4717 4716
4552 4551
4554 4639
4639 4638
4549 4548
4593 4506
4592 4591
4591 4504
4595 4594
4594 4507
4596 4509
4509 4420
4587 4586
4586 4585
4585 4498
4589 4588
4588 4501
4590 4503
4576 4575
4633 4715
4632 4631
4626 4708
4708 4795
4617 4530
4619 4533
4618 4617
4621 4704
4623 4705
4705 4793
4793 4878
4878 4962
4611 4610
4613 4612
4612 4525
4615 4528
4614 4527
4659 4658
4658 4572
4660 4659
4642 4724
4724 4811
4811 4896
4896 4980
4980 5063
4697 4696
4699 4698
4698 4612
4701 4700
4700 4699
4702 4701
4681 4680
4680 4594
4683 4682
4682 4681
4684 4683
4674 4588
4677 4591
4676 4675
4675 4674
4679 4678
4678 4677
4730 4729
4721 4720
4722 4721
4725 4812
4812 4897
4897 4981
4981 5064
4763 4674
4765 4676
4767 4678
4766 4677
4747 4658
4749 4660
4748 4659
4750 4661
4661 4660
4787 4698
4786 4697
4789 4700
4788 4699
4791 4702
4790 4701
4769 4680
4768 4679
4771 4682
4772 4683
4817 4816
4816 4815
4815 4814
4818 4817
4809 4808
4808 4807
4807 4806
4806 4805
4805 4804
4804 4803
4803 4802
4802 4801
4801 4886
4886 4970
4970 5053
5053 5052
5052 5133
5133 5212
5212 5211
5211 5298
5298 5389
5389 5479
5479 5564
5564 5563
5563 5562
4810 4895
4895 4979
4979 4978
4978 5061
5061 5142
5142 5221
4800 4799
4799 4798
4860 4773
4773 4684
4863 4776
4776 4687
4687 4686
4686 4685
4685 4684
4853 4766
4852 4851
4851 4850
4850 4763
4855 4854
4854 4767
4843 4756
4756 4667
4667 4581
4581 4580
4580 4579
4579 4492
4492 4403
4403 4311
4311 4310
4310 4309
4309 4308
4308 4307
4307 4215
4835 4748
4839 4752
4752 4663
4663 4577
4577 4490
4490 4401
4401 4309
4889 4973
4973 4972
4972 4971
4971 5054
5054 5053
4888 4887
4887 4886
4891 4975
4975 4974
4974 4973
4893 4892
4892 4976
4976 4975
4894 4978
4881 4965
4965 5048
5048 5129
5129 5208
5208 5295
5295 5386
4883 4882
4873 4786
4875 4788
4874 4787
4877 4790
4876 4789
4879 4963
4963 5046
4865 4778
4778 4689
4689 4603
4603 4516
4516 4427
4427 4335
4864 4777
4777 4688
4688 4687
4899 4983
4983 5066
5066 5065
4901 4900
4900 4899
4903 4987
4987 5070
5070 5069
4902 4901
4959 4958
4958 4957
4945 4860
4947 4946
4946 4861
4861 4774
4774 4685
4949 4948
4948 4947
4950 4949
4937 4852
4936 4935
4935 4850
4939 4854
4938 4937
4940 4939
4942 4857
4857 4856
4856 4769
4985 4984
4984 4983
4986 4985
4977 4976
4968 4967
4967 4966
4961 4960
4960 4959
5020 4936
5022 4938
5011 4927
4927 4842
4842 4755
4755 4666
4666 4580
5015 4931
4931 4930
4930 4929
4929 4844
4844 4843
5051 5132
5132 5211
5050 5131
5131 5210
5210 5209
5055 5054
5040 4956
4956 4955
4955 4954
4954 4869
4869 4782
4782 4693
4693 4692
4692 4606
4606 4605
4605 4518
4518 4429
5043 4959
5042 4958
5045 5127
5044 4960
5033 4949
5032 4948
5027 4943
4943 4942
5026 4942
5031 4947
5030 4946
5057 5138
5138 5217
5217 5216
5216 5215
5215 5214
5214 5301
5301 5392
5392 5482
5482 5567
5567 5566
5566 5565
5565 5564
5056 5137
5137 5216
5059 5140
5140 5219
5060 5141
5141 5220
5062 5061
5113 5031
5112 5030
5101 5100
5100 5099
5099 5098
5098 5097
5097 5015
5102 5020
5093 5092
5092 5010
5010 4926
4926 4841
4841 4754
4754 4665
4665 4579
5094 5012
5012 4928
4928 4843
5145 5224
5224 5311
5311 5402
5402 5492
5492 5577
5136 5215
5139 5218
5218 5305
5305 5304
5304 5395
5395 5394
5394 5393
5393 5392
5143 5142
5125 5043
5124 5042
5126 5044
5176 5175
5175 5174
5174 5094
5213 5300
5300 5299
5299 5298
5205 5125
5204 5124
5193 5113
5192 5112
5194 5193
5275 5192
5274 5191
5191 5190
5190 5110
5110 5028
5028 4944
4944 4943
5276 5193
5307 5306
5309 5308
5308 5307
5310 5309
5303 5394
5302 5301
5287 5204
5361 5273
5273 5190
5401 5491
5491 5576
5576 5575
5575 5574
5574 5573
5573 5572
5400 5490
5490 5575
5396 5395
5399 5489
5489 5574
5398 5397
5380 5470
5470 5555
5555 5632
5632 5712
5712 5787
5787 5862
5862 5936
5936 6015
6015 6095
6095 6172
6172 6246
6246 6323
6323 6401
6401 6483
6483 6565
6565 6644
6644 6723
6723 6799
6799 6870
6870 6941
6941 7018
7018 7088
7088 7158
5382 5472
5465 5464
5464 5372
5372 5284
5284 5201
5201 5121
5121 5039
5039 4955
5488 5487
5493 5492
5483 5482
5485 5570
5484 5569
5486 5571
5554 5630
5630 5710
5710 5785
5785 5859
5859 5933
5933 6013
6013 6093
6093 6171
6171 6246
5585 5661
5661 5740
5740 5815
5815 5889
5889 5962
5962 6042
6042 6122
6122 6199
6199 6273
6273 6350
6350 6428
6428 6510
5568 5567
5626 5549
5549 5548
5548 5462
5462 5461
5461 5460
5460 5459
5459 5367
5367 5366
5366 5278
5278 5195
5195 5115
5115 5114
5114 5113
5657 5736
5736 5811
5811 5810
5810 5809
5809 5883
5883 5956
5956 6036
6036 6116
6116 6115
6115 6114
6114 6113
6113 6190
6190 6264
6264 6341
6341 6419
6419 6418
6418 6417
6417 6499
6499 6581
6581 6660
6660 6659
6659 6658
6658 6657
6657 6656
6656 6734
6734 6809
6809 6808
6808 6879
6879 6878
6878 6877
6877 6876
6876 6875
6875 6874
6874 6873
6873 6944
6944 6943
5656 5735
5735 5810
5659 5738
5738 5813
5813 5812
5812 5811
5658 5657
5660 5739
5739 5814
5814 5888
5888 5961
5961 6041
6041 6121
6121 6198
6198 6272
6272 6349
6349 6427
6427 6509
6509 6591
5662 5741
5741 5816
5816 5890
5890 5889
5649 5728
5728 5803
5648 5647
5647 5726
5726 5725
5725 5724
5651 5650
5650 5649
5652 5651
5655 5734
5734 5809
5643 5642
5642 5721
5721 5796
5796 5795
5795 5794
5794 5868
5868 5942
5942 6021
6021 6020
6020 6019
5644 5643
5646 5645
5634 5713
5695 5694
5694 5614
5614 5537
5537 5451
5451 5450
5450 5358
5358 5270
5270 5187
5187 5186
5186 5185
5185 5105
5105 5104
5104 5103
5103 5021
5021 4937
5727 5726
5737 5812
5729 5728
5730 5805
5733 5732
5789 5864
5864 5939
5939 6019
5808 5807
5801 5800
5800 5799
5802 5801
5881 5880
5880 5879
5879 5952
5952 6032
6032 6112
6112 6111
6111 6110
5882 5881
5885 5958
5958 6038
6038 6118
6118 6117
6117 6116
5884 5883
5887 5886
5886 5885
5873 5947
5872 5871
5875 5874
5874 5799
5876 5949
5949 6029
6029 6109
5878 5877
5951 5950
5960 6040
6040 6120
6120 6119
6119 6118
5953 5952
5955 5954
5954 5953
5957 5956
5959 5958
6000 5927
5927 5926
5926 5925
5925 5851
5851 5776
5776 5775
5775 5699
5699 5619
5619 5542
5542 5541
5541 5540
5540 5454
5454 5362
5362 5274
6003 6083
6083 6158
6158 6233
6233 6307
6307 6384
6384 6462
6462 6543
6002 6082
6082 6158
6004 6084
6084 6160
6006 6086
6086 6161
6161 6235
6235 6309
6309 6385
6033 6113
6035 6115
6034 6114
6037 6036
6039 6119
6027 6107
6031 6030
6016 6096
6096 6173
6173 6248
6248 6325
6325 6403
6403 6486
6087 6162
6162 6236
6236 6310
6310 6387
6164 6238
6238 6312
6312 6388
6388 6466
6466 6547
6547 6626
6626 6704
6155 6079
6079 6078
6078 6077
6077 6076
6076 6075
6075 5994
5994 5993
5993 5920
5920 5919
5919 5845
5845 5770
5770 5694
6156 6305
6305 6382
6382 6460
6460 6541
6541 6621
6159 6233
6193 6192
6192 6266
6266 6343
6343 6342
6342 6341
6195 6269
6269 6346
6346 6424
6424 6423
6423 6422
6422 6504
6504 6586
6586 6665
6665 6664
6664 6663
6663 6662
6662 6661
6661 6660
6194 6268
6268 6345
6345 6423
6197 6271
6271 6348
6348 6426
6426 6508
6508 6590
6590 6589
6589 6668
6668 6667
6667 6666
6666 6744
6744 6743
6743 6818
6818 6889
6196 6270
6270 6347
6347 6346
6187 6186
6186 6260
6260 6337
6337 6415
6415 6497
6497 6579
6579 6658
6189 6188
6188 6187
6191 6190
6239 6313
6313 6390
6231 6306
6230 6229
6229 6228
6228 6227
6227 6151
6151 6075
6265 6264
6267 6266
6261 6338
6338 6337
6263 6340
6340 6339
6339 6417
6262 6339
6241 6318
6247 6324
6324 6403
6315 6392
6392 6469
6469 6550
6550 6629
6629 6706
6706 6781
6781 6853
6853 6924
6924 7000
7000 7070
6317 6393
6393 6470
6470 6550
6316 6392
6344 6343
6351 6429
6429 6511
6511 6510
6395 6472
6472 6552
6552 6631
6631 6630
6630 6707
6707 6782
6782 6854
6854 6925
6925 7000
6394 6471
6471 6551
6551 6630
6386 6463
6389 6466
6391 6468
6381 6459
6459 6540
6540 6620
6620 6698
6698 6774
6774 6847
6380 6303
6303 6228
6425 6424
6416 6498
6498 6497
6421 6420
6420 6419
6409 6491
6491 6490
6490 6489
6489 6571
6571 6570
6570 6649
6649 6648
6411 6410
6410 6409
6412 6494
6494 6576
6576 6655
6655 6733
6733 6808
6458 6618
6618 6696
6696 6772
6772 6845
6845 6917
6917 6993
6993 7064
7064 7133
7133 7198
7198 7265
7265 7333
6484 6567
6567 6646
6646 6724
6724 6799
6475 6474
6474 6554
6554 6633
6633 6632
6477 6476
6476 6475
6478 6477
6465 6545
6467 6547
6505 6504
6507 6589
6506 6505
6500 6499
6502 6584
6584 6663
6555 6554
6557 6636
6636 6713
6713 6712
6556 6635
6635 6634
6634 6633
6559 6638
6638 6637
6637 6714
6714 6789
6789 6861
6558 6637
6544 6623
6623 6700
6546 6625
6625 6702
6702 6778
6778 6850
6850 6921
6921 6997
6997 7067
7067 7135
7135 7200
7200 7266
6549 6628
6628 6706
6539 6619
6619 6697
6697 6773
6773 6846
6846 6918
6918 6994
6994 7065
6585 6664
6587 6666
6588 6667
6580 6579
6583 6662
6582 6581
6575 6654
6654 6653
6653 6652
6652 6651
6651 6729
6729 6804
6804 6875
6560 6639
6639 6638
6566 6645
6645 6723
6640 6639
6715 6790
6790 6789
6717 6716
6716 6715
6718 6717
6705 6780
6708 6707
6711 6710
6710 6709
6703 6778
6695 6771
6771 6844
6844 6916
6916 6992
6992 7063
7063 7132
7132 7197
7197 7264
7264 7332
7332 7401
7401 7467
7467 7535
6745 6744
6746 6745
6737 6736
6736 6811
6811 6882
6882 6881
6881 6951
6951 7025
7025 7096
7096 7166
7166 7232
7232 7298
7298 7367
7367 7435
7435 7434
7434 7433
7433 7432
7432 7431
7431 7497
7497 7568
7568 7567
7567 7566
7566 7565
7565 7564
7564 7563
6739 6738
6738 6813
6813 6884
6884 6883
6883 6882
6741 6816
6816 6887
6887 6957
6957 7031
6740 6815
6815 6886
6886 6885
6885 6884
6742 6741
6735 6734
6777 6849
6849 6921
6779 6851
6851 6922
6922 6998
6783 6855
6770 6694
6694 6616
6616 6536
6536 6454
6454 6376
6376 6299
6299 6224
6224 6148
6148 6072
6072 5991
5991 5918
5918 5917
5917 5843
5843 5768
5768 5767
5767 5766
5766 5690
5690 5610
5610 5533
5533 5447
5447 5355
5355 5267
5267 5184
5184 5183
5183 5182
5182 5102
6810 6809
6812 6883
6814 6885
6792 6864
6794 6866
6866 6865
6798 6869
6869 6941
6785 6784
6786 6858
6788 6860
6791 6790
6843 6844
6817 6888
6819 6890
6857 6856
6910 6911
6893 6892
6880 6879
6937 6936
6936 7011
7011 7081
6938 6937
6930 6929
6933 6932
6932 7007
7007 7006
6935 6934
6934 6933
6920 6995
6927 6926
6915 6916
6914 6915
6953 7027
7027 7098
7098 7097
7097 7167
7167 7233
7233 7232
6952 7026
7026 7097
6954 7028
7028 7099
7099 7098
6956 6955
6955 6954
6959 6958
6949 6948
6948 7022
7022 7093
7093 7163
7163 7229
7229 7295
7295 7364
7364 7432
6950 7024
7024 7095
7095 7165
7165 7164
7164 7163
7002 7072
7005 7075
6996 7066
7066 7135
6999 7069
7069 7137
6985 7054
7054 7123
7123 7124
7124 7125
7125 7190
7190 7191
7191 7192
7192 7193
7193 7194
7194 7195
7195 7262
7262 7330
7330 7331
7331 7332
6984 7053
7053 7122
7122 7123
6987 7056
7056 7125
6986 7055
7055 7056
6989 7060
7060 7061
7061 7130
7130 7195
6988 7057
7057 7058
7058 7127
7127 7192
6991 7062
7062 7063
6990 7061
6977 7046
7046 7115
7115 7180
7180 7181
7181 7182
7182 7183
7183 7184
7184 7185
6976 7045
7045 7114
7114 7115
6979 7048
7048 7049
7049 7050
7050 7119
7119 7184
6978 7047
7047 7116
7116 7181
6981 7050
6980 7049
6983 7052
7052 7121
7121 7186
7033 7032
7034 7105
7105 7104
7104 7103
7103 7102
7029 7100
7030 7101
7016 7086
7086 7156
7023 7022
7009 7079
7008 7078
7010 7080
7013 7083
7012 7082
7014 7084
7059 7128
7128 7193
7044 7045
7090 7089
7094 7093
7085 7154
7129 7194
7131 7132
7126 7127
7113 7178
7178 7245
7245 7313
7313 7314
7314 7383
7383 7449
7449 7517
7112 7177
7177 7178
7117 7182
7118 7183
7162 7227
7227 7226
7226 7225
7225 7224
7224 7290
7290 7289
7153 7152
7152 7151
7151 7150
7150 7214
7214 7280
7280 7347
7347 7346
7346 7345
7345 7344
7344 7343
7343 7342
7342 7341
7341 7409
7409 7474
7474 7541
7155 7220
7157 7222
7222 7288
7288 7357
7357 7425
7425 7492
7159 7158
7145 7144
7144 7208
7208 7274
7274 7341
7147 7146
7146 7210
7210 7276
7276 7343
7149 7148
7148 7147
7136 7200
7141 7140
7143 7142
7142 7141
7196 7197
7187 7188
7188 7189
7189 7190
7176 7175
7175 7174
7174 7240
7240 7306
7306 7375
7375 7374
7374 7373
7373 7441
7441 7440
7440 7506
7506 7505
7505 7504
7504 7503
7179 7180
7169 7235
7235 7301
7168 7167
7171 7170
7173 7239
7239 7305
7305 7374
7228 7227
7231 7297
7297 7366
7366 7365
7365 7364
7230 7229
7217 7216
7216 7215
7215 7214
7219 7286
7218 7284
7284 7351
7351 7350
7350 7418
7418 7483
7483 7550
7209 7208
7211 7210
7213 7212
7212 7278
7278 7345
7201 7268
7205 7271
7271 7270
7270 7269
7269 7336
7336 7404
7404 7469
7469 7468
7204 7203
7207 7206
7206 7272
7272 7271
7257 7325
7325 7326
7326 7395
7395 7396
7396 7462
7462 7530
7256 7324
7324 7325
7259 7327
7327 7396
7258 7326
7261 7329
7329 7398
7398 7399
7399 7400
7400 7401
7260 7328
7328 7329
7263 7331
7249 7317
7317 7318
7318 7319
7319 7320
7320 7389
7389 7390
7248 7316
7316 7385
7385 7451
7451 7519
7250 7318
7252 7320
7241 7307
7307 7376
7376 7375
7243 7311
7311 7312
7312 7313
7242 7308
7308 7307
7244 7312
7247 7315
7315 7316
7234 7233
7237 7236
7238 7237
7291 7290
7293 7362
7362 7361
7361 7429
7429 7495
7495 7566
7292 7361
7294 7363
7363 7431
7281 7280
7283 7350
7282 7281
7285 7352
7352 7351
7273 7272
7275 7342
7277 7276
7279 7278
7267 7334
7334 7403
7323 7392
7304 7373
7310 7379
7379 7445
7445 7513
7296 7365
7299 7368
7368 7436
7436 7435
7300 7369
7369 7437
7303 7302
7353 7421
7421 7486
7486 7485
7485 7552
7359 7427
7427 7493
7493 7564
7349 7348
7348 7347
7337 7336
7339 7407
7407 7406
7406 7405
7405 7404
7338 7406
7340 7408
7408 7407
7371 7370
7372 7440
7360 7359
7417 7416
7416 7415
7415 7480
7480 7547
7419 7418
7420 7419
7411 7476
7476 7543
7410 7409
7413 7412
7412 7477
7477 7544
7414 7413
7394 7395
7397 7463
7463 7531
7442 7441
7439 7438
7428 7427
7430 7429
7481 7480
7482 7549
7484 7551
7487 7486
7473 7472
7472 7471
7471 7470
7470 7469
7475 7474
7479 7546
7478 7545
7465 7533
7464 7532
7466 7534
7461 7529
7507 7578
7578 7651
7651 7723
7723 7796
7796 7795
7795 7794
7794 7867
7867 7866
7866 7939
7509 7508
7508 7579
7579 7652
7652 7651
7496 7495
7499 7570
7570 7643
7498 7569
7569 7568
7501 7572
7489 7560
7560 7634
7494 7565
7580 7653
7653 7725
7725 7724
7724 7797
7797 7796
7575 7574
7574 7573
7609 7537
7608 7536
7611 7610
7610 7609
7613 7541
7612 7611
7615 7614
7614 7613
7603 7532
7605 7534
7604 7533
7592 7593
7593 7594
7594 7595
7595 7596
7596 7525
7641 7640
7640 7639
7639 7638
7638 7710
7710 7783
7783 7782
7782 7781
7642 7641
7645 7644
7647 7646
7646 7718
7718 7717
7717 7716
7716 7789
7789 7862
7862 7935
7637 7709
7709 7782
7625 7624
7627 7555
7626 7625
7629 7628
7628 7627
7630 7558
7617 7616
7616 7544
7618 7617
7621 7549
7620 7619
7622 7550
7677 7605
7679 7606
7648 7647
7654 7653
7711 7710
7696 7623
7699 7626
7698 7697
7701 7700
7700 7627
7703 7630
7702 7701
7689 7616
7688 7615
7691 7690
7690 7617
7693 7692
7695 7694
7694 7693
7681 7680
7683 7682
7682 7609
7685 7684
7684 7683
7687 7686
7686 7613
7720 7719
7719 7718
7713 7786
7786 7859
7712 7785
7785 7858
7858 7931
7714 7787
7787 7860
7769 7696
7768 7767
7767 7694
7775 7702
7774 7701
7761 7688
7760 7759
7759 7686
7763 7690
7762 7689
7764 7763
7766 7765
7752 7680
7751 7679
7793 7866
7792 7865
7865 7864
7864 7937
7784 7783
7791 7864
7790 7789
7776 7703
7779 7853
7833 7759
7835 7761
7834 7760
7837 7763
7836 7762
7838 7764
7825 7752
7829 7755
7828 7754
7831 7757
7830 7756
7871 10012
10012 7870
7857 7930
7856 7929
7863 7862
7849 7775
7848 7774
7850 7776
7855 7928
7841 7767
7840 7766
7843 7769
7842 7768
7845 7771
7846 7772
7901 7900
7903 7902
7902 7829
7923 7850
7913 7912
7915 7842
7914 7841
7916 7915
7919 7918
7918 7917
7904 7831
7909 7836
7908 7907
7911 7910
7910 7837
7992 7991
7994 7923
7985 7984
7987 7986
7986 7915
7990 7989
7977 7976
7979 7978
7981 7910
7980 7979
7982 7911
8008 7937
8013 8012
8012 10115
10115 7941
8001 8000
8003 7932
8002 7931
8004 8003
8007 8006
8061 8060
8035 7972
8073 8072
8072 8009
8009 8008
8074 10077
10077 8011
8121 8061
