 key  value
8122 8062
8062 7999
7999 7998
7998 7927
7927 7926
7926 7925
7925 7852
7852 7851
7851 7850
7850 7849
7849 7848
7848 7847
7847 7846
7846 7845
7845 7844
7844 7843
7843 7842
7842 7841
7841 7840
7840 7839
7839 7838
7838 7837
7837 7836
7836 7835
7835 7834
7834 7833
7833 7832
7832 7831
7831 7830
7830 7829
7829 7828
7828 7827
7827 7826
7826 7825
7825 7824
7824 7823
7823 7822
7822 7821
7821 7820
7820 7819
7819 7818
7818 7817
7817 7816
7816 7815
7815 7814
7814 7813
7813 7812
7812 7811
7811 7810
7810 7809
7809 7808
7808 7807
7807 7806
7806 7805
7805 7804
7804 7803
7803 7802
7802 7801
7801 7800
7800 7873
7873 9614
9614 9636
9636 9657
9657 9679
9679 9700
9700 9699
8125 8065
8065 8064
8064 8063
8063 8000
8000 7929
7929 7928
7928 7927
8124 8064
8127 8067
8067 8004
8004 7933
7933 7932
7932 7931
7931 7930
7930 7929
8126 8066
8066 8003
8003 7932
8113 8053
8053 8052
8052 7989
7989 7988
7988 7987
7987 7916
7916 7843
8112 8052
8115 8055
8055 8054
8054 8053
8114 8054
8117 8057
8057 7994
7994 7923
7923 7850
8116 8056
8056 7993
7993 7992
7992 7921
7921 7848
8119 8059
8059 7996
7996 7925
8118 8058
8058 8057
8105 8045
8045 7982
7982 7981
7981 7910
7910 7909
7909 7836
8104 8044
8044 8043
8043 8042
8042 7979
7979 7978
7978 7907
7907 7906
7906 7905
7905 7904
7904 7831
8107 8047
8047 8046
8046 7983
7983 7912
7912 7911
7911 7838
8106 8046
8109 8049
8049 8048
8048 8047
8108 8048
8111 8051
8051 8050
8050 8049
8110 8050
8097 8037
8037 8036
8036 7973
7973 7902
7902 7829
8096 8036
8099 8039
8039 7976
7976 7975
7975 7974
7974 7973
8098 8038
8038 7975
8101 8041
8041 7978
8100 8040
8040 7977
7977 7906
8103 8043
8102 8042
8155 8097
8157 8099
8156 8098
8159 8101
8158 8100
8136 8137
8137 8079
8079 8019
8019 8018
8018 8017
8017 8016
8016 7953
7953 7952
7952 7951
7951 7880
7880 7807
8128 8068
8068 8005
8005 8004
8185 8127
8184 8183
8183 8182
8182 8181
8181 8123
8123 8063
8177 8119
8176 8175
8175 8117
8179 8121
8121 8061
8061 8060
8060 8059
8178 8177
8180 8179
8169 8168
8168 8110
8171 8113
8170 8169
8173 8115
8172 8171
8174 8173
8161 8160
8160 8102
8163 8105
8162 8104
8165 8107
8164 8163
8167 8166
8166 8108
8217 8216
8216 8215
8215 8157
8219 8218
8218 8217
8221 8163
8220 8162
8223 8222
8222 8164
8214 8213
8213 8155
8241 8240
8240 8182
8242 8184
8233 8175
8232 8231
8231 8173
8235 8177
8234 8233
8237 8179
8236 8235
8239 8181
8238 8180
8225 8224
8224 8166
8227 8169
8226 8168
8229 8171
8228 8227
8230 8229
8281 8227
8280 8226
8283 8229
8282 8228
8285 8231
8284 8230
8287 8233
8286 8232
8273 8219
8272 8218
8275 8221
8274 8220
8277 8223
8276 8222
8279 8225
8278 8224
91 111
111 125
125 143
143 171
171 209
209 254
254 304
304 359
359 419
419 482
482 481
481 550
550 549
549 548
548 619
619 689
689 768
768 854
854 938
938 1012
1012 1081
1081 1153
1153 1236
1236 1318
1318 1404
1404 1499
1499 1593
1593 1686
1686 1780
1780 1867
1867 1951
1951 2040
2040 2132
2132 2222
2222 2309
2309 2397
2397 2483
2483 2567
2567 2654
2654 2742
2742 2830
2830 2927
2927 3029
3029 3121
3121 3215
3215 3310
3310 3405
3405 3490
3490 3571
3571 3657
3657 3739
3739 3825
3825 3914
3914 4003
4003 4092
4092 4182
4182 4274
4274 4364
4364 4453
4453 4540
4540 4625
4625 4707
4707 4795
4795 4881
4881 4965
4965 5049
5049 5130
5130 5209
5209 5296
5296 5387
5387 5477
5477 5562
5562 5638
5638 5717
5717 5792
5792 5866
5866 5940
5940 6019
6019 6099
6099 6176
6176 6250
6250 6327
6327 6405
6405 6487
6487 6569
6569 6648
6648 6726
6726 6801
6801 6872
6872 6943
6943 7019
7019 7089
7089 7158
7158 7223
7223 7289
7289 7358
7358 7426
7426 7492
7492 7563
7563 7636
7636 7708
7708 7781
7781 7854
7854 7927
8269 8215
93 113
113 127
127 144
144 172
172 209
8268 8214
92 113
8271 8217
8270 8216
8319 8318
8318 8268
8298 8244
8244 8186
8186 8128
126 144
8289 8235
8288 8234
112 126
8291 8237
115 129
129 146
146 174
174 211
211 256
256 306
306 361
361 422
422 485
485 555
555 626
626 696
696 774
774 859
859 858
858 857
857 940
940 939
939 938
8290 8236
114 128
128 145
145 144
8293 8239
8292 8238
8294 8240
8344 8294
8349 8348
8348 8347
8347 8297
8297 8243
8243 8242
110 124
124 141
141 170
170 208
208 253
253 359
8337 8287
8336 8335
8335 8285
8339 8338
8338 8288
8341 8291
8340 8290
8343 8293
8342 8341
8329 8328
8328 8278
8331 8330
8330 8280
8333 8283
8332 8282
8334 8284
8321 8320
8320 8270
8323 8273
147 146
8322 8272
8325 8275
149 177
177 176
176 213
213 258
258 308
308 363
363 424
424 487
487 557
557 628
628 697
697 696
8324 8323
148 176
8327 8326
8326 8276
150 178
178 177
8377 8376
8376 8375
8375 8326
8379 8378
8378 8377
8381 8332
8380 8379
8383 8382
8382 8381
8369 8320
8368 8367
8367 8318
8371 8370
8370 8369
131 148
130 147
8373 8372
8372 8323
133 150
8374 8325
179 178
181 180
180 217
217 216
216 215
215 260
260 310
310 365
365 364
364 425
425 488
488 558
558 557
173 210
210 209
175 212
212 211
8393 8344
219 218
218 217
8385 8384
8384 8335
8387 8386
8386 8385
8389 8340
8388 8387
8391 8342
8390 8341
214 213
8441 8440
8440 8439
8439 8438
8438 8437
8437 8436
8436 8435
8435 8434
8434 8433
8433 8432
8432 8382
8425 8375
8424 8423
8423 8422
8422 8372
8427 8377
8426 8425
8429 8428
8428 8378
8431 8430
8430 8429
255 305
305 304
8419 8418
8418 8368
8421 8420
8420 8370
8473 8425
8472 8424
8475 8427
8474 8426
8477 8429
8476 8428
8479 8431
8478 8430
8467 8419
8466 8418
8469 8421
8468 8420
8471 8423
8470 8422
264 263
263 313
313 368
368 429
429 492
492 491
491 490
490 560
560 631
631 630
630 629
629 628
266 316
316 371
371 370
370 431
431 494
494 564
564 635
635 634
634 633
633 632
632 631
257 256
8499 8452
8452 8404
8404 8403
8403 8353
8353 8304
8304 8254
8254 8200
8200 8199
8199 8141
8141 8140
8140 8139
8139 8081
8081 8021
8021 8020
8020 7957
7957 7956
7956 7885
7885 7812
259 309
309 364
261 311
311 310
8500 8453
8453 8405
8405 8404
262 261
312 311
315 370
314 313
317 372
372 433
433 496
496 566
566 637
637 707
707 784
784 868
868 946
946 1018
1018 1087
1087 1159
1159 1242
1242 1325
1325 1415
1415 1414
1414 1605
1605 1604
1604 1700
1700 1793
1793 1792
1792 1791
1791 1790
1790 1876
1876 1875
1875 1874
1874 1873
1873 1957
1957 2046
2046 2045
2045 2044
2044 2135
2135 2312
2312 2399
2399 2398
2398 2484
2484 2568
2568 2567
319 375
375 436
436 499
499 570
570 641
641 710
710 786
786 870
870 947
947 1018
318 374
374 435
435 499
8481 8433
8480 8432
8483 8435
307 362
362 361
8482 8434
8485 8437
8484 8436
8487 8439
8486 8438
299 354
354 414
414 475
475 543
543 614
614 685
685 765
765 851
851 935
935 1010
1010 1234
1234 1317
1317 1498
1498 1685
1685 1779
1779 1866
1866 1950
1950 2040
8529 8482
8528 8481
8531 8530
8530 8483
8533 8532
8532 8485
8521 8520
8520 8519
8519 8518
8518 8471
8523 8476
8522 8475
8525 8478
8524 8523
8527 8480
8526 8479
8515 8468
8514 8467
8517 8470
8516 8469
8569 8524
8568 8523
8571 8570
8570 8569
8573 8572
8572 8571
8575 8530
8574 8573
8561 8516
8560 8559
8559 8558
8558 8513
8513 8466
8563 8518
8562 8517
8565 8520
8564 8519
8567 8522
8566 8565
369 430
430 429
373 434
434 498
498 569
569 640
640 710
360 359
8605 8561
8604 8560
8607 8563
367 428
428 491
8606 8562
366 365
353 413
413 474
474 543
8589 8545
8545 8500
8588 8544
8544 8499
412 474
8590 8546
8546 8545
8576 8575
8632 8590
8631 8589
8630 8588
8617 8573
8616 8572
8619 8575
8618 8574
8609 8565
8608 8564
432 431
8611 8567
8610 8566
8613 8569
8612 8568
8615 8571
8614 8570
427 490
426 425
8671 8631
8670 8669
8669 8668
8668 8628
8628 8586
8586 8542
8542 8497
8497 8496
8496 8449
8449 8401
8401 8400
8400 8350
8350 8301
8301 8251
8251 8197
8197 8196
8196 8138
8138 8137
8657 8656
8656 8655
8655 8613
416 477
477 546
546 617
617 687
687 767
767 853
853 938
8659 8617
8658 8616
8661 8619
421 484
484 554
554 625
625 695
695 774
8660 8659
420 483
483 482
423 422
8649 8607
473 541
541 612
612 682
682 762
762 849
849 933
933 1008
1008 1078
1078 1150
1150 1316
1316 1496
1496 1590
1590 1683
1683 1864
1864 2129
2129 2220
2220 2307
2307 2395
2395 2481
2481 2565
2565 2652
2652 2740
2740 2828
2828 2926
2926 3029
8648 8606
8651 8609
8650 8649
8653 8652
8652 8610
476 545
545 616
616 686
686 765
8654 8612
478 546
469 538
538 609
609 680
680 760
760 847
847 932
932 1008
8647 8646
8646 8604
471 540
540 611
611 682
8697 8657
8696 8695
8695 8694
8694 8693
8693 8692
8692 8652
8699 8659
8698 8658
8701 8700
8700 8699
8689 8649
8691 8651
8690 8689
8686 8646
497 568
568 639
639 708
708 784
8672 8671
8729 8728
8728 8727
8727 8726
8726 8725
8725 8724
8724 8723
8723 8722
8722 8721
8721 8720
8720 8719
8719 8718
8718 8717
8717 8716
8716 8715
8715 8714
8714 8713
8713 8712
8712 8711
8711 8710
8710 8709
8709 8708
8708 8707
8707 8706
8706 8666
8666 8626
8626 8584
8584 8540
8540 8495
8495 8448
8448 8400
489 488
8731 8730
8730 8729
8733 8732
8732 8731
8735 8734
8734 8733
495 494
486 485
537 609
539 610
610 680
542 614
8763 8726
8765 8728
8764 8727
8767 8730
8766 8729
8747 8710
8746 8709
8748 8711
8737 8736
8736 8735
8739 8738
8738 8737
563 634
565 636
636 635
553 624
624 623
623 693
693 772
772 858
552 623
556 627
627 626
544 615
615 686
8787 8747
547 618
618 689
8786 8785
8785 8745
8745 8708
8788 8787
551 622
622 692
692 771
771 857
8776 8739
605 676
676 677
677 678
678 679
679 759
759 847
8780 8779
8779 8778
8778 8741
8741 8740
8740 8739
607 678
606 677
8769 8732
8768 8731
8771 8734
8770 8733
8773 8736
8772 8735
8775 8738
8774 8737
8827 8787
8816 8776
8809 8769
8808 8768
8811 8771
8810 8770
8813 8812
8812 8772
8815 8814
8814 8813
8801 8800
8800 8760
8760 8723
8803 8763
8805 8804
8804 8764
8807 8767
8806 8805
621 620
620 619
8849 8809
8848 8808
608 679
8851 8850
8850 8810
8853 8813
613 684
684 764
764 851
8852 8812
8854 8853
8841 8801
8843 8803
8842 8802
8802 8762
8762 8725
8845 8844
8844 8804
8847 8846
8846 8845
8890 8854
8881 8845
8880 8844
8883 8847
8882 8846
642 641
8885 8849
8884 8848
8887 8851
8886 8850
8877 8841
8879 8843
8878 8842
688 767
691 770
770 769
769 855
855 939
694 693
681 760
8920 8885
683 762
8913 8878
8912 8911
8911 8876
8876 8840
8840 8839
8839 8799
8799 8759
8759 8722
8915 8914
8914 8879
675 676
8917 8916
8916 8915
8919 8884
8918 8917
8910 8909
8909 8874
8874 8838
8838 8837
8837 8797
8797 8757
8757 8720
8953 8919
8952 8918
712 788
788 872
872 871
871 948
948 947
8945 8911
8944 8910
8947 8946
8946 8945
8949 8915
709 785
785 869
869 946
8948 8914
8951 8950
8950 8916
711 710
761 848
848 933
763 850
850 934
934 1009
1009 1008
766 852
852 936
936 1010
753 840
840 925
925 1003
1003 1073
1073 1142
1142 1223
1223 1306
1306 1393
1393 1487
1487 1584
1584 1677
1677 1773
1773 1862
1862 1946
1946 2035
2035 2127
2127 2218
2218 2305
2305 2392
2392 2478
2478 2734
2734 2820
2820 2913
2913 3015
3015 3108
3108 3203
3203 3300
3300 3395
3395 3482
3482 3564
3564 3649
3649 3732
3732 3820
3820 3907
3907 3996
3996 4086
4086 4176
4176 4269
4269 4359
4359 4448
4448 4536
4536 4622
4622 4704
4704 4792
4792 4962
4962 5046
5046 5127
5127 5206
5206 5294
5294 5386
5386 5476
5476 5561
5561 5638
755 843
843 844
844 845
845 930
930 931
931 932
754 841
841 926
926 1003
757 845
756 844
758 846
846 931
8985 8984
8984 8983
8983 8950
8977 8976
8976 8975
8975 8974
8974 8941
8941 8940
8940 8939
8939 8938
8938 8937
8937 8903
8903 8868
8868 8832
8832 8792
8792 8752
8752 8715
8979 8946
8978 8977
8981 8948
8980 8979
8982 8949
787 871
789 788
790 789
9017 8985
9016 8984
9009 8977
9008 8976
9011 8979
9010 8978
9013 8981
9012 8980
9015 8983
9014 8982
9005 8973
8973 8940
9007 8975
8997 8965
8965 8932
8932 8898
8898 8897
8897 8862
8862 8826
8826 8825
8825 8785
8998 8966
8966 8965
9041 9010
9040 9009
9043 9042
9042 9041
9045 9044
9044 9013
9047 9046
9046 9015
856 940
9037 9036
9036 9035
9035 9034
9034 9003
9003 8971
8971 8938
9039 9008
9038 9007
9029 8998
9028 9027
9027 9026
9026 9025
9025 8994
8994 8962
8962 8961
8961 8928
8928 8894
8894 8859
8859 8823
8823 8783
8783 8743
8743 8706
842 926
9073 9044
9072 9071
9071 9070
9070 9041
9075 9046
835 920
920 921
921 922
922 923
923 924
924 925
9074 9073
837 922
836 921
839 924
838 839
9065 9036
9064 9063
9063 9034
9067 9038
9066 9065
9069 9040
9068 9039
9059 9058
9058 9029
9113 9086
9086 9057
9057 9056
9056 9055
9055 9026
873 872
875 952
952 1023
1023 1092
1092 1164
1164 1248
1248 1332
1332 1422
1422 1519
1519 1612
1612 1709
1709 1800
1800 1882
1882 1970
1970 2060
2060 2149
2149 2235
2235 2322
2322 2408
2408 2493
2493 2578
2578 2664
2664 2752
2752 2840
2840 2940
2940 3043
3043 3133
3133 3225
3225 3319
3319 3409
3409 3497
3497 3582
3582 3665
3665 3750
3750 3839
3839 3928
3928 4016
4016 4105
4105 4196
4196 4381
4381 4470
4470 4557
4557 4643
4643 9898
9898 4729
4729 4728
4728 4727
4727 4814
4814 4899
4899 4983
4983 5066
5066 5147
5147 5226
5226 5225
5225 5224
5224 5311
5311 5402
5402 5492
5492 5577
5577 5576
5576 5575
5575 5574
5574 5650
5650 5729
5729 5804
5804 5803
5803 5877
5877 5950
5950 6030
6030 6110
6110 6109
6109 6108
6108 6107
6107 6106
6106 6105
6105 6104
6104 6103
6103 6180
6180 6254
6254 6331
6331 6330
6330 6329
6329 6328
6328 6327
874 951
951 1022
1022 1091
1091 1163
1163 1246
1246 1329
1329 1328
1328 1327
1327 1417
1417 1416
1416 1415
9117 9090
9090 9061
9061 9032
9032 9031
9031 9000
9000 8968
8968 8935
8935 8934
8934 8900
8900 8865
8865 8829
8829 8789
8789 8749
8749 8712
876 954
954 1025
1025 1094
1094 1166
1166 1250
1250 1334
1334 1424
1424 1520
1520 1614
1614 1711
1711 1801
1801 1884
1884 1972
1972 2062
2062 2151
2151 2236
2236 2323
2323 2408
9119 9092
9092 9063
9118 9091
9091 9090
9104 9075
9097 9096
9096 9095
9095 9094
9094 9065
9099 9070
9098 9069
9101 9100
9100 9071
9103 9102
9102 9101
927 928
928 929
929 930
9093 9092
9145 9144
9144 9116
9116 9089
9089 9060
9060 9031
9147 9119
9146 9118
9149 9148
9148 9147
9151 9123
9123 9096
9150 9149
9141 9113
9143 9115
9115 9088
9088 9059
9128 9101
9130 9103
9133 9106
9106 9077
9077 9076
9076 9075
9121 9094
945 1017
1017 1086
1086 1158
1158 1241
1241 1325
9120 9093
944 1015
1015 1085
1085 1157
1157 1241
9122 9095
9125 9098
949 948
9124 9097
9127 9100
9126 9099
950 949
9177 9151
9176 9175
9175 9149
937 1011
1011 1081
9179 9178
9178 9152
9152 9124
9181 9180
9180 9179
9182 9181
9169 9143
9171 9170
9170 9144
9173 9147
9172 9171
9174 9148
9153 9152
9155 9154
9154 9126
9201 9176
9200 9175
9203 9178
9202 9177
9205 9180
9204 9179
9206 9181
9193 9168
9168 9167
9167 9141
9195 9170
1019 1018
9197 9172
1021 1020
1020 1089
1089 1161
1161 1160
1160 1243
1243 1326
1326 1416
9196 9171
9199 9174
9198 9173
1014 1156
1156 1240
1240 1324
1324 1415
9241 9219
9219 9196
1001 922
1000 1001
9243 9242
9242 9220
9220 9197
9245 9223
9223 9200
1005 1006
1006 930
9244 9222
9222 9221
9221 9220
1004 1003
9247 9225
9225 9202
1007 1008
9246 9224
9224 9201
9227 9204
9226 9225
9228 9227
1037 1104
1104 1180
1180 1179
1179 1262
1262 1261
1261 1347
1347 1437
1437 1436
1436 1435
1435 1434
1434 1433
1433 1529
1529 1622
1622 1719
1719 1809
1809 1891
1891 1979
1979 1978
1978 1977
1977 1976
1976 1975
1975 1974
1974 1973
1973 2063
2063 2152
2152 2237
2237 2324
2324 2409
2409 2493
1027 1097
1097 1169
1169 1253
1253 1337
1337 1427
1427 1523
1523 1616
1616 1713
1713 1803
1803 1885
1885 1973
1026 1096
1096 1168
1168 1251
1251 1334
1028 1098
1098 1170
1170 1254
1254 1337
1080 1152
1152 1235
1235 1317
1084 1157
9249 9248
9248 9247
1075 1144
1144 1143
1143 1142
1074 1073
1077 1148
1148 1232
1232 1233
1233 1316
1076 1006
1099 1171
1171 1254
1102 1174
1174 1173
1173 1256
1256 1255
1255 1254
1088 1160
1090 1089
1095 1167
1167 1250
1145 1229
1229 1230
1230 1231
1231 1232
1146 1147
1147 1231
1183 1182
1182 1265
1265 1351
1351 1441
1441 1440
1440 1439
1439 1438
1438 1437
1172 1171
1162 1245
1245 1328
1165 1248
9421 9422
9422 9423
9423 9424
9424 9442
9442 9443
9443 9461
9461 9493
9493 9510
9510 9528
9528 9547
9547 9568
9568 9589
9589 9611
9611 9634
9634 9656
9656 9678
9678 9699
9420 9439
9439 9455
9455 9489
9489 9506
9506 9524
9524 9543
9543 9562
9562 9585
9585 9606
9606 9628
9628 9629
9629 9630
9630 9652
9652 9676
9676 9677
9677 9698
9698 9699
1244 1243
1247 1331
1331 1421
1421 1518
1518 1612
1225 1224
1224 1223
1227 1228
1228 1229
1226 10048
10048 1227
1221 1220
1220 1305
1305 1392
1392 1484
1484 1582
1582 1675
1675 1772
1772 1862
9462 9939
9939 9478
9478 9494
9494 9511
9511 9530
9530 9549
9549 9570
9570 9591
9591 9612
9612 9635
9635 9656
1222 1221
1264 1350
1350 1440
1269 1268
1268 1267
1267 1353
1353 1443
1443 1442
1442 1441
1257 1256
1259 1345
1345 1435
1252 1335
1335 1425
1425 1522
1522 1616
9495 9512
9512 9530
1304 1392
1307 1306
1309 1308
1308 1307
1311 1312
1312 1228
1310 1309
9477 9493
9529 9549
9531 9550
9550 9571
9571 9592
9592 9613
9613 9636
9532 9551
9551 9572
9572 9593
9593 9614
9525 9544
9544 9563
9563 9586
9586 9607
9607 9629
9527 9547
9513 9531
1336 1426
1426 1522
1339 1429
1429 1428
1428 1524
1524 1617
1617 1714
1714 1804
1804 1886
1886 1974
1338 1428
1341 1431
1431 1430
1430 1429
1340 1430
1343 1433
1342 1432
1432 1528
1528 1621
1621 1718
1718 1808
1808 1807
1807 1806
1806 1805
1805 1804
1330 1420
1420 1517
1517 1611
1611 1708
1708 1798
1798 1881
1881 1969
1969 2060
9509 9527
9567 9589
9566 9588
9588 9610
9610 9633
9633 9655
9655 9678
1319 1405
1405 1499
9546 9567
9548 9569
9569 9591
9595 9594
9594 5374
5374 5373
5373 5285
5285 5202
5202 5122
5122 5121
5121 5039
5039 4955
4955 4954
4954 4869
4869 4868
4868 4781
4781 4692
4692 4691
4691 4605
4605 4604
4604 4603
4603 4516
4516 4427
4427 4335
4335 4334
4334 4333
4333 4241
4241 4148
4148 4058
4058 3968
3968 3967
3967 3966
3966 3965
3965 3876
3876 3875
3875 3874
3874 3873
3873 3872
3872 3871
3871 3870
3870 3869
3869 3868
3868 3780
3780 3692
3692 3608
3608 3607
3607 3521
3521 3435
3435 3434
3434 3433
3433 3432
3432 3431
3431 3430
3430 3429
3429 3428
3428 3427
3427 3426
3426 3425
3425 3424
3424 3423
3423 3339
3339 3338
3338 3337
3337 3336
3336 3335
3335 3334
3334 3333
3333 3332
3332 3331
3331 3330
3330 3329
3329 3328
3328 3327
3327 3326
3326 3325
3325 3324
3324 3323
3323 3229
3229 3138
3138 3046
3046 3045
3045 2949
2949 2948
2948 2947
2947 2946
2946 2945
2945 2944
2944 2943
2943 2942
2942 2941
2941 2940
1352 1351
1355 1445
1445 1444
1444 1540
1540 1539
1539 1632
1632 1729
1729 1728
1728 1727
1727 1726
1726 1816
1816 1898
1898 1986
1986 2076
2076 2165
2165 2250
2250 2337
2337 2336
2336 2335
2335 2334
2334 2333
2333 2332
2332 2417
2417 2501
2501 2500
2500 2585
2585 2584
2584 2583
2583 2582
2582 2668
2668 2756
2756 2755
2755 2754
2754 2753
2753 2752
1357 1447
1447 1543
1543 1636
1636 1733
1733 1732
1732 1731
1731 1821
1821 1903
1903 1991
1991 1990
1990 1989
1989 1988
1988 1987
1987 2077
2077 2166
2166 2165
1359 1358
1358 1357
1346 1345
1349 1439
1348 1438
9590 9612
1401 1314
1314 1315
1315 1232
1400 1401
1403 1496
1402 1315
1395 1489
1489 1586
1586 1679
1679 1775
1775 1863
1863 1947
1947 2036
2036 2128
2128 2127
1394 1488
1488 1487
9573 4102
4102 4194
4194 4286
4286 4376
4376 4464
4464 4551
4551 4636
4636 4635
4635 4717
4717 4716
4716 4715
4715 4714
4714 4713
4713 4800
4800 4799
4799 4884
4884 4883
4883 4967
4967 4966
4966 5049
1397 1396
1396 1395
1399 1400
9574 3561
3561 3475
3475 3474
3474 3473
3473 3472
3472 3471
3471 3470
3470 3469
3469 3468
3468 3467
3467 3466
3466 3465
3465 3464
3464 3463
3463 3462
3462 3461
3461 3460
3460 3459
3459 3458
3458 3457
3457 3456
3456 3455
3455 3454
3454 3453
3453 3452
3452 3451
3451 3450
3450 3449
3449 3448
3448 3447
3447 3446
3446 3445
3445 3444
3444 3443
3443 3442
3442 3441
3441 3440
3440 3439
3439 3438
3438 3437
3437 3436
3436 3435
1398 1492
1492 1491
1491 9901
9901 1588
1588 1587
1587 1586
1391 1483
1483 1581
1581 1675
9617 9616
9616 7111
7111 7110
7110 7109
7109 7108
7108 7038
7038 7037
7037 6967
6967 6966
6966 6965
6965 6964
6964 6896
6896 6828
6828 6755
6755 6679
6679 6601
6601 6521
6521 6439
6439 6438
6438 6437
6437 6359
6359 6282
6282 6207
6207 6131
6131 6055
6055 5974
5974 5901
5901 5827
5827 5752
5752 5751
5751 5750
5750 5749
5749 5748
5748 5672
5672 5592
5592 5515
5515 5514
5514 5513
5513 5512
5512 5511
5511 5425
5425 5333
5333 5245
5245 5162
5162 5082
5082 5000
5000 4916
4916 4831
4831 4744
4744 4655
4655 4569
4569 4482
4482 4393
4393 4301
4301 4209
4209 4116
4116 4026
4026 3936
3936 3847
3847 3759
3759 3671
3671 3587
3587 3501
3501 3415
3415 3331
9609 9632
9632 9654
9654 9655
1419 1418
1418 1417
9658 9657
9661 9638
9638 10125
10125 9616
9660 9637
9637 9615
9615 6824
6824 6751
6751 6675
6675 6598
6598 6518
6518 6436
6436 6358
6358 6282
9639 9616
1449 1545
1545 1638
1638 1735
1735 1825
1825 1824
1824 1906
1906 1994
1994 2084
2084 2173
2173 2172
2172 2257
2257 2344
2344 2343
2343 2342
2342 2341
2341 2340
2340 2339
2339 2338
2338 2337
1448 1447
9681 9660
9680 9701
9701 9700
9682 9661
1446 1542
1542 1541
1541 1540
1497 1590
1500 1593
1490 1489
1493 1398
1495 1496
1494 1401
9721 9700
9720 9699
1482 1579
1579 1580
1580 1674
1674 1675
1485 1582
1486 1584
1531 1624
1624 1721
1721 1720
1720 1719
1530 1529
1533 1626
1626 1723
1723 1722
1722 1721
1532 1531
1534 1627
1627 1724
1724 1814
1814 1813
1813 1812
1812 1894
1894 1982
1982 2072
2072 2161
2161 2160
2160 2245
2245 2332
1525 1524
1527 1620
1620 1717
1717 1716
1716 1715
1715 1805
1526 1619
1619 1716
1513 1512
1512 1511
1511 1414
1515 1609
1609 1707
1707 1797
1797 1880
1880 1968
1968 2059
2059 2149
1514 1417
9742 9741
9741 9721
1553 1646
1646 1743
1743 1742
1742 1832
1832 1914
1914 2002
2002 2001
2001 2000
2000 2090
2090 2089
2089 2088
2088 2177
2177 2262
2262 2349
2349 2348
2348 2347
2347 2346
2346 2345
2345 2430
2430 2514
2514 2599
2599 2598
2598 2597
2597 2596
2596 2595
2595 2594
2594 2593
2593 2592
2592 2591
2591 2590
2590 2589
2589 2675
2675 2763
2763 2851
2851 2951
2951 2950
2950 2949
1552 1551
1551 1550
1550 1549
1549 1548
1548 1547
1547 1640
1640 1639
1639 1638
1555 1648
1648 1745
1745 1744
1744 1743
1554 1553
1556 1555
1544 1543
1546 1545
1537 1536
1536 1535
1535 1534
1538 1537
9782 9781
9781 9761
9761 9741
1592 1685
1585 1678
1678 1774
1774 1773
9762 9742
1589 1590
1591 1778
1778 1949
1949 2039
2039 2131
2131 2222
9819 9799
9799 9778
9778 9759
9759 9740
9740 9720
9818 9798
9798 9778
9821 9801
9801 9780
9780 9760
9760 9740
9820 9800
9800 9779
9779 9760
9823 9804
9804 9784
9784 9763
9763 9744
9744 9723
9723 10126
10126 9702
9702 9660
1583 1676
1676 1773
9822 9802
9802 9781
1625 1722
1628 1725
1725 1815
1815 1897
1897 1985
1985 1984
1984 1983
1983 1982
1630 1727
1618 1715
1623 1720
1608 1705
1705 10049
10049 1797
1610 1707
1613 1710
1710 1801
9844 9833
9833 10024
10024 9830
9830 9871
9871 9829
9829 9916
9916 9572
1607 1513
1606 1512
1657 1656
1656 1753
1753 1752
1752 1842
1842 1924
1924 2012
2012 2102
2102 2191
2191 2276
2276 2275
2275 2362
2362 2361
2361 2360
2360 2359
2359 2358
2358 2443
2443 2527
2527 2612
2612 2697
2697 2696
2696 2695
2695 2694
2694 2693
2693 2692
2692 2780
2780 2868
2868 2968
2968 2967
2967 2966
2966 2965
2965 2964
2964 2963
2963 2962
2962 2961
2961 2960
2960 2959
2959 2958
2958 2957
2957 2956
2956 2955
2955 2954
2954 2953
2953 2952
2952 2951
9835 10007
10007 9532
9834 9843
9843 9835
1658 1755
1755 1754
1754 1753
9836 9904
9904 9828
9828 9916
1649 1746
1746 1745
9827 9976
9976 5928
5928 6001
6001 6913
6913 6912
6912 6978
6978 6977
6977 7045
7045 7113
7113 7112
7112 9614
9826 6240
6240 6396
6396 6479
6479 6562
6562 6641
6641 6720
6720 6796
6796 6867
6867 7015
7015 7154
7154 7220
7220 7287
7287 7356
7356 7425
7425 7491
7491 7562
7562 7636
1651 1748
1748 1838
1838 1837
1837 1919
1919 2007
2007 2097
2097 2186
2186 2271
2271 2358
1650 1747
1747 1837
1653 1652
1652 1749
1749 1748
9831 10007
9881 1037
1643 1740
1740 1739
1739 1829
1829 1911
1911 1999
1999 1998
1998 1997
1997 1996
1996 1995
1995 1994
1642 1739
9885 1498
1645 1742
1644 1741
1741 1740
1647 1646
1633 1632
1635 1732
1634 1731
1637 1636
9866 673
673 753
1684 1778
9913 4727
1673 1580
9912 9828
9915 4194
9914 9825
9825 5627
5627 5707
5707 5782
5782 5856
5856 5930
5930 6009
6009 6089
6089 6167
6167 6241
6241 6318
6318 6396
9917 7014
7014 7013
7013 7012
7012 7011
7011 7010
7010 7009
7009 7008
7008 7007
7007 7006
7006 7005
7005 7004
7004 7003
7003 7002
7002 7001
7001 7000
7000 6999
6999 6998
6998 6997
6997 6996
6996 6995
6995 6994
6994 6993
6993 6992
6992 6991
6991 6990
6990 6989
6989 7058
7058 7126
7126 7125
7125 7124
7124 7123
7123 7122
7122 7121
7121 7120
7120 7119
7119 7118
7118 7117
7117 7116
7116 7115
7115 7114
7114 7113
9919 9827
9918 1864
9905 920
9906 4469
4469 4557
9909 4726
4726 4813
4813 4898
4898 4982
4982 4981
4981 4980
4980 4979
4979 4978
4978 4977
4977 4976
4976 4975
4975 4974
4974 4973
4973 4972
4972 4971
4971 4970
4970 5053
5053 5052
5052 5051
5051 5050
5050 5131
5131 5130
9908 3249
3249 3248
3248 3340
3340 3423
9911 6239
6239 6238
6238 6163
6163 6162
6162 6161
6161 6160
6160 6159
6159 6158
6158 6157
6157 6156
6156 6913
9910 5127
9897 6005
6005 6004
6004 6003
6003 6002
6002 6001
9896 3424
9899 2823
2823 2915
2915 3017
3017 3110
3110 3204
3204 3301
3301 3396
3396 3483
3483 3565
3565 3650
3650 3732
9900 6793
6793 6792
6792 6864
6864 6863
6863 6934
6934 7009
9903 3749
3749 3838
3838 4016
9902 9827
1712 1802
1802 1885
9893 1391
9895 4170
4170 4171
4171 4172
4172 4173
4173 4174
4174 4175
4175 4268
4268 4359
9894 9826
9945 3476
3476 3475
9944 1769
1769 1859
1859 1941
1941 2029
2029 2119
2119 2118
2118 2117
2117 2116
2116 2115
2115 2114
2114 2113
2113 2202
2202 2287
2287 2374
2374 2373
2373 2458
2458 2542
2542 2627
2627 2626
2626 2625
2625 2624
2624 2623
2623 2622
2622 2621
2621 2620
2620 2619
2619 2618
2618 2617
2617 2616
2616 2615
2615 2614
2614 2613
2613 2612
1704 1606
9946 918
918 996
996 1068
1068 1134
1134 1133
1133 1209
1209 1292
1292 1291
1291 1377
1377 1376
1376 1375
1375 1374
1374 1373
1373 1463
1463 1559
1559 1652
1706 1707
9949 6510
6510 6591
6591 10087
10087 6670
6670 6748
6748 6822
6822 6821
6821 6892
6892 6962
6962 6961
6961 6960
6960 6959
6959 6958
6958 6957
6957 6956
6956 7030
7030 7029
7029 7028
7028 7027
7027 7026
7026 7025
7025 7096
7096 7095
7095 7165
7165 7231
7231 7230
7230 7229
7229 7295
7295 7364
7364 7363
7363 7431
7431 7430
7430 7429
7429 7428
7428 7427
7427 7426
9948 8665
8665 8664
8664 8622
8622 8578
8578 8533
9951 9133
9936 9495
1699 1698
1698 1697
1697 1696
1696 1790
9938 9495
9943 9614
1702 1605
9928 4195
4195 4289
4289 4380
4380 4470
9933 9495
1757 1847
1847 1929
1929 1928
1928 2016
2016 2015
2015 2014
2014 2013
2013 2103
2103 2192
2192 2191
1758 1757
9920 774
9923 3159
3159 3158
3158 3157
3157 3249
9924 3424
9927 9827
1751 1750
1750 1749
9926 1589
1737 1736
1736 1735
9979 2871
2871 2870
2870 2869
2869 2868
1738 1737
9981 9544
9982 7555
7555 7626
7626 7625
7625 7624
7624 7623
7623 7622
7622 7621
7621 7620
7620 7619
7619 7618
7618 7617
7617 7616
7616 7615
7615 7614
7614 7613
7613 7612
7612 7611
7611 7610
7610 7609
7609 7608
7608 7607
7607 7606
7606 7605
7605 7604
7604 7603
7603 7602
7602 7601
7601 7600
7600 7599
7599 7598
7598 7597
7597 7596
7596 7595
7595 7594
7594 7593
7593 7592
7592 7591
7591 7590
7590 7589
7589 7588
7588 7587
7587 7586
7586 7585
7585 7584
7584 7583
7583 7582
7582 9614
9969 8816
9968 9287
9287 9286
9286 9268
9268 9249
9971 7870
7870 7869
7869 7868
7868 7941
7941 7940
7940 7939
7939 7938
7938 7937
7937 7936
7936 7935
7935 7934
7934 7933
1730 1729
9973 9637
9972 6892
9975 3323
9974 9615
1734 1824
9960 5069
5069 5229
5229 5228
5228 5227
5227 5314
5314 5405
5405 5404
5404 5403
5403 5402
9963 8299
8299 8245
8245 8244
9967 8445
8445 8444
8444 8394
8394 8345
8345 8295
8295 8241
9966 3845
3845 3757
3757 3586
3586 3500
3500 3415
1777 1864
9952 9132
9132 9105
9105 9076
9954 8011
8011 8010
8010 8009
8009 8008
8008 8007
8007 8006
8006 8005
1781 1867
9956 5669
5669 5510
5510 5424
5424 5332
5332 5244
5244 5161
5161 5081
5081 4999
4999 4915
4915 4830
4830 4743
4743 4654
4654 4568
4568 4481
4481 4392
4392 4300
4300 4208
4208 4115
4115 4025
4025 3935
3935 3846
3846 3758
3758 3670
3670 3586
9959 8779
10009 9610
10008 7853
7853 7927
1771 1861
1861 1946
1770 1769
10005 1797
1817 1816
1819 1901
1901 1989
1818 1817
9999 963
963 1036
1036 1035
1035 1103
1103 1034
1034 1033
1033 1032
1032 10013
10013 1031
1031 1030
1030 1099
1811 1893
1893 1981
1981 2071
2071 2160
1810 1809
10041 2478
10040 6006
6006 6005
10043 1001
10042 3479
3479 3480
3480 3481
3481 3563
3563 3648
3648 3731
3731 3732
10045 9509
10044 2783
2783 2698
2698 2615
10047 7853
10046 9829
10033 5381
5381 5471
5471 5556
5556 5632
5632 5712
5712 5787
5787 5862
5862 5936
5936 6015
6015 6095
6095 6172
6172 6247
6247 6324
6324 6402
6402 6485
6485 6568
6568 6647
6647 6725
6725 6801
10032 9655
10035 7089
10034 7089
10037 934
10036 1492
10039 9424
1799 1881
10038 673
10027 1945
1945 2035
10026 6318
1850 1932
1932 1931
1931 2019
2019 2018
2018 2017
2017 2016
10029 703
703 633
10028 9512
10031 2135
10030 1605
1841 1840
1840 1839
1839 1921
1921 2009
2009 2008
2008 2007
1843 1842
1845 1844
1844 1926
1926 2014
1846 1928
10073 3025
3025 3118
3118 3212
3212 3308
3308 3404
3404 3489
3489 3569
3569 3655
3655 3737
3737 3824
3824 3913
3913 4002
4002 4091
4091 4180
4180 4272
4272 4362
4362 4451
4451 4539
4539 4624
4624 4706
4706 4793
4793 4879
4879 4963
4963 5046
1833 1832
10072 3312
3312 3311
3311 3310
10075 2042
2042 2041
2041 2040
1835 1917
1917 2005
2005 2004
2004 2003
2003 2093
2093 2092
2092 2091
2091 2090
10074 1403
1834 1916
1916 2004
1836 1835
10065 1317
10064 3838
10067 4358
4358 4359
10066 1317
10069 3479
10068 3829
3829 3917
3917 4005
4005 4094
4094 4184
4184 4277
4277 4367
4367 4455
4455 4543
4543 4628
4628 4710
4710 4797
4797 4882
4882 4966
10071 5947
5947 5946
5946 6025
6025 6105
1831 1830
1830 1829
10070 7354
7354 7423
7423 7490
7490 7561
7561 7635
7635 7708
10057 3580
3580 3747
3747 3835
3835 3925
3925 4014
4014 4102
10056 2036
10059 3340
1883 1971
1971 2061
2061 2151
10061 4185
4185 4278
4278 4368
4368 4456
4456 4543
10060 2651
2651 2739
2739 2827
2827 2924
2924 3027
3027 3120
3120 3214
3214 3309
3309 3404
10063 6712
6712 6711
6711 6710
6710 6709
6709 6708
6708 6707
6707 6706
6706 6705
6705 6704
6704 6703
6703 6702
6702 6701
6701 6700
6700 6699
6699 6698
6698 6697
6697 6696
6696 6695
6695 6988
6988 6987
6987 6986
6986 6985
6985 7053
7053 7121
1887 1886
10062 6473
6473 6472
6472 6471
6471 6470
6470 6469
6469 6468
6468 6467
6467 6466
6466 6465
6465 6464
6464 6463
6463 6462
6462 6461
6461 6460
6460 6459
6459 6458
6458 6986
10051 5928
10050 2486
2486 2572
2572 2659
2659 2748
2748 2836
2836 2937
2937 3040
3040 3131
3131 3223
3223 3318
3318 3409
10053 7422
7422 7489
7489 7560
7560 7633
7633 7706
7706 7780
7780 7853
10055 6006
10054 2871
1865 1948
1948 2037
2037 2129
1860 1859
1913 2001
1912 1911
1915 2003
1918 2006
2006 2096
2096 2185
2185 2270
2270 2357
2357 2356
2356 2441
2441 2525
2525 2610
2610 2609
2609 2695
1905 1993
1993 2083
2083 2172
1904 1903
1896 1984
1899 1987
1900 1988
1902 1990
1889 1977
1888 1976
1890 1978
1892 1891
1895 1983
1944 2033
2033 2125
2125 2217
2217 2304
2304 2392
1939 1938
1938 2026
2026 2025
2025 2024
2024 2114
1930 1929
1920 2008
1923 1922
1922 1921
1925 2013
1927 2015
1980 1979
1965 2056
2056 2145
2145 2230
2230 2317
2317 2402
2402 2487
2487 2572
1967 2057
2057 2146
2146 2232
2232 2319
2319 2404
2404 2489
2489 2574
2574 2661
2661 2749
2749 2837
2837 2937
1966 2056
1954 2043
2043 2135
2011 2101
2101 2190
2190 2275
2010 2009
1992 1991
2034 2127
2038 2131
2027 2026
2021 2020
2020 2019
2023 2022
2022 2021
2073 2072
2075 2074
2074 2163
2163 2162
2162 2161
2079 2168
2168 2253
2253 2252
2252 2251
2251 2250
2078 2077
2065 2154
2154 2239
2239 2326
2326 2325
2325 2410
2410 2494
2494 2493
2064 2153
2153 2152
2067 2066
2066 2155
2155 2240
2240 2327
2327 2326
2069 2158
2158 2243
2243 2242
2242 2329
2329 2328
2328 2327
2068 2157
2157 2242
2070 2069
2055 2145
2105 2194
2194 2193
2193 2192
2104 2103
2107 2106
2106 2105
2109 2108
2108 2107
2110 2199
2199 2284
2284 2371
2371 2370
2370 2369
2369 2368
2368 2453
2453 2537
2537 2622
2099 2098
2098 2187
2187 2186
2100 2099
2095 2184
2184 2269
2269 2356
2094 2093
2081 2170
2170 2255
2255 2254
2254 2253
2080 2079
2082 2081
2085 2084
2086 2175
2175 2174
2174 2259
2259 2346
2143 2229
2229 2316
2316 2402
2130 2221
2221 2308
2308 2397
2133 2223
2223 2222
2134 2133
2126 2218
2169 2168
2171 2170
2164 2163
2167 2166
2159 2158
2144 2230
2147 2232
2148 2234
2234 2321
2321 2407
2407 2492
2492 2577
2577 2664
2150 2235
2201 2200
2200 2285
2285 2284
2195 2194
2197 2196
2196 2195
2198 2197
2189 2274
2274 2361
2188 2187
2176 2175
2181 2266
2266 2353
2353 2438
2438 2437
2437 2436
2436 2520
2520 2605
2605 2604
2604 2690
2690 2778
2778 2777
2777 2865
2865 2864
2864 2964
2183 2268
2268 2355
2355 2354
2354 2353
2182 2267
2267 2354
2233 2320
2320 2405
2405 2490
2490 2575
2575 2661
2238 2325
2225 2312
2224 2223
2228 2316
2231 2318
2318 2404
2216 2304
2219 2129
2256 2255
2258 2345
2261 2348
2260 2347
2249 2336
2248 2335
2244 2243
2247 2334
2246 2245
2281 2280
2280 2279
2279 2278
2278 2277
2277 2276
2283 2370
2282 2281
2286 2373
2273 2272
2272 2271
2331 2416
2416 2500
2330 2329
2315 2401
2401 2486
2306 2394
2394 2480
2480 2564
2564 2651
2311 2310
2310 2398
2363 2362
2365 2364
2364 2363
2367 2452
2452 2536
2536 2621
2366 2365
2352 2351
2351 2350
2350 2349
2393 2479
2479 2478
2396 2482
2482 2566
2566 2653
2653 2742
2387 2472
2472 2556
2556 2641
2641 2640
2640 2639
2639 2638
2638 2637
2637 2636
2636 2635
2635 2634
2634 2633
2633 2632
2632 2631
2631 2630
2630 2629
2629 2628
2628 2627
2372 2457
2457 2456
2456 2540
2540 2625
2375 2374
2425 2424
2424 2423
2423 2507
2507 2592
2427 2426
2426 2425
2429 2513
2513 2598
2428 2427
2431 2430
2419 2503
2503 2588
2588 2587
2587 2673
2673 2761
2761 2849
2849 2949
2421 2420
2420 2419
2422 2421
2403 2488
2488 2573
2573 2659
2406 2490
2459 2458
2460 2459
2449 2448
2448 2532
2532 2617
2451 2450
2450 2534
2534 2619
2455 2539
2539 2538
2538 2537
2454 2453
2440 2524
2524 2609
2442 2441
2445 2529
2529 2614
2444 2443
2447 2446
2446 2530
2530 2615
2433 2517
2517 2602
2602 2601
2601 2687
2687 2775
2775 2863
2863 2862
2862 2962
2432 2431
2495 2580
2580 2579
2579 2578
2485 2484
2523 2522
2522 2607
2607 2606
2606 2692
2526 2525
2512 2597
2515 2514
2516 2601
2519 2604
2518 2603
2603 2689
2689 2777
2505 2590
2504 2589
2506 2591
2509 2594
2508 2593
2511 2596
2510 2595
2498 2583
2502 2501
2544 2629
2541 2626
2543 2628
2528 2613
2531 2530
2533 2618
2535 2534
2586 2585
2569 2568
2570 2657
2657 2745
2745 2833
2833 2832
2832 2831
2831 2928
2928 3030
3030 3029
2563 2651
2600 2686
2686 2774
2774 2862
2649 2735
2735 2821
2821 2914
2914 3016
3016 3109
3109 3204
2650 2736
2736 2822
2822 2915
2655 2743
2743 2831
2681 2680
2680 2768
2768 2856
2856 2855
2855 2854
2854 2853
2853 2852
2852 2952
2683 2771
2771 2770
2770 2858
2858 2857
2857 2856
2682 2770
2685 2773
2773 2861
2861 2961
2684 2772
2772 2771
2672 2671
2671 2759
2759 2847
2847 2846
2846 2946
2674 2673
2677 2676
2676 2675
2679 2767
2767 2855
2678 2677
2670 2669
2669 2668
2656 2655
2660 2748
2662 2750
2750 2838
2838 2938
2938 3042
3042 3132
3132 3224
3224 3318
2713 2712
2712 2711
2711 2628
2705 2704
2704 2621
2707 2706
2706 2623
2709 2708
2708 2625
2710 2627
2699 2698
2701 2618
2700 2699
2703 2620
2702 2619
2688 2687
2691 2690
2747 2835
2835 2936
2936 3040
2746 2833
2751 2839
2839 2940
2737 2822
2741 2829
2829 2927
2733 2819
2819 2820
2776 2864
2779 2778
2781 2869
2782 2870
2769 2857
2762 2761
2765 2853
2764 2852
2766 2854
2793 2707
2792 2706
2795 2794
2794 2708
2797 2711
2796 2795
2799 2798
2798 2797
2785 2699
2784 2698
2787 2786
2786 2785
2789 2788
2788 2787
2791 2790
2790 2789
2845 2945
2873 2784
2872 2972
2972 3066
3066 3158
2875 2786
2874 2785
2877 2788
2876 2787
2879 2790
2878 2789
2867 2866
2866 2865
2859 2858
2860 2859
2850 2950
2909 2910
2910 2911
2911 3014
3014 3015
2888 2799
2881 2792
2880 2791
2883 2794
2882 2793
2885 2796
2884 2795
2887 2798
2886 2797
2930 2929
2929 2928
2933 2934
2934 3038
3038 3129
3129 3222
3222 3317
3317 3408
3408 3497
2932 2933
2935 3039
3039 3130
3130 3223
2921 3023
3023 3116
3116 3210
3210 3306
3306 3402
3402 3487
3487 3568
3568 3654
3654 3736
3736 3822
3822 3911
3911 4000
4000 4089
4089 4179
4179 4272
2923 3025
2922 3024
3024 3116
2925 3027
2912 3014
2969 2968
2971 2970
2970 2969
2973 2972
2975 2974
2974 2973
2985 2984
2984 3078
3078 3077
3077 3076
3076 3075
3075 3074
3074 3073
3073 3072
3072 3071
3071 3070
3070 3069
3069 3068
3068 3067
3067 3066
2987 3081
3081 3080
3080 3079
3079 3078
2986 3080
2989 2988
2988 2987
2977 3071
2976 3070
2979 3073
2978 2977
2981 3075
2980 2979
2983 3077
2982 2981
3033 3124
3124 3123
3123 3122
3122 3216
3216 3215
3032 3124
3035 3126
3126 3219
3219 3314
3314 3315
3315 3316
3316 3317
3034 3125
3125 3218
3218 3219
3036 3127
3127 3220
3220 3315
3026 3118
3028 3120
3019 3112
3112 3206
3206 3302
3302 3397
3397 3483
3018 3110
3021 3114
3114 3208
3208 3303
3303 3398
3398 3484
3484 3566
3566 3650
3020 3113
3113 3207
3207 3303
3022 3114
3013 2910
3012 3013
3065 3064
3064 3063
3063 3062
3062 3061
3061 3060
3060 3059
3059 3058
3058 3057
3057 3056
3056 3055
3055 3054
3054 3053
3053 3052
3052 3051
3051 3050
3050 3049
3049 3048
3048 3047
3047 3046
3083 3082
3082 3081
3084 3083
3117 3211
3211 3306
3119 3213
3213 3309
3111 3206
3161 3160
3160 3159
3163 3162
3162 3161
3165 3164
3164 3163
3167 3166
3166 3165
3152 3151
3151 3150
3150 3058
3155 3063
3154 3153
3153 3152
3156 3155
3145 3144
3144 3143
3143 3142
3142 3141
3141 3049
3147 3146
3146 3145
3149 3148
3148 3056
3140 3139
3139 3047
3177 3176
3176 3175
3175 3174
3174 3173
3173 3172
3172 3171
3171 3170
3170 3169
3169 3168
3168 3167
3178 3177
3231 3140
3209 3305
3305 3400
3400 3486
3486 3567
3567 3651
3651 3733
3733 3907
3205 3301
3257 3256
3256 3255
3255 3254
3254 3253
3253 3252
3252 3251
3251 3250
3250 3249
3259 3258
3258 3257
3261 3260
3260 3259
3263 3262
3262 3261
3241 3150
3240 3149
3245 3154
3244 3153
3246 3155
3233 3142
3232 3141
3239 3148
3238 3147
3272 3271
3271 3270
3270 3269
3269 3268
3268 3267
3267 3266
3266 3265
3265 3264
3264 3263
3275 3274
3274 3273
3273 3272
3304 3400
3307 3402
3299 3394
3394 3481
3298 3299
3353 3352
3352 3351
3351 3350
3350 3349
3349 3348
3348 3347
3347 3346
3346 3345
3345 3344
3344 3343
3343 3342
3342 3341
3341 3340
3355 3354
3354 3353
3357 3356
3356 3355
3359 3358
3358 3357
3361 3360
3360 3359
3363 3362
3362 3361
3365 3364
3364 3363
3417 3333
3416 3415
3419 3335
3418 3334
3421 3337
3420 3419
3422 3421
3401 3402
3393 3480
3399 3485
3485 3567
3477 10069
3478 10042
3513 3427
3512 3426
3515 3429
3514 3428
3517 3431
3516 3430
3519 3433
3518 3432
3505 3419
3504 3418
3507 3421
3506 3420
3509 3423
3508 3422
3510 3424
3503 3417
3502 3416
3492 3573
3573 3658
3658 3740
3740 3827
3827 3916
3916 4004
4004 4093
4093 4182
3529 3443
3528 3442
3531 3445
3530 3444
3533 3447
3532 3446
3535 3449
3534 3448
3520 3434
3523 3437
3522 3436
3525 3439
3524 3438
3527 3441
3526 3440
3579 3580
3581 3580
3609 3608
3611 3610
3610 3524
3613 3527
3612 3611
3615 3529
3614 3528
3601 3515
3600 3599
3599 3513
3603 3517
3602 3601
3605 3604
3604 3603
3606 3520
3593 3507
3592 3506
3595 3509
3594 3508
3597 3596
3596 3595
3598 3597
3589 3588
3588 3502
3591 3590
3590 3504
3624 3623
3623 3537
3537 3451
3617 3531
3616 3615
3619 3533
3618 3617
3620 3534
3673 3672
3672 3588
3675 3591
3674 3673
3677 3593
3676 3675
3679 3678
3678 3594
3705 3704
3704 3620
3707 3623
3697 3696
3696 3695
3695 3694
3694 3610
3699 3615
3698 3697
3701 3617
3700 3699
3703 3702
3702 3701
3689 3688
3688 3604
3691 3607
3690 3606
3693 3692
3681 3597
3680 3596
3683 3682
3682 3681
3685 3684
3684 3683
3687 3603
3686 3685
3741 3827
3742 10068
3730 3818
3818 3905
3905 3994
3994 4084
4084 4174
3734 3733
3769 3681
3768 3680
3771 3683
3770 3682
3773 3685
3772 3684
3775 3687
3774 3686
3761 3673
3760 3672
3763 3675
3762 3674
3765 3677
3764 3676
3767 3679
3766 3678
3753 3842
3842 3931
3931 4019
4019 4108
4108 4199
4199 4291
4291 4471
4471 4557
3752 3841
3841 3930
3930 4018
4018 4107
4107 4198
4198 4290
4290 4381
3746 3747
3748 3836
3836 3925
3751 3841
3793 3705
3792 3704
3795 3707
3796 3708
3708 3624
3785 3697
3784 3696
3787 3699
3786 3698
3789 3701
3788 3700
3791 3703
3790 3702
3777 3689
3776 3688
3779 3691
3778 3690
3781 3693
3783 3695
3782 3694
3833 3832
3832 3920
3920 4008
4008 4096
4096 4185
3834 3922
3922 4010
4010 4009
4009 4008
3837 3926
3926 4014
3826 3914
3828 3827
3819 3905
3821 3910
3910 3999
3999 4088
4088 4177
4177 4270
4270 4360
4360 4449
4449 4537
4537 4623
4623 4705
4705 4792
3865 3864
3864 3863
3863 3775
3867 3779
3866 3778
3857 3769
3856 3768
3859 3771
3858 3770
3861 3860
3860 3772
3862 3774
3849 3761
3848 3847
3851 3850
3850 3849
3853 3852
3852 3764
3855 3854
3854 3766
3840 3930
3889 3801
3801 3713
3713 3629
3629 3628
3628 3627
3627 3541
3541 3455
3881 3793
3880 3879
3879 3878
3878 3790
3883 3795
3882 3794
3794 3706
3706 3622
3622 3536
3536 3450
3885 3884
3884 3883
3887 3886
3886 3885
3877 3876
3929 4018
3932 9966
3921 3920
3923 3922
3924 4013
4013 4102
3915 4003
3904 3905
3909 3997
3997 4086
3961 3872
3960 3871
3963 3874
3962 3961
3964 3875
3953 3864
3952 3863
3955 3954
3954 3953
3957 3868
3956 3867
3959 3958
3958 3957
3945 3856
3944 3943
3943 3854
3947 3946
3946 3857
3949 3948
3948 3859
3951 3950
3950 3949
3992 4082
4082 4172
3977 3976
3976 3887
3979 3978
3978 3889
3969 3968
3971 3970
3970 3969
3973 3972
3972 3883
3975 3886
3974 3885
4024 3934
3934 3845
4031 4030
4030 4029
4029 3939
3939 3850
4017 4106
4106 4198
4023 3934
4011 4010
4001 4090
4090 4180
4006 4095
4095 4185
4057 3967
4056 3966
4059 3969
4061 4060
4060 3970
4063 4062
4062 4061
4049 4048
4048 3958
4051 4050
4050 4049
4053 4052
4052 4051
4055 3965
4054 4053
4041 4040
4040 4039
4039 4038
4038 4037
4037 4036
4036 4035
4035 4034
4034 4033
4033 3943
4043 3953
4042 3952
4045 4044
4044 3954
4047 3957
4046 4045
4032 3942
3942 3853
4065 4064
4064 4063
4067 4066
4066 3976
4069 4068
4068 4067
4071 4070
4070 4069
4121 4031
4123 4033
4122 4032
4112 4023
4104 4195
4111 4022
4022 3933
3933 3757
4097 4187
4187 4279
4279 4278
4101 4102
4153 4063
4152 4062
4155 4065
4154 4064
4157 4067
4156 4066
4159 4069
4158 4068
4145 4055
4144 4054
4149 4059
4151 4061
4150 4060
4137 4047
4136 4046
4139 4049
4138 4048
4141 4051
4140 4050
4143 4053
4142 4052
4131 4041
4130 4040
4133 4043
4132 4042
4135 4045
4134 4044
4186 4278
4189 4281
4281 4371
4371 4370
4370 4458
4458 4545
4545 4630
4630 4712
4712 4799
4188 4280
4280 4370
4190 4189
4183 4276
4276 4366
4366 4455
4161 4071
4160 4070
4162 4072
4072 3982
3982 3893
3893 3805
3805 3717
3717 3716
3716 3715
3715 3631
3631 3545
3545 3459
4216 4123
4215 4122
4214 4121
4203 4111
4249 4156
4248 4247
4247 4154
4251 4250
4250 4157
4253 4252
4252 4159
4255 4254
4254 4161
4243 4150
4242 4149
4245 4152
4244 4151
4246 4153
4233 4232
4232 4139
4235 4234
4234 4233
4237 4144
4236 4235
4224 4131
4227 4226
4226 4133
4229 4136
4228 4135
4231 4138
4230 4229
4283 4373
4373 4372
4372 4371
4282 4372
4287 4377
4377 4376
4273 4363
4363 4451
4275 4365
4365 4453
4265 4172
4264 4265
4266 4173
4256 4163
4163 4073
4073 4072
4263 4170
4262 4169
4169 4079
4079 4078
4078 4077
4077 3987
3987 3898
3898 3810
3810 3722
3722 3638
3638 3552
3552 3466
4317 4316
4316 4315
4315 4314
4314 4313
4313 4221
4221 4128
4128 4038
4319 4318
4318 4317
4305 4304
4304 4212
4212 4211
4211 4210
4210 4209
4295 4203
4294 4203
4345 4344
4344 4252
4347 4346
4346 4345
4348 4256
4337 4336
4336 4335
4339 4247
4338 4246
4341 4340
4340 4248
4343 4342
4342 4250
4329 4328
4328 4236
4320 4228
4323 4231
4325 4233
4324 4232
4327 4326
4326 4234
4375 4463
4463 4550
4550 4635
4374 4373
4361 4449
4355 4265
4354 4355
4357 4358
4409 4317
4408 4316
4411 4319
4410 4318
4413 4321
4321 4229
4412 4320
4415 4323
4414 4322
4322 4321
4395 4303
4303 4211
4394 4302
4302 4210
4387 4296
4296 4205
4205 4112
4388 4297
4297 4205
4441 4349
4349 4257
4257 4164
4164 4074
4074 3984
3984 3895
3895 3807
3807 3719
3719 3635
3635 3634
3634 3548
3548 3462
4440 4348
4442 4350
4350 4258
4258 4165
4165 4075
4075 3985
3985 3896
3896 3808
3808 3720
3720 3719
4445 4355
4444 4352
4352 4260
4260 4259
4259 4166
4166 4076
4076 3986
3986 3897
3897 3809
3809 3721
3721 3720
4447 4358
4433 4341
4432 4340
4435 4343
4434 4342
4437 4345
4436 4344
4438 4346
4429 4337
4431 4339
4430 4338
4417 4325
4416 4324
4419 4327
4418 4326
4421 4329
4420 4328
4465 4464
4459 4458
4461 4460
4460 4459
4462 4461
4450 4538
4538 4624
4452 4539
4505 4504
4504 4503
4503 4502
4502 4501
4501 4500
4500 4411
4507 4506
4506 4505
4508 4419
4497 4408
4499 4410
4498 4497
4488 4487
4487 4486
4486 4485
4485 4396
4396 4304
4484 4395
4541 4626
4626 4708
4708 4796
4796 4881
4529 4440
4528 4527
4527 4438
4531 4442
4530 4529
4533 4355
4532 4531
4534 4533
4521 4432
4523 4434
4522 4521
4525 4436
4524 4523
4526 4437
4571 4484
4570 4483
4483 4394
4573 4486
4572 4485
4575 4488
4553 4552
4552 4551
4554 4553
4546 4545
4549 4548
4548 4633
4633 4715
4593 4592
4592 4505
4595 4594
4594 4593
4596 4595
4587 4500
4589 4502
4591 4504
4590 4589
4576 4489
4489 4488
4632 4714
4634 4716
4639 4721
4721 4720
4720 4719
4719 4718
4718 4717
4638 4720
4617 4616
4616 4615
4615 4614
4614 4613
4613 4526
4619 4533
4618 4531
4621 4704
4609 4608
4608 4607
4607 4520
4520 4519
4519 4518
4518 4517
4517 4516
4611 4610
4610 4523
4612 4525
4657 4656
4656 4570
4659 4573
4658 4572
4660 4659
4642 4641
4641 4640
4640 4639
4697 4696
4696 4695
4695 4694
4694 4693
4693 4692
4699 4613
4698 4612
4701 4700
4700 4614
4702 4616
4681 4680
4680 4594
4683 4597
4597 4596
4682 4681
4684 4598
4598 4597
4674 4673
4673 4587
4677 4676
4676 4675
4675 4589
4679 4678
4678 4592
4730 4729
4722 4721
4725 4812
4812 4897
4897 4981
4724 4723
4723 4722
4763 4674
4765 4676
4767 4678
4766 4677
4747 4658
4746 4657
4749 4660
4748 4659
4750 4661
4661 4660
4794 4879
4785 4696
4787 4698
4786 4697
4789 4700
4788 4699
4791 4702
4790 4701
4769 4680
4768 4679
4771 4682
4772 4683
4817 4816
4816 4901
4901 4985
4985 4984
4984 4983
4818 4817
4809 4808
4808 4807
4807 4806
4806 4805
4805 4804
4804 4803
4803 4802
4802 4887
4887 4971
4811 4896
4896 4980
4810 4809
4815 4814
4801 4800
4860 4773
4773 4684
4863 4862
4862 4775
4775 4686
4686 4600
4600 4513
4513 4424
4424 4332
4332 4331
4331 4239
4239 4146
4146 4056
4853 4852
4852 4765
4855 4768
4854 4767
4843 4842
4842 4841
4841 4754
4754 4665
4665 4579
4579 4492
4492 4491
4491 4490
4490 4489
4835 4748
4839 4752
4752 4663
4663 4577
4577 4490
4889 4973
4888 4972
4891 4975
4893 4977
4892 4976
4895 4979
4894 4978
4880 4964
4964 5048
5048 5130
4873 4786
4872 4871
4871 4784
4784 4695
4875 4874
4874 4873
4877 4876
4876 4789
4878 4962
4865 4864
4864 4863
4918 4833
4833 4832
4832 4831
4900 4984
4903 4987
4987 5070
5070 5069
4902 4901
4957 4956
4956 4871
4959 4874
4958 4957
4945 4860
4947 4946
4946 4861
4861 4774
4774 4685
4685 4684
4949 4864
4948 4863
4950 4949
4937 4852
4936 4851
4851 4764
4764 4675
4939 4854
4938 4937
4940 4939
4942 4941
4941 4856
4856 4769
4986 4985
4968 4967
4961 4876
4960 4959
5020 4936
5022 4938
5011 4927
4927 4842
5015 4931
4931 4846
4846 4759
4759 4670
4670 4584
4584 4497
5055 5054
5054 5053
5041 4957
5040 4956
5043 4959
5042 4958
5045 5127
5044 4960
5047 5128
5128 5207
5207 5294
5033 4949
5032 4948
5027 4943
4943 4858
4858 4857
4857 4856
5026 4942
5031 4947
5030 4946
5065 5064
5064 5145
5145 5224
5057 5056
5056 5137
5137 5216
5216 5303
5303 5394
5394 5393
5393 5392
5392 5391
5391 5390
5390 5480
5480 5565
5565 5564
5564 5640
5640 5719
5719 5718
5718 5717
5059 5058
5058 5057
5061 5142
5142 5221
5221 5308
5308 5399
5399 5489
5489 5574
5060 5059
5063 5144
5144 5223
5223 5222
5222 5309
5309 5400
5400 5490
5490 5489
5062 5143
5143 5222
5113 5031
5112 5030
5101 5019
5019 4935
4935 4850
4850 4763
5102 5020
5093 5011
5094 5093
5136 5215
5215 5302
5302 5393
5139 5218
5218 5305
5305 5396
5396 5486
5486 5571
5571 5570
5570 5646
5646 5645
5645 5644
5644 5723
5723 5798
5798 5797
5797 5871
5871 5870
5870 5869
5869 5943
5943 6022
6022 6021
6021 6101
6101 6100
6100 6177
6177 6251
6251 6328
5138 5137
5141 5220
5220 5219
5219 5306
5306 5397
5397 5487
5487 5486
5140 5219
5129 5208
5208 5296
5133 5212
5212 5299
5299 5390
5132 5131
5123 5122
5125 5043
5124 5042
5126 5044
5176 5175
5175 5174
5174 5173
5173 5093
5211 5210
5210 5297
5297 5388
5388 5387
5213 5212
5214 5301
5301 5392
5203 5123
5205 5125
5204 5124
5193 5113
5192 5191
5191 5190
5190 5189
5189 5109
5109 5108
5108 5107
5107 5025
5025 4941
5194 5193
5217 5216
5275 5192
5274 5191
5276 5193
5304 5303
5307 5306
5310 5309
5295 5386
5287 5204
5361 5273
5273 5190
5401 5400
5395 5394
5398 5397
5380 5471
5382 5473
5473 5558
5558 5634
5634 5714
5714 5789
5789 5863
5863 5938
5938 6018
6018 6098
6098 6175
6175 6249
6249 6326
6326 6404
6404 6487
5465 5464
5464 5463
5463 5371
5371 5283
5283 5200
5200 5120
5120 5038
5038 4954
5488 5487
5491 5576
5493 5492
5483 5568
5568 5567
5567 5566
5566 5642
5642 5721
5721 5796
5796 5795
5795 5869
5485 5570
5484 5569
5569 5568
5472 5557
5557 5634
5554 5631
5631 5711
5711 5786
5786 5860
5860 5935
5935 6015
5585 5661
5661 5740
5740 5815
5815 5889
5889 5962
5962 6042
6042 6122
6122 6199
6199 6273
6273 6350
6350 6428
6428 6510
5579 5655
5655 5734
5734 5809
5809 5883
5883 5882
5882 5881
5881 5880
5880 5879
5879 5952
5952 6032
6032 6112
6112 6189
6189 6188
6188 6187
6187 6186
6186 6260
6260 6259
6259 6258
6258 6257
6257 6256
6256 6333
6333 6332
6332 6331
5580 5579
5573 5572
5572 5571
5626 5549
5549 5463
5657 5656
5656 5655
5659 5738
5738 5813
5813 5812
5812 5811
5811 5810
5810 5809
5658 5657
5660 5739
5739 5814
5814 5888
5888 5961
5961 6041
6041 6121
6121 6198
6198 6272
6272 6349
6349 6427
6427 6509
6509 6591
5662 5741
5741 5816
5816 5890
5890 5963
5963 5962
5649 5728
5728 5803
5648 5647
5647 5646
5651 5650
5652 5651
5643 5642
5695 5615
5615 5538
5538 5452
5452 5451
5451 5450
5450 5449
5449 5357
5357 5269
5269 5186
5186 5106
5106 5024
5024 4940
5725 5800
5800 5799
5799 5798
5724 5799
5727 5726
5726 5801
5801 5800
5737 5812
5736 5811
5730 5729
5733 5808
5808 5807
5807 5806
5806 5805
5805 5804
5735 5810
5788 5863
5802 5801
5885 5884
5884 5957
5957 6037
6037 6117
6117 6116
6116 6115
6115 6114
6114 6113
6113 6112
5887 5886
5886 5959
5959 6039
6039 6119
6119 6118
6118 6117
5873 5947
5872 5871
5875 5874
5874 5799
5876 5949
5949 6029
6029 6109
5878 5877
5864 5938
5951 5950
5939 6018
5960 5959
5953 6033
6033 6113
5955 5954
5954 5953
5956 5955
5958 5957
6000 5927
5927 5853
5853 5778
5778 5702
5702 5622
5622 5545
5545 5544
5544 5458
5458 5366
5366 5365
5365 5277
5277 5194
6007 6006
6040 6039
6035 6115
6034 6033
6036 6116
6038 6037
6027 6107
6031 6111
6111 6110
6016 6096
6096 6174
6174 6249
6081 6156
6083 6082
6082 6081
6085 6160
6084 6159
6087 6162
6086 6161
6120 6197
6197 6271
6271 6348
6348 6426
6426 6508
6508 6590
6590 6589
6589 6668
6668 6667
6667 6666
6666 6665
6665 6664
6664 6663
6663 6662
6662 6740
6740 6739
6739 6738
6738 6737
6737 6736
6736 6735
6735 6734
6734 6733
6733 6808
6808 6879
6879 6878
6878 6877
6877 6876
6876 6875
6875 6874
6874 6873
6873 6944
6944 6943
6164 6163
6155 6079
6079 6078
6078 6077
6077 6076
6076 5995
5995 5922
5922 5848
5848 5773
5773 5697
5697 5696
5696 5616
5616 5539
5539 5538
6193 6192
6192 6191
6191 6190
6190 6189
6195 6269
6269 6346
6346 6345
6345 6344
6344 6343
6343 6421
6421 6503
6503 6585
6585 6584
6584 6583
6583 6582
6582 6581
6581 6580
6580 6659
6659 6658
6658 6657
6657 6656
6656 6655
6655 6654
6654 6653
6653 6652
6652 6730
6730 6729
6729 6728
6728 6803
6803 6874
6194 6193
6196 6270
6270 6347
6347 6425
6425 6507
6507 6589
6233 6158
6232 6231
6231 6156
6235 6160
6234 6159
6237 6162
6236 6161
6230 6229
6229 6153
6153 6077
6265 6342
6342 6341
6341 6340
6340 6418
6418 6500
6500 6582
6264 6263
6263 6340
6267 6344
6266 6343
6268 6345
6261 6260
6262 6339
6339 6338
6338 6337
6337 6336
6336 6414
6414 6496
6496 6578
6578 6657
6313 6312
6312 6311
6311 6387
6387 6464
6315 6314
6314 6390
6390 6389
6389 6388
6388 6387
6317 6316
6316 6315
6305 6381
6381 6458
6307 6383
6383 6460
6309 6385
6385 6462
6308 6384
6384 6383
6310 6309
6351 6429
6429 6428
6393 6392
6392 6391
6391 6390
6395 6472
6394 6471
6386 6385
6380 6303
6303 6228
6228 6227
6227 6151
6151 6075
6075 5994
5994 5993
5993 5920
5920 5919
5919 5845
5845 5770
5770 5769
5769 5693
5693 5692
5692 5612
5612 5535
5535 5449
6382 6381
6424 6423
6423 6505
6505 6587
6587 6666
6417 6416
6416 6498
6498 6580
6420 6502
6502 6584
6422 6421
6409 6408
6408 6490
6490 6572
6572 6651
6651 6729
6411 6493
6493 6575
6575 6654
6412 6411
6415 6414
6401 6483
6483 6565
6565 6644
6644 6722
6722 6798
6798 6869
6869 6940
6940 7017
7017 7087
7087 7156
7156 7222
7222 7289
6484 6566
6566 6645
6645 6724
6724 6799
6799 6870
6870 6942
6942 7018
7018 7088
7088 7158
6475 6474
6474 6473
6477 6476
6476 6475
6478 6477
6504 6503
6506 6505
6497 6496
6499 6498
6553 6552
6552 6551
6551 6630
6630 6707
6555 6554
6554 6633
6633 6710
6557 6636
6636 6635
6635 6712
6556 6555
6559 6638
6638 6715
6715 6714
6714 6713
6713 6712
6558 6637
6637 6636
6545 6624
6624 6623
6623 6622
6622 6621
6621 6620
6620 6697
6544 6623
6547 6626
6626 6625
6625 6702
6546 6625
6549 6548
6548 6627
6627 6626
6550 6549
6539 6618
6618 6695
6541 6620
6540 6539
6543 6622
6542 6541
6586 6585
6588 6667
6579 6578
6560 6559
6619 6618
6640 6717
6717 6716
6716 6715
6632 6709
6634 6633
6639 6638
6629 6628
6628 6627
6631 6630
6661 6660
6660 6738
6718 6717
6745 6744
6744 6819
6819 6890
6890 6960
6746 6745
6741 6740
6743 6818
6818 6889
6889 6888
6888 6887
6887 6886
6886 6885
6885 6884
6884 6883
6883 6882
6882 6952
6952 7026
6742 6741
6723 6798
6777 6849
6849 6848
6848 6847
6847 6918
6918 6993
6776 6775
6775 6847
6779 6851
6851 6850
6850 6921
6921 6996
6778 6850
6781 6853
6853 6924
6924 6923
6923 6922
6922 6921
6780 6852
6852 6851
6783 6782
6782 6854
6854 6853
6771 6843
6843 6914
6914 6989
6770 6694
6694 6616
6616 6536
6536 6454
6454 6376
6376 6299
6299 6298
6298 6297
6297 6222
6222 6146
6146 6070
6070 6069
6069 6068
6068 6067
6067 6066
6066 6065
6065 6064
6064 6063
6063 5982
5982 5909
5909 5835
5835 5760
5760 5759
5759 5683
5683 5682
5682 5681
5681 5680
5680 5600
5600 5523
5523 5522
5522 5521
5521 5520
5520 5519
5519 5433
5433 5432
5432 5340
5340 5339
5339 5251
5251 5168
5168 5088
5088 5006
5006 4922
4922 4837
4837 4750
6773 6845
6845 6844
6844 6843
6772 6844
6774 6773
6809 6880
6880 6879
6811 6882
6810 6881
6881 6951
6951 7025
6813 6884
6812 6883
6815 6886
6814 6885
6794 6866
6866 6937
6937 7012
6785 6857
6857 6856
6856 6855
6855 6854
6784 6856
6787 6859
6859 6858
6858 6857
6786 6858
6789 6861
6861 6860
6860 6859
6788 6860
6791 6863
6790 6789
6846 6845
6817 6816
6816 6887
6865 6936
6936 7011
6862 6861
6911 6910
6910 6976
6976 7112
6893 6892
6938 7013
6941 7017
6929 6928
6928 7003
6931 6930
6930 7005
6933 7008
6932 7007
6935 7010
6920 6995
6925 6924
6927 7002
6926 7001
6915 6914
6917 6916
6916 6991
6919 6994
6953 6952
6954 7028
6949 6948
6948 7022
7022 7093
7093 7163
7163 7229
6950 7024
7024 7095
6984 7052
7052 7120
6979 6978
6981 6980
6980 7048
7048 7116
6983 7051
7051 7050
7050 7118
6982 7050
7033 7104
7104 7103
7103 7173
7173 7239
7239 7305
7305 7374
7374 7373
7373 7372
7372 7371
7371 7370
7370 7438
7438 7504
7504 7575
7575 7574
7574 7573
7573 7646
7646 7718
7718 7791
7791 7864
7864 7863
7863 7862
7862 7861
7861 7934
7032 7103
7034 7105
7105 7104
7031 7030
7016 7086
7086 7156
7023 7022
7065 7133
7133 7132
7132 7131
7131 7130
7130 7129
7129 7128
7128 7127
7127 7126
7064 7063
7063 7131
7067 7135
7135 7134
7134 7133
7066 7134
7069 7137
7137 7136
7136 7135
7068 7136
7071 7139
7139 7138
7138 7137
7070 7138
7057 7125
7056 7124
7059 7127
7061 7129
7060 7059
7062 7130
7049 7117
7055 7054
7054 7053
7044 7112
7047 7115
7046 7045
7097 7096
7099 7169
7169 7235
7235 7301
7301 7370
7098 7168
7168 7234
7234 7300
7300 7369
7369 7437
7437 7503
7503 7574
7101 7171
7171 7237
7237 7236
7236 7235
7100 7099
7102 7101
7090 7159
7159 7224
7224 7290
7290 7359
7359 7358
7094 7093
7081 7080
7080 7079
7079 7078
7078 7146
7146 7145
7145 7144
7144 7143
7143 7142
7142 7141
7141 7140
7140 7139
7083 7151
7151 7150
7150 7149
7149 7148
7148 7147
7147 7146
7082 7081
7085 7154
7084 7083
7073 7072
7072 7140
7075 7143
7074 7073
7077 7145
7076 7144
7162 7227
7227 7226
7226 7292
7292 7361
7361 7360
7360 7359
7164 7163
7167 7233
7233 7232
7232 7231
7166 7165
7153 7152
7152 7151
7155 7220
7157 7222
7193 7192
7192 7127
7195 7194
7194 7129
7197 7196
7196 7131
7199 7198
7198 7197
7185 7184
7184 7183
7183 7182
7182 7117
7187 7186
7186 7185
7189 7188
7188 7123
7191 7190
7190 7125
7177 7112
7176 7175
7175 7174
7174 7173
7179 7178
7178 7113
7181 7180
7180 7179
7170 7169
7228 7294
7294 7363
7217 7152
7216 7215
7215 7150
7219 7286
7286 7355
7355 7424
7424 7491
7218 7153
7221 7287
7209 7144
7208 7143
7211 7146
7210 7145
7213 7212
7212 7147
7214 7213
7201 7136
7200 7135
7203 7138
7202 7137
7205 7140
7204 7139
7207 7206
7206 7205
7257 7190
7256 7255
7255 7188
7259 7192
7258 7257
7261 7194
7260 7259
7263 7196
7262 7261
7249 7182
7248 7181
7250 7183
7252 7185
7241 7307
7307 7376
7376 7375
7375 7443
7443 7509
7509 7580
7580 7653
7653 7725
7725 7724
7724 7797
7797 7796
7796 7869
7240 7239
7243 7112
7242 7241
7245 7178
7244 7177
7247 7180
7238 7237
7288 7357
7357 7425
7291 7360
7293 7292
7281 7280
7280 7213
7283 7282
7282 7215
7285 7218
7284 7283
7273 7272
7272 7205
7275 7208
7274 7207
7277 7210
7276 7275
7279 7212
7278 7211
7265 7198
7264 7197
7267 7266
7266 7265
7269 7202
7268 7201
7271 7204
7270 7203
7323 7322
7322 7390
7390 7389
7389 7454
7454 7453
7453 7452
7452 7451
7451 7518
7518 7589
7325 7393
7393 7392
7392 7457
7457 7456
7456 7523
7523 7594
7327 7395
7395 7394
7394 7459
7459 7526
7526 7525
7525 7596
7326 7325
7319 7387
7387 7452
7304 7373
7306 7305
7310 7582
7297 7366
7366 7365
7365 7364
7296 7295
7299 7298
7298 7297
7303 7372
7302 7301
7353 7352
7352 7351
7351 7350
7350 7418
7418 7483
7483 7550
7550 7549
7549 7548
7548 7547
7547 7618
7345 7344
7344 7412
7412 7411
7411 7476
7476 7543
7543 7542
7542 7613
7347 7346
7346 7345
7349 7348
7348 7347
7337 7405
7405 7470
7470 7537
7537 7608
7336 7404
7404 7469
7469 7536
7536 7607
7339 7338
7338 7337
7341 7409
7409 7408
7408 7473
7473 7540
7540 7539
7539 7538
7538 7537
7340 7408
7343 7342
7342 7341
7329 7328
7328 7327
7331 7399
7399 7464
7464 7531
7531 7602
7330 7329
7333 7401
7401 7466
7466 7533
7533 7604
7332 7331
7335 7334
7334 7402
7402 7401
7368 7367
7367 7435
7435 7501
7501 7500
7500 7499
7499 7570
7570 7643
7643 7715
7715 7788
7788 7861
7362 7430
7417 7416
7416 7415
7415 7414
7414 7479
7479 7478
7478 7477
7477 7476
7419 7484
7484 7483
7421 7420
7420 7419
7410 7409
7413 7412
7400 7399
7403 7402
7407 7472
7472 7539
7406 7405
7397 7462
7462 7461
7461 7528
7528 7599
7396 7461
7398 7397
7441 7507
7507 7578
7578 7577
7577 7576
7576 7575
7440 7506
7506 7577
7442 7508
7508 7579
7579 7578
7433 7499
7432 7431
7434 7433
7436 7435
7439 7438
7481 7548
7480 7547
7482 7549
7485 7484
7487 7486
7486 7553
7553 7552
7552 7623
7475 7542
7474 7473
7465 7464
7467 7466
7468 7535
7535 7606
7471 7470
7463 7462
7513 7584
7517 7588
7505 7504
7497 7496
7496 7495
7495 7494
7494 7493
7493 7492
7498 7497
7502 7501
7545 7544
7544 7543
7546 7545
7551 7550
7541 7612
7529 7528
7530 7601
7532 7531
7534 7605
7569 7568
7568 7567
7567 7640
7640 7712
7712 7785
7785 7858
7858 7857
7857 7856
7856 7929
7572 7571
7571 7644
7644 7643
7565 7638
7638 7710
7710 7709
7709 7708
7564 7637
7637 7636
7566 7639
7639 7638
7554 7625
7557 7628
7628 7627
7627 7626
7556 7555
7559 7633
7558 7557
7641 7640
7642 7714
7714 7713
7713 7786
7786 7859
7859 7858
7645 7644
7647 7646
7634 7706
7629 7628
7631 7630
7630 7629
7677 7604
7679 7678
7678 7605
7648 7720
7720 7719
7719 7718
7654 7653
7704 7703
7703 7630
7707 7780
7711 7710
7697 7696
7696 7695
7695 7622
7699 7698
7698 7625
7701 7628
7700 7699
7702 7701
7689 7688
7688 7687
7687 7614
7691 7618
7690 7689
7693 7692
7692 7691
7694 7693
7681 7608
7680 7679
7683 7682
7682 7609
7685 7612
7684 7683
7686 7613
7717 7716
7716 7715
7769 7768
7768 7695
7771 7698
7770 7697
7773 7772
7772 7771
7775 7702
7774 7773
7761 7688
7760 7687
7763 7690
7762 7689
7765 7764
7764 7691
7767 7766
7766 7765
7753 7752
7752 7751
7751 7678
7755 7682
7754 7681
7757 7756
7756 7683
7759 7686
7758 7685
7793 7866
7866 7865
7865 7864
7792 7865
7784 7857
7787 7786
7789 7862
7790 7863
7777 7776
7776 7703
7779 7853
7778 7777
7783 7856
7782 7855
7855 7928
7871 10012
10012 7870
7860 7933
7899 7826
7901 7828
7900 7899
7903 7902
7920 7847
7922 7921
7924 7923
7913 7912
7915 7914
7914 7841
7917 7844
7919 7918
7918 7917
7908 7907
7942 7941
7995 7994
7997 7996
7985 7914
7984 7913
7986 7985
7991 7920
7990 7989
7980 7979
7971 7970
7970 7899
7972 7901
8013 8012
8012 10115
10115 7941
8001 8000
8002 7931
8035 7972
8073 8072
8072 8009
8074 10077
10077 8011
8069 8068
8120 8060
