pt_graph shape
7926 0
7926 0
7926 0
7926 0
7926 0
7926 0
7926 0
7926 0
7926 2.17
7926 0
7926 0
7926 0
7926 28.03
7926 0
7926 0
7926 0
7926 0
7926 0
7926 0
7926 0
7926 0
7926 0
7926 0
7926 0
7926 0
7926 0
7926 0
7926 0
7926 0
7926 0
7926 0
7926 0
7926 0
7926 0
7926 0.78
7926 0
7926 0
7926 0
7927 0
7927 0
7927 0
7927 0
7927 0
7927 0
7927 0
7927 0
7927 33.94
7927 0
7927 0
7927 0
7927 28.03
7927 0
7927 0
7927 0
7927 0
7927 0
7927 0
7927 0
7927 0
7927 0
7927 0
7927 0
7927 0
7927 0
7927 0
7927 0
7927 0
7927 0
7927 0
7927 0
7927 0
7927 0
7927 26.77
7927 0
7927 0
7927 0
7974 0
7974 0
7974 0
7974 0
7974 0
7974 0
7974 0
7974 0
7974 33.94
7974 0
7974 0
7974 0
7974 28.03
7974 0
7974 0
7974 0
7974 0
7974 0
7974 0
7974 0
7974 0
7974 0
7974 0
7974 0
7974 0
7974 0
7974 0
7974 0
7974 0
7974 0
7974 0
7974 0
7974 0
7974 0
7974 26.77
7974 0
7974 0
7974 0
7975 0
7975 0
7975 0
7975 0
7975 0
7975 0
7975 0
7975 0
7975 33.94
7975 0
7975 0
7975 0
7975 28.03
7975 0
7975 0
7975 0
7975 0
7975 0
7975 0
7975 0
7975 0
7975 0
7975 0
7975 0
7975 0
7975 0
7975 0
7975 0
7975 0
7975 0
7975 0
7975 0
7975 0
7975 0
7975 26.77
7975 0
7975 0
7975 0
7979 0
7979 0
7979 0
7979 0
7979 0
7979 0
7979 0
7979 0
7979 33.94
7979 0
7979 0
7979 0
7979 28.03
7979 0
7979 0
7979 0
7979 0
7979 0
7979 0
7979 0
7979 0
7979 0
7979 0
7979 0
7979 0
7979 0
7979 0
7979 0
7979 0
7979 0
7979 0
7979 0
7979 0
7979 0
7979 26.77
7979 0
7979 0
7979 0
7982 0
7982 0
7982 0
7982 0
7982 0
7982 0
7982 0
7982 0
7982 33.94
7982 0
7982 0
7982 0
7982 28.03
7982 0
7982 0
7982 0
7982 0
7982 0
7982 0
7982 0
7982 0
7982 0
7982 0
7982 0
7982 0
7982 0
7982 0
7982 0
7982 0
7982 0
7982 0
7982 0
7982 0
7982 0
7982 26.77
7982 0
7982 0
7982 0
7995 0
7995 0
7995 0
7995 0
7995 0
7995 0
7995 0
7995 0
7995 33.94
7995 0
7995 0
7995 0
7995 28.03
7995 0
7995 0
7995 0
7995 0
7995 0
7995 0
7995 0
7995 0
7995 0
7995 0
7995 0
7995 0
7995 0
7995 0
7995 0
7995 0
7995 0
7995 0
7995 0
7995 0
7995 0
7995 26.77
7995 0
7995 0
7995 0
8039 0
8039 0
8039 0
8039 0
8039 0
8039 0
8039 0
8039 0
8039 33.94
8039 0
8039 0
8039 0
8039 28.03
8039 0
8039 0
8039 0
8039 0
8039 0
8039 0
8039 0
8039 0
8039 0
8039 0
8039 0
8039 0
8039 0
8039 0
8039 0
8039 0
8039 0
8039 0
8039 0
8039 0
8039 0
8039 26.77
8039 0
8039 0
8039 0
8048 0
8048 0
8048 0
8048 0
8048 0
8048 0
8048 0
8048 0
8048 33.94
8048 0
8048 0
8048 0
8048 28.03
8048 0
8048 0
8048 0
8048 0
8048 0
8048 0
8048 0
8048 0
8048 0
8048 0
8048 0
8048 0
8048 0
8048 0
8048 0
8048 0
8048 0
8048 0
8048 0
8048 0
8048 0
8048 26.77
8048 0
8048 0
8048 0
8098 0
8098 0
8098 0
8098 0
8098 0
8098 0
8098 0
8098 0
8098 29.05
8098 0
8098 0
8098 0
8098 27.66
8098 0
8098 0
8098 0
8098 0
8098 0
8098 0
8098 0
8098 0
8098 0
8098 0
8098 0
8098 0
8098 0
8098 0
8098 0
8098 0
8098 0
8098 0
8098 0
8098 0
8098 0
8098 1.84
8098 0
8098 0
8098 0
8099 0
8099 0
8099 0
8099 0
8099 0
8099 0
8099 0
8099 0
8099 76.74
8099 0
8099 0
8099 0
8099 49.54
8099 0
8099 0
8099 0
8099 0
8099 0
8099 0
8099 0
8099 0
8099 0
8099 0
8099 0
8099 0
8099 0
8099 0
8099 0
8099 0
8099 0
8099 0
8099 0
8099 0
8099 0
8099 0.98
8099 0
8099 0
8099 0
8157 0
8157 0
8157 0
8157 0
8157 0
8157 0
8157 0
8157 0
8157 33.94
8157 0
8157 0
8157 0
8157 28.03
8157 0
8157 0
8157 0
8157 0
8157 0
8157 0
8157 0
8157 0
8157 0
8157 0
8157 0
8157 0
8157 0
8157 0
8157 0
8157 0
8157 0
8157 0
8157 0
8157 0
8157 0
8157 26.77
8157 0
8157 0
8157 0
8159 0
8159 0
8159 0
8159 0
8159 0
8159 0
8159 0
8159 0
8159 29.05
8159 0
8159 0
8159 0
8159 27.66
8159 0
8159 0
8159 0
8159 0
8159 0
8159 0
8159 0
8159 0
8159 0
8159 0
8159 0
8159 0
8159 0
8159 0
8159 0
8159 0
8159 0
8159 0
8159 0
8159 0
8159 0
8159 1.84
8159 0
8159 0
8159 0
8216 0
8216 0
8216 0
8216 0
8216 0
8216 0
8216 0
8216 0
8216 33.94
8216 0
8216 0
8216 0
8216 28.03
8216 0
8216 0
8216 0
8216 0
8216 0
8216 0
8216 0
8216 0
8216 0
8216 0
8216 0
8216 0
8216 0
8216 0
8216 0
8216 0
8216 0
8216 0
8216 0
8216 0
8216 0
8216 26.77
8216 0
8216 0
8216 0
8218 0
8218 0
8218 0
8218 0
8218 0
8218 0
8218 0
8218 0
8218 33.94
8218 0
8218 0
8218 0
8218 28.03
8218 0
8218 0
8218 0
8218 0
8218 0
8218 0
8218 0
8218 0
8218 0
8218 0
8218 0
8218 0
8218 0
8218 0
8218 0
8218 0
8218 0
8218 0
8218 0
8218 0
8218 0
8218 26.77
8218 0
8218 0
8218 0
8271 0
8271 0
8271 0
8271 0
8271 0
8271 0
8271 0
8271 0
8271 33.94
8271 0
8271 0
8271 0
8271 28.03
8271 0
8271 0
8271 0
8271 0
8271 0
8271 0
8271 0
8271 0
8271 0
8271 0
8271 0
8271 0
8271 0
8271 0
8271 0
8271 0
8271 0
8271 0
8271 0
8271 0
8271 0
8271 26.77
8271 0
8271 0
8271 0
8272 0
8272 0
8272 0
8272 0
8272 0
8272 0
8272 0
8272 0
8272 52.94
8272 0
8272 0
8272 0
8272 50.46
8272 0
8272 0
8272 0
8272 0
8272 0
8272 0
8272 0
8272 0
8272 0
8272 0
8272 0
8272 0
8272 0
8272 0
8272 0
8272 0
8272 0
8272 0
8272 0
8272 0
8272 0
8272 0.98
8272 0
8272 0
8272 0
8321 0
8321 0
8321 0
8321 0
8321 0
8321 0
8321 0
8321 0
8321 33.94
8321 0
8321 0
8321 0
8321 28.03
8321 0
8321 0
8321 0
8321 0
8321 0
8321 0
8321 0
8321 0
8321 0
8321 0
8321 0
8321 0
8321 0
8321 0
8321 0
8321 0
8321 0
8321 0
8321 0
8321 0
8321 0
8321 26.77
8321 0
8321 0
8321 0
8322 0
8322 0
8322 0
8322 0
8322 0
8322 0
8322 0
8322 0
8322 52.94
8322 0
8322 0
8322 0
8322 50.46
8322 0
8322 0
8322 0
8322 0
8322 0
8322 0
8322 0
8322 0
8322 0
8322 0
8322 0
8322 0
8322 0
8322 0
8322 0
8322 0
8322 0
8322 0
8322 0
8322 0
8322 0
8322 0.98
8322 0
8322 0
8322 0
8323 0
8323 0
8323 0
8323 0
8323 0
8323 0
8323 0
8323 0
8323 33.94
8323 0
8323 0
8323 0
8323 28.03
8323 0
8323 0
8323 0
8323 0
8323 0
8323 0
8323 0
8323 0
8323 0
8323 0
8323 0
8323 0
8323 0
8323 0
8323 0
8323 0
8323 0
8323 0
8323 0
8323 0
8323 0
8323 26.77
8323 0
8323 0
8323 0
8338 0
8338 0
8338 0
8338 0
8338 0
8338 0
8338 0
8338 0
8338 33.94
8338 0
8338 0
8338 0
8338 28.03
8338 0
8338 0
8338 0
8338 0
8338 0
8338 0
8338 0
8338 0
8338 0
8338 0
8338 0
8338 0
8338 0
8338 0
8338 0
8338 0
8338 0
8338 0
8338 0
8338 0
8338 0
8338 26.77
8338 0
8338 0
8338 0
8372 0
8372 0
8372 0
8372 0
8372 0
8372 0
8372 0
8372 0
8372 33.94
8372 0
8372 0
8372 0
8372 28.03
8372 0
8372 0
8372 0
8372 0
8372 0
8372 0
8372 0
8372 0
8372 0
8372 0
8372 0
8372 0
8372 0
8372 0
8372 0
8372 0
8372 0
8372 0
8372 0
8372 0
8372 0
8372 26.77
8372 0
8372 0
8372 0
8373 0
8373 0
8373 0
8373 0
8373 0
8373 0
8373 0
8373 0
8373 33.94
8373 0
8373 0
8373 0
8373 28.03
8373 0
8373 0
8373 0
8373 0
8373 0
8373 0
8373 0
8373 0
8373 0
8373 0
8373 0
8373 0
8373 0
8373 0
8373 0
8373 0
8373 0
8373 0
8373 0
8373 0
8373 0
8373 26.77
8373 0
8373 0
8373 0
8384 0
8384 0
8384 0
8384 0
8384 0
8384 0
8384 0
8384 0
8384 0
8384 0
8384 0
8384 0
8384 0
8384 0
8384 0
8384 0
8384 0
8384 0
8384 0
8384 0
8384 0
8384 0
8384 0
8384 0
8384 0
8384 0
8384 0
8384 0
8384 0
8384 0
8384 0
8384 0
8384 0
8384 0
8384 43.02
8384 0
8384 0
8384 0
8386 0
8386 0
8386 0
8386 0
8386 0
8386 0
8386 0
8386 0
8386 27.16
8386 0
8386 0
8386 0
8386 0
8386 0
8386 0
8386 0
8386 0
8386 0
8386 0
8386 0
8386 0
8386 0
8386 0
8386 0
8386 0
8386 0
8386 0
8386 0
8386 0
8386 0
8386 0
8386 0
8386 0
8386 0
8386 1.49
8386 0
8386 0
8386 0
8423 0
8423 0
8423 0
8423 0
8423 0
8423 0
8423 0
8423 0
8423 1.88
8423 0
8423 0
8423 0
8423 0
8423 0
8423 0
8423 0
8423 0
8423 0
8423 0
8423 0
8423 0
8423 0
8423 0
8423 0
8423 0
8423 0
8423 0
8423 0
8423 0
8423 0
8423 0
8423 0
8423 0
8423 0
8423 0.7
8423 0
8423 0
8423 0
8434 0
8434 0
8434 0
8434 0
8434 0
8434 0
8434 0
8434 0
8434 0
8434 0
8434 0
8434 0
8434 0
8434 0
8434 0
8434 0
8434 0
8434 0
8434 0
8434 0
8434 0
8434 0
8434 0
8434 0
8434 0
8434 0
8434 0
8434 0
8434 0
8434 0
8434 0
8434 0
8434 0
8434 0
8434 1.56
8434 0
8434 0
8434 0
8435 0
8435 0
8435 0
8435 0
8435 0
8435 0
8435 0
8435 0
8435 0
8435 0
8435 0
8435 0
8435 0
8435 0
8435 0
8435 0
8435 0
8435 0
8435 0
8435 0
8435 0
8435 0
8435 0
8435 0
8435 0
8435 0
8435 0
8435 0
8435 0
8435 0
8435 0
8435 0
8435 0
8435 0
8435 29.75
8435 0
8435 0
8435 0
8436 0
8436 0
8436 0
8436 0
8436 0
8436 0
8436 0
8436 0
8436 0
8436 0
8436 0
8436 0
8436 0
8436 0
8436 0
8436 0
8436 0
8436 0
8436 0
8436 0
8436 0
8436 0
8436 0
8436 0
8436 0
8436 0
8436 0
8436 0
8436 0
8436 0
8436 0
8436 0
8436 0
8436 0
8436 17.81
8436 0
8436 0
8436 0
8471 0
8471 0
8471 0
8471 0
8471 0
8471 0
8471 0
8471 0
8471 0
8471 0
8471 0
8471 0
8471 0
8471 0
8471 0
8471 0
8471 0
8471 0
8471 0
8471 0
8471 0
8471 0
8471 0
8471 0
8471 0
8471 0
8471 0
8471 0
8471 0
8471 0
8471 0
8471 0
8471 0
8471 0
8471 0.6
8471 0
8471 0
8471 0
8472 0
8472 0
8472 0
8472 0
8472 0
8472 0
8472 0
8472 0
8472 0
8472 0
8472 0
8472 0
8472 0
8472 0
8472 0
8472 0
8472 0
8472 0
8472 0
8472 0
8472 0
8472 0
8472 0
8472 0
8472 0
8472 0
8472 0
8472 0
8472 0
8472 0
8472 0
8472 0
8472 0
8472 0
8472 0.66
8472 0
8472 0
8472 0
8477 0
8477 0
8477 0
8477 0
8477 0
8477 0
8477 0
8477 0
8477 0
8477 0
8477 0
8477 0
8477 0
8477 0
8477 0
8477 0
8477 0
8477 0
8477 0
8477 0
8477 0
8477 0
8477 0
8477 0
8477 0
8477 0
8477 0
8477 0
8477 0
8477 0
8477 0
8477 0
8477 0
8477 0
8477 28.33
8477 0
8477 0
8477 0
8480 0
8480 0
8480 0
8480 0
8480 0
8480 0
8480 0
8480 0
8480 0
8480 0
8480 0
8480 0
8480 0
8480 0
8480 0
8480 0
8480 0
8480 0
8480 0
8480 0
8480 0
8480 0
8480 0
8480 0
8480 0
8480 0
8480 0
8480 0
8480 0
8480 0
8480 0
8480 0
8480 0
8480 0
8480 30.05
8480 0
8480 0
8480 0
8482 0
8482 0
8482 0
8482 0
8482 0
8482 0
8482 0
8482 0
8482 33.2
8482 0
8482 0
8482 0
8482 0
8482 0
8482 0
8482 0
8482 0
8482 0
8482 0
8482 0
8482 0
8482 0
8482 0
8482 0
8482 0
8482 0
8482 0
8482 0
8482 0
8482 0
8482 0
8482 0
8482 0
8482 0
8482 2.74
8482 0
8482 0
8482 0
8483 0
8483 0
8483 0
8483 0
8483 0
8483 0
8483 0
8483 0
8483 0
8483 0
8483 0
8483 0
8483 0
8483 0
8483 0
8483 0
8483 0
8483 0
8483 0
8483 0
8483 0
8483 0
8483 0
8483 0
8483 0
8483 0
8483 0
8483 0
8483 0
8483 0
8483 0
8483 0
8483 0
8483 0
8483 2.8
8483 0
8483 0
8483 0
8520 0
8520 0
8520 0
8520 0
8520 0
8520 0
8520 0
8520 0
8520 0
8520 0
8520 0
8520 0
8520 0
8520 0
8520 0
8520 0
8520 0
8520 0
8520 0
8520 0
8520 0
8520 0
8520 0
8520 0
8520 0
8520 0
8520 0
8520 0
8520 0
8520 0
8520 0
8520 0
8520 0
8520 0
8520 2.02
8520 0
8520 0
8520 0
8521 0
8521 0
8521 0
8521 0
8521 0
8521 0
8521 0
8521 0
8521 0
8521 0
8521 0
8521 0
8521 0
8521 0
8521 0
8521 0
8521 0
8521 0
8521 0
8521 0
8521 0
8521 0
8521 0
8521 0
8521 0
8521 0
8521 0
8521 0
8521 0
8521 0
8521 0
8521 0
8521 0
8521 0
8521 38.2
8521 0
8521 0
8521 0
8525 0
8525 0
8525 0
8525 0
8525 0
8525 0
8525 0
8525 0
8525 2.65
8525 0
8525 0
8525 0
8525 0
8525 0
8525 0
8525 0
8525 0
8525 0
8525 0
8525 0
8525 0
8525 0
8525 0
8525 0
8525 0
8525 0
8525 0
8525 0
8525 0
8525 0
8525 0
8525 0
8525 0
8525 0
8525 3.24
8525 0
8525 0
8525 0
8526 0
8526 0
8526 0
8526 0
8526 0
8526 0
8526 0
8526 0
8526 0
8526 0
8526 0
8526 0
8526 0
8526 0
8526 0
8526 0
8526 0
8526 0
8526 0
8526 0
8526 0
8526 0
8526 0
8526 0
8526 0
8526 0
8526 0
8526 0
8526 0
8526 0
8526 0
8526 0
8526 0
8526 0
8526 0.56
8526 0
8526 0
8526 0
8527 0
8527 0
8527 0
8527 0
8527 0
8527 0
8527 0
8527 0
8527 0
8527 0
8527 0
8527 0
8527 0
8527 0
8527 0
8527 0
8527 0
8527 0
8527 0
8527 0
8527 0
8527 0
8527 0
8527 0
8527 0
8527 0
8527 0
8527 0
8527 0
8527 0
8527 0
8527 0
8527 0
8527 0
8527 0.92
8527 0
8527 0
8527 0
8528 0
8528 0
8528 0
8528 0
8528 0
8528 0
8528 0
8528 0
8528 0
8528 0
8528 0
8528 0
8528 0
8528 0
8528 0
8528 0
8528 0
8528 0
8528 0
8528 0
8528 0
8528 0
8528 0
8528 0
8528 0
8528 0
8528 0
8528 0
8528 0
8528 0
8528 0
8528 0
8528 0
8528 0
8528 0.37
8528 0
8528 0
8528 0
8529 0
8529 0
8529 0
8529 0
8529 0
8529 0
8529 0
8529 0
8529 0
8529 0
8529 0
8529 0
8529 0
8529 0
8529 0
8529 0
8529 0
8529 0
8529 0
8529 0
8529 0
8529 0
8529 0
8529 0
8529 0
8529 0
8529 0
8529 0
8529 0
8529 0
8529 0
8529 0
8529 0
8529 0
8529 1.57
8529 0
8529 0
8529 0
8564 0
8564 0
8564 0
8564 0
8564 0
8564 0
8564 0
8564 0
8564 0
8564 0
8564 0
8564 0
8564 0
8564 0
8564 0
8564 0
8564 0
8564 0
8564 0
8564 0
8564 0
8564 0
8564 0
8564 0
8564 0
8564 0
8564 0
8564 0
8564 0
8564 0
8564 0
8564 0
8564 0
8564 0
8564 34.86
8564 0
8564 0
8564 0
8565 0
8565 0
8565 0
8565 0
8565 0
8565 0
8565 0
8565 0
8565 0
8565 0
8565 0
8565 0
8565 0
8565 0
8565 0
8565 0
8565 0
8565 0
8565 0
8565 0
8565 0
8565 0
8565 0
8565 0
8565 0
8565 0
8565 0
8565 0
8565 0
8565 0
8565 0
8565 0
8565 0
8565 0
8565 6.36
8565 0
8565 0
8565 0
8566 0
8566 0
8566 0
8566 0
8566 0
8566 0
8566 0
8566 0
8566 0
8566 0
8566 0
8566 0
8566 0
8566 0
8566 0
8566 0
8566 0
8566 0
8566 0
8566 0
8566 0
8566 0
8566 0
8566 0
8566 0
8566 0
8566 0
8566 0
8566 0
8566 0
8566 0
8566 0
8566 0
8566 0
8566 0.61
8566 0
8566 0
8566 0
8567 0
8567 0
8567 0
8567 0
8567 0
8567 0
8567 0
8567 0
8567 0
8567 0
8567 0
8567 0
8567 0
8567 0
8567 0
8567 0
8567 0
8567 0
8567 0
8567 0
8567 0
8567 0
8567 0
8567 0
8567 0
8567 0
8567 0
8567 0
8567 0
8567 0
8567 0
8567 0
8567 0
8567 0
8567 12.11
8567 0
8567 0
8567 0
8568 0
8568 0
8568 0
8568 0
8568 0
8568 0
8568 0
8568 0
8568 0
8568 0
8568 0
8568 0
8568 0
8568 0
8568 0
8568 0
8568 0
8568 0
8568 0
8568 0
8568 0
8568 0
8568 0
8568 0
8568 0
8568 0
8568 0
8568 0
8568 0
8568 0
8568 0
8568 0
8568 0
8568 0
8568 12.76
8568 0
8568 0
8568 0
8569 0
8569 0
8569 0
8569 0
8569 0
8569 0
8569 0
8569 0
8569 0
8569 0
8569 0
8569 0
8569 0
8569 0
8569 0
8569 0
8569 0
8569 0
8569 0
8569 0
8569 0
8569 0
8569 0
8569 0
8569 0
8569 0
8569 0
8569 0
8569 0
8569 0
8569 0
8569 0
8569 0
8569 0
8569 3.98
8569 0
8569 0
8569 0
8570 0
8570 0
8570 0
8570 0
8570 0
8570 0
8570 0
8570 0
8570 0
8570 0
8570 0
8570 0
8570 0
8570 0
8570 0
8570 0
8570 0
8570 0
8570 0
8570 0
8570 0
8570 0
8570 0
8570 0
8570 0
8570 0
8570 0
8570 0
8570 0
8570 0
8570 0
8570 0
8570 0
8570 0
8570 2.16
8570 0
8570 0
8570 0
8571 0
8571 0
8571 0
8571 0
8571 0
8571 0
8571 0
8571 0
8571 31.81
8571 0
8571 0
8571 0
8571 0
8571 0
8571 0
8571 0
8571 0
8571 0
8571 0
8571 0
8571 0
8571 0
8571 0
8571 0
8571 0
8571 0
8571 0
8571 0
8571 0
8571 0
8571 0
8571 0
8571 0
8571 0
8571 1.62
8571 0
8571 0
8571 0
8572 0
8572 0
8572 0
8572 0
8572 0
8572 0
8572 0
8572 0
8572 6.24
8572 0
8572 0
8572 0
8572 0
8572 0
8572 0
8572 0
8572 0
8572 0
8572 0
8572 0
8572 0
8572 0
8572 0
8572 0
8572 0
8572 0
8572 0
8572 0
8572 0
8572 0
8572 0
8572 0
8572 0
8572 0
8572 0.31
8572 0
8572 0
8572 0
8573 0
8573 0
8573 0
8573 0
8573 0
8573 0
8573 0
8573 0
8573 0
8573 0
8573 0
8573 0
8573 0
8573 0
8573 0
8573 0
8573 0
8573 0
8573 0
8573 0
8573 0
8573 0
8573 0
8573 0
8573 0
8573 0
8573 0
8573 0
8573 0
8573 0
8573 0
8573 0
8573 0
8573 0
8573 11.12
8573 0
8573 0
8573 0
8609 0
8609 0
8609 0
8609 0
8609 0
8609 0
8609 0
8609 0
8609 0
8609 0
8609 0
8609 0
8609 0
8609 0
8609 0
8609 0
8609 0
8609 0
8609 0
8609 0
8609 0
8609 0
8609 0
8609 0
8609 0
8609 0
8609 0
8609 0
8609 0
8609 0
8609 0
8609 0
8609 0
8609 0
8609 0.98
8609 0
8609 0
8609 0
8610 0
8610 0
8610 0
8610 0
8610 0
8610 0
8610 0
8610 0
8610 0
8610 0
8610 0
8610 0
8610 0
8610 0
8610 0
8610 0
8610 0
8610 0
8610 0
8610 0
8610 0
8610 0
8610 0
8610 0
8610 0
8610 0
8610 0
8610 0
8610 0
8610 0
8610 0
8610 0
8610 0
8610 0
8610 8.21
8610 0
8610 0
8610 0
8611 0
8611 0
8611 0
8611 0
8611 0
8611 0
8611 0
8611 0
8611 0
8611 0
8611 0
8611 0
8611 0
8611 0
8611 0
8611 0
8611 0
8611 0
8611 0
8611 0
8611 0
8611 0
8611 0
8611 0
8611 0
8611 0
8611 0
8611 0
8611 0
8611 0
8611 0
8611 0
8611 0
8611 0
8611 5.52
8611 0
8611 0
8611 0
8613 0
8613 0
8613 0
8613 0
8613 0
8613 0
8613 0
8613 0
8613 0
8613 0
8613 0
8613 0
8613 0
8613 0
8613 0
8613 0
8613 0
8613 0
8613 0
8613 0
8613 0
8613 0
8613 0
8613 0
8613 0
8613 0
8613 0
8613 0
8613 0
8613 0
8613 0
8613 0
8613 0
8613 0
8613 0.48
8613 0
8613 0
8613 0
8614 0
8614 0
8614 0
8614 0
8614 0
8614 0
8614 0
8614 0
8614 46.78
8614 0
8614 0
8614 0
8614 0
8614 0
8614 0
8614 0
8614 0
8614 0
8614 0
8614 0
8614 0
8614 0
8614 0
8614 0
8614 0
8614 0
8614 0
8614 0
8614 0
8614 0
8614 0
8614 0
8614 0
8614 0
8614 1.24
8614 0
8614 0
8614 0
8615 0
8615 0
8615 0
8615 0
8615 0
8615 0
8615 0
8615 0
8615 0
8615 0
8615 0
8615 0
8615 0
8615 0
8615 0
8615 0
8615 0
8615 0
8615 0
8615 0
8615 0
8615 0
8615 0
8615 0
8615 0
8615 0
8615 0
8615 0
8615 0
8615 0
8615 0
8615 0
8615 0
8615 0
8615 8.34
8615 0
8615 0
8615 0
8616 0
8616 0
8616 0
8616 0
8616 0
8616 0
8616 0
8616 0
8616 31.81
8616 0
8616 0
8616 0
8616 0
8616 0
8616 0
8616 0
8616 0
8616 0
8616 0
8616 0
8616 0
8616 0
8616 0
8616 0
8616 0
8616 0
8616 0
8616 0
8616 0
8616 0
8616 0
8616 0
8616 0
8616 0
8616 0.75
8616 0
8616 0
8616 0
8619 0
8619 0
8619 0
8619 0
8619 0
8619 0
8619 0
8619 0
8619 29.05
8619 0
8619 0
8619 0
8619 27.66
8619 0
8619 0
8619 0
8619 0
8619 0
8619 0
8619 0
8619 0
8619 0
8619 0
8619 0
8619 0
8619 0
8619 0
8619 0
8619 0
8619 0
8619 0
8619 0
8619 0
8619 0
8619 1.84
8619 0
8619 0
8619 0
8653 0
8653 0
8653 0
8653 0
8653 0
8653 0
8653 0
8653 0
8653 28.83
8653 0
8653 0
8653 0
8653 0
8653 0
8653 0
8653 0
8653 0
8653 0
8653 0
8653 0
8653 0
8653 0
8653 0
8653 0
8653 0
8653 0
8653 0
8653 0
8653 0
8653 0
8653 0
8653 0
8653 0
8653 0
8653 2.03
8653 0
8653 0
8653 0
8654 0
8654 0
8654 0
8654 0
8654 0
8654 0
8654 0
8654 0
8654 0
8654 0
8654 0
8654 0
8654 0
8654 0
8654 0
8654 0
8654 0
8654 0
8654 0
8654 0
8654 0
8654 0
8654 0
8654 0
8654 0
8654 0
8654 0
8654 0
8654 0
8654 0
8654 0
8654 0
8654 0
8654 0
8654 42.85
8654 0
8654 0
8654 0
8655 0
8655 0
8655 0
8655 0
8655 0
8655 0
8655 0
8655 0
8655 0
8655 0
8655 0
8655 0
8655 0
8655 0
8655 0
8655 0
8655 0
8655 0
8655 0
8655 0
8655 0
8655 0
8655 0
8655 0
8655 0
8655 0
8655 0
8655 0
8655 0
8655 0
8655 0
8655 0
8655 0
8655 0
8655 14.71
8655 0
8655 0
8655 0
8656 0
8656 0
8656 0
8656 0
8656 0
8656 0
8656 0
8656 0
8656 0
8656 0
8656 0
8656 0
8656 0
8656 0
8656 0
8656 0
8656 0
8656 0
8656 0
8656 0
8656 0
8656 0
8656 0
8656 0
8656 0
8656 0
8656 0
8656 0
8656 0
8656 0
8656 0
8656 0
8656 0
8656 0
8656 5.84
8656 0
8656 0
8656 0
8658 0
8658 0
8658 0
8658 0
8658 0
8658 0
8658 0
8658 0
8658 31.81
8658 0
8658 0
8658 0
8658 0
8658 0
8658 0
8658 0
8658 0
8658 0
8658 0
8658 0
8658 0
8658 0
8658 0
8658 0
8658 0
8658 0
8658 0
8658 0
8658 0
8658 0
8658 0
8658 0
8658 0
8658 0
8658 0.85
8658 0
8658 0
8658 0
8693 0
8693 0
8693 0
8693 0
8693 0
8693 0
8693 0
8693 0
8693 19.81
8693 0
8693 0
8693 0
8693 0
8693 0
8693 0
8693 0
8693 0
8693 0
8693 0
8693 0
8693 0
8693 0
8693 0
8693 0
8693 0
8693 0
8693 0
8693 0
8693 0
8693 0
8693 0
8693 0
8693 0
8693 0
8693 1.08
8693 0
8693 0
8693 0
8694 0
8694 0
8694 0
8694 0
8694 0
8694 0
8694 0
8694 0
8694 27.16
8694 0
8694 0
8694 0
8694 0
8694 0
8694 0
8694 0
8694 0
8694 0
8694 0
8694 0
8694 0
8694 0
8694 0
8694 0
8694 0
8694 0
8694 0
8694 0
8694 0
8694 0
8694 0
8694 0
8694 0
8694 0
8694 0.52
8694 0
8694 0
8694 0
8695 0
8695 0
8695 0
8695 0
8695 0
8695 0
8695 0
8695 0
8695 1.64
8695 0
8695 0
8695 0
8695 0
8695 0
8695 0
8695 0
8695 0
8695 0
8695 0
8695 0
8695 0
8695 0
8695 0
8695 0
8695 0
8695 0
8695 0
8695 0
8695 0
8695 0
8695 0
8695 0
8695 0
8695 0
8695 0.52
8695 0
8695 0
8695 0
8731 0
8731 0
8731 0
8731 0
8731 0
8731 0
8731 0
8731 0
8731 28.83
8731 0
8731 0
8731 0
8731 0
8731 0
8731 0
8731 0
8731 0
8731 0
8731 0
8731 0
8731 0
8731 0
8731 0
8731 0
8731 0
8731 0
8731 0
8731 0
8731 0
8731 0
8731 0
8731 0
8731 0
8731 0
8731 38.76
8731 0
8731 0
8731 0
8732 0
8732 0
8732 0
8732 0
8732 0
8732 0
8732 0
8732 0
8732 0
8732 0
8732 0
8732 0
8732 0
8732 0
8732 0
8732 0
8732 0
8732 0
8732 0
8732 0
8732 0
8732 0
8732 0
8732 0
8732 0
8732 0
8732 0
8732 0
8732 0
8732 0
8732 0
8732 0
8732 0
8732 0
8732 4.63
8732 0
8732 0
8732 0
8733 0
8733 0
8733 0
8733 0
8733 0
8733 0
8733 0
8733 0
8733 42.03
8733 0
8733 0
8733 0
8733 0
8733 0
8733 0
8733 0
8733 0
8733 0
8733 0
8733 0
8733 0
8733 0
8733 0
8733 0
8733 0
8733 0
8733 0
8733 0
8733 0
8733 0
8733 0
8733 0
8733 0
8733 0
8733 29.2
8733 0
8733 0
8733 0
8734 0
8734 0
8734 0
8734 0
8734 0
8734 0
8734 0
8734 0
8734 0
8734 0
8734 0
8734 0
8734 0
8734 0
8734 0
8734 0
8734 0
8734 0
8734 0
8734 0
8734 0
8734 0
8734 0
8734 0
8734 0
8734 0
8734 0
8734 0
8734 0
8734 0
8734 0
8734 0
8734 0
8734 0
8734 28.43
8734 0
8734 0
8734 0
8737 0
8737 0
8737 0
8737 0
8737 0
8737 0
8737 0
8737 0
8737 0
8737 0
8737 0
8737 0
8737 0
8737 0
8737 0
8737 0
8737 0
8737 0
8737 0
8737 0
8737 0
8737 0
8737 0
8737 0
8737 0
8737 0
8737 0
8737 0
8737 0
8737 0
8737 0
8737 0
8737 0
8737 0
8737 1.47
8737 0
8737 0
8737 0
8738 0
8738 0
8738 0
8738 0
8738 0
8738 0
8738 0
8738 0
8738 33.94
8738 0
8738 0
8738 0
8738 28.03
8738 0
8738 0
8738 0
8738 0
8738 0
8738 0
8738 0
8738 0
8738 0
8738 0
8738 0
8738 0
8738 0
8738 0
8738 0
8738 0
8738 0
8738 0
8738 0
8738 0
8738 0
8738 26.77
8738 0
8738 0
8738 0
8767 0
8767 0
8767 0
8767 0
8767 0
8767 0
8767 0
8767 0
8767 36.01
8767 0
8767 0
8767 0
8767 0
8767 0
8767 0
8767 0
8767 0
8767 0
8767 0
8767 0
8767 0
8767 0
8767 0
8767 0
8767 0
8767 0
8767 0
8767 0
8767 0
8767 0
8767 0
8767 0
8767 0
8767 0
8767 0.45
8767 0
8767 0
8767 0
8768 0
8768 0
8768 0
8768 0
8768 0
8768 0
8768 0
8768 0
8768 25.38
8768 0
8768 0
8768 0
8768 0
8768 0
8768 0
8768 0
8768 0
8768 0
8768 0
8768 0
8768 0
8768 0
8768 0
8768 0
8768 0
8768 0
8768 0
8768 0
8768 0
8768 0
8768 0
8768 0
8768 0
8768 0
8768 2.97
8768 0
8768 0
8768 0
8769 0
8769 0
8769 0
8769 0
8769 0
8769 0
8769 0
8769 0
8769 0
8769 0
8769 0
8769 0
8769 0
8769 0
8769 0
8769 0
8769 0
8769 0
8769 0
8769 0
8769 0
8769 0
8769 0
8769 0
8769 0
8769 0
8769 0
8769 0
8769 0
8769 0
8769 0
8769 0
8769 0
8769 0
8769 34.79
8769 0
8769 0
8769 0
8772 0
8772 0
8772 0
8772 0
8772 0
8772 0
8772 0
8772 0
8772 39.98
8772 0
8772 0
8772 0
8772 0
8772 0
8772 0
8772 0
8772 0
8772 0
8772 0
8772 0
8772 0
8772 0
8772 0
8772 0
8772 0
8772 0
8772 0
8772 0
8772 0
8772 0
8772 0
8772 0
8772 0
8772 0
8772 34.3
8772 0
8772 0
8772 0
8776 0
8776 0
8776 0
8776 0
8776 0
8776 0
8776 0
8776 0
8776 33.94
8776 0
8776 0
8776 0
8776 28.03
8776 0
8776 0
8776 0
8776 0
8776 0
8776 0
8776 0
8776 0
8776 0
8776 0
8776 0
8776 0
8776 0
8776 0
8776 0
8776 0
8776 0
8776 0
8776 0
8776 0
8776 0
8776 26.77
8776 0
8776 0
8776 0
8804 0
8804 0
8804 0
8804 0
8804 0
8804 0
8804 0
8804 0
8804 0
8804 0
8804 0
8804 0
8804 0
8804 0
8804 0
8804 0
8804 0
8804 0
8804 0
8804 0
8804 0
8804 0
8804 0
8804 0
8804 0
8804 0
8804 0
8804 0
8804 0
8804 0
8804 0
8804 0
8804 0
8804 0
8804 3.97
8804 0
8804 0
8804 0
8806 0
8806 0
8806 0
8806 0
8806 0
8806 0
8806 0
8806 0
8806 1.07
8806 0
8806 0
8806 0
8806 0
8806 0
8806 0
8806 0
8806 0
8806 0
8806 0
8806 0
8806 0
8806 0
8806 0
8806 0
8806 0
8806 0
8806 0
8806 0
8806 0
8806 0
8806 0
8806 0
8806 0
8806 0
8806 4.13
8806 0
8806 0
8806 0
8807 0
8807 0
8807 0
8807 0
8807 0
8807 0
8807 0
8807 0
8807 18.43
8807 0
8807 0
8807 0
8807 0
8807 0
8807 0
8807 0
8807 0
8807 0
8807 0
8807 0
8807 0
8807 0
8807 0
8807 0
8807 0
8807 0
8807 0
8807 0
8807 0
8807 0
8807 0
8807 0
8807 0
8807 0
8807 10.59
8807 0
8807 0
8807 0
8810 0
8810 0
8810 0
8810 0
8810 0
8810 0
8810 0
8810 0
8810 0
8810 0
8810 0
8810 0
8810 0
8810 0
8810 0
8810 0
8810 0
8810 0
8810 0
8810 0
8810 0
8810 0
8810 0
8810 0
8810 0
8810 0
8810 0
8810 0
8810 0
8810 0
8810 0
8810 0
8810 0
8810 0
8810 1.56
8810 0
8810 0
8810 0
8816 0
8816 0
8816 0
8816 0
8816 0
8816 0
8816 0
8816 0
8816 33.94
8816 0
8816 0
8816 0
8816 28.03
8816 0
8816 0
8816 0
8816 0
8816 0
8816 0
8816 0
8816 0
8816 0
8816 0
8816 0
8816 0
8816 0
8816 0
8816 0
8816 0
8816 0
8816 0
8816 0
8816 0
8816 0
8816 0.98
8816 0
8816 0
8816 0
8844 0
8844 0
8844 0
8844 0
8844 0
8844 0
8844 0
8844 0
8844 0
8844 0
8844 0
8844 0
8844 0
8844 0
8844 0
8844 0
8844 0
8844 0
8844 0
8844 0
8844 0
8844 0
8844 0
8844 0
8844 0
8844 0
8844 0
8844 0
8844 0
8844 0
8844 0
8844 0
8844 0
8844 0
8844 2.79
8844 0
8844 0
8844 0
8845 0
8845 0
8845 0
8845 0
8845 0
8845 0
8845 0
8845 0
8845 4.38
8845 0
8845 0
8845 0
8845 0
8845 0
8845 0
8845 0
8845 0
8845 0
8845 0
8845 0
8845 0
8845 0
8845 0
8845 0
8845 0
8845 0
8845 0
8845 0
8845 0
8845 0
8845 0
8845 0
8845 0
8845 0
8845 0.72
8845 0
8845 0
8845 0
8846 0
8846 0
8846 0
8846 0
8846 0
8846 0
8846 0
8846 0
8846 25.38
8846 0
8846 0
8846 0
8846 0
8846 0
8846 0
8846 0
8846 0
8846 0
8846 0
8846 0
8846 0
8846 0
8846 0
8846 0
8846 0
8846 0
8846 0
8846 0
8846 0
8846 0
8846 0
8846 0
8846 0
8846 0
8846 29.71
8846 0
8846 0
8846 0
8847 0
8847 0
8847 0
8847 0
8847 0
8847 0
8847 0
8847 0
8847 0
8847 0
8847 0
8847 0
8847 0
8847 0
8847 0
8847 0
8847 0
8847 0
8847 0
8847 0
8847 0
8847 0
8847 0
8847 0
8847 0
8847 0
8847 0
8847 0
8847 0
8847 0
8847 0
8847 0
8847 0
8847 0
8847 0.3
8847 0
8847 0
8847 0
8848 0
8848 0
8848 0
8848 0
8848 0
8848 0
8848 0
8848 0
8848 0
8848 0
8848 0
8848 0
8848 0
8848 0
8848 0
8848 0
8848 0
8848 0
8848 0
8848 0
8848 0
8848 0
8848 0
8848 0
8848 0
8848 0
8848 0
8848 0
8848 0
8848 0
8848 0
8848 0
8848 0
8848 0
8848 39.41
8848 0
8848 0
8848 0
8850 0
8850 0
8850 0
8850 0
8850 0
8850 0
8850 0
8850 0
8850 37.98
8850 0
8850 0
8850 0
8850 0
8850 0
8850 0
8850 0
8850 0
8850 0
8850 0
8850 0
8850 0
8850 0
8850 0
8850 0
8850 0
8850 0
8850 0
8850 0
8850 0
8850 0
8850 0
8850 0
8850 0
8850 0
8850 32.55
8850 0
8850 0
8850 0
8878 0
8878 0
8878 0
8878 0
8878 0
8878 0
8878 0
8878 0
8878 0
8878 0
8878 0
8878 0
8878 0
8878 0
8878 0
8878 0
8878 0
8878 0
8878 0
8878 0
8878 0
8878 0
8878 0
8878 0
8878 0
8878 0
8878 0
8878 0
8878 0
8878 0
8878 0
8878 0
8878 0
8878 0
8878 0.85
8878 0
8878 0
8878 0
8880 0
8880 0
8880 0
8880 0
8880 0
8880 0
8880 0
8880 0
8880 28.83
8880 0
8880 0
8880 0
8880 0
8880 0
8880 0
8880 0
8880 0
8880 0
8880 0
8880 0
8880 0
8880 0
8880 0
8880 0
8880 0
8880 0
8880 0
8880 0
8880 0
8880 0
8880 0
8880 0
8880 0
8880 0
8880 2.03
8880 0
8880 0
8880 0
8881 0
8881 0
8881 0
8881 0
8881 0
8881 0
8881 0
8881 0
8881 25.38
8881 0
8881 0
8881 0
8881 0
8881 0
8881 0
8881 0
8881 0
8881 0
8881 0
8881 0
8881 0
8881 0
8881 0
8881 0
8881 0
8881 0
8881 0
8881 0
8881 0
8881 0
8881 0
8881 0
8881 0
8881 0
8881 1.17
8881 0
8881 0
8881 0
8882 0
8882 0
8882 0
8882 0
8882 0
8882 0
8882 0
8882 0
8882 0
8882 0
8882 0
8882 0
8882 0
8882 0
8882 0
8882 0
8882 0
8882 0
8882 0
8882 0
8882 0
8882 0
8882 0
8882 0
8882 0
8882 0
8882 0
8882 0
8882 0
8882 0
8882 0
8882 0
8882 0
8882 0
8882 40.46
8882 0
8882 0
8882 0
8912 0
8912 0
8912 0
8912 0
8912 0
8912 0
8912 0
8912 0
8912 0
8912 0
8912 0
8912 0
8912 0
8912 0
8912 0
8912 0
8912 0
8912 0
8912 0
8912 0
8912 0
8912 0
8912 0
8912 0
8912 0
8912 0
8912 0
8912 0
8912 0
8912 0
8912 0
8912 0
8912 0
8912 0
8912 1.56
8912 0
8912 0
8912 0
8913 0
8913 0
8913 0
8913 0
8913 0
8913 0
8913 0
8913 0
8913 0
8913 0
8913 0
8913 0
8913 0
8913 0
8913 0
8913 0
8913 0
8913 0
8913 0
8913 0
8913 0
8913 0
8913 0
8913 0
8913 0
8913 0
8913 0
8913 0
8913 0
8913 0
8913 0
8913 0
8913 0
8913 0
8913 1.58
8913 0
8913 0
8913 0
8914 0
8914 0
8914 0
8914 0
8914 0
8914 0
8914 0
8914 0
8914 1.9
8914 0
8914 0
8914 0
8914 0
8914 0
8914 0
8914 0
8914 0
8914 0
8914 0
8914 0
8914 0
8914 0
8914 0
8914 0
8914 0
8914 0
8914 0
8914 0
8914 0
8914 0
8914 0
8914 0
8914 0
8914 0
8914 0.68
8914 0
8914 0
8914 0
8915 0
8915 0
8915 0
8915 0
8915 0
8915 0
8915 0
8915 0
8915 42.03
8915 0
8915 0
8915 0
8915 0
8915 0
8915 0
8915 0
8915 0
8915 0
8915 0
8915 0
8915 0
8915 0
8915 0
8915 0
8915 0
8915 0
8915 0
8915 0
8915 0
8915 0
8915 0
8915 0
8915 0
8915 0
8915 0.65
8915 0
8915 0
8915 0
8946 0
8946 0
8946 0
8946 0
8946 0
8946 0
8946 0
8946 0
8946 0
8946 0
8946 0
8946 0
8946 0
8946 0
8946 0
8946 0
8946 0
8946 0
8946 0
8946 0
8946 0
8946 0
8946 0
8946 0
8946 0
8946 0
8946 0
8946 0
8946 0
8946 0
8946 0
8946 0
8946 0
8946 0
8946 19.53
8946 0
8946 0
8946 0
8947 0
8947 0
8947 0
8947 0
8947 0
8947 0
8947 0
8947 0
8947 0
8947 0
8947 0
8947 0
8947 0
8947 0
8947 0
8947 0
8947 0
8947 0
8947 0
8947 0
8947 0
8947 0
8947 0
8947 0
8947 0
8947 0
8947 0
8947 0
8947 0
8947 0
8947 0
8947 0
8947 0
8947 0
8947 1.2
8947 0
8947 0
8947 0
8978 0
8978 0
8978 0
8978 0
8978 0
8978 0
8978 0
8978 0
8978 0
8978 0
8978 0
8978 0
8978 0
8978 0
8978 0
8978 0
8978 0
8978 0
8978 0
8978 0
8978 0
8978 0
8978 0
8978 0
8978 0
8978 0
8978 0
8978 0
8978 0
8978 0
8978 0
8978 0
8978 0
8978 0
8978 1.22
8978 0
8978 0
8978 0
9009 0
9009 0
9009 0
9009 0
9009 0
9009 0
9009 0
9009 0
9009 0
9009 0
9009 0
9009 0
9009 0
9009 0
9009 0
9009 0
9009 0
9009 0
9009 0
9009 0
9009 0
9009 0
9009 0
9009 0
9009 0
9009 0
9009 0
9009 0
9009 0
9009 0
9009 0
9009 0
9009 0
9009 0
9009 19.53
9009 0
9009 0
9009 0
9038 0
9038 0
9038 0
9038 0
9038 0
9038 0
9038 0
9038 0
9038 0
9038 0
9038 0
9038 0
9038 0
9038 0
9038 0
9038 0
9038 0
9038 0
9038 0
9038 0
9038 0
9038 0
9038 0
9038 0
9038 0
9038 0
9038 0
9038 0
9038 0
9038 0
9038 0
9038 0
9038 0
9038 0
9038 19.53
9038 0
9038 0
9038 0
9039 0
9039 0
9039 0
9039 0
9039 0
9039 0
9039 0
9039 0
9039 0
9039 0
9039 0
9039 0
9039 0
9039 0
9039 0
9039 0
9039 0
9039 0
9039 0
9039 0
9039 0
9039 0
9039 0
9039 0
9039 0
9039 0
9039 0
9039 0
9039 0
9039 0
9039 0
9039 0
9039 0
9039 0
9039 19.53
9039 0
9039 0
9039 0
9065 0
9065 0
9065 0
9065 0
9065 0
9065 0
9065 0
9065 0
9065 0
9065 0
9065 0
9065 0
9065 0
9065 0
9065 0
9065 0
9065 0
9065 0
9065 0
9065 0
9065 0
9065 0
9065 0
9065 0
9065 0
9065 0
9065 0
9065 0
9065 0
9065 0
9065 0
9065 0
9065 0
9065 0
9065 19.53
9065 0
9065 0
9065 0
9066 0
9066 0
9066 0
9066 0
9066 0
9066 0
9066 0
9066 0
9066 0
9066 0
9066 0
9066 0
9066 0
9066 0
9066 0
9066 0
9066 0
9066 0
9066 0
9066 0
9066 0
9066 0
9066 0
9066 0
9066 0
9066 0
9066 0
9066 0
9066 0
9066 0
9066 0
9066 0
9066 0
9066 0
9066 24.7
9066 0
9066 0
9066 0
9093 0
9093 0
9093 0
9093 0
9093 0
9093 0
9093 0
9093 0
9093 0
9093 0
9093 0
9093 0
9093 0
9093 0
9093 0
9093 0
9093 0
9093 0
9093 0
9093 0
9093 0
9093 0
9093 0
9093 0
9093 0
9093 0
9093 0
9093 0
9093 0
9093 0
9093 0
9093 0
9093 0
9093 0
9093 19.53
9093 0
9093 0
9093 0
9118 0
9118 0
9118 0
9118 0
9118 0
9118 0
9118 0
9118 0
9118 0
9118 0
9118 0
9118 0
9118 0
9118 0
9118 0
9118 0
9118 0
9118 0
9118 0
9118 0
9118 0
9118 0
9118 0
9118 0
9118 0
9118 0
9118 0
9118 0
9118 0
9118 0
9118 0
9118 0
9118 0
9118 0
9118 24.7
9118 0
9118 0
9118 0
9145 0
9145 0
9145 0
9145 0
9145 0
9145 0
9145 0
9145 0
9145 0
9145 0
9145 0
9145 0
9145 0
9145 0
9145 0
9145 0
9145 0
9145 0
9145 0
9145 0
9145 0
9145 0
9145 0
9145 0
9145 0
9145 0
9145 0
9145 0
9145 0
9145 0
9145 0
9145 0
9145 0
9145 0
9145 19.53
9145 0
9145 0
9145 0
9146 0
9146 0
9146 0
9146 0
9146 0
9146 0
9146 0
9146 0
9146 0
9146 0
9146 0
9146 0
9146 0
9146 0
9146 0
9146 0
9146 0
9146 0
9146 0
9146 0
9146 0
9146 0
9146 0
9146 0
9146 0
9146 0
9146 0
9146 0
9146 0
9146 0
9146 0
9146 0
9146 0
9146 0
9146 19.53
9146 0
9146 0
9146 0
