pt_graph cpue_kghour
7086 0
7086 0
7086 0
7086 1206
7086 0
7086 0
7086 1322
7086 0
7086 0
7086 0
7086 0
7086 0
7086 0
7086 12
7086 0
7086 0
7086 0
7086 0
7086 0
7086 0
7086 0
7086 0
7086 0
7086 0
7086 0
7086 0
7086 0
7086 0
7086 0
7086 0
7086 0
7086 0
7086 0
7086 0
7086 0
7086 0
7086 0
7086 0
7155 0
7155 0
7155 0
7155 1206
7155 0
7155 0
7155 1322
7155 0
7155 0
7155 0
7155 0
7155 0
7155 0
7155 12
7155 0
7155 0
7155 0
7155 0
7155 0
7155 0
7155 0
7155 0
7155 0
7155 0
7155 0
7155 0
7155 0
7155 0
7155 0
7155 0
7155 0
7155 0
7155 0
7155 0
7155 0
7155 0
7155 0
7155 0
7156 0
7156 0
7156 0
7156 1167
7156 0
7156 0
7156 1280
7156 0
7156 0
7156 0
7156 0
7156 0
7156 0
7156 12
7156 0
7156 0
7156 0
7156 0
7156 0
7156 0
7156 0
7156 0
7156 0
7156 0
7156 0
7156 0
7156 0
7156 0
7156 0
7156 0
7156 0
7156 0
7156 0
7156 0
7156 0
7156 0
7156 0
7156 0
7157 0
7157 77
7157 0
7157 0
7157 0
7157 0
7157 0
7157 0
7157 0
7157 0
7157 0
7157 0
7157 0
7157 0
7157 0
7157 0
7157 0
7157 0
7157 0
7157 0
7157 0
7157 0
7157 0
7157 0
7157 0
7157 0
7157 0
7157 0
7157 0
7157 0
7157 3
7157 0
7157 0
7157 0
7157 0
7157 0
7157 0
7157 0
7220 0
7220 0
7220 0
7220 1206
7220 0
7220 0
7220 1322
7220 0
7220 0
7220 0
7220 0
7220 0
7220 0
7220 12
7220 0
7220 0
7220 0
7220 0
7220 0
7220 0
7220 0
7220 0
7220 0
7220 0
7220 0
7220 0
7220 0
7220 0
7220 0
7220 0
7220 0
7220 0
7220 0
7220 0
7220 0
7220 0
7220 0
7220 0
7221 0
7221 42
7221 0
7221 451
7221 0
7221 0
7221 495
7221 0
7221 0
7221 0
7221 0
7221 0
7221 0
7221 4
7221 0
7221 0
7221 0
7221 0
7221 0
7221 0
7221 0
7221 0
7221 0
7221 0
7221 0
7221 0
7221 0
7221 0
7221 0
7221 0
7221 5
7221 0
7221 0
7221 0
7221 0
7221 0
7221 0
7221 0
7222 0
7222 62
7222 0
7222 0
7222 0
7222 0
7222 0
7222 0
7222 0
7222 0
7222 0
7222 0
7222 0
7222 0
7222 0
7222 0
7222 0
7222 0
7222 0
7222 0
7222 0
7222 0
7222 0
7222 0
7222 0
7222 0
7222 0
7222 1
7222 0
7222 0
7222 5
7222 0
7222 0
7222 0
7222 0
7222 0
7222 0
7222 0
7287 0
7287 16
7287 0
7287 812
7287 0
7287 0
7287 891
7287 0
7287 0
7287 0
7287 0
7287 0
7287 0
7287 8
7287 0
7287 0
7287 0
7287 0
7287 0
7287 0
7287 0
7287 0
7287 0
7287 0
7287 0
7287 0
7287 0
7287 0
7287 0
7287 0
7287 2
7287 0
7287 0
7287 0
7287 0
7287 0
7287 0
7287 0
7288 0
7288 59
7288 0
7288 0
7288 0
7288 0
7288 0
7288 0
7288 0
7288 0
7288 0
7288 0
7288 0
7288 0
7288 0
7288 0
7288 0
7288 0
7288 0
7288 0
7288 0
7288 0
7288 0
7288 0
7288 0
7288 0
7288 0
7288 1
7288 0
7288 0
7288 5
7288 0
7288 0
7288 0
7288 0
7288 0
7288 0
7288 0
7356 0
7356 71
7356 0
7356 0
7356 0
7356 0
7356 0
7356 0
7356 0
7356 0
7356 0
7356 0
7356 0
7356 0
7356 0
7356 0
7356 0
7356 0
7356 0
7356 0
7356 0
7356 0
7356 0
7356 0
7356 0
7356 0
7356 0
7356 1
7356 0
7356 0
7356 8
7356 0
7356 0
7356 0
7356 0
7356 0
7356 0
7356 0
7357 0
7357 49
7357 0
7357 0
7357 0
7357 0
7357 0
7357 0
7357 0
7357 1
7357 0
7357 0
7357 0
7357 0
7357 0
7357 0
7357 0
7357 0
7357 0
7357 0
7357 0
7357 0
7357 0
7357 0
7357 0
7357 0
7357 0
7357 1
7357 0
7357 0
7357 1
7357 0
7357 0
7357 0
7357 0
7357 0
7357 0
7357 0
7363 0
7363 0
7363 0
7363 0
7363 0
7363 0
7363 0
7363 0
7363 0
7363 0
7363 0
7363 0
7363 0
7363 0
7363 0
7363 0
7363 0
7363 0
7363 0
7363 0
7363 0
7363 0
7363 0
7363 0
7363 0
7363 0
7363 0
7363 0
7363 0
7363 0
7363 0
7363 0
7363 0
7363 0
7363 0
7363 0
7363 0
7363 0
7422 0
7422 0
7422 0
7422 3488
7422 0
7422 0
7422 3826
7422 0
7422 0
7422 0
7422 0
7422 0
7422 0
7422 35
7422 0
7422 0
7422 0
7422 0
7422 0
7422 0
7422 0
7422 0
7422 0
7422 0
7422 0
7422 0
7422 0
7422 0
7422 0
7422 0
7422 0
7422 0
7422 0
7422 0
7422 0
7422 0
7422 0
7422 0
7424 0
7424 67
7424 0
7424 0
7424 0
7424 0
7424 0
7424 0
7424 0
7424 0
7424 0
7424 0
7424 0
7424 0
7424 0
7424 0
7424 0
7424 0
7424 0
7424 0
7424 0
7424 0
7424 0
7424 0
7424 0
7424 0
7424 0
7424 2
7424 0
7424 0
7424 21
7424 0
7424 0
7424 0
7424 0
7424 0
7424 0
7424 0
7425 0
7425 86
7425 0
7425 0
7425 0
7425 0
7425 0
7425 0
7425 0
7425 0
7425 0
7425 0
7425 0
7425 0
7425 0
7425 0
7425 0
7425 0
7425 0
7425 0
7425 0
7425 0
7425 0
7425 0
7425 0
7425 0
7425 0
7425 2
7425 0
7425 0
7425 10
7425 0
7425 0
7425 0
7425 0
7425 0
7425 0
7425 0
7427 0
7427 92
7427 0
7427 0
7427 0
7427 0
7427 0
7427 0
7427 0
7427 0
7427 0
7427 0
7427 0
7427 0
7427 0
7427 0
7427 0
7427 0
7427 0
7427 0
7427 0
7427 0
7427 0
7427 0
7427 0
7427 0
7427 0
7427 1
7427 0
7427 0
7427 1
7427 0
7427 0
7427 0
7427 0
7427 0
7427 0
7427 0
7430 0
7430 0
7430 0
7430 0
7430 0
7430 0
7430 0
7430 0
7430 0
7430 0
7430 0
7430 0
7430 0
7430 0
7430 0
7430 0
7430 0
7430 0
7430 0
7430 0
7430 0
7430 0
7430 0
7430 0
7430 0
7430 0
7430 0
7430 0
7430 0
7430 0
7430 0
7430 0
7430 0
7430 0
7430 0
7430 0
7430 0
7430 0
7562 0
7562 52
7562 0
7562 0
7562 0
7562 0
7562 0
7562 0
7562 0
7562 0
7562 0
7562 0
7562 0
7562 0
7562 0
7562 0
7562 0
7562 0
7562 0
7562 0
7562 0
7562 0
7562 0
7562 0
7562 0
7562 0
7562 0
7562 2
7562 0
7562 0
7562 10
7562 0
7562 0
7562 0
7562 0
7562 0
7562 0
7562 0
7566 0
7566 36
7566 0
7566 0
7566 0
7566 0
7566 0
7566 0
7566 0
7566 2
7566 0
7566 0
7566 0
7566 0
7566 0
7566 0
7566 0
7566 0
7566 0
7566 0
7566 0
7566 0
7566 0
7566 0
7566 0
7566 0
7566 0
7566 1
7566 0
7566 0
7566 0
7566 0
7566 0
7566 0
7566 0
7566 0
7566 0
7566 0
7636 0
7636 46
7636 0
7636 0
7636 0
7636 0
7636 0
7636 0
7636 0
7636 1
7636 0
7636 0
7636 0
7636 0
7636 0
7636 0
7636 0
7636 0
7636 0
7636 0
7636 0
7636 0
7636 0
7636 0
7636 0
7636 0
7636 0
7636 6
7636 0
7636 0
7636 8
7636 0
7636 0
7636 0
7636 0
7636 0
7636 0
7636 0
7637 0
7637 36
7637 0
7637 0
7637 0
7637 0
7637 0
7637 0
7637 0
7637 0
7637 0
7637 0
7637 0
7637 0
7637 0
7637 0
7637 0
7637 0
7637 0
7637 0
7637 0
7637 0
7637 0
7637 0
7637 0
7637 0
7637 0
7637 8
7637 0
7637 0
7637 5
7637 0
7637 0
7637 0
7637 0
7637 0
7637 0
7637 0
7640 0
7640 73
7640 0
7640 0
7640 0
7640 0
7640 0
7640 0
7640 0
7640 4
7640 0
7640 0
7640 0
7640 0
7640 0
7640 0
7640 0
7640 0
7640 0
7640 0
7640 0
7640 0
7640 0
7640 0
7640 0
7640 0
7640 0
7640 1
7640 0
7640 0
7640 0
7640 0
7640 0
7640 0
7640 0
7640 0
7640 0
7640 0
7708 0
7708 40
7708 0
7708 0
7708 0
7708 0
7708 0
7708 0
7708 0
7708 1
7708 0
7708 0
7708 0
7708 0
7708 0
7708 0
7708 0
7708 0
7708 0
7708 0
7708 0
7708 0
7708 0
7708 0
7708 0
7708 0
7708 0
7708 9
7708 0
7708 0
7708 5
7708 0
7708 0
7708 0
7708 0
7708 0
7708 0
7708 0
7709 0
7709 38
7709 0
7709 0
7709 0
7709 0
7709 0
7709 0
7709 0
7709 0
7709 0
7709 0
7709 0
7709 0
7709 0
7709 0
7709 0
7709 0
7709 0
7709 0
7709 0
7709 0
7709 0
7709 0
7709 0
7709 0
7709 0
7709 8
7709 0
7709 0
7709 5
7709 0
7709 0
7709 0
7709 0
7709 0
7709 0
7709 0
7782 0
7782 40
7782 0
7782 0
7782 0
7782 0
7782 0
7782 0
7782 0
7782 1
7782 0
7782 0
7782 0
7782 0
7782 0
7782 0
7782 0
7782 0
7782 0
7782 0
7782 0
7782 0
7782 0
7782 0
7782 0
7782 0
7782 0
7782 9
7782 0
7782 0
7782 5
7782 0
7782 0
7782 0
7782 0
7782 0
7782 0
7782 0
7783 0
7783 33
7783 0
7783 0
7783 0
7783 0
7783 0
7783 0
7783 0
7783 0
7783 0
7783 0
7783 0
7783 0
7783 0
7783 0
7783 0
7783 0
7783 0
7783 0
7783 0
7783 0
7783 0
7783 0
7783 0
7783 0
7783 0
7783 8
7783 0
7783 0
7783 6
7783 0
7783 0
7783 0
7783 0
7783 0
7783 0
7783 0
