pt_graph cpue_kghour
9494 0
9494 0
9494 0
9494 0
9494 0
9494 0
9494 0
9494 0
9494 0
9494 0
9494 0
9494 0
9494 0
9494 0
9494 0
9494 0
9494 0
9494 0
9494 0
9494 0
9494 0
9494 0
9494 1
9494 0
9494 0
9494 0
9494 1
9494 0
9494 0
9494 41
9494 0
9494 0
9494 0
9494 0
9494 0
9494 0
9494 0
9494 0
9495 0
9495 0
9495 0
9495 0
9495 0
9495 0
9495 0
9495 0
9495 0
9495 0
9495 0
9495 0
9495 0
9495 0
9495 0
9495 0
9495 0
9495 0
9495 0
9495 0
9495 0
9495 0
9495 0
9495 0
9495 0
9495 0
9495 2
9495 0
9495 0
9495 35
9495 0
9495 0
9495 0
9495 0
9495 0
9495 0
9495 0
9495 0
9512 0
9512 0
9512 0
9512 0
9512 0
9512 0
9512 0
9512 0
9512 0
9512 0
9512 0
9512 0
9512 0
9512 0
9512 0
9512 0
9512 0
9512 0
9512 0
9512 0
9512 0
9512 0
9512 1
9512 0
9512 0
9512 0
9512 4
9512 0
9512 0
9512 44
9512 0
9512 0
9512 0
9512 0
9512 0
9512 0
9512 0
9512 0
9571 0
9571 0
9571 0
9571 0
9571 0
9571 0
9571 0
9571 0
9571 12
9571 0
9571 0
9571 0
9571 2
9571 0
9571 0
9571 0
9571 0
9571 0
9571 0
9571 0
9571 0
9571 0
9571 13
9571 0
9571 0
9571 0
9571 143
9571 0
9571 0
9571 1
9571 0
9571 0
9571 0
9571 0
9571 0
9571 0
9571 0
9571 0
9572 0
9572 0
9572 0
9572 0
9572 0
9572 0
9572 0
9572 0
9572 3
9572 0
9572 0
9572 0
9572 0
9572 0
9572 0
9572 0
9572 0
9572 0
9572 0
9572 0
9572 0
9572 0
9572 11
9572 0
9572 0
9572 0
9572 218
9572 0
9572 0
9572 0
9572 0
9572 0
9572 0
9572 0
9572 0
9572 0
9572 0
9572 0
