pt_graph scale
7090 0
7090 1
7090 0
7090 0
7090 0
7090 0
7090 0
7090 0
7090 0
7090 0
7090 0
7090 0
7090 0
7090 0
7090 0
7090 0
7090 0
7090 0
7090 0
7090 0
7090 0
7090 0
7090 0
7090 0
7090 0
7090 0
7090 0
7090 0
7090 0
7090 0
7090 0
7090 0
7090 0
7090 0
7090 0
7090 0
7090 0
7090 0
7159 0
7159 3
7159 0
7159 0
7159 0
7159 0
7159 0
7159 0
7159 0
7159 0
7159 0
7159 0
7159 0
7159 0
7159 0
7159 0
7159 0
7159 0
7159 0
7159 0
7159 0
7159 0
7159 0
7159 0
7159 0
7159 0
7159 0
7159 0
7159 0
7159 0
7159 0
7159 0
7159 0
7159 0
7159 0
7159 0
7159 0
7159 0
7222 0
7222 55
7222 0
7222 0
7222 0
7222 0
7222 0
7222 0
7222 0
7222 0
7222 0
7222 0
7222 0
7222 0
7222 0
7222 0
7222 0
7222 0
7222 0
7222 0
7222 0
7222 0
7222 0
7222 0
7222 0
7222 0
7222 0
7222 0
7222 0
7222 0
7222 0
7222 0
7222 0
7222 0
7222 0
7222 0
7222 0
7222 0
7223 0
7223 1
7223 0
7223 0
7223 0
7223 0
7223 0
7223 0
7223 0
7223 0
7223 0
7223 0
7223 0
7223 0
7223 0
7223 0
7223 0
7223 0
7223 0
7223 0
7223 0
7223 0
7223 0
7223 0
7223 0
7223 0
7223 0
7223 0
7223 0
7223 0
7223 0
7223 0
7223 0
7223 0
7223 0
7223 0
7223 0
7223 0
7288 0
7288 1
7288 0
7288 0
7288 0
7288 0
7288 0
7288 0
7288 0
7288 0
7288 0
7288 0
7288 0
7288 0
7288 0
7288 0
7288 0
7288 0
7288 0
7288 0
7288 0
7288 0
7288 0
7288 0
7288 0
7288 0
7288 0
7288 0
7288 0
7288 0
7288 0
7288 0
7288 0
7288 0
7288 0
7288 0
7288 0
7288 0
7289 0
7289 4
7289 0
7289 0
7289 0
7289 0
7289 0
7289 0
7289 0
7289 0
7289 0
7289 0
7289 0
7289 0
7289 0
7289 0
7289 0
7289 0
7289 0
7289 0
7289 0
7289 0
7289 0
7289 0
7289 0
7289 0
7289 0
7289 0
7289 0
7289 0
7289 0
7289 0
7289 0
7289 0
7289 0
7289 0
7289 0
7289 0
7290 0
7290 1
7290 0
7290 0
7290 0
7290 0
7290 0
7290 0
7290 0
7290 0
7290 0
7290 0
7290 0
7290 0
7290 0
7290 0
7290 0
7290 0
7290 0
7290 0
7290 0
7290 0
7290 0
7290 0
7290 0
7290 0
7290 0
7290 0
7290 0
7290 0
7290 0
7290 0
7290 0
7290 0
7290 0
7290 0
7290 0
7290 0
7357 0
7357 111
7357 0
7357 0
7357 0
7357 0
7357 0
7357 0
7357 0
7357 0
7357 0
7357 0
7357 0
7357 0
7357 0
7357 0
7357 0
7357 0
7357 0
7357 0
7357 0
7357 0
7357 0
7357 0
7357 0
7357 0
7357 0
7357 0
7357 0
7357 0
7357 0
7357 0
7357 0
7357 0
7357 0
7357 0
7357 0
7357 0
7359 0
7359 8
7359 0
7359 0
7359 0
7359 0
7359 0
7359 0
7359 0
7359 0
7359 0
7359 0
7359 0
7359 0
7359 0
7359 0
7359 0
7359 0
7359 0
7359 0
7359 0
7359 0
7359 0
7359 0
7359 0
7359 0
7359 0
7359 0
7359 0
7359 0
7359 0
7359 0
7359 0
7359 0
7359 0
7359 0
7359 0
7359 0
7360 0
7360 5
7360 0
7360 0
7360 0
7360 0
7360 0
7360 0
7360 0
7360 0
7360 0
7360 0
7360 0
7360 0
7360 0
7360 0
7360 0
7360 0
7360 0
7360 0
7360 0
7360 0
7360 0
7360 0
7360 0
7360 0
7360 0
7360 0
7360 0
7360 0
7360 0
7360 0
7360 0
7360 0
7360 0
7360 0
7360 0
7360 0
7425 0
7425 1
7425 0
7425 0
7425 0
7425 0
7425 0
7425 0
7425 0
7425 0
7425 0
7425 0
7425 0
7425 0
7425 0
7425 0
7425 0
7425 0
7425 0
7425 0
7425 0
7425 0
7425 0
7425 0
7425 0
7425 0
7425 0
7425 0
7425 0
7425 0
7425 0
7425 0
7425 0
7425 0
7425 0
7425 0
7425 0
7425 0
7426 0
7426 260
7426 0
7426 0
7426 0
7426 0
7426 0
7426 0
7426 0
7426 0
7426 0
7426 0
7426 0
7426 0
7426 0
7426 0
7426 0
7426 0
7426 0
7426 0
7426 0
7426 0
7426 0
7426 0
7426 0
7426 0
7426 0
7426 0
7426 0
7426 0
7426 0
7426 0
7426 0
7426 0
7426 0
7426 0
7426 0
7426 0
7427 0
7427 15
7427 0
7427 0
7427 0
7427 0
7427 0
7427 0
7427 0
7427 0
7427 0
7427 0
7427 0
7427 0
7427 0
7427 0
7427 0
7427 0
7427 0
7427 0
7427 0
7427 0
7427 0
7427 0
7427 0
7427 0
7427 0
7427 0
7427 0
7427 0
7427 0
7427 0
7427 0
7427 0
7427 0
7427 0
7427 0
7427 0
7428 0
7428 96
7428 0
7428 0
7428 0
7428 0
7428 0
7428 0
7428 0
7428 0
7428 0
7428 0
7428 0
7428 0
7428 0
7428 0
7428 0
7428 0
7428 0
7428 0
7428 0
7428 0
7428 0
7428 0
7428 0
7428 0
7428 0
7428 0
7428 0
7428 0
7428 0
7428 0
7428 0
7428 0
7428 0
7428 0
7428 0
7428 0
7429 0
7429 21
7429 0
7429 0
7429 0
7429 0
7429 0
7429 0
7429 0
7429 0
7429 0
7429 0
7429 0
7429 0
7429 0
7429 0
7429 0
7429 0
7429 0
7429 0
7429 0
7429 0
7429 0
7429 0
7429 0
7429 0
7429 0
7429 0
7429 0
7429 0
7429 0
7429 0
7429 0
7429 0
7429 0
7429 0
7429 0
7429 0
7493 0
7493 1
7493 0
7493 0
7493 0
7493 0
7493 0
7493 0
7493 0
7493 0
7493 0
7493 0
7493 0
7493 0
7493 0
7493 0
7493 0
7493 0
7493 0
7493 0
7493 0
7493 0
7493 0
7493 0
7493 0
7493 0
7493 0
7493 0
7493 0
7493 0
7493 0
7493 0
7493 0
7493 0
7493 0
7493 0
7493 0
7493 0
