pt_graph LE_MET_level6
755 10
756 10
841 10
842 10
843 10
844 10
845 10
849 10
926 10
927 10
928 10
929 10
1003 10
1004 10
1005 10
1074 10
1075 10
1142 10
1143 10
1224 10
1308 10
1705 10
1706 10
1714 10
1797 10
1801 10
1803 10
1804 10
1805 10
1806 10
1808 10
1881 10
1882 10
1885 10
1886 10
1887 10
1888 10
1889 10
1890 10
1891 10
1892 10
1894 10
1977 10
1978 10
1979 10
1980 10
1981 10
2066 10
2068 10
2069 10
2070 10
2071 10
2072 10
2159 10
2160 10
2161 10
2162 10
2163 10
2164 10
2245 10
2247 10
2248 10
2250 10
2333 10
2335 10
2338 10
2340 10
2341 10
2419 10
2420 10
2421 10
2422 10
2428 10
2431 10
2432 10
2504 10
2505 10
2506 10
2507 10
2508 10
2587 10
2588 10
2589 10
2594 10
2596 10
2599 10
2601 10
2602 10
2676 10
2685 10
2686 10
2687 10
2688 10
2776 10
2777 10
2778 10
2871 10
2946 10
4728 10
4814 10
4815 10
4816 10
4900 10
4901 10
4979 11
4980 11
4981 11
4985 10
5062 11
5063 11
5064 11
5145 11
5223 11
