pt_graph freq
4814 1
5304 1
5395 1
5398 1
5399 1
5484 1
5485 1
5486 1
5487 1
5488 1
5570 1
5572 1
5573 1
5574 1
5647 1
5648 1
5649 1
5650 1
5656 1
5728 1
5729 1
5736 1
5737 1
5738 1
5803 1
5804 1
5878 1
5951 1
5952 1
6033 1
6036 1
6113 1
6115 1
6116 1
6187 1
6189 1
6191 1
6262 1
6263 1
6265 1
6266 1
6339 1
6340 1
6343 1
6418 1
6500 1
6582 1
7157 1
7222 1
7223 1
7287 1
7288 1
7356 1
7358 1
7423 1
7425 1
7427 1
7428 1
7490 1
7492 1
7493 1
7495 1
7561 1
7562 1
7563 1
7566 1
7634 1
7635 1
7636 1
7637 1
7638 1
7639 1
7641 1
7642 1
7646 1
7647 1
7708 1
7709 1
7711 1
7712 1
7716 1
7718 1
7782 1
7783 1
7784 1
7785 1
7786 1
7788 1
7789 1
7792 1
7855 1
7856 1
7857 1
7858 1
7861 1
7862 1
7926 1
7928 1
7929 1
7934 1
7935 1
8005 1
8061 1
8066 1
8067 1
8068 1
8120 1
8121 1
8122 1
8126 1
8127 1
8173 1
8174 1
8179 1
8180 1
8183 1
8184 1
8231 1
8238 1
8239 1
8240 1
8241 1
8242 1
8283 1
8286 1
8287 1
8293 1
8294 1
8332 1
8333 1
8336 1
8384 1
