pt_graph cpue_kghour
2012 0
2012 0
2012 0
2012 0
2012 0
2012 0
2012 0
2012 0
2012 0
2012 0
2012 0
2012 280
2012 0
2012 0
2012 0
2012 0
2012 0
2012 0
2012 0
2012 0
2012 0
2012 0
2012 0
2012 0
2012 0
2012 0
2012 0
2012 0
2012 0
2012 0
2012 0
2012 0
2012 0
2012 0
2012 0
2012 0
2012 0
2012 0
2013 0
2013 0
2013 0
2013 0
2013 0
2013 0
2013 0
2013 0
2013 0
2013 0
2013 0
2013 280
2013 0
2013 0
2013 0
2013 0
2013 0
2013 0
2013 0
2013 0
2013 0
2013 0
2013 0
2013 0
2013 0
2013 0
2013 0
2013 0
2013 0
2013 0
2013 0
2013 0
2013 0
2013 0
2013 0
2013 0
2013 0
2013 0
2191 0
2191 0
2191 0
2191 0
2191 0
2191 0
2191 0
2191 0
2191 0
2191 0
2191 0
2191 280
2191 0
2191 0
2191 0
2191 0
2191 0
2191 0
2191 0
2191 0
2191 0
2191 0
2191 0
2191 0
2191 0
2191 0
2191 0
2191 0
2191 0
2191 0
2191 0
2191 0
2191 0
2191 0
2191 0
2191 0
2191 0
2191 0
2275 0
2275 0
2275 0
2275 0
2275 0
2275 0
2275 0
2275 0
2275 0
2275 0
2275 0
2275 280
2275 0
2275 0
2275 0
2275 0
2275 0
2275 0
2275 0
2275 0
2275 0
2275 0
2275 0
2275 0
2275 0
2275 0
2275 0
2275 0
2275 0
2275 0
2275 0
2275 0
2275 0
2275 0
2275 0
2275 0
2275 0
2275 0
2278 0
2278 0
2278 0
2278 0
2278 0
2278 0
2278 0
2278 0
2278 0
2278 0
2278 0
2278 280
2278 0
2278 0
2278 0
2278 0
2278 0
2278 0
2278 0
2278 0
2278 0
2278 0
2278 0
2278 0
2278 0
2278 0
2278 0
2278 0
2278 0
2278 0
2278 0
2278 0
2278 0
2278 0
2278 0
2278 0
2278 0
2278 0
2772 0
2772 0
2772 0
2772 0
2772 0
2772 0
2772 0
2772 0
2772 0
2772 0
2772 154
2772 0
2772 0
2772 0
2772 0
2772 0
2772 0
2772 0
2772 0
2772 0
2772 0
2772 0
2772 0
2772 0
2772 0
2772 0
2772 0
2772 0
2772 4
2772 0
2772 0
2772 0
2772 0
2772 0
2772 0
2772 0
2772 0
2772 0
2773 0
2773 0
2773 0
2773 0
2773 0
2773 0
2773 0
2773 0
2773 0
2773 0
2773 154
2773 0
2773 0
2773 0
2773 0
2773 0
2773 0
2773 0
2773 0
2773 0
2773 0
2773 0
2773 0
2773 0
2773 0
2773 0
2773 0
2773 0
2773 4
2773 0
2773 0
2773 0
2773 0
2773 0
2773 0
2773 0
2773 0
2773 0
2780 0
2780 0
2780 0
2780 0
2780 0
2780 0
2780 0
2780 0
2780 0
2780 0
2780 607
2780 0
2780 0
2780 0
2780 0
2780 0
2780 0
2780 0
2780 0
2780 0
2780 0
2780 0
2780 0
2780 0
2780 0
2780 17
2780 0
2780 0
2780 193
2780 0
2780 0
2780 0
2780 4
2780 0
2780 0
2780 0
2780 0
2780 0
2861 0
2861 0
2861 0
2861 0
2861 0
2861 0
2861 0
2861 0
2861 0
2861 0
2861 98
2861 0
2861 0
2861 0
2861 1
2861 0
2861 0
2861 0
2861 0
2861 0
2861 0
2861 0
2861 0
2861 0
2861 0
2861 2
2861 0
2861 0
2861 2
2861 0
2861 0
2861 0
2861 0
2861 0
2861 0
2861 0
2861 0
2861 0
2862 0
2862 0
2862 0
2862 0
2862 0
2862 0
2862 0
2862 0
2862 0
2862 0
2862 9
2862 0
2862 0
2862 0
2862 0
2862 0
2862 0
2862 0
2862 0
2862 0
2862 0
2862 0
2862 0
2862 0
2862 0
2862 4
2862 0
2862 0
2862 4
2862 0
2862 0
2862 0
2862 0
2862 0
2862 0
2862 0
2862 0
2862 0
2863 0
2863 0
2863 0
2863 0
2863 0
2863 0
2863 0
2863 0
2863 0
2863 0
2863 154
2863 0
2863 0
2863 0
2863 0
2863 0
2863 0
2863 0
2863 0
2863 0
2863 0
2863 0
2863 0
2863 0
2863 0
2863 0
2863 0
2863 0
2863 4
2863 0
2863 0
2863 0
2863 0
2863 0
2863 0
2863 0
2863 0
2863 0
2864 0
2864 0
2864 0
2864 0
2864 0
2864 0
2864 0
2864 0
2864 0
2864 0
2864 336
2864 0
2864 0
2864 0
2864 0
2864 0
2864 0
2864 0
2864 0
2864 0
2864 0
2864 0
2864 0
2864 0
2864 0
2864 0
2864 0
2864 0
2864 9
2864 0
2864 0
2864 0
2864 0
2864 0
2864 0
2864 0
2864 0
2864 0
2865 0
2865 0
2865 0
2865 0
2865 0
2865 0
2865 0
2865 0
2865 0
2865 0
2865 1268
2865 0
2865 0
2865 0
2865 12
2865 0
2865 0
2865 0
2865 0
2865 0
2865 0
2865 0
2865 0
2865 0
2865 0
2865 0
2865 0
2865 0
2865 50
2865 0
2865 0
2865 0
2865 4
2865 0
2865 0
2865 0
2865 0
2865 0
2866 0
2866 0
2866 0
2866 0
2866 0
2866 0
2866 0
2866 0
2866 0
2866 0
2866 1268
2866 0
2866 0
2866 0
2866 12
2866 0
2866 0
2866 0
2866 0
2866 0
2866 0
2866 0
2866 0
2866 0
2866 0
2866 0
2866 0
2866 0
2866 50
2866 0
2866 0
2866 0
2866 4
2866 0
2866 0
2866 0
2866 0
2866 0
2867 0
2867 0
2867 0
2867 0
2867 0
2867 0
2867 0
2867 0
2867 0
2867 0
2867 16
2867 0
2867 0
2867 0
2867 0
2867 0
2867 0
2867 0
2867 0
2867 0
2867 0
2867 0
2867 0
2867 0
2867 0
2867 12
2867 0
2867 0
2867 13
2867 0
2867 0
2867 0
2867 0
2867 0
2867 0
2867 0
2867 0
2867 0
2868 0
2868 0
2868 0
2868 0
2868 0
2868 0
2868 0
2868 0
2868 0
2868 0
2868 15
2868 0
2868 0
2868 0
2868 0
2868 0
2868 0
2868 0
2868 0
2868 0
2868 0
2868 0
2868 0
2868 0
2868 0
2868 11
2868 0
2868 0
2868 60
2868 0
2868 0
2868 0
2868 0
2868 0
2868 0
2868 0
2868 0
2868 0
2960 0
2960 0
2960 0
2960 0
2960 0
2960 0
2960 0
2960 0
2960 0
2960 0
2960 16
2960 0
2960 0
2960 0
2960 0
2960 0
2960 0
2960 0
2960 0
2960 0
2960 0
2960 0
2960 0
2960 0
2960 0
2960 12
2960 0
2960 0
2960 13
2960 0
2960 0
2960 0
2960 0
2960 0
2960 0
2960 0
2960 0
2960 0
2962 0
2962 0
2962 0
2962 0
2962 0
2962 0
2962 0
2962 0
2962 0
2962 0
2962 277
2962 0
2962 0
2962 0
2962 2
2962 0
2962 0
2962 0
2962 0
2962 0
2962 0
2962 0
2962 0
2962 0
2962 0
2962 0
2962 0
2962 0
2962 0
2962 0
2962 0
2962 0
2962 0
2962 0
2962 0
2962 0
2962 0
2962 0
2963 0
2963 0
2963 0
2963 0
2963 0
2963 0
2963 0
2963 0
2963 0
2963 0
2963 391
2963 0
2963 0
2963 0
2963 4
2963 0
2963 0
2963 0
2963 0
2963 0
2963 0
2963 0
2963 0
2963 0
2963 0
2963 2
2963 0
2963 0
2963 14
2963 0
2963 0
2963 0
2963 1
2963 0
2963 0
2963 0
2963 0
2963 0
2964 0
2964 0
2964 0
2964 0
2964 0
2964 0
2964 0
2964 0
2964 0
2964 0
2964 372
2964 0
2964 0
2964 0
2964 3
2964 0
2964 0
2964 0
2964 0
2964 0
2964 0
2964 0
2964 0
2964 0
2964 0
2964 1
2964 0
2964 0
2964 12
2964 0
2964 0
2964 0
2964 1
2964 0
2964 0
2964 0
2964 0
2964 0
2966 0
2966 0
2966 0
2966 0
2966 0
2966 0
2966 0
2966 0
2966 0
2966 0
2966 245
2966 0
2966 0
2966 0
2966 0
2966 0
2966 0
2966 0
2966 0
2966 0
2966 0
2966 0
2966 0
2966 0
2966 0
2966 0
2966 0
2966 0
2966 6
2966 0
2966 0
2966 0
2966 0
2966 0
2966 0
2966 0
2966 0
2966 0
2967 0
2967 0
2967 0
2967 0
2967 0
2967 0
2967 0
2967 0
2967 0
2967 0
2967 245
2967 0
2967 0
2967 0
2967 0
2967 0
2967 0
2967 0
2967 0
2967 0
2967 0
2967 0
2967 0
2967 0
2967 0
2967 0
2967 0
2967 0
2967 6
2967 0
2967 0
2967 0
2967 0
2967 0
2967 0
2967 0
2967 0
2967 0
2968 0
2968 0
2968 0
2968 0
2968 0
2968 0
2968 0
2968 0
2968 0
2968 0
2968 517
2968 0
2968 0
2968 0
2968 0
2968 0
2968 0
2968 0
2968 0
2968 0
2968 0
2968 0
2968 0
2968 0
2968 0
2968 11
2968 0
2968 0
2968 132
2968 0
2968 0
2968 0
2968 3
2968 0
2968 0
2968 0
2968 0
2968 0
2969 0
2969 0
2969 0
2969 0
2969 0
2969 0
2969 0
2969 0
2969 0
2969 0
2969 14
2969 0
2969 0
2969 0
2969 0
2969 0
2969 0
2969 0
2969 0
2969 0
2969 0
2969 0
2969 0
2969 0
2969 0
2969 9
2969 0
2969 0
2969 107
2969 0
2969 0
2969 0
2969 0
2969 0
2969 0
2969 0
2969 0
2969 0
3051 0
3051 0
3051 0
3051 0
3051 0
3051 0
3051 0
3051 0
3051 0
3051 0
3051 714
3051 0
3051 0
3051 0
3051 2
3051 0
3051 0
3051 0
3051 0
3051 0
3051 0
3051 0
3051 0
3051 0
3051 0
3051 17
3051 0
3051 0
3051 191
3051 0
3051 0
3051 0
3051 3
3051 0
3051 0
3051 0
3051 0
3051 0
3052 0
3052 0
3052 0
3052 0
3052 0
3052 0
3052 0
3052 0
3052 0
3052 0
3052 644
3052 0
3052 0
3052 0
3052 6
3052 0
3052 0
3052 0
3052 0
3052 0
3052 0
3052 0
3052 0
3052 0
3052 0
3052 0
3052 0
3052 0
3052 41
3052 0
3052 0
3052 0
3052 11
3052 0
3052 0
3052 0
3052 0
3052 0
3053 0
3053 0
3053 0
3053 0
3053 0
3053 0
3053 0
3053 0
3053 0
3053 0
3053 879
3053 0
3053 0
3053 0
3053 2
3053 0
3053 0
3053 0
3053 0
3053 0
3053 0
3053 0
3053 0
3053 0
3053 0
3053 22
3053 0
3053 0
3053 255
3053 0
3053 0
3053 0
3053 5
3053 0
3053 0
3053 0
3053 0
3053 0
3054 0
3054 0
3054 0
3054 0
3054 0
3054 0
3054 0
3054 0
3054 0
3054 0
3054 330
3054 0
3054 0
3054 0
3054 3
3054 0
3054 0
3054 0
3054 0
3054 0
3054 0
3054 0
3054 0
3054 0
3054 0
3054 6
3054 0
3054 0
3054 27
3054 0
3054 0
3054 0
3054 5
3054 0
3054 0
3054 0
3054 0
3054 0
3055 0
3055 0
3055 0
3055 0
3055 0
3055 0
3055 0
3055 0
3055 0
3055 0
3055 154
3055 0
3055 0
3055 0
3055 0
3055 0
3055 0
3055 0
3055 0
3055 0
3055 0
3055 0
3055 0
3055 0
3055 0
3055 0
3055 0
3055 0
3055 4
3055 0
3055 0
3055 0
3055 0
3055 0
3055 0
3055 0
3055 0
3055 0
3056 0
3056 0
3056 0
3056 0
3056 0
3056 0
3056 0
3056 0
3056 0
3056 0
3056 173
3056 0
3056 0
3056 0
3056 0
3056 0
3056 0
3056 0
3056 0
3056 0
3056 0
3056 0
3056 0
3056 0
3056 0
3056 2
3056 0
3056 0
3056 6
3056 0
3056 0
3056 0
3056 0
3056 0
3056 0
3056 0
3056 0
3056 0
3057 0
3057 0
3057 0
3057 0
3057 0
3057 0
3057 0
3057 0
3057 0
3057 0
3057 336
3057 0
3057 0
3057 0
3057 0
3057 0
3057 0
3057 0
3057 0
3057 0
3057 0
3057 0
3057 0
3057 0
3057 0
3057 0
3057 0
3057 0
3057 9
3057 0
3057 0
3057 0
3057 0
3057 0
3057 0
3057 0
3057 0
3057 0
3058 0
3058 0
3058 0
3058 0
3058 0
3058 0
3058 0
3058 0
3058 0
3058 0
3058 336
3058 0
3058 0
3058 0
3058 0
3058 0
3058 0
3058 0
3058 0
3058 0
3058 0
3058 0
3058 0
3058 0
3058 0
3058 0
3058 0
3058 0
3058 9
3058 0
3058 0
3058 0
3058 0
3058 0
3058 0
3058 0
3058 0
3058 0
3059 0
3059 0
3059 0
3059 0
3059 0
3059 0
3059 0
3059 0
3059 0
3059 0
3059 77
3059 0
3059 0
3059 0
3059 0
3059 0
3059 0
3059 0
3059 0
3059 0
3059 0
3059 0
3059 0
3059 0
3059 0
3059 0
3059 0
3059 0
3059 2
3059 0
3059 0
3059 0
3059 0
3059 0
3059 0
3059 0
3059 0
3059 0
3061 0
3061 0
3061 0
3061 0
3061 0
3061 0
3061 0
3061 0
3061 0
3061 0
3061 154
3061 0
3061 0
3061 0
3061 0
3061 0
3061 0
3061 0
3061 0
3061 0
3061 0
3061 0
3061 0
3061 0
3061 0
3061 0
3061 0
3061 0
3061 4
3061 0
3061 0
3061 0
3061 0
3061 0
3061 0
3061 0
3061 0
3061 0
3063 0
3063 0
3063 0
3063 0
3063 0
3063 0
3063 0
3063 0
3063 0
3063 0
3063 600
3063 0
3063 0
3063 0
3063 0
3063 0
3063 0
3063 0
3063 0
3063 0
3063 0
3063 0
3063 0
3063 0
3063 0
3063 17
3063 0
3063 0
3063 191
3063 0
3063 0
3063 0
3063 4
3063 0
3063 0
3063 0
3063 0
3063 0
3065 0
3065 0
3065 0
3065 0
3065 0
3065 0
3065 0
3065 0
3065 0
3065 0
3065 607
3065 0
3065 0
3065 0
3065 0
3065 0
3065 0
3065 0
3065 0
3065 0
3065 0
3065 0
3065 0
3065 0
3065 0
3065 17
3065 0
3065 0
3065 193
3065 0
3065 0
3065 0
3065 4
3065 0
3065 0
3065 0
3065 0
3065 0
3142 0
3142 0
3142 0
3142 0
3142 0
3142 0
3142 0
3142 0
3142 0
3142 0
3142 220
3142 0
3142 0
3142 0
3142 0
3142 0
3142 0
3142 0
3142 0
3142 0
3142 0
3142 0
3142 0
3142 0
3142 0
3142 0
3142 0
3142 0
3142 0
3142 0
3142 0
3142 0
3142 0
3142 0
3142 0
3142 0
3142 0
3142 0
3143 0
3143 0
3143 0
3143 0
3143 0
3143 0
3143 0
3143 0
3143 0
3143 0
3143 644
3143 0
3143 0
3143 0
3143 6
3143 0
3143 0
3143 0
3143 0
3143 0
3143 0
3143 0
3143 0
3143 0
3143 0
3143 0
3143 0
3143 0
3143 41
3143 0
3143 0
3143 0
3143 11
3143 0
3143 0
3143 0
3143 0
3143 0
3144 0
3144 0
3144 0
3144 0
3144 0
3144 0
3144 0
3144 0
3144 0
3144 0
3144 538
3144 0
3144 0
3144 0
3144 6
3144 0
3144 0
3144 0
3144 0
3144 0
3144 0
3144 0
3144 0
3144 0
3144 0
3144 0
3144 0
3144 0
3144 37
3144 0
3144 0
3144 0
3144 7
3144 0
3144 0
3144 0
3144 0
3144 0
3148 0
3148 0
3148 0
3148 0
3148 0
3148 0
3148 0
3148 0
3148 0
3148 0
3148 277
3148 0
3148 0
3148 0
3148 2
3148 0
3148 0
3148 0
3148 0
3148 0
3148 0
3148 0
3148 0
3148 0
3148 0
3148 0
3148 0
3148 0
3148 0
3148 0
3148 0
3148 0
3148 0
3148 0
3148 0
3148 0
3148 0
3148 0
3149 0
3149 0
3149 0
3149 0
3149 0
3149 0
3149 0
3149 0
3149 0
3149 0
3149 224
3149 0
3149 0
3149 0
3149 0
3149 0
3149 0
3149 0
3149 0
3149 0
3149 0
3149 0
3149 0
3149 0
3149 0
3149 0
3149 0
3149 0
3149 6
3149 0
3149 0
3149 0
3149 0
3149 0
3149 0
3149 0
3149 0
3149 0
3150 0
3150 0
3150 0
3150 0
3150 0
3150 0
3150 0
3150 0
3150 0
3150 0
3150 277
3150 0
3150 0
3150 0
3150 2
3150 0
3150 0
3150 0
3150 0
3150 0
3150 0
3150 0
3150 0
3150 0
3150 0
3150 0
3150 0
3150 0
3150 0
3150 0
3150 0
3150 0
3150 0
3150 0
3150 0
3150 0
3150 0
3150 0
3152 0
3152 0
3152 0
3152 0
3152 0
3152 0
3152 0
3152 0
3152 0
3152 0
3152 154
3152 0
3152 0
3152 0
3152 0
3152 0
3152 0
3152 0
3152 0
3152 0
3152 0
3152 0
3152 0
3152 0
3152 0
3152 0
3152 0
3152 0
3152 4
3152 0
3152 0
3152 0
3152 0
3152 0
3152 0
3152 0
3152 0
3152 0
3233 0
3233 0
3233 0
3233 0
3233 0
3233 0
3233 0
3233 0
3233 0
3233 0
3233 326
3233 0
3233 0
3233 0
3233 6
3233 0
3233 0
3233 0
3233 0
3233 0
3233 0
3233 0
3233 0
3233 0
3233 0
3233 0
3233 0
3233 0
3233 28
3233 0
3233 0
3233 0
3233 0
3233 0
3233 0
3233 0
3233 0
3233 0
3238 0
3238 0
3238 0
3238 0
3238 0
3238 0
3238 0
3238 0
3238 0
3238 0
3238 336
3238 0
3238 0
3238 0
3238 0
3238 0
3238 0
3238 0
3238 0
3238 0
3238 0
3238 0
3238 0
3238 0
3238 0
3238 0
3238 0
3238 0
3238 9
3238 0
3238 0
3238 0
3238 0
3238 0
3238 0
3238 0
3238 0
3238 0
3239 0
3239 0
3239 0
3239 0
3239 0
3239 0
3239 0
3239 0
3239 0
3239 0
3239 175
3239 0
3239 0
3239 0
3239 0
3239 0
3239 0
3239 0
3239 0
3239 0
3239 0
3239 0
3239 0
3239 0
3239 0
3239 4
3239 0
3239 0
3239 58
3239 0
3239 0
3239 0
3239 0
3239 0
3239 0
3239 0
3239 0
3239 0
3241 0
3241 0
3241 0
3241 0
3241 0
3241 0
3241 0
3241 0
3241 0
3241 0
3241 14
3241 0
3241 0
3241 0
3241 0
3241 0
3241 0
3241 0
3241 0
3241 0
3241 0
3241 0
3241 0
3241 0
3241 0
3241 9
3241 0
3241 0
3241 107
3241 0
3241 0
3241 0
3241 0
3241 0
3241 0
3241 0
3241 0
3241 0
3249 0
3249 0
3249 0
3249 0
3249 0
3249 0
3249 0
3249 0
3249 0
3249 0
3249 0
3249 500
3249 0
3249 0
3249 0
3249 0
3249 0
3249 0
3249 0
3249 0
3249 0
3249 0
3249 0
3249 0
3249 0
3249 150
3249 0
3249 0
3249 125
3249 0
3249 0
3249 0
3249 0
3249 0
3249 0
3249 0
3249 0
3249 0
3333 0
3333 0
3333 0
3333 0
3333 0
3333 0
3333 0
3333 0
3333 0
3333 0
3333 14
3333 0
3333 0
3333 0
3333 0
3333 0
3333 0
3333 0
3333 0
3333 0
3333 0
3333 0
3333 0
3333 0
3333 0
3333 9
3333 0
3333 0
3333 107
3333 0
3333 0
3333 0
3333 0
3333 0
3333 0
3333 0
3333 0
3333 0
3337 0
3337 0
3337 0
3337 0
3337 0
3337 0
3337 0
3337 0
3337 0
3337 0
3337 14
3337 0
3337 0
3337 0
3337 0
3337 0
3337 0
3337 0
3337 0
3337 0
3337 0
3337 0
3337 0
3337 0
3337 0
3337 9
3337 0
3337 0
3337 107
3337 0
3337 0
3337 0
3337 0
3337 0
3337 0
3337 0
3337 0
3337 0
3340 0
3340 0
3340 0
3340 0
3340 0
3340 0
3340 0
3340 0
3340 0
3340 0
3340 0
3340 177
3340 0
3340 0
3340 0
3340 0
3340 0
3340 0
3340 0
3340 0
3340 0
3340 0
3340 0
3340 0
3340 0
3340 63
3340 0
3340 0
3340 103
3340 0
3340 0
3340 0
3340 0
3340 0
3340 0
3340 0
3340 0
3340 0
3341 0
3341 0
3341 0
3341 0
3341 0
3341 0
3341 0
3341 0
3341 0
3341 0
3341 0
3341 572
3341 0
3341 0
3341 0
3341 0
3341 0
3341 0
3341 0
3341 0
3341 0
3341 0
3341 0
3341 0
3341 0
3341 110
3341 0
3341 0
3341 286
3341 0
3341 0
3341 0
3341 1
3341 0
3341 0
3341 0
3341 0
3341 0
3342 0
3342 0
3342 0
3342 0
3342 0
3342 0
3342 0
3342 0
3342 0
3342 0
3342 0
3342 628
3342 0
3342 0
3342 0
3342 0
3342 0
3342 0
3342 0
3342 0
3342 0
3342 0
3342 0
3342 0
3342 0
3342 128
3342 0
3342 0
3342 269
3342 0
3342 0
3342 0
3342 1
3342 0
3342 0
3342 0
3342 0
3342 0
3343 0
3343 0
3343 0
3343 0
3343 0
3343 0
3343 0
3343 0
3343 0
3343 0
3343 0
3343 574
3343 0
3343 0
3343 0
3343 0
3343 0
3343 0
3343 0
3343 0
3343 0
3343 0
3343 0
3343 0
3343 0
3343 154
3343 0
3343 0
3343 281
3343 0
3343 0
3343 0
3343 1
3343 0
3343 0
3343 0
3343 0
3343 0
3418 0
3418 0
3418 0
3418 0
3418 0
3418 0
3418 0
3418 0
3418 0
3418 0
3418 0
3418 195
3418 0
3418 0
3418 0
3418 0
3418 0
3418 0
3418 0
3418 0
3418 0
3418 0
3418 0
3418 0
3418 0
3418 5
3418 0
3418 0
3418 5
3418 0
3418 0
3418 0
3418 0
3418 0
3418 0
3418 0
3418 0
3418 0
3424 0
3424 0
3424 0
3424 0
3424 0
3424 0
3424 0
3424 0
3424 0
3424 0
3424 0
3424 202
3424 0
3424 0
3424 0
3424 0
3424 0
3424 0
3424 0
3424 0
3424 0
3424 0
3424 0
3424 0
3424 0
3424 20
3424 0
3424 0
3424 129
3424 0
3424 0
3424 0
3424 0
3424 0
3424 0
3424 0
3424 0
3424 0
3425 0
3425 0
3425 0
3425 0
3425 0
3425 0
3425 0
3425 0
3425 0
3425 0
3425 0
3425 1064
3425 0
3425 0
3425 0
3425 0
3425 0
3425 0
3425 0
3425 0
3425 0
3425 0
3425 0
3425 0
3425 0
3425 145
3425 0
3425 0
3425 495
3425 0
3425 0
3425 0
3425 2
3425 0
3425 0
3425 0
3425 0
3425 0
3502 0
3502 0
3502 0
3502 0
3502 0
3502 0
3502 0
3502 0
3502 0
3502 0
3502 0
3502 1764
3502 0
3502 0
3502 0
3502 0
3502 0
3502 0
3502 0
3502 0
3502 0
3502 0
3502 0
3502 0
3502 0
3502 165
3502 0
3502 0
3502 1964
3502 0
3502 0
3502 0
3502 0
3502 0
3502 0
3502 0
3502 0
3502 0
3503 0
3503 0
3503 0
3503 0
3503 0
3503 0
3503 0
3503 0
3503 0
3503 0
3503 0
3503 784
3503 0
3503 0
3503 0
3503 0
3503 0
3503 0
3503 0
3503 0
3503 0
3503 0
3503 0
3503 0
3503 0
3503 71
3503 0
3503 0
3503 381
3503 0
3503 0
3503 0
3503 3
3503 0
3503 0
3503 0
3503 0
3503 0
3504 0
3504 0
3504 0
3504 0
3504 0
3504 0
3504 0
3504 0
3504 0
3504 0
3504 0
3504 873
3504 0
3504 0
3504 0
3504 0
3504 0
3504 0
3504 0
3504 0
3504 0
3504 0
3504 0
3504 0
3504 0
3504 91
3504 0
3504 0
3504 202
3504 0
3504 0
3504 0
3504 1
3504 0
3504 0
3504 0
3504 0
3504 0
3505 0
3505 0
3505 0
3505 0
3505 0
3505 0
3505 0
3505 0
3505 0
3505 0
3505 0
3505 235
3505 0
3505 0
3505 0
3505 0
3505 0
3505 0
3505 0
3505 0
3505 0
3505 0
3505 0
3505 0
3505 0
3505 39
3505 0
3505 0
3505 146
3505 0
3505 0
3505 0
3505 1
3505 0
3505 0
3505 0
3505 0
3505 0
3506 0
3506 0
3506 0
3506 0
3506 0
3506 0
3506 0
3506 0
3506 0
3506 0
3506 0
3506 195
3506 0
3506 0
3506 0
3506 0
3506 0
3506 0
3506 0
3506 0
3506 0
3506 0
3506 0
3506 0
3506 0
3506 5
3506 0
3506 0
3506 5
3506 0
3506 0
3506 0
3506 0
3506 0
3506 0
3506 0
3506 0
3506 0
3507 0
3507 0
3507 0
3507 0
3507 0
3507 0
3507 0
3507 0
3507 0
3507 0
3507 0
3507 1873
3507 0
3507 0
3507 0
3507 0
3507 0
3507 0
3507 0
3507 0
3507 0
3507 0
3507 0
3507 0
3507 0
3507 123
3507 0
3507 0
3507 547
3507 0
3507 0
3507 0
3507 1
3507 0
3507 0
3507 0
3507 0
3507 0
3508 0
3508 0
3508 0
3508 0
3508 0
3508 0
3508 0
3508 0
3508 0
3508 0
3508 0
3508 166
3508 0
3508 0
3508 0
3508 0
3508 0
3508 0
3508 0
3508 0
3508 0
3508 0
3508 0
3508 0
3508 0
3508 39
3508 0
3508 0
3508 146
3508 0
3508 0
3508 0
3508 0
3508 0
3508 0
3508 0
3508 0
3508 0
3509 0
3509 0
3509 0
3509 0
3509 0
3509 0
3509 0
3509 0
3509 0
3509 0
3509 0
3509 197
3509 0
3509 0
3509 0
3509 0
3509 0
3509 0
3509 0
3509 0
3509 0
3509 0
3509 0
3509 0
3509 0
3509 26
3509 0
3509 0
3509 114
3509 0
3509 0
3509 0
3509 0
3509 0
3509 0
3509 0
3509 0
3509 0
3588 0
3588 0
3588 0
3588 0
3588 0
3588 0
3588 0
3588 0
3588 0
3588 0
3588 0
3588 341
3588 0
3588 0
3588 0
3588 0
3588 0
3588 0
3588 0
3588 0
3588 0
3588 0
3588 0
3588 0
3588 0
3588 13
3588 0
3588 0
3588 44
3588 0
3588 0
3588 0
3588 1
3588 0
3588 0
3588 0
3588 0
3588 0
3589 0
3589 0
3589 0
3589 0
3589 0
3589 0
3589 0
3589 0
3589 0
3589 0
3589 0
3589 671
3589 0
3589 0
3589 0
3589 0
3589 0
3589 0
3589 0
3589 0
3589 0
3589 0
3589 0
3589 0
3589 0
3589 67
3589 0
3589 0
3589 178
3589 0
3589 0
3589 0
3589 0
3589 0
3589 0
3589 0
3589 0
3589 0
3590 0
3590 0
3590 0
3590 0
3590 0
3590 0
3590 0
3590 0
3590 0
3590 0
3590 0
3590 559
3590 0
3590 0
3590 0
3590 0
3590 0
3590 0
3590 0
3590 0
3590 0
3590 0
3590 0
3590 0
3590 0
3590 49
3590 0
3590 0
3590 267
3590 0
3590 0
3590 0
3590 0
3590 0
3590 0
3590 0
3590 0
3590 0
3591 0
3591 0
3591 0
3591 0
3591 0
3591 0
3591 0
3591 0
3591 0
3591 0
3591 0
3591 290
3591 0
3591 0
3591 0
3591 0
3591 0
3591 0
3591 0
3591 0
3591 0
3591 0
3591 0
3591 0
3591 0
3591 35
3591 0
3591 0
3591 172
3591 0
3591 0
3591 0
3591 0
3591 0
3591 0
3591 0
3591 0
3591 0
3592 0
3592 0
3592 0
3592 0
3592 0
3592 0
3592 0
3592 0
3592 0
3592 0
3592 0
3592 190
3592 0
3592 0
3592 0
3592 0
3592 0
3592 0
3592 0
3592 0
3592 0
3592 0
3592 0
3592 0
3592 0
3592 31
3592 0
3592 0
3592 122
3592 0
3592 0
3592 0
3592 0
3592 0
3592 0
3592 0
3592 0
3592 0
3593 0
3593 0
3593 0
3593 0
3593 0
3593 0
3593 0
3593 0
3593 0
3593 0
3593 0
3593 205
3593 0
3593 0
3593 0
3593 0
3593 0
3593 0
3593 0
3593 0
3593 0
3593 0
3593 0
3593 0
3593 0
3593 32
3593 0
3593 0
3593 196
3593 0
3593 0
3593 0
3593 0
3593 0
3593 0
3593 0
3593 0
3593 0
3594 0
3594 0
3594 0
3594 0
3594 0
3594 0
3594 0
3594 0
3594 0
3594 0
3594 0
3594 212
3594 0
3594 0
3594 0
3594 0
3594 0
3594 0
3594 0
3594 0
3594 0
3594 0
3594 0
3594 0
3594 0
3594 19
3594 0
3594 0
3594 146
3594 0
3594 0
3594 0
3594 0
3594 0
3594 0
3594 0
3594 0
3594 0
3595 0
3595 0
3595 0
3595 0
3595 0
3595 0
3595 0
3595 0
3595 0
3595 0
3595 0
3595 99
3595 0
3595 0
3595 0
3595 0
3595 0
3595 0
3595 0
3595 0
3595 0
3595 0
3595 0
3595 0
3595 0
3595 1
3595 0
3595 0
3595 48
3595 0
3595 0
3595 0
3595 0
3595 0
3595 0
3595 0
3595 0
3595 0
3671 0
3671 0
3671 0
3671 0
3671 0
3671 0
3671 0
3671 0
3671 0
3671 0
3671 0
3671 171
3671 0
3671 0
3671 0
3671 0
3671 0
3671 0
3671 0
3671 0
3671 0
3671 0
3671 0
3671 0
3671 0
3671 8
3671 0
3671 0
3671 32
3671 0
3671 0
3671 0
3671 0
3671 0
3671 0
3671 0
3671 0
3671 0
3672 0
3672 0
3672 0
3672 0
3672 0
3672 0
3672 0
3672 0
3672 0
3672 0
3672 0
3672 396
3672 0
3672 0
3672 0
3672 0
3672 0
3672 0
3672 0
3672 0
3672 0
3672 0
3672 0
3672 0
3672 0
3672 20
3672 0
3672 0
3672 136
3672 0
3672 0
3672 0
3672 1
3672 0
3672 0
3672 0
3672 0
3672 0
3673 0
3673 0
3673 0
3673 0
3673 0
3673 0
3673 0
3673 0
3673 0
3673 0
3673 0
3673 647
3673 0
3673 0
3673 0
3673 0
3673 0
3673 0
3673 0
3673 0
3673 0
3673 0
3673 0
3673 0
3673 0
3673 54
3673 0
3673 0
3673 470
3673 0
3673 0
3673 0
3673 0
3673 0
3673 0
3673 0
3673 0
3673 0
3674 0
3674 0
3674 0
3674 0
3674 0
3674 0
3674 0
3674 0
3674 0
3674 0
3674 0
3674 812
3674 0
3674 0
3674 0
3674 0
3674 0
3674 0
3674 0
3674 0
3674 0
3674 0
3674 0
3674 0
3674 0
3674 52
3674 0
3674 0
3674 264
3674 0
3674 0
3674 0
3674 1
3674 0
3674 0
3674 0
3674 0
3674 0
3675 0
3675 0
3675 0
3675 0
3675 0
3675 0
3675 0
3675 0
3675 0
3675 0
3675 0
3675 278
3675 0
3675 0
3675 0
3675 0
3675 0
3675 0
3675 0
3675 0
3675 0
3675 0
3675 0
3675 0
3675 0
3675 35
3675 0
3675 0
3675 196
3675 0
3675 0
3675 0
3675 0
3675 0
3675 0
3675 0
3675 0
3675 0
3676 0
3676 0
3676 0
3676 0
3676 0
3676 0
3676 0
3676 0
3676 0
3676 0
3676 0
3676 320
3676 0
3676 0
3676 0
3676 0
3676 0
3676 0
3676 0
3676 0
3676 0
3676 0
3676 0
3676 0
3676 0
3676 32
3676 0
3676 0
3676 257
3676 0
3676 0
3676 0
3676 0
3676 0
3676 0
3676 0
3676 0
3676 0
3677 0
3677 0
3677 0
3677 0
3677 0
3677 0
3677 0
3677 0
3677 0
3677 0
3677 0
3677 257
3677 0
3677 0
3677 0
3677 0
3677 0
3677 0
3677 0
3677 0
3677 0
3677 0
3677 0
3677 0
3677 0
3677 13
3677 0
3677 0
3677 42
3677 0
3677 0
3677 0
3677 0
3677 0
3677 0
3677 0
3677 0
3677 0
3678 0
3678 0
3678 0
3678 0
3678 0
3678 0
3678 0
3678 0
3678 0
3678 0
3678 0
3678 221
3678 0
3678 0
3678 0
3678 0
3678 0
3678 0
3678 0
3678 0
3678 0
3678 0
3678 0
3678 0
3678 0
3678 11
3678 0
3678 0
3678 141
3678 0
3678 0
3678 0
3678 0
3678 0
3678 0
3678 0
3678 0
3678 0
3761 0
3761 0
3761 0
3761 0
3761 0
3761 0
3761 0
3761 0
3761 0
3761 0
3761 0
3761 544
3761 0
3761 0
3761 0
3761 0
3761 0
3761 0
3761 0
3761 0
3761 0
3761 0
3761 0
3761 0
3761 0
3761 44
3761 0
3761 0
3761 320
3761 0
3761 0
3761 0
3761 1
3761 0
3761 0
3761 0
3761 0
3761 0
3762 0
3762 0
3762 0
3762 0
3762 0
3762 0
3762 0
3762 0
3762 0
3762 0
3762 0
3762 1030
3762 0
3762 0
3762 0
3762 0
3762 0
3762 0
3762 0
3762 0
3762 0
3762 0
3762 0
3762 0
3762 0
3762 39
3762 0
3762 0
3762 340
3762 0
3762 0
3762 0
3762 1
3762 0
3762 0
3762 0
3762 0
3762 0
3763 0
3763 0
3763 0
3763 0
3763 0
3763 0
3763 0
3763 0
3763 0
3763 0
3763 0
3763 364
3763 0
3763 0
3763 0
3763 0
3763 0
3763 0
3763 0
3763 0
3763 0
3763 0
3763 0
3763 0
3763 0
3763 23
3763 0
3763 0
3763 175
3763 0
3763 0
3763 0
3763 0
3763 0
3763 0
3763 0
3763 0
3763 0
3764 0
3764 0
3764 0
3764 0
3764 0
3764 0
3764 0
3764 0
3764 0
3764 0
3764 0
3764 284
3764 0
3764 0
3764 0
3764 0
3764 0
3764 0
3764 0
3764 0
3764 0
3764 0
3764 0
3764 0
3764 0
3764 15
3764 0
3764 0
3764 140
3764 0
3764 0
3764 0
3764 0
3764 0
3764 0
3764 0
3764 0
3764 0
3765 0
3765 0
3765 0
3765 0
3765 0
3765 0
3765 0
3765 0
3765 0
3765 0
3765 0
3765 197
3765 0
3765 0
3765 0
3765 0
3765 0
3765 0
3765 0
3765 0
3765 0
3765 0
3765 0
3765 0
3765 0
3765 7
3765 0
3765 0
3765 79
3765 0
3765 0
3765 0
3765 0
3765 0
3765 0
3765 0
3765 0
3765 0
3848 0
3848 0
3848 0
3848 0
3848 0
3848 0
3848 0
3848 0
3848 0
3848 0
3848 0
3848 125
3848 0
3848 0
3848 0
3848 0
3848 0
3848 0
3848 0
3848 0
3848 0
3848 0
3848 0
3848 0
3848 0
3848 50
3848 0
3848 0
3848 88
3848 0
3848 0
3848 0
3848 0
3848 0
3848 0
3848 0
3848 0
3848 0
3849 0
3849 0
3849 0
3849 0
3849 0
3849 0
3849 0
3849 0
3849 0
3849 0
3849 0
3849 740
3849 0
3849 0
3849 0
3849 0
3849 0
3849 0
3849 0
3849 0
3849 0
3849 0
3849 0
3849 0
3849 0
3849 87
3849 0
3849 0
3849 431
3849 0
3849 0
3849 0
3849 2
3849 0
3849 0
3849 0
3849 0
3849 0
3850 0
3850 0
3850 0
3850 0
3850 0
3850 0
3850 0
3850 0
3850 0
3850 0
3850 0
3850 1093
3850 0
3850 0
3850 0
3850 0
3850 0
3850 0
3850 0
3850 0
3850 0
3850 0
3850 0
3850 0
3850 0
3850 74
3850 0
3850 0
3850 588
3850 0
3850 0
3850 0
3850 0
3850 0
3850 0
3850 0
3850 0
3850 0
3851 0
3851 0
3851 0
3851 0
3851 0
3851 0
3851 0
3851 0
3851 0
3851 0
3851 0
3851 1401
3851 0
3851 0
3851 0
3851 0
3851 0
3851 0
3851 0
3851 0
3851 0
3851 0
3851 0
3851 0
3851 0
3851 122
3851 0
3851 0
3851 854
3851 0
3851 0
3851 0
3851 1
3851 0
3851 0
3851 0
3851 0
3851 0
3932 0
3932 0
3932 0
3932 0
3932 0
3932 0
3932 0
3932 0
3932 0
3932 0
3932 0
3932 125
3932 0
3932 0
3932 0
3932 0
3932 0
3932 0
3932 0
3932 0
3932 0
3932 0
3932 0
3932 0
3932 0
3932 50
3932 0
3932 0
3932 88
3932 0
3932 0
3932 0
3932 0
3932 0
3932 0
3932 0
3932 0
3932 0
4150 0
4150 0
4150 0
4150 0
4150 0
4150 0
4150 0
4150 0
4150 0
4150 0
4150 0
4150 412
4150 0
4150 0
4150 0
4150 0
4150 0
4150 0
4150 0
4150 0
4150 0
4150 0
4150 0
4150 0
4150 0
4150 0
4150 0
4150 0
4150 0
4150 0
4150 0
4150 0
4150 0
4150 0
4150 0
4150 0
4150 0
4150 0
4152 0
4152 0
4152 0
4152 0
4152 0
4152 0
4152 0
4152 0
4152 0
4152 0
4152 0
4152 412
4152 0
4152 0
4152 0
4152 0
4152 0
4152 0
4152 0
4152 0
4152 0
4152 0
4152 0
4152 0
4152 0
4152 0
4152 0
4152 0
4152 0
4152 0
4152 0
4152 0
4152 0
4152 0
4152 0
4152 0
4152 0
4152 0
4153 0
4153 0
4153 0
4153 0
4153 0
4153 0
4153 0
4153 0
4153 0
4153 0
4153 0
4153 412
4153 0
4153 0
4153 0
4153 0
4153 0
4153 0
4153 0
4153 0
4153 0
4153 0
4153 0
4153 0
4153 0
4153 0
4153 0
4153 0
4153 0
4153 0
4153 0
4153 0
4153 0
4153 0
4153 0
4153 0
4153 0
4153 0
4243 0
4243 0
4243 0
4243 0
4243 0
4243 0
4243 0
4243 0
4243 0
4243 0
4243 0
4243 412
4243 0
4243 0
4243 0
4243 0
4243 0
4243 0
4243 0
4243 0
4243 0
4243 0
4243 0
4243 0
4243 0
4243 0
4243 0
4243 0
4243 0
4243 0
4243 0
4243 0
4243 0
4243 0
4243 0
4243 0
4243 0
4243 0
4244 0
4244 0
4244 0
4244 0
4244 0
4244 0
4244 0
4244 0
4244 0
4244 0
4244 0
4244 412
4244 0
4244 0
4244 0
4244 0
4244 0
4244 0
4244 0
4244 0
4244 0
4244 0
4244 0
4244 0
4244 0
4244 0
4244 0
4244 0
4244 0
4244 0
4244 0
4244 0
4244 0
4244 0
4244 0
4244 0
4244 0
4244 0
4262 0
4262 0
4262 0
4262 0
4262 0
4262 0
4262 0
4262 0
4262 0
4262 0
4262 0
4262 621
4262 0
4262 0
4262 0
4262 0
4262 0
4262 0
4262 0
4262 0
4262 0
4262 0
4262 0
4262 0
4262 0
4262 0
4262 0
4262 0
4262 0
4262 0
4262 0
4262 0
4262 0
4262 0
4262 0
4262 0
4262 0
4262 0
4339 0
4339 0
4339 0
4339 0
4339 0
4339 0
4339 0
4339 0
4339 0
4339 0
4339 0
4339 432
4339 0
4339 0
4339 0
4339 0
4339 0
4339 0
4339 0
4339 0
4339 0
4339 0
4339 0
4339 0
4339 0
4339 0
4339 0
4339 0
4339 0
4339 0
4339 0
4339 0
4339 0
4339 0
4339 0
4339 0
4339 0
4339 0
4340 0
4340 0
4340 0
4340 0
4340 0
4340 0
4340 0
4340 0
4340 0
4340 0
4340 0
4340 705
4340 0
4340 0
4340 0
4340 0
4340 0
4340 0
4340 0
4340 0
4340 0
4340 0
4340 0
4340 0
4340 0
4340 0
4340 0
4340 0
4340 0
4340 0
4340 0
4340 0
4340 0
4340 0
4340 0
4340 0
4340 0
4340 0
4341 0
4341 0
4341 0
4341 0
4341 0
4341 0
4341 0
4341 0
4341 0
4341 0
4341 0
4341 568
4341 0
4341 0
4341 0
4341 0
4341 0
4341 0
4341 0
4341 0
4341 0
4341 0
4341 0
4341 0
4341 0
4341 0
4341 0
4341 0
4341 0
4341 0
4341 0
4341 0
4341 0
4341 0
4341 0
4341 0
4341 0
4341 0
4394 0
4394 0
4394 0
4394 0
4394 0
4394 0
4394 0
4394 0
4394 0
4394 0
4394 0
4394 1600
4394 0
4394 0
4394 0
4394 0
4394 0
4394 0
4394 0
4394 0
4394 0
4394 0
4394 0
4394 0
4394 0
4394 0
4394 0
4394 0
4394 0
4394 0
4394 0
4394 0
4394 0
4394 0
4394 0
4394 0
4394 0
4394 0
4432 0
4432 0
4432 0
4432 0
4432 0
4432 0
4432 0
4432 0
4432 0
4432 0
4432 0
4432 705
4432 0
4432 0
4432 0
4432 0
4432 0
4432 0
4432 0
4432 0
4432 0
4432 0
4432 0
4432 0
4432 0
4432 0
4432 0
4432 0
4432 0
4432 0
4432 0
4432 0
4432 0
4432 0
4432 0
4432 0
4432 0
4432 0
4433 0
4433 0
4433 0
4433 0
4433 0
4433 0
4433 0
4433 0
4433 0
4433 0
4433 0
4433 432
4433 0
4433 0
4433 0
4433 0
4433 0
4433 0
4433 0
4433 0
4433 0
4433 0
4433 0
4433 0
4433 0
4433 0
4433 0
4433 0
4433 0
4433 0
4433 0
4433 0
4433 0
4433 0
4433 0
4433 0
4433 0
4433 0
4434 0
4434 0
4434 0
4434 0
4434 0
4434 0
4434 0
4434 0
4434 0
4434 0
4434 0
4434 84
4434 0
4434 0
4434 0
4434 0
4434 0
4434 0
4434 0
4434 0
4434 0
4434 0
4434 0
4434 0
4434 0
4434 0
4434 0
4434 0
4434 0
4434 0
4434 0
4434 0
4434 0
4434 0
4434 0
4434 0
4434 0
4434 0
4484 0
4484 0
4484 0
4484 0
4484 0
4484 0
4484 0
4484 0
4484 0
4484 0
4484 0
4484 567
4484 0
4484 0
4484 0
4484 0
4484 0
4484 0
4484 0
4484 0
4484 0
4484 0
4484 0
4484 0
4484 0
4484 0
4484 0
4484 0
4484 0
4484 0
4484 0
4484 0
4484 0
4484 0
4484 0
4484 0
4484 0
4484 0
4485 0
4485 0
4485 0
4485 0
4485 0
4485 0
4485 0
4485 0
4485 0
4485 0
4485 0
4485 494
4485 0
4485 0
4485 0
4485 0
4485 0
4485 0
4485 0
4485 0
4485 0
4485 0
4485 0
4485 0
4485 0
4485 0
4485 0
4485 0
4485 4
4485 0
4485 0
4485 0
4485 0
4485 0
4485 0
4485 0
4485 0
4485 0
4487 0
4487 0
4487 0
4487 0
4487 0
4487 0
4487 0
4487 0
4487 0
4487 0
4487 0
4487 388
4487 0
4487 0
4487 0
4487 0
4487 0
4487 0
4487 0
4487 0
4487 0
4487 0
4487 0
4487 0
4487 0
4487 0
4487 0
4487 0
4487 0
4487 0
4487 0
4487 0
4487 0
4487 0
4487 0
4487 0
4487 0
4487 0
4523 0
4523 0
4523 0
4523 0
4523 0
4523 0
4523 0
4523 0
4523 0
4523 0
4523 0
4523 361
4523 0
4523 0
4523 0
4523 0
4523 0
4523 0
4523 0
4523 0
4523 0
4523 0
4523 0
4523 0
4523 0
4523 5
4523 0
4523 0
4523 0
4523 0
4523 0
4523 0
4523 1
4523 0
4523 0
4523 0
4523 0
4523 0
4525 0
4525 0
4525 0
4525 0
4525 0
4525 0
4525 0
4525 0
4525 0
4525 0
4525 0
4525 84
4525 0
4525 0
4525 0
4525 0
4525 0
4525 0
4525 0
4525 0
4525 0
4525 0
4525 0
4525 0
4525 0
4525 0
4525 0
4525 0
4525 0
4525 0
4525 0
4525 0
4525 0
4525 0
4525 0
4525 0
4525 0
4525 0
4570 0
4570 0
4570 0
4570 0
4570 0
4570 0
4570 0
4570 0
4570 0
4570 0
4570 0
4570 388
4570 0
4570 0
4570 0
4570 0
4570 0
4570 0
4570 0
4570 0
4570 0
4570 0
4570 0
4570 0
4570 0
4570 0
4570 0
4570 0
4570 0
4570 0
4570 0
4570 0
4570 0
4570 0
4570 0
4570 0
4570 0
4570 0
4571 0
4571 0
4571 0
4571 0
4571 0
4571 0
4571 0
4571 0
4571 0
4571 0
4571 0
4571 530
4571 0
4571 0
4571 0
4571 0
4571 0
4571 0
4571 0
4571 0
4571 0
4571 0
4571 0
4571 0
4571 0
4571 0
4571 0
4571 0
4571 2
4571 0
4571 0
4571 0
4571 0
4571 0
4571 0
4571 0
4571 0
4571 0
4572 0
4572 0
4572 0
4572 0
4572 0
4572 0
4572 0
4572 0
4572 0
4572 0
4572 0
4572 575
4572 0
4572 0
4572 0
4572 0
4572 0
4572 0
4572 0
4572 0
4572 0
4572 0
4572 0
4572 0
4572 0
4572 0
4572 0
4572 0
4572 3
4572 0
4572 0
4572 0
4572 0
4572 0
4572 0
4572 0
4572 0
4572 0
4573 0
4573 0
4573 0
4573 0
4573 0
4573 0
4573 0
4573 0
4573 0
4573 0
4573 0
4573 600
4573 0
4573 0
4573 0
4573 0
4573 0
4573 0
4573 0
4573 0
4573 0
4573 0
4573 0
4573 0
4573 0
4573 0
4573 0
4573 0
4573 8
4573 0
4573 0
4573 0
4573 0
4573 0
4573 0
4573 0
4573 0
4573 0
4610 0
4610 0
4610 0
4610 0
4610 0
4610 0
4610 0
4610 0
4610 0
4610 0
4610 0
4610 707
4610 0
4610 0
4610 0
4610 0
4610 0
4610 0
4610 0
4610 0
4610 0
4610 0
4610 0
4610 0
4610 0
4610 14
4610 0
4610 0
4610 0
4610 0
4610 0
4610 0
4610 3
4610 0
4610 0
4610 0
4610 0
4610 0
4611 0
4611 0
4611 0
4611 0
4611 0
4611 0
4611 0
4611 0
4611 0
4611 0
4611 0
4611 592
4611 0
4611 0
4611 0
4611 0
4611 0
4611 0
4611 0
4611 0
4611 0
4611 0
4611 0
4611 0
4611 0
4611 14
4611 0
4611 0
4611 0
4611 0
4611 0
4611 0
4611 3
4611 0
4611 0
4611 0
4611 0
4611 0
4657 0
4657 0
4657 0
4657 0
4657 0
4657 0
4657 0
4657 0
4657 0
4657 0
4657 0
4657 7782
4657 0
4657 0
4657 0
4657 0
4657 0
4657 0
4657 0
4657 0
4657 0
4657 0
4657 0
4657 0
4657 0
4657 150
4657 0
4657 0
4657 387
4657 0
4657 0
4657 0
4657 10
4657 0
4657 0
4657 0
4657 0
4657 0
4658 0
4658 0
4658 0
4658 0
4658 0
4658 0
4658 0
4658 0
4658 0
4658 0
4658 0
4658 442
4658 0
4658 0
4658 0
4658 0
4658 0
4658 0
4658 0
4658 0
4658 0
4658 0
4658 0
4658 0
4658 0
4658 5
4658 0
4658 0
4658 42
4658 0
4658 0
4658 0
4658 0
4658 0
4658 0
4658 0
4658 0
4658 0
4697 0
4697 0
4697 0
4697 0
4697 0
4697 0
4697 0
4697 0
4697 0
4697 0
4697 0
4697 454
4697 0
4697 0
4697 0
4697 0
4697 0
4697 0
4697 0
4697 0
4697 0
4697 0
4697 0
4697 0
4697 0
4697 7
4697 0
4697 0
4697 0
4697 0
4697 0
4697 0
4697 1
4697 0
4697 0
4697 0
4697 0
4697 0
4698 0
4698 0
4698 0
4698 0
4698 0
4698 0
4698 0
4698 0
4698 0
4698 0
4698 0
4698 432
4698 0
4698 0
4698 0
4698 0
4698 0
4698 0
4698 0
4698 0
4698 0
4698 0
4698 0
4698 0
4698 0
4698 0
4698 0
4698 0
4698 0
4698 0
4698 0
4698 0
4698 0
4698 0
4698 0
4698 0
4698 0
4698 0
4746 0
4746 0
4746 0
4746 0
4746 0
4746 0
4746 0
4746 0
4746 0
4746 0
4746 0
4746 494
4746 0
4746 0
4746 0
4746 0
4746 0
4746 0
4746 0
4746 0
4746 0
4746 0
4746 0
4746 0
4746 0
4746 0
4746 0
4746 0
4746 4
4746 0
4746 0
4746 0
4746 0
4746 0
4746 0
4746 0
4746 0
4746 0
4748 0
4748 0
4748 0
4748 0
4748 0
4748 0
4748 0
4748 0
4748 0
4748 0
4748 0
4748 370
4748 0
4748 0
4748 0
4748 0
4748 0
4748 0
4748 0
4748 0
4748 0
4748 0
4748 0
4748 0
4748 0
4748 8
4748 0
4748 0
4748 60
4748 0
4748 0
4748 0
4748 0
4748 0
4748 0
4748 0
4748 0
4748 0
4749 0
4749 0
4749 0
4749 0
4749 0
4749 0
4749 0
4749 0
4749 0
4749 0
4749 0
4749 247
4749 0
4749 0
4749 0
4749 0
4749 0
4749 0
4749 0
4749 0
4749 0
4749 0
4749 0
4749 0
4749 0
4749 5
4749 0
4749 0
4749 40
4749 0
4749 0
4749 0
4749 0
4749 0
4749 0
4749 0
4749 0
4749 0
4750 0
4750 0
4750 0
4750 0
4750 0
4750 0
4750 0
4750 0
4750 0
4750 0
4750 0
4750 370
4750 0
4750 0
4750 0
4750 0
4750 0
4750 0
4750 0
4750 0
4750 0
4750 0
4750 0
4750 0
4750 0
4750 8
4750 0
4750 0
4750 60
4750 0
4750 0
4750 0
4750 0
4750 0
4750 0
4750 0
4750 0
4750 0
4787 0
4787 0
4787 0
4787 0
4787 0
4787 0
4787 0
4787 0
4787 0
4787 0
4787 0
4787 432
4787 0
4787 0
4787 0
4787 0
4787 0
4787 0
4787 0
4787 0
4787 0
4787 0
4787 0
4787 0
4787 0
4787 0
4787 0
4787 0
4787 0
4787 0
4787 0
4787 0
4787 0
4787 0
4787 0
4787 0
4787 0
4787 0
4839 0
4839 0
4839 0
4839 0
4839 0
4839 0
4839 0
4839 0
4839 0
4839 0
4839 0
4839 370
4839 0
4839 0
4839 0
4839 0
4839 0
4839 0
4839 0
4839 0
4839 0
4839 0
4839 0
4839 0
4839 0
4839 8
4839 0
4839 0
4839 60
4839 0
4839 0
4839 0
4839 0
4839 0
4839 0
4839 0
4839 0
4839 0
4918 0
4918 0
4918 0
4918 0
4918 0
4918 0
4918 0
4918 0
4918 0
4918 0
4918 0
4918 191
4918 0
4918 0
4918 0
4918 0
4918 0
4918 0
4918 0
4918 0
4918 0
4918 0
4918 0
4918 0
4918 0
4918 0
4918 0
4918 0
4918 0
4918 0
4918 0
4918 0
4918 0
4918 0
4918 0
4918 0
4918 0
4918 0
9574 0
9574 0
9574 0
9574 0
9574 0
9574 0
9574 0
9574 0
9574 0
9574 0
9574 0
9574 640
9574 0
9574 0
9574 0
9574 0
9574 0
9574 0
9574 0
9574 0
9574 0
9574 0
9574 0
9574 0
9574 0
9574 0
9574 0
9574 0
9574 0
9574 0
9574 0
9574 0
9574 0
9574 0
9574 0
9574 0
9574 0
9574 0
9594 0
9594 0
9594 0
9594 0
9594 0
9594 0
9594 0
9594 0
9594 0
9594 0
9594 0
9594 967
9594 0
9594 0
9594 0
9594 0
9594 0
9594 0
9594 0
9594 0
9594 0
9594 0
9594 0
9594 0
9594 0
9594 0
9594 0
9594 0
9594 0
9594 0
9594 0
9594 0
9594 0
9594 0
9594 0
9594 0
9594 0
9594 0
