pt_graph scale
6262 0
6262 0
6262 0
6262 0
6262 0
6262 0
6262 0
6262 0
6262 0
6262 0
6262 0
6262 0
6262 0
6262 0
6262 0
6262 0
6262 0
6262 0
6262 0
6262 0
6262 0
6262 0
6262 0
6262 0
6262 0
6262 0
6262 0
6262 0
6262 0
6262 0
6262 0
6262 0
6262 0
6262 0
6262 0
6262 0
6262 0
6262 0
6339 0
6339 0
6339 0
6339 0
6339 0
6339 0
6339 0
6339 0
6339 0
6339 0
6339 0
6339 0
6339 0
6339 0
6339 0
6339 0
6339 0
6339 0
6339 0
6339 0
6339 0
6339 0
6339 0
6339 0
6339 0
6339 0
6339 0
6339 0
6339 0
6339 0
6339 0
6339 0
6339 0
6339 0
6339 0
6339 0
6339 0
6339 0
6340 0
6340 0
6340 0
6340 0
6340 0
6340 0
6340 0
6340 0
6340 0
6340 1
6340 0
6340 0
6340 0
6340 0
6340 0
6340 0
6340 0
6340 0
6340 0
6340 0
6340 0
6340 0
6340 0
6340 0
6340 0
6340 0
6340 0
6340 0
6340 0
6340 0
6340 1
6340 0
6340 0
6340 0
6340 0
6340 0
6340 0
6340 0
6416 0
6416 18
6416 0
6416 0
6416 0
6416 0
6416 0
6416 0
6416 0
6416 1
6416 0
6416 0
6416 0
6416 0
6416 0
6416 0
6416 0
6416 0
6416 0
6416 0
6416 0
6416 0
6416 0
6416 0
6416 0
6416 0
6416 0
6416 0
6416 0
6416 0
6416 21
6416 0
6416 0
6416 0
6416 0
6416 0
6416 0
6416 0
6417 0
6417 32
6417 0
6417 0
6417 0
6417 0
6417 0
6417 0
6417 0
6417 1
6417 0
6417 0
6417 0
6417 0
6417 0
6417 0
6417 0
6417 0
6417 0
6417 0
6417 0
6417 0
6417 0
6417 0
6417 0
6417 0
6417 0
6417 0
6417 0
6417 0
6417 52
6417 0
6417 0
6417 0
6417 0
6417 0
6417 0
6417 0
6418 0
6418 2
6418 0
6418 0
6418 0
6418 0
6418 0
6418 0
6418 0
6418 2
6418 0
6418 0
6418 0
6418 0
6418 0
6418 0
6418 0
6418 0
6418 0
6418 0
6418 0
6418 0
6418 0
6418 0
6418 0
6418 0
6418 0
6418 1
6418 0
6418 0
6418 6
6418 0
6418 0
6418 0
6418 0
6418 0
6418 0
6418 0
6497 0
6497 0
6497 0
6497 0
6497 0
6497 0
6497 0
6497 0
6497 0
6497 0
6497 0
6497 0
6497 0
6497 0
6497 0
6497 0
6497 0
6497 0
6497 0
6497 0
6497 0
6497 0
6497 0
6497 0
6497 0
6497 0
6497 0
6497 0
6497 0
6497 0
6497 11
6497 0
6497 0
6497 0
6497 0
6497 0
6497 0
6497 0
6498 0
6498 150
6498 0
6498 0
6498 0
6498 0
6498 0
6498 0
6498 0
6498 0
6498 0
6498 0
6498 0
6498 0
6498 0
6498 0
6498 0
6498 0
6498 0
6498 0
6498 0
6498 0
6498 0
6498 0
6498 0
6498 0
6498 0
6498 1
6498 0
6498 0
6498 53
6498 0
6498 0
6498 0
6498 0
6498 0
6498 0
6498 0
6499 0
6499 0
6499 0
6499 0
6499 0
6499 0
6499 0
6499 0
6499 0
6499 0
6499 0
6499 0
6499 0
6499 0
6499 0
6499 0
6499 0
6499 0
6499 0
6499 0
6499 0
6499 0
6499 0
6499 0
6499 0
6499 0
6499 0
6499 0
6499 0
6499 0
6499 0
6499 0
6499 0
6499 0
6499 0
6499 0
6499 0
6499 0
6500 0
6500 0
6500 0
6500 0
6500 0
6500 0
6500 0
6500 0
6500 0
6500 0
6500 0
6500 0
6500 0
6500 0
6500 0
6500 0
6500 0
6500 0
6500 0
6500 0
6500 0
6500 0
6500 0
6500 0
6500 0
6500 0
6500 0
6500 0
6500 0
6500 0
6500 2
6500 0
6500 0
6500 0
6500 0
6500 0
6500 0
6500 0
6579 0
6579 1
6579 0
6579 0
6579 0
6579 0
6579 0
6579 0
6579 0
6579 0
6579 0
6579 0
6579 0
6579 0
6579 0
6579 0
6579 0
6579 0
6579 0
6579 0
6579 0
6579 0
6579 0
6579 0
6579 0
6579 0
6579 0
6579 0
6579 0
6579 0
6579 1
6579 0
6579 0
6579 0
6579 0
6579 0
6579 0
6579 0
6580 0
6580 3
6580 0
6580 0
6580 0
6580 0
6580 0
6580 0
6580 0
6580 1
6580 0
6580 0
6580 0
6580 0
6580 0
6580 0
6580 0
6580 0
6580 0
6580 0
6580 0
6580 0
6580 0
6580 0
6580 0
6580 0
6580 0
6580 3
6580 0
6580 0
6580 19
6580 0
6580 0
6580 0
6580 0
6580 0
6580 0
6580 0
6581 0
6581 126
6581 0
6581 0
6581 0
6581 0
6581 0
6581 0
6581 0
6581 1
6581 0
6581 0
6581 0
6581 0
6581 0
6581 0
6581 0
6581 0
6581 0
6581 0
6581 0
6581 0
6581 0
6581 0
6581 0
6581 0
6581 0
6581 2
6581 0
6581 0
6581 36
6581 0
6581 0
6581 0
6581 0
6581 0
6581 0
6581 0
6582 0
6582 65
6582 0
6582 0
6582 0
6582 0
6582 0
6582 0
6582 0
6582 0
6582 0
6582 0
6582 0
6582 0
6582 0
6582 0
6582 0
6582 0
6582 0
6582 0
6582 0
6582 0
6582 0
6582 0
6582 0
6582 0
6582 0
6582 0
6582 0
6582 0
6582 38
6582 0
6582 0
6582 0
6582 0
6582 0
6582 0
6582 0
6583 0
6583 2
6583 0
6583 0
6583 0
6583 0
6583 0
6583 0
6583 0
6583 2
6583 0
6583 0
6583 0
6583 0
6583 0
6583 0
6583 0
6583 0
6583 0
6583 0
6583 0
6583 0
6583 0
6583 0
6583 0
6583 0
6583 0
6583 1
6583 0
6583 0
6583 2
6583 0
6583 0
6583 0
6583 0
6583 0
6583 0
6583 0
6658 0
6658 71
6658 0
6658 0
6658 0
6658 0
6658 0
6658 0
6658 0
6658 0
6658 0
6658 0
6658 0
6658 0
6658 0
6658 0
6658 0
6658 0
6658 0
6658 0
6658 0
6658 0
6658 0
6658 0
6658 0
6658 0
6658 0
6658 0
6658 0
6658 0
6658 1
6658 0
6658 0
6658 0
6658 0
6658 0
6658 0
6658 0
6659 0
6659 93
6659 0
6659 0
6659 0
6659 0
6659 0
6659 0
6659 0
6659 1
6659 0
6659 0
6659 0
6659 0
6659 0
6659 0
6659 0
6659 0
6659 0
6659 0
6659 0
6659 0
6659 0
6659 0
6659 0
6659 0
6659 0
6659 0
6659 0
6659 0
6659 8
6659 0
6659 0
6659 0
6659 0
6659 0
6659 0
6659 0
6660 0
6660 1
6660 0
6660 0
6660 0
6660 0
6660 0
6660 0
6660 0
6660 0
6660 0
6660 0
6660 0
6660 0
6660 0
6660 0
6660 0
6660 0
6660 0
6660 0
6660 0
6660 0
6660 0
6660 0
6660 0
6660 0
6660 0
6660 0
6660 0
6660 0
6660 0
6660 0
6660 0
6660 0
6660 0
6660 0
6660 0
6660 0
6662 0
6662 0
6662 0
6662 0
6662 0
6662 0
6662 0
6662 0
6662 0
6662 0
6662 0
6662 0
6662 0
6662 0
6662 0
6662 0
6662 0
6662 0
6662 0
6662 0
6662 0
6662 0
6662 0
6662 0
6662 0
6662 0
6662 0
6662 0
6662 0
6662 0
6662 0
6662 0
6662 0
6662 0
6662 0
6662 0
6662 0
6662 0
6737 0
6737 71
6737 0
6737 0
6737 0
6737 0
6737 0
6737 0
6737 0
6737 0
6737 0
6737 0
6737 0
6737 0
6737 0
6737 0
6737 0
6737 0
6737 0
6737 0
6737 0
6737 0
6737 0
6737 0
6737 0
6737 0
6737 0
6737 0
6737 0
6737 0
6737 1
6737 0
6737 0
6737 0
6737 0
6737 0
6737 0
6737 0
6812 0
6812 81
6812 0
6812 0
6812 0
6812 0
6812 0
6812 0
6812 0
6812 0
6812 0
6812 0
6812 0
6812 0
6812 0
6812 0
6812 0
6812 0
6812 0
6812 0
6812 0
6812 0
6812 0
6812 0
6812 0
6812 0
6812 0
6812 0
6812 0
6812 0
6812 1
6812 0
6812 0
6812 0
6812 0
6812 0
6812 0
6812 0
6883 0
6883 99
6883 0
6883 0
6883 0
6883 0
6883 0
6883 0
6883 0
6883 0
6883 0
6883 0
6883 0
6883 0
6883 0
6883 0
6883 0
6883 0
6883 0
6883 0
6883 0
6883 0
6883 0
6883 0
6883 0
6883 0
6883 0
6883 0
6883 0
6883 0
6883 11
6883 0
6883 0
6883 0
6883 0
6883 0
6883 0
6883 0
6950 0
6950 23
6950 0
6950 0
6950 0
6950 0
6950 0
6950 0
6950 0
6950 0
6950 0
6950 0
6950 0
6950 0
6950 0
6950 0
6950 0
6950 0
6950 0
6950 0
6950 0
6950 0
6950 0
6950 0
6950 0
6950 0
6950 0
6950 0
6950 0
6950 0
6950 0
6950 0
6950 0
6950 0
6950 0
6950 0
6950 0
6950 0
6953 0
6953 56
6953 0
6953 0
6953 0
6953 0
6953 0
6953 0
6953 0
6953 0
6953 0
6953 0
6953 0
6953 0
6953 0
6953 0
6953 0
6953 0
6953 0
6953 0
6953 0
6953 0
6953 0
6953 0
6953 0
6953 0
6953 0
6953 0
6953 0
6953 0
6953 0
6953 0
6953 0
6953 0
6953 0
6953 0
6953 0
6953 0
6954 0
6954 3
6954 0
6954 0
6954 0
6954 0
6954 0
6954 0
6954 0
6954 1
6954 0
6954 0
6954 0
6954 0
6954 0
6954 0
6954 0
6954 0
6954 0
6954 0
6954 0
6954 0
6954 0
6954 0
6954 0
6954 0
6954 0
6954 0
6954 0
6954 0
6954 2
6954 0
6954 0
6954 0
6954 0
6954 0
6954 0
6954 0
7026 0
7026 36
7026 0
7026 0
7026 0
7026 0
7026 0
7026 0
7026 0
7026 0
7026 0
7026 0
7026 0
7026 0
7026 0
7026 0
7026 0
7026 0
7026 0
7026 0
7026 0
7026 0
7026 0
7026 0
7026 0
7026 0
7026 0
7026 0
7026 0
7026 0
7026 0
7026 0
7026 0
7026 0
7026 0
7026 0
7026 0
7026 0
7028 0
7028 3
7028 0
7028 0
7028 0
7028 0
7028 0
7028 0
7028 0
7028 0
7028 0
7028 0
7028 0
7028 0
7028 0
7028 0
7028 0
7028 0
7028 0
7028 0
7028 0
7028 0
7028 0
7028 0
7028 0
7028 0
7028 0
7028 0
7028 0
7028 0
7028 0
7028 0
7028 0
7028 0
7028 0
7028 0
7028 0
7028 0
7029 0
7029 2
7029 0
7029 0
7029 0
7029 0
7029 0
7029 0
7029 0
7029 1
7029 0
7029 0
7029 0
7029 0
7029 0
7029 0
7029 0
7029 0
7029 0
7029 0
7029 0
7029 0
7029 0
7029 0
7029 0
7029 0
7029 0
7029 0
7029 0
7029 0
7029 2
7029 0
7029 0
7029 0
7029 0
7029 0
7029 0
7029 0
7059 0
7059 3
7059 0
7059 0
7059 0
7059 0
7059 0
7059 0
7059 2
7059 0
7059 0
7059 0
7059 1
7059 0
7059 0
7059 0
7059 0
7059 0
7059 0
7059 0
7059 0
7059 0
7059 0
7059 0
7059 0
7059 0
7059 0
7059 0
7059 0
7059 0
7059 0
7059 0
7059 0
7059 0
7059 0
7059 0
7059 0
7059 0
7060 0
7060 1
7060 0
7060 0
7060 0
7060 0
7060 0
7060 0
7060 0
7060 0
7060 0
7060 0
7060 0
7060 0
7060 0
7060 0
7060 0
7060 0
7060 0
7060 0
7060 0
7060 0
7060 0
7060 0
7060 0
7060 0
7060 0
7060 0
7060 0
7060 0
7060 0
7060 0
7060 0
7060 0
7060 0
7060 0
7060 0
7060 0
7097 0
7097 67
7097 0
7097 0
7097 0
7097 0
7097 0
7097 0
7097 0
7097 0
7097 0
7097 0
7097 0
7097 0
7097 0
7097 0
7097 0
7097 0
7097 0
7097 0
7097 0
7097 0
7097 0
7097 0
7097 0
7097 0
7097 0
7097 0
7097 0
7097 0
7097 0
7097 0
7097 0
7097 0
7097 0
7097 0
7097 0
7097 0
7098 0
7098 7
7098 0
7098 0
7098 0
7098 0
7098 0
7098 0
7098 0
7098 0
7098 0
7098 0
7098 0
7098 0
7098 0
7098 0
7098 0
7098 0
7098 0
7098 0
7098 0
7098 0
7098 0
7098 0
7098 0
7098 0
7098 0
7098 0
7098 0
7098 0
7098 0
7098 0
7098 0
7098 0
7098 0
7098 0
7098 0
7098 0
7099 0
7099 1
7099 0
7099 0
7099 0
7099 0
7099 0
7099 0
7099 0
7099 0
7099 0
7099 0
7099 0
7099 0
7099 0
7099 0
7099 0
7099 0
7099 0
7099 0
7099 0
7099 0
7099 0
7099 0
7099 0
7099 0
7099 0
7099 0
7099 0
7099 0
7099 0
7099 0
7099 0
7099 0
7099 0
7099 0
7099 0
7099 0
7100 0
7100 3
7100 0
7100 0
7100 0
7100 0
7100 0
7100 0
7100 0
7100 1
7100 0
7100 0
7100 0
7100 0
7100 0
7100 0
7100 0
7100 0
7100 0
7100 0
7100 0
7100 0
7100 0
7100 0
7100 0
7100 0
7100 0
7100 0
7100 0
7100 0
7100 2
7100 0
7100 0
7100 0
7100 0
7100 0
7100 0
7100 0
7124 0
7124 1
7124 0
7124 0
7124 0
7124 0
7124 0
7124 0
7124 0
7124 0
7124 0
7124 0
7124 0
7124 0
7124 0
7124 0
7124 0
7124 0
7124 0
7124 0
7124 0
7124 0
7124 0
7124 0
7124 0
7124 0
7124 0
7124 0
7124 0
7124 0
7124 0
7124 0
7124 0
7124 0
7124 0
7124 0
7124 0
7124 0
7126 0
7126 0
7126 0
7126 0
7126 0
7126 0
7126 0
7126 0
7126 0
7126 0
7126 0
7126 0
7126 0
7126 0
7126 0
7126 0
7126 0
7126 0
7126 0
7126 0
7126 0
7126 0
7126 0
7126 0
7126 0
7126 0
7126 0
7126 0
7126 0
7126 0
7126 0
7126 0
7126 0
7126 0
7126 0
7126 0
7126 0
7126 0
7127 0
7127 6
7127 0
7127 0
7127 0
7127 0
7127 0
7127 0
7127 3
7127 0
7127 0
7127 0
7127 6
7127 0
7127 0
7127 0
7127 0
7127 0
7127 0
7127 0
7127 0
7127 0
7127 0
7127 0
7127 0
7127 0
7127 0
7127 0
7127 0
7127 0
7127 0
7127 0
7127 0
7127 0
7127 0
7127 0
7127 0
7127 0
7128 0
7128 8
7128 0
7128 0
7128 0
7128 0
7128 0
7128 0
7128 3
7128 0
7128 0
7128 0
7128 5
7128 0
7128 0
7128 0
7128 0
7128 0
7128 0
7128 0
7128 0
7128 0
7128 0
7128 0
7128 0
7128 0
7128 0
7128 0
7128 0
7128 0
7128 0
7128 0
7128 0
7128 0
7128 0
7128 0
7128 0
7128 0
7129 0
7129 10
7129 0
7129 0
7129 0
7129 0
7129 0
7129 0
7129 3
7129 0
7129 0
7129 0
7129 1
7129 0
7129 0
7129 0
7129 0
7129 0
7129 0
7129 0
7129 0
7129 0
7129 0
7129 0
7129 0
7129 0
7129 0
7129 0
7129 0
7129 0
7129 0
7129 0
7129 0
7129 0
7129 0
7129 0
7129 0
7129 0
7162 0
7162 2
7162 0
7162 0
7162 0
7162 0
7162 0
7162 0
7162 0
7162 0
7162 0
7162 0
7162 0
7162 0
7162 0
7162 0
7162 0
7162 0
7162 0
7162 0
7162 0
7162 0
7162 0
7162 0
7162 0
7162 0
7162 0
7162 0
7162 0
7162 0
7162 0
7162 0
7162 0
7162 0
7162 0
7162 0
7162 0
7162 0
7169 0
7169 1
7169 0
7169 0
7169 0
7169 0
7169 0
7169 0
7169 0
7169 0
7169 0
7169 0
7169 0
7169 0
7169 0
7169 0
7169 0
7169 0
7169 0
7169 0
7169 0
7169 0
7169 0
7169 0
7169 0
7169 0
7169 0
7169 0
7169 0
7169 0
7169 0
7169 0
7169 0
7169 0
7169 0
7169 0
7169 0
7169 0
7170 0
7170 65
7170 0
7170 0
7170 0
7170 0
7170 0
7170 0
7170 0
7170 0
7170 0
7170 0
7170 0
7170 0
7170 0
7170 0
7170 0
7170 0
7170 0
7170 0
7170 0
7170 0
7170 0
7170 0
7170 0
7170 0
7170 0
7170 0
7170 0
7170 0
7170 0
7170 0
7170 0
7170 0
7170 0
7170 0
7170 0
7170 0
7190 0
7190 1
7190 0
7190 0
7190 0
7190 0
7190 0
7190 0
7190 0
7190 0
7190 0
7190 0
7190 0
7190 0
7190 0
7190 0
7190 0
7190 0
7190 0
7190 0
7190 0
7190 0
7190 0
7190 0
7190 0
7190 0
7190 0
7190 0
7190 0
7190 0
7190 0
7190 0
7190 0
7190 0
7190 0
7190 0
7190 0
7190 0
7191 0
7191 0
7191 0
7191 0
7191 0
7191 0
7191 0
7191 0
7191 0
7191 0
7191 0
7191 0
7191 0
7191 0
7191 0
7191 0
7191 0
7191 0
7191 0
7191 0
7191 0
7191 0
7191 0
7191 0
7191 0
7191 0
7191 0
7191 0
7191 0
7191 0
7191 0
7191 0
7191 0
7191 0
7191 0
7191 0
7191 0
7191 0
7192 0
7192 18
7192 0
7192 0
7192 0
7192 0
7192 0
7192 0
7192 4
7192 0
7192 0
7192 0
7192 15
7192 0
7192 0
7192 0
7192 0
7192 0
7192 0
7192 0
7192 0
7192 0
7192 0
7192 0
7192 0
7192 0
7192 0
7192 0
7192 0
7192 0
7192 0
7192 0
7192 0
7192 0
7192 0
7192 0
7192 0
7192 0
7193 0
7193 6
7193 0
7193 0
7193 0
7193 0
7193 0
7193 0
7193 3
7193 0
7193 0
7193 0
7193 2
7193 0
7193 0
7193 0
7193 0
7193 0
7193 0
7193 0
7193 0
7193 0
7193 0
7193 0
7193 0
7193 0
7193 0
7193 0
7193 0
7193 0
7193 0
7193 0
7193 0
7193 0
7193 0
7193 0
7193 0
7193 0
7194 0
7194 12
7194 0
7194 0
7194 0
7194 0
7194 0
7194 0
7194 3
7194 0
7194 0
7194 0
7194 4
7194 0
7194 0
7194 0
7194 0
7194 0
7194 0
7194 0
7194 0
7194 0
7194 0
7194 0
7194 0
7194 0
7194 0
7194 0
7194 0
7194 0
7194 0
7194 0
7194 0
7194 0
7194 0
7194 0
7194 0
7194 0
7195 0
7195 20
7195 0
7195 0
7195 0
7195 0
7195 0
7195 0
7195 3
7195 0
7195 0
7195 0
7195 0
7195 0
7195 0
7195 0
7195 0
7195 0
7195 0
7195 0
7195 0
7195 0
7195 0
7195 0
7195 0
7195 0
7195 0
7195 0
7195 0
7195 0
7195 0
7195 0
7195 0
7195 0
7195 0
7195 0
7195 0
7195 0
7236 0
7236 45
7236 0
7236 0
7236 0
7236 0
7236 0
7236 0
7236 0
7236 0
7236 0
7236 0
7236 0
7236 0
7236 0
7236 0
7236 0
7236 0
7236 0
7236 0
7236 0
7236 0
7236 0
7236 0
7236 0
7236 0
7236 0
7236 0
7236 0
7236 0
7236 1
7236 0
7236 0
7236 0
7236 0
7236 0
7236 0
7236 0
7259 0
7259 8
7259 0
7259 0
7259 0
7259 0
7259 0
7259 0
7259 2
7259 0
7259 0
7259 0
7259 2
7259 0
7259 0
7259 0
7259 0
7259 0
7259 0
7259 0
7259 0
7259 0
7259 0
7259 0
7259 0
7259 0
7259 0
7259 0
7259 0
7259 0
7259 0
7259 0
7259 0
7259 0
7259 0
7259 0
7259 0
7259 0
7260 0
7260 16
7260 0
7260 0
7260 0
7260 0
7260 0
7260 0
7260 5
7260 0
7260 0
7260 0
7260 12
7260 0
7260 0
7260 0
7260 0
7260 0
7260 0
7260 0
7260 0
7260 0
7260 0
7260 0
7260 0
7260 0
7260 0
7260 0
7260 0
7260 0
7260 0
7260 0
7260 0
7260 0
7260 0
7260 0
7260 0
7260 0
7261 0
7261 0
7261 0
7261 0
7261 0
7261 0
7261 0
7261 0
7261 0
7261 0
7261 0
7261 0
7261 8
7261 0
7261 0
7261 0
7261 0
7261 0
7261 0
7261 0
7261 0
7261 0
7261 0
7261 0
7261 0
7261 0
7261 0
7261 0
7261 0
7261 0
7261 0
7261 0
7261 0
7261 0
7261 0
7261 0
7261 0
7261 0
7262 0
7262 11
7262 0
7262 0
7262 0
7262 0
7262 0
7262 0
7262 3
7262 0
7262 0
7262 0
7262 5
7262 0
7262 0
7262 0
7262 0
7262 0
7262 0
7262 0
7262 0
7262 0
7262 0
7262 0
7262 0
7262 0
7262 0
7262 0
7262 0
7262 0
7262 0
7262 0
7262 0
7262 0
7262 0
7262 0
7262 0
7262 0
7263 0
7263 0
7263 0
7263 0
7263 0
7263 0
7263 0
7263 0
7263 0
7263 0
7263 0
7263 0
7263 0
7263 0
7263 0
7263 0
7263 0
7263 0
7263 0
7263 0
7263 0
7263 0
7263 0
7263 0
7263 0
7263 0
7263 0
7263 0
7263 0
7263 0
7263 0
7263 0
7263 0
7263 0
7263 0
7263 0
7263 0
7263 0
7302 0
7302 99
7302 0
7302 0
7302 0
7302 0
7302 0
7302 0
7302 0
7302 0
7302 0
7302 0
7302 0
7302 0
7302 0
7302 0
7302 0
7302 0
7302 0
7302 0
7302 0
7302 0
7302 0
7302 0
7302 0
7302 0
7302 0
7302 0
7302 0
7302 0
7302 0
7302 0
7302 0
7302 0
7302 0
7302 0
7302 0
7302 0
7303 0
7303 99
7303 0
7303 0
7303 0
7303 0
7303 0
7303 0
7303 0
7303 0
7303 0
7303 0
7303 0
7303 0
7303 0
7303 0
7303 0
7303 0
7303 0
7303 0
7303 0
7303 0
7303 0
7303 0
7303 0
7303 0
7303 0
7303 0
7303 0
7303 0
7303 0
7303 0
7303 0
7303 0
7303 0
7303 0
7303 0
7303 0
7304 0
7304 55
7304 0
7304 0
7304 0
7304 0
7304 0
7304 0
7304 0
7304 0
7304 0
7304 0
7304 0
7304 0
7304 0
7304 0
7304 0
7304 0
7304 0
7304 0
7304 0
7304 0
7304 0
7304 0
7304 0
7304 0
7304 0
7304 0
7304 0
7304 0
7304 0
7304 0
7304 0
7304 0
7304 0
7304 0
7304 0
7304 0
7328 0
7328 0
7328 0
7328 0
7328 0
7328 0
7328 0
7328 0
7328 1
7328 0
7328 0
7328 0
7328 54
7328 0
7328 0
7328 0
7328 0
7328 0
7328 0
7328 0
7328 0
7328 0
7328 0
7328 0
7328 0
7328 0
7328 0
7328 0
7328 0
7328 0
7328 0
7328 0
7328 0
7328 0
7328 0
7328 0
7328 0
7328 0
7329 0
7329 2
7329 0
7329 0
7329 0
7329 0
7329 0
7329 0
7329 7
7329 0
7329 0
7329 0
7329 40
7329 0
7329 0
7329 0
7329 0
7329 0
7329 0
7329 0
7329 0
7329 0
7329 0
7329 0
7329 0
7329 0
7329 0
7329 0
7329 0
7329 0
7329 0
7329 0
7329 0
7329 0
7329 0
7329 0
7329 0
7329 0
7330 0
7330 0
7330 0
7330 0
7330 0
7330 0
7330 0
7330 0
7330 0
7330 0
7330 0
7330 0
7330 12
7330 0
7330 0
7330 0
7330 0
7330 0
7330 0
7330 0
7330 0
7330 0
7330 0
7330 0
7330 0
7330 0
7330 0
7330 0
7330 0
7330 0
7330 0
7330 0
7330 0
7330 0
7330 0
7330 0
7330 0
7330 0
7331 0
7331 0
7331 0
7331 0
7331 0
7331 0
7331 0
7331 0
7331 0
7331 0
7331 0
7331 0
7331 0
7331 0
7331 0
7331 0
7331 0
7331 0
7331 0
7331 0
7331 0
7331 0
7331 0
7331 0
7331 0
7331 0
7331 0
7331 0
7331 0
7331 0
7331 0
7331 0
7331 0
7331 0
7331 0
7331 0
7331 0
7331 0
7370 0
7370 55
7370 0
7370 0
7370 0
7370 0
7370 0
7370 0
7370 0
7370 0
7370 0
7370 0
7370 0
7370 0
7370 0
7370 0
7370 0
7370 0
7370 0
7370 0
7370 0
7370 0
7370 0
7370 0
7370 0
7370 0
7370 0
7370 0
7370 0
7370 0
7370 0
7370 0
7370 0
7370 0
7370 0
7370 0
7370 0
7370 0
7398 0
7398 0
7398 0
7398 0
7398 0
7398 0
7398 0
7398 0
7398 1
7398 0
7398 0
7398 0
7398 52
7398 0
7398 0
7398 0
7398 0
7398 0
7398 0
7398 0
7398 0
7398 0
7398 0
7398 0
7398 0
7398 0
7398 0
7398 0
7398 0
7398 0
7398 0
7398 0
7398 0
7398 0
7398 0
7398 0
7398 0
7398 0
7399 0
7399 2
7399 0
7399 0
7399 0
7399 0
7399 0
7399 0
7399 4
7399 0
7399 0
7399 0
7399 25
7399 0
7399 0
7399 0
7399 0
7399 0
7399 0
7399 0
7399 0
7399 0
7399 0
7399 0
7399 0
7399 0
7399 0
7399 0
7399 0
7399 0
7399 0
7399 0
7399 0
7399 0
7399 0
7399 0
7399 0
7399 0
7400 0
7400 0
7400 0
7400 0
7400 0
7400 0
7400 0
7400 0
7400 0
7400 0
7400 0
7400 0
7400 8
7400 0
7400 0
7400 0
7400 0
7400 0
7400 0
7400 0
7400 0
7400 0
7400 0
7400 0
7400 0
7400 0
7400 0
7400 0
7400 0
7400 0
7400 0
7400 0
7400 0
7400 0
7400 0
7400 0
7400 0
7400 0
7401 0
7401 0
7401 0
7401 0
7401 0
7401 0
7401 0
7401 0
7401 0
7401 0
7401 0
7401 0
7401 1
7401 0
7401 0
7401 0
7401 0
7401 0
7401 0
7401 0
7401 0
7401 0
7401 0
7401 0
7401 0
7401 0
7401 0
7401 0
7401 0
7401 0
7401 0
7401 0
7401 0
7401 0
7401 0
7401 0
7401 0
7401 0
7402 0
7402 0
7402 0
7402 0
7402 0
7402 0
7402 0
7402 0
7402 0
7402 0
7402 0
7402 0
7402 1
7402 0
7402 0
7402 0
7402 0
7402 0
7402 0
7402 0
7402 0
7402 0
7402 0
7402 0
7402 0
7402 0
7402 0
7402 0
7402 0
7402 0
7402 0
7402 0
7402 0
7402 0
7402 0
7402 0
7402 0
7402 0
7466 0
7466 2
7466 0
7466 0
7466 0
7466 0
7466 0
7466 0
7466 6
7466 0
7466 0
7466 0
7466 30
7466 0
7466 0
7466 0
7466 0
7466 0
7466 0
7466 0
7466 0
7466 0
7466 0
7466 0
7466 0
7466 0
7466 0
7466 0
7466 0
7466 0
7466 0
7466 0
7466 0
7466 0
7466 0
7466 0
7466 0
7466 0
7467 0
7467 4
7467 0
7467 0
7467 0
7467 0
7467 0
7467 0
7467 0
7467 0
7467 0
7467 0
7467 7
7467 0
7467 0
7467 0
7467 0
7467 0
7467 0
7467 0
7467 0
7467 0
7467 0
7467 0
7467 0
7467 0
7467 0
7467 0
7467 0
7467 0
7467 0
7467 0
7467 0
7467 0
7467 0
7467 0
7467 0
7467 0
7468 0
7468 0
7468 0
7468 0
7468 0
7468 0
7468 0
7468 0
7468 0
7468 0
7468 0
7468 0
7468 0
7468 0
7468 0
7468 0
7468 0
7468 0
7468 0
7468 0
7468 0
7468 0
7468 0
7468 0
7468 0
7468 0
7468 0
7468 0
7468 0
7468 0
7468 0
7468 0
7468 0
7468 0
7468 0
7468 0
7468 0
7468 0
7534 0
7534 0
7534 0
7534 0
7534 0
7534 0
7534 0
7534 0
7534 0
7534 0
7534 0
7534 0
7534 0
7534 0
7534 0
7534 0
7534 0
7534 0
7534 0
7534 0
7534 0
7534 0
7534 0
7534 0
7534 0
7534 0
7534 0
7534 0
7534 0
7534 0
7534 0
7534 0
7534 0
7534 0
7534 0
7534 0
7534 0
7534 0
7535 0
7535 5
7535 0
7535 0
7535 0
7535 0
7535 0
7535 0
7535 0
7535 0
7535 0
7535 0
7535 9
7535 0
7535 0
7535 0
7535 0
7535 0
7535 0
7535 0
7535 0
7535 0
7535 0
7535 0
7535 0
7535 0
7535 0
7535 0
7535 0
7535 0
7535 0
7535 0
7535 0
7535 0
7535 0
7535 0
7535 0
7535 0
7536 0
7536 0
7536 0
7536 0
7536 0
7536 0
7536 0
7536 0
7536 0
7536 0
7536 0
7536 0
7536 0
7536 0
7536 0
7536 0
7536 0
7536 0
7536 0
7536 0
7536 0
7536 0
7536 0
7536 0
7536 0
7536 0
7536 0
7536 0
7536 0
7536 0
7536 0
7536 0
7536 0
7536 0
7536 0
7536 0
7536 0
7536 0
7607 0
7607 5
7607 0
7607 0
7607 0
7607 0
7607 0
7607 0
7607 0
7607 0
7607 0
7607 0
7607 4
7607 0
7607 0
7607 0
7607 0
7607 0
7607 0
7607 0
7607 0
7607 0
7607 0
7607 0
7607 0
7607 0
7607 0
7607 0
7607 0
7607 0
7607 0
7607 0
7607 0
7607 0
7607 0
7607 0
7607 0
7607 0
7608 0
7608 3
7608 0
7608 0
7608 0
7608 0
7608 0
7608 0
7608 0
7608 0
7608 0
7608 0
7608 5
7608 0
7608 0
7608 0
7608 0
7608 0
7608 0
7608 0
7608 0
7608 0
7608 0
7608 0
7608 0
7608 0
7608 0
7608 0
7608 0
7608 0
7608 0
7608 0
7608 0
7608 0
7608 0
7608 0
7608 0
7608 0
7609 0
7609 0
7609 0
7609 0
7609 0
7609 0
7609 0
7609 0
7609 0
7609 0
7609 0
7609 0
7609 1
7609 0
7609 0
7609 0
7609 0
7609 0
7609 0
7609 0
7609 0
7609 0
7609 0
7609 0
7609 0
7609 0
7609 0
7609 0
7609 0
7609 0
7609 0
7609 0
7609 0
7609 0
7609 0
7609 0
7609 0
7609 0
7647 0
7647 1
7647 0
7647 0
7647 0
7647 0
7647 0
7647 0
7647 0
7647 0
7647 0
7647 0
7647 0
7647 0
7647 0
7647 0
7647 0
7647 0
7647 0
7647 0
7647 0
7647 0
7647 0
7647 0
7647 0
7647 0
7647 0
7647 0
7647 0
7647 0
7647 0
7647 0
7647 0
7647 0
7647 0
7647 0
7647 0
7647 0
7681 0
7681 5
7681 0
7681 0
7681 0
7681 0
7681 0
7681 0
7681 0
7681 0
7681 0
7681 0
7681 3
7681 0
7681 0
7681 0
7681 0
7681 0
7681 0
7681 0
7681 0
7681 0
7681 0
7681 0
7681 0
7681 0
7681 0
7681 0
7681 0
7681 0
7681 0
7681 0
7681 0
7681 0
7681 0
7681 0
7681 0
7681 0
7682 0
7682 5
7682 0
7682 0
7682 0
7682 0
7682 0
7682 0
7682 0
7682 0
7682 0
7682 0
7682 2
7682 0
7682 0
7682 0
7682 0
7682 0
7682 0
7682 0
7682 0
7682 0
7682 0
7682 0
7682 0
7682 0
7682 0
7682 0
7682 0
7682 0
7682 0
7682 0
7682 0
7682 0
7682 0
7682 0
7682 0
7682 0
7683 0
7683 0
7683 0
7683 0
7683 0
7683 0
7683 0
7683 0
7683 0
7683 0
7683 0
7683 0
7683 1
7683 0
7683 0
7683 0
7683 0
7683 0
7683 0
7683 0
7683 0
7683 0
7683 0
7683 0
7683 0
7683 0
7683 0
7683 0
7683 0
7683 0
7683 0
7683 0
7683 0
7683 0
7683 0
7683 0
7683 0
7683 0
7718 0
7718 1
7718 0
7718 0
7718 0
7718 0
7718 0
7718 0
7718 0
7718 0
7718 0
7718 0
7718 0
7718 0
7718 0
7718 0
7718 0
7718 0
7718 0
7718 0
7718 0
7718 0
7718 0
7718 0
7718 0
7718 0
7718 0
7718 0
7718 0
7718 0
7718 0
7718 0
7718 0
7718 0
7718 0
7718 0
7718 0
7718 0
7719 0
7719 24
7719 0
7719 0
7719 0
7719 0
7719 0
7719 0
7719 0
7719 5
7719 0
7719 0
7719 0
7719 0
7719 0
7719 0
7719 0
7719 0
7719 0
7719 0
7719 0
7719 0
7719 0
7719 0
7719 0
7719 0
7719 0
7719 0
7719 0
7719 0
7719 17
7719 0
7719 0
7719 0
7719 0
7719 0
7719 0
7719 0
7754 0
7754 0
7754 0
7754 0
7754 0
7754 0
7754 0
7754 0
7754 0
7754 0
7754 0
7754 0
7754 1
7754 0
7754 0
7754 0
7754 0
7754 0
7754 0
7754 0
7754 0
7754 0
7754 0
7754 0
7754 0
7754 0
7754 0
7754 0
7754 0
7754 0
7754 0
7754 0
7754 0
7754 0
7754 0
7754 0
7754 0
7754 0
7755 0
7755 4
7755 0
7755 0
7755 0
7755 0
7755 0
7755 0
7755 0
7755 0
7755 0
7755 0
7755 2
7755 0
7755 0
7755 0
7755 0
7755 0
7755 0
7755 0
7755 0
7755 0
7755 0
7755 0
7755 0
7755 0
7755 0
7755 0
7755 0
7755 0
7755 0
7755 0
7755 0
7755 0
7755 0
7755 0
7755 0
7755 0
7756 0
7756 0
7756 0
7756 0
7756 0
7756 0
7756 0
7756 0
7756 0
7756 0
7756 0
7756 0
7756 1
7756 0
7756 0
7756 0
7756 0
7756 0
7756 0
7756 0
7756 0
7756 0
7756 0
7756 0
7756 0
7756 0
7756 0
7756 0
7756 0
7756 0
7756 0
7756 0
7756 0
7756 0
7756 0
7756 0
7756 0
7756 0
7792 0
7792 24
7792 0
7792 0
7792 0
7792 0
7792 0
7792 0
7792 5
7792 0
7792 0
7792 0
7792 0
7792 0
7792 0
7792 0
7792 0
7792 0
7792 0
7792 0
7792 0
7792 0
7792 0
7792 0
7792 0
7792 0
7792 0
7792 0
7792 0
7792 0
7792 17
7792 0
7792 0
7792 0
7792 0
7792 0
7792 0
7792 0
7829 0
7829 0
7829 0
7829 0
7829 0
7829 0
7829 0
7829 0
7829 0
7829 0
7829 0
7829 0
7829 0
7829 0
7829 0
7829 0
7829 0
7829 0
7829 0
7829 0
7829 0
7829 0
7829 0
7829 0
7829 0
7829 0
7829 0
7829 0
7829 0
7829 0
7829 0
7829 0
7829 0
7829 0
7829 0
7829 0
7829 0
7829 0
7830 0
7830 8
7830 0
7830 0
7830 0
7830 0
7830 0
7830 0
7830 0
7830 0
7830 0
7830 0
7830 105
7830 0
7830 0
7830 0
7830 0
7830 0
7830 0
7830 0
7830 0
7830 0
7830 0
7830 0
7830 0
7830 0
7830 0
7830 0
7830 0
7830 0
7830 0
7830 0
7830 0
7830 0
7830 0
7830 0
7830 0
7830 0
7848 0
7848 0
7848 0
7848 0
7848 0
7848 0
7848 0
7848 0
7848 365
7848 0
7848 0
7848 0
7848 1
7848 0
7848 0
7848 0
7848 0
7848 0
7848 0
7848 0
7848 0
7848 0
7848 0
7848 0
7848 1
7848 0
7848 0
7848 165
7848 0
7848 0
7848 1
7848 0
7848 0
7848 0
7848 0
7848 0
7848 0
7848 0
7849 0
7849 0
7849 0
7849 0
7849 0
7849 0
7849 0
7849 0
7849 835
7849 0
7849 0
7849 0
7849 2
7849 0
7849 0
7849 0
7849 0
7849 0
7849 0
7849 0
7849 0
7849 0
7849 0
7849 0
7849 2
7849 0
7849 0
7849 400
7849 0
7849 0
7849 69
7849 0
7849 0
7849 0
7849 0
7849 0
7849 0
7849 0
7864 0
7864 34
7864 0
7864 0
7864 0
7864 0
7864 0
7864 0
7864 6
7864 0
7864 0
7864 0
7864 0
7864 0
7864 0
7864 0
7864 0
7864 0
7864 0
7864 0
7864 0
7864 0
7864 0
7864 0
7864 0
7864 0
7864 0
7864 0
7864 0
7864 0
7864 21
7864 0
7864 0
7864 0
7864 0
7864 0
7864 0
7864 0
7903 0
7903 0
7903 0
7903 0
7903 0
7903 0
7903 0
7903 0
7903 0
7903 0
7903 0
7903 0
7903 52
7903 0
7903 0
7903 0
7903 0
7903 0
7903 0
7903 0
7903 0
7903 0
7903 0
7903 0
7903 0
7903 0
7903 0
7903 0
7903 0
7903 0
7903 0
7903 0
7903 0
7903 0
7903 0
7903 0
7903 0
7903 0
7904 0
7904 8
7904 0
7904 0
7904 0
7904 0
7904 0
7904 0
7904 0
7904 0
7904 0
7904 0
7904 105
7904 0
7904 0
7904 0
7904 0
7904 0
7904 0
7904 0
7904 0
7904 0
7904 0
7904 0
7904 0
7904 0
7904 0
7904 0
7904 0
7904 0
7904 0
7904 0
7904 0
7904 0
7904 0
7904 0
7904 0
7904 0
7922 0
7922 0
7922 0
7922 0
7922 0
7922 0
7922 0
7922 0
7922 835
7922 0
7922 0
7922 0
7922 2
7922 0
7922 0
7922 0
7922 0
7922 0
7922 0
7922 0
7922 0
7922 0
7922 0
7922 0
7922 2
7922 0
7922 0
7922 400
7922 0
7922 0
7922 69
7922 0
7922 0
7922 0
7922 0
7922 0
7922 0
7922 0
7923 0
7923 0
7923 0
7923 0
7923 0
7923 0
7923 0
7923 0
7923 28
7923 0
7923 0
7923 0
7923 135
7923 0
7923 0
7923 0
7923 0
7923 0
7923 0
7923 0
7923 0
7923 0
7923 0
7923 0
7923 0
7923 0
7923 0
7923 1
7923 0
7923 0
7923 0
7923 0
7923 0
7923 0
7923 0
7923 0
7923 0
7923 0
7924 0
7924 0
7924 0
7924 0
7924 0
7924 0
7924 0
7924 0
7924 365
7924 0
7924 0
7924 0
7924 1
7924 0
7924 0
7924 0
7924 0
7924 0
7924 0
7924 0
7924 0
7924 0
7924 0
7924 0
7924 1
7924 0
7924 0
7924 165
7924 0
7924 0
7924 1
7924 0
7924 0
7924 0
7924 0
7924 0
7924 0
7924 0
7926 0
7926 0
7926 0
7926 0
7926 0
7926 0
7926 0
7926 0
7926 28
7926 0
7926 0
7926 0
7926 135
7926 0
7926 0
7926 0
7926 0
7926 0
7926 0
7926 0
7926 0
7926 0
7926 0
7926 0
7926 0
7926 0
7926 0
7926 1
7926 0
7926 0
7926 0
7926 0
7926 0
7926 0
7926 0
7926 0
7926 0
7926 0
7937 0
7937 174
7937 0
7937 0
7937 0
7937 0
7937 0
7937 0
7937 0
7937 0
7937 0
7937 0
7937 0
7937 0
7937 0
7937 0
7937 0
7937 0
7937 0
7937 0
7937 0
7937 0
7937 0
7937 0
7937 0
7937 0
7937 0
7937 0
7937 0
7937 0
7937 26
7937 0
7937 0
7937 0
7937 0
7937 0
7937 0
7937 0
7975 0
7975 0
7975 0
7975 0
7975 0
7975 0
7975 0
7975 0
7975 0
7975 0
7975 0
7975 0
7975 49
7975 0
7975 0
7975 0
7975 0
7975 0
7975 0
7975 0
7975 0
7975 0
7975 0
7975 0
7975 0
7975 0
7975 0
7975 0
7975 0
7975 0
7975 0
7975 0
7975 0
7975 0
7975 0
7975 0
7975 0
7975 0
7976 0
7976 1
7976 0
7976 0
7976 0
7976 0
7976 0
7976 0
7976 3
7976 0
7976 0
7976 0
7976 131
7976 0
7976 0
7976 0
7976 0
7976 0
7976 0
7976 0
7976 0
7976 0
7976 0
7976 0
7976 0
7976 0
7976 0
7976 0
7976 0
7976 0
7976 0
7976 0
7976 0
7976 0
7976 0
7976 0
7976 0
7976 0
7977 0
7977 30
7977 0
7977 0
7977 0
7977 0
7977 0
7977 0
7977 26
7977 0
7977 0
7977 0
7977 187
7977 0
7977 0
7977 0
7977 0
7977 0
7977 0
7977 0
7977 0
7977 0
7977 0
7977 0
7977 0
7977 0
7977 0
7977 2
7977 0
7977 0
7977 0
7977 0
7977 0
7977 0
7977 0
7977 0
7977 0
7977 0
7982 0
7982 1
7982 0
7982 0
7982 0
7982 0
7982 0
7982 0
7982 0
7982 0
7982 0
7982 0
7982 0
7982 0
7982 0
7982 0
7982 0
7982 0
7982 0
7982 0
7982 0
7982 0
7982 0
7982 0
7982 0
7982 0
7982 0
7982 0
7982 0
7982 0
7982 0
7982 0
7982 0
7982 0
7982 0
7982 0
7982 0
7982 0
7983 0
7983 1
7983 0
7983 0
7983 0
7983 0
7983 0
7983 0
7983 0
7983 0
7983 0
7983 0
7983 0
7983 0
7983 0
7983 0
7983 0
7983 0
7983 0
7983 0
7983 0
7983 0
7983 0
7983 0
7983 0
7983 0
7983 0
7983 0
7983 0
7983 0
7983 0
7983 0
7983 0
7983 0
7983 0
7983 0
7983 0
7983 0
7997 0
7997 0
7997 0
7997 0
7997 0
7997 0
7997 0
7997 0
7997 365
7997 0
7997 0
7997 0
7997 1
7997 0
7997 0
7997 0
7997 0
7997 0
7997 0
7997 0
7997 0
7997 0
7997 0
7997 0
7997 1
7997 0
7997 0
7997 165
7997 0
7997 0
7997 1
7997 0
7997 0
7997 0
7997 0
7997 0
7997 0
7997 0
8006 0
8006 81
8006 0
8006 0
8006 0
8006 0
8006 0
8006 0
8006 0
8006 0
8006 0
8006 0
8006 0
8006 0
8006 0
8006 0
8006 0
8006 0
8006 0
8006 0
8006 0
8006 0
8006 0
8006 0
8006 0
8006 0
8006 0
8006 0
8006 0
8006 0
8006 1
8006 0
8006 0
8006 0
8006 0
8006 0
8006 0
8006 0
8007 0
8007 81
8007 0
8007 0
8007 0
8007 0
8007 0
8007 0
8007 0
8007 0
8007 0
8007 0
8007 0
8007 0
8007 0
8007 0
8007 0
8007 0
8007 0
8007 0
8007 0
8007 0
8007 0
8007 0
8007 0
8007 0
8007 0
8007 0
8007 0
8007 0
8007 1
8007 0
8007 0
8007 0
8007 0
8007 0
8007 0
8007 0
8037 0
8037 0
8037 0
8037 0
8037 0
8037 0
8037 0
8037 0
8037 0
8037 0
8037 0
8037 0
8037 1
8037 0
8037 0
8037 0
8037 0
8037 0
8037 0
8037 0
8037 0
8037 0
8037 0
8037 0
8037 0
8037 0
8037 0
8037 0
8037 0
8037 0
8037 0
8037 0
8037 0
8037 0
8037 0
8037 0
8037 0
8037 0
8038 0
8038 0
8038 0
8038 0
8038 0
8038 0
8038 0
8038 0
8038 2
8038 0
8038 0
8038 0
8038 12
8038 0
8038 0
8038 0
8038 0
8038 0
8038 0
8038 0
8038 0
8038 0
8038 0
8038 0
8038 0
8038 0
8038 0
8038 0
8038 0
8038 0
8038 0
8038 0
8038 0
8038 0
8038 0
8038 0
8038 0
8038 0
8040 0
8040 1
8040 0
8040 0
8040 0
8040 0
8040 0
8040 0
8040 0
8040 0
8040 0
8040 0
8040 34
8040 0
8040 0
8040 0
8040 0
8040 0
8040 0
8040 0
8040 0
8040 0
8040 0
8040 0
8040 0
8040 0
8040 0
8040 0
8040 0
8040 0
8040 0
8040 0
8040 0
8040 0
8040 0
8040 0
8040 0
8040 0
8041 0
8041 1
8041 0
8041 0
8041 0
8041 0
8041 0
8041 0
8041 3
8041 0
8041 0
8041 0
8041 131
8041 0
8041 0
8041 0
8041 0
8041 0
8041 0
8041 0
8041 0
8041 0
8041 0
8041 0
8041 0
8041 0
8041 0
8041 0
8041 0
8041 0
8041 0
8041 0
8041 0
8041 0
8041 0
8041 0
8041 0
8041 0
8047 0
8047 1
8047 0
8047 0
8047 0
8047 0
8047 0
8047 0
8047 0
8047 0
8047 0
8047 0
8047 0
8047 0
8047 0
8047 0
8047 0
8047 0
8047 0
8047 0
8047 0
8047 0
8047 0
8047 0
8047 0
8047 0
8047 0
8047 0
8047 0
8047 0
8047 0
8047 0
8047 0
8047 0
8047 0
8047 0
8047 0
8047 0
8096 0
8096 0
8096 0
8096 0
8096 0
8096 0
8096 0
8096 0
8096 0
8096 0
8096 0
8096 0
8096 52
8096 0
8096 0
8096 0
8096 0
8096 0
8096 0
8096 0
8096 0
8096 0
8096 0
8096 0
8096 0
8096 0
8096 0
8096 0
8096 0
8096 0
8096 0
8096 0
8096 0
8096 0
8096 0
8096 0
8096 0
8096 0
8097 0
8097 0
8097 0
8097 0
8097 0
8097 0
8097 0
8097 0
8097 0
8097 0
8097 0
8097 0
8097 52
8097 0
8097 0
8097 0
8097 0
8097 0
8097 0
8097 0
8097 0
8097 0
8097 0
8097 0
8097 0
8097 0
8097 0
8097 0
8097 0
8097 0
8097 0
8097 0
8097 0
8097 0
8097 0
8097 0
8097 0
8097 0
8098 0
8098 0
8098 0
8098 0
8098 0
8098 0
8098 0
8098 0
8098 0
8098 0
8098 0
8098 0
8098 1
8098 0
8098 0
8098 0
8098 0
8098 0
8098 0
8098 0
8098 0
8098 0
8098 0
8098 0
8098 0
8098 0
8098 0
8098 0
8098 0
8098 0
8098 0
8098 0
8098 0
8098 0
8098 0
8098 0
8098 0
8098 0
8100 0
8100 1
8100 0
8100 0
8100 0
8100 0
8100 0
8100 0
8100 0
8100 0
8100 0
8100 0
8100 34
8100 0
8100 0
8100 0
8100 0
8100 0
8100 0
8100 0
8100 0
8100 0
8100 0
8100 0
8100 0
8100 0
8100 0
8100 0
8100 0
8100 0
8100 0
8100 0
8100 0
8100 0
8100 0
8100 0
8100 0
8100 0
8101 0
8101 30
8101 0
8101 0
8101 0
8101 0
8101 0
8101 0
8101 26
8101 0
8101 0
8101 0
8101 187
8101 0
8101 0
8101 0
8101 0
8101 0
8101 0
8101 0
8101 0
8101 0
8101 0
8101 0
8101 0
8101 0
8101 0
8101 2
8101 0
8101 0
8101 0
8101 0
8101 0
8101 0
8101 0
8101 0
8101 0
8101 0
8105 0
8105 200
8105 0
8105 0
8105 0
8105 0
8105 0
8105 0
8105 0
8105 0
8105 0
8105 0
8105 0
8105 0
8105 0
8105 0
8105 0
8105 0
8105 0
8105 0
8105 0
8105 0
8105 0
8105 0
8105 0
8105 0
8105 0
8105 0
8105 0
8105 0
8105 0
8105 0
8105 0
8105 0
8105 0
8105 0
8105 0
8105 0
8106 0
8106 463
8106 0
8106 0
8106 0
8106 0
8106 0
8106 0
8106 0
8106 0
8106 0
8106 0
8106 0
8106 0
8106 0
8106 0
8106 0
8106 0
8106 0
8106 0
8106 0
8106 0
8106 0
8106 0
8106 0
8106 0
8106 0
8106 0
8106 0
8106 0
8106 0
8106 0
8106 0
8106 0
8106 0
8106 0
8106 0
8106 0
8107 0
8107 1
8107 0
8107 0
8107 0
8107 0
8107 0
8107 0
8107 0
8107 0
8107 0
8107 0
8107 0
8107 0
8107 0
8107 0
8107 0
8107 0
8107 0
8107 0
8107 0
8107 0
8107 0
8107 0
8107 0
8107 0
8107 0
8107 0
8107 0
8107 0
8107 0
8107 0
8107 0
8107 0
8107 0
8107 0
8107 0
8107 0
8110 0
8110 0
8110 0
8110 0
8110 0
8110 0
8110 0
8110 0
8110 0
8110 0
8110 0
8110 0
8110 0
8110 0
8110 0
8110 0
8110 0
8110 0
8110 0
8110 0
8110 0
8110 0
8110 0
8110 0
8110 0
8110 0
8110 0
8110 0
8110 0
8110 0
8110 0
8110 0
8110 0
8110 0
8110 0
8110 0
8110 0
8110 0
8112 0
8112 0
8112 0
8112 0
8112 0
8112 0
8112 0
8112 0
8112 0
8112 0
8112 0
8112 0
8112 0
8112 0
8112 0
8112 0
8112 0
8112 0
8112 0
8112 0
8112 0
8112 0
8112 0
8112 0
8112 0
8112 0
8112 0
8112 0
8112 0
8112 0
8112 0
8112 0
8112 0
8112 0
8112 0
8112 0
8112 0
8112 0
8155 0
8155 0
8155 0
8155 0
8155 0
8155 0
8155 0
8155 0
8155 0
8155 0
8155 0
8155 0
8155 52
8155 0
8155 0
8155 0
8155 0
8155 0
8155 0
8155 0
8155 0
8155 0
8155 0
8155 0
8155 0
8155 0
8155 0
8155 0
8155 0
8155 0
8155 0
8155 0
8155 0
8155 0
8155 0
8155 0
8155 0
8155 0
8156 0
8156 1
8156 0
8156 0
8156 0
8156 0
8156 0
8156 0
8156 0
8156 0
8156 0
8156 0
8156 0
8156 0
8156 0
8156 0
8156 0
8156 0
8156 0
8156 0
8156 0
8156 0
8156 0
8156 0
8156 0
8156 0
8156 0
8156 0
8156 0
8156 0
8156 0
8156 0
8156 0
8156 0
8156 0
8156 0
8156 0
8156 0
8157 0
8157 102
8157 0
8157 0
8157 0
8157 0
8157 0
8157 0
8157 10
8157 0
8157 0
8157 0
8157 41
8157 0
8157 0
8157 0
8157 0
8157 0
8157 0
8157 0
8157 0
8157 0
8157 0
8157 0
8157 0
8157 0
8157 0
8157 17
8157 0
8157 0
8157 0
8157 0
8157 0
8157 0
8157 0
8157 0
8157 0
8157 0
8158 0
8158 3
8158 0
8158 0
8158 0
8158 0
8158 0
8158 0
8158 10
8158 0
8158 0
8158 0
8158 614
8158 0
8158 0
8158 0
8158 0
8158 0
8158 0
8158 0
8158 0
8158 0
8158 0
8158 0
8158 0
8158 0
8158 0
8158 1
8158 0
8158 0
8158 0
8158 0
8158 0
8158 0
8158 0
8158 0
8158 0
8158 0
8159 0
8159 21
8159 0
8159 0
8159 0
8159 0
8159 0
8159 0
8159 18
8159 0
8159 0
8159 0
8159 200
8159 0
8159 0
8159 0
8159 0
8159 0
8159 0
8159 0
8159 0
8159 0
8159 0
8159 0
8159 0
8159 0
8159 0
8159 2
8159 0
8159 0
8159 0
8159 0
8159 0
8159 0
8159 0
8159 0
8159 0
8159 0
8164 0
8164 259
8164 0
8164 0
8164 0
8164 0
8164 0
8164 0
8164 0
8164 0
8164 0
8164 0
8164 1
8164 0
8164 0
8164 0
8164 0
8164 0
8164 0
8164 0
8164 0
8164 0
8164 0
8164 0
8164 0
8164 0
8164 0
8164 0
8164 0
8164 0
8164 0
8164 0
8164 0
8164 0
8164 0
8164 0
8164 0
8164 0
8165 0
8165 159
8165 0
8165 0
8165 0
8165 0
8165 0
8165 0
8165 0
8165 0
8165 0
8165 0
8165 1
8165 0
8165 0
8165 0
8165 0
8165 0
8165 0
8165 0
8165 0
8165 0
8165 0
8165 0
8165 0
8165 0
8165 0
8165 0
8165 0
8165 0
8165 0
8165 0
8165 0
8165 0
8165 0
8165 0
8165 0
8165 0
8166 0
8166 0
8166 0
8166 0
8166 0
8166 0
8166 0
8166 0
8166 0
8166 0
8166 0
8166 0
8166 0
8166 0
8166 0
8166 0
8166 0
8166 0
8166 0
8166 0
8166 0
8166 0
8166 0
8166 0
8166 0
8166 0
8166 0
8166 0
8166 0
8166 0
8166 0
8166 0
8166 0
8166 0
8166 0
8166 0
8166 0
8166 0
8167 0
8167 0
8167 0
8167 0
8167 0
8167 0
8167 0
8167 0
8167 0
8167 0
8167 0
8167 0
8167 0
8167 0
8167 0
8167 0
8167 0
8167 0
8167 0
8167 0
8167 0
8167 0
8167 0
8167 0
8167 0
8167 0
8167 0
8167 0
8167 0
8167 0
8167 0
8167 0
8167 0
8167 0
8167 0
8167 0
8167 0
8167 0
8168 0
8168 0
8168 0
8168 0
8168 0
8168 0
8168 0
8168 0
8168 0
8168 0
8168 0
8168 0
8168 0
8168 0
8168 0
8168 0
8168 0
8168 0
8168 0
8168 0
8168 0
8168 0
8168 0
8168 0
8168 0
8168 0
8168 0
8168 0
8168 0
8168 0
8168 0
8168 0
8168 0
8168 0
8168 0
8168 0
8168 0
8168 0
8169 0
8169 0
8169 0
8169 0
8169 0
8169 0
8169 0
8169 0
8169 0
8169 0
8169 0
8169 0
8169 0
8169 0
8169 0
8169 0
8169 0
8169 0
8169 0
8169 0
8169 0
8169 0
8169 0
8169 0
8169 0
8169 0
8169 0
8169 0
8169 0
8169 0
8169 0
8169 0
8169 0
8169 0
8169 0
8169 0
8169 0
8169 0
8215 0
8215 102
8215 0
8215 0
8215 0
8215 0
8215 0
8215 0
8215 0
8215 0
8215 0
8215 0
8215 95
8215 0
8215 0
8215 0
8215 0
8215 0
8215 0
8215 0
8215 0
8215 0
8215 0
8215 0
8215 0
8215 0
8215 0
8215 30
8215 0
8215 0
8215 0
8215 0
8215 0
8215 0
8215 0
8215 0
8215 0
8215 0
8216 0
8216 41
8216 0
8216 0
8216 0
8216 0
8216 0
8216 0
8216 2
8216 0
8216 0
8216 0
8216 4
8216 0
8216 0
8216 0
8216 0
8216 0
8216 0
8216 0
8216 0
8216 0
8216 0
8216 0
8216 0
8216 0
8216 0
8216 1
8216 0
8216 0
8216 0
8216 0
8216 0
8216 0
8216 0
8216 0
8216 0
8216 0
8217 0
8217 0
8217 0
8217 0
8217 0
8217 0
8217 0
8217 0
8217 0
8217 0
8217 0
8217 0
8217 15
8217 0
8217 0
8217 0
8217 0
8217 0
8217 0
8217 0
8217 0
8217 0
8217 0
8217 0
8217 0
8217 0
8217 0
8217 0
8217 0
8217 0
8217 0
8217 0
8217 0
8217 0
8217 0
8217 0
8217 0
8217 0
8218 0
8218 27
8218 0
8218 0
8218 0
8218 0
8218 0
8218 0
8218 3
8218 0
8218 0
8218 0
8218 131
8218 0
8218 0
8218 0
8218 0
8218 0
8218 0
8218 0
8218 0
8218 0
8218 0
8218 0
8218 0
8218 0
8218 0
8218 0
8218 0
8218 0
8218 0
8218 0
8218 0
8218 0
8218 0
8218 0
8218 0
8218 0
8219 0
8219 0
8219 0
8219 0
8219 0
8219 0
8219 0
8219 0
8219 0
8219 0
8219 0
8219 0
8219 1
8219 0
8219 0
8219 0
8219 0
8219 0
8219 0
8219 0
8219 0
8219 0
8219 0
8219 0
8219 0
8219 0
8219 0
8219 0
8219 0
8219 0
8219 0
8219 0
8219 0
8219 0
8219 0
8219 0
8219 0
8219 0
8222 0
8222 234
8222 0
8222 0
8222 0
8222 0
8222 0
8222 0
8222 2
8222 0
8222 0
8222 0
8222 63
8222 0
8222 0
8222 0
8222 0
8222 0
8222 0
8222 0
8222 0
8222 0
8222 0
8222 0
8222 0
8222 0
8222 0
8222 3
8222 0
8222 0
8222 0
8222 0
8222 0
8222 0
8222 0
8222 0
8222 0
8222 0
8224 0
8224 0
8224 0
8224 0
8224 0
8224 0
8224 0
8224 0
8224 0
8224 0
8224 0
8224 0
8224 0
8224 0
8224 0
8224 0
8224 0
8224 0
8224 0
8224 0
8224 0
8224 0
8224 0
8224 0
8224 0
8224 0
8224 0
8224 0
8224 0
8224 0
8224 0
8224 0
8224 0
8224 0
8224 0
8224 0
8224 0
8224 0
8225 0
8225 0
8225 0
8225 0
8225 0
8225 0
8225 0
8225 0
8225 0
8225 0
8225 0
8225 0
8225 0
8225 0
8225 0
8225 0
8225 0
8225 0
8225 0
8225 0
8225 0
8225 0
8225 0
8225 0
8225 0
8225 0
8225 0
8225 0
8225 0
8225 0
8225 0
8225 0
8225 0
8225 0
8225 0
8225 0
8225 0
8225 0
8270 0
8270 5
8270 0
8270 0
8270 0
8270 0
8270 0
8270 0
8270 0
8270 0
8270 0
8270 0
8270 0
8270 0
8270 0
8270 0
8270 0
8270 0
8270 0
8270 0
8270 0
8270 0
8270 0
8270 0
8270 0
8270 0
8270 0
8270 0
8270 0
8270 0
8270 0
8270 0
8270 0
8270 0
8270 0
8270 0
8270 0
8270 0
8271 0
8271 5
8271 0
8271 0
8271 0
8271 0
8271 0
8271 0
8271 0
8271 0
8271 0
8271 0
8271 0
8271 0
8271 0
8271 0
8271 0
8271 0
8271 0
8271 0
8271 0
8271 0
8271 0
8271 0
8271 0
8271 0
8271 0
8271 0
8271 0
8271 0
8271 0
8271 0
8271 0
8271 0
8271 0
8271 0
8271 0
8271 0
8272 0
8272 11
8272 0
8272 0
8272 0
8272 0
8272 0
8272 0
8272 0
8272 0
8272 0
8272 0
8272 0
8272 0
8272 0
8272 0
8272 0
8272 0
8272 0
8272 0
8272 0
8272 0
8272 0
8272 0
8272 0
8272 0
8272 0
8272 0
8272 0
8272 0
8272 0
8272 0
8272 0
8272 0
8272 0
8272 0
8272 0
8272 0
8273 0
8273 0
8273 0
8273 0
8273 0
8273 0
8273 0
8273 0
8273 0
8273 0
8273 0
8273 0
8273 0
8273 0
8273 0
8273 0
8273 0
8273 0
8273 0
8273 0
8273 0
8273 0
8273 0
8273 0
8273 0
8273 0
8273 0
8273 0
8273 0
8273 0
8273 0
8273 0
8273 0
8273 0
8273 0
8273 0
8273 0
8273 0
8274 0
8274 0
8274 0
8274 0
8274 0
8274 0
8274 0
8274 0
8274 0
8274 0
8274 0
8274 0
8274 0
8274 0
8274 0
8274 0
8274 0
8274 0
8274 0
8274 0
8274 0
8274 0
8274 0
8274 0
8274 0
8274 0
8274 0
8274 0
8274 0
8274 0
8274 0
8274 0
8274 0
8274 0
8274 0
8274 0
8274 0
8274 0
8285 0
8285 0
8285 0
8285 0
8285 0
8285 0
8285 0
8285 0
8285 28
8285 0
8285 0
8285 0
8285 135
8285 0
8285 0
8285 0
8285 0
8285 0
8285 0
8285 0
8285 0
8285 0
8285 0
8285 0
8285 0
8285 0
8285 0
8285 1
8285 0
8285 0
8285 0
8285 0
8285 0
8285 0
8285 0
8285 0
8285 0
8285 0
8286 0
8286 0
8286 0
8286 0
8286 0
8286 0
8286 0
8286 0
8286 28
8286 0
8286 0
8286 0
8286 135
8286 0
8286 0
8286 0
8286 0
8286 0
8286 0
8286 0
8286 0
8286 0
8286 0
8286 0
8286 0
8286 0
8286 0
8286 1
8286 0
8286 0
8286 0
8286 0
8286 0
8286 0
8286 0
8286 0
8286 0
8286 0
8321 0
8321 4
8321 0
8321 0
8321 0
8321 0
8321 0
8321 0
8321 0
8321 0
8321 0
8321 0
8321 0
8321 0
8321 0
8321 0
8321 0
8321 0
8321 0
8321 0
8321 0
8321 0
8321 0
8321 0
8321 0
8321 0
8321 0
8321 0
8321 0
8321 0
8321 0
8321 0
8321 0
8321 0
8321 0
8321 0
8321 0
8321 0
8322 0
8322 7
8322 0
8322 0
8322 0
8322 0
8322 0
8322 0
8322 0
8322 0
8322 0
8322 0
8322 0
8322 0
8322 0
8322 0
8322 0
8322 0
8322 0
8322 0
8322 0
8322 0
8322 0
8322 0
8322 0
8322 0
8322 0
8322 0
8322 0
8322 0
8322 0
8322 0
8322 0
8322 0
8322 0
8322 0
8322 0
8322 0
8324 0
8324 0
8324 0
8324 0
8324 0
8324 0
8324 0
8324 0
8324 0
8324 0
8324 0
8324 0
8324 0
8324 0
8324 0
8324 0
8324 0
8324 0
8324 0
8324 0
8324 0
8324 0
8324 0
8324 0
8324 0
8324 0
8324 0
8324 0
8324 0
8324 0
8324 0
8324 0
8324 0
8324 0
8324 0
8324 0
8324 0
8324 0
8325 0
8325 0
8325 0
8325 0
8325 0
8325 0
8325 0
8325 0
8325 0
8325 0
8325 0
8325 0
8325 0
8325 0
8325 0
8325 0
8325 0
8325 0
8325 0
8325 0
8325 0
8325 0
8325 0
8325 0
8325 0
8325 0
8325 0
8325 0
8325 0
8325 0
8325 0
8325 0
8325 0
8325 0
8325 0
8325 0
8325 0
8325 0
8334 0
8334 224
8334 0
8334 0
8334 0
8334 0
8334 0
8334 0
8334 4
8334 0
8334 0
8334 0
8334 92
8334 0
8334 0
8334 0
8334 0
8334 0
8334 0
8334 0
8334 0
8334 0
8334 0
8334 0
8334 0
8334 0
8334 0
8334 23
8334 0
8334 0
8334 41
8334 0
8334 0
8334 0
8334 0
8334 0
8334 0
8334 0
8335 0
8335 137
8335 0
8335 0
8335 0
8335 0
8335 0
8335 0
8335 10
8335 0
8335 0
8335 0
8335 1480
8335 1
8335 0
8335 0
8335 0
8335 0
8335 0
8335 0
8335 0
8335 0
8335 0
8335 0
8335 0
8335 0
8335 0
8335 27
8335 0
8335 0
8335 0
8335 0
8335 0
8335 0
8335 0
8335 0
8335 0
8335 0
8337 0
8337 0
8337 0
8337 0
8337 0
8337 0
8337 0
8337 0
8337 28
8337 0
8337 0
8337 0
8337 135
8337 0
8337 0
8337 0
8337 0
8337 0
8337 0
8337 0
8337 0
8337 0
8337 0
8337 0
8337 0
8337 0
8337 0
8337 1
8337 0
8337 0
8337 0
8337 0
8337 0
8337 0
8337 0
8337 0
8337 0
8337 0
8338 0
8338 0
8338 0
8338 0
8338 0
8338 0
8338 0
8338 0
8338 28
8338 0
8338 0
8338 0
8338 135
8338 0
8338 0
8338 0
8338 0
8338 0
8338 0
8338 0
8338 0
8338 0
8338 0
8338 0
8338 0
8338 0
8338 0
8338 1
8338 0
8338 0
8338 0
8338 0
8338 0
8338 0
8338 0
8338 0
8338 0
8338 0
8370 0
8370 0
8370 0
8370 0
8370 0
8370 0
8370 0
8370 0
8370 0
8370 0
8370 0
8370 0
8370 0
8370 0
8370 0
8370 0
8370 0
8370 0
8370 0
8370 0
8370 0
8370 0
8370 0
8370 0
8370 0
8370 0
8370 0
8370 0
8370 0
8370 0
8370 0
8370 0
8370 0
8370 0
8370 0
8370 0
8370 0
8370 0
8371 0
8371 0
8371 0
8371 0
8371 0
8371 0
8371 0
8371 0
8371 0
8371 0
8371 0
8371 0
8371 0
8371 0
8371 0
8371 0
8371 0
8371 0
8371 0
8371 0
8371 0
8371 0
8371 0
8371 0
8371 0
8371 0
8371 0
8371 0
8371 0
8371 0
8371 0
8371 0
8371 0
8371 0
8371 0
8371 0
8371 0
8371 0
8373 0
8373 0
8373 0
8373 0
8373 0
8373 0
8373 0
8373 0
8373 0
8373 0
8373 0
8373 0
8373 0
8373 0
8373 0
8373 0
8373 0
8373 0
8373 0
8373 0
8373 0
8373 0
8373 0
8373 0
8373 0
8373 0
8373 0
8373 0
8373 0
8373 0
8373 0
8373 0
8373 0
8373 0
8373 0
8373 0
8373 0
8373 0
8374 0
8374 6
8374 0
8374 0
8374 0
8374 0
8374 0
8374 0
8374 2
8374 0
8374 0
8374 0
8374 373
8374 0
8374 0
8374 0
8374 0
8374 0
8374 0
8374 0
8374 0
8374 0
8374 0
8374 0
8374 0
8374 0
8374 0
8374 1
8374 0
8374 0
8374 0
8374 0
8374 0
8374 0
8374 0
8374 0
8374 0
8374 0
8375 0
8375 0
8375 0
8375 0
8375 0
8375 0
8375 0
8375 0
8375 2
8375 0
8375 0
8375 0
8375 256
8375 0
8375 0
8375 0
8375 0
8375 0
8375 0
8375 0
8375 0
8375 0
8375 0
8375 0
8375 0
8375 0
8375 0
8375 1
8375 0
8375 0
8375 0
8375 0
8375 0
8375 0
8375 0
8375 0
8375 0
8375 0
8381 0
8381 0
8381 0
8381 0
8381 0
8381 0
8381 0
8381 0
8381 0
8381 0
8381 0
8381 0
8381 6
8381 0
8381 0
8381 0
8381 0
8381 0
8381 0
8381 0
8381 0
8381 0
8381 0
8381 0
8381 0
8381 0
8381 0
8381 0
8381 0
8381 0
8381 0
8381 0
8381 0
8381 0
8381 0
8381 0
8381 0
8381 0
8382 0
8382 239
8382 0
8382 0
8382 0
8382 0
8382 0
8382 0
8382 7
8382 0
8382 0
8382 0
8382 39
8382 0
8382 0
8382 0
8382 0
8382 0
8382 0
8382 0
8382 0
8382 0
8382 0
8382 0
8382 0
8382 0
8382 0
8382 15
8382 0
8382 0
8382 41
8382 0
8382 0
8382 0
8382 0
8382 0
8382 0
8382 0
8383 0
8383 6
8383 0
8383 0
8383 0
8383 0
8383 0
8383 0
8383 7
8383 0
8383 0
8383 0
8383 407
8383 0
8383 0
8383 0
8383 0
8383 0
8383 0
8383 0
8383 0
8383 0
8383 0
8383 0
8383 0
8383 0
8383 0
8383 1
8383 0
8383 0
8383 0
8383 0
8383 0
8383 0
8383 0
8383 0
8383 0
8383 0
8384 0
8384 0
8384 0
8384 0
8384 0
8384 0
8384 0
8384 0
8384 0
8384 0
8384 0
8384 0
8384 0
8384 0
8384 0
8384 0
8384 0
8384 0
8384 0
8384 0
8384 0
8384 0
8384 0
8384 0
8384 0
8384 0
8384 0
8384 0
8384 0
8384 0
8384 0
8384 0
8384 0
8384 0
8384 0
8384 0
8384 0
8384 0
8385 0
8385 241
8385 0
8385 0
8385 0
8385 0
8385 0
8385 0
8385 1
8385 0
8385 0
8385 0
8385 208
8385 0
8385 0
8385 0
8385 0
8385 0
8385 0
8385 0
8385 0
8385 0
8385 0
8385 0
8385 0
8385 0
8385 0
8385 5
8385 0
8385 0
8385 41
8385 0
8385 0
8385 0
8385 0
8385 0
8385 0
8385 0
8387 0
8387 184
8387 0
8387 0
8387 0
8387 0
8387 0
8387 0
8387 0
8387 0
8387 0
8387 0
8387 0
8387 0
8387 0
8387 0
8387 0
8387 0
8387 0
8387 0
8387 0
8387 0
8387 0
8387 0
8387 0
8387 0
8387 0
8387 1
8387 0
8387 0
8387 41
8387 0
8387 0
8387 0
8387 0
8387 0
8387 0
8387 0
8421 0
8421 0
8421 0
8421 0
8421 0
8421 0
8421 0
8421 0
8421 0
8421 0
8421 0
8421 0
8421 0
8421 0
8421 0
8421 0
8421 0
8421 0
8421 0
8421 0
8421 0
8421 0
8421 0
8421 0
8421 0
8421 0
8421 0
8421 0
8421 0
8421 0
8421 0
8421 0
8421 0
8421 0
8421 0
8421 0
8421 0
8421 0
8422 0
8422 6
8422 0
8422 0
8422 0
8422 0
8422 0
8422 0
8422 0
8422 0
8422 0
8422 0
8422 0
8422 0
8422 0
8422 0
8422 0
8422 0
8422 0
8422 0
8422 0
8422 0
8422 0
8422 0
8422 0
8422 0
8422 0
8422 0
8422 0
8422 0
8422 0
8422 0
8422 0
8422 0
8422 0
8422 0
8422 0
8422 0
8423 0
8423 11
8423 0
8423 0
8423 0
8423 0
8423 0
8423 0
8423 4
8423 0
8423 0
8423 0
8423 429
8423 0
8423 0
8423 0
8423 0
8423 0
8423 0
8423 0
8423 0
8423 0
8423 0
8423 0
8423 0
8423 0
8423 0
8423 1
8423 0
8423 0
8423 0
8423 0
8423 0
8423 0
8423 0
8423 0
8423 0
8423 0
8424 0
8424 8
8424 0
8424 0
8424 0
8424 0
8424 0
8424 0
8424 1
8424 0
8424 0
8424 0
8424 102
8424 0
8424 0
8424 0
8424 0
8424 0
8424 0
8424 0
8424 0
8424 0
8424 0
8424 0
8424 0
8424 0
8424 0
8424 1
8424 0
8424 0
8424 0
8424 0
8424 0
8424 0
8424 0
8424 0
8424 0
8424 0
8425 0
8425 0
8425 0
8425 0
8425 0
8425 0
8425 0
8425 0
8425 2
8425 0
8425 0
8425 0
8425 256
8425 0
8425 0
8425 0
8425 0
8425 0
8425 0
8425 0
8425 0
8425 0
8425 0
8425 0
8425 0
8425 0
8425 0
8425 1
8425 0
8425 0
8425 0
8425 0
8425 0
8425 0
8425 0
8425 0
8425 0
8425 0
8426 0
8426 0
8426 0
8426 0
8426 0
8426 0
8426 0
8426 0
8426 0
8426 0
8426 0
8426 0
8426 24
8426 0
8426 0
8426 0
8426 0
8426 0
8426 0
8426 0
8426 0
8426 0
8426 0
8426 0
8426 0
8426 0
8426 0
8426 0
8426 0
8426 0
8426 0
8426 0
8426 0
8426 0
8426 0
8426 0
8426 0
8426 0
8427 0
8427 0
8427 0
8427 0
8427 0
8427 0
8427 0
8427 0
8427 2
8427 0
8427 0
8427 0
8427 256
8427 0
8427 0
8427 0
8427 0
8427 0
8427 0
8427 0
8427 0
8427 0
8427 0
8427 0
8427 0
8427 0
8427 0
8427 1
8427 0
8427 0
8427 0
8427 0
8427 0
8427 0
8427 0
8427 0
8427 0
8427 0
8428 0
8428 0
8428 0
8428 0
8428 0
8428 0
8428 0
8428 0
8428 2
8428 0
8428 0
8428 0
8428 256
8428 0
8428 0
8428 0
8428 0
8428 0
8428 0
8428 0
8428 0
8428 0
8428 0
8428 0
8428 0
8428 0
8428 0
8428 1
8428 0
8428 0
8428 0
8428 0
8428 0
8428 0
8428 0
8428 0
8428 0
8428 0
8429 0
8429 0
8429 0
8429 0
8429 0
8429 0
8429 0
8429 0
8429 0
8429 0
8429 0
8429 0
8429 24
8429 0
8429 0
8429 0
8429 0
8429 0
8429 0
8429 0
8429 0
8429 0
8429 0
8429 0
8429 0
8429 0
8429 0
8429 0
8429 0
8429 0
8429 0
8429 0
8429 0
8429 0
8429 0
8429 0
8429 0
8429 0
8430 0
8430 239
8430 0
8430 0
8430 0
8430 0
8430 0
8430 0
8430 9
8430 0
8430 0
8430 0
8430 309
8430 0
8430 0
8430 0
8430 0
8430 0
8430 0
8430 0
8430 0
8430 0
8430 0
8430 0
8430 0
8430 0
8430 0
8430 15
8430 0
8430 0
8430 41
8430 0
8430 0
8430 0
8430 0
8430 0
8430 0
8430 0
8431 0
8431 0
8431 0
8431 0
8431 0
8431 0
8431 0
8431 0
8431 1
8431 0
8431 0
8431 0
8431 29
8431 0
8431 0
8431 0
8431 0
8431 0
8431 0
8431 0
8431 0
8431 0
8431 0
8431 0
8431 0
8431 0
8431 0
8431 1
8431 0
8431 0
8431 0
8431 0
8431 0
8431 0
8431 0
8431 0
8431 0
8431 0
8432 0
8432 194
8432 0
8432 0
8432 0
8432 0
8432 0
8432 0
8432 4
8432 0
8432 0
8432 0
8432 199
8432 0
8432 0
8432 0
8432 0
8432 0
8432 0
8432 0
8432 0
8432 0
8432 0
8432 0
8432 0
8432 0
8432 0
8432 15
8432 0
8432 0
8432 41
8432 0
8432 0
8432 0
8432 0
8432 0
8432 0
8432 0
8433 0
8433 242
8433 0
8433 0
8433 0
8433 0
8433 0
8433 0
8433 8
8433 0
8433 0
8433 0
8433 354
8433 0
8433 0
8433 0
8433 0
8433 0
8433 0
8433 0
8433 0
8433 0
8433 0
8433 0
8433 0
8433 0
8433 0
8433 9
8433 0
8433 0
8433 41
8433 0
8433 0
8433 0
8433 0
8433 0
8433 0
8433 0
8436 0
8436 0
8436 0
8436 0
8436 0
8436 0
8436 0
8436 0
8436 0
8436 0
8436 0
8436 0
8436 114
8436 0
8436 0
8436 0
8436 0
8436 0
8436 0
8436 0
8436 0
8436 0
8436 0
8436 0
8436 0
8436 0
8436 0
8436 0
8436 0
8436 0
8436 0
8436 0
8436 0
8436 0
8436 0
8436 0
8436 0
8436 0
8468 0
8468 0
8468 0
8468 0
8468 0
8468 0
8468 0
8468 0
8468 0
8468 0
8468 0
8468 0
8468 0
8468 0
8468 0
8468 0
8468 0
8468 0
8468 0
8468 0
8468 0
8468 0
8468 0
8468 0
8468 0
8468 0
8468 0
8468 0
8468 0
8468 0
8468 0
8468 0
8468 0
8468 0
8468 0
8468 0
8468 0
8468 0
8469 0
8469 0
8469 0
8469 0
8469 0
8469 0
8469 0
8469 0
8469 0
8469 0
8469 0
8469 0
8469 0
8469 0
8469 0
8469 0
8469 0
8469 0
8469 0
8469 0
8469 0
8469 0
8469 0
8469 0
8469 0
8469 0
8469 0
8469 0
8469 0
8469 0
8469 0
8469 0
8469 0
8469 0
8469 0
8469 0
8469 0
8469 0
8470 0
8470 3
8470 0
8470 0
8470 0
8470 0
8470 0
8470 0
8470 0
8470 0
8470 0
8470 0
8470 46
8470 0
8470 0
8470 0
8470 0
8470 0
8470 0
8470 0
8470 0
8470 0
8470 0
8470 0
8470 0
8470 0
8470 0
8470 0
8470 0
8470 0
8470 0
8470 0
8470 0
8470 0
8470 0
8470 0
8470 0
8470 0
8471 0
8471 0
8471 0
8471 0
8471 0
8471 0
8471 0
8471 0
8471 0
8471 0
8471 0
8471 0
8471 27
8471 0
8471 0
8471 0
8471 0
8471 0
8471 0
8471 0
8471 0
8471 0
8471 0
8471 0
8471 0
8471 0
8471 0
8471 0
8471 0
8471 0
8471 0
8471 0
8471 0
8471 0
8471 0
8471 0
8471 0
8471 0
8472 0
8472 10
8472 0
8472 0
8472 0
8472 0
8472 0
8472 0
8472 6
8472 0
8472 0
8472 0
8472 97
8472 0
8472 0
8472 0
8472 0
8472 0
8472 0
8472 0
8472 0
8472 0
8472 0
8472 0
8472 0
8472 0
8472 0
8472 2
8472 0
8472 0
8472 0
8472 0
8472 0
8472 0
8472 0
8472 0
8472 0
8472 0
8473 0
8473 3
8473 0
8473 0
8473 0
8473 0
8473 0
8473 0
8473 5
8473 0
8473 0
8473 0
8473 401
8473 0
8473 0
8473 0
8473 0
8473 0
8473 0
8473 0
8473 0
8473 0
8473 0
8473 0
8473 0
8473 0
8473 0
8473 1
8473 0
8473 0
8473 0
8473 0
8473 0
8473 0
8473 0
8473 0
8473 0
8473 0
8474 0
8474 5
8474 0
8474 0
8474 0
8474 0
8474 0
8474 0
8474 0
8474 0
8474 0
8474 0
8474 184
8474 0
8474 0
8474 0
8474 0
8474 0
8474 0
8474 0
8474 0
8474 0
8474 0
8474 0
8474 0
8474 0
8474 0
8474 0
8474 0
8474 0
8474 0
8474 0
8474 0
8474 0
8474 0
8474 0
8474 0
8474 0
8475 0
8475 0
8475 0
8475 0
8475 0
8475 0
8475 0
8475 0
8475 0
8475 0
8475 0
8475 0
8475 27
8475 0
8475 0
8475 0
8475 0
8475 0
8475 0
8475 0
8475 0
8475 0
8475 0
8475 0
8475 0
8475 0
8475 0
8475 0
8475 0
8475 0
8475 0
8475 0
8475 0
8475 0
8475 0
8475 0
8475 0
8475 0
8476 0
8476 0
8476 0
8476 0
8476 0
8476 0
8476 0
8476 0
8476 2
8476 0
8476 0
8476 0
8476 237
8476 0
8476 0
8476 0
8476 0
8476 0
8476 0
8476 0
8476 0
8476 0
8476 0
8476 0
8476 0
8476 0
8476 0
8476 1
8476 0
8476 0
8476 0
8476 0
8476 0
8476 0
8476 0
8476 0
8476 0
8476 0
8477 0
8477 80
8477 0
8477 0
8477 0
8477 0
8477 0
8477 0
8477 2
8477 0
8477 0
8477 0
8477 85
8477 0
8477 0
8477 0
8477 0
8477 0
8477 0
8477 0
8477 0
8477 0
8477 0
8477 0
8477 0
8477 0
8477 0
8477 9
8477 0
8477 0
8477 41
8477 0
8477 0
8477 0
8477 0
8477 0
8477 0
8477 0
8478 0
8478 10
8478 0
8478 0
8478 0
8478 0
8478 0
8478 0
8478 9
8478 0
8478 0
8478 0
8478 168
8478 0
8478 0
8478 0
8478 0
8478 0
8478 0
8478 0
8478 0
8478 0
8478 0
8478 0
8478 0
8478 0
8478 0
8478 3
8478 0
8478 0
8478 0
8478 0
8478 0
8478 0
8478 0
8478 0
8478 0
8478 0
8479 0
8479 16
8479 0
8479 0
8479 0
8479 0
8479 0
8479 0
8479 10
8479 0
8479 0
8479 0
8479 354
8479 0
8479 0
8479 0
8479 0
8479 0
8479 0
8479 0
8479 0
8479 0
8479 0
8479 0
8479 0
8479 0
8479 0
8479 3
8479 0
8479 0
8479 0
8479 0
8479 0
8479 0
8479 0
8479 0
8479 0
8479 0
8480 0
8480 1
8480 0
8480 0
8480 0
8480 0
8480 0
8480 0
8480 1
8480 0
8480 0
8480 0
8480 208
8480 0
8480 0
8480 0
8480 0
8480 0
8480 0
8480 0
8480 0
8480 0
8480 0
8480 0
8480 0
8480 0
8480 0
8480 0
8480 0
8480 0
8480 0
8480 0
8480 0
8480 0
8480 0
8480 0
8480 0
8480 0
8482 0
8482 0
8482 0
8482 0
8482 0
8482 0
8482 0
8482 0
8482 0
8482 0
8482 0
8482 0
8482 241
8482 0
8482 0
8482 0
8482 0
8482 0
8482 0
8482 0
8482 0
8482 0
8482 0
8482 0
8482 0
8482 0
8482 0
8482 0
8482 0
8482 0
8482 0
8482 0
8482 0
8482 0
8482 0
8482 0
8482 0
8482 0
8516 0
8516 9
8516 0
8516 0
8516 0
8516 0
8516 0
8516 0
8516 0
8516 0
8516 0
8516 0
8516 42
8516 0
8516 0
8516 0
8516 0
8516 0
8516 0
8516 0
8516 0
8516 0
8516 0
8516 0
8516 0
8516 0
8516 0
8516 0
8516 0
8516 0
8516 0
8516 0
8516 0
8516 0
8516 0
8516 0
8516 0
8516 0
8518 0
8518 0
8518 0
8518 0
8518 0
8518 0
8518 0
8518 0
8518 0
8518 0
8518 0
8518 0
8518 27
8518 0
8518 0
8518 0
8518 0
8518 0
8518 0
8518 0
8518 0
8518 0
8518 0
8518 0
8518 0
8518 0
8518 0
8518 0
8518 0
8518 0
8518 0
8518 0
8518 0
8518 0
8518 0
8518 0
8518 0
8518 0
8519 0
8519 5
8519 0
8519 0
8519 0
8519 0
8519 0
8519 0
8519 7
8519 0
8519 0
8519 0
8519 332
8519 0
8519 0
8519 0
8519 0
8519 0
8519 0
8519 0
8519 0
8519 0
8519 0
8519 0
8519 0
8519 0
8519 0
8519 3
8519 0
8519 0
8519 0
8519 0
8519 0
8519 0
8519 0
8519 0
8519 0
8519 0
8520 0
8520 7
8520 0
8520 0
8520 0
8520 0
8520 0
8520 0
8520 8
8520 0
8520 0
8520 0
8520 79
8520 0
8520 0
8520 0
8520 0
8520 0
8520 0
8520 0
8520 0
8520 0
8520 0
8520 0
8520 0
8520 0
8520 0
8520 3
8520 0
8520 0
8520 0
8520 0
8520 0
8520 0
8520 0
8520 0
8520 0
8520 0
8521 0
8521 10
8521 0
8521 0
8521 0
8521 0
8521 0
8521 0
8521 7
8521 0
8521 0
8521 0
8521 78
8521 0
8521 0
8521 0
8521 0
8521 0
8521 0
8521 0
8521 0
8521 0
8521 0
8521 0
8521 0
8521 0
8521 0
8521 3
8521 0
8521 0
8521 0
8521 0
8521 0
8521 0
8521 0
8521 0
8521 0
8521 0
8522 0
8522 11
8522 0
8522 0
8522 0
8522 0
8522 0
8522 0
8522 6
8522 0
8522 0
8522 0
8522 105
8522 0
8522 0
8522 0
8522 0
8522 0
8522 0
8522 0
8522 0
8522 0
8522 0
8522 0
8522 0
8522 0
8522 0
8522 2
8522 0
8522 0
8522 0
8522 0
8522 0
8522 0
8522 0
8522 0
8522 0
8522 0
8523 0
8523 1
8523 0
8523 0
8523 0
8523 0
8523 0
8523 0
8523 1
8523 0
8523 0
8523 0
8523 208
8523 0
8523 0
8523 0
8523 0
8523 0
8523 0
8523 0
8523 0
8523 0
8523 0
8523 0
8523 0
8523 0
8523 0
8523 0
8523 0
8523 0
8523 0
8523 0
8523 0
8523 0
8523 0
8523 0
8523 0
8523 0
8524 0
8524 0
8524 0
8524 0
8524 0
8524 0
8524 0
8524 0
8524 0
8524 0
8524 0
8524 0
8524 6
8524 0
8524 0
8524 0
8524 0
8524 0
8524 0
8524 0
8524 0
8524 0
8524 0
8524 0
8524 0
8524 0
8524 0
8524 0
8524 0
8524 0
8524 0
8524 0
8524 0
8524 0
8524 0
8524 0
8524 0
8524 0
8562 0
8562 0
8562 0
8562 0
8562 0
8562 0
8562 0
8562 0
8562 0
8562 0
8562 0
8562 0
8562 24
8562 0
8562 0
8562 0
8562 0
8562 0
8562 0
8562 0
8562 0
8562 0
8562 0
8562 0
8562 0
8562 0
8562 0
8562 0
8562 0
8562 0
8562 0
8562 0
8562 0
8562 0
8562 0
8562 0
8562 0
8562 0
8565 0
8565 0
8565 0
8565 0
8565 0
8565 0
8565 0
8565 0
8565 0
8565 0
8565 0
8565 0
8565 27
8565 0
8565 0
8565 0
8565 0
8565 0
8565 0
8565 0
8565 0
8565 0
8565 0
8565 0
8565 0
8565 0
8565 0
8565 0
8565 0
8565 0
8565 0
8565 0
8565 0
8565 0
8565 0
8565 0
8565 0
8565 0
8567 0
8567 8
8567 0
8567 0
8567 0
8567 0
8567 0
8567 0
8567 12
8567 0
8567 0
8567 0
8567 292
8567 0
8567 0
8567 0
8567 0
8567 0
8567 0
8567 0
8567 0
8567 0
8567 0
8567 0
8567 0
8567 0
8567 0
8567 4
8567 0
8567 0
8567 0
8567 0
8567 0
8567 0
8567 0
8567 0
8567 0
8567 0
8573 0
8573 0
8573 0
8573 0
8573 0
8573 0
8573 0
8573 0
8573 0
8573 0
8573 0
8573 0
8573 114
8573 0
8573 0
8573 0
8573 0
8573 0
8573 0
8573 0
8573 0
8573 0
8573 0
8573 0
8573 0
8573 0
8573 0
8573 0
8573 0
8573 0
8573 0
8573 0
8573 0
8573 0
8573 0
8573 0
8573 0
8573 0
8614 0
8614 0
8614 0
8614 0
8614 0
8614 0
8614 0
8614 0
8614 0
8614 0
8614 0
8614 0
8614 0
8614 0
8614 0
8614 0
8614 0
8614 0
8614 0
8614 0
8614 0
8614 0
8614 0
8614 0
8614 0
8614 0
8614 0
8614 0
8614 0
8614 0
8614 0
8614 0
8614 0
8614 0
8614 0
8614 0
8614 0
8614 0
8655 0
8655 0
8655 0
8655 0
8655 0
8655 0
8655 0
8655 0
8655 0
8655 0
8655 0
8655 0
8655 0
8655 0
8655 0
8655 0
8655 0
8655 0
8655 0
8655 0
8655 0
8655 0
8655 0
8655 0
8655 0
8655 0
8655 0
8655 0
8655 0
8655 0
8655 0
8655 0
8655 0
8655 0
8655 0
8655 0
8655 0
8655 0
8656 0
8656 0
8656 0
8656 0
8656 0
8656 0
8656 0
8656 0
8656 0
8656 0
8656 0
8656 0
8656 114
8656 0
8656 0
8656 0
8656 0
8656 0
8656 0
8656 0
8656 0
8656 0
8656 0
8656 0
8656 0
8656 0
8656 0
8656 0
8656 0
8656 0
8656 0
8656 0
8656 0
8656 0
8656 0
8656 0
8656 0
8656 0
8694 0
8694 0
8694 0
8694 0
8694 0
8694 0
8694 0
8694 0
8694 0
8694 0
8694 0
8694 0
8694 0
8694 0
8694 0
8694 0
8694 0
8694 0
8694 0
8694 0
8694 0
8694 0
8694 0
8694 0
8694 0
8694 0
8694 0
8694 0
8694 0
8694 0
8694 0
8694 0
8694 0
8694 0
8694 0
8694 0
8694 0
8694 0
8695 0
8695 0
8695 0
8695 0
8695 0
8695 0
8695 0
8695 0
8695 7
8695 0
8695 0
8695 0
8695 121
8695 0
8695 0
8695 0
8695 0
8695 0
8695 0
8695 0
8695 0
8695 0
8695 0
8695 0
8695 0
8695 0
8695 0
8695 0
8695 0
8695 0
8695 0
8695 0
8695 0
8695 0
8695 0
8695 0
8695 0
8695 0
8732 0
8732 158
8732 0
8732 0
8732 0
8732 0
8732 0
8732 0
8732 3
8732 0
8732 0
8732 0
8732 2
8732 0
8732 0
8732 0
8732 0
8732 0
8732 0
8732 0
8732 0
8732 0
8732 0
8732 0
8732 0
8732 0
8732 0
8732 0
8732 0
8732 0
8732 0
8732 0
8732 0
8732 0
8732 0
8732 0
8732 0
8732 0
8733 0
8733 0
8733 0
8733 0
8733 0
8733 0
8733 0
8733 0
8733 6
8733 0
8733 0
8733 0
8733 125
8733 0
8733 0
8733 0
8733 0
8733 0
8733 0
8733 0
8733 0
8733 0
8733 0
8733 0
8733 0
8733 0
8733 0
8733 0
8733 0
8733 0
8733 0
8733 0
8733 0
8733 0
8733 0
8733 0
8733 0
8733 0
8768 0
8768 158
8768 0
8768 0
8768 0
8768 0
8768 0
8768 0
8768 3
8768 0
8768 0
8768 0
8768 2
8768 0
8768 0
8768 0
8768 0
8768 0
8768 0
8768 0
8768 0
8768 0
8768 0
8768 0
8768 0
8768 0
8768 0
8768 0
8768 0
8768 0
8768 0
8768 0
8768 0
8768 0
8768 0
8768 0
8768 0
8768 0
8769 0
8769 0
8769 0
8769 0
8769 0
8769 0
8769 0
8769 0
8769 11
8769 0
8769 0
8769 0
8769 129
8769 0
8769 0
8769 0
8769 0
8769 0
8769 0
8769 0
8769 0
8769 0
8769 0
8769 0
8769 0
8769 0
8769 0
8769 0
8769 0
8769 0
8769 0
8769 0
8769 0
8769 0
8769 0
8769 0
8769 0
8769 0
8773 0
8773 0
8773 0
8773 0
8773 0
8773 0
8773 0
8773 0
8773 0
8773 0
8773 0
8773 0
8773 0
8773 0
8773 0
8773 0
8773 0
8773 0
8773 0
8773 0
8773 0
8773 0
8773 0
8773 0
8773 0
8773 0
8773 0
8773 0
8773 0
8773 0
8773 0
8773 0
8773 0
8773 0
8773 0
8773 0
8773 0
8773 0
8807 0
8807 27
8807 0
8807 0
8807 0
8807 0
8807 0
8807 0
8807 8
8807 0
8807 0
8807 0
8807 1
8807 0
8807 0
8807 0
8807 0
8807 0
8807 0
8807 0
8807 0
8807 0
8807 0
8807 0
8807 0
8807 0
8807 0
8807 3
8807 0
8807 0
8807 0
8807 0
8807 0
8807 0
8807 0
8807 0
8807 0
8807 0
8808 0
8808 0
8808 0
8808 0
8808 0
8808 0
8808 0
8808 0
8808 12
8808 0
8808 0
8808 0
8808 70
8808 0
8808 0
8808 0
8808 0
8808 0
8808 0
8808 0
8808 0
8808 0
8808 0
8808 0
8808 0
8808 0
8808 0
8808 0
8808 0
8808 0
8808 0
8808 0
8808 0
8808 0
8808 0
8808 0
8808 0
8808 0
8845 0
8845 0
8845 0
8845 0
8845 0
8845 0
8845 0
8845 0
8845 0
8845 0
8845 0
8845 0
8845 0
8845 0
8845 0
8845 0
8845 0
8845 0
8845 0
8845 0
8845 0
8845 0
8845 0
8845 0
8845 0
8845 0
8845 0
8845 0
8845 0
8845 0
8845 0
8845 0
8845 0
8845 0
8845 0
8845 0
8845 0
8845 0
8846 0
8846 0
8846 0
8846 0
8846 0
8846 0
8846 0
8846 0
8846 0
8846 0
8846 0
8846 0
8846 0
8846 0
8846 0
8846 0
8846 0
8846 0
8846 0
8846 0
8846 0
8846 0
8846 0
8846 0
8846 0
8846 0
8846 0
8846 0
8846 0
8846 0
8846 0
8846 0
8846 0
8846 0
8846 0
8846 0
8846 0
8846 0
8847 0
8847 86
8847 0
8847 0
8847 0
8847 0
8847 0
8847 0
8847 3
8847 0
8847 0
8847 0
8847 57
8847 0
8847 0
8847 0
8847 0
8847 0
8847 0
8847 0
8847 0
8847 0
8847 0
8847 0
8847 0
8847 0
8847 0
8847 0
8847 0
8847 0
8847 0
8847 0
8847 0
8847 0
8847 0
8847 0
8847 0
8847 0
8848 0
8848 0
8848 0
8848 0
8848 0
8848 0
8848 0
8848 0
8848 0
8848 0
8848 0
8848 0
8848 0
8848 0
8848 0
8848 0
8848 0
8848 0
8848 0
8848 0
8848 0
8848 0
8848 0
8848 0
8848 0
8848 0
8848 0
8848 0
8848 0
8848 0
8848 0
8848 0
8848 0
8848 0
8848 0
8848 0
8848 0
8848 0
8880 0
8880 0
8880 0
8880 0
8880 0
8880 0
8880 0
8880 0
8880 0
8880 0
8880 0
8880 0
8880 0
8880 0
8880 0
8880 0
8880 0
8880 0
8880 0
8880 0
8880 0
8880 0
8880 0
8880 0
8880 0
8880 0
8880 0
8880 0
8880 0
8880 0
8880 0
8880 0
8880 0
8880 0
8880 0
8880 0
8880 0
8880 0
8881 0
8881 0
8881 0
8881 0
8881 0
8881 0
8881 0
8881 0
8881 0
8881 0
8881 0
8881 0
8881 0
8881 0
8881 0
8881 0
8881 0
8881 0
8881 0
8881 0
8881 0
8881 0
8881 0
8881 0
8881 0
8881 0
8881 0
8881 0
8881 0
8881 0
8881 0
8881 0
8881 0
8881 0
8881 0
8881 0
8881 0
8881 0
8882 0
8882 27
8882 0
8882 0
8882 0
8882 0
8882 0
8882 0
8882 7
8882 0
8882 0
8882 0
8882 39
8882 0
8882 0
8882 0
8882 0
8882 0
8882 0
8882 0
8882 0
8882 0
8882 0
8882 0
8882 0
8882 0
8882 0
8882 3
8882 0
8882 0
8882 0
8882 0
8882 0
8882 0
8882 0
8882 0
8882 0
8882 0
8914 0
8914 6
8914 0
8914 0
8914 0
8914 0
8914 0
8914 0
8914 5
8914 0
8914 0
8914 0
8914 32
8914 0
8914 0
8914 0
8914 0
8914 0
8914 0
8914 0
8914 0
8914 0
8914 0
8914 0
8914 0
8914 0
8914 0
8914 0
8914 0
8914 0
8914 0
8914 0
8914 0
8914 0
8914 0
8914 0
8914 0
8914 0
8915 0
8915 9
8915 0
8915 0
8915 0
8915 0
8915 0
8915 0
8915 7
8915 0
8915 0
8915 0
8915 40
8915 0
8915 0
8915 0
8915 0
8915 0
8915 0
8915 0
8915 0
8915 0
8915 0
8915 0
8915 0
8915 0
8915 0
8915 0
8915 0
8915 0
8915 0
8915 0
8915 0
8915 0
8915 0
8915 0
8915 0
8915 0
8916 0
8916 44
8916 0
8916 0
8916 0
8916 0
8916 0
8916 0
8916 6
8916 0
8916 0
8916 0
8916 26
8916 0
8916 0
8916 0
8916 0
8916 0
8916 0
8916 0
8916 0
8916 0
8916 0
8916 0
8916 0
8916 0
8916 0
8916 1
8916 0
8916 0
8916 0
8916 0
8916 0
8916 0
8916 0
8916 0
8916 0
8916 0
8919 0
8919 0
8919 0
8919 0
8919 0
8919 0
8919 0
8919 0
8919 0
8919 0
8919 0
8919 0
8919 0
8919 0
8919 0
8919 0
8919 0
8919 0
8919 0
8919 0
8919 0
8919 0
8919 0
8919 0
8919 0
8919 0
8919 0
8919 0
8919 0
8919 0
8919 0
8919 0
8919 0
8919 0
8919 0
8919 0
8919 0
8919 0
8947 0
8947 15
8947 0
8947 0
8947 0
8947 0
8947 0
8947 0
8947 0
8947 0
8947 0
8947 0
8947 3
8947 0
8947 0
8947 0
8947 0
8947 0
8947 0
8947 0
8947 0
8947 0
8947 0
8947 0
8947 0
8947 0
8947 0
8947 0
8947 0
8947 0
8947 0
8947 0
8947 0
8947 0
8947 0
8947 0
8947 0
8947 0
8948 0
8948 8
8948 0
8948 0
8948 0
8948 0
8948 0
8948 0
8948 0
8948 0
8948 0
8948 0
8948 1
8948 0
8948 0
8948 0
8948 0
8948 0
8948 0
8948 0
8948 0
8948 0
8948 0
8948 0
8948 0
8948 0
8948 0
8948 1
8948 0
8948 0
8948 0
8948 0
8948 0
8948 0
8948 0
8948 0
8948 0
8948 0
8949 0
8949 44
8949 0
8949 0
8949 0
8949 0
8949 0
8949 0
8949 3
8949 0
8949 0
8949 0
8949 3
8949 0
8949 0
8949 0
8949 0
8949 0
8949 0
8949 0
8949 0
8949 0
8949 0
8949 0
8949 0
8949 0
8949 0
8949 1
8949 0
8949 0
8949 0
8949 0
8949 0
8949 0
8949 0
8949 0
8949 0
8949 0
8950 0
8950 0
8950 0
8950 0
8950 0
8950 0
8950 0
8950 0
8950 0
8950 0
8950 0
8950 0
8950 0
8950 0
8950 0
8950 0
8950 0
8950 0
8950 0
8950 0
8950 0
8950 0
8950 0
8950 0
8950 0
8950 0
8950 0
8950 0
8950 0
8950 0
8950 0
8950 0
8950 0
8950 0
8950 0
8950 0
8950 0
8950 0
8951 0
8951 1
8951 0
8951 0
8951 0
8951 0
8951 0
8951 0
8951 5
8951 0
8951 0
8951 0
8951 1
8951 0
8951 0
8951 0
8951 0
8951 0
8951 0
8951 0
8951 0
8951 0
8951 0
8951 0
8951 0
8951 0
8951 0
8951 2
8951 0
8951 0
8951 0
8951 0
8951 0
8951 0
8951 0
8951 0
8951 0
8951 0
8952 0
8952 13
8952 0
8952 0
8952 0
8952 0
8952 0
8952 0
8952 3
8952 0
8952 0
8952 0
8952 61
8952 0
8952 0
8952 0
8952 0
8952 0
8952 0
8952 0
8952 0
8952 0
8952 0
8952 0
8952 0
8952 0
8952 0
8952 0
8952 0
8952 0
8952 0
8952 0
8952 0
8952 0
8952 0
8952 0
8952 0
8952 0
8979 0
8979 4
8979 0
8979 0
8979 0
8979 0
8979 0
8979 0
8979 0
8979 0
8979 0
8979 0
8979 1
8979 0
8979 0
8979 0
8979 0
8979 0
8979 0
8979 0
8979 0
8979 0
8979 0
8979 0
8979 0
8979 0
8979 0
8979 0
8979 0
8979 0
8979 0
8979 0
8979 0
8979 0
8979 0
8979 0
8979 0
8979 0
8980 0
8980 1
8980 0
8980 0
8980 0
8980 0
8980 0
8980 0
8980 0
8980 0
8980 0
8980 0
8980 1
8980 0
8980 0
8980 0
8980 0
8980 0
8980 0
8980 0
8980 0
8980 0
8980 0
8980 0
8980 0
8980 0
8980 0
8980 1
8980 0
8980 0
8980 0
8980 0
8980 0
8980 0
8980 0
8980 0
8980 0
8980 0
8985 0
8985 13
8985 0
8985 0
8985 0
8985 0
8985 0
8985 0
8985 6
8985 0
8985 0
8985 0
8985 35
8985 0
8985 0
8985 0
8985 0
8985 0
8985 0
8985 0
8985 0
8985 0
8985 0
8985 0
8985 0
8985 0
8985 0
8985 0
8985 0
8985 0
8985 0
8985 0
8985 0
8985 0
8985 0
8985 0
8985 0
8985 0
9009 0
9009 10
9009 0
9009 0
9009 0
9009 0
9009 0
9009 0
9009 5
9009 0
9009 0
9009 0
9009 1
9009 0
9009 0
9009 0
9009 0
9009 0
9009 0
9009 0
9009 0
9009 0
9009 0
9009 0
9009 0
9009 0
9009 0
9009 0
9009 0
9009 0
9009 0
9009 0
9009 0
9009 0
9009 0
9009 0
9009 0
9009 0
9010 0
9010 7
9010 0
9010 0
9010 0
9010 0
9010 0
9010 0
9010 0
9010 0
9010 0
9010 0
9010 6
9010 0
9010 0
9010 0
9010 0
9010 0
9010 0
9010 0
9010 0
9010 0
9010 0
9010 0
9010 0
9010 0
9010 0
9010 1
9010 0
9010 0
9010 0
9010 0
9010 0
9010 0
9010 0
9010 0
9010 0
9010 0
9011 0
9011 0
9011 0
9011 0
9011 0
9011 0
9011 0
9011 0
9011 0
9011 0
9011 0
9011 0
9011 0
9011 0
9011 0
9011 0
9011 0
9011 0
9011 0
9011 0
9011 0
9011 0
9011 0
9011 0
9011 0
9011 0
9011 0
9011 0
9011 0
9011 0
9011 0
9011 0
9011 0
9011 0
9011 0
9011 0
9011 0
9011 0
9012 0
9012 1
9012 0
9012 0
9012 0
9012 0
9012 0
9012 0
9012 0
9012 0
9012 0
9012 0
9012 0
9012 0
9012 0
9012 0
9012 0
9012 0
9012 0
9012 0
9012 0
9012 0
9012 0
9012 0
9012 0
9012 0
9012 0
9012 0
9012 0
9012 0
9012 0
9012 0
9012 0
9012 0
9012 0
9012 0
9012 0
9012 0
9014 0
9014 32
9014 0
9014 0
9014 0
9014 0
9014 0
9014 0
9014 0
9014 0
9014 0
9014 0
9014 0
9014 0
9014 0
9014 0
9014 0
9014 0
9014 0
9014 0
9014 0
9014 0
9014 0
9014 0
9014 0
9014 0
9014 0
9014 0
9014 0
9014 0
9014 0
9014 0
9014 0
9014 0
9014 0
9014 0
9014 0
9014 0
9039 0
9039 4
9039 0
9039 0
9039 0
9039 0
9039 0
9039 0
9039 4
9039 0
9039 0
9039 0
9039 2
9039 0
9039 0
9039 0
9039 0
9039 0
9039 0
9039 0
9039 0
9039 0
9039 0
9039 0
9039 0
9039 0
9039 0
9039 0
9039 0
9039 0
9039 0
9039 0
9039 0
9039 0
9039 0
9039 0
9039 0
9039 0
9040 0
9040 18
9040 0
9040 0
9040 0
9040 0
9040 0
9040 0
9040 0
9040 0
9040 0
9040 0
9040 3
9040 0
9040 0
9040 0
9040 0
9040 0
9040 0
9040 0
9040 0
9040 0
9040 0
9040 0
9040 0
9040 0
9040 0
9040 0
9040 0
9040 0
9040 0
9040 0
9040 0
9040 0
9040 0
9040 0
9040 0
9040 0
9043 0
9043 0
9043 0
9043 0
9043 0
9043 0
9043 0
9043 0
9043 0
9043 0
9043 0
9043 0
9043 0
9043 0
9043 0
9043 0
9043 0
9043 0
9043 0
9043 0
9043 0
9043 0
9043 0
9043 0
9043 0
9043 0
9043 0
9043 0
9043 0
9043 0
9043 0
9043 0
9043 0
9043 0
9043 0
9043 0
9043 0
9043 0
9066 0
9066 0
9066 0
9066 0
9066 0
9066 0
9066 0
9066 0
9066 0
9066 0
9066 0
9066 0
9066 1
9066 0
9066 0
9066 0
9066 0
9066 0
9066 0
9066 0
9066 0
9066 0
9066 0
9066 0
9066 0
9066 0
9066 0
9066 0
9066 0
9066 0
9066 0
9066 0
9066 0
9066 0
9066 0
9066 0
9066 0
9066 0
9067 0
9067 9
9067 0
9067 0
9067 0
9067 0
9067 0
9067 0
9067 4
9067 0
9067 0
9067 0
9067 2
9067 0
9067 0
9067 0
9067 0
9067 0
9067 0
9067 0
9067 0
9067 0
9067 0
9067 0
9067 0
9067 0
9067 0
9067 1
9067 0
9067 0
9067 0
9067 0
9067 0
9067 0
9067 0
9067 0
9067 0
9067 0
9068 0
9068 30
9068 0
9068 0
9068 0
9068 0
9068 0
9068 0
9068 6
9068 0
9068 0
9068 0
9068 8
9068 0
9068 0
9068 0
9068 0
9068 0
9068 0
9068 0
9068 0
9068 0
9068 0
9068 0
9068 0
9068 0
9068 0
9068 0
9068 0
9068 0
9068 0
9068 0
9068 0
9068 0
9068 0
9068 0
9068 0
9068 0
9071 0
9071 32
9071 0
9071 0
9071 0
9071 0
9071 0
9071 0
9071 0
9071 0
9071 0
9071 0
9071 0
9071 0
9071 0
9071 0
9071 0
9071 0
9071 0
9071 0
9071 0
9071 0
9071 0
9071 0
9071 0
9071 0
9071 0
9071 0
9071 0
9071 0
9071 0
9071 0
9071 0
9071 0
9071 0
9071 0
9071 0
9071 0
9072 0
9072 32
9072 0
9072 0
9072 0
9072 0
9072 0
9072 0
9072 0
9072 0
9072 0
9072 0
9072 0
9072 0
9072 0
9072 0
9072 0
9072 0
9072 0
9072 0
9072 0
9072 0
9072 0
9072 0
9072 0
9072 0
9072 0
9072 0
9072 0
9072 0
9072 0
9072 0
9072 0
9072 0
9072 0
9072 0
9072 0
9072 0
9095 0
9095 6
9095 0
9095 0
9095 0
9095 0
9095 0
9095 0
9095 4
9095 0
9095 0
9095 0
9095 2
9095 0
9095 0
9095 0
9095 0
9095 0
9095 0
9095 0
9095 0
9095 0
9095 0
9095 0
9095 0
9095 0
9095 0
9095 1
9095 0
9095 0
9095 0
9095 0
9095 0
9095 0
9095 0
9095 0
9095 0
9095 0
9096 0
9096 46
9096 0
9096 0
9096 0
9096 0
9096 0
9096 0
9096 1
9096 0
9096 0
9096 0
9096 9
9096 0
9096 0
9096 0
9096 0
9096 0
9096 0
9096 0
9096 0
9096 0
9096 0
9096 0
9096 0
9096 0
9096 0
9096 0
9096 0
9096 0
9096 0
9096 0
9096 0
9096 0
9096 0
9096 0
9096 0
9096 0
9098 0
9098 7
9098 0
9098 0
9098 0
9098 0
9098 0
9098 0
9098 0
9098 0
9098 0
9098 0
9098 0
9098 0
9098 0
9098 0
9098 0
9098 0
9098 0
9098 0
9098 0
9098 0
9098 0
9098 0
9098 0
9098 0
9098 0
9098 0
9098 0
9098 0
9098 0
9098 0
9098 0
9098 0
9098 0
9098 0
9098 0
9098 0
9099 0
9099 46
9099 0
9099 0
9099 0
9099 0
9099 0
9099 0
9099 0
9099 0
9099 0
9099 0
9099 4
9099 0
9099 0
9099 0
9099 0
9099 0
9099 0
9099 0
9099 0
9099 0
9099 0
9099 0
9099 0
9099 0
9099 0
9099 0
9099 0
9099 0
9099 0
9099 0
9099 0
9099 0
9099 0
9099 0
9099 0
9099 0
9101 0
9101 1
9101 0
9101 0
9101 0
9101 0
9101 0
9101 0
9101 0
9101 0
9101 0
9101 0
9101 1
9101 0
9101 0
9101 0
9101 0
9101 0
9101 0
9101 0
9101 0
9101 0
9101 0
9101 0
9101 0
9101 0
9101 0
9101 0
9101 0
9101 0
9101 0
9101 0
9101 0
9101 0
9101 0
9101 0
9101 0
9101 0
9120 0
9120 5
9120 0
9120 0
9120 0
9120 0
9120 0
9120 0
9120 4
9120 0
9120 0
9120 0
9120 2
9120 0
9120 0
9120 0
9120 0
9120 0
9120 0
9120 0
9120 0
9120 0
9120 0
9120 0
9120 0
9120 0
9120 0
9120 0
9120 0
9120 0
9120 0
9120 0
9120 0
9120 0
9120 0
9120 0
9120 0
9120 0
9121 0
9121 1
9121 0
9121 0
9121 0
9121 0
9121 0
9121 0
9121 0
9121 0
9121 0
9121 0
9121 1
9121 0
9121 0
9121 0
9121 0
9121 0
9121 0
9121 0
9121 0
9121 0
9121 0
9121 0
9121 0
9121 0
9121 0
9121 0
9121 0
9121 0
9121 0
9121 0
9121 0
9121 0
9121 0
9121 0
9121 0
9121 0
9124 0
9124 1
9124 0
9124 0
9124 0
9124 0
9124 0
9124 0
9124 0
9124 0
9124 0
9124 0
9124 0
9124 0
9124 0
9124 0
9124 0
9124 0
9124 0
9124 0
9124 0
9124 0
9124 0
9124 0
9124 0
9124 0
9124 0
9124 0
9124 0
9124 0
9124 0
9124 0
9124 0
9124 0
9124 0
9124 0
9124 0
9124 0
9126 0
9126 1
9126 0
9126 0
9126 0
9126 0
9126 0
9126 0
9126 0
9126 0
9126 0
9126 0
9126 1
9126 0
9126 0
9126 0
9126 0
9126 0
9126 0
9126 0
9126 0
9126 0
9126 0
9126 0
9126 0
9126 0
9126 0
9126 0
9126 0
9126 0
9126 0
9126 0
9126 0
9126 0
9126 0
9126 0
9126 0
9126 0
9146 0
9146 0
9146 0
9146 0
9146 0
9146 0
9146 0
9146 0
9146 0
9146 0
9146 0
9146 0
9146 0
9146 0
9146 0
9146 0
9146 0
9146 0
9146 0
9146 0
9146 0
9146 0
9146 0
9146 0
9146 0
9146 0
9146 0
9146 0
9146 0
9146 0
9146 0
9146 0
9146 0
9146 0
9146 0
9146 0
9146 0
9146 0
9147 0
9147 7
9147 0
9147 0
9147 0
9147 0
9147 0
9147 0
9147 3
9147 0
9147 0
9147 0
9147 1
9147 0
9147 0
9147 0
9147 0
9147 0
9147 0
9147 0
9147 0
9147 0
9147 0
9147 0
9147 0
9147 0
9147 0
9147 0
9147 0
9147 0
9147 0
9147 0
9147 0
9147 0
9147 0
9147 0
9147 0
9147 0
9151 0
9151 6
9151 0
9151 0
9151 0
9151 0
9151 0
9151 0
9151 0
9151 0
9151 0
9151 0
9151 0
9151 0
9151 0
9151 0
9151 0
9151 0
9151 0
9151 0
9151 0
9151 0
9151 0
9151 0
9151 0
9151 0
9151 0
9151 0
9151 0
9151 0
9151 0
9151 0
9151 0
9151 0
9151 0
9151 0
9151 0
9151 0
9153 0
9153 1
9153 0
9153 0
9153 0
9153 0
9153 0
9153 0
9153 0
9153 0
9153 0
9153 0
9153 1
9153 0
9153 0
9153 0
9153 0
9153 0
9153 0
9153 0
9153 0
9153 0
9153 0
9153 0
9153 0
9153 0
9153 0
9153 0
9153 0
9153 0
9153 0
9153 0
9153 0
9153 0
9153 0
9153 0
9153 0
9153 0
9172 0
9172 1
9172 0
9172 0
9172 0
9172 0
9172 0
9172 0
9172 0
9172 0
9172 0
9172 0
9172 1
9172 0
9172 0
9172 0
9172 0
9172 0
9172 0
9172 0
9172 0
9172 0
9172 0
9172 0
9172 0
9172 0
9172 0
9172 0
9172 0
9172 0
9172 0
9172 0
9172 0
9172 0
9172 0
9172 0
9172 0
9172 0
9173 0
9173 0
9173 0
9173 0
9173 0
9173 0
9173 0
9173 0
9173 0
9173 0
9173 0
9173 0
9173 0
9173 0
9173 0
9173 0
9173 0
9173 0
9173 0
9173 0
9173 0
9173 0
9173 0
9173 0
9173 0
9173 0
9173 0
9173 0
9173 0
9173 0
9173 0
9173 0
9173 0
9173 0
9173 0
9173 0
9173 0
9173 0
9174 0
9174 3
9174 0
9174 0
9174 0
9174 0
9174 0
9174 0
9174 11
9174 0
9174 0
9174 0
9174 3
9174 0
9174 0
9174 0
9174 0
9174 0
9174 0
9174 0
9174 0
9174 0
9174 0
9174 0
9174 0
9174 0
9174 0
9174 0
9174 0
9174 0
9174 0
9174 0
9174 0
9174 0
9174 0
9174 0
9174 0
9174 0
9176 0
9176 0
9176 0
9176 0
9176 0
9176 0
9176 0
9176 0
9176 0
9176 0
9176 0
9176 0
9176 0
9176 0
9176 0
9176 0
9176 0
9176 0
9176 0
9176 0
9176 0
9176 0
9176 0
9176 0
9176 0
9176 0
9176 0
9176 0
9176 0
9176 0
9176 0
9176 0
9176 0
9176 0
9176 0
9176 0
9176 0
9176 0
9177 0
9177 7
9177 0
9177 0
9177 0
9177 0
9177 0
9177 0
9177 0
9177 0
9177 0
9177 0
9177 0
9177 0
9177 0
9177 0
9177 0
9177 0
9177 0
9177 0
9177 0
9177 0
9177 0
9177 0
9177 0
9177 0
9177 0
9177 0
9177 0
9177 0
9177 0
9177 0
9177 0
9177 0
9177 0
9177 0
9177 0
9177 0
9178 0
9178 1
9178 0
9178 0
9178 0
9178 0
9178 0
9178 0
9178 0
9178 0
9178 0
9178 0
9178 1
9178 0
9178 0
9178 0
9178 0
9178 0
9178 0
9178 0
9178 0
9178 0
9178 0
9178 0
9178 0
9178 0
9178 0
9178 0
9178 0
9178 0
9178 0
9178 0
9178 0
9178 0
9178 0
9178 0
9178 0
9178 0
9197 0
9197 1
9197 0
9197 0
9197 0
9197 0
9197 0
9197 0
9197 0
9197 0
9197 0
9197 0
9197 1
9197 0
9197 0
9197 0
9197 0
9197 0
9197 0
9197 0
9197 0
9197 0
9197 0
9197 0
9197 0
9197 0
9197 0
9197 0
9197 0
9197 0
9197 0
9197 0
9197 0
9197 0
9197 0
9197 0
9197 0
9197 0
9198 0
9198 3
9198 0
9198 0
9198 0
9198 0
9198 0
9198 0
9198 1
9198 0
9198 0
9198 0
9198 3
9198 0
9198 0
9198 0
9198 0
9198 0
9198 0
9198 0
9198 0
9198 0
9198 0
9198 0
9198 0
9198 0
9198 0
9198 0
9198 0
9198 0
9198 0
9198 0
9198 0
9198 0
9198 0
9198 0
9198 0
9198 0
9199 0
9199 7
9199 0
9199 0
9199 0
9199 0
9199 0
9199 0
9199 6
9199 0
9199 0
9199 0
9199 2
9199 0
9199 0
9199 0
9199 0
9199 0
9199 0
9199 0
9199 0
9199 0
9199 0
9199 0
9199 0
9199 0
9199 0
9199 0
9199 0
9199 0
9199 0
9199 0
9199 0
9199 0
9199 0
9199 0
9199 0
9199 0
9200 0
9200 3
9200 0
9200 0
9200 0
9200 0
9200 0
9200 0
9200 11
9200 0
9200 0
9200 0
9200 3
9200 0
9200 0
9200 0
9200 0
9200 0
9200 0
9200 0
9200 0
9200 0
9200 0
9200 0
9200 0
9200 0
9200 0
9200 0
9200 0
9200 0
9200 0
9200 0
9200 0
9200 0
9200 0
9200 0
9200 0
9200 0
9201 0
9201 1
9201 0
9201 0
9201 0
9201 0
9201 0
9201 0
9201 1
9201 0
9201 0
9201 0
9201 1
9201 0
9201 0
9201 0
9201 0
9201 0
9201 0
9201 0
9201 0
9201 0
9201 0
9201 0
9201 0
9201 0
9201 0
9201 0
9201 0
9201 0
9201 0
9201 0
9201 0
9201 0
9201 0
9201 0
9201 0
9201 0
9203 0
9203 1
9203 0
9203 0
9203 0
9203 0
9203 0
9203 0
9203 0
9203 0
9203 0
9203 0
9203 1
9203 0
9203 0
9203 0
9203 0
9203 0
9203 0
9203 0
9203 0
9203 0
9203 0
9203 0
9203 0
9203 0
9203 0
9203 0
9203 0
9203 0
9203 0
9203 0
9203 0
9203 0
9203 0
9203 0
9203 0
9203 0
9204 0
9204 1
9204 0
9204 0
9204 0
9204 0
9204 0
9204 0
9204 0
9204 0
9204 0
9204 0
9204 1
9204 0
9204 0
9204 0
9204 0
9204 0
9204 0
9204 0
9204 0
9204 0
9204 0
9204 0
9204 0
9204 0
9204 0
9204 0
9204 0
9204 0
9204 0
9204 0
9204 0
9204 0
9204 0
9204 0
9204 0
9204 0
9222 0
9222 1
9222 0
9222 0
9222 0
9222 0
9222 0
9222 0
9222 0
9222 0
9222 0
9222 0
9222 1
9222 0
9222 0
9222 0
9222 0
9222 0
9222 0
9222 0
9222 0
9222 0
9222 0
9222 0
9222 0
9222 0
9222 0
9222 0
9222 0
9222 0
9222 0
9222 0
9222 0
9222 0
9222 0
9222 0
9222 0
9222 0
9223 0
9223 3
9223 0
9223 0
9223 0
9223 0
9223 0
9223 0
9223 9
9223 0
9223 0
9223 0
9223 3
9223 0
9223 0
9223 0
9223 0
9223 0
9223 0
9223 0
9223 0
9223 0
9223 0
9223 0
9223 0
9223 0
9223 0
9223 0
9223 0
9223 0
9223 0
9223 0
9223 0
9223 0
9223 0
9223 0
9223 0
9223 0
9224 0
9224 0
9224 0
9224 0
9224 0
9224 0
9224 0
9224 0
9224 0
9224 0
9224 0
9224 0
9224 0
9224 0
9224 0
9224 0
9224 0
9224 0
9224 0
9224 0
9224 0
9224 0
9224 0
9224 0
9224 0
9224 0
9224 0
9224 0
9224 0
9224 0
9224 0
9224 0
9224 0
9224 0
9224 0
9224 0
9224 0
9224 0
