pt_graph scale
299 0
299 0
299 0
299 0
299 0
299 0
299 0
299 0
299 0
299 0
299 97
299 0
299 0
299 0
299 0
299 0
299 0
299 0
299 0
299 0
299 0
299 0
299 0
299 3
299 0
299 1
299 0
299 0
299 1
299 0
299 0
299 0
299 0
299 0
299 0
299 0
299 0
299 0
353 0
353 0
353 0
353 0
353 0
353 0
353 0
353 0
353 0
353 0
353 38
353 0
353 0
353 0
353 0
353 0
353 0
353 0
353 0
353 0
353 0
353 0
353 0
353 103
353 0
353 0
353 0
353 0
353 67
353 0
353 0
353 0
353 0
353 0
353 0
353 0
353 0
353 0
413 0
413 0
413 0
413 0
413 0
413 0
413 0
413 0
413 0
413 0
413 28
413 0
413 0
413 0
413 0
413 0
413 0
413 0
413 0
413 0
413 0
413 0
413 0
413 3
413 0
413 4
413 0
413 0
413 43
413 0
413 0
413 0
413 0
413 0
413 0
413 0
413 0
413 0
414 0
414 0
414 0
414 0
414 0
414 0
414 0
414 0
414 0
414 0
414 73
414 0
414 0
414 0
414 0
414 0
414 0
414 0
414 0
414 0
414 0
414 0
414 0
414 5
414 0
414 2
414 0
414 0
414 17
414 0
414 0
414 0
414 0
414 0
414 0
414 0
414 0
414 0
469 0
469 0
469 0
469 0
469 0
469 0
469 0
469 0
469 0
469 0
469 273
469 0
469 0
469 0
469 0
469 0
469 0
469 0
469 0
469 0
469 0
469 0
469 0
469 121
469 0
469 5
469 0
469 0
469 168
469 0
469 0
469 0
469 0
469 0
469 0
469 0
469 0
469 0
471 0
471 0
471 0
471 0
471 0
471 0
471 0
471 0
471 0
471 0
471 116
471 0
471 0
471 0
471 0
471 0
471 0
471 0
471 0
471 0
471 0
471 0
471 0
471 39
471 0
471 2
471 0
471 0
471 66
471 0
471 0
471 0
471 0
471 0
471 0
471 0
471 0
471 0
474 0
474 0
474 0
474 0
474 0
474 0
474 0
474 0
474 0
474 0
474 148
474 0
474 0
474 0
474 0
474 0
474 0
474 0
474 0
474 0
474 0
474 0
474 0
474 4
474 0
474 4
474 0
474 0
474 130
474 0
474 0
474 0
474 0
474 0
474 0
474 0
474 0
474 0
475 0
475 0
475 0
475 0
475 0
475 0
475 0
475 0
475 0
475 0
475 34
475 0
475 0
475 0
475 0
475 0
475 0
475 0
475 0
475 0
475 0
475 0
475 0
475 3
475 0
475 3
475 0
475 0
475 25
475 0
475 0
475 0
475 1
475 0
475 0
475 0
475 0
475 0
476 0
476 0
476 0
476 0
476 0
476 0
476 0
476 0
476 0
476 0
476 24
476 0
476 0
476 0
476 0
476 0
476 0
476 0
476 0
476 0
476 0
476 0
476 0
476 3
476 0
476 3
476 0
476 0
476 29
476 0
476 0
476 0
476 1
476 0
476 0
476 0
476 0
476 0
477 0
477 0
477 0
477 0
477 0
477 0
477 0
477 0
477 0
477 0
477 114
477 0
477 0
477 0
477 0
477 0
477 0
477 0
477 0
477 0
477 0
477 0
477 0
477 1
477 0
477 1
477 0
477 0
477 14
477 0
477 0
477 0
477 0
477 0
477 0
477 0
477 0
477 0
537 0
537 0
537 0
537 0
537 0
537 0
537 0
537 0
537 0
537 0
537 169
537 0
537 0
537 0
537 0
537 0
537 0
537 0
537 0
537 0
537 0
537 0
537 0
537 1
537 0
537 2
537 0
537 0
537 5
537 0
537 0
537 0
537 0
537 0
537 0
537 0
537 0
537 0
538 0
538 0
538 0
538 0
538 0
538 0
538 0
538 0
538 0
538 0
538 114
538 0
538 0
538 0
538 0
538 0
538 0
538 0
538 0
538 0
538 0
538 0
538 0
538 2
538 0
538 0
538 0
538 0
538 82
538 0
538 0
538 0
538 0
538 0
538 0
538 0
538 0
538 0
539 0
539 0
539 0
539 0
539 0
539 0
539 0
539 0
539 0
539 0
539 174
539 0
539 0
539 0
539 0
539 0
539 0
539 0
539 0
539 0
539 0
539 0
539 0
539 1
539 0
539 1
539 0
539 0
539 1
539 0
539 0
539 0
539 0
539 0
539 0
539 0
539 0
539 0
540 0
540 0
540 0
540 0
540 0
540 0
540 0
540 0
540 0
540 0
540 146
540 0
540 0
540 0
540 0
540 0
540 0
540 0
540 0
540 0
540 0
540 0
540 0
540 74
540 0
540 29
540 0
540 0
540 78
540 0
540 0
540 0
540 0
540 0
540 0
540 0
540 0
540 0
542 0
542 0
542 0
542 0
542 0
542 0
542 0
542 0
542 0
542 0
542 186
542 0
542 0
542 0
542 0
542 0
542 0
542 0
542 0
542 0
542 0
542 0
542 0
542 4
542 0
542 4
542 0
542 0
542 24
542 0
542 0
542 0
542 0
542 0
542 0
542 0
542 0
542 0
543 0
543 0
543 0
543 0
543 0
543 0
543 0
543 0
543 0
543 0
543 35
543 0
543 0
543 0
543 0
543 0
543 0
543 0
543 0
543 0
543 0
543 0
543 0
543 3
543 0
543 4
543 0
543 0
543 16
543 0
543 0
543 0
543 1
543 0
543 0
543 0
543 0
543 0
544 0
544 0
544 0
544 0
544 0
544 0
544 0
544 0
544 0
544 0
544 203
544 0
544 0
544 0
544 0
544 0
544 0
544 0
544 0
544 0
544 0
544 0
544 0
544 2
544 0
544 5
544 0
544 0
544 90
544 0
544 0
544 0
544 0
544 0
544 0
544 0
544 0
544 0
605 0
605 0
605 0
605 0
605 0
605 0
605 0
605 0
605 0
605 0
605 34
605 0
605 0
605 0
605 0
605 0
605 0
605 0
605 0
605 0
605 0
605 0
605 0
605 1
605 0
605 1
605 0
605 0
605 1
605 0
605 0
605 0
605 0
605 0
605 0
605 0
605 0
605 0
606 0
606 0
606 0
606 0
606 0
606 0
606 0
606 0
606 0
606 0
606 34
606 0
606 0
606 0
606 0
606 0
606 0
606 0
606 0
606 0
606 0
606 0
606 0
606 1
606 0
606 1
606 0
606 0
606 1
606 0
606 0
606 0
606 0
606 0
606 0
606 0
606 0
606 0
607 0
607 0
607 0
607 0
607 0
607 0
607 0
607 0
607 0
607 0
607 164
607 0
607 0
607 0
607 0
607 0
607 0
607 0
607 0
607 0
607 0
607 0
607 0
607 53
607 0
607 1
607 0
607 0
607 46
607 0
607 0
607 0
607 0
607 0
607 0
607 0
607 0
607 0
608 0
608 0
608 0
608 0
608 0
608 0
608 0
608 0
608 0
608 0
608 276
608 0
608 0
608 0
608 0
608 0
608 0
608 0
608 0
608 0
608 0
608 0
608 0
608 6
608 0
608 1
608 0
608 0
608 5
608 0
608 0
608 0
608 0
608 0
608 0
608 0
608 0
608 0
609 0
609 0
609 0
609 0
609 0
609 0
609 0
609 0
609 0
609 0
609 9
609 0
609 0
609 0
609 0
609 0
609 0
609 0
609 0
609 0
609 0
609 0
609 0
609 3
609 0
609 0
609 0
609 0
609 1
609 0
609 0
609 0
609 0
609 0
609 0
609 0
609 0
609 0
610 0
610 0
610 0
610 0
610 0
610 0
610 0
610 0
610 0
610 0
610 101
610 0
610 0
610 0
610 0
610 0
610 0
610 0
610 0
610 0
610 0
610 0
610 0
610 9
610 0
610 1
610 0
610 0
610 50
610 0
610 0
610 0
610 0
610 0
610 0
610 0
610 0
610 0
613 0
613 0
613 0
613 0
613 0
613 0
613 0
613 0
613 0
613 0
613 20
613 0
613 0
613 0
613 0
613 0
613 0
613 0
613 0
613 0
613 0
613 0
613 0
613 1
613 0
613 2
613 0
613 0
613 88
613 0
613 0
613 0
613 0
613 0
613 0
613 0
613 0
613 0
614 0
614 0
614 0
614 0
614 0
614 0
614 0
614 0
614 0
614 0
614 34
614 0
614 0
614 0
614 0
614 0
614 0
614 0
614 0
614 0
614 0
614 0
614 0
614 2
614 0
614 3
614 0
614 0
614 19
614 0
614 0
614 0
614 0
614 0
614 0
614 0
614 0
614 0
676 0
676 0
676 0
676 0
676 0
676 0
676 0
676 0
676 0
676 0
676 34
676 0
676 0
676 0
676 0
676 0
676 0
676 0
676 0
676 0
676 0
676 0
676 0
676 1
676 0
676 1
676 0
676 0
676 1
676 0
676 0
676 0
676 0
676 0
676 0
676 0
676 0
676 0
677 0
677 0
677 0
677 0
677 0
677 0
677 0
677 0
677 0
677 0
677 34
677 0
677 0
677 0
677 0
677 0
677 0
677 0
677 0
677 0
677 0
677 0
677 0
677 1
677 0
677 1
677 0
677 0
677 1
677 0
677 0
677 0
677 0
677 0
677 0
677 0
677 0
677 0
679 0
679 0
679 0
679 0
679 0
679 0
679 0
679 0
679 0
679 0
679 164
679 0
679 0
679 0
679 0
679 0
679 0
679 0
679 0
679 0
679 0
679 0
679 0
679 53
679 0
679 1
679 0
679 0
679 46
679 0
679 0
679 0
679 0
679 0
679 0
679 0
679 0
679 0
680 0
680 0
680 0
680 0
680 0
680 0
680 0
680 0
680 0
680 0
680 232
680 0
680 0
680 0
680 0
680 0
680 0
680 0
680 0
680 0
680 0
680 0
680 0
680 2
680 0
680 1
680 0
680 0
680 1
680 0
680 0
680 0
680 0
680 0
680 0
680 0
680 0
680 0
681 0
681 0
681 0
681 0
681 0
681 0
681 0
681 0
681 0
681 0
681 8
681 0
681 0
681 0
681 0
681 0
681 0
681 0
681 0
681 0
681 0
681 0
681 0
681 3
681 0
681 1
681 0
681 0
681 1
681 0
681 0
681 0
681 0
681 0
681 0
681 0
681 0
681 0
682 0
682 0
682 0
682 0
682 0
682 0
682 0
682 0
682 0
682 0
682 231
682 0
682 0
682 0
682 0
682 0
682 0
682 0
682 0
682 0
682 0
682 0
682 0
682 2
682 0
682 1
682 0
682 0
682 1
682 0
682 0
682 0
682 0
682 0
682 0
682 0
682 0
682 0
684 0
684 0
684 0
684 0
684 0
684 0
684 0
684 0
684 0
684 0
684 52
684 0
684 0
684 0
684 0
684 0
684 0
684 0
684 0
684 0
684 0
684 0
684 0
684 5
684 0
684 2
684 0
684 0
684 10
684 0
684 0
684 0
684 0
684 0
684 0
684 0
684 0
684 0
754 0
754 0
754 0
754 0
754 0
754 0
754 0
754 0
754 0
754 0
754 34
754 0
754 0
754 0
754 0
754 0
754 0
754 0
754 0
754 0
754 0
754 0
754 0
754 1
754 0
754 1
754 0
754 0
754 1
754 0
754 0
754 0
754 0
754 0
754 0
754 0
754 0
754 0
756 0
756 0
756 0
756 0
756 0
756 0
756 0
756 0
756 0
756 0
756 34
756 0
756 0
756 0
756 0
756 0
756 0
756 0
756 0
756 0
756 0
756 0
756 0
756 0
756 0
756 1
756 0
756 0
756 1
756 0
756 0
756 0
756 0
756 0
756 0
756 0
756 0
756 0
762 0
762 0
762 0
762 0
762 0
762 0
762 0
762 0
762 0
762 0
762 54
762 0
762 0
762 0
762 0
762 0
762 0
762 0
762 0
762 0
762 0
762 0
762 0
762 1
762 0
762 1
762 0
762 0
762 1
762 0
762 0
762 0
762 0
762 0
762 0
762 0
762 0
762 0
763 0
763 0
763 0
763 0
763 0
763 0
763 0
763 0
763 0
763 0
763 7
763 0
763 0
763 0
763 0
763 0
763 0
763 0
763 0
763 0
763 0
763 0
763 0
763 1
763 0
763 1
763 0
763 0
763 4
763 0
763 0
763 0
763 0
763 0
763 0
763 0
763 0
763 0
841 0
841 0
841 0
841 0
841 0
841 0
841 0
841 0
841 0
841 0
841 34
841 0
841 0
841 0
841 0
841 0
841 0
841 0
841 0
841 0
841 0
841 0
841 0
841 1
841 0
841 1
841 0
841 0
841 1
841 0
841 0
841 0
841 0
841 0
841 0
841 0
841 0
841 0
842 0
842 0
842 0
842 0
842 0
842 0
842 0
842 0
842 0
842 0
842 34
842 0
842 0
842 0
842 0
842 0
842 0
842 0
842 0
842 0
842 0
842 0
842 0
842 1
842 0
842 1
842 0
842 0
842 1
842 0
842 0
842 0
842 0
842 0
842 0
842 0
842 0
842 0
843 0
843 0
843 0
843 0
843 0
843 0
843 0
843 0
843 0
843 0
843 101
843 0
843 0
843 0
843 0
843 0
843 0
843 0
843 0
843 0
843 0
843 0
843 0
843 0
843 0
843 2
843 0
843 0
843 1
843 0
843 0
843 0
843 0
843 0
843 0
843 0
843 0
843 0
844 0
844 0
844 0
844 0
844 0
844 0
844 0
844 0
844 0
844 0
844 40
844 0
844 0
844 0
844 0
844 0
844 0
844 0
844 0
844 0
844 0
844 0
844 0
844 1
844 0
844 0
844 0
844 0
844 1
844 0
844 0
844 0
844 0
844 0
844 0
844 0
844 0
844 0
847 0
847 0
847 0
847 0
847 0
847 0
847 0
847 0
847 0
847 0
847 40
847 0
847 0
847 0
847 0
847 0
847 0
847 0
847 0
847 0
847 0
847 0
847 0
847 1
847 0
847 0
847 0
847 0
847 1
847 0
847 0
847 0
847 0
847 0
847 0
847 0
847 0
847 0
850 0
850 0
850 0
850 0
850 0
850 0
850 0
850 0
850 0
850 0
850 27
850 0
850 0
850 0
850 0
850 0
850 0
850 0
850 0
850 0
850 0
850 0
850 0
850 7
850 0
850 4
850 0
850 0
850 87
850 0
850 0
850 0
850 0
850 0
850 0
850 0
850 0
850 0
927 0
927 0
927 0
927 0
927 0
927 0
927 0
927 0
927 0
927 0
927 95
927 0
927 0
927 0
927 0
927 0
927 0
927 0
927 0
927 0
927 0
927 0
927 0
927 0
927 0
927 1
927 0
927 0
927 1
927 0
927 0
927 0
927 0
927 0
927 0
927 0
927 0
927 0
928 0
928 0
928 0
928 0
928 0
928 0
928 0
928 0
928 0
928 0
928 104
928 0
928 0
928 0
928 0
928 0
928 0
928 0
928 0
928 0
928 0
928 0
928 0
928 0
928 0
928 3
928 0
928 0
928 1
928 0
928 0
928 0
928 0
928 0
928 0
928 0
928 0
928 0
929 0
929 0
929 0
929 0
929 0
929 0
929 0
929 0
929 0
929 0
929 40
929 0
929 0
929 0
929 0
929 0
929 0
929 0
929 0
929 0
929 0
929 0
929 0
929 1
929 0
929 0
929 0
929 0
929 1
929 0
929 0
929 0
929 0
929 0
929 0
929 0
929 0
929 0
930 0
930 0
930 0
930 0
930 0
930 0
930 0
930 0
930 0
930 0
930 40
930 0
930 0
930 0
930 0
930 0
930 0
930 0
930 0
930 0
930 0
930 0
930 0
930 1
930 0
930 0
930 0
930 0
930 1
930 0
930 0
930 0
930 0
930 0
930 0
930 0
930 0
930 0
1004 0
1004 0
1004 0
1004 0
1004 0
1004 0
1004 0
1004 0
1004 0
1004 0
1004 1
1004 0
1004 0
1004 0
1004 0
1004 0
1004 0
1004 0
1004 0
1004 0
1004 0
1004 0
1004 0
1004 0
1004 0
1004 1
1004 0
1004 0
1004 0
1004 0
1004 0
1004 0
1004 0
1004 0
1004 0
1004 0
1004 0
1004 0
1005 0
1005 0
1005 0
1005 0
1005 0
1005 0
1005 0
1005 0
1005 0
1005 0
1005 95
1005 0
1005 0
1005 0
1005 0
1005 0
1005 0
1005 0
1005 0
1005 0
1005 0
1005 0
1005 0
1005 0
1005 0
1005 1
1005 0
1005 0
1005 1
1005 0
1005 0
1005 0
1005 0
1005 0
1005 0
1005 0
1005 0
1005 0
1074 0
1074 0
1074 0
1074 0
1074 0
1074 0
1074 0
1074 0
1074 0
1074 0
1074 34
1074 0
1074 0
1074 0
1074 0
1074 0
1074 0
1074 0
1074 0
1074 0
1074 0
1074 0
1074 0
1074 0
1074 0
1074 1
1074 0
1074 0
1074 1
1074 0
1074 0
1074 0
1074 0
1074 0
1074 0
1074 0
1074 0
1074 0
1144 0
1144 0
1144 0
1144 0
1144 0
1144 0
1144 0
1144 0
1144 0
1144 0
1144 40
1144 0
1144 0
1144 0
1144 0
1144 0
1144 0
1144 0
1144 0
1144 0
1144 0
1144 0
1144 0
1144 1
1144 0
1144 0
1144 0
1144 0
1144 1
1144 0
1144 0
1144 0
1144 0
1144 0
1144 0
1144 0
1144 0
1144 0
1705 0
1705 0
1705 0
1705 0
1705 0
1705 0
1705 0
1705 0
1705 0
1705 0
1705 457
1705 0
1705 0
1705 0
1705 0
1705 0
1705 0
1705 0
1705 0
1705 0
1705 0
1705 0
1705 0
1705 0
1705 0
1705 0
1705 0
1705 0
1705 0
1705 0
1705 0
1705 0
1705 0
1705 0
1705 0
1705 0
1705 0
1705 0
2101 0
2101 0
2101 0
2101 0
2101 0
2101 0
2101 0
2101 0
2101 0
2101 0
2101 0
2101 82
2101 0
2101 0
2101 0
2101 0
2101 0
2101 0
2101 0
2101 0
2101 0
2101 0
2101 0
2101 0
2101 0
2101 0
2101 0
2101 0
2101 0
2101 0
2101 0
2101 0
2101 0
2101 0
2101 0
2101 0
2101 0
2101 0
2102 0
2102 0
2102 0
2102 0
2102 0
2102 0
2102 0
2102 0
2102 0
2102 0
2102 0
2102 82
2102 0
2102 0
2102 0
2102 0
2102 0
2102 0
2102 0
2102 0
2102 0
2102 0
2102 0
2102 0
2102 0
2102 0
2102 0
2102 0
2102 0
2102 0
2102 0
2102 0
2102 0
2102 0
2102 0
2102 0
2102 0
2102 0
2160 0
2160 0
2160 0
2160 0
2160 0
2160 0
2160 0
2160 0
2160 0
2160 0
2160 152
2160 0
2160 0
2160 0
2160 0
2160 0
2160 0
2160 0
2160 0
2160 0
2160 0
2160 0
2160 0
2160 0
2160 0
2160 27
2160 0
2160 0
2160 1
2160 0
2160 0
2160 0
2160 0
2160 0
2160 0
2160 0
2160 0
2160 0
2188 0
2188 0
2188 0
2188 0
2188 0
2188 0
2188 0
2188 0
2188 0
2188 0
2188 0
2188 82
2188 0
2188 0
2188 0
2188 0
2188 0
2188 0
2188 0
2188 0
2188 0
2188 0
2188 0
2188 0
2188 0
2188 0
2188 0
2188 0
2188 0
2188 0
2188 0
2188 0
2188 0
2188 0
2188 0
2188 0
2188 0
2188 0
2189 0
2189 0
2189 0
2189 0
2189 0
2189 0
2189 0
2189 0
2189 0
2189 0
2189 0
2189 82
2189 0
2189 0
2189 0
2189 0
2189 0
2189 0
2189 0
2189 0
2189 0
2189 0
2189 0
2189 0
2189 0
2189 0
2189 0
2189 0
2189 0
2189 0
2189 0
2189 0
2189 0
2189 0
2189 0
2189 0
2189 0
2189 0
2190 0
2190 0
2190 0
2190 0
2190 0
2190 0
2190 0
2190 0
2190 0
2190 0
2190 0
2190 82
2190 0
2190 0
2190 0
2190 0
2190 0
2190 0
2190 0
2190 0
2190 0
2190 0
2190 0
2190 0
2190 0
2190 0
2190 0
2190 0
2190 0
2190 0
2190 0
2190 0
2190 0
2190 0
2190 0
2190 0
2190 0
2190 0
2191 0
2191 0
2191 0
2191 0
2191 0
2191 0
2191 0
2191 0
2191 0
2191 0
2191 0
2191 82
2191 0
2191 0
2191 0
2191 0
2191 0
2191 0
2191 0
2191 0
2191 0
2191 0
2191 0
2191 0
2191 0
2191 0
2191 0
2191 0
2191 0
2191 0
2191 0
2191 0
2191 0
2191 0
2191 0
2191 0
2191 0
2191 0
2192 0
2192 0
2192 0
2192 0
2192 0
2192 0
2192 0
2192 0
2192 0
2192 0
2192 0
2192 82
2192 0
2192 0
2192 0
2192 0
2192 0
2192 0
2192 0
2192 0
2192 0
2192 0
2192 0
2192 0
2192 0
2192 0
2192 0
2192 0
2192 0
2192 0
2192 0
2192 0
2192 0
2192 0
2192 0
2192 0
2192 0
2192 0
2247 0
2247 0
2247 0
2247 0
2247 0
2247 0
2247 0
2247 0
2247 0
2247 0
2247 152
2247 0
2247 0
2247 0
2247 0
2247 0
2247 0
2247 0
2247 0
2247 0
2247 0
2247 0
2247 0
2247 0
2247 0
2247 27
2247 0
2247 0
2247 1
2247 0
2247 0
2247 0
2247 0
2247 0
2247 0
2247 0
2247 0
2247 0
2248 0
2248 0
2248 0
2248 0
2248 0
2248 0
2248 0
2248 0
2248 0
2248 0
2248 152
2248 0
2248 0
2248 0
2248 0
2248 0
2248 0
2248 0
2248 0
2248 0
2248 0
2248 0
2248 0
2248 0
2248 0
2248 27
2248 0
2248 0
2248 1
2248 0
2248 0
2248 0
2248 0
2248 0
2248 0
2248 0
2248 0
2248 0
2250 0
2250 0
2250 0
2250 0
2250 0
2250 0
2250 0
2250 0
2250 0
2250 0
2250 149
2250 0
2250 0
2250 0
2250 0
2250 0
2250 0
2250 0
2250 0
2250 0
2250 0
2250 0
2250 0
2250 0
2250 0
2250 35
2250 0
2250 0
2250 1
2250 0
2250 0
2250 0
2250 0
2250 0
2250 0
2250 0
2250 0
2250 0
2338 0
2338 0
2338 0
2338 0
2338 0
2338 0
2338 0
2338 0
2338 0
2338 0
2338 557
2338 0
2338 0
2338 0
2338 0
2338 0
2338 0
2338 0
2338 0
2338 0
2338 0
2338 0
2338 0
2338 0
2338 0
2338 27
2338 0
2338 0
2338 1
2338 0
2338 0
2338 0
2338 0
2338 0
2338 0
2338 0
2338 0
2338 0
2339 0
2339 0
2339 0
2339 0
2339 0
2339 0
2339 0
2339 0
2339 0
2339 0
2339 761
2339 0
2339 0
2339 0
2339 0
2339 0
2339 0
2339 0
2339 0
2339 0
2339 0
2339 0
2339 0
2339 0
2339 0
2339 27
2339 0
2339 0
2339 2
2339 0
2339 0
2339 0
2339 0
2339 0
2339 0
2339 0
2339 0
2339 0
2340 0
2340 0
2340 0
2340 0
2340 0
2340 0
2340 0
2340 0
2340 0
2340 0
2340 493
2340 0
2340 0
2340 0
2340 0
2340 0
2340 0
2340 0
2340 0
2340 0
2340 0
2340 0
2340 0
2340 0
2340 0
2340 0
2340 0
2340 0
2340 0
2340 0
2340 0
2340 0
2340 0
2340 0
2340 0
2340 0
2340 0
2340 0
2341 0
2341 0
2341 0
2341 0
2341 0
2341 0
2341 0
2341 0
2341 0
2341 0
2341 152
2341 0
2341 0
2341 0
2341 0
2341 0
2341 0
2341 0
2341 0
2341 0
2341 0
2341 0
2341 0
2341 0
2341 0
2341 27
2341 0
2341 0
2341 1
2341 0
2341 0
2341 0
2341 0
2341 0
2341 0
2341 0
2341 0
2341 0
2342 0
2342 0
2342 0
2342 0
2342 0
2342 0
2342 0
2342 0
2342 0
2342 0
2342 493
2342 0
2342 0
2342 0
2342 0
2342 0
2342 0
2342 0
2342 0
2342 0
2342 0
2342 0
2342 0
2342 0
2342 0
2342 0
2342 0
2342 0
2342 0
2342 0
2342 0
2342 0
2342 0
2342 0
2342 0
2342 0
2342 0
2342 0
2361 0
2361 0
2361 0
2361 0
2361 0
2361 0
2361 0
2361 0
2361 0
2361 0
2361 0
2361 82
2361 0
2361 0
2361 0
2361 0
2361 0
2361 0
2361 0
2361 0
2361 0
2361 0
2361 0
2361 0
2361 0
2361 0
2361 0
2361 0
2361 0
2361 0
2361 0
2361 0
2361 0
2361 0
2361 0
2361 0
2361 0
2361 0
2420 0
2420 0
2420 0
2420 0
2420 0
2420 0
2420 0
2420 0
2420 0
2420 0
2420 655
2420 0
2420 0
2420 0
2420 0
2420 0
2420 0
2420 0
2420 0
2420 0
2420 0
2420 0
2420 0
2420 0
2420 0
2420 0
2420 0
2420 0
2420 0
2420 0
2420 0
2420 0
2420 0
2420 0
2420 0
2420 0
2420 0
2420 0
2421 0
2421 0
2421 0
2421 0
2421 0
2421 0
2421 0
2421 0
2421 0
2421 0
2421 594
2421 0
2421 0
2421 0
2421 0
2421 0
2421 0
2421 0
2421 0
2421 0
2421 0
2421 0
2421 0
2421 0
2421 0
2421 0
2421 0
2421 0
2421 0
2421 0
2421 0
2421 0
2421 0
2421 0
2421 0
2421 0
2421 0
2421 0
2422 0
2422 0
2422 0
2422 0
2422 0
2422 0
2422 0
2422 0
2422 0
2422 0
2422 480
2422 0
2422 0
2422 0
2422 0
2422 0
2422 0
2422 0
2422 0
2422 0
2422 0
2422 0
2422 0
2422 0
2422 0
2422 0
2422 0
2422 0
2422 0
2422 0
2422 0
2422 0
2422 0
2422 0
2422 0
2422 0
2422 0
2422 0
2423 0
2423 0
2423 0
2423 0
2423 0
2423 0
2423 0
2423 0
2423 0
2423 0
2423 594
2423 0
2423 0
2423 0
2423 0
2423 0
2423 0
2423 0
2423 0
2423 0
2423 0
2423 0
2423 0
2423 0
2423 0
2423 0
2423 0
2423 0
2423 0
2423 0
2423 0
2423 0
2423 0
2423 0
2423 0
2423 0
2423 0
2423 0
2424 0
2424 0
2424 0
2424 0
2424 0
2424 0
2424 0
2424 0
2424 0
2424 0
2424 89
2424 0
2424 0
2424 0
2424 0
2424 0
2424 0
2424 0
2424 0
2424 0
2424 0
2424 0
2424 0
2424 0
2424 0
2424 0
2424 0
2424 0
2424 0
2424 0
2424 0
2424 0
2424 0
2424 0
2424 0
2424 0
2424 0
2424 0
2425 0
2425 0
2425 0
2425 0
2425 0
2425 0
2425 0
2425 0
2425 0
2425 0
2425 1094
2425 0
2425 0
2425 0
2425 0
2425 0
2425 0
2425 0
2425 0
2425 0
2425 0
2425 0
2425 0
2425 0
2425 0
2425 0
2425 0
2425 0
2425 0
2425 0
2425 0
2425 0
2425 0
2425 0
2425 0
2425 0
2425 0
2425 0
2426 0
2426 0
2426 0
2426 0
2426 0
2426 0
2426 0
2426 0
2426 0
2426 0
2426 997
2426 0
2426 0
2426 0
2426 0
2426 0
2426 0
2426 0
2426 0
2426 0
2426 0
2426 0
2426 0
2426 0
2426 0
2426 0
2426 0
2426 0
2426 0
2426 0
2426 0
2426 0
2426 0
2426 0
2426 0
2426 0
2426 0
2426 0
2427 0
2427 0
2427 0
2427 0
2427 0
2427 0
2427 0
2427 0
2427 0
2427 0
2427 557
2427 0
2427 0
2427 0
2427 0
2427 0
2427 0
2427 0
2427 0
2427 0
2427 0
2427 0
2427 0
2427 0
2427 0
2427 27
2427 0
2427 0
2427 1
2427 0
2427 0
2427 0
2427 0
2427 0
2427 0
2427 0
2427 0
2427 0
2428 0
2428 0
2428 0
2428 0
2428 0
2428 0
2428 0
2428 0
2428 0
2428 0
2428 671
2428 0
2428 0
2428 0
2428 0
2428 0
2428 0
2428 0
2428 0
2428 0
2428 0
2428 0
2428 0
2428 0
2428 0
2428 27
2428 0
2428 0
2428 1
2428 0
2428 0
2428 0
2428 0
2428 0
2428 0
2428 0
2428 0
2428 0
2429 0
2429 0
2429 0
2429 0
2429 0
2429 0
2429 0
2429 0
2429 0
2429 0
2429 364
2429 0
2429 0
2429 0
2429 0
2429 0
2429 0
2429 0
2429 0
2429 0
2429 0
2429 0
2429 0
2429 0
2429 0
2429 1
2429 0
2429 0
2429 0
2429 0
2429 0
2429 0
2429 0
2429 0
2429 0
2429 0
2429 0
2429 0
2506 0
2506 0
2506 0
2506 0
2506 0
2506 0
2506 0
2506 0
2506 0
2506 0
2506 366
2506 0
2506 0
2506 0
2506 0
2506 0
2506 0
2506 0
2506 0
2506 0
2506 0
2506 0
2506 0
2506 0
2506 0
2506 0
2506 0
2506 0
2506 0
2506 0
2506 0
2506 0
2506 0
2506 0
2506 0
2506 0
2506 0
2506 0
2507 0
2507 0
2507 0
2507 0
2507 0
2507 0
2507 0
2507 0
2507 0
2507 0
2507 482
2507 0
2507 0
2507 0
2507 0
2507 0
2507 0
2507 0
2507 0
2507 0
2507 0
2507 0
2507 0
2507 0
2507 0
2507 0
2507 0
2507 0
2507 0
2507 0
2507 0
2507 0
2507 0
2507 0
2507 0
2507 0
2507 0
2507 0
2508 0
2508 0
2508 0
2508 0
2508 0
2508 0
2508 0
2508 0
2508 0
2508 0
2508 174
2508 0
2508 0
2508 0
2508 0
2508 0
2508 0
2508 0
2508 0
2508 0
2508 0
2508 0
2508 0
2508 0
2508 0
2508 0
2508 0
2508 0
2508 0
2508 0
2508 0
2508 0
2508 0
2508 0
2508 0
2508 0
2508 0
2508 0
2509 0
2509 0
2509 0
2509 0
2509 0
2509 0
2509 0
2509 0
2509 0
2509 0
2509 306
2509 0
2509 0
2509 0
2509 0
2509 0
2509 0
2509 0
2509 0
2509 0
2509 0
2509 0
2509 0
2509 0
2509 0
2509 0
2509 0
2509 0
2509 0
2509 0
2509 0
2509 0
2509 0
2509 0
2509 0
2509 0
2509 0
2509 0
2513 0
2513 0
2513 0
2513 0
2513 0
2513 0
2513 0
2513 0
2513 0
2513 0
2513 1394
2513 0
2513 0
2513 0
2513 1
2513 0
2513 0
2513 0
2513 0
2513 0
2513 0
2513 0
2513 0
2513 0
2513 0
2513 259
2513 0
2513 0
2513 285
2513 0
2513 0
2513 0
2513 0
2513 0
2513 0
2513 0
2513 0
2513 0
2515 0
2515 0
2515 0
2515 0
2515 0
2515 0
2515 0
2515 0
2515 0
2515 0
2515 1090
2515 0
2515 0
2515 0
2515 0
2515 0
2515 0
2515 0
2515 0
2515 0
2515 0
2515 0
2515 0
2515 0
2515 0
2515 65
2515 0
2515 0
2515 1
2515 0
2515 0
2515 0
2515 0
2515 0
2515 0
2515 0
2515 0
2515 0
2592 0
2592 0
2592 0
2592 0
2592 0
2592 0
2592 0
2592 0
2592 0
2592 0
2592 480
2592 0
2592 0
2592 0
2592 0
2592 0
2592 0
2592 0
2592 0
2592 0
2592 0
2592 0
2592 0
2592 0
2592 0
2592 0
2592 0
2592 0
2592 0
2592 0
2592 0
2592 0
2592 0
2592 0
2592 0
2592 0
2592 0
2592 0
2593 0
2593 0
2593 0
2593 0
2593 0
2593 0
2593 0
2593 0
2593 0
2593 0
2593 89
2593 0
2593 0
2593 0
2593 0
2593 0
2593 0
2593 0
2593 0
2593 0
2593 0
2593 0
2593 0
2593 0
2593 0
2593 0
2593 0
2593 0
2593 0
2593 0
2593 0
2593 0
2593 0
2593 0
2593 0
2593 0
2593 0
2593 0
2594 0
2594 0
2594 0
2594 0
2594 0
2594 0
2594 0
2594 0
2594 0
2594 0
2594 89
2594 0
2594 0
2594 0
2594 0
2594 0
2594 0
2594 0
2594 0
2594 0
2594 0
2594 0
2594 0
2594 0
2594 0
2594 0
2594 0
2594 0
2594 0
2594 0
2594 0
2594 0
2594 0
2594 0
2594 0
2594 0
2594 0
2594 0
2595 0
2595 0
2595 0
2595 0
2595 0
2595 0
2595 0
2595 0
2595 0
2595 0
2595 141
2595 0
2595 0
2595 0
2595 0
2595 0
2595 0
2595 0
2595 0
2595 0
2595 0
2595 0
2595 0
2595 0
2595 0
2595 0
2595 0
2595 0
2595 1
2595 0
2595 0
2595 0
2595 0
2595 0
2595 0
2595 0
2595 0
2595 0
2596 0
2596 0
2596 0
2596 0
2596 0
2596 0
2596 0
2596 0
2596 0
2596 0
2596 89
2596 0
2596 0
2596 0
2596 0
2596 0
2596 0
2596 0
2596 0
2596 0
2596 0
2596 0
2596 0
2596 0
2596 0
2596 0
2596 0
2596 0
2596 0
2596 0
2596 0
2596 0
2596 0
2596 0
2596 0
2596 0
2596 0
2596 0
2599 0
2599 0
2599 0
2599 0
2599 0
2599 0
2599 0
2599 0
2599 0
2599 0
2599 286
2599 0
2599 0
2599 0
2599 1
2599 0
2599 0
2599 0
2599 0
2599 0
2599 0
2599 0
2599 0
2599 0
2599 0
2599 158
2599 0
2599 0
2599 255
2599 0
2599 0
2599 0
2599 0
2599 0
2599 0
2599 0
2599 0
2599 0
2600 0
2600 0
2600 0
2600 0
2600 0
2600 0
2600 0
2600 0
2600 0
2600 0
2600 286
2600 0
2600 0
2600 0
2600 1
2600 0
2600 0
2600 0
2600 0
2600 0
2600 0
2600 0
2600 0
2600 0
2600 0
2600 158
2600 0
2600 0
2600 255
2600 0
2600 0
2600 0
2600 0
2600 0
2600 0
2600 0
2600 0
2600 0
2679 0
2679 0
2679 0
2679 0
2679 0
2679 0
2679 0
2679 0
2679 0
2679 0
2679 480
2679 0
2679 0
2679 0
2679 0
2679 0
2679 0
2679 0
2679 0
2679 0
2679 0
2679 0
2679 0
2679 0
2679 0
2679 0
2679 0
2679 0
2679 0
2679 0
2679 0
2679 0
2679 0
2679 0
2679 0
2679 0
2679 0
2679 0
2680 0
2680 0
2680 0
2680 0
2680 0
2680 0
2680 0
2680 0
2680 0
2680 0
2680 89
2680 0
2680 0
2680 0
2680 0
2680 0
2680 0
2680 0
2680 0
2680 0
2680 0
2680 0
2680 0
2680 0
2680 0
2680 0
2680 0
2680 0
2680 0
2680 0
2680 0
2680 0
2680 0
2680 0
2680 0
2680 0
2680 0
2680 0
2776 0
2776 0
2776 0
2776 0
2776 0
2776 0
2776 0
2776 0
2776 0
2776 0
2776 95
2776 0
2776 0
2776 0
2776 0
2776 0
2776 0
2776 0
2776 0
2776 0
2776 0
2776 0
2776 0
2776 0
2776 0
2776 102
2776 0
2776 0
2776 33
2776 0
2776 0
2776 0
2776 0
2776 0
2776 0
2776 0
2776 0
2776 0
2778 0
2778 0
2778 0
2778 0
2778 0
2778 0
2778 0
2778 0
2778 0
2778 0
2778 201
2778 0
2778 0
2778 0
2778 0
2778 0
2778 0
2778 0
2778 0
2778 0
2778 0
2778 0
2778 0
2778 0
2778 0
2778 217
2778 0
2778 0
2778 88
2778 0
2778 0
2778 0
2778 0
2778 0
2778 0
2778 0
2778 0
2778 0
2779 0
2779 0
2779 0
2779 0
2779 0
2779 0
2779 0
2779 0
2779 0
2779 0
2779 95
2779 0
2779 0
2779 0
2779 0
2779 0
2779 0
2779 0
2779 0
2779 0
2779 0
2779 0
2779 0
2779 0
2779 0
2779 102
2779 0
2779 0
2779 33
2779 0
2779 0
2779 0
2779 0
2779 0
2779 0
2779 0
2779 0
2779 0
2780 0
2780 0
2780 0
2780 0
2780 0
2780 0
2780 0
2780 0
2780 0
2780 0
2780 95
2780 0
2780 0
2780 0
2780 0
2780 0
2780 0
2780 0
2780 0
2780 0
2780 0
2780 0
2780 0
2780 0
2780 0
2780 102
2780 0
2780 0
2780 33
2780 0
2780 0
2780 0
2780 0
2780 0
2780 0
2780 0
2780 0
2780 0
2781 0
2781 0
2781 0
2781 0
2781 0
2781 0
2781 0
2781 0
2781 0
2781 0
2781 95
2781 0
2781 0
2781 0
2781 0
2781 0
2781 0
2781 0
2781 0
2781 0
2781 0
2781 0
2781 0
2781 0
2781 0
2781 102
2781 0
2781 0
2781 33
2781 0
2781 0
2781 0
2781 0
2781 0
2781 0
2781 0
2781 0
2781 0
2782 0
2782 0
2782 0
2782 0
2782 0
2782 0
2782 0
2782 0
2782 0
2782 0
2782 553
2782 0
2782 0
2782 0
2782 0
2782 0
2782 0
2782 0
2782 0
2782 0
2782 0
2782 0
2782 0
2782 0
2782 0
2782 76
2782 0
2782 0
2782 24
2782 0
2782 0
2782 0
2782 0
2782 0
2782 0
2782 0
2782 0
2782 0
2870 0
2870 0
2870 0
2870 0
2870 0
2870 0
2870 0
2870 0
2870 0
2870 0
2870 151
2870 0
2870 0
2870 0
2870 0
2870 0
2870 0
2870 0
2870 0
2870 0
2870 0
2870 0
2870 0
2870 0
2870 0
2870 120
2870 0
2870 0
2870 1
2870 0
2870 0
2870 0
2870 0
2870 0
2870 0
2870 0
2870 0
2870 0
2871 0
2871 0
2871 0
2871 0
2871 0
2871 0
2871 0
2871 0
2871 0
2871 0
2871 762
2871 0
2871 0
2871 0
2871 1
2871 0
2871 0
2871 0
2871 0
2871 0
2871 0
2871 0
2871 0
2871 0
2871 0
2871 472
2871 0
2871 0
2871 437
2871 0
2871 0
2871 0
2871 0
2871 0
2871 0
2871 0
2871 0
2871 0
2966 0
2966 0
2966 0
2966 0
2966 0
2966 0
2966 0
2966 0
2966 0
2966 0
2966 923
2966 0
2966 0
2966 0
2966 0
2966 0
2966 0
2966 0
2966 0
2966 0
2966 0
2966 0
2966 0
2966 0
2966 0
2966 0
2966 0
2966 0
2966 0
2966 0
2966 0
2966 0
2966 0
2966 0
2966 0
2966 0
2966 0
2966 0
2967 0
2967 0
2967 0
2967 0
2967 0
2967 0
2967 0
2967 0
2967 0
2967 0
2967 2130
2967 0
2967 0
2967 0
2967 0
2967 0
2967 0
2967 0
2967 0
2967 0
2967 0
2967 0
2967 0
2967 0
2967 0
2967 2
2967 0
2967 0
2967 1
2967 0
2967 0
2967 0
2967 0
2967 0
2967 0
2967 0
2967 0
2967 0
2968 0
2968 0
2968 0
2968 0
2968 0
2968 0
2968 0
2968 0
2968 0
2968 0
2968 1700
2968 0
2968 0
2968 0
2968 0
2968 0
2968 0
2968 0
2968 0
2968 0
2968 0
2968 0
2968 0
2968 0
2968 0
2968 149
2968 0
2968 0
2968 88
2968 0
2968 0
2968 0
2968 0
2968 0
2968 0
2968 0
2968 0
2968 0
2969 0
2969 0
2969 0
2969 0
2969 0
2969 0
2969 0
2969 0
2969 0
2969 0
2969 589
2969 0
2969 0
2969 0
2969 0
2969 0
2969 0
2969 0
2969 0
2969 0
2969 0
2969 0
2969 0
2969 0
2969 0
2969 156
2969 0
2969 0
2969 5
2969 0
2969 0
2969 0
2969 0
2969 0
2969 0
2969 0
2969 0
2969 0
3060 0
3060 0
3060 0
3060 0
3060 0
3060 0
3060 0
3060 0
3060 0
3060 0
3060 179
3060 0
3060 0
3060 0
3060 0
3060 0
3060 0
3060 0
3060 0
3060 0
3060 0
3060 0
3060 0
3060 0
3060 0
3060 59
3060 0
3060 0
3060 36
3060 0
3060 0
3060 0
3060 0
3060 0
3060 0
3060 0
3060 0
3060 0
3062 0
3062 0
3062 0
3062 0
3062 0
3062 0
3062 0
3062 0
3062 0
3062 0
3062 179
3062 0
3062 0
3062 0
3062 0
3062 0
3062 0
3062 0
3062 0
3062 0
3062 0
3062 0
3062 0
3062 0
3062 0
3062 59
3062 0
3062 0
3062 36
3062 0
3062 0
3062 0
3062 0
3062 0
3062 0
3062 0
3062 0
3062 0
3063 0
3063 0
3063 0
3063 0
3063 0
3063 0
3063 0
3063 0
3063 0
3063 0
3063 1710
3063 0
3063 0
3063 0
3063 0
3063 0
3063 0
3063 0
3063 0
3063 0
3063 0
3063 0
3063 0
3063 0
3063 0
3063 285
3063 0
3063 0
3063 9
3063 0
3063 0
3063 0
3063 0
3063 0
3063 0
3063 0
3063 0
3063 0
3064 0
3064 0
3064 0
3064 0
3064 0
3064 0
3064 0
3064 0
3064 0
3064 0
3064 151
3064 0
3064 0
3064 0
3064 0
3064 0
3064 0
3064 0
3064 0
3064 0
3064 0
3064 0
3064 0
3064 0
3064 0
3064 120
3064 0
3064 0
3064 1
3064 0
3064 0
3064 0
3064 0
3064 0
3064 0
3064 0
3064 0
3064 0
3154 0
3154 0
3154 0
3154 0
3154 0
3154 0
3154 0
3154 0
3154 0
3154 0
3154 717
3154 0
3154 0
3154 0
3154 0
3154 0
3154 0
3154 0
3154 0
3154 0
3154 0
3154 0
3154 0
3154 0
3154 0
3154 0
3154 0
3154 0
3154 0
3154 0
3154 0
3154 0
3154 0
3154 0
3154 0
3154 0
3154 0
3154 0
3155 0
3155 0
3155 0
3155 0
3155 0
3155 0
3155 0
3155 0
3155 0
3155 0
3155 387
3155 0
3155 0
3155 0
3155 0
3155 0
3155 0
3155 0
3155 0
3155 0
3155 0
3155 0
3155 0
3155 0
3155 0
3155 194
3155 0
3155 0
3155 72
3155 0
3155 0
3155 0
3155 0
3155 0
3155 0
3155 0
3155 0
3155 0
3244 0
3244 0
3244 0
3244 0
3244 0
3244 0
3244 0
3244 0
3244 0
3244 0
3244 1520
3244 0
3244 0
3244 0
3244 0
3244 0
3244 0
3244 0
3244 0
3244 0
3244 0
3244 0
3244 0
3244 0
3244 0
3244 47
3244 0
3244 0
3244 0
3244 0
3244 0
3244 0
3244 0
3244 0
3244 0
3244 0
3244 0
3244 0
3245 0
3245 0
3245 0
3245 0
3245 0
3245 0
3245 0
3245 0
3245 0
3245 0
3245 1692
3245 0
3245 0
3245 0
3245 0
3245 0
3245 0
3245 0
3245 0
3245 0
3245 0
3245 0
3245 0
3245 0
3245 0
3245 162
3245 0
3245 0
3245 4
3245 0
3245 0
3245 0
3245 0
3245 0
3245 0
3245 0
3245 0
3245 0
3336 0
3336 0
3336 0
3336 0
3336 0
3336 0
3336 0
3336 0
3336 0
3336 0
3336 413
3336 0
3336 0
3336 0
3336 0
3336 0
3336 0
3336 0
3336 0
3336 0
3336 0
3336 0
3336 0
3336 0
3336 0
3336 1
3336 0
3336 0
3336 0
3336 0
3336 0
3336 0
3336 0
3336 0
3336 0
3336 0
3336 0
3336 0
3337 0
3337 0
3337 0
3337 0
3337 0
3337 0
3337 0
3337 0
3337 0
3337 0
3337 4056
3337 0
3337 0
3337 0
3337 0
3337 0
3337 0
3337 0
3337 0
3337 0
3337 0
3337 0
3337 0
3337 0
3337 0
3337 508
3337 0
3337 0
3337 172
3337 0
3337 0
3337 0
3337 0
3337 0
3337 0
3337 0
3337 0
3337 0
