pt_graph cpue_kghour
2129 0
2129 0
2129 0
2129 0
2129 0
2129 0
2129 0
2129 0
2129 0
2129 0
2129 12
2129 0
2129 0
2129 0
2129 0
2129 0
2129 0
2129 0
2129 0
2129 0
2129 0
2129 0
2129 0
2129 3
2129 0
2129 1
2129 0
2129 0
2129 20
2129 0
2129 0
2129 3
2129 0
2129 0
2129 0
2129 0
2129 0
2129 0
2219 0
2219 0
2219 0
2219 0
2219 0
2219 0
2219 0
2219 0
2219 0
2219 0
2219 16
2219 0
2219 0
2219 0
2219 0
2219 0
2219 0
2219 0
2219 0
2219 0
2219 0
2219 0
2219 0
2219 2
2219 0
2219 3
2219 0
2219 0
2219 25
2219 0
2219 0
2219 3
2219 0
2219 0
2219 0
2219 0
2219 0
2219 0
2220 0
2220 0
2220 0
2220 0
2220 0
2220 0
2220 0
2220 0
2220 0
2220 0
2220 8
2220 0
2220 0
2220 0
2220 0
2220 0
2220 0
2220 0
2220 0
2220 0
2220 0
2220 0
2220 0
2220 3
2220 0
2220 4
2220 0
2220 0
2220 21
2220 0
2220 0
2220 3
2220 0
2220 0
2220 0
2220 0
2220 0
2220 0
2221 0
2221 0
2221 0
2221 0
2221 0
2221 0
2221 0
2221 0
2221 0
2221 0
2221 45
2221 0
2221 0
2221 0
2221 0
2221 0
2221 0
2221 0
2221 0
2221 0
2221 0
2221 0
2221 0
2221 2
2221 0
2221 4
2221 0
2221 0
2221 31
2221 0
2221 0
2221 1
2221 0
2221 0
2221 0
2221 0
2221 0
2221 0
2307 0
2307 0
2307 0
2307 0
2307 0
2307 0
2307 0
2307 0
2307 0
2307 0
2307 32
2307 0
2307 0
2307 0
2307 0
2307 0
2307 0
2307 0
2307 0
2307 0
2307 0
2307 0
2307 0
2307 1
2307 0
2307 1
2307 0
2307 0
2307 27
2307 0
2307 0
2307 2
2307 0
2307 0
2307 0
2307 0
2307 0
2307 0
2308 0
2308 0
2308 0
2308 0
2308 0
2308 0
2308 0
2308 0
2308 0
2308 0
2308 18
2308 0
2308 0
2308 0
2308 0
2308 0
2308 0
2308 0
2308 0
2308 0
2308 0
2308 0
2308 0
2308 3
2308 0
2308 3
2308 0
2308 0
2308 21
2308 0
2308 0
2308 2
2308 0
2308 0
2308 0
2308 0
2308 0
2308 0
2309 0
2309 0
2309 0
2309 0
2309 0
2309 0
2309 0
2309 0
2309 0
2309 0
2309 0
2309 0
2309 0
2309 0
2309 0
2309 0
2309 0
2309 0
2309 0
2309 0
2309 0
2309 0
2309 0
2309 9
2309 0
2309 18
2309 0
2309 0
2309 10
2309 0
2309 0
2309 3
2309 0
2309 0
2309 0
2309 0
2309 0
2309 0
2396 0
2396 0
2396 0
2396 0
2396 0
2396 0
2396 0
2396 0
2396 0
2396 0
2396 4
2396 0
2396 0
2396 0
2396 0
2396 0
2396 0
2396 0
2396 0
2396 0
2396 0
2396 0
2396 0
2396 2
2396 0
2396 2
2396 0
2396 0
2396 20
2396 0
2396 0
2396 3
2396 0
2396 0
2396 0
2396 0
2396 0
2396 0
2397 0
2397 0
2397 0
2397 0
2397 0
2397 0
2397 0
2397 0
2397 0
2397 0
2397 0
2397 0
2397 0
2397 0
2397 0
2397 0
2397 0
2397 0
2397 0
2397 0
2397 0
2397 0
2397 0
2397 2
2397 0
2397 3
2397 0
2397 0
2397 18
2397 0
2397 0
2397 4
2397 0
2397 0
2397 0
2397 0
2397 0
2397 0
2480 0
2480 0
2480 0
2480 0
2480 0
2480 0
2480 0
2480 0
2480 0
2480 0
2480 0
2480 0
2480 0
2480 0
2480 0
2480 0
2480 0
2480 0
2480 0
2480 0
2480 0
2480 0
2480 0
2480 2
2480 0
2480 2
2480 0
2480 0
2480 27
2480 0
2480 0
2480 9
2480 0
2480 0
2480 0
2480 0
2480 0
2480 0
2482 0
2482 0
2482 0
2482 0
2482 0
2482 0
2482 0
2482 0
2482 0
2482 0
2482 0
2482 0
2482 0
2482 0
2482 0
2482 0
2482 0
2482 0
2482 0
2482 0
2482 0
2482 0
2482 0
2482 2
2482 0
2482 2
2482 0
2482 0
2482 17
2482 0
2482 0
2482 5
2482 0
2482 0
2482 0
2482 0
2482 0
2482 0
2483 0
2483 0
2483 0
2483 0
2483 0
2483 0
2483 0
2483 0
2483 0
2483 0
2483 1
2483 0
2483 0
2483 0
2483 0
2483 0
2483 0
2483 0
2483 0
2483 0
2483 0
2483 0
2483 0
2483 2
2483 0
2483 1
2483 0
2483 0
2483 20
2483 0
2483 0
2483 5
2483 0
2483 0
2483 0
2483 0
2483 0
2483 0
2484 0
2484 0
2484 0
2484 0
2484 0
2484 0
2484 0
2484 0
2484 0
2484 0
2484 0
2484 0
2484 0
2484 0
2484 0
2484 0
2484 0
2484 0
2484 0
2484 0
2484 0
2484 0
2484 0
2484 21
2484 0
2484 16
2484 0
2484 0
2484 182
2484 0
2484 0
2484 65
2484 1
2484 0
2484 0
2484 0
2484 0
2484 0
2563 0
2563 0
2563 0
2563 0
2563 0
2563 0
2563 0
2563 0
2563 0
2563 0
2563 0
2563 0
2563 0
2563 0
2563 0
2563 0
2563 0
2563 0
2563 0
2563 0
2563 0
2563 0
2563 0
2563 1
2563 0
2563 0
2563 0
2563 0
2563 8
2563 0
2563 0
2563 2
2563 0
2563 0
2563 0
2563 0
2563 0
2563 0
2564 0
2564 0
2564 0
2564 0
2564 0
2564 0
2564 0
2564 0
2564 0
2564 0
2564 0
2564 0
2564 0
2564 0
2564 0
2564 0
2564 0
2564 0
2564 0
2564 0
2564 0
2564 0
2564 0
2564 1
2564 0
2564 0
2564 0
2564 0
2564 7
2564 0
2564 0
2564 4
2564 0
2564 0
2564 0
2564 0
2564 0
2564 0
2566 0
2566 0
2566 0
2566 0
2566 0
2566 0
2566 0
2566 0
2566 0
2566 0
2566 0
2566 0
2566 0
2566 0
2566 0
2566 0
2566 0
2566 0
2566 0
2566 0
2566 0
2566 0
2566 0
2566 1
2566 0
2566 1
2566 0
2566 0
2566 19
2566 0
2566 0
2566 11
2566 0
2566 0
2566 0
2566 0
2566 0
2566 0
