pt_graph scale
7853 0
7853 0
7853 0
7853 0
7853 0
7853 0
7853 0
7853 0
7853 0
7853 17
7853 0
7853 0
7853 0
7853 0
7853 0
7853 0
7853 0
7853 0
7853 0
7853 0
7853 0
7853 0
7853 0
7853 0
7853 0
7853 0
7853 0
7853 0
7853 0
7853 0
7853 0
7853 0
7853 0
7853 0
7853 946
7853 0
7853 0
7853 0
7926 0
7926 0
7926 0
7926 0
7926 0
7926 0
7926 0
7926 0
7926 1
7926 0
7926 0
7926 0
7926 0
7926 0
7926 0
7926 0
7926 0
7926 0
7926 0
7926 0
7926 0
7926 0
7926 0
7926 0
7926 0
7926 0
7926 0
7926 0
7926 0
7926 0
7926 0
7926 0
7926 0
7926 0
7926 140
7926 0
7926 0
7926 0
7927 0
7927 0
7927 0
7927 0
7927 0
7927 0
7927 0
7927 0
7927 55
7927 0
7927 0
7927 0
7927 0
7927 0
7927 0
7927 0
7927 0
7927 0
7927 0
7927 0
7927 0
7927 0
7927 0
7927 0
7927 0
7927 0
7927 0
7927 0
7927 0
7927 0
7927 0
7927 0
7927 0
7927 0
7927 659
7927 0
7927 0
7927 0
7998 0
7998 0
7998 0
7998 0
7998 0
7998 0
7998 0
7998 0
7998 1
7998 0
7998 0
7998 0
7998 0
7998 0
7998 0
7998 0
7998 0
7998 0
7998 0
7998 0
7998 0
7998 0
7998 0
7998 0
7998 0
7998 0
7998 0
7998 0
7998 0
7998 0
7998 0
7998 0
7998 0
7998 0
7998 134
7998 0
7998 0
7998 0
8060 0
8060 0
8060 0
8060 0
8060 0
8060 0
8060 0
8060 0
8060 0
8060 0
8060 0
8060 0
8060 0
8060 0
8060 0
8060 0
8060 0
8060 0
8060 0
8060 0
8060 0
8060 0
8060 0
8060 0
8060 0
8060 0
8060 0
8060 0
8060 0
8060 0
8060 0
8060 0
8060 0
8060 0
8060 1
8060 0
8060 0
8060 0
8118 0
8118 0
8118 0
8118 0
8118 0
8118 0
8118 0
8118 0
8118 0
8118 0
8118 0
8118 0
8118 0
8118 0
8118 0
8118 0
8118 0
8118 0
8118 0
8118 0
8118 0
8118 0
8118 0
8118 0
8118 0
8118 0
8118 0
8118 0
8118 0
8118 0
8118 0
8118 0
8118 0
8118 0
8118 119
8118 0
8118 0
8118 0
8176 0
8176 0
8176 0
8176 0
8176 0
8176 0
8176 0
8176 0
8176 0
8176 0
8176 0
8176 0
8176 0
8176 0
8176 0
8176 0
8176 0
8176 0
8176 0
8176 0
8176 0
8176 0
8176 0
8176 0
8176 0
8176 0
8176 0
8176 0
8176 0
8176 0
8176 0
8176 0
8176 0
8176 0
8176 1
8176 0
8176 0
8176 0
8335 0
8335 0
8335 0
8335 0
8335 0
8335 0
8335 0
8335 0
8335 0
8335 0
8335 0
8335 0
8335 0
8335 0
8335 0
8335 0
8335 0
8335 0
8335 0
8335 0
8335 0
8335 0
8335 0
8335 0
8335 0
8335 0
8335 0
8335 0
8335 0
8335 0
8335 0
8335 0
8335 0
8335 0
8335 1
8335 0
8335 0
8335 0
8385 0
8385 0
8385 0
8385 0
8385 0
8385 0
8385 0
8385 0
8385 1
8385 0
8385 0
8385 0
8385 0
8385 0
8385 0
8385 0
8385 0
8385 0
8385 0
8385 0
8385 0
8385 0
8385 0
8385 0
8385 0
8385 0
8385 0
8385 0
8385 0
8385 0
8385 0
8385 0
8385 0
8385 0
8385 72
8385 0
8385 0
8385 0
8423 0
8423 0
8423 0
8423 0
8423 0
8423 0
8423 0
8423 0
8423 0
8423 0
8423 0
8423 0
8423 0
8423 0
8423 0
8423 0
8423 0
8423 0
8423 0
8423 0
8423 0
8423 0
8423 0
8423 0
8423 0
8423 0
8423 0
8423 0
8423 0
8423 0
8423 0
8423 0
8423 0
8423 0
8423 259
8423 0
8423 0
8423 0
8434 0
8434 0
8434 0
8434 0
8434 0
8434 0
8434 0
8434 0
8434 0
8434 0
8434 0
8434 0
8434 0
8434 0
8434 0
8434 0
8434 0
8434 0
8434 0
8434 0
8434 0
8434 0
8434 0
8434 0
8434 0
8434 0
8434 0
8434 0
8434 0
8434 0
8434 0
8434 0
8434 0
8434 0
8434 80
8434 0
8434 0
8434 0
8470 0
8470 0
8470 0
8470 0
8470 0
8470 0
8470 0
8470 0
8470 0
8470 0
8470 0
8470 0
8470 0
8470 0
8470 0
8470 0
8470 0
8470 0
8470 0
8470 0
8470 0
8470 0
8470 0
8470 0
8470 0
8470 0
8470 0
8470 0
8470 0
8470 0
8470 0
8470 0
8470 0
8470 0
8470 64
8470 0
8470 0
8470 0
8471 0
8471 0
8471 0
8471 0
8471 0
8471 0
8471 0
8471 0
8471 0
8471 0
8471 0
8471 0
8471 0
8471 0
8471 0
8471 0
8471 0
8471 0
8471 0
8471 0
8471 0
8471 0
8471 0
8471 0
8471 0
8471 0
8471 0
8471 0
8471 0
8471 0
8471 0
8471 0
8471 0
8471 0
8471 259
8471 0
8471 0
8471 0
8479 0
8479 0
8479 0
8479 0
8479 0
8479 0
8479 0
8479 0
8479 0
8479 0
8479 0
8479 0
8479 0
8479 0
8479 0
8479 0
8479 0
8479 0
8479 0
8479 0
8479 0
8479 0
8479 0
8479 0
8479 0
8479 0
8479 0
8479 0
8479 0
8479 0
8479 0
8479 0
8479 0
8479 0
8479 1
8479 0
8479 0
8479 0
8481 0
8481 0
8481 0
8481 0
8481 0
8481 0
8481 0
8481 0
8481 0
8481 0
8481 0
8481 0
8481 0
8481 0
8481 0
8481 0
8481 0
8481 0
8481 0
8481 0
8481 0
8481 0
8481 0
8481 0
8481 0
8481 0
8481 0
8481 0
8481 0
8481 0
8481 0
8481 0
8481 0
8481 0
8481 42
8481 0
8481 0
8481 0
8482 0
8482 0
8482 0
8482 0
8482 0
8482 0
8482 0
8482 0
8482 0
8482 0
8482 0
8482 0
8482 0
8482 0
8482 0
8482 0
8482 0
8482 0
8482 0
8482 0
8482 0
8482 0
8482 0
8482 0
8482 0
8482 0
8482 0
8482 0
8482 0
8482 0
8482 0
8482 0
8482 0
8482 0
8482 34
8482 0
8482 0
8482 0
8518 0
8518 0
8518 0
8518 0
8518 0
8518 0
8518 0
8518 0
8518 0
8518 0
8518 0
8518 0
8518 0
8518 0
8518 0
8518 0
8518 0
8518 0
8518 0
8518 0
8518 0
8518 0
8518 0
8518 0
8518 0
8518 0
8518 0
8518 0
8518 0
8518 0
8518 0
8518 0
8518 0
8518 0
8518 320
8518 0
8518 0
8518 0
8524 0
8524 0
8524 0
8524 0
8524 0
8524 0
8524 0
8524 0
8524 0
8524 0
8524 0
8524 0
8524 0
8524 0
8524 0
8524 0
8524 0
8524 0
8524 0
8524 0
8524 0
8524 0
8524 0
8524 0
8524 0
8524 0
8524 0
8524 0
8524 0
8524 0
8524 0
8524 0
8524 0
8524 0
8524 64
8524 0
8524 0
8524 0
8572 0
8572 0
8572 0
8572 0
8572 0
8572 0
8572 0
8572 0
8572 0
8572 0
8572 0
8572 0
8572 0
8572 0
8572 0
8572 0
8572 0
8572 0
8572 0
8572 0
8572 0
8572 0
8572 0
8572 0
8572 0
8572 0
8572 0
8572 0
8572 0
8572 0
8572 0
8572 0
8572 0
8572 0
8572 108
8572 0
8572 0
8572 0
8608 0
8608 0
8608 0
8608 0
8608 0
8608 0
8608 0
8608 0
8608 0
8608 0
8608 0
8608 0
8608 0
8608 0
8608 0
8608 0
8608 0
8608 0
8608 0
8608 0
8608 0
8608 0
8608 0
8608 0
8608 0
8608 0
8608 0
8608 0
8608 0
8608 0
8608 0
8608 0
8608 0
8608 0
8608 320
8608 0
8608 0
8608 0
8612 0
8612 0
8612 0
8612 0
8612 0
8612 0
8612 0
8612 0
8612 0
8612 0
8612 0
8612 0
8612 0
8612 0
8612 0
8612 0
8612 0
8612 0
8612 0
8612 0
8612 0
8612 0
8612 0
8612 0
8612 0
8612 0
8612 0
8612 0
8612 0
8612 0
8612 0
8612 0
8612 0
8612 0
8612 1
8612 0
8612 0
8612 0
8615 0
8615 0
8615 0
8615 0
8615 0
8615 0
8615 0
8615 0
8615 0
8615 0
8615 0
8615 0
8615 0
8615 0
8615 0
8615 0
8615 0
8615 0
8615 0
8615 0
8615 0
8615 0
8615 0
8615 0
8615 0
8615 0
8615 0
8615 0
8615 0
8615 0
8615 0
8615 0
8615 0
8615 0
8615 81
8615 0
8615 0
8615 0
8652 0
8652 0
8652 0
8652 0
8652 0
8652 0
8652 0
8652 0
8652 0
8652 0
8652 0
8652 0
8652 0
8652 0
8652 0
8652 0
8652 0
8652 0
8652 0
8652 0
8652 0
8652 0
8652 0
8652 0
8652 0
8652 0
8652 0
8652 0
8652 0
8652 0
8652 0
8652 0
8652 0
8652 0
8652 320
8652 0
8652 0
8652 0
8656 0
8656 0
8656 0
8656 0
8656 0
8656 0
8656 0
8656 0
8656 0
8656 0
8656 0
8656 0
8656 0
8656 0
8656 0
8656 0
8656 0
8656 0
8656 0
8656 0
8656 0
8656 0
8656 0
8656 0
8656 0
8656 0
8656 0
8656 0
8656 0
8656 0
8656 0
8656 0
8656 0
8656 0
8656 81
8656 0
8656 0
8656 0
8690 0
8690 0
8690 0
8690 0
8690 0
8690 0
8690 0
8690 0
8690 15
8690 0
8690 0
8690 0
8690 0
8690 0
8690 0
8690 0
8690 0
8690 0
8690 0
8690 0
8690 0
8690 0
8690 0
8690 0
8690 0
8690 0
8690 0
8690 0
8690 0
8690 0
8690 0
8690 0
8690 0
8690 0
8690 359
8690 0
8690 0
8690 0
8692 0
8692 0
8692 0
8692 0
8692 0
8692 0
8692 0
8692 0
8692 0
8692 0
8692 0
8692 0
8692 0
8692 0
8692 0
8692 0
8692 0
8692 0
8692 0
8692 0
8692 0
8692 0
8692 0
8692 0
8692 0
8692 0
8692 0
8692 0
8692 0
8692 0
8692 0
8692 0
8692 0
8692 0
8692 1
8692 0
8692 0
8692 0
8732 0
8732 0
8732 0
8732 0
8732 0
8732 0
8732 0
8732 0
8732 0
8732 0
8732 0
8732 0
8732 0
8732 0
8732 0
8732 0
8732 0
8732 0
8732 0
8732 0
8732 0
8732 0
8732 0
8732 0
8732 0
8732 0
8732 0
8732 0
8732 0
8732 0
8732 0
8732 0
8732 0
8732 0
8732 66
8732 0
8732 0
8732 0
8734 0
8734 0
8734 0
8734 0
8734 0
8734 0
8734 0
8734 0
8734 1
8734 0
8734 0
8734 0
8734 1
8734 0
8734 0
8734 0
8734 0
8734 0
8734 0
8734 0
8734 0
8734 0
8734 0
8734 0
8734 0
8734 0
8734 0
8734 0
8734 0
8734 0
8734 0
8734 0
8734 0
8734 0
8734 378
8734 0
8734 0
8734 0
8768 0
8768 0
8768 0
8768 0
8768 0
8768 0
8768 0
8768 0
8768 0
8768 0
8768 0
8768 0
8768 0
8768 0
8768 0
8768 0
8768 0
8768 0
8768 0
8768 0
8768 0
8768 0
8768 0
8768 0
8768 0
8768 0
8768 0
8768 0
8768 0
8768 0
8768 0
8768 0
8768 0
8768 0
8768 34
8768 0
8768 0
8768 0
8775 0
8775 0
8775 0
8775 0
8775 0
8775 0
8775 0
8775 0
8775 0
8775 0
8775 0
8775 0
8775 0
8775 0
8775 0
8775 0
8775 0
8775 0
8775 0
8775 0
8775 0
8775 0
8775 0
8775 0
8775 0
8775 0
8775 0
8775 0
8775 0
8775 0
8775 0
8775 0
8775 0
8775 0
8775 66
8775 0
8775 0
8775 0
8776 0
8776 0
8776 0
8776 0
8776 0
8776 0
8776 0
8776 0
8776 0
8776 0
8776 0
8776 0
8776 0
8776 0
8776 0
8776 0
8776 0
8776 0
8776 0
8776 0
8776 0
8776 0
8776 0
8776 0
8776 0
8776 0
8776 0
8776 0
8776 0
8776 0
8776 0
8776 0
8776 0
8776 0
8776 81
8776 0
8776 0
8776 0
8804 0
8804 0
8804 0
8804 0
8804 0
8804 0
8804 0
8804 0
8804 0
8804 0
8804 0
8804 0
8804 0
8804 0
8804 0
8804 0
8804 0
8804 0
8804 0
8804 0
8804 0
8804 0
8804 0
8804 0
8804 0
8804 0
8804 0
8804 0
8804 0
8804 0
8804 0
8804 0
8804 0
8804 0
8804 29
8804 0
8804 0
8804 0
8806 0
8806 0
8806 0
8806 0
8806 0
8806 0
8806 0
8806 0
8806 0
8806 0
8806 0
8806 0
8806 0
8806 0
8806 0
8806 0
8806 0
8806 0
8806 0
8806 0
8806 0
8806 0
8806 0
8806 0
8806 0
8806 0
8806 0
8806 0
8806 0
8806 0
8806 0
8806 0
8806 0
8806 0
8806 29
8806 0
8806 0
8806 0
8808 0
8808 0
8808 0
8808 0
8808 0
8808 0
8808 0
8808 0
8808 1
8808 0
8808 0
8808 0
8808 0
8808 0
8808 0
8808 0
8808 0
8808 0
8808 0
8808 0
8808 0
8808 0
8808 0
8808 0
8808 0
8808 0
8808 0
8808 0
8808 0
8808 0
8808 0
8808 0
8808 0
8808 0
8808 310
8808 0
8808 0
8808 0
8809 0
8809 0
8809 0
8809 0
8809 0
8809 0
8809 0
8809 0
8809 0
8809 0
8809 0
8809 0
8809 0
8809 0
8809 0
8809 0
8809 0
8809 0
8809 0
8809 0
8809 0
8809 0
8809 0
8809 0
8809 0
8809 0
8809 0
8809 0
8809 0
8809 0
8809 0
8809 0
8809 0
8809 0
8809 29
8809 0
8809 0
8809 0
8816 0
8816 0
8816 0
8816 0
8816 0
8816 0
8816 0
8816 0
8816 0
8816 0
8816 0
8816 0
8816 0
8816 0
8816 0
8816 0
8816 0
8816 0
8816 0
8816 0
8816 0
8816 0
8816 0
8816 0
8816 0
8816 0
8816 0
8816 0
8816 0
8816 0
8816 0
8816 0
8816 0
8816 0
8816 34
8816 0
8816 0
8816 0
8844 0
8844 0
8844 0
8844 0
8844 0
8844 0
8844 0
8844 0
8844 0
8844 0
8844 0
8844 0
8844 0
8844 0
8844 0
8844 0
8844 0
8844 0
8844 0
8844 0
8844 0
8844 0
8844 0
8844 0
8844 0
8844 0
8844 0
8844 0
8844 0
8844 0
8844 0
8844 0
8844 0
8844 0
8844 29
8844 0
8844 0
8844 0
8846 0
8846 0
8846 0
8846 0
8846 0
8846 0
8846 0
8846 0
8846 0
8846 0
8846 0
8846 0
8846 0
8846 0
8846 0
8846 0
8846 0
8846 0
8846 0
8846 0
8846 0
8846 0
8846 0
8846 0
8846 0
8846 0
8846 0
8846 0
8846 0
8846 0
8846 0
8846 0
8846 0
8846 0
8846 712
8846 0
8846 0
8846 0
8847 0
8847 0
8847 0
8847 0
8847 0
8847 0
8847 0
8847 0
8847 0
8847 0
8847 0
8847 0
8847 0
8847 0
8847 0
8847 0
8847 0
8847 0
8847 0
8847 0
8847 0
8847 0
8847 0
8847 0
8847 0
8847 0
8847 0
8847 0
8847 0
8847 0
8847 0
8847 0
8847 0
8847 0
8847 600
8847 0
8847 0
8847 0
8878 0
8878 0
8878 0
8878 0
8878 0
8878 0
8878 0
8878 0
8878 0
8878 0
8878 0
8878 0
8878 0
8878 0
8878 0
8878 0
8878 0
8878 0
8878 0
8878 0
8878 0
8878 0
8878 0
8878 0
8878 0
8878 0
8878 0
8878 0
8878 0
8878 0
8878 0
8878 0
8878 0
8878 0
8878 29
8878 0
8878 0
8878 0
8882 0
8882 0
8882 0
8882 0
8882 0
8882 0
8882 0
8882 0
8882 16
8882 0
8882 0
8882 0
8882 0
8882 0
8882 0
8882 0
8882 0
8882 0
8882 0
8882 0
8882 0
8882 0
8882 0
8882 0
8882 0
8882 0
8882 0
8882 0
8882 0
8882 0
8882 0
8882 0
8882 0
8882 0
8882 660
8882 0
8882 0
8882 0
8890 0
8890 0
8890 0
8890 0
8890 0
8890 0
8890 0
8890 0
8890 12
8890 0
8890 0
8890 0
8890 0
8890 0
8890 0
8890 0
8890 0
8890 0
8890 0
8890 0
8890 0
8890 0
8890 0
8890 0
8890 0
8890 0
8890 0
8890 0
8890 0
8890 0
8890 0
8890 0
8890 0
8890 0
8890 33
8890 0
8890 0
8890 0
8914 0
8914 0
8914 0
8914 0
8914 0
8914 0
8914 0
8914 0
8914 0
8914 0
8914 0
8914 0
8914 0
8914 0
8914 0
8914 0
8914 0
8914 0
8914 0
8914 0
8914 0
8914 0
8914 0
8914 0
8914 0
8914 0
8914 0
8914 0
8914 0
8914 0
8914 0
8914 0
8914 0
8914 0
8914 777
8914 0
8914 0
8914 0
8915 0
8915 0
8915 0
8915 0
8915 0
8915 0
8915 0
8915 0
8915 0
8915 0
8915 0
8915 0
8915 0
8915 0
8915 0
8915 0
8915 0
8915 0
8915 0
8915 0
8915 0
8915 0
8915 0
8915 0
8915 0
8915 0
8915 0
8915 0
8915 0
8915 0
8915 0
8915 0
8915 0
8915 0
8915 748
8915 0
8915 0
8915 0
8918 0
8918 0
8918 0
8918 0
8918 0
8918 0
8918 0
8918 0
8918 1
8918 0
8918 0
8918 0
8918 0
8918 0
8918 0
8918 0
8918 0
8918 0
8918 0
8918 0
8918 0
8918 0
8918 0
8918 0
8918 0
8918 0
8918 0
8918 0
8918 0
8918 0
8918 0
8918 0
8918 0
8918 0
8918 1
8918 0
8918 0
8918 0
8945 0
8945 0
8945 0
8945 0
8945 0
8945 0
8945 0
8945 0
8945 0
8945 0
8945 0
8945 0
8945 0
8945 0
8945 0
8945 0
8945 0
8945 0
8945 0
8945 0
8945 0
8945 0
8945 0
8945 0
8945 0
8945 0
8945 0
8945 0
8945 0
8945 0
8945 0
8945 0
8945 0
8945 0
8945 34
8945 0
8945 0
8945 0
8946 0
8946 0
8946 0
8946 0
8946 0
8946 0
8946 0
8946 0
8946 0
8946 0
8946 0
8946 0
8946 0
8946 0
8946 0
8946 0
8946 0
8946 0
8946 0
8946 0
8946 0
8946 0
8946 0
8946 0
8946 0
8946 0
8946 0
8946 0
8946 0
8946 0
8946 0
8946 0
8946 0
8946 0
8946 34
8946 0
8946 0
8946 0
8947 0
8947 0
8947 0
8947 0
8947 0
8947 0
8947 0
8947 0
8947 1
8947 0
8947 0
8947 0
8947 0
8947 0
8947 0
8947 0
8947 0
8947 0
8947 0
8947 0
8947 0
8947 0
8947 0
8947 0
8947 0
8947 0
8947 0
8947 0
8947 0
8947 0
8947 0
8947 0
8947 0
8947 0
8947 602
8947 0
8947 0
8947 0
8948 0
8948 0
8948 0
8948 0
8948 0
8948 0
8948 0
8948 0
8948 0
8948 0
8948 0
8948 0
8948 0
8948 0
8948 0
8948 0
8948 0
8948 0
8948 0
8948 0
8948 0
8948 0
8948 0
8948 0
8948 0
8948 0
8948 0
8948 0
8948 0
8948 0
8948 0
8948 0
8948 0
8948 0
8948 1
8948 0
8948 0
8948 0
8949 0
8949 0
8949 0
8949 0
8949 0
8949 0
8949 0
8949 0
8949 1
8949 0
8949 0
8949 0
8949 0
8949 0
8949 0
8949 0
8949 0
8949 0
8949 0
8949 0
8949 0
8949 0
8949 0
8949 0
8949 0
8949 0
8949 0
8949 0
8949 0
8949 0
8949 0
8949 0
8949 0
8949 0
8949 82
8949 0
8949 0
8949 0
8950 0
8950 0
8950 0
8950 0
8950 0
8950 0
8950 0
8950 0
8950 3
8950 0
8950 0
8950 0
8950 1
8950 0
8950 0
8950 0
8950 0
8950 0
8950 0
8950 0
8950 0
8950 0
8950 0
8950 0
8950 0
8950 0
8950 0
8950 0
8950 0
8950 0
8950 0
8950 0
8950 0
8950 0
8950 87
8950 0
8950 0
8950 0
8977 0
8977 0
8977 0
8977 0
8977 0
8977 0
8977 0
8977 0
8977 0
8977 0
8977 0
8977 0
8977 0
8977 0
8977 0
8977 0
8977 0
8977 0
8977 0
8977 0
8977 0
8977 0
8977 0
8977 0
8977 0
8977 0
8977 0
8977 0
8977 0
8977 0
8977 0
8977 0
8977 0
8977 0
8977 34
8977 0
8977 0
8977 0
8978 0
8978 0
8978 0
8978 0
8978 0
8978 0
8978 0
8978 0
8978 0
8978 0
8978 0
8978 0
8978 0
8978 0
8978 0
8978 0
8978 0
8978 0
8978 0
8978 0
8978 0
8978 0
8978 0
8978 0
8978 0
8978 0
8978 0
8978 0
8978 0
8978 0
8978 0
8978 0
8978 0
8978 0
8978 4
8978 0
8978 0
8978 0
8979 0
8979 0
8979 0
8979 0
8979 0
8979 0
8979 0
8979 0
8979 1
8979 0
8979 0
8979 0
8979 0
8979 0
8979 0
8979 0
8979 0
8979 0
8979 0
8979 0
8979 0
8979 0
8979 0
8979 0
8979 0
8979 0
8979 0
8979 0
8979 0
8979 0
8979 0
8979 0
8979 0
8979 0
8979 433
8979 0
8979 0
8979 0
8980 0
8980 0
8980 0
8980 0
8980 0
8980 0
8980 0
8980 0
8980 1
8980 0
8980 0
8980 0
8980 0
8980 0
8980 0
8980 0
8980 0
8980 0
8980 0
8980 0
8980 0
8980 0
8980 0
8980 0
8980 0
8980 0
8980 0
8980 0
8980 0
8980 0
8980 0
8980 0
8980 0
8980 0
8980 117
8980 0
8980 0
8980 0
8981 0
8981 0
8981 0
8981 0
8981 0
8981 0
8981 0
8981 0
8981 21
8981 0
8981 0
8981 0
8981 1
8981 0
8981 0
8981 0
8981 0
8981 0
8981 0
8981 0
8981 0
8981 0
8981 0
8981 0
8981 0
8981 0
8981 0
8981 0
8981 0
8981 0
8981 0
8981 0
8981 0
8981 0
8981 597
8981 0
8981 0
8981 0
8983 0
8983 0
8983 0
8983 0
8983 0
8983 0
8983 0
8983 0
8983 0
8983 0
8983 0
8983 0
8983 0
8983 0
8983 0
8983 0
8983 0
8983 0
8983 0
8983 0
8983 0
8983 0
8983 0
8983 0
8983 0
8983 0
8983 0
8983 0
8983 0
8983 0
8983 0
8983 0
8983 0
8983 0
8983 75
8983 0
8983 0
8983 0
9007 0
9007 0
9007 0
9007 0
9007 0
9007 0
9007 0
9007 0
9007 1
9007 0
9007 0
9007 0
9007 0
9007 0
9007 0
9007 0
9007 0
9007 0
9007 0
9007 0
9007 0
9007 0
9007 0
9007 0
9007 0
9007 0
9007 0
9007 0
9007 0
9007 0
9007 0
9007 0
9007 0
9007 0
9007 972
9007 0
9007 0
9007 0
9009 0
9009 0
9009 0
9009 0
9009 0
9009 0
9009 0
9009 0
9009 1
9009 0
9009 0
9009 0
9009 0
9009 0
9009 0
9009 0
9009 0
9009 0
9009 0
9009 0
9009 0
9009 0
9009 0
9009 0
9009 0
9009 0
9009 0
9009 0
9009 0
9009 0
9009 0
9009 0
9009 0
9009 0
9009 211
9009 0
9009 0
9009 0
9010 0
9010 0
9010 0
9010 0
9010 0
9010 0
9010 0
9010 0
9010 17
9010 0
9010 0
9010 0
9010 1
9010 0
9010 0
9010 0
9010 0
9010 0
9010 0
9010 0
9010 0
9010 0
9010 0
9010 0
9010 0
9010 0
9010 0
9010 0
9010 0
9010 0
9010 0
9010 0
9010 0
9010 0
9010 1
9010 0
9010 0
9010 0
9011 0
9011 0
9011 0
9011 0
9011 0
9011 0
9011 0
9011 0
9011 8
9011 0
9011 0
9011 0
9011 0
9011 0
9011 0
9011 0
9011 0
9011 0
9011 0
9011 0
9011 0
9011 0
9011 0
9011 0
9011 0
9011 0
9011 0
9011 0
9011 0
9011 0
9011 0
9011 0
9011 0
9011 0
9011 3620
9011 0
9011 0
9011 0
9012 0
9012 0
9012 0
9012 0
9012 0
9012 0
9012 0
9012 0
9012 19
9012 0
9012 0
9012 0
9012 0
9012 0
9012 0
9012 0
9012 0
9012 0
9012 0
9012 0
9012 0
9012 0
9012 0
9012 0
9012 0
9012 0
9012 0
9012 0
9012 0
9012 0
9012 0
9012 0
9012 0
9012 0
9012 113
9012 0
9012 0
9012 0
9037 0
9037 0
9037 0
9037 0
9037 0
9037 0
9037 0
9037 0
9037 0
9037 0
9037 0
9037 0
9037 0
9037 0
9037 0
9037 0
9037 0
9037 0
9037 0
9037 0
9037 0
9037 0
9037 0
9037 0
9037 0
9037 0
9037 0
9037 0
9037 0
9037 0
9037 0
9037 0
9037 0
9037 0
9037 34
9037 0
9037 0
9037 0
9038 0
9038 0
9038 0
9038 0
9038 0
9038 0
9038 0
9038 0
9038 146
9038 0
9038 0
9038 0
9038 11
9038 0
9038 0
9038 0
9038 0
9038 0
9038 0
9038 0
9038 0
9038 0
9038 0
9038 0
9038 0
9038 0
9038 0
9038 0
9038 0
9038 0
9038 0
9038 0
9038 0
9038 0
9038 208
9038 0
9038 0
9038 0
9039 0
9039 0
9039 0
9039 0
9039 0
9039 0
9039 0
9039 0
9039 0
9039 0
9039 0
9039 0
9039 0
9039 0
9039 0
9039 0
9039 0
9039 0
9039 0
9039 0
9039 0
9039 0
9039 0
9039 0
9039 0
9039 0
9039 0
9039 0
9039 0
9039 0
9039 0
9039 0
9039 0
9039 0
9039 34
9039 0
9039 0
9039 0
9040 0
9040 0
9040 0
9040 0
9040 0
9040 0
9040 0
9040 0
9040 5
9040 0
9040 0
9040 0
9040 0
9040 0
9040 0
9040 0
9040 0
9040 0
9040 0
9040 0
9040 0
9040 0
9040 0
9040 0
9040 0
9040 0
9040 0
9040 0
9040 0
9040 0
9040 0
9040 0
9040 0
9040 0
9040 130
9040 0
9040 0
9040 0
9041 0
9041 0
9041 0
9041 0
9041 0
9041 0
9041 0
9041 0
9041 0
9041 0
9041 0
9041 0
9041 0
9041 0
9041 0
9041 0
9041 0
9041 0
9041 0
9041 0
9041 0
9041 0
9041 0
9041 0
9041 0
9041 0
9041 0
9041 0
9041 0
9041 0
9041 0
9041 0
9041 0
9041 0
9041 1
9041 0
9041 0
9041 0
9067 0
9067 0
9067 0
9067 0
9067 0
9067 0
9067 0
9067 0
9067 1
9067 0
9067 0
9067 0
9067 0
9067 0
9067 0
9067 0
9067 0
9067 0
9067 0
9067 0
9067 0
9067 0
9067 0
9067 0
9067 0
9067 0
9067 0
9067 0
9067 0
9067 0
9067 0
9067 0
9067 0
9067 0
9067 108
9067 0
9067 0
9067 0
9068 0
9068 0
9068 0
9068 0
9068 0
9068 0
9068 0
9068 0
9068 14
9068 0
9068 0
9068 0
9068 1
9068 0
9068 0
9068 0
9068 0
9068 0
9068 0
9068 0
9068 0
9068 0
9068 0
9068 0
9068 0
9068 0
9068 0
9068 0
9068 0
9068 0
9068 0
9068 0
9068 0
9068 0
9068 180
9068 0
9068 0
9068 0
9069 0
9069 0
9069 0
9069 0
9069 0
9069 0
9069 0
9069 0
9069 0
9069 0
9069 0
9069 0
9069 0
9069 0
9069 0
9069 0
9069 0
9069 0
9069 0
9069 0
9069 0
9069 0
9069 0
9069 0
9069 0
9069 0
9069 0
9069 0
9069 0
9069 0
9069 0
9069 0
9069 0
9069 0
9069 86
9069 0
9069 0
9069 0
9094 0
9094 0
9094 0
9094 0
9094 0
9094 0
9094 0
9094 0
9094 0
9094 0
9094 0
9094 0
9094 0
9094 0
9094 0
9094 0
9094 0
9094 0
9094 0
9094 0
9094 0
9094 0
9094 0
9094 0
9094 0
9094 0
9094 0
9094 0
9094 0
9094 0
9094 0
9094 0
9094 0
9094 0
9094 210
9094 0
9094 0
9094 0
9095 0
9095 0
9095 0
9095 0
9095 0
9095 0
9095 0
9095 0
9095 31
9095 0
9095 0
9095 0
9095 7
9095 0
9095 0
9095 0
9095 0
9095 0
9095 0
9095 0
9095 0
9095 0
9095 0
9095 0
9095 0
9095 0
9095 0
9095 0
9095 0
9095 0
9095 0
9095 0
9095 0
9095 0
9095 267
9095 0
9095 0
9095 0
9096 0
9096 0
9096 0
9096 0
9096 0
9096 0
9096 0
9096 0
9096 6
9096 0
9096 0
9096 0
9096 0
9096 0
9096 0
9096 0
9096 0
9096 0
9096 0
9096 0
9096 0
9096 0
9096 0
9096 0
9096 0
9096 0
9096 0
9096 0
9096 0
9096 0
9096 0
9096 0
9096 0
9096 0
9096 7
9096 0
9096 0
9096 0
9097 0
9097 0
9097 0
9097 0
9097 0
9097 0
9097 0
9097 0
9097 0
9097 0
9097 0
9097 0
9097 0
9097 0
9097 0
9097 0
9097 0
9097 0
9097 0
9097 0
9097 0
9097 0
9097 0
9097 0
9097 0
9097 0
9097 0
9097 0
9097 0
9097 0
9097 0
9097 0
9097 0
9097 0
9097 26
9097 0
9097 0
9097 0
9118 0
9118 0
9118 0
9118 0
9118 0
9118 0
9118 0
9118 0
9118 0
9118 0
9118 0
9118 0
9118 0
9118 0
9118 0
9118 0
9118 0
9118 0
9118 0
9118 0
9118 0
9118 0
9118 0
9118 0
9118 0
9118 0
9118 0
9118 0
9118 0
9118 0
9118 0
9118 0
9118 0
9118 0
9118 1
9118 0
9118 0
9118 0
9119 0
9119 0
9119 0
9119 0
9119 0
9119 0
9119 0
9119 0
9119 0
9119 0
9119 0
9119 0
9119 0
9119 0
9119 0
9119 0
9119 0
9119 0
9119 0
9119 0
9119 0
9119 0
9119 0
9119 0
9119 0
9119 0
9119 0
9119 0
9119 0
9119 0
9119 0
9119 0
9119 0
9119 0
9119 2177
9119 0
9119 0
9119 0
9120 0
9120 0
9120 0
9120 0
9120 0
9120 0
9120 0
9120 0
9120 0
9120 0
9120 0
9120 0
9120 0
9120 0
9120 0
9120 0
9120 0
9120 0
9120 0
9120 0
9120 0
9120 0
9120 0
9120 0
9120 0
9120 0
9120 0
9120 0
9120 0
9120 0
9120 0
9120 0
9120 0
9120 0
9120 312
9120 0
9120 0
9120 0
9121 0
9121 0
9121 0
9121 0
9121 0
9121 0
9121 0
9121 0
9121 0
9121 0
9121 0
9121 0
9121 0
9121 0
9121 0
9121 0
9121 0
9121 0
9121 0
9121 0
9121 0
9121 0
9121 0
9121 0
9121 0
9121 0
9121 0
9121 0
9121 0
9121 0
9121 0
9121 0
9121 0
9121 0
9121 1
9121 0
9121 0
9121 0
9145 0
9145 0
9145 0
9145 0
9145 0
9145 0
9145 0
9145 0
9145 0
9145 0
9145 0
9145 0
9145 0
9145 0
9145 0
9145 0
9145 0
9145 0
9145 0
9145 0
9145 0
9145 0
9145 0
9145 0
9145 0
9145 0
9145 0
9145 0
9145 0
9145 0
9145 0
9145 0
9145 0
9145 0
9145 740
9145 0
9145 0
9145 0
9146 0
9146 0
9146 0
9146 0
9146 0
9146 0
9146 0
9146 0
9146 0
9146 0
9146 0
9146 0
9146 0
9146 0
9146 0
9146 0
9146 0
9146 0
9146 0
9146 0
9146 0
9146 0
9146 0
9146 0
9146 0
9146 0
9146 0
9146 0
9146 0
9146 0
9146 0
9146 0
9146 0
9146 0
9146 56
9146 0
9146 0
9146 0
9147 0
9147 0
9147 0
9147 0
9147 0
9147 0
9147 0
9147 0
9147 0
9147 0
9147 0
9147 0
9147 0
9147 0
9147 0
9147 0
9147 0
9147 0
9147 0
9147 0
9147 0
9147 0
9147 0
9147 0
9147 0
9147 0
9147 0
9147 0
9147 0
9147 0
9147 0
9147 0
9147 0
9147 0
9147 1
9147 0
9147 0
9147 0
9149 0
9149 0
9149 0
9149 0
9149 0
9149 0
9149 0
9149 0
9149 7
9149 0
9149 0
9149 0
9149 0
9149 0
9149 0
9149 0
9149 0
9149 0
9149 0
9149 0
9149 0
9149 0
9149 0
9149 0
9149 0
9149 0
9149 0
9149 0
9149 0
9149 0
9149 0
9149 0
9149 0
9149 0
9149 75
9149 0
9149 0
9149 0
9174 0
9174 0
9174 0
9174 0
9174 0
9174 0
9174 0
9174 0
9174 0
9174 0
9174 0
9174 0
9174 0
9174 0
9174 0
9174 0
9174 0
9174 0
9174 0
9174 0
9174 0
9174 0
9174 0
9174 0
9174 0
9174 0
9174 0
9174 0
9174 0
9174 0
9174 0
9174 0
9174 0
9174 0
9174 37
9174 0
9174 0
9174 0
