pt_graph LE_MET_level6
7157 11
7223 11
7289 11
7290 11
7357 11
7358 11
7359 11
7360 11
7425 11
7426 11
7428 11
7490 11
7491 11
7492 11
7493 11
7496 11
7497 11
7561 11
7562 11
7563 11
7564 11
7565 11
7569 11
7570 11
7635 11
7636 11
7637 11
7638 11
7643 11
7644 11
7707 11
7708 11
7709 11
7710 11
7711 11
7716 11
7782 11
7783 11
7784 11
7785 11
7786 11
7787 11
7788 11
7855 11
7856 11
7857 11
7862 11
7919 11
7920 11
7921 11
7929 11
7937 11
7983 11
7985 11
7988 11
7990 11
7991 11
7992 11
7993 11
8006 11
8007 11
8046 11
8047 11
8048 11
8050 11
8051 11
8052 11
8053 11
8054 11
8055 11
8056 11
8057 11
8068 11
8127 11
8166 11
8184 11
8241 11
8294 11
