pt_graph scale
2195 0
2195 0
2195 0
2195 0
2195 0
2195 0
2195 0
2195 0
2195 0
2195 0
2195 0
2195 1110
2195 0
2195 0
2195 0
2195 0
2195 0
2195 0
2195 0
2195 0
2195 0
2195 0
2195 0
2195 0
2195 0
2195 82
2195 0
2195 0
2195 0
2195 0
2195 0
2195 0
2195 0
2195 0
2195 0
2195 0
2195 0
2195 0
2367 0
2367 0
2367 0
2367 0
2367 0
2367 0
2367 0
2367 0
2367 0
2367 0
2367 0
2367 1110
2367 0
2367 0
2367 0
2367 0
2367 0
2367 0
2367 0
2367 0
2367 0
2367 0
2367 0
2367 0
2367 0
2367 82
2367 0
2367 0
2367 0
2367 0
2367 0
2367 0
2367 0
2367 0
2367 0
2367 0
2367 0
2367 0
2368 0
2368 0
2368 0
2368 0
2368 0
2368 0
2368 0
2368 0
2368 0
2368 0
2368 0
2368 1110
2368 0
2368 0
2368 0
2368 0
2368 0
2368 0
2368 0
2368 0
2368 0
2368 0
2368 0
2368 0
2368 0
2368 82
2368 0
2368 0
2368 0
2368 0
2368 0
2368 0
2368 0
2368 0
2368 0
2368 0
2368 0
2368 0
2452 0
2452 0
2452 0
2452 0
2452 0
2452 0
2452 0
2452 0
2452 0
2452 0
2452 0
2452 1110
2452 0
2452 0
2452 0
2452 0
2452 0
2452 0
2452 0
2452 0
2452 0
2452 0
2452 0
2452 0
2452 0
2452 82
2452 0
2452 0
2452 0
2452 0
2452 0
2452 0
2452 0
2452 0
2452 0
2452 0
2452 0
2452 0
2864 0
2864 0
2864 0
2864 0
2864 0
2864 0
2864 0
2864 0
2864 0
2864 0
2864 129
2864 0
2864 0
2864 0
2864 6
2864 0
2864 0
2864 0
2864 0
2864 0
2864 0
2864 0
2864 0
2864 0
2864 0
2864 1
2864 0
2864 0
2864 0
2864 0
2864 0
2864 0
2864 0
2864 0
2864 0
2864 0
2864 0
2864 0
2867 0
2867 0
2867 0
2867 0
2867 0
2867 0
2867 0
2867 0
2867 0
2867 0
2867 129
2867 0
2867 0
2867 0
2867 6
2867 0
2867 0
2867 0
2867 0
2867 0
2867 0
2867 0
2867 0
2867 0
2867 0
2867 1
2867 0
2867 0
2867 0
2867 0
2867 0
2867 0
2867 0
2867 0
2867 0
2867 0
2867 0
2867 0
2868 0
2868 0
2868 0
2868 0
2868 0
2868 0
2868 0
2868 0
2868 0
2868 0
2868 148
2868 0
2868 0
2868 0
2868 0
2868 0
2868 0
2868 0
2868 0
2868 0
2868 0
2868 0
2868 0
2868 0
2868 0
2868 93
2868 0
2868 0
2868 1
2868 0
2868 0
2868 0
2868 0
2868 0
2868 0
2868 0
2868 0
2868 0
2966 0
2966 0
2966 0
2966 0
2966 0
2966 0
2966 0
2966 0
2966 0
2966 0
2966 303
2966 0
2966 0
2966 0
2966 6
2966 0
2966 0
2966 0
2966 0
2966 0
2966 0
2966 0
2966 0
2966 0
2966 0
2966 81
2966 0
2966 0
2966 3
2966 0
2966 0
2966 0
2966 0
2966 0
2966 0
2966 0
2966 0
2966 0
2967 0
2967 0
2967 0
2967 0
2967 0
2967 0
2967 0
2967 0
2967 0
2967 0
2967 148
2967 0
2967 0
2967 0
2967 0
2967 0
2967 0
2967 0
2967 0
2967 0
2967 0
2967 0
2967 0
2967 0
2967 0
2967 93
2967 0
2967 0
2967 1
2967 0
2967 0
2967 0
2967 0
2967 0
2967 0
2967 0
2967 0
2967 0
2968 0
2968 0
2968 0
2968 0
2968 0
2968 0
2968 0
2968 0
2968 0
2968 0
2968 129
2968 0
2968 0
2968 0
2968 6
2968 0
2968 0
2968 0
2968 0
2968 0
2968 0
2968 0
2968 0
2968 0
2968 0
2968 1
2968 0
2968 0
2968 0
2968 0
2968 0
2968 0
2968 0
2968 0
2968 0
2968 0
2968 0
2968 0
2978 0
2978 0
2978 0
2978 0
2978 0
2978 0
2978 0
2978 0
2978 0
2978 0
2978 0
2978 700
2978 0
2978 0
2978 0
2978 0
2978 0
2978 0
2978 0
2978 0
2978 0
2978 0
2978 0
2978 0
2978 0
2978 164
2978 0
2978 0
2978 2
2978 0
2978 0
2978 0
2978 0
2978 0
2978 0
2978 0
2978 0
2978 0
3063 0
3063 0
3063 0
3063 0
3063 0
3063 0
3063 0
3063 0
3063 0
3063 0
3063 148
3063 0
3063 0
3063 0
3063 0
3063 0
3063 0
3063 0
3063 0
3063 0
3063 0
3063 0
3063 0
3063 0
3063 0
3063 93
3063 0
3063 0
3063 1
3063 0
3063 0
3063 0
3063 0
3063 0
3063 0
3063 0
3063 0
3063 0
3156 0
3156 0
3156 0
3156 0
3156 0
3156 0
3156 0
3156 0
3156 0
3156 0
3156 75
3156 0
3156 0
3156 0
3156 0
3156 0
3156 0
3156 0
3156 0
3156 0
3156 0
3156 0
3156 0
3156 0
3156 0
3156 35
3156 0
3156 0
3156 0
3156 0
3156 0
3156 0
3156 0
3156 0
3156 0
3156 0
3156 0
3156 0
3340 0
3340 0
3340 0
3340 0
3340 0
3340 0
3340 0
3340 0
3340 0
3340 0
3340 0
3340 4382
3340 0
3340 0
3340 0
3340 0
3340 0
3340 0
3340 0
3340 0
3340 0
3340 0
3340 0
3340 0
3340 0
3340 1073
3340 0
3340 0
3340 3
3340 0
3340 0
3340 0
3340 0
3340 0
3340 0
3340 0
3340 0
3340 0
3341 0
3341 0
3341 0
3341 0
3341 0
3341 0
3341 0
3341 0
3341 0
3341 0
3341 0
3341 2061
3341 0
3341 0
3341 0
3341 0
3341 0
3341 0
3341 0
3341 0
3341 0
3341 0
3341 0
3341 0
3341 0
3341 219
3341 0
3341 0
3341 0
3341 0
3341 0
3341 0
3341 0
3341 0
3341 0
3341 0
3341 0
3341 0
3353 0
3353 0
3353 0
3353 0
3353 0
3353 0
3353 0
3353 0
3353 0
3353 0
3353 0
3353 437
3353 0
3353 0
3353 0
3353 0
3353 0
3353 0
3353 0
3353 0
3353 0
3353 0
3353 0
3353 0
3353 0
3353 58
3353 0
3353 0
3353 0
3353 0
3353 0
3353 0
3353 0
3353 0
3353 0
3353 0
3353 0
3353 0
3418 0
3418 0
3418 0
3418 0
3418 0
3418 0
3418 0
3418 0
3418 0
3418 0
3418 0
3418 304
3418 0
3418 0
3418 0
3418 0
3418 0
3418 0
3418 0
3418 0
3418 0
3418 0
3418 0
3418 0
3418 0
3418 57
3418 0
3418 0
3418 1
3418 0
3418 0
3418 0
3418 0
3418 0
3418 0
3418 0
3418 0
3418 0
3424 0
3424 0
3424 0
3424 0
3424 0
3424 0
3424 0
3424 0
3424 0
3424 0
3424 0
3424 131
3424 0
3424 0
3424 0
3424 0
3424 0
3424 0
3424 0
3424 0
3424 0
3424 0
3424 0
3424 0
3424 0
3424 89
3424 0
3424 0
3424 1
3424 0
3424 0
3424 0
3424 0
3424 0
3424 0
3424 0
3424 0
3424 0
3425 0
3425 0
3425 0
3425 0
3425 0
3425 0
3425 0
3425 0
3425 0
3425 0
3425 0
3425 223
3425 0
3425 0
3425 0
3425 0
3425 0
3425 0
3425 0
3425 0
3425 0
3425 0
3425 0
3425 0
3425 0
3425 118
3425 0
3425 0
3425 1
3425 0
3425 0
3425 0
3425 0
3425 0
3425 0
3425 0
3425 0
3425 0
3432 0
3432 0
3432 0
3432 0
3432 0
3432 0
3432 0
3432 0
3432 0
3432 0
3432 0
3432 617
3432 0
3432 0
3432 0
3432 0
3432 0
3432 0
3432 0
3432 0
3432 0
3432 0
3432 0
3432 0
3432 0
3432 127
3432 0
3432 0
3432 0
3432 0
3432 0
3432 0
3432 0
3432 0
3432 0
3432 0
3432 0
3432 0
3433 0
3433 0
3433 0
3433 0
3433 0
3433 0
3433 0
3433 0
3433 0
3433 0
3433 0
3433 316
3433 0
3433 0
3433 0
3433 0
3433 0
3433 0
3433 0
3433 0
3433 0
3433 0
3433 0
3433 0
3433 0
3433 54
3433 0
3433 0
3433 0
3433 0
3433 0
3433 0
3433 0
3433 0
3433 0
3433 0
3433 0
3433 0
3434 0
3434 0
3434 0
3434 0
3434 0
3434 0
3434 0
3434 0
3434 0
3434 0
3434 0
3434 953
3434 0
3434 0
3434 0
3434 0
3434 0
3434 0
3434 0
3434 0
3434 0
3434 0
3434 0
3434 0
3434 0
3434 178
3434 0
3434 0
3434 0
3434 0
3434 0
3434 0
3434 0
3434 0
3434 0
3434 0
3434 0
3434 0
3435 0
3435 0
3435 0
3435 0
3435 0
3435 0
3435 0
3435 0
3435 0
3435 0
3435 0
3435 761
3435 0
3435 0
3435 0
3435 0
3435 0
3435 0
3435 0
3435 0
3435 0
3435 0
3435 0
3435 0
3435 0
3435 126
3435 0
3435 0
3435 0
3435 0
3435 0
3435 0
3435 0
3435 0
3435 0
3435 0
3435 0
3435 0
3436 0
3436 0
3436 0
3436 0
3436 0
3436 0
3436 0
3436 0
3436 0
3436 0
3436 0
3436 175
3436 0
3436 0
3436 0
3436 0
3436 0
3436 0
3436 0
3436 0
3436 0
3436 0
3436 0
3436 0
3436 0
3436 42
3436 0
3436 0
3436 0
3436 0
3436 0
3436 0
3436 0
3436 0
3436 0
3436 0
3436 0
3436 0
3437 0
3437 0
3437 0
3437 0
3437 0
3437 0
3437 0
3437 0
3437 0
3437 0
3437 0
3437 1736
3437 0
3437 0
3437 0
3437 0
3437 0
3437 0
3437 0
3437 0
3437 0
3437 0
3437 0
3437 0
3437 0
3437 731
3437 0
3437 0
3437 0
3437 0
3437 0
3437 0
3437 0
3437 0
3437 0
3437 0
3437 0
3437 0
3439 0
3439 0
3439 0
3439 0
3439 0
3439 0
3439 0
3439 0
3439 0
3439 0
3439 0
3439 437
3439 0
3439 0
3439 0
3439 0
3439 0
3439 0
3439 0
3439 0
3439 0
3439 0
3439 0
3439 0
3439 0
3439 58
3439 0
3439 0
3439 0
3439 0
3439 0
3439 0
3439 0
3439 0
3439 0
3439 0
3439 0
3439 0
3504 0
3504 0
3504 0
3504 0
3504 0
3504 0
3504 0
3504 0
3504 0
3504 0
3504 0
3504 304
3504 0
3504 0
3504 0
3504 0
3504 0
3504 0
3504 0
3504 0
3504 0
3504 0
3504 0
3504 0
3504 0
3504 57
3504 0
3504 0
3504 1
3504 0
3504 0
3504 0
3504 0
3504 0
3504 0
3504 0
3504 0
3504 0
3505 0
3505 0
3505 0
3505 0
3505 0
3505 0
3505 0
3505 0
3505 0
3505 0
3505 0
3505 304
3505 0
3505 0
3505 0
3505 0
3505 0
3505 0
3505 0
3505 0
3505 0
3505 0
3505 0
3505 0
3505 0
3505 57
3505 0
3505 0
3505 1
3505 0
3505 0
3505 0
3505 0
3505 0
3505 0
3505 0
3505 0
3505 0
3507 0
3507 0
3507 0
3507 0
3507 0
3507 0
3507 0
3507 0
3507 0
3507 0
3507 0
3507 160
3507 0
3507 0
3507 0
3507 0
3507 0
3507 0
3507 0
3507 0
3507 0
3507 0
3507 0
3507 0
3507 0
3507 68
3507 0
3507 0
3507 2
3507 0
3507 0
3507 0
3507 0
3507 0
3507 0
3507 0
3507 0
3507 0
3508 0
3508 0
3508 0
3508 0
3508 0
3508 0
3508 0
3508 0
3508 0
3508 0
3508 0
3508 491
3508 0
3508 0
3508 0
3508 0
3508 0
3508 0
3508 0
3508 0
3508 0
3508 0
3508 0
3508 0
3508 0
3508 337
3508 0
3508 0
3508 2
3508 0
3508 0
3508 0
3508 0
3508 0
3508 0
3508 0
3508 0
3508 0
3509 0
3509 0
3509 0
3509 0
3509 0
3509 0
3509 0
3509 0
3509 0
3509 0
3509 0
3509 1746
3509 0
3509 0
3509 0
3509 0
3509 0
3509 0
3509 0
3509 0
3509 0
3509 0
3509 0
3509 0
3509 0
3509 116
3509 0
3509 0
3509 101
3509 0
3509 0
3509 0
3509 0
3509 0
3509 0
3509 0
3509 0
3509 0
3510 0
3510 0
3510 0
3510 0
3510 0
3510 0
3510 0
3510 0
3510 0
3510 0
3510 0
3510 128
3510 0
3510 0
3510 0
3510 0
3510 0
3510 0
3510 0
3510 0
3510 0
3510 0
3510 0
3510 0
3510 0
3510 98
3510 0
3510 0
3510 0
3510 0
3510 0
3510 0
3510 0
3510 0
3510 0
3510 0
3510 0
3510 0
3518 0
3518 0
3518 0
3518 0
3518 0
3518 0
3518 0
3518 0
3518 0
3518 0
3518 0
3518 291
3518 0
3518 0
3518 0
3518 0
3518 0
3518 0
3518 0
3518 0
3518 0
3518 0
3518 0
3518 0
3518 0
3518 59
3518 0
3518 0
3518 0
3518 0
3518 0
3518 0
3518 0
3518 0
3518 0
3518 0
3518 0
3518 0
3519 0
3519 0
3519 0
3519 0
3519 0
3519 0
3519 0
3519 0
3519 0
3519 0
3519 0
3519 316
3519 0
3519 0
3519 0
3519 0
3519 0
3519 0
3519 0
3519 0
3519 0
3519 0
3519 0
3519 0
3519 0
3519 54
3519 0
3519 0
3519 0
3519 0
3519 0
3519 0
3519 0
3519 0
3519 0
3519 0
3519 0
3519 0
3520 0
3520 0
3520 0
3520 0
3520 0
3520 0
3520 0
3520 0
3520 0
3520 0
3520 0
3520 1271
3520 0
3520 0
3520 0
3520 0
3520 0
3520 0
3520 0
3520 0
3520 0
3520 0
3520 0
3520 0
3520 0
3520 668
3520 0
3520 0
3520 0
3520 0
3520 0
3520 0
3520 0
3520 0
3520 0
3520 0
3520 0
3520 0
3521 0
3521 0
3521 0
3521 0
3521 0
3521 0
3521 0
3521 0
3521 0
3521 0
3521 0
3521 1092
3521 0
3521 0
3521 0
3521 0
3521 0
3521 0
3521 0
3521 0
3521 0
3521 0
3521 0
3521 0
3521 0
3521 222
3521 0
3521 0
3521 0
3521 0
3521 0
3521 0
3521 0
3521 0
3521 0
3521 0
3521 0
3521 0
3522 0
3522 0
3522 0
3522 0
3522 0
3522 0
3522 0
3522 0
3522 0
3522 0
3522 0
3522 590
3522 0
3522 0
3522 0
3522 0
3522 0
3522 0
3522 0
3522 0
3522 0
3522 0
3522 0
3522 0
3522 0
3522 105
3522 0
3522 0
3522 0
3522 0
3522 0
3522 0
3522 0
3522 0
3522 0
3522 0
3522 0
3522 0
3523 0
3523 0
3523 0
3523 0
3523 0
3523 0
3523 0
3523 0
3523 0
3523 0
3523 0
3523 761
3523 0
3523 0
3523 0
3523 0
3523 0
3523 0
3523 0
3523 0
3523 0
3523 0
3523 0
3523 0
3523 0
3523 126
3523 0
3523 0
3523 0
3523 0
3523 0
3523 0
3523 0
3523 0
3523 0
3523 0
3523 0
3523 0
3525 0
3525 0
3525 0
3525 0
3525 0
3525 0
3525 0
3525 0
3525 0
3525 0
3525 0
3525 437
3525 0
3525 0
3525 0
3525 0
3525 0
3525 0
3525 0
3525 0
3525 0
3525 0
3525 0
3525 0
3525 0
3525 58
3525 0
3525 0
3525 0
3525 0
3525 0
3525 0
3525 0
3525 0
3525 0
3525 0
3525 0
3525 0
3590 0
3590 0
3590 0
3590 0
3590 0
3590 0
3590 0
3590 0
3590 0
3590 0
3590 0
3590 304
3590 0
3590 0
3590 0
3590 0
3590 0
3590 0
3590 0
3590 0
3590 0
3590 0
3590 0
3590 0
3590 0
3590 57
3590 0
3590 0
3590 1
3590 0
3590 0
3590 0
3590 0
3590 0
3590 0
3590 0
3590 0
3590 0
3592 0
3592 0
3592 0
3592 0
3592 0
3592 0
3592 0
3592 0
3592 0
3592 0
3592 0
3592 487
3592 0
3592 0
3592 0
3592 0
3592 0
3592 0
3592 0
3592 0
3592 0
3592 0
3592 0
3592 0
3592 0
3592 334
3592 0
3592 0
3592 2
3592 0
3592 0
3592 0
3592 0
3592 0
3592 0
3592 0
3592 0
3592 0
3594 0
3594 0
3594 0
3594 0
3594 0
3594 0
3594 0
3594 0
3594 0
3594 0
3594 0
3594 1462
3594 0
3594 0
3594 0
3594 0
3594 0
3594 0
3594 0
3594 0
3594 0
3594 0
3594 0
3594 0
3594 0
3594 15
3594 0
3594 0
3594 2
3594 0
3594 0
3594 0
3594 0
3594 0
3594 0
3594 0
3594 0
3594 0
3595 0
3595 0
3595 0
3595 0
3595 0
3595 0
3595 0
3595 0
3595 0
3595 0
3595 0
3595 535
3595 0
3595 0
3595 0
3595 0
3595 0
3595 0
3595 0
3595 0
3595 0
3595 0
3595 0
3595 0
3595 0
3595 344
3595 0
3595 0
3595 83
3595 0
3595 0
3595 0
3595 0
3595 0
3595 0
3595 0
3595 0
3595 0
3604 0
3604 0
3604 0
3604 0
3604 0
3604 0
3604 0
3604 0
3604 0
3604 0
3604 0
3604 291
3604 0
3604 0
3604 0
3604 0
3604 0
3604 0
3604 0
3604 0
3604 0
3604 0
3604 0
3604 0
3604 0
3604 59
3604 0
3604 0
3604 0
3604 0
3604 0
3604 0
3604 0
3604 0
3604 0
3604 0
3604 0
3604 0
3605 0
3605 0
3605 0
3605 0
3605 0
3605 0
3605 0
3605 0
3605 0
3605 0
3605 0
3605 693
3605 0
3605 0
3605 0
3605 0
3605 0
3605 0
3605 0
3605 0
3605 0
3605 0
3605 0
3605 0
3605 0
3605 177
3605 0
3605 0
3605 0
3605 0
3605 0
3605 0
3605 0
3605 0
3605 0
3605 0
3605 0
3605 0
3606 0
3606 0
3606 0
3606 0
3606 0
3606 0
3606 0
3606 0
3606 0
3606 0
3606 0
3606 291
3606 0
3606 0
3606 0
3606 0
3606 0
3606 0
3606 0
3606 0
3606 0
3606 0
3606 0
3606 0
3606 0
3606 59
3606 0
3606 0
3606 0
3606 0
3606 0
3606 0
3606 0
3606 0
3606 0
3606 0
3606 0
3606 0
3607 0
3607 0
3607 0
3607 0
3607 0
3607 0
3607 0
3607 0
3607 0
3607 0
3607 0
3607 175
3607 0
3607 0
3607 0
3607 0
3607 0
3607 0
3607 0
3607 0
3607 0
3607 0
3607 0
3607 0
3607 0
3607 42
3607 0
3607 0
3607 0
3607 0
3607 0
3607 0
3607 0
3607 0
3607 0
3607 0
3607 0
3607 0
3608 0
3608 0
3608 0
3608 0
3608 0
3608 0
3608 0
3608 0
3608 0
3608 0
3608 0
3608 175
3608 0
3608 0
3608 0
3608 0
3608 0
3608 0
3608 0
3608 0
3608 0
3608 0
3608 0
3608 0
3608 0
3608 42
3608 0
3608 0
3608 0
3608 0
3608 0
3608 0
3608 0
3608 0
3608 0
3608 0
3608 0
3608 0
3609 0
3609 0
3609 0
3609 0
3609 0
3609 0
3609 0
3609 0
3609 0
3609 0
3609 0
3609 590
3609 0
3609 0
3609 0
3609 0
3609 0
3609 0
3609 0
3609 0
3609 0
3609 0
3609 0
3609 0
3609 0
3609 105
3609 0
3609 0
3609 0
3609 0
3609 0
3609 0
3609 0
3609 0
3609 0
3609 0
3609 0
3609 0
3610 0
3610 0
3610 0
3610 0
3610 0
3610 0
3610 0
3610 0
3610 0
3610 0
3610 0
3610 175
3610 0
3610 0
3610 0
3610 0
3610 0
3610 0
3610 0
3610 0
3610 0
3610 0
3610 0
3610 0
3610 0
3610 42
3610 0
3610 0
3610 0
3610 0
3610 0
3610 0
3610 0
3610 0
3610 0
3610 0
3610 0
3610 0
3674 0
3674 0
3674 0
3674 0
3674 0
3674 0
3674 0
3674 0
3674 0
3674 0
3674 0
3674 128
3674 0
3674 0
3674 0
3674 0
3674 0
3674 0
3674 0
3674 0
3674 0
3674 0
3674 0
3674 0
3674 0
3674 83
3674 0
3674 0
3674 0
3674 0
3674 0
3674 0
3674 0
3674 0
3674 0
3674 0
3674 0
3674 0
3675 0
3675 0
3675 0
3675 0
3675 0
3675 0
3675 0
3675 0
3675 0
3675 0
3675 0
3675 300
3675 0
3675 0
3675 0
3675 0
3675 0
3675 0
3675 0
3675 0
3675 0
3675 0
3675 0
3675 0
3675 0
3675 259
3675 0
3675 0
3675 27
3675 0
3675 0
3675 0
3675 0
3675 0
3675 0
3675 0
3675 0
3675 0
3676 0
3676 0
3676 0
3676 0
3676 0
3676 0
3676 0
3676 0
3676 0
3676 0
3676 0
3676 711
3676 0
3676 0
3676 0
3676 0
3676 0
3676 0
3676 0
3676 0
3676 0
3676 0
3676 0
3676 0
3676 0
3676 278
3676 0
3676 0
3676 4
3676 0
3676 0
3676 0
3676 0
3676 0
3676 0
3676 0
3676 0
3676 0
3678 0
3678 0
3678 0
3678 0
3678 0
3678 0
3678 0
3678 0
3678 0
3678 0
3678 0
3678 702
3678 0
3678 0
3678 0
3678 0
3678 0
3678 0
3678 0
3678 0
3678 0
3678 0
3678 0
3678 0
3678 0
3678 195
3678 0
3678 0
3678 117
3678 0
3678 0
3678 0
3678 0
3678 0
3678 0
3678 0
3678 0
3678 0
3680 0
3680 0
3680 0
3680 0
3680 0
3680 0
3680 0
3680 0
3680 0
3680 0
3680 0
3680 128
3680 0
3680 0
3680 0
3680 0
3680 0
3680 0
3680 0
3680 0
3680 0
3680 0
3680 0
3680 0
3680 0
3680 83
3680 0
3680 0
3680 0
3680 0
3680 0
3680 0
3680 0
3680 0
3680 0
3680 0
3680 0
3680 0
3690 0
3690 0
3690 0
3690 0
3690 0
3690 0
3690 0
3690 0
3690 0
3690 0
3690 0
3690 693
3690 0
3690 0
3690 0
3690 0
3690 0
3690 0
3690 0
3690 0
3690 0
3690 0
3690 0
3690 0
3690 0
3690 177
3690 0
3690 0
3690 0
3690 0
3690 0
3690 0
3690 0
3690 0
3690 0
3690 0
3690 0
3690 0
3691 0
3691 0
3691 0
3691 0
3691 0
3691 0
3691 0
3691 0
3691 0
3691 0
3691 0
3691 291
3691 0
3691 0
3691 0
3691 0
3691 0
3691 0
3691 0
3691 0
3691 0
3691 0
3691 0
3691 0
3691 0
3691 59
3691 0
3691 0
3691 0
3691 0
3691 0
3691 0
3691 0
3691 0
3691 0
3691 0
3691 0
3691 0
3692 0
3692 0
3692 0
3692 0
3692 0
3692 0
3692 0
3692 0
3692 0
3692 0
3692 0
3692 378
3692 0
3692 0
3692 0
3692 0
3692 0
3692 0
3692 0
3692 0
3692 0
3692 0
3692 0
3692 0
3692 0
3692 37
3692 0
3692 0
3692 0
3692 0
3692 0
3692 0
3692 0
3692 0
3692 0
3692 0
3692 0
3692 0
3761 0
3761 0
3761 0
3761 0
3761 0
3761 0
3761 0
3761 0
3761 0
3761 0
3761 0
3761 304
3761 0
3761 0
3761 0
3761 0
3761 0
3761 0
3761 0
3761 0
3761 0
3761 0
3761 0
3761 0
3761 0
3761 57
3761 0
3761 0
3761 1
3761 0
3761 0
3761 0
3761 0
3761 0
3761 0
3761 0
3761 0
3761 0
3762 0
3762 0
3762 0
3762 0
3762 0
3762 0
3762 0
3762 0
3762 0
3762 0
3762 0
3762 1135
3762 0
3762 0
3762 0
3762 0
3762 0
3762 0
3762 0
3762 0
3762 0
3762 0
3762 0
3762 0
3762 0
3762 9
3762 0
3762 0
3762 4
3762 0
3762 0
3762 0
3762 0
3762 0
3762 0
3762 0
3762 0
3762 0
3763 0
3763 0
3763 0
3763 0
3763 0
3763 0
3763 0
3763 0
3763 0
3763 0
3763 0
3763 3153
3763 0
3763 0
3763 0
3763 0
3763 0
3763 0
3763 0
3763 0
3763 0
3763 0
3763 0
3763 0
3763 0
3763 74
3763 0
3763 0
3763 24
3763 0
3763 0
3763 0
3763 0
3763 0
3763 0
3763 0
3763 0
3763 0
3764 0
3764 0
3764 0
3764 0
3764 0
3764 0
3764 0
3764 0
3764 0
3764 0
3764 0
3764 2431
3764 0
3764 0
3764 0
3764 0
3764 0
3764 0
3764 0
3764 0
3764 0
3764 0
3764 0
3764 0
3764 0
3764 13
3764 0
3764 0
3764 24
3764 0
3764 0
3764 0
3764 0
3764 0
3764 0
3764 0
3764 0
3764 0
3765 0
3765 0
3765 0
3765 0
3765 0
3765 0
3765 0
3765 0
3765 0
3765 0
3765 0
3765 1614
3765 0
3765 0
3765 0
3765 0
3765 0
3765 0
3765 0
3765 0
3765 0
3765 0
3765 0
3765 0
3765 0
3765 69
3765 0
3765 0
3765 1
3765 0
3765 0
3765 0
3765 0
3765 0
3765 0
3765 0
3765 0
3765 0
3766 0
3766 0
3766 0
3766 0
3766 0
3766 0
3766 0
3766 0
3766 0
3766 0
3766 0
3766 916
3766 0
3766 0
3766 0
3766 0
3766 0
3766 0
3766 0
3766 0
3766 0
3766 0
3766 0
3766 0
3766 0
3766 170
3766 0
3766 0
3766 112
3766 0
3766 0
3766 0
3766 0
3766 0
3766 0
3766 0
3766 0
3766 0
3767 0
3767 0
3767 0
3767 0
3767 0
3767 0
3767 0
3767 0
3767 0
3767 0
3767 0
3767 956
3767 0
3767 0
3767 0
3767 0
3767 0
3767 0
3767 0
3767 0
3767 0
3767 0
3767 0
3767 0
3767 0
3767 189
3767 0
3767 0
3767 35
3767 0
3767 0
3767 0
3767 0
3767 0
3767 0
3767 0
3767 0
3767 0
3768 0
3768 0
3768 0
3768 0
3768 0
3768 0
3768 0
3768 0
3768 0
3768 0
3768 0
3768 556
3768 0
3768 0
3768 0
3768 0
3768 0
3768 0
3768 0
3768 0
3768 0
3768 0
3768 0
3768 0
3768 0
3768 95
3768 0
3768 0
3768 0
3768 0
3768 0
3768 0
3768 0
3768 0
3768 0
3768 0
3768 0
3768 0
3771 0
3771 0
3771 0
3771 0
3771 0
3771 0
3771 0
3771 0
3771 0
3771 0
3771 0
3771 555
3771 0
3771 0
3771 0
3771 0
3771 0
3771 0
3771 0
3771 0
3771 0
3771 0
3771 0
3771 0
3771 0
3771 27
3771 0
3771 0
3771 0
3771 0
3771 0
3771 0
3771 0
3771 0
3771 0
3771 0
3771 0
3771 0
3778 0
3778 0
3778 0
3778 0
3778 0
3778 0
3778 0
3778 0
3778 0
3778 0
3778 0
3778 378
3778 0
3778 0
3778 0
3778 0
3778 0
3778 0
3778 0
3778 0
3778 0
3778 0
3778 0
3778 0
3778 0
3778 37
3778 0
3778 0
3778 0
3778 0
3778 0
3778 0
3778 0
3778 0
3778 0
3778 0
3778 0
3778 0
3851 0
3851 0
3851 0
3851 0
3851 0
3851 0
3851 0
3851 0
3851 0
3851 0
3851 0
3851 1043
3851 0
3851 0
3851 0
3851 0
3851 0
3851 0
3851 0
3851 0
3851 0
3851 0
3851 0
3851 0
3851 0
3851 440
3851 0
3851 0
3851 4
3851 0
3851 0
3851 0
3851 0
3851 0
3851 0
3851 0
3851 0
3851 0
3852 0
3852 0
3852 0
3852 0
3852 0
3852 0
3852 0
3852 0
3852 0
3852 0
3852 0
3852 2932
3852 0
3852 0
3852 0
3852 0
3852 0
3852 0
3852 0
3852 0
3852 0
3852 0
3852 0
3852 0
3852 0
3852 71
3852 0
3852 0
3852 31
3852 0
3852 0
3852 0
3852 0
3852 0
3852 0
3852 0
3852 0
3852 0
3853 0
3853 0
3853 0
3853 0
3853 0
3853 0
3853 0
3853 0
3853 0
3853 0
3853 0
3853 535
3853 0
3853 0
3853 0
3853 0
3853 0
3853 0
3853 0
3853 0
3853 0
3853 0
3853 0
3853 0
3853 0
3853 141
3853 0
3853 0
3853 5
3853 0
3853 0
3853 0
3853 0
3853 0
3853 0
3853 0
3853 0
3853 0
3855 0
3855 0
3855 0
3855 0
3855 0
3855 0
3855 0
3855 0
3855 0
3855 0
3855 0
3855 740
3855 0
3855 0
3855 0
3855 0
3855 0
3855 0
3855 0
3855 0
3855 0
3855 0
3855 0
3855 0
3855 0
3855 214
3855 0
3855 0
3855 0
3855 0
3855 0
3855 0
3855 0
3855 0
3855 0
3855 0
3855 0
3855 0
3856 0
3856 0
3856 0
3856 0
3856 0
3856 0
3856 0
3856 0
3856 0
3856 0
3856 0
3856 283
3856 0
3856 0
3856 0
3856 0
3856 0
3856 0
3856 0
3856 0
3856 0
3856 0
3856 0
3856 0
3856 0
3856 1
3856 0
3856 0
3856 0
3856 0
3856 0
3856 0
3856 0
3856 0
3856 0
3856 0
3856 0
3856 0
3857 0
3857 0
3857 0
3857 0
3857 0
3857 0
3857 0
3857 0
3857 0
3857 0
3857 0
3857 145
3857 0
3857 0
3857 0
3857 0
3857 0
3857 0
3857 0
3857 0
3857 0
3857 0
3857 0
3857 0
3857 0
3857 1
3857 0
3857 0
3857 0
3857 0
3857 0
3857 0
3857 0
3857 0
3857 0
3857 0
3857 0
3857 0
3858 0
3858 0
3858 0
3858 0
3858 0
3858 0
3858 0
3858 0
3858 0
3858 0
3858 0
3858 955
3858 0
3858 0
3858 0
3858 0
3858 0
3858 0
3858 0
3858 0
3858 0
3858 0
3858 0
3858 0
3858 0
3858 173
3858 0
3858 0
3858 0
3858 0
3858 0
3858 0
3858 0
3858 0
3858 0
3858 0
3858 0
3858 0
3863 0
3863 0
3863 0
3863 0
3863 0
3863 0
3863 0
3863 0
3863 0
3863 0
3863 0
3863 378
3863 0
3863 0
3863 0
3863 0
3863 0
3863 0
3863 0
3863 0
3863 0
3863 0
3863 0
3863 0
3863 0
3863 37
3863 0
3863 0
3863 0
3863 0
3863 0
3863 0
3863 0
3863 0
3863 0
3863 0
3863 0
3863 0
3864 0
3864 0
3864 0
3864 0
3864 0
3864 0
3864 0
3864 0
3864 0
3864 0
3864 0
3864 378
3864 0
3864 0
3864 0
3864 0
3864 0
3864 0
3864 0
3864 0
3864 0
3864 0
3864 0
3864 0
3864 0
3864 37
3864 0
3864 0
3864 0
3864 0
3864 0
3864 0
3864 0
3864 0
3864 0
3864 0
3864 0
3864 0
3944 0
3944 0
3944 0
3944 0
3944 0
3944 0
3944 0
3944 0
3944 0
3944 0
3944 0
3944 1190
3944 0
3944 0
3944 0
3944 0
3944 0
3944 0
3944 0
3944 0
3944 0
3944 0
3944 0
3944 0
3944 0
3944 110
3944 0
3944 0
3944 0
3944 0
3944 0
3944 0
3944 0
3944 0
3944 0
3944 0
3944 0
3944 0
3945 0
3945 0
3945 0
3945 0
3945 0
3945 0
3945 0
3945 0
3945 0
3945 0
3945 0
3945 3313
3945 0
3945 0
3945 0
3945 0
3945 0
3945 0
3945 0
3945 0
3945 0
3945 0
3945 0
3945 0
3945 0
3945 77
3945 0
3945 0
3945 0
3945 0
3945 0
3945 0
3945 0
3945 0
3945 0
3945 0
3945 0
3945 0
3946 0
3946 0
3946 0
3946 0
3946 0
3946 0
3946 0
3946 0
3946 0
3946 0
3946 0
3946 2123
3946 0
3946 0
3946 0
3946 0
3946 0
3946 0
3946 0
3946 0
3946 0
3946 0
3946 0
3946 0
3946 0
3946 289
3946 0
3946 0
3946 0
3946 0
3946 0
3946 0
3946 0
3946 0
3946 0
3946 0
3946 0
3946 0
3947 0
3947 0
3947 0
3947 0
3947 0
3947 0
3947 0
3947 0
3947 0
3947 0
3947 0
3947 1145
3947 0
3947 0
3947 0
3947 0
3947 0
3947 0
3947 0
3947 0
3947 0
3947 0
3947 0
3947 0
3947 0
3947 134
3947 0
3947 0
3947 0
3947 0
3947 0
3947 0
3947 0
3947 0
3947 0
3947 0
3947 0
3947 0
3948 0
3948 0
3948 0
3948 0
3948 0
3948 0
3948 0
3948 0
3948 0
3948 0
3948 0
3948 555
3948 0
3948 0
3948 0
3948 0
3948 0
3948 0
3948 0
3948 0
3948 0
3948 0
3948 0
3948 0
3948 0
3948 27
3948 0
3948 0
3948 0
3948 0
3948 0
3948 0
3948 0
3948 0
3948 0
3948 0
3948 0
3948 0
3950 0
3950 0
3950 0
3950 0
3950 0
3950 0
3950 0
3950 0
3950 0
3950 0
3950 0
3950 378
3950 0
3950 0
3950 0
3950 0
3950 0
3950 0
3950 0
3950 0
3950 0
3950 0
3950 0
3950 0
3950 0
3950 37
3950 0
3950 0
3950 0
3950 0
3950 0
3950 0
3950 0
3950 0
3950 0
3950 0
3950 0
3950 0
3951 0
3951 0
3951 0
3951 0
3951 0
3951 0
3951 0
3951 0
3951 0
3951 0
3951 0
3951 145
3951 0
3951 0
3951 0
3951 0
3951 0
3951 0
3951 0
3951 0
3951 0
3951 0
3951 0
3951 0
3951 0
3951 1
3951 0
3951 0
3951 0
3951 0
3951 0
3951 0
3951 0
3951 0
3951 0
3951 0
3951 0
3951 0
4033 0
4033 0
4033 0
4033 0
4033 0
4033 0
4033 0
4033 0
4033 0
4033 0
4033 0
4033 1178
4033 0
4033 0
4033 0
4033 0
4033 0
4033 0
4033 0
4033 0
4033 0
4033 0
4033 0
4033 0
4033 0
4033 240
4033 0
4033 0
4033 0
4033 0
4033 0
4033 0
4033 0
4033 0
4033 0
4033 0
4033 0
4033 0
4034 0
4034 0
4034 0
4034 0
4034 0
4034 0
4034 0
4034 0
4034 0
4034 0
4034 0
4034 421
4034 0
4034 0
4034 0
4034 0
4034 0
4034 0
4034 0
4034 0
4034 0
4034 0
4034 0
4034 0
4034 0
4034 114
4034 0
4034 0
4034 0
4034 0
4034 0
4034 0
4034 0
4034 0
4034 0
4034 0
4034 0
4034 0
4037 0
4037 0
4037 0
4037 0
4037 0
4037 0
4037 0
4037 0
4037 0
4037 0
4037 0
4037 145
4037 0
4037 0
4037 0
4037 0
4037 0
4037 0
4037 0
4037 0
4037 0
4037 0
4037 0
4037 0
4037 0
4037 1
4037 0
4037 0
4037 0
4037 0
4037 0
4037 0
4037 0
4037 0
4037 0
4037 0
4037 0
4037 0
4039 0
4039 0
4039 0
4039 0
4039 0
4039 0
4039 0
4039 0
4039 0
4039 0
4039 0
4039 1272
4039 0
4039 0
4039 0
4039 0
4039 0
4039 0
4039 0
4039 0
4039 0
4039 0
4039 0
4039 0
4039 0
4039 3
4039 0
4039 0
4039 0
4039 0
4039 0
4039 0
4039 0
4039 0
4039 0
4039 0
4039 0
4039 0
4040 0
4040 0
4040 0
4040 0
4040 0
4040 0
4040 0
4040 0
4040 0
4040 0
4040 0
4040 145
4040 0
4040 0
4040 0
4040 0
4040 0
4040 0
4040 0
4040 0
4040 0
4040 0
4040 0
4040 0
4040 0
4040 1
4040 0
4040 0
4040 0
4040 0
4040 0
4040 0
4040 0
4040 0
4040 0
4040 0
4040 0
4040 0
4121 0
4121 0
4121 0
4121 0
4121 0
4121 0
4121 0
4121 0
4121 0
4121 0
4121 0
4121 299
4121 0
4121 0
4121 0
4121 0
4121 0
4121 0
4121 0
4121 0
4121 0
4121 0
4121 0
4121 0
4121 0
4121 98
4121 0
4121 0
4121 0
4121 0
4121 0
4121 0
4121 0
4121 0
4121 0
4121 0
4121 0
4121 0
4122 0
4122 0
4122 0
4122 0
4122 0
4122 0
4122 0
4122 0
4122 0
4122 0
4122 0
4122 1300
4122 0
4122 0
4122 0
4122 0
4122 0
4122 0
4122 0
4122 0
4122 0
4122 0
4122 0
4122 0
4122 0
4122 254
4122 0
4122 0
4122 0
4122 0
4122 0
4122 0
4122 0
4122 0
4122 0
4122 0
4122 0
4122 0
4123 0
4123 0
4123 0
4123 0
4123 0
4123 0
4123 0
4123 0
4123 0
4123 0
4123 0
4123 3157
4123 0
4123 0
4123 0
4123 0
4123 0
4123 0
4123 0
4123 0
4123 0
4123 0
4123 0
4123 0
4123 0
4123 18
4123 0
4123 0
4123 0
4123 0
4123 0
4123 0
4123 0
4123 0
4123 0
4123 0
4123 0
4123 0
4214 0
4214 0
4214 0
4214 0
4214 0
4214 0
4214 0
4214 0
4214 0
4214 0
4214 0
4214 299
4214 0
4214 0
4214 0
4214 0
4214 0
4214 0
4214 0
4214 0
4214 0
4214 0
4214 0
4214 0
4214 0
4214 98
4214 0
4214 0
4214 0
4214 0
4214 0
4214 0
4214 0
4214 0
4214 0
4214 0
4214 0
4214 0
4215 0
4215 0
4215 0
4215 0
4215 0
4215 0
4215 0
4215 0
4215 0
4215 0
4215 0
4215 558
4215 0
4215 0
4215 0
4215 0
4215 0
4215 0
4215 0
4215 0
4215 0
4215 0
4215 0
4215 0
4215 0
4215 47
4215 0
4215 0
4215 0
4215 0
4215 0
4215 0
4215 0
4215 0
4215 0
4215 0
4215 0
4215 0
4216 0
4216 0
4216 0
4216 0
4216 0
4216 0
4216 0
4216 0
4216 0
4216 0
4216 0
4216 873
4216 0
4216 0
4216 0
4216 0
4216 0
4216 0
4216 0
4216 0
4216 0
4216 0
4216 0
4216 0
4216 0
4216 137
4216 0
4216 0
4216 0
4216 0
4216 0
4216 0
4216 0
4216 0
4216 0
4216 0
4216 0
4216 0
