pt_graph cpue_kghour
5928 0
5928 0
5928 0
5928 0
5928 0
5928 0
5928 0
5928 0
5928 14
5928 0
5928 0
5928 0
5928 0
5928 0
5928 0
5928 0
5928 0
5928 186
5928 0
5928 0
5928 0
5928 0
5928 3
5928 0
5928 0
5928 0
5928 1
5928 0
5928 0
5928 0
5928 0
5928 0
5928 0
5928 0
5928 0
5928 0
5928 0
5928 0
6001 0
6001 0
6001 0
6001 0
6001 0
6001 0
6001 0
6001 0
6001 14
6001 0
6001 0
6001 0
6001 0
6001 0
6001 0
6001 0
6001 0
6001 180
6001 0
6001 0
6001 0
6001 0
6001 3
6001 0
6001 0
6001 0
6001 1
6001 0
6001 0
6001 0
6001 0
6001 0
6001 0
6001 0
6001 0
6001 0
6001 0
6001 0
6156 0
6156 0
6156 0
6156 0
6156 0
6156 0
6156 0
6156 0
6156 28
6156 0
6156 0
6156 0
6156 0
6156 0
6156 0
6156 0
6156 0
6156 162
6156 1
6156 0
6156 0
6156 0
6156 1
6156 0
6156 0
6156 0
6156 1
6156 0
6156 0
6156 0
6156 0
6156 0
6156 0
6156 0
6156 0
6156 0
6156 0
6156 0
6158 0
6158 0
6158 0
6158 0
6158 0
6158 0
6158 0
6158 0
6158 28
6158 0
6158 0
6158 0
6158 0
6158 0
6158 0
6158 0
6158 0
6158 159
6158 0
6158 0
6158 0
6158 0
6158 3
6158 0
6158 0
6158 0
6158 1
6158 0
6158 0
6158 0
6158 0
6158 0
6158 0
6158 0
6158 0
6158 0
6158 0
6158 0
6231 0
6231 0
6231 0
6231 0
6231 0
6231 0
6231 0
6231 0
6231 43
6231 0
6231 0
6231 0
6231 1
6231 0
6231 0
6231 0
6231 0
6231 194
6231 1
6231 0
6231 0
6231 0
6231 2
6231 0
6231 0
6231 0
6231 1
6231 0
6231 0
6231 0
6231 0
6231 0
6231 0
6231 0
6231 0
6231 0
6231 0
6231 0
6232 0
6232 0
6232 0
6232 0
6232 0
6232 0
6232 0
6232 0
6232 76
6232 0
6232 0
6232 0
6232 3
6232 0
6232 0
6232 0
6232 0
6232 406
6232 2
6232 0
6232 0
6232 0
6232 2
6232 0
6232 0
6232 0
6232 2
6232 0
6232 0
6232 0
6232 0
6232 0
6232 0
6232 0
6232 0
6232 0
6232 0
6232 0
6233 0
6233 0
6233 0
6233 0
6233 0
6233 0
6233 0
6233 0
6233 57
6233 0
6233 0
6233 0
6233 0
6233 0
6233 0
6233 0
6233 0
6233 351
6233 3
6233 0
6233 0
6233 0
6233 3
6233 0
6233 0
6233 0
6233 2
6233 0
6233 0
6233 0
6233 0
6233 0
6233 0
6233 0
6233 0
6233 0
6233 0
6233 0
6234 0
6234 0
6234 0
6234 0
6234 0
6234 0
6234 0
6234 0
6234 16
6234 0
6234 0
6234 0
6234 0
6234 0
6234 0
6234 0
6234 0
6234 97
6234 0
6234 0
6234 0
6234 0
6234 1
6234 0
6234 0
6234 0
6234 1
6234 0
6234 0
6234 0
6234 0
6234 0
6234 0
6234 0
6234 0
6234 0
6234 0
6234 0
6235 0
6235 0
6235 0
6235 0
6235 0
6235 0
6235 0
6235 0
6235 27
6235 0
6235 0
6235 0
6235 0
6235 0
6235 0
6235 0
6235 0
6235 433
6235 0
6235 0
6235 0
6235 0
6235 1
6235 0
6235 0
6235 0
6235 2
6235 0
6235 0
6235 0
6235 0
6235 0
6235 0
6235 0
6235 0
6235 0
6235 0
6235 0
6237 0
6237 0
6237 0
6237 0
6237 0
6237 0
6237 0
6237 0
6237 16
6237 0
6237 0
6237 0
6237 0
6237 0
6237 0
6237 0
6237 0
6237 97
6237 0
6237 0
6237 0
6237 0
6237 1
6237 0
6237 0
6237 0
6237 1
6237 0
6237 0
6237 0
6237 0
6237 0
6237 0
6237 0
6237 0
6237 0
6237 0
6237 0
6238 0
6238 0
6238 0
6238 0
6238 0
6238 0
6238 0
6238 0
6238 37
6238 0
6238 0
6238 0
6238 2
6238 0
6238 0
6238 0
6238 0
6238 131
6238 0
6238 0
6238 0
6238 0
6238 1
6238 0
6238 0
6238 0
6238 0
6238 0
6238 0
6238 0
6238 0
6238 0
6238 0
6238 0
6238 0
6238 0
6238 0
6238 0
6239 0
6239 0
6239 0
6239 0
6239 0
6239 0
6239 0
6239 0
6239 44
6239 0
6239 0
6239 0
6239 1
6239 0
6239 0
6239 0
6239 0
6239 222
6239 1
6239 0
6239 0
6239 0
6239 2
6239 0
6239 0
6239 0
6239 1
6239 0
6239 0
6239 0
6239 0
6239 0
6239 0
6239 0
6239 0
6239 0
6239 0
6239 0
6458 0
6458 0
6458 0
6458 0
6458 0
6458 0
6458 0
6458 0
6458 97
6458 0
6458 0
6458 0
6458 8
6458 0
6458 0
6458 0
6458 0
6458 19
6458 0
6458 0
6458 0
6458 0
6458 0
6458 0
6458 0
6458 0
6458 0
6458 0
6458 0
6458 0
6458 0
6458 0
6458 0
6458 0
6458 0
6458 0
6458 0
6458 0
6618 0
6618 0
6618 0
6618 0
6618 0
6618 0
6618 0
6618 0
6618 57
6618 0
6618 0
6618 0
6618 3
6618 0
6618 0
6618 0
6618 0
6618 35
6618 1
6618 0
6618 0
6618 0
6618 0
6618 0
6618 0
6618 0
6618 0
6618 0
6618 0
6618 0
6618 0
6618 0
6618 0
6618 0
6618 0
6618 0
6618 0
6618 0
6619 0
6619 0
6619 0
6619 0
6619 0
6619 0
6619 0
6619 0
6619 62
6619 0
6619 0
6619 0
6619 4
6619 0
6619 0
6619 0
6619 0
6619 46
6619 1
6619 0
6619 0
6619 0
6619 0
6619 0
6619 0
6619 0
6619 0
6619 0
6619 0
6619 0
6619 0
6619 0
6619 0
6619 0
6619 0
6619 0
6619 0
6619 0
6620 0
6620 0
6620 0
6620 0
6620 0
6620 0
6620 0
6620 0
6620 66
6620 0
6620 0
6620 0
6620 5
6620 0
6620 0
6620 0
6620 0
6620 57
6620 1
6620 0
6620 0
6620 0
6620 0
6620 0
6620 0
6620 0
6620 0
6620 0
6620 0
6620 0
6620 0
6620 0
6620 0
6620 0
6620 0
6620 0
6620 0
6620 0
6622 0
6622 0
6622 0
6622 0
6622 0
6622 0
6622 0
6622 0
6622 66
6622 0
6622 0
6622 0
6622 5
6622 0
6622 0
6622 0
6622 0
6622 0
6622 0
6622 0
6622 0
6622 0
6622 0
6622 0
6622 0
6622 0
6622 0
6622 0
6622 0
6622 0
6622 0
6622 0
6622 0
6622 0
6622 0
6622 0
6622 0
6622 0
6697 0
6697 0
6697 0
6697 0
6697 0
6697 0
6697 0
6697 0
6697 48
6697 0
6697 0
6697 0
6697 2
6697 0
6697 0
6697 0
6697 0
6697 12
6697 0
6697 0
6697 0
6697 0
6697 0
6697 0
6697 0
6697 0
6697 0
6697 0
6697 0
6697 0
6697 0
6697 0
6697 0
6697 0
6697 0
6697 0
6697 0
6697 0
6698 0
6698 0
6698 0
6698 0
6698 0
6698 0
6698 0
6698 0
6698 66
6698 0
6698 0
6698 0
6698 5
6698 0
6698 0
6698 0
6698 0
6698 0
6698 0
6698 0
6698 0
6698 0
6698 0
6698 0
6698 0
6698 0
6698 0
6698 0
6698 0
6698 0
6698 0
6698 0
6698 0
6698 0
6698 0
6698 0
6698 0
6698 0
6985 0
6985 0
6985 0
6985 0
6985 0
6985 0
6985 0
6985 0
6985 187
6985 0
6985 0
6985 0
6985 10
6985 0
6985 0
6985 0
6985 0
6985 22
6985 0
6985 0
6985 0
6985 0
6985 0
6985 0
6985 0
6985 0
6985 0
6985 0
6985 0
6985 0
6985 0
6985 0
6985 0
6985 0
6985 0
6985 0
6985 0
6985 0
