pt_graph cpue_kghour
4814 0
4814 0
4814 0
4814 0
4814 0
4814 0
4814 0
4814 0
4814 0
4814 0
4814 0
4814 0
4814 0
4814 0
4814 0
4814 0
4814 0
4814 0
4814 0
4814 0
4814 0
4814 0
4814 0
4814 0
4814 2
4814 0
4814 0
4814 10
4814 0
4814 0
4814 0
4814 0
4814 0
4814 0
4814 0
4814 0
4814 0
4814 0
4895 0
4895 13
4895 0
4895 0
4895 0
4895 0
4895 0
4895 0
4895 0
4895 0
4895 0
4895 0
4895 0
4895 0
4895 0
4895 0
4895 0
4895 0
4895 0
4895 0
4895 0
4895 0
4895 0
4895 0
4895 1
4895 0
4895 0
4895 2
4895 0
4895 0
4895 0
4895 0
4895 0
4895 0
4895 0
4895 0
4895 0
4895 0
4896 0
4896 20
4896 0
4896 0
4896 0
4896 0
4896 0
4896 0
4896 0
4896 0
4896 0
4896 0
4896 0
4896 0
4896 0
4896 0
4896 0
4896 0
4896 0
4896 0
4896 0
4896 0
4896 0
4896 0
4896 1
4896 0
4896 0
4896 1
4896 0
4896 0
4896 0
4896 0
4896 0
4896 0
4896 0
4896 0
4896 0
4896 0
4897 0
4897 37
4897 0
4897 0
4897 0
4897 0
4897 0
4897 0
4897 0
4897 0
4897 0
4897 0
4897 0
4897 0
4897 0
4897 0
4897 0
4897 0
4897 0
4897 0
4897 0
4897 0
4897 0
4897 0
4897 1
4897 0
4897 0
4897 3
4897 0
4897 0
4897 0
4897 0
4897 0
4897 0
4897 0
4897 0
4897 0
4897 0
4898 0
4898 22
4898 0
4898 0
4898 0
4898 0
4898 0
4898 0
4898 0
4898 0
4898 0
4898 0
4898 0
4898 0
4898 0
4898 0
4898 0
4898 0
4898 0
4898 0
4898 0
4898 0
4898 0
4898 0
4898 1
4898 0
4898 0
4898 1
4898 0
4898 0
4898 0
4898 0
4898 0
4898 0
4898 0
4898 0
4898 0
4898 0
4979 0
4979 22
4979 0
4979 0
4979 0
4979 0
4979 0
4979 0
4979 0
4979 0
4979 0
4979 0
4979 0
4979 0
4979 0
4979 0
4979 0
4979 0
4979 0
4979 0
4979 0
4979 0
4979 0
4979 0
4979 0
4979 0
4979 0
4979 1
4979 0
4979 0
4979 0
4979 0
4979 0
4979 0
4979 0
4979 0
4979 0
4979 0
4980 0
4980 16
4980 0
4980 0
4980 0
4980 0
4980 0
4980 0
4980 0
4980 0
4980 0
4980 0
4980 0
4980 0
4980 0
4980 0
4980 0
4980 0
4980 0
4980 0
4980 0
4980 0
4980 0
4980 0
4980 0
4980 0
4980 0
4980 2
4980 0
4980 0
4980 0
4980 0
4980 0
4980 0
4980 0
4980 0
4980 0
4980 0
4981 0
4981 23
4981 0
4981 0
4981 0
4981 0
4981 0
4981 0
4981 0
4981 0
4981 0
4981 0
4981 0
4981 0
4981 0
4981 0
4981 0
4981 0
4981 0
4981 0
4981 0
4981 0
4981 0
4981 0
4981 1
4981 0
4981 0
4981 3
4981 0
4981 0
4981 0
4981 0
4981 0
4981 0
4981 0
4981 0
4981 0
4981 0
5062 0
5062 23
5062 0
5062 0
5062 0
5062 0
5062 0
5062 0
5062 0
5062 0
5062 0
5062 0
5062 0
5062 0
5062 0
5062 0
5062 0
5062 0
5062 0
5062 0
5062 0
5062 0
5062 0
5062 0
5062 1
5062 0
5062 0
5062 2
5062 0
5062 0
5062 0
5062 0
5062 0
5062 0
5062 0
5062 0
5062 0
5062 0
5063 0
5063 29
5063 0
5063 0
5063 0
5063 0
5063 0
5063 0
5063 0
5063 0
5063 0
5063 0
5063 0
5063 0
5063 0
5063 0
5063 0
5063 0
5063 0
5063 0
5063 0
5063 0
5063 0
5063 0
5063 0
5063 0
5063 0
5063 1
5063 0
5063 0
5063 0
5063 0
5063 0
5063 0
5063 0
5063 0
5063 0
5063 0
5064 0
5064 48
5064 0
5064 0
5064 0
5064 0
5064 0
5064 0
5064 0
5064 0
5064 0
5064 0
5064 0
5064 0
5064 0
5064 0
5064 0
5064 0
5064 0
5064 0
5064 0
5064 0
5064 0
5064 0
5064 1
5064 0
5064 0
5064 3
5064 0
5064 0
5064 0
5064 0
5064 0
5064 0
5064 0
5064 0
5064 0
5064 0
5141 0
5141 52
5141 0
5141 0
5141 0
5141 0
5141 0
5141 0
5141 0
5141 0
5141 0
5141 0
5141 0
5141 0
5141 0
5141 0
5141 0
5141 0
5141 0
5141 0
5141 0
5141 0
5141 0
5141 0
5141 2
5141 0
5141 0
5141 4
5141 0
5141 0
5141 0
5141 0
5141 0
5141 0
5141 0
5141 0
5141 0
5141 0
5142 0
5142 35
5142 0
5142 0
5142 0
5142 0
5142 0
5142 0
5142 0
5142 0
5142 0
5142 0
5142 0
5142 0
5142 0
5142 0
5142 0
5142 0
5142 0
5142 0
5142 0
5142 0
5142 0
5142 0
5142 2
5142 0
5142 0
5142 2
5142 0
5142 0
5142 0
5142 0
5142 0
5142 0
5142 0
5142 0
5142 0
5142 0
5143 0
5143 81
5143 0
5143 0
5143 0
5143 0
5143 0
5143 0
5143 0
5143 0
5143 0
5143 0
5143 0
5143 0
5143 0
5143 0
5143 0
5143 0
5143 0
5143 0
5143 0
5143 0
5143 0
5143 0
5143 1
5143 0
5143 0
5143 2
5143 0
5143 0
5143 1
5143 0
5143 0
5143 0
5143 0
5143 0
5143 0
5143 0
5144 0
5144 17
5144 0
5144 0
5144 0
5144 0
5144 0
5144 0
5144 0
5144 0
5144 0
5144 0
5144 0
5144 0
5144 0
5144 0
5144 0
5144 0
5144 0
5144 0
5144 0
5144 0
5144 0
5144 0
5144 1
5144 0
5144 0
5144 6
5144 0
5144 0
5144 0
5144 0
5144 0
5144 0
5144 0
5144 0
5144 0
5144 0
5145 0
5145 40
5145 0
5145 0
5145 0
5145 0
5145 0
5145 0
5145 0
5145 0
5145 0
5145 0
5145 0
5145 0
5145 0
5145 0
5145 0
5145 0
5145 0
5145 0
5145 0
5145 0
5145 0
5145 0
5145 1
5145 0
5145 0
5145 3
5145 0
5145 0
5145 0
5145 0
5145 0
5145 0
5145 0
5145 0
5145 0
5145 0
5219 0
5219 52
5219 0
5219 0
5219 0
5219 0
5219 0
5219 0
5219 0
5219 0
5219 0
5219 0
5219 0
5219 0
5219 0
5219 0
5219 0
5219 0
5219 0
5219 0
5219 0
5219 0
5219 0
5219 0
5219 2
5219 0
5219 0
5219 4
5219 0
5219 0
5219 0
5219 0
5219 0
5219 0
5219 0
5219 0
5219 0
5219 0
5220 0
5220 46
5220 0
5220 0
5220 0
5220 0
5220 0
5220 0
5220 0
5220 0
5220 0
5220 0
5220 0
5220 0
5220 0
5220 0
5220 0
5220 0
5220 0
5220 0
5220 0
5220 0
5220 0
5220 0
5220 0
5220 0
5220 0
5220 0
5220 0
5220 0
5220 0
5220 0
5220 0
5220 0
5220 0
5220 0
5220 0
5220 0
5221 0
5221 29
5221 0
5221 0
5221 0
5221 0
5221 0
5221 0
5221 0
5221 0
5221 0
5221 0
5221 0
5221 0
5221 0
5221 0
5221 0
5221 0
5221 0
5221 0
5221 0
5221 0
5221 0
5221 0
5221 2
5221 0
5221 0
5221 4
5221 0
5221 0
5221 0
5221 0
5221 0
5221 0
5221 0
5221 0
5221 0
5221 0
5223 0
5223 32
5223 0
5223 0
5223 0
5223 0
5223 0
5223 0
5223 0
5223 0
5223 0
5223 0
5223 0
5223 0
5223 0
5223 0
5223 0
5223 0
5223 0
5223 0
5223 0
5223 0
5223 0
5223 0
5223 1
5223 0
5223 0
5223 3
5223 0
5223 0
5223 0
5223 0
5223 0
5223 0
5223 0
5223 0
5223 0
5223 0
5224 0
5224 27
5224 0
5224 0
5224 0
5224 0
5224 0
5224 0
5224 0
5224 0
5224 0
5224 0
5224 0
5224 0
5224 0
5224 0
5224 0
5224 0
5224 0
5224 0
5224 0
5224 0
5224 0
5224 0
5224 0
5224 0
5224 0
5224 1
5224 0
5224 0
5224 0
5224 0
5224 0
5224 0
5224 0
5224 0
5224 0
5224 0
5305 0
5305 52
5305 0
5305 0
5305 0
5305 0
5305 0
5305 0
5305 0
5305 0
5305 0
5305 0
5305 0
5305 0
5305 0
5305 0
5305 0
5305 0
5305 0
5305 0
5305 0
5305 0
5305 0
5305 0
5305 2
5305 0
5305 0
5305 4
5305 0
5305 0
5305 0
5305 0
5305 0
5305 0
5305 0
5305 0
5305 0
5305 0
5306 0
5306 52
5306 0
5306 0
5306 0
5306 0
5306 0
5306 0
5306 0
5306 0
5306 0
5306 0
5306 0
5306 0
5306 0
5306 0
5306 0
5306 0
5306 0
5306 0
5306 0
5306 0
5306 0
5306 0
5306 2
5306 0
5306 0
5306 4
5306 0
5306 0
5306 0
5306 0
5306 0
5306 0
5306 0
5306 0
5306 0
5306 0
5307 0
5307 44
5307 0
5307 0
5307 0
5307 0
5307 0
5307 0
5307 0
5307 0
5307 0
5307 0
5307 0
5307 0
5307 0
5307 0
5307 0
5307 0
5307 0
5307 0
5307 0
5307 0
5307 0
5307 0
5307 0
5307 0
5307 0
5307 0
5307 0
5307 0
5307 0
5307 0
5307 0
5307 0
5307 0
5307 0
5307 0
5307 0
5308 0
5308 51
5308 0
5308 0
5308 0
5308 0
5308 0
5308 0
5308 0
5308 0
5308 0
5308 0
5308 0
5308 0
5308 0
5308 0
5308 0
5308 0
5308 0
5308 0
5308 0
5308 0
5308 0
5308 0
5308 2
5308 0
5308 0
5308 4
5308 0
5308 0
5308 0
5308 0
5308 0
5308 0
5308 0
5308 0
5308 0
5308 0
5309 0
5309 81
5309 0
5309 0
5309 0
5309 0
5309 0
5309 0
5309 0
5309 0
5309 0
5309 0
5309 0
5309 0
5309 0
5309 0
5309 0
5309 0
5309 0
5309 0
5309 0
5309 0
5309 0
5309 0
5309 5
5309 0
5309 0
5309 14
5309 0
5309 0
5309 0
5309 0
5309 0
5309 0
5309 0
5309 0
5309 0
5309 0
5310 0
5310 41
5310 0
5310 0
5310 0
5310 0
5310 0
5310 0
5310 0
5310 0
5310 0
5310 0
5310 0
5310 0
5310 0
5310 0
5310 0
5310 0
5310 0
5310 0
5310 0
5310 0
5310 0
5310 0
5310 1
5310 0
5310 0
5310 4
5310 0
5310 0
5310 0
5310 0
5310 0
5310 0
5310 0
5310 0
5310 0
5310 0
5311 0
5311 47
5311 0
5311 0
5311 0
5311 0
5311 0
5311 0
5311 0
5311 0
5311 0
5311 0
5311 0
5311 0
5311 0
5311 0
5311 0
5311 0
5311 0
5311 0
5311 0
5311 0
5311 0
5311 0
5311 0
5311 0
5311 0
5311 2
5311 0
5311 0
5311 0
5311 0
5311 0
5311 0
5311 0
5311 0
5311 0
5311 0
5398 0
5398 63
5398 0
5398 0
5398 0
5398 0
5398 0
5398 0
5398 0
5398 0
5398 0
5398 0
5398 0
5398 0
5398 0
5398 0
5398 0
5398 0
5398 0
5398 0
5398 0
5398 0
5398 0
5398 0
5398 0
5398 0
5398 0
5398 3
5398 0
5398 0
5398 0
5398 0
5398 0
5398 0
5398 0
5398 0
5398 0
5398 0
5399 0
5399 61
5399 0
5399 0
5399 0
5399 0
5399 0
5399 0
5399 0
5399 0
5399 0
5399 0
5399 0
5399 0
5399 0
5399 0
5399 0
5399 0
5399 0
5399 0
5399 0
5399 0
5399 0
5399 0
5399 1
5399 0
5399 0
5399 5
5399 0
5399 0
5399 0
5399 0
5399 0
5399 0
5399 0
5399 0
5399 0
5399 0
5402 0
5402 66
5402 0
5402 0
5402 0
5402 0
5402 0
5402 0
5402 0
5402 0
5402 0
5402 0
5402 0
5402 0
5402 0
5402 0
5402 0
5402 0
5402 0
5402 0
5402 0
5402 0
5402 0
5402 0
5402 1
5402 0
5402 0
5402 2
5402 0
5402 0
5402 0
5402 0
5402 0
5402 0
5402 0
5402 0
5402 0
5402 0
5486 0
5486 52
5486 0
5486 0
5486 0
5486 0
5486 0
5486 0
5486 0
5486 0
5486 0
5486 0
5486 0
5486 0
5486 0
5486 0
5486 0
5486 0
5486 0
5486 0
5486 0
5486 0
5486 0
5486 0
5486 2
5486 0
5486 0
5486 4
5486 0
5486 0
5486 0
5486 0
5486 0
5486 0
5486 0
5486 0
5486 0
5486 0
5488 0
5488 74
5488 0
5488 0
5488 0
5488 0
5488 0
5488 0
5488 0
5488 0
5488 0
5488 0
5488 0
5488 0
5488 0
5488 0
5488 0
5488 0
5488 0
5488 0
5488 0
5488 0
5488 0
5488 0
5488 3
5488 0
5488 0
5488 5
5488 0
5488 0
5488 0
5488 0
5488 0
5488 0
5488 0
5488 0
5488 0
5488 0
5489 0
5489 141
5489 0
5489 0
5489 0
5489 0
5489 0
5489 0
5489 0
5489 0
5489 0
5489 0
5489 0
5489 0
5489 0
5489 0
5489 0
5489 0
5489 0
5489 0
5489 0
5489 0
5489 0
5489 0
5489 7
5489 0
5489 0
5489 16
5489 0
5489 0
5489 0
5489 0
5489 0
5489 0
5489 0
5489 0
5489 0
5489 0
5738 0
5738 36
5738 0
5738 0
5738 0
5738 0
5738 0
5738 0
5738 0
5738 0
5738 0
5738 0
5738 0
5738 0
5738 0
5738 0
5738 0
5738 0
5738 0
5738 0
5738 0
5738 0
5738 0
5738 0
5738 0
5738 0
5738 0
5738 2
5738 0
5738 0
5738 0
5738 0
5738 0
5738 0
5738 0
5738 0
5738 0
5738 0
5811 0
5811 38
5811 0
5811 0
5811 0
5811 0
5811 0
5811 0
5811 0
5811 0
5811 0
5811 0
5811 0
5811 0
5811 0
5811 0
5811 0
5811 0
5811 0
5811 0
5811 0
5811 0
5811 0
5811 0
5811 0
5811 0
5811 0
5811 3
5811 0
5811 0
5811 0
5811 0
5811 0
5811 0
5811 0
5811 0
5811 0
5811 0
5812 0
5812 38
5812 0
5812 0
5812 0
5812 0
5812 0
5812 0
5812 0
5812 0
5812 0
5812 0
5812 0
5812 0
5812 0
5812 0
5812 0
5812 0
5812 0
5812 0
5812 0
5812 0
5812 0
5812 0
5812 0
5812 0
5812 0
5812 3
5812 0
5812 0
5812 0
5812 0
5812 0
5812 0
5812 0
5812 0
5812 0
5812 0
5814 0
5814 40
5814 0
5814 0
5814 0
5814 0
5814 0
5814 0
5814 0
5814 0
5814 0
5814 0
5814 0
5814 0
5814 0
5814 0
5814 0
5814 0
5814 0
5814 0
5814 0
5814 0
5814 0
5814 0
5814 0
5814 0
5814 0
5814 5
5814 0
5814 0
5814 0
5814 0
5814 0
5814 0
5814 0
5814 0
5814 0
5814 0
5884 0
5884 36
5884 0
5884 0
5884 0
5884 0
5884 0
5884 0
5884 0
5884 0
5884 0
5884 0
5884 0
5884 0
5884 0
5884 0
5884 0
5884 0
5884 0
5884 0
5884 0
5884 0
5884 0
5884 0
5884 0
5884 0
5884 0
5884 2
5884 0
5884 0
5884 0
5884 0
5884 0
5884 0
5884 0
5884 0
5884 0
5884 0
5885 0
5885 40
5885 0
5885 0
5885 0
5885 0
5885 0
5885 0
5885 0
5885 0
5885 0
5885 0
5885 0
5885 0
5885 0
5885 0
5885 0
5885 0
5885 0
5885 0
5885 0
5885 0
5885 0
5885 0
5885 0
5885 0
5885 0
5885 5
5885 0
5885 0
5885 0
5885 0
5885 0
5885 0
5885 0
5885 0
5885 0
5885 0
5888 0
5888 40
5888 0
5888 0
5888 0
5888 0
5888 0
5888 0
5888 0
5888 0
5888 0
5888 0
5888 0
5888 0
5888 0
5888 0
5888 0
5888 0
5888 0
5888 0
5888 0
5888 0
5888 0
5888 0
5888 0
5888 0
5888 0
5888 5
5888 0
5888 0
5888 0
5888 0
5888 0
5888 0
5888 0
5888 0
5888 0
5888 0
5957 0
5957 36
5957 0
5957 0
5957 0
5957 0
5957 0
5957 0
5957 0
5957 0
5957 0
5957 0
5957 0
5957 0
5957 0
5957 0
5957 0
5957 0
5957 0
5957 0
5957 0
5957 0
5957 0
5957 0
5957 0
5957 0
5957 0
5957 2
5957 0
5957 0
5957 0
5957 0
5957 0
5957 0
5957 0
5957 0
5957 0
5957 0
5958 0
5958 40
5958 0
5958 0
5958 0
5958 0
5958 0
5958 0
5958 0
5958 0
5958 0
5958 0
5958 0
5958 0
5958 0
5958 0
5958 0
5958 0
5958 0
5958 0
5958 0
5958 0
5958 0
5958 0
5958 0
5958 0
5958 0
5958 5
5958 0
5958 0
5958 0
5958 0
5958 0
5958 0
5958 0
5958 0
5958 0
5958 0
5959 0
5959 40
5959 0
5959 0
5959 0
5959 0
5959 0
5959 0
5959 0
5959 0
5959 0
5959 0
5959 0
5959 0
5959 0
5959 0
5959 0
5959 0
5959 0
5959 0
5959 0
5959 0
5959 0
5959 0
5959 0
5959 0
5959 0
5959 5
5959 0
5959 0
5959 0
5959 0
5959 0
5959 0
5959 0
5959 0
5959 0
5959 0
5960 0
5960 20
5960 0
5960 0
5960 0
5960 0
5960 0
5960 0
5960 0
5960 0
5960 0
5960 0
5960 0
5960 0
5960 0
5960 0
5960 0
5960 0
5960 0
5960 0
5960 0
5960 0
5960 0
5960 0
5960 0
5960 0
5960 0
5960 2
5960 0
5960 0
5960 0
5960 0
5960 0
5960 0
5960 0
5960 0
5960 0
5960 0
6037 0
6037 36
6037 0
6037 0
6037 0
6037 0
6037 0
6037 0
6037 0
6037 0
6037 0
6037 0
6037 0
6037 0
6037 0
6037 0
6037 0
6037 0
6037 0
6037 0
6037 0
6037 0
6037 0
6037 0
6037 0
6037 0
6037 0
6037 2
6037 0
6037 0
6037 0
6037 0
6037 0
6037 0
6037 0
6037 0
6037 0
6037 0
6038 0
6038 40
6038 0
6038 0
6038 0
6038 0
6038 0
6038 0
6038 0
6038 0
6038 0
6038 0
6038 0
6038 0
6038 0
6038 0
6038 0
6038 0
6038 0
6038 0
6038 0
6038 0
6038 0
6038 0
6038 0
6038 0
6038 0
6038 5
6038 0
6038 0
6038 0
6038 0
6038 0
6038 0
6038 0
6038 0
6038 0
6038 0
6120 0
6120 40
6120 0
6120 0
6120 0
6120 0
6120 0
6120 0
6120 0
6120 0
6120 0
6120 0
6120 0
6120 0
6120 0
6120 0
6120 0
6120 0
6120 0
6120 0
6120 0
6120 0
6120 0
6120 0
6120 0
6120 0
6120 0
6120 5
6120 0
6120 0
6120 0
6120 0
6120 0
6120 0
6120 0
6120 0
6120 0
6120 0
