pt_graph scale
9532 0
9532 0
9532 0
9532 0
9532 0
9532 0
9532 0
9532 0
9532 0
9532 0
9532 0
9532 0
9532 0
9532 0
9532 0
9532 0
9532 0
9532 0
9532 0
9532 0
9532 0
9532 0
9532 0
9532 0
9532 0
9532 0
9532 0
9532 0
9532 0
9532 0
9532 0
9532 0
9532 0
9532 0
9532 0
9532 33
9532 0
9532 0
9830 0
9830 0
9830 0
9830 0
9830 0
9830 0
9830 0
9830 0
9830 0
9830 0
9830 0
9830 0
9830 0
9830 0
9830 0
9830 0
9830 0
9830 0
9830 0
9830 0
9830 0
9830 0
9830 0
9830 0
9830 0
9830 0
9830 0
9830 0
9830 0
9830 0
9830 0
9830 0
9830 0
9830 0
9830 0
9830 30
9830 0
9830 0
9836 0
9836 0
9836 0
9836 0
9836 0
9836 0
9836 0
9836 0
9836 0
9836 0
9836 0
9836 0
9836 0
9836 0
9836 0
9836 0
9836 0
9836 0
9836 0
9836 0
9836 0
9836 0
9836 0
9836 0
9836 0
9836 0
9836 0
9836 0
9836 0
9836 0
9836 0
9836 0
9836 0
9836 0
9836 0
9836 62
9836 0
9836 0
