pt_graph shape
7779 0
7779 0
7779 0
7779 0
7779 0
7779 0
7779 0
7779 0
7779 0
7779 25.47
7779 0
7779 0
7779 0
7779 0
7779 0
7779 0
7779 0
7779 0
7779 0
7779 0
7779 0
7779 0
7779 0
7779 0
7779 29.98
7779 0
7779 0
7779 31.91
7779 0
7779 0
7779 0
7779 0
7779 0
7779 0
7779 0
7779 0
7779 0
7779 0
7853 0
7853 29.36
7853 0
7853 0
7853 0
7853 0
7853 0
7853 0
7853 0
7853 45.28
7853 0
7853 0
7853 0
7853 0
7853 0
7853 0
7853 0
7853 0
7853 0
7853 0
7853 0
7853 0
7853 0
7853 0
7853 0
7853 0
7853 0
7853 0
7853 0
7853 0
7853 0
7853 0
7853 0
7853 0
7853 0
7853 0
7853 0
7853 0
7922 0
7922 0
7922 0
7922 0
7922 0
7922 0
7922 0
7922 0
7922 31.7
7922 0
7922 0
7922 0
7922 28.04
7922 0
7922 0
7922 0
7922 0
7922 0
7922 0
7922 0
7922 0
7922 0
7922 0
7922 0
7922 36.28
7922 0
7922 0
7922 32.78
7922 0
7922 0
7922 28.42
7922 0
7922 0
7922 0
7922 0
7922 0
7922 0
7922 0
7923 0
7923 0
7923 0
7923 0
7923 0
7923 0
7923 0
7923 0
7923 31.7
7923 0
7923 0
7923 0
7923 28.04
7923 0
7923 0
7923 0
7923 0
7923 0
7923 0
7923 0
7923 0
7923 0
7923 0
7923 0
7923 36.28
7923 0
7923 0
7923 32.78
7923 0
7923 0
7923 28.42
7923 0
7923 0
7923 0
7923 0
7923 0
7923 0
7923 0
7924 0
7924 0
7924 0
7924 0
7924 0
7924 0
7924 0
7924 0
7924 25.47
7924 0
7924 0
7924 0
7924 43.46
7924 0
7924 0
7924 0
7924 0
7924 0
7924 0
7924 0
7924 0
7924 0
7924 0
7924 0
7924 29.98
7924 0
7924 0
7924 31.91
7924 0
7924 0
7924 0
7924 0
7924 0
7924 0
7924 0
7924 0
7924 0
7924 0
7926 0
7926 6.44
7926 0
7926 0
7926 0
7926 0
7926 0
7926 0
7926 1.61
7926 0
7926 0
7926 0
7926 33.17
7926 0
7926 0
7926 0
7926 0
7926 0
7926 0
7926 0
7926 0
7926 0
7926 0
7926 0
7926 0
7926 0
7926 0
7926 0
7926 0
7926 0
7926 55.77
7926 0
7926 0
7926 0
7926 0
7926 0
7926 0
7926 0
7927 0
7927 2.2
7927 0
7927 0
7927 0
7927 0
7927 0
7927 0
7927 1.61
7927 0
7927 0
7927 0
7927 33.17
7927 0
7927 0
7927 0
7927 0
7927 0
7927 0
7927 0
7927 0
7927 0
7927 0
7927 0
7927 47.07
7927 0
7927 0
7927 47.41
7927 0
7927 0
7927 55.77
7927 0
7927 0
7927 0
7927 0
7927 0
7927 0
7927 0
7989 0
7989 1.73
7989 0
7989 0
7989 0
7989 0
7989 0
7989 0
7989 0
7989 0
7989 0
7989 0
7989 0
7989 0
7989 0
7989 0
7989 0
7989 0
7989 0
7989 0
7989 0
7989 0
7989 0
7989 0
7989 0
7989 0
7989 0
7989 0
7989 0
7989 0
7989 0
7989 0
7989 0
7989 0
7989 0
7989 0
7989 0
7989 0
7990 0
7990 1.5
7990 0
7990 0
7990 0
7990 0
7990 0
7990 0
7990 16.95
7990 0
7990 0
7990 0
7990 0
7990 0
7990 0
7990 0
7990 0
7990 0
7990 0
7990 0
7990 0
7990 0
7990 0
7990 0
7990 0
7990 0
7990 0
7990 0
7990 0
7990 0
7990 0
7990 0
7990 0
7990 0
7990 0
7990 0
7990 0
7990 0
7991 0
7991 1.26
7991 0
7991 0
7991 0
7991 0
7991 0
7991 0
7991 25.46
7991 0
7991 0
7991 0
7991 0
7991 0
7991 0
7991 0
7991 0
7991 0
7991 0
7991 0
7991 0
7991 0
7991 0
7991 0
7991 0
7991 0
7991 0
7991 15.56
7991 0
7991 0
7991 0
7991 0
7991 0
7991 0
7991 0
7991 0
7991 0
7991 0
7992 0
7992 8.38
7992 0
7992 0
7992 0
7992 0
7992 0
7992 0
7992 22.3
7992 0
7992 0
7992 0
7992 0
7992 0
7992 0
7992 0
7992 0
7992 0
7992 0
7992 0
7992 0
7992 0
7992 0
7992 0
7992 0
7992 0
7992 0
7992 12.4
7992 0
7992 0
7992 0
7992 0
7992 0
7992 0
7992 0
7992 0
7992 0
7992 0
7993 0
7993 2.24
7993 0
7993 0
7993 0
7993 0
7993 0
7993 0
7993 4.09
7993 0
7993 0
7993 0
7993 0
7993 0
7993 0
7993 0
7993 0
7993 0
7993 0
7993 0
7993 0
7993 0
7993 0
7993 0
7993 0
7993 0
7993 0
7993 0
7993 0
7993 0
7993 0
7993 0
7993 0
7993 0
7993 0
7993 0
7993 0
7993 0
7994 0
7994 40.78
7994 0
7994 0
7994 0
7994 0
7994 0
7994 0
7994 27.11
7994 0
7994 0
7994 0
7994 0
7994 0
7994 0
7994 0
7994 0
7994 0
7994 0
7994 0
7994 0
7994 0
7994 0
7994 0
7994 0
7994 0
7994 0
7994 0
7994 0
7994 0
7994 0
7994 0
7994 0
7994 0
7994 0
7994 0
7994 0
7994 0
7995 0
7995 0
7995 0
7995 0
7995 0
7995 0
7995 0
7995 0
7995 26.75
7995 0
7995 0
7995 0
7995 5.35
7995 0
7995 0
7995 0
7995 0
7995 0
7995 0
7995 0
7995 0
7995 0
7995 0
7995 0
7995 12.94
7995 0
7995 0
7995 5.97
7995 0
7995 0
7995 28.42
7995 0
7995 0
7995 0
7995 0
7995 0
7995 0
7995 0
7996 0
7996 0
7996 0
7996 0
7996 0
7996 0
7996 0
7996 0
7996 26.75
7996 0
7996 0
7996 0
7996 5.35
7996 0
7996 0
7996 0
7996 0
7996 0
7996 0
7996 0
7996 0
7996 0
7996 0
7996 0
7996 12.94
7996 0
7996 0
7996 5.97
7996 0
7996 0
7996 28.42
7996 0
7996 0
7996 0
7996 0
7996 0
7996 0
7996 0
7997 0
7997 0
7997 0
7997 0
7997 0
7997 0
7997 0
7997 0
7997 25.47
7997 0
7997 0
7997 0
7997 43.46
7997 0
7997 0
7997 0
7997 0
7997 0
7997 0
7997 0
7997 0
7997 0
7997 0
7997 0
7997 29.98
7997 0
7997 0
7997 31.91
7997 0
7997 0
7997 0
7997 0
7997 0
7997 0
7997 0
7997 0
7997 0
7997 0
8052 0
8052 29.36
8052 0
8052 0
8052 0
8052 0
8052 0
8052 0
8052 45.28
8052 0
8052 0
8052 0
8052 0
8052 0
8052 0
8052 0
8052 0
8052 0
8052 0
8052 0
8052 0
8052 0
8052 0
8052 0
8052 0
8052 0
8052 0
8052 0
8052 0
8052 0
8052 0
8052 0
8052 0
8052 0
8052 0
8052 0
8052 0
8052 0
8053 0
8053 11.74
8053 0
8053 0
8053 0
8053 0
8053 0
8053 0
8053 1.72
8053 0
8053 0
8053 0
8053 29.23
8053 0
8053 0
8053 0
8053 0
8053 0
8053 0
8053 0
8053 0
8053 0
8053 0
8053 0
8053 0
8053 0
8053 0
8053 0
8053 0
8053 0
8053 0
8053 0
8053 0
8053 0
8053 0
8053 0
8053 0
8053 0
8054 0
8054 3.79
8054 0
8054 0
8054 0
8054 0
8054 0
8054 0
8054 2.71
8054 0
8054 0
8054 0
8054 4.67
8054 0
8054 0
8054 0
8054 0
8054 0
8054 0
8054 0
8054 0
8054 0
8054 0
8054 0
8054 0
8054 0
8054 0
8054 45.92
8054 0
8054 0
8054 0
8054 0
8054 0
8054 0
8054 0
8054 0
8054 0
8054 0
8055 0
8055 3.13
8055 0
8055 0
8055 0
8055 0
8055 0
8055 0
8055 3.02
8055 0
8055 0
8055 0
8055 29.23
8055 0
8055 0
8055 0
8055 0
8055 0
8055 0
8055 0
8055 0
8055 0
8055 0
8055 0
8055 0
8055 0
8055 0
8055 14.76
8055 0
8055 0
8055 0
8055 0
8055 0
8055 0
8055 0
8055 0
8055 0
8055 0
8056 0
8056 2.31
8056 0
8056 0
8056 0
8056 0
8056 0
8056 0
8056 1.68
8056 0
8056 0
8056 0
8056 0
8056 0
8056 0
8056 0
8056 0
8056 0
8056 0
8056 0
8056 0
8056 0
8056 0
8056 0
8056 0
8056 0
8056 0
8056 19.69
8056 0
8056 0
8056 0
8056 0
8056 0
8056 0
8056 0
8056 0
8056 0
8056 0
8057 0
8057 1.03
8057 0
8057 0
8057 0
8057 0
8057 0
8057 0
8057 8.57
8057 0
8057 0
8057 0
8057 33.17
8057 0
8057 0
8057 0
8057 0
8057 0
8057 0
8057 0
8057 0
8057 0
8057 0
8057 0
8057 0
8057 0
8057 0
8057 45.32
8057 0
8057 0
8057 55.77
8057 0
8057 0
8057 0
8057 0
8057 0
8057 0
8057 0
8059 0
8059 32.86
8059 0
8059 0
8059 0
8059 0
8059 0
8059 0
8059 0.99
8059 0
8059 0
8059 0
8059 56.61
8059 0
8059 0
8059 0
8059 0
8059 0
8059 0
8059 0
8059 0
8059 0
8059 0
8059 0
8059 56.71
8059 0
8059 0
8059 37.17
8059 0
8059 0
8059 0
8059 0
8059 0
8059 0
8059 0
8059 0
8059 0
8059 0
8112 0
8112 30.66
8112 0
8112 0
8112 0
8112 0
8112 0
8112 0
8112 35.05
8112 0
8112 0
8112 0
8112 38.32
8112 0
8112 0
8112 0
8112 0
8112 0
8112 0
8112 0
8112 0
8112 0
8112 0
8112 0
8112 0
8112 0
8112 0
8112 0
8112 0
8112 0
8112 0
8112 0
8112 0
8112 0
8112 0
8112 0
8112 0
8112 0
8113 0
8113 27.11
8113 0
8113 0
8113 0
8113 0
8113 0
8113 0
8113 0
8113 0
8113 0
8113 0
8113 0
8113 0
8113 0
8113 0
8113 0
8113 0
8113 0
8113 0
8113 0
8113 0
8113 0
8113 0
8113 0
8113 0
8113 0
8113 0
8113 0
8113 0
8113 0
8113 0
8113 0
8113 0
8113 0
8113 0
8113 0
8113 0
8115 0
8115 37.97
8115 0
8115 0
8115 0
8115 0
8115 0
8115 0
8115 28.98
8115 0
8115 0
8115 0
8115 0
8115 0
8115 0
8115 0
8115 0
8115 0
8115 0
8115 0
8115 0
8115 0
8115 0
8115 0
8115 0
8115 0
8115 0
8115 0
8115 0
8115 0
8115 0
8115 0
8115 0
8115 0
8115 0
8115 0
8115 0
8115 0
8116 0
8116 60.78
8116 0
8116 0
8116 0
8116 0
8116 0
8116 0
8116 7.3
8116 0
8116 0
8116 0
8116 0
8116 0
8116 0
8116 0
8116 0
8116 0
8116 0
8116 0
8116 0
8116 0
8116 0
8116 0
8116 0
8116 0
8116 0
8116 0
8116 0
8116 0
8116 0
8116 0
8116 0
8116 0
8116 0
8116 0
8116 0
8116 0
8117 0
8117 1.66
8117 0
8117 0
8117 0
8117 0
8117 0
8117 0
8117 0.79
8117 0
8117 0
8117 0
8117 0
8117 0
8117 0
8117 0
8117 0
8117 0
8117 0
8117 0
8117 0
8117 0
8117 0
8117 0
8117 47.07
8117 0
8117 0
8117 47.41
8117 0
8117 0
8117 0
8117 0
8117 0
8117 0
8117 0
8117 0
8117 0
8117 0
8118 0
8118 0
8118 0
8118 0
8118 0
8118 0
8118 0
8118 0
8118 0.99
8118 0
8118 0
8118 0
8118 0
8118 0
8118 0
8118 0
8118 0
8118 0
8118 0
8118 0
8118 0
8118 0
8118 0
8118 0
8118 45.88
8118 0
8118 0
8118 0
8118 0
8118 0
8118 0
8118 0
8118 0
8118 0
8118 0
8118 0
8118 0
8118 0
8119 0
8119 65.16
8119 0
8119 0
8119 0
8119 0
8119 0
8119 0
8119 61.06
8119 0
8119 0
8119 0
8119 50.39
8119 0
8119 0
8119 0
8119 0
8119 0
8119 0
8119 0
8119 0
8119 0
8119 0
8119 0
8119 47.27
8119 0
8119 0
8119 58.66
8119 0
8119 0
8119 0
8119 0
8119 0
8119 0
8119 0
8119 0
8119 0
8119 0
8169 0
8169 26.53
8169 0
8169 0
8169 0
8169 0
8169 0
8169 0
8169 47.03
8169 0
8169 0
8169 0
8169 44.68
8169 0
8169 0
8169 0
8169 0
8169 0
8169 0
8169 0
8169 0
8169 0
8169 0
8169 0
8169 0
8169 0
8169 0
8169 0
8169 0
8169 0
8169 0
8169 0
8169 0
8169 0
8169 0
8169 0
8169 0
8169 0
8170 0
8170 24.59
8170 0
8170 0
8170 0
8170 0
8170 0
8170 0
8170 35.05
8170 0
8170 0
8170 0
8170 38.32
8170 0
8170 0
8170 0
8170 0
8170 0
8170 0
8170 0
8170 0
8170 0
8170 0
8170 0
8170 0
8170 0
8170 0
8170 0
8170 0
8170 0
8170 0
8170 0
8170 0
8170 0
8170 0
8170 0
8170 0
8170 0
8175 0
8175 4.53
8175 0
8175 0
8175 0
8175 0
8175 0
8175 0
8175 1.25
8175 0
8175 0
8175 0
8175 56.61
8175 0
8175 0
8175 0
8175 0
8175 0
8175 0
8175 0
8175 0
8175 0
8175 0
8175 0
8175 41.44
8175 0
8175 0
8175 37.17
8175 0
8175 0
8175 0
8175 0
8175 0
8175 0
8175 0
8175 0
8175 0
8175 0
8178 0
8178 0
8178 0
8178 0
8178 0
8178 0
8178 0
8178 0
8178 27.2
8178 0
8178 0
8178 0
8178 33.17
8178 0
8178 0
8178 0
8178 0
8178 0
8178 0
8178 0
8178 0
8178 0
8178 0
8178 0
8178 0
8178 0
8178 0
8178 0
8178 0
8178 0
8178 55.77
8178 0
8178 0
8178 0
8178 0
8178 0
8178 0
8178 0
8225 0
8225 24.59
8225 0
8225 0
8225 0
8225 0
8225 0
8225 0
8225 35.05
8225 0
8225 0
8225 0
8225 38.32
8225 0
8225 0
8225 0
8225 0
8225 0
8225 0
8225 0
8225 0
8225 0
8225 0
8225 0
8225 0
8225 0
8225 0
8225 0
8225 0
8225 0
8225 0
8225 0
8225 0
8225 0
8225 0
8225 0
8225 0
8225 0
