pt_graph shape
9494 0
9494 0
9494 0.81
9494 0
9494 0
9494 0.8
9494 0
9494 0
9494 0
9494 0
9494 0
9494 0
9494 0
9494 0
9494 0
9494 0
9494 0
9494 0
9494 0
9494 0
9494 0
9494 26.93
9494 1.07
9494 0
9494 0
9494 0
9494 0
9494 0
9494 0
9494 0
9494 0
9494 0
9494 0
9494 0
9494 0
9494 0
9494 0
9494 0
9510 0
9510 0
9510 0.6
9510 0
9510 0
9510 2.15
9510 0
9510 0
9510 0
9510 0
9510 0
9510 0
9510 0
9510 0
9510 0
9510 0
9510 0
9510 0
9510 0
9510 0
9510 0
9510 28.62
9510 0
9510 0
9510 0
9510 0
9510 0
9510 0
9510 0
9510 0
9510 0
9510 0
9510 0
9510 0
9510 0
9510 0
9510 0
9510 0
9511 0
9511 0
9511 0.65
9511 0
9511 0
9511 1.78
9511 0
9511 0
9511 0
9511 0
9511 0
9511 0
9511 0
9511 0
9511 0
9511 0
9511 0
9511 0
9511 0
9511 0
9511 0
9511 1.24
9511 1.61
9511 0
9511 0
9511 0
9511 0
9511 0
9511 0
9511 0
9511 0
9511 0
9511 0
9511 0
9511 0
9511 0
9511 0
9511 0
9512 0
9512 0
9512 0.58
9512 0
9512 0
9512 1.67
9512 0
9512 0
9512 0
9512 0
9512 0
9512 0
9512 0
9512 0
9512 0
9512 0
9512 0
9512 0
9512 0
9512 0
9512 0
9512 0.87
9512 0.62
9512 0
9512 0
9512 0
9512 0
9512 0
9512 0
9512 0
9512 0
9512 0
9512 0
9512 0
9512 0
9512 0
9512 0
9512 0
9529 0
9529 0
9529 0.91
9529 0
9529 0
9529 2.86
9529 0
9529 0
9529 0
9529 0
9529 0
9529 0
9529 0
9529 0
9529 0
9529 0
9529 0
9529 0
9529 0
9529 0
9529 0
9529 2.15
9529 33.46
9529 0
9529 0
9529 0
9529 0
9529 0
9529 0
9529 0
9529 0
9529 0
9529 0
9529 0
9529 0
9529 0
9529 0
9529 0
9530 0
9530 0
9530 0.99
9530 0
9530 0
9530 0.86
9530 0
9530 0
9530 0
9530 0
9530 0
9530 0
9530 0
9530 0
9530 0
9530 0
9530 0
9530 0
9530 0
9530 0
9530 0
9530 81.51
9530 63.51
9530 0
9530 0
9530 0
9530 0
9530 0
9530 0
9530 0
9530 0
9530 0
9530 0
9530 0
9530 0
9530 0
9530 0
9530 0
9531 0
9531 0
9531 0.46
9531 0
9531 0
9531 1.07
9531 0
9531 0
9531 0
9531 0
9531 0
9531 0
9531 0
9531 0
9531 0
9531 0
9531 0
9531 0
9531 0
9531 0
9531 0
9531 82.89
9531 2.71
9531 0
9531 0
9531 0
9531 0
9531 0
9531 0
9531 0
9531 0
9531 0
9531 0
9531 0
9531 0
9531 0
9531 0
9531 0
9550 0
9550 0
9550 0.47
9550 0
9550 0
9550 1.08
9550 0
9550 0
9550 0
9550 0
9550 0
9550 0
9550 0
9550 0
9550 0
9550 0
9550 0
9550 0
9550 0
9550 0
9550 0
9550 1.84
9550 2.9
9550 0
9550 0
9550 0
9550 26.13
9550 0
9550 0
9550 0
9550 0
9550 0
9550 0
9550 0
9550 0
9550 0
9550 0
9550 0
9571 0
9571 0
9571 1.02
9571 0
9571 0
9571 1.02
9571 0
9571 0
9571 0
9571 0
9571 0
9571 0
9571 0
9571 0
9571 0
9571 0
9571 0
9571 0
9571 0
9571 0
9571 0
9571 18.15
9571 47.06
9571 0
9571 0
9571 0
9571 92.05
9571 0
9571 0
9571 0
9571 0
9571 0
9571 0
9571 0
9571 0
9571 0
9571 0
9571 0
