pt_graph shape
6880 0
6880 35.72
6880 0
6880 0
6880 0
6880 0
6880 0
6880 0
6880 0
6880 0
6880 0
6880 0
6880 0
6880 0
6880 0
6880 0
6880 0
6880 0
6880 0
6880 0
6880 0
6880 0
6880 0
6880 0
6880 0
6880 0
6880 0
6880 0
6880 0
6880 0
6880 0
6880 0
6880 0
6880 0
6880 0
6880 0
6880 0
6880 0
6881 0
6881 0.72
6881 0
6881 0
6881 0
6881 0
6881 0
6881 0
6881 0
6881 0
6881 0
6881 0
6881 0
6881 0
6881 0
6881 0
6881 0
6881 0
6881 0
6881 0
6881 0
6881 0
6881 0
6881 0
6881 0
6881 0
6881 0
6881 41.44
6881 0
6881 0
6881 0
6881 0
6881 0
6881 0
6881 0
6881 0
6881 0
6881 0
6951 0
6951 1.75
6951 0
6951 0
6951 0
6951 0
6951 0
6951 0
6951 0
6951 0
6951 0
6951 0
6951 0
6951 0
6951 0
6951 0
6951 0
6951 0
6951 0
6951 0
6951 0
6951 0
6951 0
6951 0
6951 0
6951 0
6951 0
6951 41.44
6951 0
6951 0
6951 0
6951 0
6951 0
6951 0
6951 0
6951 0
6951 0
6951 0
7023 0
7023 35.72
7023 0
7023 0
7023 0
7023 0
7023 0
7023 0
7023 0
7023 0
7023 0
7023 0
7023 0
7023 0
7023 0
7023 0
7023 0
7023 0
7023 0
7023 0
7023 0
7023 0
7023 0
7023 0
7023 0
7023 0
7023 0
7023 0
7023 0
7023 0
7023 0
7023 0
7023 0
7023 0
7023 0
7023 0
7023 0
7023 0
7024 0
7024 2.03
7024 0
7024 0
7024 0
7024 0
7024 0
7024 0
7024 0
7024 0
7024 0
7024 0
7024 0
7024 0
7024 0
7024 0
7024 0
7024 0
7024 0
7024 0
7024 0
7024 0
7024 0
7024 0
7024 0
7024 0
7024 0
7024 32.74
7024 0
7024 0
7024 0
7024 0
7024 0
7024 0
7024 0
7024 0
7024 0
7024 0
7094 0
7094 35.72
7094 0
7094 0
7094 0
7094 0
7094 0
7094 0
7094 0
7094 0
7094 0
7094 0
7094 0
7094 0
7094 0
7094 0
7094 0
7094 0
7094 0
7094 0
7094 0
7094 0
7094 0
7094 0
7094 0
7094 0
7094 0
7094 0
7094 0
7094 0
7094 0
7094 0
7094 0
7094 0
7094 0
7094 0
7094 0
7094 0
7095 0
7095 0.78
7095 0
7095 0
7095 0
7095 0
7095 0
7095 0
7095 0
7095 0
7095 0
7095 0
7095 0
7095 0
7095 0
7095 0
7095 0
7095 0
7095 0
7095 0
7095 0
7095 0
7095 0
7095 0
7095 0
7095 0
7095 0
7095 32.74
7095 0
7095 0
7095 0
7095 0
7095 0
7095 0
7095 0
7095 0
7095 0
7095 0
7162 0
7162 0.58
7162 0
7162 0
7162 0
7162 0
7162 0
7162 0
7162 0
7162 0
7162 0
7162 0
7162 0
7162 0
7162 0
7162 0
7162 0
7162 0
7162 0
7162 0
7162 0
7162 0
7162 0
7162 0
7162 0
7162 0
7162 0
7162 0
7162 0
7162 0
7162 0
7162 0
7162 0
7162 0
7162 0
7162 0
7162 0
7162 0
7165 0
7165 0.75
7165 0
7165 0
7165 0
7165 0
7165 0
7165 0
7165 0
7165 0
7165 0
7165 0
7165 0
7165 0
7165 0
7165 0
7165 0
7165 0
7165 0
7165 0
7165 0
7165 0
7165 0
7165 0
7165 0
7165 0
7165 0
7165 48.39
7165 0
7165 0
7165 0
7165 0
7165 0
7165 0
7165 0
7165 0
7165 0
7165 0
7227 0
7227 35.72
7227 0
7227 0
7227 0
7227 0
7227 0
7227 0
7227 0
7227 0
7227 0
7227 0
7227 0
7227 0
7227 0
7227 0
7227 0
7227 0
7227 0
7227 0
7227 0
7227 0
7227 0
7227 0
7227 0
7227 0
7227 0
7227 0
7227 0
7227 0
7227 0
7227 0
7227 0
7227 0
7227 0
7227 0
7227 0
7227 0
7228 0
7228 0.54
7228 0
7228 0
7228 0
7228 0
7228 0
7228 0
7228 0
7228 0
7228 0
7228 0
7228 0
7228 0
7228 0
7228 0
7228 0
7228 0
7228 0
7228 0
7228 0
7228 0
7228 0
7228 0
7228 0
7228 0
7228 0
7228 0
7228 0
7228 0
7228 0
7228 0
7228 0
7228 0
7228 0
7228 0
7228 0
7228 0
7229 0
7229 0.76
7229 0
7229 0
7229 0
7229 0
7229 0
7229 0
7229 0
7229 0
7229 0
7229 0
7229 0
7229 0
7229 0
7229 0
7229 0
7229 0
7229 0
7229 0
7229 0
7229 0
7229 0
7229 0
7229 0
7229 0
7229 0
7229 36.06
7229 0
7229 0
7229 0
7229 0
7229 0
7229 0
7229 0
7229 0
7229 0
7229 0
7230 0
7230 0.76
7230 0
7230 0
7230 0
7230 0
7230 0
7230 0
7230 0
7230 0
7230 0
7230 0
7230 0
7230 0
7230 0
7230 0
7230 0
7230 0
7230 0
7230 0
7230 0
7230 0
7230 0
7230 0
7230 0
7230 0
7230 0
7230 0
7230 0
7230 0
7230 0
7230 0
7230 0
7230 0
7230 0
7230 0
7230 0
7230 0
7231 0
7231 0.7
7231 0
7231 0
7231 0
7231 0
7231 0
7231 0
7231 0
7231 0
7231 0
7231 0
7231 0
7231 0
7231 0
7231 0
7231 0
7231 0
7231 0
7231 0
7231 0
7231 0
7231 0
7231 0
7231 30.47
7231 0
7231 0
7231 12.98
7231 0
7231 0
7231 0
7231 0
7231 0
7231 0
7231 0
7231 0
7231 0
7231 0
7232 0
7232 0.52
7232 0
7232 0
7232 0
7232 0
7232 0
7232 0
7232 0
7232 0
7232 0
7232 0
7232 0
7232 0
7232 0
7232 0
7232 0
7232 0
7232 0
7232 0
7232 0
7232 0
7232 0
7232 0
7232 30.47
7232 0
7232 0
7232 41.44
7232 0
7232 0
7232 0
7232 0
7232 0
7232 0
7232 0
7232 0
7232 0
7232 0
7297 0
7297 4.27
7297 0
7297 0
7297 0
7297 0
7297 0
7297 0
7297 0
7297 0
7297 0
7297 0
7297 0
7297 0
7297 0
7297 0
7297 0
7297 0
7297 0
7297 0
7297 0
7297 0
7297 0
7297 0
7297 0
7297 0
7297 0
7297 38.63
7297 0
7297 0
7297 0
7297 0
7297 0
7297 0
7297 0
7297 0
7297 0
7297 0
7298 0
7298 41.49
7298 0
7298 0
7298 0
7298 0
7298 0
7298 0
7298 0
7298 0
7298 0
7298 0
7298 0
7298 0
7298 0
7298 0
7298 0
7298 0
7298 0
7298 0
7298 0
7298 0
7298 0
7298 0
7298 0
7298 0
7298 0
7298 0
7298 0
7298 0
7298 0
7298 0
7298 0
7298 0
7298 0
7298 0
7298 0
7298 0
7299 0
7299 41.49
7299 0
7299 0
7299 0
7299 0
7299 0
7299 0
7299 0
7299 0
7299 0
7299 0
7299 0
7299 0
7299 0
7299 0
7299 0
7299 0
7299 0
7299 0
7299 0
7299 0
7299 0
7299 0
7299 0
7299 0
7299 0
7299 0
7299 0
7299 0
7299 0
7299 0
7299 0
7299 0
7299 0
7299 0
7299 0
7299 0
7370 0
7370 21.6
7370 0
7370 0
7370 0
7370 0
7370 0
7370 0
7370 0
7370 0
7370 0
7370 0
7370 0
7370 0
7370 0
7370 0
7370 0
7370 0
7370 0
7370 0
7370 0
7370 0
7370 0
7370 0
7370 0
7370 0
7370 0
7370 0
7370 0
7370 0
7370 0
7370 0
7370 0
7370 0
7370 0
7370 0
7370 0
7370 0
7371 0
7371 1.81
7371 0
7371 0
7371 0
7371 0
7371 0
7371 0
7371 0
7371 0
7371 0
7371 0
7371 0
7371 0
7371 0
7371 0
7371 0
7371 0
7371 0
7371 0
7371 0
7371 0
7371 0
7371 0
7371 0
7371 0
7371 0
7371 41.19
7371 0
7371 0
7371 35.7
7371 0
7371 0
7371 0
7371 0
7371 0
7371 0
7371 0
7372 0
7372 1.69
7372 0
7372 0
7372 0
7372 0
7372 0
7372 0
7372 0
7372 0
7372 0
7372 0
7372 0
7372 0
7372 0
7372 0
7372 0
7372 0
7372 0
7372 0
7372 0
7372 0
7372 0
7372 0
7372 0
7372 0
7372 0
7372 0
7372 0
7372 0
7372 0
7372 0
7372 0
7372 0
7372 0
7372 0
7372 0
7372 0
7431 0
7431 35.72
7431 0
7431 0
7431 0
7431 0
7431 0
7431 0
7431 0
7431 0
7431 0
7431 0
7431 0
7431 0
7431 0
7431 0
7431 0
7431 0
7431 0
7431 0
7431 0
7431 0
7431 0
7431 0
7431 0
7431 0
7431 0
7431 0
7431 0
7431 0
7431 0
7431 0
7431 0
7431 0
7431 0
7431 0
7431 0
7431 0
7436 0
7436 45.88
7436 0
7436 0
7436 0
7436 0
7436 0
7436 0
7436 0
7436 0
7436 0
7436 0
7436 0
7436 0
7436 0
7436 0
7436 0
7436 0
7436 0
7436 0
7436 0
7436 0
7436 0
7436 0
7436 0
7436 0
7436 0
7436 0
7436 0
7436 0
7436 0
7436 0
7436 0
7436 0
7436 0
7436 0
7436 0
7436 0
7441 0
7441 21.6
7441 0
7441 0
7441 0
7441 0
7441 0
7441 0
7441 0
7441 0
7441 0
7441 0
7441 0
7441 0
7441 0
7441 0
7441 0
7441 0
7441 0
7441 0
7441 0
7441 0
7441 0
7441 0
7441 0
7441 0
7441 0
7441 0
7441 0
7441 0
7441 0
7441 0
7441 0
7441 0
7441 0
7441 0
7441 0
7441 0
7496 0
7496 0.95
7496 0
7496 0
7496 0
7496 0
7496 0
7496 0
7496 0
7496 0
7496 0
7496 0
7496 0
7496 0
7496 0
7496 0
7496 0
7496 0
7496 0
7496 0
7496 0
7496 0
7496 0
7496 0
7496 0
7496 0
7496 0
7496 34.8
7496 0
7496 0
7496 0
7496 0
7496 0
7496 0
7496 0
7496 0
7496 0
7496 0
7497 0
7497 35.72
7497 0
7497 0
7497 0
7497 0
7497 0
7497 0
7497 0
7497 0
7497 0
7497 0
7497 0
7497 0
7497 0
7497 0
7497 0
7497 0
7497 0
7497 0
7497 0
7497 0
7497 0
7497 0
7497 0
7497 0
7497 0
7497 0
7497 0
7497 0
7497 0
7497 0
7497 0
7497 0
7497 0
7497 0
7497 0
7497 0
7498 0
7498 41.49
7498 0
7498 0
7498 0
7498 0
7498 0
7498 0
7498 0
7498 0
7498 0
7498 0
7498 0
7498 0
7498 0
7498 0
7498 0
7498 0
7498 0
7498 0
7498 0
7498 0
7498 0
7498 0
7498 0
7498 0
7498 0
7498 0
7498 0
7498 0
7498 0
7498 0
7498 0
7498 0
7498 0
7498 0
7498 0
7498 0
7502 0
7502 35.72
7502 0
7502 0
7502 0
7502 0
7502 0
7502 0
7502 0
7502 0
7502 0
7502 0
7502 0
7502 0
7502 0
7502 0
7502 0
7502 0
7502 0
7502 0
7502 0
7502 0
7502 0
7502 0
7502 0
7502 0
7502 0
7502 0
7502 0
7502 0
7502 0
7502 0
7502 0
7502 0
7502 0
7502 0
7502 0
7502 0
7503 0
7503 0.41
7503 0
7503 0
7503 0
7503 0
7503 0
7503 0
7503 0
7503 0
7503 0
7503 0
7503 0
7503 0
7503 0
7503 0
7503 0
7503 0
7503 0
7503 0
7503 0
7503 0
7503 0
7503 0
7503 0
7503 0
7503 0
7503 0
7503 0
7503 0
7503 0
7503 0
7503 0
7503 0
7503 0
7503 0
7503 0
7503 0
7573 0
7573 70.87
7573 0
7573 0
7573 0
7573 0
7573 0
7573 0
7573 0
7573 0
7573 0
7573 0
7573 0
7573 0
7573 0
7573 0
7573 0
7573 0
7573 0
7573 0
7573 0
7573 0
7573 0
7573 0
7573 0
7573 0
7573 0
7573 0
7573 0
7573 0
7573 0
7573 0
7573 0
7573 0
7573 0
7573 0
7573 0
7573 0
