pt_graph shape
1528 0
1528 0
1528 0
1528 1.48
1528 0
1528 0
1528 0
1528 0
1528 0
1528 0
1528 0
1528 0
1528 0
1528 0
1528 0
1528 0
1528 0
1528 0
1528 0
1528 0
1528 0
1528 0
1528 0
1528 0
1528 0
1528 0
1528 0
1528 0
1528 0
1528 0
1528 0
1528 0
1528 0
1528 0
1528 0
1528 0
1528 0
1528 0
1530 0
1530 0
1530 0
1530 5.49
1530 0
1530 0
1530 0
1530 1.46
1530 0
1530 0
1530 0
1530 0
1530 0
1530 0
1530 0
1530 0
1530 0
1530 0
1530 0
1530 0
1530 0
1530 0
1530 0
1530 0
1530 0
1530 0
1530 0
1530 0
1530 0
1530 0
1530 0
1530 0
1530 0
1530 0
1530 0
1530 0
1530 0
1530 0
2235 0
2235 0
2235 0
2235 5.49
2235 0
2235 0
2235 0
2235 1.47
2235 0
2235 0
2235 0
2235 0
2235 0
2235 0
2235 0
2235 0
2235 0
2235 0
2235 0
2235 0
2235 0
2235 0
2235 0
2235 0
2235 0
2235 0
2235 0
2235 0
2235 0
2235 0
2235 0
2235 0
2235 0
2235 0
2235 0
2235 0
2235 0
2235 0
2237 0
2237 0
2237 0
2237 1.46
2237 0
2237 0
2237 0
2237 0
2237 0
2237 0
2237 0
2237 0
2237 0
2237 0
2237 0
2237 0
2237 0
2237 0
2237 0
2237 0
2237 0
2237 0
2237 0
2237 0
2237 0
2237 0
2237 0
2237 0
2237 0
2237 0
2237 0
2237 0
2237 0
2237 0
2237 0
2237 0
2237 0
2237 0
2319 0
2319 0
2319 0
2319 1.46
2319 0
2319 0
2319 0
2319 1.48
2319 0
2319 0
2319 0
2319 0
2319 0
2319 0
2319 0
2319 0
2319 0
2319 0
2319 0
2319 0
2319 0
2319 0
2319 0
2319 0
2319 0
2319 0
2319 0
2319 0
2319 0
2319 0
2319 0
2319 0
2319 0
2319 0
2319 0
2319 0
2319 0
2319 0
2320 0
2320 0
2320 0
2320 2.98
2320 0
2320 0
2320 0
2320 0.93
2320 0
2320 0
2320 0
2320 0
2320 0
2320 0
2320 0
2320 0
2320 0
2320 0
2320 0
2320 0
2320 0
2320 0
2320 0
2320 0
2320 0
2320 0
2320 0
2320 0
2320 0
2320 0
2320 0
2320 0
2320 0
2320 0
2320 0
2320 0
2320 0
2320 0
2323 0
2323 0
2323 0
2323 5.49
2323 0
2323 0
2323 0
2323 1.46
2323 0
2323 0
2323 0
2323 0
2323 0
2323 0
2323 0
2323 0
2323 0
2323 0
2323 0
2323 0
2323 0
2323 0
2323 0
2323 0
2323 0
2323 0
2323 0
2323 0
2323 0
2323 0
2323 0
2323 0
2323 0
2323 0
2323 0
2323 0
2323 0
2323 0
2324 0
2324 0
2324 0
2324 5.49
2324 0
2324 0
2324 0
2324 1.46
2324 0
2324 0
2324 0
2324 0
2324 0
2324 0
2324 0
2324 0
2324 0
2324 0
2324 0
2324 0
2324 0
2324 0
2324 0
2324 0
2324 0
2324 0
2324 0
2324 0
2324 0
2324 0
2324 0
2324 0
2324 0
2324 0
2324 0
2324 0
2324 0
2324 0
2406 0
2406 0
2406 0
2406 0
2406 0
2406 0
2406 0
2406 0
2406 0
2406 0
2406 0
2406 0
2406 0
2406 0
2406 0
2406 0
2406 0
2406 0
2406 0
2406 0
2406 0
2406 0
2406 0
2406 0
2406 0
2406 0
2406 0
2406 0
2406 0
2406 0
2406 0
2406 0
2406 0
2406 0
2406 0
2406 0
2406 0
2406 0
2408 0
2408 0
2408 0
2408 2
2408 0
2408 0
2408 0
2408 0.93
2408 0
2408 0
2408 0
2408 0
2408 0
2408 0
2408 0
2408 0
2408 0
2408 0
2408 0
2408 0
2408 0
2408 0
2408 0
2408 0
2408 0
2408 0
2408 0
2408 0
2408 0
2408 0
2408 0
2408 0
2408 0
2408 0
2408 0
2408 0
2408 0
2408 0
2409 0
2409 0
2409 0
2409 5.49
2409 0
2409 0
2409 0
2409 1.46
2409 0
2409 0
2409 0
2409 0
2409 0
2409 0
2409 0
2409 0
2409 0
2409 0
2409 0
2409 0
2409 0
2409 0
2409 0
2409 0
2409 0
2409 0
2409 0
2409 0
2409 0
2409 0
2409 0
2409 0
2409 0
2409 0
2409 0
2409 0
2409 0
2409 0
2487 0
2487 0
2487 0
2487 0
2487 0
2487 0
2487 0
2487 0
2487 0
2487 0
2487 0
2487 0
2487 0
2487 0
2487 0
2487 0
2487 0
2487 0
2487 0
2487 0
2487 0
2487 0
2487 0
2487 0
2487 0
2487 0
2487 0
2487 0
2487 0
2487 0
2487 0
2487 0
2487 0
2487 0
2487 0
2487 0
2487 0
2487 0
2488 0
2488 0
2488 0
2488 2.74
2488 0
2488 0
2488 0
2488 0.71
2488 0
2488 0
2488 0
2488 0
2488 0
2488 0
2488 0
2488 0
2488 0
2488 0
2488 0
2488 0
2488 0
2488 0
2488 0
2488 0
2488 0
2488 0
2488 0
2488 0
2488 0
2488 0
2488 0
2488 0
2488 0
2488 0
2488 0
2488 0
2488 0
2488 0
2489 0
2489 0
2489 0
2489 1.46
2489 0
2489 0
2489 0
2489 0
2489 0
2489 0
2489 0
2489 0
2489 0
2489 0
2489 0
2489 0
2489 0
2489 0
2489 0
2489 0
2489 0
2489 0
2489 0
2489 0
2489 0
2489 0
2489 0
2489 0
2489 0
2489 0
2489 0
2489 0
2489 0
2489 0
2489 0
2489 0
2489 0
2489 0
2490 0
2490 0
2490 0
2490 0
2490 0
2490 0
2490 0
2490 0
2490 0
2490 0
2490 0
2490 0
2490 0
2490 0
2490 0
2490 0
2490 0
2490 0
2490 0
2490 0
2490 0
2490 0
2490 0
2490 0
2490 0
2490 0
2490 0
2490 0
2490 0
2490 0
2490 0
2490 0
2490 0
2490 0
2490 0
2490 0
2490 0
2490 0
2498 0
2498 0
2498 0
2498 0
2498 0
2498 0
2498 0
2498 0
2498 0
2498 0
2498 0
2498 0
2498 0
2498 0
2498 0
2498 0
2498 0
2498 0
2498 0
2498 0
2498 0
2498 0
2498 0
2498 0
2498 0
2498 0
2498 0
2498 0
2498 0
2498 0
2498 0
2498 0
2498 0
2498 0
2498 0
2498 0
2498 0
2498 0
2573 0
2573 0
2573 0
2573 5.49
2573 0
2573 0
2573 0
2573 1.46
2573 0
2573 0
2573 0
2573 0
2573 0
2573 0
2573 0
2573 0
2573 0
2573 0
2573 0
2573 0
2573 0
2573 0
2573 0
2573 0
2573 0
2573 0
2573 0
2573 0
2573 0
2573 0
2573 0
2573 0
2573 0
2573 0
2573 0
2573 0
2573 0
2573 0
2574 0
2574 0
2574 0
2574 2.89
2574 0
2574 0
2574 0
2574 0.88
2574 0
2574 0
2574 0
2574 0
2574 0
2574 0
2574 0
2574 0
2574 0
2574 0
2574 0
2574 0
2574 0
2574 0
2574 0
2574 0
2574 0
2574 0
2574 0
2574 0
2574 0
2574 0
2574 0
2574 0
2574 0
2574 0
2574 0
2574 0
2574 0
2574 0
2575 0
2575 0
2575 0
2575 1.46
2575 0
2575 0
2575 0
2575 1.46
2575 0
2575 0
2575 0
2575 0
2575 0
2575 0
2575 0
2575 0
2575 0
2575 0
2575 0
2575 0
2575 0
2575 0
2575 0
2575 0
2575 0
2575 0
2575 0
2575 0
2575 0
2575 0
2575 0
2575 0
2575 0
2575 0
2575 0
2575 0
2575 0
2575 0
2660 0
2660 0
2660 0
2660 5.49
2660 0
2660 0
2660 0
2660 1.48
2660 0
2660 0
2660 0
2660 0
2660 0
2660 0
2660 0
2660 0
2660 0
2660 0
2660 0
2660 0
2660 0
2660 0
2660 0
2660 0
2660 0
2660 0
2660 0
2660 0
2660 0
2660 0
2660 0
2660 0
2660 0
2660 0
2660 0
2660 0
2660 0
2660 0
3049 0
3049 0
3049 0
3049 0
3049 0
3049 0
3049 0
3049 0
3049 0
3049 0
3049 0
3049 0
3049 0
3049 0
3049 0
3049 0
3049 0
3049 0
3049 0
3049 0
3049 0
3049 0
3049 0
3049 0
3049 0
3049 0
3049 0
3049 0
3049 0
3049 0
3049 0
3049 0
3049 0
3049 0
3049 0
3049 0
3049 0
3049 0
3050 0
3050 0
3050 0
3050 0
3050 0
3050 0
3050 0
3050 0
3050 0
3050 0
3050 0
3050 0
3050 0
3050 0
3050 0
3050 0
3050 0
3050 0
3050 0
3050 0
3050 0
3050 0
3050 0
3050 0
3050 0
3050 0
3050 0
3050 0
3050 0
3050 0
3050 0
3050 0
3050 0
3050 0
3050 0
3050 0
3050 0
3050 0
3054 0
3054 0
3054 0
3054 0
3054 0
3054 0
3054 0
3054 0
3054 0
3054 0
3054 0
3054 0
3054 0
3054 0
3054 0
3054 0
3054 0
3054 0
3054 0
3054 0
3054 0
3054 0
3054 0
3054 0
3054 0
3054 0
3054 0
3054 0
3054 0
3054 0
3054 0
3054 0
3054 0
3054 0
3054 0
3054 0
3054 0
3054 0
3141 0
3141 0
3141 0
3141 0
3141 0
3141 0
3141 0
3141 0
3141 0
3141 0
3141 0
3141 0
3141 0
3141 0
3141 0
3141 0
3141 0
3141 0
3141 0
3141 0
3141 0
3141 0
3141 0
3141 0
3141 0
3141 0
3141 0
3141 0
3141 0
3141 0
3141 0
3141 0
3141 0
3141 0
3141 0
3141 0
3141 0
3141 0
3142 0
3142 0
3142 0
3142 0
3142 0
3142 0
3142 0
3142 0
3142 0
3142 0
3142 0
3142 0
3142 0
3142 0
3142 0
3142 0
3142 0
3142 0
3142 0
3142 0
3142 0
3142 0
3142 0
3142 0
3142 0
3142 0
3142 0
3142 0
3142 0
3142 0
3142 0
3142 0
3142 0
3142 0
3142 0
3142 0
3142 0
3142 0
3332 0
3332 0
3332 0
3332 5.49
3332 0
3332 0
3332 0
3332 0
3332 0
3332 0
3332 0
3332 0
3332 0
3332 0
3332 0
3332 0
3332 0
3332 0
3332 0
3332 0
3332 0
3332 0
3332 0
3332 0
3332 0
3332 0
3332 0
3332 0
3332 0
3332 0
3332 0
3332 0
3332 0
3332 0
3332 0
3332 0
3332 0
3332 0
3416 0
3416 0
3416 0
3416 0
3416 5.49
3416 0
3416 0
3416 0
3416 0
3416 0
3416 0
3416 0
3416 0
3416 0
3416 0
3416 0
3416 0
3416 0
3416 0
3416 0
3416 0
3416 0
3416 0
3416 0
3416 0
3416 0
3416 0
3416 0
3416 0
3416 0
3416 0
3416 0
3416 0
3416 0
3416 0
3416 0
3416 0
3416 0
4728 0
4728 0
4728 0
4728 5.49
4728 0
4728 0
4728 0
4728 1.48
4728 0
4728 0
4728 0
4728 0
4728 0
4728 0
4728 0
4728 0
4728 0
4728 0
4728 0
4728 0
4728 0
4728 0
4728 0
4728 0
4728 0
4728 0
4728 0
4728 0
4728 0
4728 0
4728 0
4728 0
4728 0
4728 0
4728 0
4728 0
4728 0
4728 0
4814 0
4814 0
4814 0
4814 1.46
4814 0
4814 0
4814 1.59
4814 0
4814 0
4814 0
4814 0
4814 0
4814 0
4814 0
4814 0
4814 0
4814 0
4814 0
4814 0
4814 0
4814 0
4814 0
4814 0
4814 0
4814 0
4814 0
4814 0
4814 0
4814 0
4814 0
4814 0
4814 0
4814 0
4814 0
4814 0
4814 0
4814 0
4814 0
4816 0
4816 0
4816 0
4816 2.4
4816 0
4816 0
4816 0
4816 0.91
4816 0
4816 0
4816 0
4816 0
4816 0
4816 0
4816 0
4816 0
4816 0
4816 0
4816 0
4816 0
4816 0
4816 0
4816 0
4816 0
4816 0
4816 0
4816 0
4816 0
4816 0
4816 0
4816 0
4816 0
4816 0
4816 0
4816 0
4816 0
4816 0
4816 0
4817 0
4817 0
4817 0
4817 1.4
4817 0
4817 0
4817 0
4817 0.57
4817 0
4817 0
4817 0
4817 0
4817 0
4817 0
4817 0
4817 0
4817 0
4817 0
4817 0
4817 0
4817 0
4817 0
4817 0
4817 0
4817 0
4817 0
4817 0
4817 0
4817 0
4817 0
4817 0
4817 0
4817 0
4817 0
4817 0
4817 0
4817 0
4817 0
4818 0
4818 0
4818 0
4818 1.46
4818 0
4818 0
4818 0
4818 1.47
4818 0
4818 0
4818 0
4818 0
4818 0
4818 0
4818 0
4818 0
4818 0
4818 0
4818 0
4818 0
4818 0
4818 0
4818 0
4818 0
4818 0
4818 0
4818 0
4818 0
4818 0
4818 0
4818 0
4818 0
4818 0
4818 0
4818 0
4818 0
4818 0
4818 0
4901 0
4901 0
4901 0
4901 2.61
4901 0
4901 0
4901 0
4901 1.54
4901 0
4901 0
4901 0
4901 0
4901 0
4901 0
4901 0
4901 0
4901 0
4901 0
4901 0
4901 0
4901 0
4901 0
4901 0
4901 0
4901 0
4901 0
4901 0
4901 0
4901 0
4901 0
4901 0
4901 0
4901 0
4901 0
4901 0
4901 0
4901 0
4901 0
4902 0
4902 0
4902 0
4902 1.56
4902 0
4902 0
4902 0
4902 0.73
4902 0
4902 0
4902 0
4902 0
4902 0
4902 0
4902 0
4902 0
4902 0
4902 0
4902 0
4902 0
4902 0
4902 0
4902 0
4902 0
4902 0
4902 0
4902 0
4902 0
4902 0
4902 0
4902 0
4902 0
4902 0
4902 0
4902 0
4902 0
4902 0
4902 0
4985 0
4985 0
4985 0
4985 1.46
4985 0
4985 0
4985 0
4985 1.59
4985 0
4985 0
4985 0
4985 0
4985 0
4985 0
4985 0
4985 0
4985 0
4985 0
4985 0
4985 0
4985 0
4985 0
4985 0
4985 0
4985 0
4985 0
4985 0
4985 0
4985 0
4985 0
4985 0
4985 0
4985 0
4985 0
4985 0
4985 0
4985 0
4985 0
4986 0
4986 0
4986 0
4986 0.93
4986 0
4986 0
4986 0
4986 0.94
4986 0
4986 0
4986 0
4986 0
4986 0
4986 0
4986 0
4986 0
4986 0
4986 0
4986 0
4986 0
4986 0
4986 0
4986 0
4986 0
4986 0
4986 0
4986 0
4986 0
4986 0
4986 0
4986 0
4986 0
4986 0
4986 0
4986 0
4986 0
4986 0
4986 0
5069 0
5069 0
5069 0
5069 5.49
5069 0
5069 0
5069 0
5069 1.46
5069 0
5069 0
5069 0
5069 0
5069 0
5069 0
5069 0
5069 0
5069 0
5069 0
5069 0
5069 0
5069 0
5069 0
5069 0
5069 0
5069 0
5069 0
5069 0
5069 0
5069 0
5069 0
5069 0
5069 0
5069 0
5069 0
5069 0
5069 0
5069 0
5069 0
