pt_graph scale
5393 0
5393 73
5393 0
5393 0
5393 0
5393 0
5393 0
5393 0
5393 0
5393 0
5393 0
5393 0
5393 0
5393 0
5393 0
5393 0
5393 0
5393 0
5393 0
5393 0
5393 0
5393 0
5393 0
5393 0
5393 0
5393 0
5393 0
5393 1
5393 0
5393 0
5393 2
5393 0
5393 0
5393 0
5393 0
5393 0
5393 0
5393 0
5483 0
5483 2
5483 0
5483 0
5483 0
5483 0
5483 0
5483 0
5483 0
5483 0
5483 0
5483 0
5483 0
5483 0
5483 0
5483 0
5483 0
5483 0
5483 0
5483 0
5483 0
5483 0
5483 0
5483 0
5483 0
5483 0
5483 0
5483 2
5483 0
5483 0
5483 2
5483 0
5483 0
5483 0
5483 0
5483 0
5483 0
5483 0
5484 0
5484 3
5484 0
5484 0
5484 0
5484 0
5484 0
5484 0
5484 0
5484 0
5484 0
5484 0
5484 0
5484 0
5484 0
5484 0
5484 0
5484 0
5484 0
5484 0
5484 0
5484 0
5484 0
5484 0
5484 0
5484 0
5484 0
5484 1
5484 0
5484 0
5484 0
5484 0
5484 0
5484 0
5484 0
5484 0
5484 0
5484 0
5567 0
5567 1
5567 0
5567 0
5567 0
5567 0
5567 0
5567 0
5567 0
5567 0
5567 0
5567 0
5567 0
5567 0
5567 0
5567 0
5567 0
5567 0
5567 0
5567 0
5567 0
5567 0
5567 0
5567 0
5567 0
5567 0
5567 0
5567 0
5567 0
5567 0
5567 0
5567 0
5567 0
5567 0
5567 0
5567 0
5567 0
5567 0
5568 0
5568 4
5568 0
5568 0
5568 0
5568 0
5568 0
5568 0
5568 0
5568 0
5568 0
5568 0
5568 0
5568 0
5568 0
5568 0
5568 0
5568 0
5568 0
5568 0
5568 0
5568 0
5568 0
5568 0
5568 0
5568 0
5568 0
5568 1
5568 0
5568 0
5568 1
5568 0
5568 0
5568 0
5568 0
5568 0
5568 0
5568 0
5569 0
5569 7
5569 0
5569 0
5569 0
5569 0
5569 0
5569 0
5569 0
5569 0
5569 0
5569 0
5569 0
5569 0
5569 0
5569 0
5569 0
5569 0
5569 0
5569 0
5569 0
5569 0
5569 0
5569 0
5569 0
5569 0
5569 0
5569 1
5569 0
5569 0
5569 1
5569 0
5569 0
5569 0
5569 0
5569 0
5569 0
5569 0
5570 0
5570 9
5570 0
5570 0
5570 0
5570 0
5570 0
5570 0
5570 0
5570 0
5570 0
5570 0
5570 0
5570 0
5570 0
5570 0
5570 0
5570 0
5570 0
5570 0
5570 0
5570 0
5570 0
5570 0
5570 0
5570 0
5570 0
5570 2
5570 0
5570 0
5570 0
5570 0
5570 0
5570 0
5570 0
5570 0
5570 0
5570 0
5644 0
5644 7
5644 0
5644 0
5644 0
5644 0
5644 0
5644 0
5644 0
5644 0
5644 0
5644 0
5644 0
5644 0
5644 0
5644 0
5644 0
5644 0
5644 0
5644 0
5644 0
5644 0
5644 0
5644 0
5644 0
5644 0
5644 0
5644 0
5644 0
5644 0
5644 1
5644 0
5644 0
5644 0
5644 0
5644 0
5644 0
5644 0
5645 0
5645 4
5645 0
5645 0
5645 0
5645 0
5645 0
5645 0
5645 0
5645 0
5645 0
5645 0
5645 0
5645 0
5645 0
5645 0
5645 0
5645 0
5645 0
5645 0
5645 0
5645 0
5645 0
5645 0
5645 0
5645 0
5645 0
5645 1
5645 0
5645 0
5645 0
5645 0
5645 0
5645 0
5645 0
5645 0
5645 0
5645 0
5646 0
5646 2
5646 0
5646 0
5646 0
5646 0
5646 0
5646 0
5646 0
5646 0
5646 0
5646 0
5646 0
5646 0
5646 0
5646 0
5646 0
5646 0
5646 0
5646 0
5646 0
5646 0
5646 0
5646 0
5646 0
5646 0
5646 0
5646 1
5646 0
5646 0
5646 1
5646 0
5646 0
5646 0
5646 0
5646 0
5646 0
5646 0
5724 0
5724 10
5724 0
5724 0
5724 0
5724 0
5724 0
5724 0
5724 0
5724 0
5724 0
5724 0
5724 0
5724 0
5724 0
5724 0
5724 0
5724 0
5724 0
5724 0
5724 0
5724 0
5724 0
5724 0
5724 0
5724 0
5724 0
5724 0
5724 0
5724 0
5724 1
5724 0
5724 0
5724 0
5724 0
5724 0
5724 0
5724 0
5725 0
5725 5
5725 0
5725 0
5725 0
5725 0
5725 0
5725 0
5725 0
5725 0
5725 0
5725 0
5725 0
5725 0
5725 0
5725 0
5725 0
5725 0
5725 0
5725 0
5725 0
5725 0
5725 0
5725 0
5725 0
5725 0
5725 0
5725 0
5725 0
5725 0
5725 1
5725 0
5725 0
5725 0
5725 0
5725 0
5725 0
5725 0
5726 0
5726 2
5726 0
5726 0
5726 0
5726 0
5726 0
5726 0
5726 0
5726 0
5726 0
5726 0
5726 0
5726 0
5726 0
5726 0
5726 0
5726 0
5726 0
5726 0
5726 0
5726 0
5726 0
5726 0
5726 0
5726 0
5726 0
5726 0
5726 0
5726 0
5726 1
5726 0
5726 0
5726 0
5726 0
5726 0
5726 0
5726 0
5800 0
5800 3
5800 0
5800 0
5800 0
5800 0
5800 0
5800 0
5800 0
5800 0
5800 0
5800 0
5800 0
5800 0
5800 0
5800 0
5800 0
5800 0
5800 0
5800 0
5800 0
5800 0
5800 0
5800 0
5800 0
5800 0
5800 0
5800 0
5800 0
5800 0
5800 1
5800 0
5800 0
5800 0
5800 0
5800 0
5800 0
5800 0
5801 0
5801 2
5801 0
5801 0
5801 0
5801 0
5801 0
5801 0
5801 0
5801 0
5801 0
5801 0
5801 0
5801 0
5801 0
5801 0
5801 0
5801 0
5801 0
5801 0
5801 0
5801 0
5801 0
5801 0
5801 0
5801 0
5801 0
5801 0
5801 0
5801 0
5801 1
5801 0
5801 0
5801 0
5801 0
5801 0
5801 0
5801 0
5873 0
5873 7
5873 0
5873 0
5873 0
5873 0
5873 0
5873 0
5873 0
5873 0
5873 0
5873 0
5873 0
5873 0
5873 0
5873 0
5873 0
5873 0
5873 0
5873 0
5873 0
5873 0
5873 0
5873 0
5873 0
5873 0
5873 0
5873 0
5873 0
5873 0
5873 2
5873 0
5873 0
5873 0
5873 0
5873 0
5873 0
5873 0
6110 0
6110 1
6110 0
6110 0
6110 0
6110 0
6110 0
6110 0
6110 0
6110 0
6110 0
6110 0
6110 0
6110 0
6110 0
6110 0
6110 0
6110 0
6110 0
6110 0
6110 0
6110 0
6110 0
6110 0
6110 0
6110 0
6110 0
6110 2
6110 0
6110 0
6110 0
6110 0
6110 0
6110 0
6110 0
6110 0
6110 0
6110 0
6111 0
6111 14
6111 0
6111 0
6111 0
6111 0
6111 0
6111 0
6111 0
6111 0
6111 0
6111 0
6111 0
6111 0
6111 0
6111 0
6111 0
6111 0
6111 0
6111 0
6111 0
6111 0
6111 0
6111 0
6111 0
6111 0
6111 0
6111 2
6111 0
6111 0
6111 1
6111 0
6111 0
6111 0
6111 0
6111 0
6111 0
6111 0
6187 0
6187 74
6187 0
6187 0
6187 0
6187 0
6187 0
6187 0
6187 0
6187 0
6187 0
6187 0
6187 0
6187 0
6187 0
6187 0
6187 0
6187 0
6187 0
6187 0
6187 0
6187 0
6187 0
6187 0
6187 0
6187 0
6187 0
6187 2
6187 0
6187 0
6187 0
6187 0
6187 0
6187 0
6187 0
6187 0
6187 0
6187 0
6189 0
6189 8
6189 0
6189 0
6189 0
6189 0
6189 0
6189 0
6189 0
6189 0
6189 0
6189 0
6189 0
6189 0
6189 0
6189 0
6189 0
6189 0
6189 0
6189 0
6189 0
6189 0
6189 0
6189 0
6189 0
6189 0
6189 0
6189 3
6189 0
6189 0
6189 1
6189 0
6189 0
6189 0
6189 0
6189 0
6189 0
6189 0
6262 0
6262 3
6262 0
6262 0
6262 0
6262 0
6262 0
6262 0
6262 0
6262 0
6262 0
6262 0
6262 0
6262 0
6262 0
6262 0
6262 0
6262 0
6262 0
6262 0
6262 0
6262 0
6262 0
6262 0
6262 0
6262 0
6262 0
6262 4
6262 0
6262 0
6262 1
6262 0
6262 0
6262 0
6262 0
6262 0
6262 0
6262 0
6264 0
6264 9
6264 0
6264 0
6264 0
6264 0
6264 0
6264 0
6264 0
6264 0
6264 0
6264 0
6264 0
6264 0
6264 0
6264 0
6264 0
6264 0
6264 0
6264 0
6264 0
6264 0
6264 0
6264 0
6264 0
6264 0
6264 0
6264 1
6264 0
6264 0
6264 0
6264 0
6264 0
6264 0
6264 0
6264 0
6264 0
6264 0
6339 0
6339 2
6339 0
6339 0
6339 0
6339 0
6339 0
6339 0
6339 0
6339 0
6339 0
6339 0
6339 0
6339 0
6339 0
6339 0
6339 0
6339 0
6339 0
6339 0
6339 0
6339 0
6339 0
6339 0
6339 0
6339 0
6339 0
6339 5
6339 0
6339 0
6339 1
6339 0
6339 0
6339 0
6339 0
6339 0
6339 0
6339 0
6340 0
6340 3
6340 0
6340 0
6340 0
6340 0
6340 0
6340 0
6340 0
6340 0
6340 0
6340 0
6340 0
6340 0
6340 0
6340 0
6340 0
6340 0
6340 0
6340 0
6340 0
6340 0
6340 0
6340 0
6340 0
6340 0
6340 0
6340 1
6340 0
6340 0
6340 0
6340 0
6340 0
6340 0
6340 0
6340 0
6340 0
6340 0
6341 0
6341 3
6341 0
6341 0
6341 0
6341 0
6341 0
6341 0
6341 0
6341 0
6341 0
6341 0
6341 0
6341 0
6341 0
6341 0
6341 0
6341 0
6341 0
6341 0
6341 0
6341 0
6341 0
6341 0
6341 0
6341 0
6341 0
6341 1
6341 0
6341 0
6341 0
6341 0
6341 0
6341 0
6341 0
6341 0
6341 0
6341 0
6416 0
6416 0
6416 0
6416 0
6416 0
6416 0
6416 0
6416 0
6416 0
6416 0
6416 0
6416 0
6416 0
6416 0
6416 0
6416 0
6416 0
6416 0
6416 0
6416 0
6416 0
6416 0
6416 0
6416 0
6416 0
6416 0
6416 0
6416 0
6416 0
6416 0
6416 0
6416 0
6416 0
6416 0
6416 0
6416 0
6416 0
6416 0
6420 0
6420 1
6420 0
6420 0
6420 0
6420 0
6420 0
6420 0
6420 0
6420 0
6420 0
6420 0
6420 0
6420 0
6420 0
6420 0
6420 0
6420 0
6420 0
6420 0
6420 0
6420 0
6420 0
6420 0
6420 0
6420 0
6420 0
6420 1
6420 0
6420 0
6420 0
6420 0
6420 0
6420 0
6420 0
6420 0
6420 0
6420 0
6499 0
6499 0
6499 0
6499 0
6499 0
6499 0
6499 0
6499 0
6499 0
6499 0
6499 0
6499 0
6499 0
6499 0
6499 0
6499 0
6499 0
6499 0
6499 0
6499 0
6499 0
6499 0
6499 0
6499 0
6499 0
6499 0
6499 0
6499 0
6499 0
6499 0
6499 0
6499 0
6499 0
6499 0
6499 0
6499 0
6499 0
6499 0
6500 0
6500 0
6500 0
6500 0
6500 0
6500 0
6500 0
6500 0
6500 0
6500 0
6500 0
6500 0
6500 0
6500 0
6500 0
6500 0
6500 0
6500 0
6500 0
6500 0
6500 0
6500 0
6500 0
6500 0
6500 0
6500 0
6500 0
6500 0
6500 0
6500 0
6500 0
6500 0
6500 0
6500 0
6500 0
6500 0
6500 0
6500 0
