pt_graph shape
6881 0
6881 22.77
6881 0
6881 0
6881 0
6881 0
6881 0
6881 0
6881 0
6881 0
6881 0
6881 0
6881 0
6881 0
6881 0
6881 0
6881 0
6881 0
6881 0
6881 0
6881 0
6881 0
6881 0
6881 0
6881 0
6881 0
6881 0
6881 43.62
6881 0
6881 0
6881 35.02
6881 0
6881 0
6881 0
6881 0
6881 0
6881 0
6881 0
6951 0
6951 24.86
6951 0
6951 0
6951 0
6951 0
6951 0
6951 0
6951 0
6951 0
6951 0
6951 0
6951 0
6951 0
6951 0
6951 0
6951 0
6951 0
6951 0
6951 0
6951 0
6951 0
6951 0
6951 0
6951 0
6951 0
6951 0
6951 42.91
6951 0
6951 0
6951 32.87
6951 0
6951 0
6951 0
6951 0
6951 0
6951 0
6951 0
7025 0
7025 24.86
7025 0
7025 0
7025 0
7025 0
7025 0
7025 0
7025 0
7025 0
7025 0
7025 0
7025 0
7025 0
7025 0
7025 0
7025 0
7025 0
7025 0
7025 0
7025 0
7025 0
7025 0
7025 0
7025 0
7025 0
7025 0
7025 42.91
7025 0
7025 0
7025 32.87
7025 0
7025 0
7025 0
7025 0
7025 0
7025 0
7025 0
7026 0
7026 20.96
7026 0
7026 0
7026 0
7026 0
7026 0
7026 0
7026 0
7026 34.93
7026 0
7026 0
7026 0
7026 36.52
7026 0
7026 0
7026 0
7026 0
7026 0
7026 0
7026 0
7026 0
7026 0
7026 0
7026 0
7026 0
7026 0
7026 53.05
7026 0
7026 0
7026 17.03
7026 0
7026 0
7026 0
7026 0
7026 0
7026 0
7026 0
7027 0
7027 18.28
7027 0
7027 0
7027 0
7027 0
7027 0
7027 0
7027 0
7027 53.85
7027 0
7027 0
7027 0
7027 42
7027 0
7027 0
7027 0
7027 0
7027 0
7027 0
7027 0
7027 0
7027 0
7027 0
7027 0
7027 0
7027 0
7027 49.01
7027 0
7027 0
7027 72.67
7027 0
7027 0
7027 0
7027 0
7027 0
7027 0
7027 0
7097 0
7097 22.78
7097 0
7097 0
7097 0
7097 0
7097 0
7097 0
7097 0
7097 31.02
7097 0
7097 0
7097 0
7097 0
7097 0
7097 0
7097 0
7097 0
7097 0
7097 0
7097 0
7097 0
7097 0
7097 0
7097 0
7097 0
7097 0
7097 0
7097 0
7097 0
7097 34.19
7097 0
7097 0
7097 0
7097 0
7097 0
7097 0
7097 0
7099 0
7099 1.02
7099 0
7099 0
7099 0
7099 0
7099 0
7099 0
7099 0
7099 53.85
7099 0
7099 0
7099 0
7099 42
7099 0
7099 0
7099 0
7099 0
7099 0
7099 0
7099 0
7099 0
7099 0
7099 0
7099 0
7099 0
7099 0
7099 58.24
7099 0
7099 0
7099 48.52
7099 0
7099 0
7099 0
7099 0
7099 0
7099 0
7099 0
7236 0
7236 19.02
7236 0
7236 0
7236 0
7236 0
7236 0
7236 0
7236 0
7236 36.09
7236 0
7236 0
7236 0
7236 42
7236 0
7236 0
7236 0
7236 0
7236 0
7236 0
7236 0
7236 0
7236 0
7236 0
7236 0
7236 0
7236 0
7236 58.24
7236 0
7236 0
7236 16.06
7236 0
7236 0
7236 0
7236 0
7236 0
7236 0
7236 0
7302 0
7302 1.06
7302 0
7302 0
7302 0
7302 0
7302 0
7302 0
7302 0
7302 34.93
7302 0
7302 0
7302 0
7302 36.52
7302 0
7302 0
7302 0
7302 0
7302 0
7302 0
7302 0
7302 0
7302 0
7302 0
7302 0
7302 0
7302 0
7302 28.96
7302 0
7302 0
7302 13.52
7302 0
7302 0
7302 0
7302 0
7302 0
7302 0
7302 0
7371 0
7371 1.06
7371 0
7371 0
7371 0
7371 0
7371 0
7371 0
7371 0
7371 33.21
7371 0
7371 0
7371 0
7371 36.52
7371 0
7371 0
7371 0
7371 0
7371 0
7371 0
7371 0
7371 0
7371 0
7371 0
7371 0
7371 0
7371 0
7371 28.96
7371 0
7371 0
7371 12.09
7371 0
7371 0
7371 0
7371 0
7371 0
7371 0
7371 0
7439 0
7439 22.78
7439 0
7439 0
7439 0
7439 0
7439 0
7439 0
7439 0
7439 31.02
7439 0
7439 0
7439 0
7439 0
7439 0
7439 0
7439 0
7439 0
7439 0
7439 0
7439 0
7439 0
7439 0
7439 0
7439 0
7439 0
7439 0
7439 0
7439 0
7439 0
7439 34.19
7439 0
7439 0
7439 0
7439 0
7439 0
7439 0
7439 0
7489 0
7489 48.47
7489 0
7489 0
7489 0
7489 0
7489 0
7489 0
7489 0
7489 0
7489 0
7489 0
7489 0
7489 0
7489 0
7489 0
7489 0
7489 0
7489 0
7489 0
7489 0
7489 0
7489 0
7489 0
7489 0
7489 0
7489 0
7489 0
7489 0
7489 0
7489 0
7489 0
7489 0
7489 0
7489 0
7489 0
7489 0
7489 0
7568 0
7568 4.26
7568 0
7568 0
7568 0
7568 0
7568 0
7568 0
7568 0
7568 29.16
7568 0
7568 0
7568 0
7568 0
7568 0
7568 0
7568 0
7568 0
7568 0
7568 0
7568 0
7568 0
7568 0
7568 0
7568 0
7568 0
7568 0
7568 31.33
7568 0
7568 0
7568 0
7568 0
7568 0
7568 0
7568 0
7568 0
7568 0
7568 0
7569 0
7569 28.91
7569 0
7569 0
7569 0
7569 0
7569 0
7569 0
7569 0
7569 35.06
7569 0
7569 0
7569 0
7569 0
7569 0
7569 0
7569 0
7569 0
7569 0
7569 0
7569 0
7569 0
7569 0
7569 0
7569 0
7569 0
7569 0
7569 29.08
7569 0
7569 0
7569 0
7569 0
7569 0
7569 0
7569 0
7569 0
7569 0
7569 0
7572 0
7572 0
7572 0
7572 0
7572 0
7572 0
7572 0
7572 0
7572 0
7572 25
7572 0
7572 0
7572 0
7572 0
7572 0
7572 0
7572 0
7572 0
7572 0
7572 0
7572 0
7572 0
7572 0
7572 0
7572 0
7572 0
7572 0
7572 0
7572 0
7572 0
7572 30.82
7572 0
7572 0
7572 0
7572 0
7572 0
7572 0
7572 0
7573 0
7573 0
7573 0
7573 0
7573 0
7573 0
7573 0
7573 0
7573 0
7573 25
7573 0
7573 0
7573 0
7573 0
7573 0
7573 0
7573 0
7573 0
7573 0
7573 0
7573 0
7573 0
7573 0
7573 0
7573 0
7573 0
7573 0
7573 0
7573 0
7573 0
7573 30.82
7573 0
7573 0
7573 0
7573 0
7573 0
7573 0
7573 0
7574 0
7574 28.91
7574 0
7574 0
7574 0
7574 0
7574 0
7574 0
7574 0
7574 35.06
7574 0
7574 0
7574 0
7574 0
7574 0
7574 0
7574 0
7574 0
7574 0
7574 0
7574 0
7574 0
7574 0
7574 0
7574 0
7574 0
7574 0
7574 29.08
7574 0
7574 0
7574 0
7574 0
7574 0
7574 0
7574 0
7574 0
7574 0
7574 0
7642 0
7642 1.08
7642 0
7642 0
7642 0
7642 0
7642 0
7642 0
7642 0
7642 55.84
7642 0
7642 0
7642 0
7642 0
7642 0
7642 0
7642 0
7642 0
7642 0
7642 0
7642 0
7642 0
7642 0
7642 0
7642 0
7642 0
7642 0
7642 66.13
7642 0
7642 0
7642 31.65
7642 0
7642 0
7642 0
7642 0
7642 0
7642 0
7642 0
7643 0
7643 0.96
7643 0
7643 0
7643 0
7643 0
7643 0
7643 0
7643 0
7643 11.52
7643 0
7643 0
7643 0
7643 0
7643 0
7643 0
7643 0
7643 0
7643 0
7643 0
7643 0
7643 0
7643 0
7643 0
7643 0
7643 0
7643 0
7643 9.64
7643 0
7643 0
7643 29.75
7643 0
7643 0
7643 0
7643 0
7643 0
7643 0
7643 0
7646 0
7646 28.91
7646 0
7646 0
7646 0
7646 0
7646 0
7646 0
7646 0
7646 35.06
7646 0
7646 0
7646 0
7646 0
7646 0
7646 0
7646 0
7646 0
7646 0
7646 0
7646 0
7646 0
7646 0
7646 0
7646 0
7646 0
7646 0
7646 29.08
7646 0
7646 0
7646 0
7646 0
7646 0
7646 0
7646 0
7646 0
7646 0
7646 0
7647 0
7647 28.91
7647 0
7647 0
7647 0
7647 0
7647 0
7647 0
7647 0
7647 35.06
7647 0
7647 0
7647 0
7647 0
7647 0
7647 0
7647 0
7647 0
7647 0
7647 0
7647 0
7647 0
7647 0
7647 0
7647 0
7647 0
7647 0
7647 29.08
7647 0
7647 0
7647 0
7647 0
7647 0
7647 0
7647 0
7647 0
7647 0
7647 0
7715 0
7715 1.12
7715 0
7715 0
7715 0
7715 0
7715 0
7715 0
7715 0
7715 10.22
7715 0
7715 0
7715 0
7715 0
7715 0
7715 0
7715 0
7715 0
7715 0
7715 0
7715 0
7715 0
7715 0
7715 0
7715 0
7715 0
7715 0
7715 50.09
7715 0
7715 0
7715 42.41
7715 0
7715 0
7715 0
7715 0
7715 0
7715 0
7715 0
7716 0
7716 24.18
7716 0
7716 0
7716 0
7716 0
7716 0
7716 0
7716 0
7716 20.38
7716 0
7716 0
7716 0
7716 0
7716 0
7716 0
7716 0
7716 0
7716 0
7716 0
7716 0
7716 0
7716 0
7716 0
7716 0
7716 0
7716 0
7716 28.91
7716 0
7716 0
7716 51.91
7716 0
7716 0
7716 0
7716 0
7716 0
7716 0
7716 0
7717 0
7717 0.96
7717 0
7717 0
7717 0
7717 0
7717 0
7717 0
7717 0
7717 3.38
7717 0
7717 0
7717 0
7717 0
7717 0
7717 0
7717 0
7717 0
7717 0
7717 0
7717 0
7717 0
7717 0
7717 0
7717 0
7717 0
7717 0
7717 9.64
7717 0
7717 0
7717 5.18
7717 0
7717 0
7717 0
7717 0
7717 0
7717 0
7717 0
7718 0
7718 28.91
7718 0
7718 0
7718 0
7718 0
7718 0
7718 0
7718 0
7718 2.45
7718 0
7718 0
7718 0
7718 0
7718 0
7718 0
7718 0
7718 0
7718 0
7718 0
7718 0
7718 0
7718 0
7718 0
7718 0
7718 0
7718 0
7718 29.08
7718 0
7718 0
7718 30.82
7718 0
7718 0
7718 0
7718 0
7718 0
7718 0
7718 0
7719 0
7719 2.27
7719 0
7719 0
7719 0
7719 0
7719 0
7719 0
7719 0
7719 58.64
7719 0
7719 0
7719 0
7719 0
7719 0
7719 0
7719 0
7719 0
7719 0
7719 0
7719 0
7719 0
7719 0
7719 0
7719 0
7719 0
7719 0
7719 70.1
7719 0
7719 0
7719 46.08
7719 0
7719 0
7719 0
7719 0
7719 0
7719 0
7719 0
7789 0
7789 0
7789 0
7789 0
7789 0
7789 0
7789 0
7789 0
7789 35.5
7789 0
7789 0
7789 0
7789 0
7789 0
7789 0
7789 0
7789 0
7789 0
7789 0
7789 0
7789 0
7789 0
7789 0
7789 0
7789 0
7789 0
7789 0
7789 47.53
7789 0
7789 0
7789 31.65
7789 0
7789 0
7789 0
7789 0
7789 0
7789 0
7789 0
7790 0
7790 48.38
7790 0
7790 0
7790 0
7790 0
7790 0
7790 0
7790 12.36
7790 0
7790 0
7790 0
7790 0
7790 0
7790 0
7790 0
7790 0
7790 0
7790 0
7790 0
7790 0
7790 0
7790 0
7790 0
7790 0
7790 0
7790 0
7790 50.6
7790 0
7790 0
7790 42.41
7790 0
7790 0
7790 0
7790 0
7790 0
7790 0
7790 0
7791 0
7791 19.45
7791 0
7791 0
7791 0
7791 0
7791 0
7791 0
7791 16.05
7791 0
7791 0
7791 0
7791 0
7791 0
7791 0
7791 0
7791 0
7791 0
7791 0
7791 0
7791 0
7791 0
7791 0
7791 0
7791 0
7791 0
7791 0
7791 72.28
7791 0
7791 0
7791 7.55
7791 0
7791 0
7791 0
7791 0
7791 0
7791 0
7791 0
7792 0
7792 4.08
7792 0
7792 0
7792 0
7792 0
7792 0
7792 0
7792 0.9
7792 0
7792 0
7792 0
7792 0
7792 0
7792 0
7792 0
7792 0
7792 0
7792 0
7792 0
7792 0
7792 0
7792 0
7792 0
7792 0
7792 0
7792 0
7792 16.01
7792 0
7792 0
7792 10.29
7792 0
7792 0
7792 0
7792 0
7792 0
7792 0
7792 0
7863 0
7863 1.03
7863 0
7863 0
7863 0
7863 0
7863 0
7863 0
7863 1.83
7863 0
7863 0
7863 0
7863 0
7863 0
7863 0
7863 0
7863 0
7863 0
7863 0
7863 0
7863 0
7863 0
7863 0
7863 0
7863 0
7863 0
7863 0
7863 8.37
7863 0
7863 0
7863 37.98
7863 0
7863 0
7863 0
7863 0
7863 0
7863 0
7863 0
7864 0
7864 4.88
7864 0
7864 0
7864 0
7864 0
7864 0
7864 0
7864 1.08
7864 0
7864 0
7864 0
7864 0
7864 0
7864 0
7864 0
7864 0
7864 0
7864 0
7864 0
7864 0
7864 0
7864 0
7864 0
7864 0
7864 0
7864 0
7864 11.72
7864 0
7864 0
7864 8.26
7864 0
7864 0
7864 0
7864 0
7864 0
7864 0
7864 0
7865 0
7865 4.26
7865 0
7865 0
7865 0
7865 0
7865 0
7865 0
7865 29.16
7865 0
7865 0
7865 0
7865 0
7865 0
7865 0
7865 0
7865 0
7865 0
7865 0
7865 0
7865 0
7865 0
7865 0
7865 0
7865 0
7865 0
7865 0
7865 31.33
7865 0
7865 0
7865 0
7865 0
7865 0
7865 0
7865 0
7865 0
7865 0
7865 0
7919 0
7919 29.32
7919 0
7919 0
7919 0
7919 0
7919 0
7919 0
7919 26.89
7919 0
7919 0
7919 0
7919 0
7919 0
7919 0
7919 0
7919 0
7919 0
7919 0
7919 0
7919 0
7919 0
7919 0
7919 0
7919 47.61
7919 0
7919 0
7919 31.35
7919 0
7919 0
7919 40.47
7919 0
7919 0
7919 0
7919 0
7919 0
7919 0
7919 0
7922 0
7922 0
7922 0
7922 0
7922 0
7922 0
7922 0
7922 0
7922 1.48
7922 0
7922 0
7922 0
7922 1.69
7922 0
7922 0
7922 0
7922 0
7922 0
7922 0
7922 0
7922 0
7922 0
7922 0
7922 0
7922 31.91
7922 0
7922 0
7922 25.07
7922 0
7922 0
7922 15.55
7922 0
7922 0
7922 0
7922 0
7922 0
7922 0
7922 0
7923 0
7923 0
7923 0
7923 0
7923 0
7923 0
7923 0
7923 0
7923 1.59
7923 0
7923 0
7923 0
7923 38.14
7923 0
7923 0
7923 0
7923 0
7923 0
7923 0
7923 0
7923 0
7923 0
7923 0
7923 0
7923 38.81
7923 0
7923 0
7923 33.01
7923 0
7923 0
7923 42
7923 0
7923 0
7923 0
7923 0
7923 0
7923 0
7923 0
7924 0
7924 0
7924 0
7924 0
7924 0
7924 0
7924 0
7924 0
7924 1.59
7924 0
7924 0
7924 0
7924 38.14
7924 0
7924 0
7924 0
7924 0
7924 0
7924 0
7924 0
7924 0
7924 0
7924 0
7924 0
7924 38.81
7924 0
7924 0
7924 33.01
7924 0
7924 0
7924 42
7924 0
7924 0
7924 0
7924 0
7924 0
7924 0
7924 0
7937 0
7937 24.94
7937 0
7937 0
7937 0
7937 0
7937 0
7937 0
7937 1.5
7937 0
7937 0
7937 0
7937 0
7937 0
7937 0
7937 0
7937 0
7937 0
7937 0
7937 0
7937 0
7937 0
7937 0
7937 0
7937 0
7937 0
7937 0
7937 7.16
7937 0
7937 0
7937 9.22
7937 0
7937 0
7937 0
7937 0
7937 0
7937 0
7937 0
7988 0
7988 1.43
7988 0
7988 0
7988 0
7988 0
7988 0
7988 0
7988 53.39
7988 0
7988 0
7988 0
7988 0
7988 0
7988 0
7988 0
7988 0
7988 0
7988 0
7988 0
7988 0
7988 0
7988 0
7988 0
7988 0
7988 0
7988 0
7988 53.11
7988 0
7988 0
7988 62.01
7988 0
7988 0
7988 0
7988 0
7988 0
7988 0
7988 0
7989 0
7989 1.81
7989 0
7989 0
7989 0
7989 0
7989 0
7989 0
7989 2.09
7989 0
7989 0
7989 0
7989 28.67
7989 33.96
7989 0
7989 0
7989 0
7989 0
7989 0
7989 0
7989 0
7989 0
7989 0
7989 0
7989 59.62
7989 0
7989 0
7989 3.35
7989 0
7989 0
7989 6.06
7989 0
7989 0
7989 0
7989 0
7989 0
7989 0
7989 0
7990 0
7990 1.73
7990 0
7990 0
7990 0
7990 0
7990 0
7990 0
7990 1.01
7990 0
7990 0
7990 0
7990 36.53
7990 0
7990 0
7990 0
7990 0
7990 0
7990 0
7990 0
7990 0
7990 0
7990 0
7990 0
7990 1.66
7990 0
7990 0
7990 1
7990 0
7990 0
7990 1.5
7990 0
7990 0
7990 0
7990 0
7990 0
7990 0
7990 0
7991 0
7991 1.34
7991 0
7991 0
7991 0
7991 0
7991 0
7991 0
7991 3.78
7991 0
7991 0
7991 0
7991 0
7991 0
7991 0
7991 0
7991 0
7991 0
7991 0
7991 0
7991 0
7991 0
7991 0
7991 0
7991 0
7991 0
7991 0
7991 9.13
7991 0
7991 0
7991 7.33
7991 0
7991 0
7991 0
7991 0
7991 0
7991 0
7991 0
7992 0
7992 3.37
7992 0
7992 0
7992 0
7992 0
7992 0
7992 0
7992 36.74
7992 0
7992 0
7992 0
7992 0
7992 0
7992 0
7992 0
7992 0
7992 0
7992 0
7992 0
7992 0
7992 0
7992 0
7992 0
7992 0
7992 0
7992 0
7992 34.8
7992 0
7992 0
7992 43.66
7992 0
7992 0
7992 0
7992 0
7992 0
7992 0
7992 0
7993 0
7993 43.26
7993 0
7993 0
7993 0
7993 0
7993 0
7993 0
7993 36.74
7993 0
7993 0
7993 0
7993 0
7993 0
7993 0
7993 0
7993 0
7993 0
7993 0
7993 0
7993 0
7993 0
7993 0
7993 0
7993 0
7993 0
7993 0
7993 34.8
7993 0
7993 0
7993 43.66
7993 0
7993 0
7993 0
7993 0
7993 0
7993 0
7993 0
7995 0
7995 0
7995 0
7995 0
7995 0
7995 0
7995 0
7995 0
7995 1.59
7995 0
7995 0
7995 0
7995 38.14
7995 0
7995 0
7995 0
7995 0
7995 0
7995 0
7995 0
7995 0
7995 0
7995 0
7995 0
7995 38.81
7995 0
7995 0
7995 33.01
7995 0
7995 0
7995 42
7995 0
7995 0
7995 0
7995 0
7995 0
7995 0
7995 0
8007 0
8007 1
8007 0
8007 0
8007 0
8007 0
8007 0
8007 0
8007 2.01
8007 0
8007 0
8007 0
8007 0
8007 0
8007 0
8007 0
8007 0
8007 0
8007 0
8007 0
8007 0
8007 0
8007 0
8007 0
8007 0
8007 0
8007 0
8007 6.9
8007 0
8007 0
8007 8.99
8007 0
8007 0
8007 0
8007 0
8007 0
8007 0
8007 0
8050 0
8050 27.54
8050 0
8050 0
8050 0
8050 0
8050 0
8050 0
8050 33.66
8050 0
8050 0
8050 0
8050 0
8050 0
8050 0
8050 0
8050 0
8050 0
8050 0
8050 0
8050 0
8050 0
8050 0
8050 0
8050 0
8050 0
8050 0
8050 34.8
8050 0
8050 0
8050 0
8050 0
8050 0
8050 0
8050 0
8050 0
8050 0
8050 0
8051 0
8051 1.63
8051 0
8051 0
8051 0
8051 0
8051 0
8051 0
8051 33.66
8051 0
8051 0
8051 0
8051 0
8051 0
8051 0
8051 0
8051 0
8051 0
8051 0
8051 0
8051 0
8051 0
8051 0
8051 0
8051 0
8051 0
8051 0
8051 34.8
8051 0
8051 0
8051 0
8051 0
8051 0
8051 0
8051 0
8051 0
8051 0
8051 0
8052 0
8052 2.27
8052 0
8052 0
8052 0
8052 0
8052 0
8052 0
8052 59.46
8052 0
8052 0
8052 0
8052 0
8052 0
8052 0
8052 0
8052 0
8052 0
8052 0
8052 0
8052 0
8052 0
8052 0
8052 0
8052 0
8052 0
8052 0
8052 5.28
8052 0
8052 0
8052 6.75
8052 0
8052 0
8052 0
8052 0
8052 0
8052 0
8052 0
8053 0
8053 4.86
8053 0
8053 0
8053 0
8053 0
8053 0
8053 0
8053 4.75
8053 0
8053 0
8053 0
8053 0
8053 0
8053 0
8053 0
8053 0
8053 0
8053 0
8053 0
8053 0
8053 0
8053 0
8053 0
8053 0
8053 0
8053 0
8053 5.04
8053 0
8053 0
8053 5.85
8053 0
8053 0
8053 0
8053 0
8053 0
8053 0
8053 0
8054 0
8054 2.37
8054 0
8054 0
8054 0
8054 0
8054 0
8054 0
8054 52.32
8054 0
8054 0
8054 0
8054 0
8054 0
8054 0
8054 0
8054 0
8054 0
8054 0
8054 0
8054 0
8054 0
8054 0
8054 0
8054 0
8054 0
8054 0
8054 41.67
8054 0
8054 0
8054 49.32
8054 0
8054 0
8054 0
8054 0
8054 0
8054 0
8054 0
8055 0
8055 8.7
8055 0
8055 0
8055 0
8055 0
8055 0
8055 0
8055 21.28
8055 0
8055 0
8055 0
8055 0
8055 0
8055 0
8055 0
8055 0
8055 0
8055 0
8055 0
8055 0
8055 0
8055 0
8055 0
8055 0
8055 0
8055 0
8055 39.54
8055 0
8055 0
8055 36.94
8055 0
8055 0
8055 0
8055 0
8055 0
8055 0
8055 0
8109 0
8109 27.12
8109 0
8109 0
8109 0
8109 0
8109 0
8109 0
8109 30
8109 0
8109 0
8109 0
8109 28.67
8109 33.96
8109 0
8109 0
8109 0
8109 0
8109 0
8109 0
8109 0
8109 0
8109 0
8109 0
8109 0
8109 0
8109 0
8109 50.78
8109 0
8109 0
8109 0
8109 0
8109 0
8109 0
8109 0
8109 0
8109 0
8109 0
8110 0
8110 1.47
8110 0
8110 0
8110 0
8110 0
8110 0
8110 0
8110 3.51
8110 0
8110 0
8110 0
8110 28.67
8110 33.96
8110 0
8110 0
8110 0
8110 0
8110 0
8110 0
8110 0
8110 0
8110 0
8110 0
8110 0
8110 0
8110 0
8110 50.78
8110 0
8110 0
8110 0
8110 0
8110 0
8110 0
8110 0
8110 0
8110 0
8110 0
8111 0
8111 1.37
8111 0
8111 0
8111 0
8111 0
8111 0
8111 0
8111 32.45
8111 0
8111 0
8111 0
8111 0
8111 0
8111 0
8111 0
8111 0
8111 0
8111 0
8111 0
8111 0
8111 0
8111 0
8111 0
8111 0
8111 0
8111 0
8111 0
8111 0
8111 0
8111 0
8111 0
8111 0
8111 0
8111 0
8111 0
8111 0
8111 0
8112 0
8112 2.69
8112 0
8112 0
8112 0
8112 0
8112 0
8112 0
8112 56.58
8112 0
8112 0
8112 0
8112 0
8112 0
8112 0
8112 0
8112 0
8112 0
8112 0
8112 0
8112 0
8112 0
8112 0
8112 0
8112 0
8112 0
8112 0
8112 0
8112 0
8112 0
8112 0
8112 0
8112 0
8112 0
8112 0
8112 0
8112 0
8112 0
8113 0
8113 2.04
8113 0
8113 0
8113 0
8113 0
8113 0
8113 0
8113 51.72
8113 0
8113 0
8113 0
8113 0
8113 0
8113 0
8113 0
8113 0
8113 0
8113 0
8113 0
8113 0
8113 0
8113 0
8113 0
8113 0
8113 0
8113 0
8113 0
8113 0
8113 0
8113 0
8113 0
8113 0
8113 0
8113 0
8113 0
8113 0
8113 0
8114 0
8114 1.63
8114 0
8114 0
8114 0
8114 0
8114 0
8114 0
8114 31.77
8114 0
8114 0
8114 0
8114 0
8114 0
8114 0
8114 0
8114 0
8114 0
8114 0
8114 0
8114 0
8114 0
8114 0
8114 0
8114 0
8114 0
8114 0
8114 0
8114 0
8114 0
8114 0
8114 0
8114 0
8114 0
8114 0
8114 0
8114 0
8114 0
8166 0
8166 7.42
8166 0
8166 0
8166 0
8166 0
8166 0
8166 0
8166 3.61
8166 0
8166 0
8166 0
8166 0
8166 0
8166 0
8166 0
8166 0
8166 0
8166 0
8166 0
8166 0
8166 0
8166 0
8166 0
8166 0
8166 0
8166 0
8166 43.46
8166 0
8166 0
8166 0
8166 0
8166 0
8166 0
8166 0
8166 0
8166 0
8166 0
8167 0
8167 7.09
8167 0
8167 0
8167 0
8167 0
8167 0
8167 0
8167 3.57
8167 0
8167 0
8167 0
8167 0
8167 0
8167 0
8167 0
8167 0
8167 0
8167 0
8167 0
8167 0
8167 0
8167 0
8167 0
8167 0
8167 0
8167 0
8167 43.46
8167 0
8167 0
8167 0
8167 0
8167 0
8167 0
8167 0
8167 0
8167 0
8167 0
8168 0
8168 3.4
8168 0
8168 0
8168 0
8168 0
8168 0
8168 0
8168 77.14
8168 0
8168 0
8168 0
8168 0
8168 0
8168 0
8168 0
8168 0
8168 0
8168 0
8168 0
8168 0
8168 0
8168 0
8168 0
8168 0
8168 0
8168 0
8168 0
8168 0
8168 0
8168 0
8168 0
8168 0
8168 0
8168 0
8168 0
8168 0
8168 0
8169 0
8169 0.91
8169 0
8169 0
8169 0
8169 0
8169 0
8169 0
8169 30.56
8169 0
8169 0
8169 0
8169 0
8169 0
8169 0
8169 0
8169 0
8169 0
8169 0
8169 0
8169 0
8169 0
8169 0
8169 0
8169 0
8169 0
8169 0
8169 34.8
8169 0
8169 0
8169 0
8169 0
8169 0
8169 0
8169 0
8169 0
8169 0
8169 0
8170 0
8170 0.96
8170 0
8170 0
8170 0
8170 0
8170 0
8170 0
8170 31.77
8170 0
8170 0
8170 0
8170 43.46
8170 0
8170 0
8170 0
8170 0
8170 0
8170 0
8170 0
8170 0
8170 0
8170 0
8170 0
8170 0
8170 0
8170 0
8170 49.59
8170 0
8170 0
8170 0
8170 0
8170 0
8170 0
8170 0
8170 0
8170 0
8170 0
8223 0
8223 0.92
8223 0
8223 0
8223 0
8223 0
8223 0
8223 0
8223 33.66
8223 0
8223 0
8223 0
8223 43.46
8223 0
8223 0
8223 0
8223 0
8223 0
8223 0
8223 0
8223 0
8223 0
8223 0
8223 0
8223 0
8223 0
8223 0
8223 37.52
8223 0
8223 0
8223 0
8223 0
8223 0
8223 0
8223 0
8223 0
8223 0
8223 0
8225 0
8225 27.54
8225 0
8225 0
8225 0
8225 0
8225 0
8225 0
8225 33.66
8225 0
8225 0
8225 0
8225 0
8225 0
8225 0
8225 0
8225 0
8225 0
8225 0
8225 0
8225 0
8225 0
8225 0
8225 0
8225 0
8225 0
8225 0
8225 34.8
8225 0
8225 0
8225 0
8225 0
8225 0
8225 0
8225 0
8225 0
8225 0
8225 0
8226 0
8226 2.57
8226 0
8226 0
8226 0
8226 0
8226 0
8226 0
8226 30.02
8226 0
8226 0
8226 0
8226 0
8226 0
8226 0
8226 0
8226 0
8226 0
8226 0
8226 0
8226 0
8226 0
8226 0
8226 0
8226 0
8226 0
8226 0
8226 34.8
8226 0
8226 0
8226 0
8226 0
8226 0
8226 0
8226 0
8226 0
8226 0
8226 0
8227 0
8227 1.64
8227 0
8227 0
8227 0
8227 0
8227 0
8227 0
8227 0
8227 0
8227 0
8227 0
8227 43.46
8227 0
8227 0
8227 0
8227 0
8227 0
8227 0
8227 0
8227 0
8227 0
8227 0
8227 0
8227 0
8227 0
8227 0
8227 49.59
8227 0
8227 0
8227 0
8227 0
8227 0
8227 0
8227 0
8227 0
8227 0
8227 0
8228 0
8228 14.49
8228 0
8228 0
8228 0
8228 0
8228 0
8228 0
8228 35.22
8228 0
8228 0
8228 0
8228 36.95
8228 32.52
8228 0
8228 0
8228 0
8228 0
8228 0
8228 0
8228 0
8228 0
8228 0
8228 0
8228 0
8228 0
8228 0
8228 0
8228 0
8228 0
8228 0
8228 0
8228 0
8228 0
8228 0
8228 0
8228 0
8228 0
8229 0
8229 14.49
8229 0
8229 0
8229 0
8229 0
8229 0
8229 0
8229 35.22
8229 0
8229 0
8229 0
8229 36.95
8229 32.52
8229 0
8229 0
8229 0
8229 0
8229 0
8229 0
8229 0
8229 0
8229 0
8229 0
8229 0
8229 0
8229 0
8229 0
8229 0
8229 0
8229 0
8229 0
8229 0
8229 0
8229 0
8229 0
8229 0
8229 0
8276 0
8276 32.52
8276 0
8276 0
8276 0
8276 0
8276 0
8276 0
8276 2.41
8276 0
8276 0
8276 0
8276 1.62
8276 28.08
8276 0
8276 0
8276 0
8276 0
8276 0
8276 0
8276 0
8276 0
8276 0
8276 0
8276 0
8276 0
8276 0
8276 35.44
8276 0
8276 0
8276 0
8276 0
8276 0
8276 0
8276 0
8276 0
8276 0
8276 0
8277 0
8277 1.1
8277 0
8277 0
8277 0
8277 0
8277 0
8277 0
8277 2.6
8277 0
8277 0
8277 0
8277 0.7
8277 16.57
8277 0
8277 0
8277 0
8277 0
8277 0
8277 0
8277 0
8277 0
8277 0
8277 0
8277 0
8277 0
8277 0
8277 20.96
8277 0
8277 0
8277 0
8277 0
8277 0
8277 0
8277 0
8277 0
8277 0
8277 0
8278 0
8278 0.64
8278 0
8278 0
8278 0
8278 0
8278 0
8278 0
8278 2.41
8278 0
8278 0
8278 0
8278 0.58
8278 28.08
8278 0
8278 0
8278 0
8278 0
8278 0
8278 0
8278 0
8278 0
8278 0
8278 0
8278 0
8278 0
8278 0
8278 36.03
8278 0
8278 0
8278 0
8278 0
8278 0
8278 0
8278 0
8278 0
8278 0
8278 0
8279 0
8279 0.86
8279 0
8279 0
8279 0
8279 0
8279 0
8279 0
8279 48.82
8279 0
8279 0
8279 0
8279 8.81
8279 0
8279 0
8279 0
8279 0
8279 0
8279 0
8279 0
8279 0
8279 0
8279 0
8279 0
8279 0
8279 0
8279 0
8279 49.59
8279 0
8279 0
8279 0
8279 0
8279 0
8279 0
8279 0
8279 0
8279 0
8279 0
8280 0
8280 14.49
8280 0
8280 0
8280 0
8280 0
8280 0
8280 0
8280 35.22
8280 0
8280 0
8280 0
8280 36.95
8280 32.52
8280 0
8280 0
8280 0
8280 0
8280 0
8280 0
8280 0
8280 0
8280 0
8280 0
8280 0
8280 0
8280 0
8280 0
8280 0
8280 0
8280 0
8280 0
8280 0
8280 0
8280 0
8280 0
8280 0
8280 0
8282 0
8282 30.55
8282 0
8282 0
8282 0
8282 0
8282 0
8282 0
8282 28.48
8282 0
8282 0
8282 0
8282 0
8282 0
8282 0
8282 0
8282 0
8282 0
8282 0
8282 0
8282 0
8282 0
8282 0
8282 0
8282 0
8282 0
8282 0
8282 0
8282 0
8282 0
8282 0
8282 0
8282 0
8282 0
8282 0
8282 0
8282 0
8282 0
8326 0
8326 0
8326 0
8326 0
8326 0
8326 0
8326 0
8326 0
8326 22.78
8326 0
8326 0
8326 0
8326 1.61
8326 24.59
8326 0
8326 0
8326 0
8326 0
8326 0
8326 0
8326 0
8326 0
8326 0
8326 0
8326 0
8326 0
8326 0
8326 0
8326 0
8326 0
8326 0
8326 0
8326 0
8326 0
8326 0
8326 0
8326 0
8326 0
8327 0
8327 36.55
8327 0
8327 0
8327 0
8327 0
8327 0
8327 0
8327 3.47
8327 0
8327 0
8327 0
8327 1.61
8327 24.59
8327 0
8327 0
8327 0
8327 0
8327 0
8327 0
8327 0
8327 0
8327 0
8327 0
8327 0
8327 0
8327 0
8327 52.78
8327 0
8327 0
8327 0
8327 0
8327 0
8327 0
8327 0
8327 0
8327 0
8327 0
8328 0
8328 22.74
8328 0
8328 0
8328 0
8328 0
8328 0
8328 0
8328 9.24
8328 0
8328 0
8328 0
8328 43.75
8328 0
8328 0
8328 0
8328 0
8328 0
8328 0
8328 0
8328 0
8328 0
8328 0
8328 0
8328 0
8328 0
8328 0
8328 60.92
8328 0
8328 0
8328 0
8328 0
8328 0
8328 0
8328 0
8328 0
8328 0
8328 0
8329 0
8329 4.03
8329 0
8329 0
8329 0
8329 0
8329 0
8329 0
8329 5.64
8329 0
8329 0
8329 0
8329 0.47
8329 28.08
8329 0
8329 0
8329 0
8329 0
8329 0
8329 0
8329 0
8329 0
8329 0
8329 0
8329 0
8329 0
8329 0
8329 56.87
8329 0
8329 0
8329 0
8329 0
8329 0
8329 0
8329 0
8329 0
8329 0
8329 0
8330 0
8330 3.06
8330 0
8330 0
8330 0
8330 0
8330 0
8330 0
8330 4.27
8330 0
8330 0
8330 0
8330 0.47
8330 28.08
8330 0
8330 0
8330 0
8330 0
8330 0
8330 0
8330 0
8330 0
8330 0
8330 0
8330 0
8330 0
8330 0
8330 42.28
8330 0
8330 0
8330 0
8330 0
8330 0
8330 0
8330 0
8330 0
8330 0
8330 0
8374 0
8374 32.52
8374 0
8374 0
8374 0
8374 0
8374 0
8374 0
8374 2.41
8374 0
8374 0
8374 0
8374 1.62
8374 28.08
8374 0
8374 0
8374 0
8374 0
8374 0
8374 0
8374 0
8374 0
8374 0
8374 0
8374 0
8374 0
8374 0
8374 35.44
8374 0
8374 0
8374 0
8374 0
8374 0
8374 0
8374 0
8374 0
8374 0
8374 0
8375 0
8375 41.15
8375 0
8375 0
8375 0
8375 0
8375 0
8375 0
8375 1.05
8375 0
8375 0
8375 0
8375 0.96
8375 55.45
8375 0
8375 0
8375 0
8375 0
8375 0
8375 0
8375 0
8375 0
8375 0
8375 0
8375 0
8375 0
8375 0
8375 55.93
8375 0
8375 0
8375 0
8375 0
8375 0
8375 0
8375 0
8375 0
8375 0
8375 0
8376 0
8376 32.52
8376 0
8376 0
8376 0
8376 0
8376 0
8376 0
8376 1.1
8376 0
8376 0
8376 0
8376 0.96
8376 1.72
8376 0
8376 0
8376 0
8376 0
8376 0
8376 0
8376 0
8376 0
8376 0
8376 0
8376 0
8376 0
8376 0
8376 35.44
8376 0
8376 0
8376 0
8376 0
8376 0
8376 0
8376 0
8376 0
8376 0
8376 0
8426 0
8426 41.15
8426 0
8426 0
8426 0
8426 0
8426 0
8426 0
8426 1.05
8426 0
8426 0
8426 0
8426 0.96
8426 55.45
8426 0
8426 0
8426 0
8426 0
8426 0
8426 0
8426 0
8426 0
8426 0
8426 0
8426 0
8426 0
8426 0
8426 55.93
8426 0
8426 0
8426 0
8426 0
8426 0
8426 0
8426 0
8426 0
8426 0
8426 0
8427 0
8427 41.15
8427 0
8427 0
8427 0
8427 0
8427 0
8427 0
8427 1.05
8427 0
8427 0
8427 0
8427 0.96
8427 55.45
8427 0
8427 0
8427 0
8427 0
8427 0
8427 0
8427 0
8427 0
8427 0
8427 0
8427 0
8427 0
8427 0
8427 55.93
8427 0
8427 0
8427 0
8427 0
8427 0
8427 0
8427 0
8427 0
8427 0
8427 0
8428 0
8428 32.52
8428 0
8428 0
8428 0
8428 0
8428 0
8428 0
8428 2.41
8428 0
8428 0
8428 0
8428 1.62
8428 28.08
8428 0
8428 0
8428 0
8428 0
8428 0
8428 0
8428 0
8428 0
8428 0
8428 0
8428 0
8428 0
8428 0
8428 35.44
8428 0
8428 0
8428 0
8428 0
8428 0
8428 0
8428 0
8428 0
8428 0
8428 0
8429 0
8429 32.52
8429 0
8429 0
8429 0
8429 0
8429 0
8429 0
8429 2.41
8429 0
8429 0
8429 0
8429 1.62
8429 28.08
8429 0
8429 0
8429 0
8429 0
8429 0
8429 0
8429 0
8429 0
8429 0
8429 0
8429 0
8429 0
8429 0
8429 35.44
8429 0
8429 0
8429 0
8429 0
8429 0
8429 0
8429 0
8429 0
8429 0
8429 0
8699 0
8699 1.56
8699 0
8699 0
8699 0
8699 0
8699 0
8699 0
8699 1.57
8699 0
8699 0
8699 0
8699 31.02
8699 28
8699 0
8699 0
8699 0
8699 0
8699 0
8699 0
8699 0
8699 0
8699 0
8699 0
8699 38
8699 0
8699 0
8699 30.82
8699 0
8699 0
8699 0
8699 0
8699 0
8699 0
8699 0
8699 0
8699 0
8699 0
8738 0
8738 0.93
8738 0
8738 0
8738 0
8738 0
8738 0
8738 0
8738 0.95
8738 0
8738 0
8738 0
8738 2.19
8738 28
8738 0
8738 0
8738 0
8738 0
8738 0
8738 0
8738 0
8738 0
8738 0
8738 0
8738 51.41
8738 0
8738 0
8738 12.39
8738 0
8738 0
8738 36.52
8738 0
8738 0
8738 0
8738 0
8738 0
8738 0
8738 0
8773 0
8773 2.03
8773 0
8773 0
8773 0
8773 0
8773 0
8773 0
8773 1.91
8773 0
8773 0
8773 0
8773 28.47
8773 0
8773 0
8773 0
8773 0
8773 0
8773 0
8773 0
8773 0
8773 0
8773 0
8773 0
8773 37.84
8773 0
8773 0
8773 1.56
8773 0
8773 0
8773 2.07
8773 0
8773 0
8773 0
8773 0
8773 0
8773 0
8773 0
8774 0
8774 1.56
8774 0
8774 0
8774 0
8774 0
8774 0
8774 0
8774 1.57
8774 0
8774 0
8774 0
8774 31.02
8774 28
8774 0
8774 0
8774 0
8774 0
8774 0
8774 0
8774 0
8774 0
8774 0
8774 0
8774 38
8774 0
8774 0
8774 30.82
8774 0
8774 0
8774 0
8774 0
8774 0
8774 0
8774 0
8774 0
8774 0
8774 0
8810 0
8810 26.23
8810 0
8810 0
8810 0
8810 0
8810 0
8810 0
8810 26.63
8810 0
8810 0
8810 0
8810 0
8810 0
8810 0
8810 0
8810 0
8810 0
8810 0
8810 0
8810 0
8810 0
8810 0
8810 0
8810 0
8810 0
8810 0
8810 33.28
8810 0
8810 0
8810 0
8810 0
8810 0
8810 0
8810 0
8810 0
8810 0
8810 0
8811 0
8811 1.89
8811 0
8811 0
8811 0
8811 0
8811 0
8811 0
8811 12.15
8811 0
8811 0
8811 0
8811 0
8811 0
8811 0
8811 0
8811 0
8811 0
8811 0
8811 0
8811 0
8811 0
8811 0
8811 0
8811 0
8811 0
8811 0
8811 31.02
8811 0
8811 0
8811 52.78
8811 0
8811 0
8811 0
8811 0
8811 0
8811 0
8811 0
8813 0
8813 0.93
8813 0
8813 0
8813 0
8813 0
8813 0
8813 0
8813 0.95
8813 0
8813 0
8813 0
8813 2.19
8813 28
8813 0
8813 0
8813 0
8813 0
8813 0
8813 0
8813 0
8813 0
8813 0
8813 0
8813 51.41
8813 0
8813 0
8813 12.39
8813 0
8813 0
8813 36.52
8813 0
8813 0
8813 0
8813 0
8813 0
8813 0
8813 0
8850 0
8850 1.89
8850 0
8850 0
8850 0
8850 0
8850 0
8850 0
8850 12.15
8850 0
8850 0
8850 0
8850 0
8850 0
8850 0
8850 0
8850 0
8850 0
8850 0
8850 0
8850 0
8850 0
8850 0
8850 0
8850 0
8850 0
8850 0
8850 31.02
8850 0
8850 0
8850 52.78
8850 0
8850 0
8850 0
8850 0
8850 0
8850 0
8850 0
8851 0
8851 1.71
8851 0
8851 0
8851 0
8851 0
8851 0
8851 0
8851 1.39
8851 0
8851 0
8851 0
8851 0.75
8851 34.52
8851 0
8851 0
8851 0
8851 0
8851 0
8851 0
8851 0
8851 0
8851 0
8851 0
8851 0
8851 0
8851 0
8851 66.53
8851 0
8851 0
8851 49.2
8851 0
8851 0
8851 0
8851 0
8851 0
8851 0
8851 0
8887 0
8887 0.93
8887 0
8887 0
8887 0
8887 0
8887 0
8887 0
8887 0.88
8887 0
8887 0
8887 0
8887 1.61
8887 26.28
8887 0
8887 0
8887 0
8887 0
8887 0
8887 0
8887 0
8887 0
8887 0
8887 0
8887 0
8887 0
8887 0
8887 38.03
8887 0
8887 0
8887 43.23
8887 0
8887 0
8887 0
8887 0
8887 0
8887 0
8887 0
8952 0
8952 0
8952 0
8952 0
8952 0
8952 0
8952 0
8952 0
8952 30.83
8952 0
8952 0
8952 0
8952 0
8952 0
8952 0
8952 0
8952 0
8952 0
8952 0
8952 0
8952 0
8952 0
8952 0
8952 0
8952 0
8952 0
8952 0
8952 0
8952 0
8952 0
8952 0
8952 0
8952 0
8952 0
8952 0
8952 0
8952 0
8952 0
8985 0
8985 0.7
8985 0
8985 0
8985 0
8985 0
8985 0
8985 0
8985 1.31
8985 0
8985 0
8985 0
8985 28.23
8985 36.19
8985 0
8985 0
8985 0
8985 0
8985 0
8985 0
8985 0
8985 0
8985 0
8985 0
8985 39.23
8985 0
8985 0
8985 1.82
8985 0
8985 0
8985 34.35
8985 0
8985 0
8985 0
8985 0
8985 0
8985 0
8985 0
9016 0
9016 2.15
9016 0
9016 0
9016 0
9016 0
9016 0
9016 0
9016 1
9016 0
9016 0
9016 0
9016 28.23
9016 36.19
9016 0
9016 0
9016 0
9016 0
9016 0
9016 0
9016 0
9016 0
9016 0
9016 0
9016 39.23
9016 0
9016 0
9016 1.82
9016 0
9016 0
9016 34.35
9016 0
9016 0
9016 0
9016 0
9016 0
9016 0
9016 0
9046 0
9046 1.94
9046 0
9046 0
9046 0
9046 0
9046 0
9046 0
9046 1.17
9046 0
9046 0
9046 0
9046 46.19
9046 53.1
9046 0
9046 0
9046 0
9046 0
9046 0
9046 0
9046 0
9046 0
9046 0
9046 0
9046 43.58
9046 0
9046 0
9046 2.33
9046 0
9046 0
9046 52.91
9046 0
9046 0
9046 0
9046 0
9046 0
9046 0
9046 0
9074 0
9074 0.92
9074 0
9074 0
9074 0
9074 0
9074 0
9074 0
9074 1.02
9074 0
9074 0
9074 0
9074 28.23
9074 36.19
9074 0
9074 0
9074 0
9074 0
9074 0
9074 0
9074 0
9074 0
9074 0
9074 0
9074 39.23
9074 0
9074 0
9074 28.2
9074 0
9074 0
9074 34.35
9074 0
9074 0
9074 0
9074 0
9074 0
9074 0
9074 0
9102 0
9102 1.56
9102 0
9102 0
9102 0
9102 0
9102 0
9102 0
9102 29.63
9102 0
9102 0
9102 0
9102 28.23
9102 36.19
9102 0
9102 0
9102 0
9102 0
9102 0
9102 0
9102 0
9102 0
9102 0
9102 0
9102 39.23
9102 0
9102 0
9102 28.2
9102 0
9102 0
9102 34.35
9102 0
9102 0
9102 0
9102 0
9102 0
9102 0
9102 0
