pt_graph cpue_kghour
2010 0
2010 0
2010 0
2010 0
2010 0
2010 0
2010 0
2010 0
2010 0
2010 0
2010 0
2010 66
2010 0
2010 0
2010 0
2010 0
2010 0
2010 0
2010 0
2010 0
2010 0
2010 0
2010 0
2010 0
2010 0
2010 6
2010 0
2010 0
2010 9
2010 0
2010 0
2010 0
2010 0
2010 0
2010 0
2010 0
2010 0
2010 0
2011 0
2011 0
2011 0
2011 0
2011 0
2011 0
2011 0
2011 0
2011 0
2011 0
2011 0
2011 66
2011 0
2011 0
2011 0
2011 0
2011 0
2011 0
2011 0
2011 0
2011 0
2011 0
2011 0
2011 0
2011 0
2011 6
2011 0
2011 0
2011 9
2011 0
2011 0
2011 0
2011 0
2011 0
2011 0
2011 0
2011 0
2011 0
2098 0
2098 0
2098 0
2098 0
2098 0
2098 0
2098 0
2098 0
2098 0
2098 0
2098 0
2098 21
2098 0
2098 0
2098 0
2098 0
2098 0
2098 0
2098 0
2098 0
2098 0
2098 0
2098 0
2098 0
2098 0
2098 2
2098 0
2098 0
2098 2
2098 0
2098 0
2098 0
2098 0
2098 0
2098 0
2098 0
2098 0
2098 0
2099 0
2099 0
2099 0
2099 0
2099 0
2099 0
2099 0
2099 0
2099 0
2099 0
2099 0
2099 21
2099 0
2099 0
2099 0
2099 0
2099 0
2099 0
2099 0
2099 0
2099 0
2099 0
2099 0
2099 0
2099 0
2099 2
2099 0
2099 0
2099 2
2099 0
2099 0
2099 0
2099 0
2099 0
2099 0
2099 0
2099 0
2099 0
2100 0
2100 0
2100 0
2100 0
2100 0
2100 0
2100 0
2100 0
2100 0
2100 0
2100 0
2100 66
2100 0
2100 0
2100 0
2100 0
2100 0
2100 0
2100 0
2100 0
2100 0
2100 0
2100 0
2100 0
2100 0
2100 6
2100 0
2100 0
2100 9
2100 0
2100 0
2100 0
2100 0
2100 0
2100 0
2100 0
2100 0
2100 0
2103 0
2103 0
2103 0
2103 0
2103 0
2103 0
2103 0
2103 0
2103 0
2103 0
2103 0
2103 93
2103 0
2103 0
2103 0
2103 0
2103 0
2103 0
2103 0
2103 0
2103 0
2103 0
2103 0
2103 0
2103 0
2103 8
2103 0
2103 0
2103 13
2103 0
2103 0
2103 0
2103 0
2103 0
2103 0
2103 0
2103 0
2103 0
2188 0
2188 0
2188 0
2188 0
2188 0
2188 0
2188 0
2188 0
2188 0
2188 0
2188 0
2188 21
2188 0
2188 0
2188 0
2188 0
2188 0
2188 0
2188 0
2188 0
2188 0
2188 0
2188 0
2188 0
2188 0
2188 2
2188 0
2188 0
2188 2
2188 0
2188 0
2188 0
2188 0
2188 0
2188 0
2188 0
2188 0
2188 0
2189 0
2189 0
2189 0
2189 0
2189 0
2189 0
2189 0
2189 0
2189 0
2189 0
2189 0
2189 42
2189 0
2189 0
2189 0
2189 0
2189 0
2189 0
2189 0
2189 0
2189 0
2189 0
2189 0
2189 0
2189 0
2189 0
2189 0
2189 0
2189 0
2189 0
2189 0
2189 0
2189 0
2189 0
2189 0
2189 0
2189 0
2189 0
2191 0
2191 0
2191 0
2191 0
2191 0
2191 0
2191 0
2191 0
2191 0
2191 0
2191 0
2191 121
2191 0
2191 0
2191 0
2191 0
2191 0
2191 0
2191 0
2191 0
2191 0
2191 0
2191 0
2191 0
2191 0
2191 10
2191 0
2191 0
2191 18
2191 0
2191 0
2191 0
2191 0
2191 0
2191 0
2191 0
2191 0
2191 0
2193 0
2193 0
2193 0
2193 0
2193 0
2193 0
2193 0
2193 0
2193 0
2193 0
2193 0
2193 93
2193 0
2193 0
2193 0
2193 0
2193 0
2193 0
2193 0
2193 0
2193 0
2193 0
2193 0
2193 0
2193 0
2193 8
2193 0
2193 0
2193 13
2193 0
2193 0
2193 0
2193 0
2193 0
2193 0
2193 0
2193 0
2193 0
2272 0
2272 0
2272 0
2272 0
2272 0
2272 0
2272 0
2272 0
2272 0
2272 0
2272 95
2272 0
2272 0
2272 0
2272 0
2272 0
2272 0
2272 0
2272 0
2272 0
2272 0
2272 0
2272 0
2272 0
2272 0
2272 0
2272 0
2272 0
2272 3
2272 0
2272 0
2272 0
2272 0
2272 0
2272 0
2272 0
2272 0
2272 0
2273 0
2273 0
2273 0
2273 0
2273 0
2273 0
2273 0
2273 0
2273 0
2273 0
2273 0
2273 95
2273 0
2273 0
2273 0
2273 0
2273 0
2273 0
2273 0
2273 0
2273 0
2273 0
2273 0
2273 0
2273 0
2273 0
2273 0
2273 0
2273 3
2273 0
2273 0
2273 0
2273 0
2273 0
2273 0
2273 0
2273 0
2273 0
2274 0
2274 0
2274 0
2274 0
2274 0
2274 0
2274 0
2274 0
2274 0
2274 0
2274 0
2274 64
2274 0
2274 0
2274 0
2274 0
2274 0
2274 0
2274 0
2274 0
2274 0
2274 0
2274 0
2274 0
2274 0
2274 3
2274 0
2274 0
2274 3
2274 0
2274 0
2274 0
2274 0
2274 0
2274 0
2274 0
2274 0
2274 0
2275 0
2275 0
2275 0
2275 0
2275 0
2275 0
2275 0
2275 0
2275 0
2275 0
2275 0
2275 62
2275 0
2275 0
2275 0
2275 0
2275 0
2275 0
2275 0
2275 0
2275 0
2275 0
2275 0
2275 0
2275 0
2275 8
2275 0
2275 0
2275 3
2275 0
2275 0
2275 0
2275 0
2275 0
2275 0
2275 0
2275 0
2275 0
2276 0
2276 0
2276 0
2276 0
2276 0
2276 0
2276 0
2276 0
2276 0
2276 0
2276 0
2276 103
2276 0
2276 0
2276 0
2276 0
2276 0
2276 0
2276 0
2276 0
2276 0
2276 0
2276 0
2276 0
2276 0
2276 30
2276 0
2276 0
2276 14
2276 0
2276 0
2276 0
2276 0
2276 0
2276 0
2276 0
2276 0
2276 0
2278 0
2278 0
2278 0
2278 0
2278 0
2278 0
2278 0
2278 0
2278 0
2278 0
2278 0
2278 66
2278 0
2278 0
2278 0
2278 0
2278 0
2278 0
2278 0
2278 0
2278 0
2278 0
2278 0
2278 0
2278 0
2278 6
2278 0
2278 0
2278 9
2278 0
2278 0
2278 0
2278 0
2278 0
2278 0
2278 0
2278 0
2278 0
2359 0
2359 0
2359 0
2359 0
2359 0
2359 0
2359 0
2359 0
2359 0
2359 0
2359 42
2359 0
2359 0
2359 0
2359 0
2359 0
2359 0
2359 0
2359 0
2359 0
2359 0
2359 0
2359 0
2359 0
2359 0
2359 0
2359 0
2359 0
2359 0
2359 0
2359 0
2359 0
2359 0
2359 0
2359 0
2359 0
2359 0
2359 0
2360 0
2360 0
2360 0
2360 0
2360 0
2360 0
2360 0
2360 0
2360 0
2360 0
2360 0
2360 64
2360 0
2360 0
2360 0
2360 0
2360 0
2360 0
2360 0
2360 0
2360 0
2360 0
2360 0
2360 0
2360 0
2360 3
2360 0
2360 0
2360 3
2360 0
2360 0
2360 0
2360 0
2360 0
2360 0
2360 0
2360 0
2360 0
2361 0
2361 0
2361 0
2361 0
2361 0
2361 0
2361 0
2361 0
2361 0
2361 0
2361 0
2361 53
2361 0
2361 0
2361 0
2361 0
2361 0
2361 0
2361 0
2361 0
2361 0
2361 0
2361 0
2361 0
2361 0
2361 2
2361 0
2361 0
2361 1
2361 0
2361 0
2361 0
2361 0
2361 0
2361 0
2361 0
2361 0
2361 0
2362 0
2362 0
2362 0
2362 0
2362 0
2362 0
2362 0
2362 0
2362 0
2362 0
2362 0
2362 57
2362 0
2362 0
2362 0
2362 0
2362 0
2362 0
2362 0
2362 0
2362 0
2362 0
2362 0
2362 0
2362 0
2362 2
2362 0
2362 0
2362 0
2362 0
2362 0
2362 0
2362 0
2362 0
2362 0
2362 0
2362 0
2362 0
2363 0
2363 0
2363 0
2363 0
2363 0
2363 0
2363 0
2363 0
2363 0
2363 0
2363 0
2363 82
2363 0
2363 0
2363 0
2363 0
2363 0
2363 0
2363 0
2363 0
2363 0
2363 0
2363 0
2363 0
2363 0
2363 4
2363 0
2363 0
2363 11
2363 0
2363 0
2363 0
2363 0
2363 0
2363 0
2363 0
2363 0
2363 0
2364 0
2364 0
2364 0
2364 0
2364 0
2364 0
2364 0
2364 0
2364 0
2364 0
2364 0
2364 131
2364 0
2364 0
2364 0
2364 0
2364 0
2364 0
2364 0
2364 0
2364 0
2364 0
2364 0
2364 0
2364 0
2364 9
2364 0
2364 0
2364 33
2364 0
2364 0
2364 0
2364 0
2364 0
2364 0
2364 0
2364 0
2364 0
2365 0
2365 0
2365 0
2365 0
2365 0
2365 0
2365 0
2365 0
2365 0
2365 0
2365 0
2365 131
2365 0
2365 0
2365 0
2365 0
2365 0
2365 0
2365 0
2365 0
2365 0
2365 0
2365 0
2365 0
2365 0
2365 16
2365 0
2365 0
2365 27
2365 0
2365 0
2365 0
2365 0
2365 0
2365 0
2365 0
2365 0
2365 0
2446 0
2446 0
2446 0
2446 0
2446 0
2446 0
2446 0
2446 0
2446 0
2446 0
2446 0
2446 95
2446 0
2446 0
2446 0
2446 0
2446 0
2446 0
2446 0
2446 0
2446 0
2446 0
2446 0
2446 0
2446 0
2446 0
2446 0
2446 0
2446 3
2446 0
2446 0
2446 0
2446 0
2446 0
2446 0
2446 0
2446 0
2446 0
2447 0
2447 0
2447 0
2447 0
2447 0
2447 0
2447 0
2447 0
2447 0
2447 0
2447 0
2447 64
2447 0
2447 0
2447 0
2447 0
2447 0
2447 0
2447 0
2447 0
2447 0
2447 0
2447 0
2447 0
2447 0
2447 3
2447 0
2447 0
2447 3
2447 0
2447 0
2447 0
2447 0
2447 0
2447 0
2447 0
2447 0
2447 0
2448 0
2448 0
2448 0
2448 0
2448 0
2448 0
2448 0
2448 0
2448 0
2448 0
2448 0
2448 66
2448 0
2448 0
2448 0
2448 0
2448 0
2448 0
2448 0
2448 0
2448 0
2448 0
2448 0
2448 0
2448 0
2448 3
2448 0
2448 0
2448 2
2448 0
2448 0
2448 0
2448 0
2448 0
2448 0
2448 0
2448 0
2448 0
2449 0
2449 0
2449 0
2449 0
2449 0
2449 0
2449 0
2449 0
2449 0
2449 0
2449 0
2449 64
2449 0
2449 0
2449 0
2449 0
2449 0
2449 0
2449 0
2449 0
2449 0
2449 0
2449 0
2449 0
2449 0
2449 5
2449 0
2449 0
2449 6
2449 0
2449 0
2449 0
2449 0
2449 0
2449 0
2449 0
2449 0
2449 0
2450 0
2450 0
2450 0
2450 0
2450 0
2450 0
2450 0
2450 0
2450 0
2450 0
2450 0
2450 190
2450 0
2450 0
2450 0
2450 0
2450 0
2450 0
2450 0
2450 0
2450 0
2450 0
2450 0
2450 0
2450 0
2450 22
2450 0
2450 0
2450 22
2450 0
2450 0
2450 0
2450 0
2450 0
2450 0
2450 0
2450 0
2450 0
2451 0
2451 0
2451 0
2451 0
2451 0
2451 0
2451 0
2451 0
2451 0
2451 0
2451 0
2451 122
2451 0
2451 0
2451 0
2451 0
2451 0
2451 0
2451 0
2451 0
2451 0
2451 0
2451 0
2451 0
2451 0
2451 13
2451 0
2451 0
2451 8
2451 0
2451 0
2451 0
2451 0
2451 0
2451 0
2451 0
2451 0
2451 0
2452 0
2452 0
2452 0
2452 0
2452 0
2452 0
2452 0
2452 0
2452 0
2452 0
2452 0
2452 150
2452 0
2452 0
2452 0
2452 0
2452 0
2452 0
2452 0
2452 0
2452 0
2452 0
2452 0
2452 0
2452 0
2452 7
2452 0
2452 0
2452 0
2452 0
2452 0
2452 0
2452 0
2452 0
2452 0
2452 0
2452 0
2452 0
2531 0
2531 0
2531 0
2531 0
2531 0
2531 0
2531 0
2531 0
2531 0
2531 0
2531 0
2531 64
2531 0
2531 0
2531 0
2531 0
2531 0
2531 0
2531 0
2531 0
2531 0
2531 0
2531 0
2531 0
2531 0
2531 3
2531 0
2531 0
2531 3
2531 0
2531 0
2531 0
2531 0
2531 0
2531 0
2531 0
2531 0
2531 0
2532 0
2532 0
2532 0
2532 0
2532 0
2532 0
2532 0
2532 0
2532 0
2532 0
2532 0
2532 95
2532 0
2532 0
2532 0
2532 0
2532 0
2532 0
2532 0
2532 0
2532 0
2532 0
2532 0
2532 0
2532 0
2532 0
2532 0
2532 0
2532 3
2532 0
2532 0
2532 0
2532 0
2532 0
2532 0
2532 0
2532 0
2532 0
2533 0
2533 0
2533 0
2533 0
2533 0
2533 0
2533 0
2533 0
2533 0
2533 0
2533 0
2533 131
2533 0
2533 0
2533 0
2533 0
2533 0
2533 0
2533 0
2533 0
2533 0
2533 0
2533 0
2533 0
2533 0
2533 9
2533 0
2533 0
2533 33
2533 0
2533 0
2533 0
2533 0
2533 0
2533 0
2533 0
2533 0
2533 0
2534 0
2534 0
2534 0
2534 0
2534 0
2534 0
2534 0
2534 0
2534 0
2534 0
2534 0
2534 158
2534 0
2534 0
2534 0
2534 0
2534 0
2534 0
2534 0
2534 0
2534 0
2534 0
2534 0
2534 0
2534 0
2534 16
2534 0
2534 0
2534 25
2534 0
2534 0
2534 0
2534 0
2534 0
2534 0
2534 0
2534 0
2534 0
2535 0
2535 0
2535 0
2535 0
2535 0
2535 0
2535 0
2535 0
2535 0
2535 0
2535 0
2535 290
2535 0
2535 0
2535 0
2535 0
2535 0
2535 0
2535 0
2535 0
2535 0
2535 0
2535 0
2535 0
2535 0
2535 35
2535 0
2535 0
2535 46
2535 0
2535 0
2535 0
2535 0
2535 0
2535 0
2535 0
2535 0
2535 0
2536 0
2536 0
2536 0
2536 0
2536 0
2536 0
2536 0
2536 0
2536 0
2536 0
2536 0
2536 132
2536 0
2536 0
2536 0
2536 0
2536 0
2536 0
2536 0
2536 0
2536 0
2536 0
2536 0
2536 0
2536 0
2536 17
2536 0
2536 0
2536 11
2536 0
2536 0
2536 0
2536 0
2536 0
2536 0
2536 0
2536 0
2536 0
2537 0
2537 0
2537 0
2537 0
2537 0
2537 0
2537 0
2537 0
2537 0
2537 0
2537 0
2537 107
2537 0
2537 0
2537 0
2537 0
2537 0
2537 0
2537 0
2537 0
2537 0
2537 0
2537 0
2537 0
2537 0
2537 5
2537 0
2537 0
2537 0
2537 0
2537 0
2537 0
2537 0
2537 0
2537 0
2537 0
2537 0
2537 0
2538 0
2538 0
2538 0
2538 0
2538 0
2538 0
2538 0
2538 0
2538 0
2538 0
2538 0
2538 150
2538 0
2538 0
2538 0
2538 0
2538 0
2538 0
2538 0
2538 0
2538 0
2538 0
2538 0
2538 0
2538 0
2538 7
2538 0
2538 0
2538 0
2538 0
2538 0
2538 0
2538 0
2538 0
2538 0
2538 0
2538 0
2538 0
2616 0
2616 0
2616 0
2616 0
2616 0
2616 0
2616 0
2616 0
2616 0
2616 0
2616 0
2616 66
2616 0
2616 0
2616 0
2616 0
2616 0
2616 0
2616 0
2616 0
2616 0
2616 0
2616 0
2616 0
2616 0
2616 31
2616 0
2616 0
2616 0
2616 0
2616 0
2616 0
2616 0
2616 0
2616 0
2616 0
2616 0
2616 0
2620 0
2620 0
2620 0
2620 0
2620 0
2620 0
2620 0
2620 0
2620 0
2620 0
2620 0
2620 88
2620 0
2620 0
2620 0
2620 0
2620 0
2620 0
2620 0
2620 0
2620 0
2620 0
2620 0
2620 0
2620 0
2620 6
2620 0
2620 0
2620 15
2620 0
2620 0
2620 0
2620 0
2620 0
2620 0
2620 0
2620 0
2620 0
2621 0
2621 0
2621 0
2621 0
2621 0
2621 0
2621 0
2621 0
2621 0
2621 0
2621 0
2621 86
2621 0
2621 0
2621 0
2621 0
2621 0
2621 0
2621 0
2621 0
2621 0
2621 0
2621 0
2621 0
2621 0
2621 5
2621 0
2621 0
2621 1
2621 0
2621 0
2621 0
2621 0
2621 0
2621 0
2621 0
2621 0
2621 0
2622 0
2622 0
2622 0
2622 0
2622 0
2622 0
2622 0
2622 0
2622 0
2622 0
2622 0
2622 201
2622 0
2622 0
2622 0
2622 0
2622 0
2622 0
2622 0
2622 0
2622 0
2622 0
2622 0
2622 0
2622 0
2622 24
2622 0
2622 0
2622 28
2622 0
2622 0
2622 0
2622 0
2622 0
2622 0
2622 0
2622 0
2622 0
2701 0
2701 0
2701 0
2701 0
2701 0
2701 0
2701 0
2701 0
2701 0
2701 0
2701 0
2701 33
2701 0
2701 0
2701 0
2701 0
2701 0
2701 0
2701 0
2701 0
2701 0
2701 0
2701 0
2701 0
2701 0
2701 0
2701 0
2701 0
2701 1
2701 0
2701 0
2701 0
2701 0
2701 0
2701 0
2701 0
2701 0
2701 0
2704 0
2704 0
2704 0
2704 0
2704 0
2704 0
2704 0
2704 0
2704 0
2704 0
2704 0
2704 149
2704 0
2704 0
2704 0
2704 0
2704 0
2704 0
2704 0
2704 0
2704 0
2704 0
2704 0
2704 0
2704 0
2704 27
2704 0
2704 0
2704 32
2704 0
2704 0
2704 0
2704 0
2704 0
2704 0
2704 0
2704 0
2704 0
2789 0
2789 0
2789 0
2789 0
2789 0
2789 0
2789 0
2789 0
2789 0
2789 0
2789 0
2789 150
2789 0
2789 0
2789 0
2789 0
2789 0
2789 0
2789 0
2789 0
2789 0
2789 0
2789 0
2789 0
2789 0
2789 7
2789 0
2789 0
2789 0
2789 0
2789 0
2789 0
2789 0
2789 0
2789 0
2789 0
2789 0
2789 0
2882 0
2882 0
2882 0
2882 0
2882 0
2882 0
2882 0
2882 0
2882 0
2882 0
2882 0
2882 21
2882 0
2882 0
2882 0
2882 0
2882 0
2882 0
2882 0
2882 0
2882 0
2882 0
2882 0
2882 0
2882 0
2882 2
2882 0
2882 0
2882 2
2882 0
2882 0
2882 0
2882 0
2882 0
2882 0
2882 0
2882 0
2882 0
2883 0
2883 0
2883 0
2883 0
2883 0
2883 0
2883 0
2883 0
2883 0
2883 0
2883 0
2883 21
2883 0
2883 0
2883 0
2883 0
2883 0
2883 0
2883 0
2883 0
2883 0
2883 0
2883 0
2883 0
2883 0
2883 2
2883 0
2883 0
2883 2
2883 0
2883 0
2883 0
2883 0
2883 0
2883 0
2883 0
2883 0
2883 0
2984 0
2984 0
2984 0
2984 0
2984 0
2984 0
2984 0
2984 0
2984 0
2984 0
2984 0
2984 21
2984 0
2984 0
2984 0
2984 0
2984 0
2984 0
2984 0
2984 0
2984 0
2984 0
2984 0
2984 0
2984 0
2984 2
2984 0
2984 0
2984 2
2984 0
2984 0
2984 0
2984 0
2984 0
2984 0
2984 0
2984 0
2984 0
3080 0
3080 0
3080 0
3080 0
3080 0
3080 0
3080 0
3080 0
3080 0
3080 0
3080 0
3080 158
3080 0
3080 0
3080 0
3080 0
3080 0
3080 0
3080 0
3080 0
3080 0
3080 0
3080 0
3080 0
3080 0
3080 24
3080 0
3080 0
3080 2
3080 0
3080 0
3080 0
3080 0
3080 0
3080 0
3080 0
3080 0
3080 0
3177 0
3177 0
3177 0
3177 0
3177 0
3177 0
3177 0
3177 0
3177 0
3177 0
3177 0
3177 79
3177 0
3177 0
3177 0
3177 0
3177 0
3177 0
3177 0
3177 0
3177 0
3177 0
3177 0
3177 0
3177 0
3177 0
3177 0
3177 0
3177 0
3177 0
3177 0
3177 0
3177 0
3177 0
3177 0
3177 0
3177 0
3177 0
3178 0
3178 0
3178 0
3178 0
3178 0
3178 0
3178 0
3178 0
3178 0
3178 0
3178 0
3178 158
3178 0
3178 0
3178 0
3178 0
3178 0
3178 0
3178 0
3178 0
3178 0
3178 0
3178 0
3178 0
3178 0
3178 24
3178 0
3178 0
3178 2
3178 0
3178 0
3178 0
3178 0
3178 0
3178 0
3178 0
3178 0
3178 0
3365 0
3365 0
3365 0
3365 0
3365 0
3365 0
3365 0
3365 0
3365 0
3365 0
3365 0
3365 132
3365 0
3365 0
3365 0
3365 0
3365 0
3365 0
3365 0
3365 0
3365 0
3365 0
3365 0
3365 0
3365 0
3365 16
3365 0
3365 0
3365 1
3365 0
3365 0
3365 0
3365 0
3365 0
3365 0
3365 0
3365 0
3365 0
3449 0
3449 0
3449 0
3449 0
3449 0
3449 0
3449 0
3449 0
3449 0
3449 0
3449 0
3449 118
3449 0
3449 0
3449 0
3449 0
3449 0
3449 0
3449 0
3449 0
3449 0
3449 0
3449 0
3449 0
3449 0
3449 12
3449 0
3449 0
3449 1
3449 0
3449 0
3449 0
3449 0
3449 0
3449 0
3449 0
3449 0
3449 0
3450 0
3450 0
3450 0
3450 0
3450 0
3450 0
3450 0
3450 0
3450 0
3450 0
3450 0
3450 79
3450 0
3450 0
3450 0
3450 0
3450 0
3450 0
3450 0
3450 0
3450 0
3450 0
3450 0
3450 0
3450 0
3450 0
3450 0
3450 0
3450 0
3450 0
3450 0
3450 0
3450 0
3450 0
3450 0
3450 0
3450 0
3450 0
3534 0
3534 0
3534 0
3534 0
3534 0
3534 0
3534 0
3534 0
3534 0
3534 0
3534 0
3534 79
3534 0
3534 0
3534 0
3534 0
3534 0
3534 0
3534 0
3534 0
3534 0
3534 0
3534 0
3534 0
3534 0
3534 0
3534 0
3534 0
3534 0
3534 0
3534 0
3534 0
3534 0
3534 0
3534 0
3534 0
3534 0
3534 0
3535 0
3535 0
3535 0
3535 0
3535 0
3535 0
3535 0
3535 0
3535 0
3535 0
3535 0
3535 79
3535 0
3535 0
3535 0
3535 0
3535 0
3535 0
3535 0
3535 0
3535 0
3535 0
3535 0
3535 0
3535 0
3535 0
3535 0
3535 0
3535 0
3535 0
3535 0
3535 0
3535 0
3535 0
3535 0
3535 0
3535 0
3535 0
3620 0
3620 0
3620 0
3620 0
3620 0
3620 0
3620 0
3620 0
3620 0
3620 0
3620 0
3620 79
3620 0
3620 0
3620 0
3620 0
3620 0
3620 0
3620 0
3620 0
3620 0
3620 0
3620 0
3620 0
3620 0
3620 0
3620 0
3620 0
3620 0
3620 0
3620 0
3620 0
3620 0
3620 0
3620 0
3620 0
3620 0
3620 0
3702 0
3702 0
3702 0
3702 0
3702 0
3702 0
3702 0
3702 0
3702 0
3702 0
3702 0
3702 37
3702 0
3702 0
3702 0
3702 0
3702 0
3702 0
3702 0
3702 0
3702 0
3702 0
3702 0
3702 0
3702 0
3702 0
3702 0
3702 0
3702 0
3702 0
3702 0
3702 0
3702 0
3702 0
3702 0
3702 0
3702 0
3702 0
3703 0
3703 0
3703 0
3703 0
3703 0
3703 0
3703 0
3703 0
3703 0
3703 0
3703 0
3703 37
3703 0
3703 0
3703 0
3703 0
3703 0
3703 0
3703 0
3703 0
3703 0
3703 0
3703 0
3703 0
3703 0
3703 0
3703 0
3703 0
3703 0
3703 0
3703 0
3703 0
3703 0
3703 0
3703 0
3703 0
3703 0
3703 0
3788 0
3788 0
3788 0
3788 0
3788 0
3788 0
3788 0
3788 0
3788 0
3788 0
3788 0
3788 37
3788 0
3788 0
3788 0
3788 0
3788 0
3788 0
3788 0
3788 0
3788 0
3788 0
3788 0
3788 0
3788 0
3788 0
3788 0
3788 0
3788 0
3788 0
3788 0
3788 0
3788 0
3788 0
3788 0
3788 0
3788 0
3788 0
3790 0
3790 0
3790 0
3790 0
3790 0
3790 0
3790 0
3790 0
3790 0
3790 0
3790 0
3790 58
3790 0
3790 0
3790 0
3790 0
3790 0
3790 0
3790 0
3790 0
3790 0
3790 0
3790 0
3790 0
3790 0
3790 0
3790 0
3790 0
3790 0
3790 0
3790 0
3790 0
3790 0
3790 0
3790 0
3790 0
3790 0
3790 0
3791 0
3791 0
3791 0
3791 0
3791 0
3791 0
3791 0
3791 0
3791 0
3791 0
3791 0
3791 79
3791 0
3791 0
3791 0
3791 0
3791 0
3791 0
3791 0
3791 0
3791 0
3791 0
3791 0
3791 0
3791 0
3791 0
3791 0
3791 0
3791 0
3791 0
3791 0
3791 0
3791 0
3791 0
3791 0
3791 0
3791 0
3791 0
3877 0
3877 0
3877 0
3877 0
3877 0
3877 0
3877 0
3877 0
3877 0
3877 0
3877 0
3877 37
3877 0
3877 0
3877 0
3877 0
3877 0
3877 0
3877 0
3877 0
3877 0
3877 0
3877 0
3877 0
3877 0
3877 0
3877 0
3877 0
3877 0
3877 0
3877 0
3877 0
3877 0
3877 0
3877 0
3877 0
3877 0
3877 0
3972 0
3972 0
3972 0
3972 0
3972 0
3972 0
3972 0
3972 0
3972 0
3972 0
3972 0
3972 134
3972 0
3972 0
3972 0
3972 0
3972 0
3972 0
3972 0
3972 0
3972 0
3972 0
3972 0
3972 0
3972 0
3972 10
3972 0
3972 0
3972 1
3972 0
3972 0
3972 0
3972 0
3972 0
3972 0
3972 0
3972 0
3972 0
3976 0
3976 0
3976 0
3976 0
3976 0
3976 0
3976 0
3976 0
3976 0
3976 0
3976 0
3976 52
3976 0
3976 0
3976 0
3976 0
3976 0
3976 0
3976 0
3976 0
3976 0
3976 0
3976 0
3976 0
3976 0
3976 9
3976 0
3976 0
3976 0
3976 0
3976 0
3976 0
3976 0
3976 0
3976 0
3976 0
3976 0
3976 0
3978 0
3978 0
3978 0
3978 0
3978 0
3978 0
3978 0
3978 0
3978 0
3978 0
3978 0
3978 52
3978 0
3978 0
3978 0
3978 0
3978 0
3978 0
3978 0
3978 0
3978 0
3978 0
3978 0
3978 0
3978 0
3978 9
3978 0
3978 0
3978 0
3978 0
3978 0
3978 0
3978 0
3978 0
3978 0
3978 0
3978 0
3978 0
3979 0
3979 0
3979 0
3979 0
3979 0
3979 0
3979 0
3979 0
3979 0
3979 0
3979 0
3979 52
3979 0
3979 0
3979 0
3979 0
3979 0
3979 0
3979 0
3979 0
3979 0
3979 0
3979 0
3979 0
3979 0
3979 9
3979 0
3979 0
3979 0
3979 0
3979 0
3979 0
3979 0
3979 0
3979 0
3979 0
3979 0
3979 0
4060 0
4060 0
4060 0
4060 0
4060 0
4060 0
4060 0
4060 0
4060 0
4060 0
4060 0
4060 134
4060 0
4060 0
4060 0
4060 0
4060 0
4060 0
4060 0
4060 0
4060 0
4060 0
4060 0
4060 0
4060 0
4060 10
4060 0
4060 0
4060 1
4060 0
4060 0
4060 0
4060 0
4060 0
4060 0
4060 0
4060 0
4060 0
4061 0
4061 0
4061 0
4061 0
4061 0
4061 0
4061 0
4061 0
4061 0
4061 0
4061 0
4061 134
4061 0
4061 0
4061 0
4061 0
4061 0
4061 0
4061 0
4061 0
4061 0
4061 0
4061 0
4061 0
4061 0
4061 10
4061 0
4061 0
4061 1
4061 0
4061 0
4061 0
4061 0
4061 0
4061 0
4061 0
4061 0
4061 0
4062 0
4062 0
4062 0
4062 0
4062 0
4062 0
4062 0
4062 0
4062 0
4062 0
4062 0
4062 120
4062 0
4062 0
4062 0
4062 0
4062 0
4062 0
4062 0
4062 0
4062 0
4062 0
4062 0
4062 0
4062 0
4062 5
4062 0
4062 0
4062 1
4062 0
4062 0
4062 0
4062 0
4062 0
4062 0
4062 0
4062 0
4062 0
4064 0
4064 0
4064 0
4064 0
4064 0
4064 0
4064 0
4064 0
4064 0
4064 0
4064 0
4064 107
4064 0
4064 0
4064 0
4064 0
4064 0
4064 0
4064 0
4064 0
4064 0
4064 0
4064 0
4064 0
4064 0
4064 0
4064 0
4064 0
4064 1
4064 0
4064 0
4064 0
4064 0
4064 0
4064 0
4064 0
4064 0
4064 0
4068 0
4068 0
4068 0
4068 0
4068 0
4068 0
4068 0
4068 0
4068 0
4068 0
4068 0
4068 113
4068 0
4068 0
4068 0
4068 0
4068 0
4068 0
4068 0
4068 0
4068 0
4068 0
4068 0
4068 0
4068 0
4068 0
4068 0
4068 0
4068 1
4068 0
4068 0
4068 0
4068 0
4068 0
4068 0
4068 0
4068 0
4068 0
4070 0
4070 0
4070 0
4070 0
4070 0
4070 0
4070 0
4070 0
4070 0
4070 0
4070 0
4070 83
4070 0
4070 0
4070 0
4070 0
4070 0
4070 0
4070 0
4070 0
4070 0
4070 0
4070 0
4070 0
4070 0
4070 4
4070 0
4070 0
4070 0
4070 0
4070 0
4070 0
4070 0
4070 0
4070 0
4070 0
4070 0
4070 0
4150 0
4150 0
4150 0
4150 0
4150 0
4150 0
4150 0
4150 0
4150 0
4150 0
4150 0
4150 107
4150 0
4150 0
4150 0
4150 0
4150 0
4150 0
4150 0
4150 0
4150 0
4150 0
4150 0
4150 0
4150 0
4150 0
4150 0
4150 0
4150 1
4150 0
4150 0
4150 0
4150 0
4150 0
4150 0
4150 0
4150 0
4150 0
4152 0
4152 0
4152 0
4152 0
4152 0
4152 0
4152 0
4152 0
4152 0
4152 0
4152 0
4152 120
4152 0
4152 0
4152 0
4152 0
4152 0
4152 0
4152 0
4152 0
4152 0
4152 0
4152 0
4152 0
4152 0
4152 5
4152 0
4152 0
4152 1
4152 0
4152 0
4152 0
4152 0
4152 0
4152 0
4152 0
4152 0
4152 0
4154 0
4154 0
4154 0
4154 0
4154 0
4154 0
4154 0
4154 0
4154 0
4154 0
4154 0
4154 127
4154 0
4154 0
4154 0
4154 0
4154 0
4154 0
4154 0
4154 0
4154 0
4154 0
4154 0
4154 0
4154 0
4154 0
4154 0
4154 0
4154 1
4154 0
4154 0
4154 0
4154 0
4154 0
4154 0
4154 0
4154 0
4154 0
4155 0
4155 0
4155 0
4155 0
4155 0
4155 0
4155 0
4155 0
4155 0
4155 0
4155 0
4155 113
4155 0
4155 0
4155 0
4155 0
4155 0
4155 0
4155 0
4155 0
4155 0
4155 0
4155 0
4155 0
4155 0
4155 0
4155 0
4155 0
4155 1
4155 0
4155 0
4155 0
4155 0
4155 0
4155 0
4155 0
4155 0
4155 0
4156 0
4156 0
4156 0
4156 0
4156 0
4156 0
4156 0
4156 0
4156 0
4156 0
4156 0
4156 89
4156 0
4156 0
4156 0
4156 0
4156 0
4156 0
4156 0
4156 0
4156 0
4156 0
4156 0
4156 0
4156 0
4156 4
4156 0
4156 0
4156 0
4156 0
4156 0
4156 0
4156 0
4156 0
4156 0
4156 0
4156 0
4156 0
4157 0
4157 0
4157 0
4157 0
4157 0
4157 0
4157 0
4157 0
4157 0
4157 0
4157 0
4157 127
4157 0
4157 0
4157 0
4157 0
4157 0
4157 0
4157 0
4157 0
4157 0
4157 0
4157 0
4157 0
4157 0
4157 0
4157 0
4157 0
4157 1
4157 0
4157 0
4157 0
4157 0
4157 0
4157 0
4157 0
4157 0
4157 0
4158 0
4158 0
4158 0
4158 0
4158 0
4158 0
4158 0
4158 0
4158 0
4158 0
4158 0
4158 83
4158 0
4158 0
4158 0
4158 0
4158 0
4158 0
4158 0
4158 0
4158 0
4158 0
4158 0
4158 0
4158 0
4158 4
4158 0
4158 0
4158 0
4158 0
4158 0
4158 0
4158 0
4158 0
4158 0
4158 0
4158 0
4158 0
4159 0
4159 0
4159 0
4159 0
4159 0
4159 0
4159 0
4159 0
4159 0
4159 0
4159 0
4159 113
4159 0
4159 0
4159 0
4159 0
4159 0
4159 0
4159 0
4159 0
4159 0
4159 0
4159 0
4159 0
4159 0
4159 0
4159 0
4159 0
4159 1
4159 0
4159 0
4159 0
4159 0
4159 0
4159 0
4159 0
4159 0
4159 0
4243 0
4243 0
4243 0
4243 0
4243 0
4243 0
4243 0
4243 0
4243 0
4243 0
4243 0
4243 107
4243 0
4243 0
4243 0
4243 0
4243 0
4243 0
4243 0
4243 0
4243 0
4243 0
4243 0
4243 0
4243 0
4243 0
4243 0
4243 0
4243 1
4243 0
4243 0
4243 0
4243 0
4243 0
4243 0
4243 0
4243 0
4243 0
4245 0
4245 0
4245 0
4245 0
4245 0
4245 0
4245 0
4245 0
4245 0
4245 0
4245 0
4245 107
4245 0
4245 0
4245 0
4245 0
4245 0
4245 0
4245 0
4245 0
4245 0
4245 0
4245 0
4245 0
4245 0
4245 0
4245 0
4245 0
4245 1
4245 0
4245 0
4245 0
4245 0
4245 0
4245 0
4245 0
4245 0
4245 0
4250 0
4250 0
4250 0
4250 0
4250 0
4250 0
4250 0
4250 0
4250 0
4250 0
4250 0
4250 52
4250 0
4250 0
4250 0
4250 0
4250 0
4250 0
4250 0
4250 0
4250 0
4250 0
4250 0
4250 0
4250 0
4250 9
4250 0
4250 0
4250 0
4250 0
4250 0
4250 0
4250 0
4250 0
4250 0
4250 0
4250 0
4250 0
4251 0
4251 0
4251 0
4251 0
4251 0
4251 0
4251 0
4251 0
4251 0
4251 0
4251 0
4251 127
4251 0
4251 0
4251 0
4251 0
4251 0
4251 0
4251 0
4251 0
4251 0
4251 0
4251 0
4251 0
4251 0
4251 0
4251 0
4251 0
4251 1
4251 0
4251 0
4251 0
4251 0
4251 0
4251 0
4251 0
4251 0
4251 0
4253 0
4253 0
4253 0
4253 0
4253 0
4253 0
4253 0
4253 0
4253 0
4253 0
4253 0
4253 113
4253 0
4253 0
4253 0
4253 0
4253 0
4253 0
4253 0
4253 0
4253 0
4253 0
4253 0
4253 0
4253 0
4253 0
4253 0
4253 0
4253 1
4253 0
4253 0
4253 0
4253 0
4253 0
4253 0
4253 0
4253 0
4253 0
4340 0
4340 0
4340 0
4340 0
4340 0
4340 0
4340 0
4340 0
4340 0
4340 0
4340 0
4340 109
4340 0
4340 0
4340 0
4340 0
4340 0
4340 0
4340 0
4340 0
4340 0
4340 0
4340 0
4340 0
4340 0
4340 0
4340 0
4340 0
4340 1
4340 0
4340 0
4340 0
4340 0
4340 0
4340 0
4340 0
4340 0
4340 0
4342 0
4342 0
4342 0
4342 0
4342 0
4342 0
4342 0
4342 0
4342 0
4342 0
4342 0
4342 52
4342 0
4342 0
4342 0
4342 0
4342 0
4342 0
4342 0
4342 0
4342 0
4342 0
4342 0
4342 0
4342 0
4342 9
4342 0
4342 0
4342 0
4342 0
4342 0
4342 0
4342 0
4342 0
4342 0
4342 0
4342 0
4342 0
4343 0
4343 0
4343 0
4343 0
4343 0
4343 0
4343 0
4343 0
4343 0
4343 0
4343 0
4343 127
4343 0
4343 0
4343 0
4343 0
4343 0
4343 0
4343 0
4343 0
4343 0
4343 0
4343 0
4343 0
4343 0
4343 0
4343 0
4343 0
4343 1
4343 0
4343 0
4343 0
4343 0
4343 0
4343 0
4343 0
4343 0
4343 0
4435 0
4435 0
4435 0
4435 0
4435 0
4435 0
4435 0
4435 0
4435 0
4435 0
4435 0
4435 127
4435 0
4435 0
4435 0
4435 0
4435 0
4435 0
4435 0
4435 0
4435 0
4435 0
4435 0
4435 0
4435 0
4435 0
4435 0
4435 0
4435 1
4435 0
4435 0
4435 0
4435 0
4435 0
4435 0
4435 0
4435 0
4435 0
