pt_graph shape
3749 0
3749 0
3749 0
3749 0
3749 0
3749 0
3749 0
3749 0
3749 0
3749 0
3749 1.59
3749 0
3749 0
3749 0
3749 0
3749 0
3749 0
3749 0
3749 0
3749 0
3749 0
3749 0
3749 0
3749 31.23
3749 0
3749 34.03
3749 0
3749 0
3749 0
3749 0
3749 0
3749 0
3749 0
3749 0
3749 0
3749 0
3749 0
3749 0
3750 0
3750 0
3750 0
3750 0
3750 0
3750 0
3750 0
3750 0
3750 0
3750 0
3750 2.37
3750 0
3750 0
3750 0
3750 0
3750 0
3750 0
3750 0
3750 0
3750 0
3750 0
3750 0
3750 0
3750 50.76
3750 0
3750 6.24
3750 0
3750 0
3750 0
3750 0
3750 0
3750 0
3750 0
3750 0
3750 0
3750 0
3750 0
3750 0
3751 0
3751 0
3751 0
3751 0
3751 0
3751 0
3751 0
3751 0
3751 0
3751 0
3751 22.34
3751 0
3751 0
3751 0
3751 0
3751 0
3751 0
3751 0
3751 0
3751 0
3751 0
3751 0
3751 0
3751 0
3751 0
3751 5.54
3751 0
3751 0
3751 0
3751 0
3751 0
3751 0
3751 0
3751 0
3751 0
3751 0
3751 0
3751 0
3752 0
3752 0
3752 0
3752 0
3752 0
3752 0
3752 0
3752 0
3752 0
3752 0
3752 16.38
3752 0
3752 0
3752 0
3752 0
3752 0
3752 0
3752 0
3752 0
3752 0
3752 0
3752 0
3752 0
3752 0
3752 0
3752 18.43
3752 0
3752 0
3752 0
3752 0
3752 0
3752 0
3752 0
3752 0
3752 0
3752 0
3752 0
3752 0
3838 0
3838 0
3838 0
3838 35.28
3838 0
3838 0
3838 0
3838 0
3838 0
3838 0
3838 1.16
3838 0
3838 0
3838 0
3838 0
3838 0
3838 0
3838 0
3838 0
3838 0
3838 0
3838 0
3838 0
3838 3.66
3838 0
3838 2.16
3838 0
3838 0
3838 0
3838 0
3838 0
3838 0
3838 27.37
3838 0
3838 0
3838 0
3838 0
3838 0
3839 0
3839 0
3839 0
3839 35.28
3839 0
3839 0
3839 0
3839 0
3839 0
3839 0
3839 0.75
3839 0
3839 0
3839 0
3839 0
3839 0
3839 0
3839 0
3839 0
3839 0
3839 0
3839 0
3839 0
3839 2.45
3839 0
3839 1.61
3839 0
3839 0
3839 0
3839 0
3839 0
3839 0
3839 27.37
3839 0
3839 0
3839 0
3839 0
3839 0
3840 0
3840 0
3840 0
3840 50.54
3840 0
3840 0
3840 0
3840 0
3840 0
3840 0
3840 1.63
3840 0
3840 0
3840 0
3840 0
3840 0
3840 0
3840 0
3840 0
3840 0
3840 0
3840 0
3840 0
3840 5.03
3840 0
3840 3.61
3840 0
3840 0
3840 0
3840 0
3840 0
3840 0
3840 0
3840 0
3840 0
3840 0
3840 0
3840 0
3841 0
3841 0
3841 0
3841 0
3841 0
3841 0
3841 0
3841 0
3841 0
3841 0
3841 1.36
3841 0
3841 0
3841 0
3841 0
3841 0
3841 0
3841 0
3841 0
3841 0
3841 0
3841 0
3841 0
3841 39.95
3841 0
3841 3.63
3841 0
3841 0
3841 0
3841 0
3841 0
3841 0
3841 0
3841 0
3841 0
3841 0
3841 0
3841 0
3929 0
3929 0
3929 0
3929 35.28
3929 0
3929 0
3929 0
3929 0
3929 0
3929 0
3929 4.28
3929 0
3929 0
3929 0
3929 0
3929 0
3929 0
3929 0
3929 0
3929 0
3929 0
3929 0
3929 0
3929 7.09
3929 0
3929 3.51
3929 0
3929 0
3929 0
3929 0
3929 0
3929 0
3929 0
3929 0
3929 0
3929 0
3929 0
3929 0
3930 0
3930 0
3930 0
3930 0
3930 0
3930 0
3930 0
3930 0
3930 0
3930 0
3930 1.43
3930 0
3930 0
3930 0
3930 0
3930 0
3930 0
3930 0
3930 0
3930 0
3930 0
3930 0
3930 0
3930 3
3930 0
3930 29.49
3930 0
3930 0
3930 0
3930 0
3930 0
3930 0
3930 0
3930 0
3930 0
3930 0
3930 0
3930 0
4017 0
4017 0
4017 0
4017 0
4017 0
4017 0
4017 0
4017 0
4017 0
4017 0
4017 1.56
4017 0
4017 0
4017 0
4017 0
4017 0
4017 0
4017 0
4017 0
4017 0
4017 0
4017 0
4017 0
4017 41.09
4017 0
4017 0
4017 0
4017 0
4017 0
4017 0
4017 0
4017 0
4017 0
4017 0
4017 0
4017 0
4017 0
4017 0
4018 0
4018 0
4018 0
4018 0
4018 0
4018 0
4018 0
4018 0
4018 0
4018 0
4018 1.24
4018 0
4018 0
4018 0
4018 0
4018 0
4018 0
4018 0
4018 0
4018 0
4018 0
4018 0
4018 0
4018 4.49
4018 0
4018 52.78
4018 0
4018 0
4018 0
4018 0
4018 0
4018 0
4018 0
4018 0
4018 0
4018 0
4018 0
4018 0
