pt_graph scale
6772 0
6772 0
6772 0
6772 0
6772 0
6772 0
6772 0
6772 0
6772 0
6772 0
6772 0
6772 0
6772 0
6772 0
6772 0
6772 0
6772 0
6772 0
6772 0
6772 0
6772 0
6772 0
6772 0
6772 0
6772 0
6772 0
6772 0
6772 0
6772 0
6772 0
6772 0
6772 0
6772 0
6772 0
6772 0
6772 0
6772 0
6772 0
6845 0
6845 0
6845 0
6845 0
6845 0
6845 0
6845 0
6845 0
6845 0
6845 0
6845 0
6845 0
6845 0
6845 0
6845 0
6845 0
6845 0
6845 0
6845 0
6845 0
6845 0
6845 0
6845 0
6845 0
6845 0
6845 0
6845 0
6845 0
6845 0
6845 0
6845 0
6845 0
6845 0
6845 0
6845 0
6845 0
6845 0
6845 0
6846 0
6846 0
6846 0
6846 0
6846 0
6846 0
6846 0
6846 0
6846 0
6846 0
6846 0
6846 0
6846 0
6846 0
6846 0
6846 0
6846 0
6846 0
6846 0
6846 0
6846 0
6846 0
6846 0
6846 0
6846 0
6846 0
6846 0
6846 0
6846 0
6846 0
6846 0
6846 0
6846 0
6846 0
6846 0
6846 0
6846 0
6846 0
6916 0
6916 0
6916 0
6916 0
6916 0
6916 0
6916 0
6916 0
6916 0
6916 0
6916 0
6916 0
6916 0
6916 0
6916 0
6916 0
6916 0
6916 0
6916 0
6916 0
6916 0
6916 0
6916 0
6916 0
6916 0
6916 0
6916 0
6916 0
6916 0
6916 0
6916 0
6916 0
6916 0
6916 0
6916 0
6916 0
6916 0
6916 0
6917 0
6917 0
6917 0
6917 0
6917 0
6917 0
6917 0
6917 0
6917 0
6917 0
6917 0
6917 0
6917 0
6917 0
6917 0
6917 0
6917 0
6917 0
6917 0
6917 0
6917 0
6917 0
6917 0
6917 0
6917 0
6917 0
6917 0
6917 0
6917 0
6917 0
6917 0
6917 0
6917 0
6917 0
6917 0
6917 0
6917 0
6917 0
6918 0
6918 0
6918 0
6918 0
6918 0
6918 0
6918 0
6918 0
6918 5
6918 0
6918 0
6918 0
6918 0
6918 0
6918 0
6918 0
6918 0
6918 0
6918 0
6918 0
6918 0
6918 0
6918 0
6918 0
6918 0
6918 0
6918 0
6918 0
6918 0
6918 0
6918 0
6918 0
6918 0
6918 0
6918 0
6918 0
6918 0
6918 0
6919 0
6919 0
6919 0
6919 0
6919 0
6919 0
6919 0
6919 0
6919 4
6919 0
6919 0
6919 0
6919 0
6919 0
6919 0
6919 0
6919 0
6919 0
6919 0
6919 0
6919 0
6919 0
6919 0
6919 0
6919 0
6919 0
6919 0
6919 0
6919 0
6919 0
6919 0
6919 0
6919 0
6919 0
6919 0
6919 0
6919 0
6919 0
6993 0
6993 0
6993 0
6993 0
6993 0
6993 0
6993 0
6993 0
6993 5
6993 0
6993 0
6993 0
6993 0
6993 0
6993 0
6993 0
6993 0
6993 0
6993 0
6993 0
6993 0
6993 0
6993 0
6993 0
6993 0
6993 0
6993 0
6993 0
6993 0
6993 0
6993 0
6993 0
6993 0
6993 0
6993 0
6993 0
6993 0
6993 0
6994 0
6994 0
6994 0
6994 0
6994 0
6994 0
6994 0
6994 0
6994 0
6994 0
6994 0
6994 0
6994 0
6994 0
6994 0
6994 0
6994 0
6994 0
6994 0
6994 0
6994 0
6994 0
6994 0
6994 0
6994 0
6994 0
6994 0
6994 0
6994 0
6994 0
6994 0
6994 0
6994 0
6994 0
6994 0
6994 0
6994 0
6994 0
6995 0
6995 0
6995 0
6995 0
6995 0
6995 0
6995 0
6995 0
6995 0
6995 0
6995 0
6995 0
6995 0
6995 0
6995 0
6995 0
6995 0
6995 0
6995 0
6995 0
6995 0
6995 0
6995 0
6995 0
6995 0
6995 0
6995 0
6995 0
6995 0
6995 0
6995 0
6995 0
6995 0
6995 0
6995 0
6995 0
6995 0
6995 0
7065 0
7065 0
7065 0
7065 0
7065 0
7065 0
7065 0
7065 0
7065 1
7065 0
7065 0
7065 0
7065 0
7065 0
7065 0
7065 0
7065 0
7065 0
7065 0
7065 0
7065 0
7065 0
7065 0
7065 0
7065 0
7065 0
7065 0
7065 0
7065 0
7065 0
7065 0
7065 0
7065 0
7065 0
7065 0
7065 0
7065 0
7065 0
7066 0
7066 0
7066 0
7066 0
7066 0
7066 0
7066 0
7066 0
7066 0
7066 0
7066 0
7066 0
7066 0
7066 0
7066 0
7066 0
7066 0
7066 0
7066 0
7066 0
7066 0
7066 0
7066 0
7066 0
7066 0
7066 0
7066 0
7066 0
7066 0
7066 0
7066 0
7066 0
7066 0
7066 0
7066 0
7066 0
7066 0
7066 0
7134 0
7134 0
7134 0
7134 0
7134 0
7134 0
7134 0
7134 0
7134 1
7134 0
7134 0
7134 0
7134 0
7134 0
7134 0
7134 0
7134 0
7134 0
7134 0
7134 0
7134 0
7134 0
7134 0
7134 0
7134 0
7134 0
7134 0
7134 0
7134 0
7134 0
7134 0
7134 0
7134 0
7134 0
7134 0
7134 0
7134 0
7134 0
7199 0
7199 0
7199 0
7199 0
7199 0
7199 0
7199 0
7199 0
7199 1
7199 0
7199 0
7199 0
7199 0
7199 0
7199 0
7199 0
7199 0
7199 0
7199 0
7199 0
7199 0
7199 0
7199 0
7199 0
7199 0
7199 0
7199 0
7199 0
7199 0
7199 0
7199 0
7199 0
7199 0
7199 0
7199 0
7199 0
7199 0
7199 0
7200 0
7200 0
7200 0
7200 0
7200 0
7200 0
7200 0
7200 0
7200 0
7200 0
7200 0
7200 0
7200 0
7200 0
7200 0
7200 0
7200 0
7200 0
7200 0
7200 0
7200 0
7200 0
7200 0
7200 0
7200 0
7200 0
7200 0
7200 0
7200 0
7200 0
7200 0
7200 0
7200 0
7200 0
7200 0
7200 0
7200 0
7200 0
7201 0
7201 0
7201 0
7201 0
7201 0
7201 0
7201 0
7201 0
7201 0
7201 0
7201 0
7201 0
7201 0
7201 0
7201 0
7201 0
7201 0
7201 0
7201 0
7201 0
7201 0
7201 0
7201 0
7201 0
7201 0
7201 0
7201 0
7201 0
7201 0
7201 0
7201 0
7201 0
7201 0
7201 0
7201 0
7201 0
7201 0
7201 0
7202 0
7202 0
7202 0
7202 0
7202 0
7202 0
7202 0
7202 0
7202 0
7202 0
7202 0
7202 0
7202 0
7202 0
7202 0
7202 0
7202 0
7202 0
7202 0
7202 0
7202 0
7202 0
7202 0
7202 0
7202 0
7202 0
7202 0
7202 0
7202 0
7202 0
7202 0
7202 0
7202 0
7202 0
7202 0
7202 0
7202 0
7202 0
7266 0
7266 0
7266 0
7266 0
7266 0
7266 0
7266 0
7266 0
7266 1
7266 0
7266 0
7266 0
7266 0
7266 0
7266 0
7266 0
7266 0
7266 0
7266 0
7266 0
7266 0
7266 0
7266 0
7266 0
7266 0
7266 0
7266 0
7266 0
7266 0
7266 0
7266 0
7266 0
7266 0
7266 0
7266 0
7266 0
7266 0
7266 0
7269 0
7269 0
7269 0
7269 0
7269 0
7269 0
7269 0
7269 0
7269 0
7269 0
7269 0
7269 0
7269 0
7269 0
7269 0
7269 0
7269 0
7269 0
7269 0
7269 0
7269 0
7269 0
7269 0
7269 0
7269 0
7269 0
7269 0
7269 0
7269 0
7269 0
7269 0
7269 0
7269 0
7269 0
7269 0
7269 0
7269 0
7269 0
7270 0
7270 0
7270 0
7270 0
7270 0
7270 0
7270 0
7270 0
7270 0
7270 0
7270 0
7270 0
7270 0
7270 0
7270 0
7270 0
7270 0
7270 0
7270 0
7270 0
7270 0
7270 0
7270 0
7270 0
7270 0
7270 0
7270 0
7270 0
7270 0
7270 0
7270 0
7270 0
7270 0
7270 0
7270 0
7270 0
7270 0
7270 0
7283 0
7283 0
7283 0
7283 0
7283 0
7283 0
7283 0
7283 0
7283 377
7283 0
7283 0
7283 0
7283 0
7283 0
7283 0
7283 0
7283 0
7283 0
7283 0
7283 0
7283 0
7283 0
7283 0
7283 0
7283 0
7283 0
7283 0
7283 0
7283 0
7283 0
7283 0
7283 0
7283 0
7283 0
7283 0
7283 0
7283 0
7283 0
7333 0
7333 0
7333 0
7333 0
7333 0
7333 0
7333 0
7333 0
7333 1
7333 0
7333 0
7333 0
7333 0
7333 0
7333 0
7333 0
7333 0
7333 0
7333 0
7333 0
7333 0
7333 0
7333 0
7333 0
7333 0
7333 0
7333 0
7333 0
7333 0
7333 0
7333 0
7333 0
7333 0
7333 0
7333 0
7333 0
7333 0
7333 0
7340 0
7340 0
7340 0
7340 0
7340 0
7340 0
7340 0
7340 0
7340 1
7340 0
7340 0
7340 0
7340 0
7340 0
7340 0
7340 0
7340 0
7340 0
7340 0
7340 0
7340 0
7340 0
7340 0
7340 0
7340 0
7340 0
7340 0
7340 0
7340 0
7340 0
7340 0
7340 0
7340 0
7340 0
7340 0
7340 0
7340 0
7340 0
7346 0
7346 0
7346 0
7346 0
7346 0
7346 0
7346 0
7346 0
7346 112
7346 0
7346 0
7346 0
7346 0
7346 0
7346 0
7346 0
7346 0
7346 0
7346 0
7346 0
7346 0
7346 0
7346 0
7346 0
7346 0
7346 0
7346 0
7346 0
7346 0
7346 0
7346 0
7346 0
7346 0
7346 0
7346 0
7346 0
7346 0
7346 0
7348 0
7348 0
7348 0
7348 0
7348 0
7348 0
7348 0
7348 0
7348 112
7348 0
7348 0
7348 0
7348 0
7348 0
7348 0
7348 0
7348 0
7348 0
7348 0
7348 0
7348 0
7348 0
7348 0
7348 0
7348 0
7348 0
7348 0
7348 0
7348 0
7348 0
7348 0
7348 0
7348 0
7348 0
7348 0
7348 0
7348 0
7348 0
7349 0
7349 0
7349 0
7349 0
7349 0
7349 0
7349 0
7349 0
7349 72
7349 0
7349 0
7349 0
7349 0
7349 0
7349 0
7349 0
7349 0
7349 0
7349 0
7349 0
7349 0
7349 0
7349 0
7349 0
7349 0
7349 0
7349 0
7349 1
7349 0
7349 0
7349 0
7349 0
7349 0
7349 0
7349 0
7349 0
7349 0
7349 0
7350 0
7350 0
7350 0
7350 0
7350 0
7350 0
7350 0
7350 0
7350 33
7350 0
7350 0
7350 0
7350 0
7350 0
7350 0
7350 0
7350 0
7350 0
7350 0
7350 0
7350 0
7350 0
7350 0
7350 0
7350 0
7350 0
7350 0
7350 0
7350 0
7350 0
7350 0
7350 0
7350 0
7350 0
7350 0
7350 0
7350 0
7350 0
7411 0
7411 0
7411 0
7411 0
7411 0
7411 0
7411 0
7411 0
7411 157
7411 0
7411 0
7411 0
7411 0
7411 0
7411 0
7411 0
7411 0
7411 0
7411 0
7411 0
7411 0
7411 0
7411 0
7411 0
7411 0
7411 0
7411 0
7411 0
7411 0
7411 0
7411 0
7411 0
7411 0
7411 0
7411 0
7411 0
7411 0
7411 0
7412 0
7412 0
7412 0
7412 0
7412 0
7412 0
7412 0
7412 0
7412 183
7412 0
7412 0
7412 0
7412 0
7412 0
7412 0
7412 0
7412 0
7412 0
7412 0
7412 0
7412 0
7412 0
7412 0
7412 0
7412 0
7412 0
7412 0
7412 0
7412 0
7412 0
7412 0
7412 0
7412 0
7412 0
7412 0
7412 0
7412 0
7412 0
7414 0
7414 0
7414 0
7414 0
7414 0
7414 0
7414 0
7414 0
7414 1
7414 0
7414 0
7414 0
7414 0
7414 0
7414 0
7414 0
7414 0
7414 0
7414 0
7414 0
7414 0
7414 0
7414 0
7414 0
7414 0
7414 0
7414 0
7414 0
7414 0
7414 0
7414 0
7414 0
7414 0
7414 0
7414 0
7414 0
7414 0
7414 0
7415 0
7415 0
7415 0
7415 0
7415 0
7415 0
7415 0
7415 0
7415 25
7415 0
7415 0
7415 0
7415 0
7415 0
7415 0
7415 0
7415 0
7415 0
7415 0
7415 0
7415 0
7415 0
7415 0
7415 0
7415 0
7415 0
7415 0
7415 0
7415 0
7415 0
7415 0
7415 0
7415 0
7415 0
7415 0
7415 0
7415 0
7415 0
7417 0
7417 0
7417 0
7417 0
7417 0
7417 0
7417 0
7417 0
7417 315
7417 0
7417 0
7417 0
7417 0
7417 0
7417 0
7417 0
7417 0
7417 0
7417 0
7417 0
7417 0
7417 0
7417 0
7417 0
7417 0
7417 0
7417 0
7417 0
7417 0
7417 0
7417 0
7417 0
7417 0
7417 0
7417 0
7417 0
7417 0
7417 0
7418 0
7418 0
7418 0
7418 0
7418 0
7418 0
7418 0
7418 0
7418 94
7418 0
7418 0
7418 0
7418 0
7418 0
7418 0
7418 0
7418 0
7418 0
7418 0
7418 0
7418 0
7418 0
7418 0
7418 0
7418 0
7418 0
7418 0
7418 0
7418 0
7418 0
7418 0
7418 0
7418 0
7418 0
7418 0
7418 0
7418 0
7418 0
7419 0
7419 0
7419 0
7419 0
7419 0
7419 0
7419 0
7419 0
7419 231
7419 0
7419 0
7419 0
7419 0
7419 0
7419 0
7419 0
7419 0
7419 0
7419 0
7419 0
7419 0
7419 0
7419 0
7419 0
7419 0
7419 0
7419 0
7419 3
7419 0
7419 0
7419 0
7419 0
7419 0
7419 0
7419 0
7419 0
7419 0
7419 0
7420 0
7420 0
7420 0
7420 0
7420 0
7420 0
7420 0
7420 0
7420 563
7420 0
7420 0
7420 0
7420 0
7420 0
7420 0
7420 0
7420 0
7420 0
7420 0
7420 0
7420 0
7420 0
7420 0
7420 0
7420 0
7420 0
7420 0
7420 2
7420 0
7420 0
7420 0
7420 0
7420 0
7420 0
7420 0
7420 0
7420 0
7420 0
7479 0
7479 0
7479 0
7479 0
7479 0
7479 0
7479 0
7479 0
7479 157
7479 0
7479 0
7479 0
7479 0
7479 0
7479 0
7479 0
7479 0
7479 0
7479 0
7479 0
7479 0
7479 0
7479 0
7479 0
7479 0
7479 0
7479 0
7479 0
7479 0
7479 0
7479 0
7479 0
7479 0
7479 0
7479 0
7479 0
7479 0
7479 0
7481 0
7481 0
7481 0
7481 0
7481 0
7481 0
7481 0
7481 0
7481 142
7481 0
7481 0
7481 0
7481 0
7481 0
7481 0
7481 0
7481 0
7481 0
7481 0
7481 0
7481 0
7481 0
7481 0
7481 0
7481 0
7481 0
7481 0
7481 0
7481 0
7481 0
7481 0
7481 0
7481 0
7481 0
7481 0
7481 0
7481 0
7481 0
7482 0
7482 0
7482 0
7482 0
7482 0
7482 0
7482 0
7482 0
7482 14
7482 0
7482 0
7482 0
7482 0
7482 0
7482 0
7482 0
7482 0
7482 0
7482 0
7482 0
7482 0
7482 0
7482 0
7482 0
7482 0
7482 0
7482 0
7482 0
7482 0
7482 0
7482 0
7482 0
7482 0
7482 0
7482 0
7482 0
7482 0
7482 0
7483 0
7483 0
7483 0
7483 0
7483 0
7483 0
7483 0
7483 0
7483 56
7483 0
7483 0
7483 0
7483 0
7483 0
7483 0
7483 0
7483 0
7483 0
7483 0
7483 0
7483 0
7483 0
7483 0
7483 0
7483 0
7483 0
7483 0
7483 0
7483 0
7483 0
7483 0
7483 0
7483 0
7483 0
7483 0
7483 0
7483 0
7483 0
7484 0
7484 0
7484 0
7484 0
7484 0
7484 0
7484 0
7484 0
7484 116
7484 0
7484 0
7484 0
7484 0
7484 0
7484 0
7484 0
7484 0
7484 0
7484 0
7484 0
7484 0
7484 0
7484 0
7484 0
7484 0
7484 0
7484 0
7484 0
7484 0
7484 0
7484 0
7484 0
7484 0
7484 0
7484 0
7484 0
7484 0
7484 0
7485 0
7485 0
7485 0
7485 0
7485 0
7485 0
7485 0
7485 0
7485 517
7485 0
7485 0
7485 0
7485 0
7485 0
7485 0
7485 0
7485 0
7485 0
7485 0
7485 0
7485 0
7485 0
7485 0
7485 0
7485 0
7485 0
7485 0
7485 0
7485 0
7485 0
7485 0
7485 0
7485 0
7485 0
7485 0
7485 0
7485 0
7485 0
7486 0
7486 0
7486 0
7486 0
7486 0
7486 0
7486 0
7486 0
7486 8
7486 0
7486 0
7486 0
7486 0
7486 0
7486 0
7486 0
7486 0
7486 0
7486 0
7486 0
7486 0
7486 0
7486 0
7486 0
7486 0
7486 0
7486 0
7486 1
7486 0
7486 0
7486 0
7486 0
7486 0
7486 0
7486 0
7486 0
7486 0
7486 0
7487 0
7487 0
7487 0
7487 0
7487 0
7487 0
7487 0
7487 0
7487 133
7487 0
7487 0
7487 0
7487 0
7487 0
7487 0
7487 0
7487 0
7487 0
7487 0
7487 0
7487 0
7487 0
7487 0
7487 0
7487 0
7487 0
7487 0
7487 0
7487 0
7487 0
7487 0
7487 0
7487 0
7487 0
7487 0
7487 0
7487 0
7487 0
7545 0
7545 0
7545 0
7545 0
7545 0
7545 0
7545 0
7545 0
7545 76
7545 0
7545 0
7545 0
7545 0
7545 0
7545 0
7545 0
7545 0
7545 0
7545 0
7545 0
7545 0
7545 0
7545 0
7545 0
7545 0
7545 0
7545 0
7545 0
7545 0
7545 0
7545 0
7545 0
7545 0
7545 0
7545 0
7545 0
7545 0
7545 0
7546 0
7546 0
7546 0
7546 0
7546 0
7546 0
7546 0
7546 0
7546 0
7546 0
7546 0
7546 0
7546 0
7546 0
7546 0
7546 0
7546 0
7546 0
7546 0
7546 0
7546 0
7546 0
7546 0
7546 0
7546 0
7546 0
7546 0
7546 0
7546 0
7546 0
7546 0
7546 0
7546 0
7546 0
7546 0
7546 0
7546 0
7546 0
7548 0
7548 0
7548 0
7548 0
7548 0
7548 0
7548 0
7548 0
7548 72
7548 0
7548 0
7548 0
7548 0
7548 0
7548 0
7548 0
7548 0
7548 0
7548 0
7548 0
7548 0
7548 0
7548 0
7548 0
7548 0
7548 0
7548 0
7548 0
7548 0
7548 0
7548 0
7548 0
7548 0
7548 0
7548 0
7548 0
7548 0
7548 0
7549 0
7549 0
7549 0
7549 0
7549 0
7549 0
7549 0
7549 0
7549 116
7549 0
7549 0
7549 0
7549 0
7549 0
7549 0
7549 0
7549 0
7549 0
7549 0
7549 0
7549 0
7549 0
7549 0
7549 0
7549 0
7549 0
7549 0
7549 0
7549 0
7549 0
7549 0
7549 0
7549 0
7549 0
7549 0
7549 0
7549 0
7549 0
7550 0
7550 0
7550 0
7550 0
7550 0
7550 0
7550 0
7550 0
7550 49
7550 0
7550 0
7550 0
7550 0
7550 0
7550 0
7550 0
7550 0
7550 0
7550 0
7550 0
7550 0
7550 0
7550 0
7550 0
7550 0
7550 0
7550 0
7550 0
7550 0
7550 0
7550 0
7550 0
7550 0
7550 0
7550 0
7550 0
7550 0
7550 0
7552 0
7552 0
7552 0
7552 0
7552 0
7552 0
7552 0
7552 0
7552 5
7552 0
7552 0
7552 0
7552 0
7552 0
7552 0
7552 0
7552 0
7552 0
7552 0
7552 0
7552 0
7552 0
7552 0
7552 0
7552 0
7552 0
7552 0
7552 0
7552 0
7552 0
7552 0
7552 0
7552 0
7552 0
7552 0
7552 0
7552 0
7552 0
7553 0
7553 0
7553 0
7553 0
7553 0
7553 0
7553 0
7553 0
7553 95
7553 0
7553 0
7553 0
7553 0
7553 0
7553 0
7553 0
7553 0
7553 0
7553 0
7553 0
7553 0
7553 0
7553 0
7553 0
7553 0
7553 0
7553 0
7553 0
7553 0
7553 0
7553 0
7553 0
7553 0
7553 0
7553 0
7553 0
7553 0
7553 0
7555 0
7555 0
7555 0
7555 0
7555 0
7555 0
7555 0
7555 0
7555 320
7555 0
7555 0
7555 0
7555 0
7555 0
7555 0
7555 0
7555 0
7555 0
7555 0
7555 0
7555 0
7555 0
7555 0
7555 0
7555 0
7555 0
7555 0
7555 1
7555 0
7555 0
7555 0
7555 0
7555 0
7555 0
7555 0
7555 0
7555 0
7555 0
7615 0
7615 0
7615 0
7615 0
7615 0
7615 0
7615 0
7615 0
7615 301
7615 0
7615 0
7615 0
7615 0
7615 0
7615 0
7615 0
7615 0
7615 0
7615 0
7615 0
7615 0
7615 0
7615 0
7615 0
7615 0
7615 0
7615 0
7615 0
7615 0
7615 0
7615 0
7615 0
7615 0
7615 0
7615 0
7615 0
7615 0
7615 0
7616 0
7616 0
7616 0
7616 0
7616 0
7616 0
7616 0
7616 0
7616 173
7616 0
7616 0
7616 0
7616 0
7616 0
7616 0
7616 0
7616 0
7616 0
7616 0
7616 0
7616 0
7616 0
7616 0
7616 0
7616 0
7616 0
7616 0
7616 0
7616 0
7616 0
7616 0
7616 0
7616 0
7616 0
7616 0
7616 0
7616 0
7616 0
7617 0
7617 0
7617 0
7617 0
7617 0
7617 0
7617 0
7617 0
7617 45
7617 0
7617 0
7617 0
7617 0
7617 0
7617 0
7617 0
7617 0
7617 0
7617 0
7617 0
7617 0
7617 0
7617 0
7617 0
7617 0
7617 0
7617 0
7617 0
7617 0
7617 0
7617 0
7617 0
7617 0
7617 0
7617 0
7617 0
7617 0
7617 0
7618 0
7618 0
7618 0
7618 0
7618 0
7618 0
7618 0
7618 0
7618 165
7618 0
7618 0
7618 0
7618 0
7618 0
7618 0
7618 0
7618 0
7618 0
7618 0
7618 0
7618 0
7618 0
7618 0
7618 0
7618 0
7618 0
7618 0
7618 0
7618 0
7618 0
7618 0
7618 0
7618 0
7618 0
7618 0
7618 0
7618 0
7618 0
7619 0
7619 0
7619 0
7619 0
7619 0
7619 0
7619 0
7619 0
7619 203
7619 0
7619 0
7619 0
7619 0
7619 0
7619 0
7619 0
7619 0
7619 0
7619 0
7619 0
7619 0
7619 0
7619 0
7619 0
7619 0
7619 0
7619 0
7619 0
7619 0
7619 0
7619 0
7619 0
7619 0
7619 0
7619 0
7619 0
7619 0
7619 0
7620 0
7620 0
7620 0
7620 0
7620 0
7620 0
7620 0
7620 0
7620 96
7620 0
7620 0
7620 0
7620 0
7620 0
7620 0
7620 0
7620 0
7620 0
7620 0
7620 0
7620 0
7620 0
7620 0
7620 0
7620 0
7620 0
7620 0
7620 0
7620 0
7620 0
7620 0
7620 0
7620 0
7620 0
7620 0
7620 0
7620 0
7620 0
7621 0
7621 0
7621 0
7621 0
7621 0
7621 0
7621 0
7621 0
7621 16
7621 0
7621 0
7621 0
7621 0
7621 0
7621 0
7621 0
7621 0
7621 0
7621 0
7621 0
7621 0
7621 0
7621 0
7621 0
7621 0
7621 0
7621 0
7621 0
7621 0
7621 0
7621 0
7621 0
7621 0
7621 0
7621 0
7621 0
7621 0
7621 0
7623 0
7623 0
7623 0
7623 0
7623 0
7623 0
7623 0
7623 0
7623 0
7623 0
7623 0
7623 0
7623 0
7623 0
7623 0
7623 0
7623 0
7623 0
7623 0
7623 0
7623 0
7623 0
7623 0
7623 0
7623 0
7623 0
7623 0
7623 0
7623 0
7623 0
7623 0
7623 0
7623 0
7623 0
7623 0
7623 0
7623 0
7623 0
7624 0
7624 0
7624 0
7624 0
7624 0
7624 0
7624 0
7624 0
7624 36
7624 0
7624 0
7624 0
7624 0
7624 0
7624 0
7624 0
7624 0
7624 0
7624 0
7624 0
7624 0
7624 0
7624 0
7624 0
7624 0
7624 0
7624 0
7624 0
7624 0
7624 0
7624 0
7624 0
7624 0
7624 0
7624 0
7624 0
7624 0
7624 0
7688 0
7688 0
7688 0
7688 0
7688 0
7688 0
7688 0
7688 0
7688 0
7688 0
7688 0
7688 0
7688 0
7688 0
7688 0
7688 0
7688 0
7688 0
7688 0
7688 0
7688 0
7688 0
7688 0
7688 0
7688 0
7688 0
7688 0
7688 0
7688 0
7688 0
7688 0
7688 0
7688 0
7688 0
7688 0
7688 0
7688 0
7688 0
7689 0
7689 0
7689 0
7689 0
7689 0
7689 0
7689 0
7689 0
7689 301
7689 0
7689 0
7689 0
7689 0
7689 0
7689 0
7689 0
7689 0
7689 0
7689 0
7689 0
7689 0
7689 0
7689 0
7689 0
7689 0
7689 0
7689 0
7689 0
7689 0
7689 0
7689 0
7689 0
7689 0
7689 0
7689 0
7689 0
7689 0
7689 0
7690 0
7690 0
7690 0
7690 0
7690 0
7690 0
7690 0
7690 0
7690 18
7690 0
7690 0
7690 0
7690 0
7690 0
7690 0
7690 0
7690 0
7690 0
7690 0
7690 0
7690 0
7690 0
7690 0
7690 0
7690 0
7690 0
7690 0
7690 0
7690 0
7690 0
7690 0
7690 0
7690 0
7690 0
7690 0
7690 0
7690 0
7690 0
7691 0
7691 0
7691 0
7691 0
7691 0
7691 0
7691 0
7691 0
7691 79
7691 0
7691 0
7691 0
7691 0
7691 0
7691 0
7691 0
7691 0
7691 0
7691 0
7691 0
7691 0
7691 0
7691 0
7691 0
7691 0
7691 0
7691 0
7691 0
7691 0
7691 0
7691 0
7691 0
7691 0
7691 0
7691 0
7691 0
7691 0
7691 0
7692 0
7692 0
7692 0
7692 0
7692 0
7692 0
7692 0
7692 0
7692 42
7692 0
7692 0
7692 0
7692 0
7692 0
7692 0
7692 0
7692 0
7692 0
7692 0
7692 0
7692 0
7692 0
7692 0
7692 0
7692 0
7692 0
7692 0
7692 0
7692 0
7692 0
7692 0
7692 0
7692 0
7692 0
7692 0
7692 0
7692 0
7692 0
7693 0
7693 0
7693 0
7693 0
7693 0
7693 0
7693 0
7693 0
7693 0
7693 0
7693 0
7693 0
7693 0
7693 0
7693 0
7693 0
7693 0
7693 0
7693 0
7693 0
7693 0
7693 0
7693 0
7693 0
7693 0
7693 0
7693 0
7693 0
7693 0
7693 0
7693 0
7693 0
7693 0
7693 0
7693 0
7693 0
7693 0
7693 0
7760 0
7760 0
7760 0
7760 0
7760 0
7760 0
7760 0
7760 0
7760 0
7760 0
7760 0
7760 0
7760 0
7760 0
7760 0
7760 0
7760 0
7760 0
7760 0
7760 0
7760 0
7760 0
7760 0
7760 0
7760 0
7760 0
7760 0
7760 0
7760 0
7760 0
7760 0
7760 0
7760 0
7760 0
7760 0
7760 0
7760 0
7760 0
7761 0
7761 0
7761 0
7761 0
7761 0
7761 0
7761 0
7761 0
7761 0
7761 0
7761 0
7761 0
7761 0
7761 0
7761 0
7761 0
7761 0
7761 0
7761 0
7761 0
7761 0
7761 0
7761 0
7761 0
7761 0
7761 0
7761 0
7761 0
7761 0
7761 0
7761 0
7761 0
7761 0
7761 0
7761 0
7761 0
7761 0
7761 0
7774 0
7774 0
7774 0
7774 0
7774 0
7774 0
7774 0
7774 0
7774 198
7774 0
7774 0
7774 0
7774 0
7774 0
7774 0
7774 0
7774 0
7774 0
7774 0
7774 0
7774 0
7774 0
7774 0
7774 0
7774 0
7774 0
7774 0
7774 0
7774 0
7774 0
7774 0
7774 0
7774 0
7774 0
7774 0
7774 0
7774 0
7774 0
7834 0
7834 0
7834 0
7834 0
7834 0
7834 0
7834 0
7834 0
7834 0
7834 0
7834 0
7834 0
7834 0
7834 0
7834 0
7834 0
7834 0
7834 0
7834 0
7834 0
7834 0
7834 0
7834 0
7834 0
7834 0
7834 0
7834 0
7834 0
7834 0
7834 0
7834 0
7834 0
7834 0
7834 0
7834 0
7834 0
7834 0
7834 0
7836 0
7836 0
7836 0
7836 0
7836 0
7836 0
7836 0
7836 0
7836 120
7836 0
7836 0
7836 0
7836 0
7836 0
7836 0
7836 0
7836 0
7836 0
7836 0
7836 0
7836 0
7836 0
7836 0
7836 0
7836 0
7836 0
7836 0
7836 0
7836 0
7836 0
7836 0
7836 0
7836 0
7836 0
7836 0
7836 0
7836 0
7836 0
7837 0
7837 0
7837 0
7837 0
7837 0
7837 0
7837 0
7837 0
7837 379
7837 0
7837 0
7837 0
7837 0
7837 0
7837 0
7837 0
7837 0
7837 0
7837 0
7837 0
7837 0
7837 0
7837 0
7837 0
7837 0
7837 0
7837 0
7837 0
7837 0
7837 0
7837 0
7837 0
7837 0
7837 0
7837 0
7837 0
7837 0
7837 0
7845 0
7845 0
7845 0
7845 0
7845 0
7845 0
7845 0
7845 0
7845 53
7845 0
7845 0
7845 0
7845 0
7845 0
7845 0
7845 0
7845 0
7845 0
7845 0
7845 0
7845 0
7845 0
7845 0
7845 0
7845 0
7845 0
7845 0
7845 0
7845 0
7845 0
7845 0
7845 0
7845 0
7845 0
7845 0
7845 0
7845 0
7845 0
7846 0
7846 0
7846 0
7846 0
7846 0
7846 0
7846 0
7846 0
7846 182
7846 0
7846 0
7846 0
7846 0
7846 0
7846 0
7846 0
7846 0
7846 0
7846 0
7846 0
7846 0
7846 0
7846 0
7846 0
7846 0
7846 0
7846 0
7846 0
7846 0
7846 0
7846 0
7846 0
7846 0
7846 0
7846 0
7846 0
7846 0
7846 0
7847 0
7847 0
7847 0
7847 0
7847 0
7847 0
7847 0
7847 0
7847 121
7847 0
7847 0
7847 0
7847 0
7847 0
7847 0
7847 0
7847 0
7847 0
7847 0
7847 0
7847 0
7847 0
7847 0
7847 0
7847 0
7847 0
7847 0
7847 0
7847 0
7847 0
7847 0
7847 0
7847 0
7847 0
7847 0
7847 0
7847 0
7847 0
7910 0
7910 0
7910 0
7910 0
7910 0
7910 0
7910 0
7910 0
7910 120
7910 0
7910 0
7910 0
7910 0
7910 0
7910 0
7910 0
7910 0
7910 0
7910 0
7910 0
7910 0
7910 0
7910 0
7910 0
7910 0
7910 0
7910 0
7910 0
7910 0
7910 0
7910 0
7910 0
7910 0
7910 0
7910 0
7910 0
7910 0
7910 0
7919 0
7919 0
7919 0
7919 0
7919 0
7919 0
7919 0
7919 0
7919 53
7919 0
7919 0
7919 0
7919 0
7919 0
7919 0
7919 0
7919 0
7919 0
7919 0
7919 0
7919 0
7919 0
7919 0
7919 0
7919 0
7919 0
7919 0
7919 0
7919 0
7919 0
7919 0
7919 0
7919 0
7919 0
7919 0
7919 0
7919 0
7919 0
7921 0
7921 0
7921 0
7921 0
7921 0
7921 0
7921 0
7921 0
7921 3
7921 0
7921 0
7921 0
7921 0
7921 0
7921 0
7921 0
7921 0
7921 0
7921 0
7921 0
7921 0
7921 0
7921 0
7921 0
7921 0
7921 0
7921 0
7921 0
7921 0
7921 0
7921 0
7921 0
7921 0
7921 0
7921 0
7921 0
7921 0
7921 0
7922 0
7922 0
7922 0
7922 0
7922 0
7922 0
7922 0
7922 0
7922 2
7922 0
7922 0
7922 0
7922 0
7922 0
7922 0
7922 0
7922 0
7922 0
7922 0
7922 0
7922 0
7922 0
7922 0
7922 0
7922 0
7922 0
7922 0
7922 0
7922 0
7922 0
7922 0
7922 0
7922 0
7922 0
7922 0
7922 0
7922 0
7922 0
8053 0
8053 0
8053 0
8053 0
8053 0
8053 0
8053 0
8053 0
8053 153
8053 0
8053 0
8053 0
8053 0
8053 0
8053 0
8053 0
8053 0
8053 0
8053 0
8053 0
8053 0
8053 0
8053 0
8053 0
8053 0
8053 0
8053 0
8053 0
8053 0
8053 0
8053 0
8053 0
8053 0
8053 0
8053 0
8053 0
8053 0
8053 0
8112 0
8112 0
8112 0
8112 0
8112 0
8112 0
8112 0
8112 0
8112 153
8112 0
8112 0
8112 0
8112 0
8112 0
8112 0
8112 0
8112 0
8112 0
8112 0
8112 0
8112 0
8112 0
8112 0
8112 0
8112 0
8112 0
8112 0
8112 0
8112 0
8112 0
8112 0
8112 0
8112 0
8112 0
8112 0
8112 0
8112 0
8112 0
8113 0
8113 0
8113 0
8113 0
8113 0
8113 0
8113 0
8113 0
8113 153
8113 0
8113 0
8113 0
8113 0
8113 0
8113 0
8113 0
8113 0
8113 0
8113 0
8113 0
8113 0
8113 0
8113 0
8113 0
8113 0
8113 0
8113 0
8113 0
8113 0
8113 0
8113 0
8113 0
8113 0
8113 0
8113 0
8113 0
8113 0
8113 0
8170 0
8170 0
8170 0
8170 0
8170 0
8170 0
8170 0
8170 0
8170 70
8170 0
8170 0
8170 0
8170 0
8170 0
8170 0
8170 0
8170 0
8170 0
8170 0
8170 0
8170 0
8170 0
8170 0
8170 0
8170 0
8170 0
8170 0
8170 0
8170 0
8170 0
8170 0
8170 0
8170 0
8170 0
8170 0
8170 0
8170 0
8170 0
