pt_graph scale
7926 0
7926 0
7926 0
7926 3660
7926 0
7926 0
7926 0
7926 0
7926 0
7926 0
7926 0
7926 0
7926 0
7926 0
7926 0
7926 0
7926 0
7926 0
7926 0
7926 0
7926 0
7926 0
7926 0
7926 0
7926 0
7926 0
7926 0
7926 0
7926 0
7926 0
7926 0
7926 0
7926 0
7926 0
7926 0
7926 0
7926 0
7926 0
9547 0
9547 0
9547 6250
9547 0
9547 0
9547 0
9547 0
9547 0
9547 0
9547 0
9547 0
9547 0
9547 0
9547 0
9547 0
9547 0
9547 0
9547 0
9547 0
9547 0
9547 0
9547 0
9547 0
9547 0
9547 0
9547 0
9547 0
9547 0
9547 0
9547 0
9547 0
9547 0
9547 0
9547 0
9547 0
9547 0
9547 0
9547 0
9570 0
9570 0
9570 3660
9570 0
9570 0
9570 0
9570 0
9570 0
9570 0
9570 0
9570 0
9570 0
9570 0
9570 0
9570 0
9570 0
9570 0
9570 0
9570 0
9570 0
9570 0
9570 0
9570 0
9570 0
9570 0
9570 0
9570 0
9570 0
9570 0
9570 0
9570 0
9570 0
9570 0
9570 0
9570 0
9570 0
9570 0
9570 0
9590 0
9590 0
9590 3363
9590 0
9590 0
9590 0
9590 0
9590 0
9590 0
9590 0
9590 0
9590 0
9590 0
9590 0
9590 0
9590 0
9590 0
9590 0
9590 0
9590 0
9590 0
9590 0
9590 0
9590 0
9590 0
9590 0
9590 0
9590 0
9590 0
9590 0
9590 0
9590 0
9590 0
9590 0
9590 0
9590 0
9590 0
9590 0
9611 0
9611 0
9611 5148
9611 0
9611 0
9611 0
9611 0
9611 0
9611 0
9611 0
9611 0
9611 0
9611 0
9611 0
9611 0
9611 0
9611 0
9611 0
9611 0
9611 0
9611 0
9611 0
9611 0
9611 0
9611 0
9611 0
9611 0
9611 0
9611 0
9611 0
9611 0
9611 0
9611 0
9611 0
9611 0
9611 0
9611 0
9611 0
