pt_graph scale
7425 0
7425 1
7425 0
7425 0
7425 0
7425 0
7425 0
7425 0
7425 0
7425 0
7425 0
7425 0
7425 0
7425 0
7425 0
7425 0
7425 0
7425 0
7425 0
7425 0
7425 0
7425 0
7425 0
7425 0
7425 0
7425 0
7425 0
7425 0
7425 0
7425 0
7425 0
7425 0
7425 0
7425 0
7425 0
7425 0
7425 0
7425 0
7427 0
7427 1
7427 0
7427 0
7427 0
7427 0
7427 0
7427 0
7427 0
7427 0
7427 0
7427 0
7427 0
7427 0
7427 0
7427 0
7427 0
7427 0
7427 0
7427 0
7427 0
7427 0
7427 0
7427 0
7427 0
7427 0
7427 0
7427 0
7427 0
7427 0
7427 0
7427 0
7427 0
7427 0
7427 0
7427 0
7427 0
7427 0
7428 0
7428 1
7428 0
7428 0
7428 0
7428 0
7428 0
7428 0
7428 0
7428 0
7428 0
7428 0
7428 0
7428 0
7428 0
7428 0
7428 0
7428 0
7428 0
7428 0
7428 0
7428 0
7428 0
7428 0
7428 0
7428 0
7428 0
7428 0
7428 0
7428 0
7428 0
7428 0
7428 0
7428 0
7428 0
7428 0
7428 0
7428 0
7490 0
7490 4
7490 0
7490 0
7490 0
7490 0
7490 0
7490 0
7490 0
7490 0
7490 0
7490 0
7490 0
7490 0
7490 0
7490 0
7490 0
7490 0
7490 0
7490 0
7490 0
7490 0
7490 0
7490 0
7490 0
7490 0
7490 0
7490 0
7490 0
7490 0
7490 0
7490 0
7490 0
7490 0
7490 0
7490 0
7490 0
7490 0
7491 0
7491 3
7491 0
7491 0
7491 0
7491 0
7491 0
7491 0
7491 0
7491 0
7491 0
7491 0
7491 0
7491 0
7491 0
7491 0
7491 0
7491 0
7491 0
7491 0
7491 0
7491 0
7491 0
7491 0
7491 0
7491 0
7491 0
7491 0
7491 0
7491 0
7491 0
7491 0
7491 0
7491 0
7491 0
7491 0
7491 0
7491 0
7492 0
7492 1
7492 0
7492 0
7492 0
7492 0
7492 0
7492 0
7492 0
7492 0
7492 0
7492 0
7492 0
7492 0
7492 0
7492 0
7492 0
7492 0
7492 0
7492 0
7492 0
7492 0
7492 0
7492 0
7492 0
7492 0
7492 0
7492 0
7492 0
7492 0
7492 0
7492 0
7492 0
7492 0
7492 0
7492 0
7492 0
7492 0
7496 0
7496 1
7496 0
7496 0
7496 0
7496 0
7496 0
7496 0
7496 0
7496 0
7496 0
7496 0
7496 0
7496 0
7496 0
7496 0
7496 0
7496 0
7496 0
7496 0
7496 0
7496 0
7496 0
7496 0
7496 0
7496 0
7496 0
7496 0
7496 0
7496 0
7496 0
7496 0
7496 0
7496 0
7496 0
7496 0
7496 0
7496 0
7497 0
7497 1
7497 0
7497 0
7497 0
7497 0
7497 0
7497 0
7497 0
7497 0
7497 0
7497 0
7497 0
7497 0
7497 0
7497 0
7497 0
7497 0
7497 0
7497 0
7497 0
7497 0
7497 0
7497 0
7497 0
7497 0
7497 0
7497 0
7497 0
7497 0
7497 0
7497 0
7497 0
7497 0
7497 0
7497 0
7497 0
7497 0
7561 0
7561 6
7561 0
7561 0
7561 0
7561 0
7561 0
7561 0
7561 0
7561 0
7561 0
7561 0
7561 0
7561 0
7561 0
7561 0
7561 0
7561 0
7561 0
7561 0
7561 0
7561 0
7561 0
7561 0
7561 0
7561 0
7561 0
7561 0
7561 0
7561 0
7561 0
7561 0
7561 0
7561 0
7561 0
7561 0
7561 0
7561 0
7562 0
7562 2
7562 0
7562 0
7562 0
7562 0
7562 0
7562 0
7562 0
7562 0
7562 0
7562 0
7562 0
7562 0
7562 0
7562 0
7562 0
7562 0
7562 0
7562 0
7562 0
7562 0
7562 0
7562 0
7562 0
7562 0
7562 0
7562 0
7562 0
7562 0
7562 0
7562 0
7562 0
7562 0
7562 0
7562 0
7562 0
7562 0
7563 0
7563 1
7563 0
7563 0
7563 0
7563 0
7563 0
7563 0
7563 0
7563 0
7563 0
7563 0
7563 0
7563 0
7563 0
7563 0
7563 0
7563 0
7563 0
7563 0
7563 0
7563 0
7563 0
7563 0
7563 0
7563 0
7563 0
7563 0
7563 0
7563 0
7563 0
7563 0
7563 0
7563 0
7563 0
7563 0
7563 0
7563 0
7564 0
7564 2
7564 0
7564 0
7564 0
7564 0
7564 0
7564 0
7564 0
7564 0
7564 0
7564 0
7564 0
7564 0
7564 0
7564 0
7564 0
7564 0
7564 0
7564 0
7564 0
7564 0
7564 0
7564 0
7564 0
7564 0
7564 0
7564 0
7564 0
7564 0
7564 0
7564 0
7564 0
7564 0
7564 0
7564 0
7564 0
7564 0
7565 0
7565 3
7565 0
7565 0
7565 0
7565 0
7565 0
7565 0
7565 0
7565 0
7565 0
7565 0
7565 0
7565 0
7565 0
7565 0
7565 0
7565 0
7565 0
7565 0
7565 0
7565 0
7565 0
7565 0
7565 0
7565 0
7565 0
7565 0
7565 0
7565 0
7565 0
7565 0
7565 0
7565 0
7565 0
7565 0
7565 0
7565 0
7566 0
7566 3
7566 0
7566 0
7566 0
7566 0
7566 0
7566 0
7566 0
7566 0
7566 0
7566 0
7566 0
7566 0
7566 0
7566 0
7566 0
7566 0
7566 0
7566 0
7566 0
7566 0
7566 0
7566 0
7566 0
7566 0
7566 0
7566 0
7566 0
7566 0
7566 0
7566 0
7566 0
7566 0
7566 0
7566 0
7566 0
7566 0
7567 0
7567 1
7567 0
7567 0
7567 0
7567 0
7567 0
7567 0
7567 0
7567 0
7567 0
7567 0
7567 0
7567 0
7567 0
7567 0
7567 0
7567 0
7567 0
7567 0
7567 0
7567 0
7567 0
7567 0
7567 0
7567 0
7567 0
7567 0
7567 0
7567 0
7567 0
7567 0
7567 0
7567 0
7567 0
7567 0
7567 0
7567 0
7637 0
7637 15
7637 0
7637 0
7637 0
7637 0
7637 0
7637 0
7637 0
7637 0
7637 0
7637 0
7637 0
7637 0
7637 0
7637 0
7637 0
7637 0
7637 0
7637 0
7637 0
7637 0
7637 0
7637 0
7637 0
7637 0
7637 0
7637 0
7637 0
7637 0
7637 0
7637 0
7637 0
7637 0
7637 0
7637 0
7637 0
7637 0
7638 0
7638 68
7638 0
7638 0
7638 0
7638 0
7638 0
7638 0
7638 0
7638 0
7638 0
7638 0
7638 0
7638 0
7638 0
7638 0
7638 0
7638 0
7638 0
7638 0
7638 0
7638 0
7638 0
7638 0
7638 0
7638 0
7638 0
7638 0
7638 0
7638 0
7638 0
7638 0
7638 0
7638 0
7638 0
7638 0
7638 0
7638 0
7639 0
7639 2
7639 0
7639 0
7639 0
7639 0
7639 0
7639 0
7639 0
7639 0
7639 0
7639 0
7639 0
7639 0
7639 0
7639 0
7639 0
7639 0
7639 0
7639 0
7639 0
7639 0
7639 0
7639 0
7639 0
7639 0
7639 0
7639 0
7639 0
7639 0
7639 0
7639 0
7639 0
7639 0
7639 0
7639 0
7639 0
7639 0
7640 0
7640 1
7640 0
7640 0
7640 0
7640 0
7640 0
7640 0
7640 0
7640 0
7640 0
7640 0
7640 0
7640 0
7640 0
7640 0
7640 0
7640 0
7640 0
7640 0
7640 0
7640 0
7640 0
7640 0
7640 0
7640 0
7640 0
7640 0
7640 0
7640 0
7640 0
7640 0
7640 0
7640 0
7640 0
7640 0
7640 0
7640 0
7706 0
7706 0
7706 0
7706 0
7706 0
7706 0
7706 0
7706 0
7706 0
7706 0
7706 0
7706 0
7706 0
7706 0
7706 0
7706 0
7706 0
7706 0
7706 0
7706 0
7706 0
7706 0
7706 0
7706 0
7706 0
7706 0
7706 0
7706 0
7706 0
7706 0
7706 0
7706 0
7706 0
7706 0
7706 0
7706 0
7706 0
7706 0
7708 0
7708 0
7708 0
7708 0
7708 0
7708 0
7708 0
7708 0
7708 0
7708 0
7708 0
7708 0
7708 0
7708 0
7708 0
7708 0
7708 0
7708 0
7708 0
7708 0
7708 0
7708 0
7708 0
7708 0
7708 0
7708 0
7708 0
7708 0
7708 0
7708 0
7708 0
7708 0
7708 0
7708 0
7708 0
7708 0
7708 0
7708 0
7709 0
7709 29
7709 0
7709 0
7709 0
7709 0
7709 0
7709 0
7709 0
7709 0
7709 0
7709 0
7709 0
7709 0
7709 0
7709 0
7709 0
7709 0
7709 0
7709 0
7709 0
7709 0
7709 0
7709 0
7709 0
7709 0
7709 0
7709 0
7709 0
7709 0
7709 0
7709 0
7709 0
7709 0
7709 0
7709 0
7709 0
7709 0
7711 0
7711 0
7711 0
7711 0
7711 0
7711 0
7711 0
7711 0
7711 0
7711 0
7711 0
7711 0
7711 0
7711 0
7711 0
7711 0
7711 0
7711 0
7711 0
7711 0
7711 0
7711 0
7711 0
7711 0
7711 0
7711 0
7711 0
7711 0
7711 0
7711 0
7711 0
7711 0
7711 0
7711 0
7711 0
7711 0
7711 0
7711 0
7712 0
7712 5
7712 0
7712 0
7712 0
7712 0
7712 0
7712 0
7712 0
7712 0
7712 0
7712 0
7712 0
7712 0
7712 0
7712 0
7712 0
7712 0
7712 0
7712 0
7712 0
7712 0
7712 0
7712 0
7712 0
7712 0
7712 0
7712 0
7712 0
7712 0
7712 0
7712 0
7712 0
7712 0
7712 0
7712 0
7712 0
7712 0
7783 0
7783 0
7783 0
7783 0
7783 0
7783 0
7783 0
7783 0
7783 0
7783 0
7783 0
7783 0
7783 0
7783 0
7783 0
7783 0
7783 0
7783 0
7783 0
7783 0
7783 0
7783 0
7783 0
7783 0
7783 0
7783 0
7783 0
7783 0
7783 0
7783 0
7783 0
7783 0
7783 0
7783 0
7783 0
7783 0
7783 0
7783 0
7784 0
7784 2
7784 0
7784 0
7784 0
7784 0
7784 0
7784 0
7784 0
7784 0
7784 0
7784 0
7784 0
7784 0
7784 0
7784 0
7784 0
7784 0
7784 0
7784 0
7784 0
7784 0
7784 0
7784 0
7784 0
7784 0
7784 0
7784 0
7784 0
7784 0
7784 0
7784 0
7784 0
7784 0
7784 0
7784 0
7784 0
7784 0
7785 0
7785 0
7785 0
7785 0
7785 0
7785 0
7785 0
7785 0
7785 0
7785 0
7785 0
7785 0
7785 0
7785 0
7785 0
7785 0
7785 0
7785 0
7785 0
7785 0
7785 0
7785 0
7785 0
7785 0
7785 0
7785 0
7785 0
7785 0
7785 0
7785 0
7785 0
7785 0
7785 0
7785 0
7785 0
7785 0
7785 0
7785 0
7853 0
7853 1
7853 0
7853 0
7853 0
7853 0
7853 0
7853 0
7853 0
7853 38
7853 0
7853 0
7853 0
7853 0
7853 0
7853 0
7853 0
7853 0
7853 0
7853 0
7853 0
7853 0
7853 0
7853 0
7853 0
7853 0
7853 0
7853 3
7853 0
7853 0
7853 0
7853 0
7853 0
7853 0
7853 0
7853 0
7853 0
7853 0
7858 0
7858 0
7858 0
7858 0
7858 0
7858 0
7858 0
7858 0
7858 0
7858 0
7858 0
7858 0
7858 0
7858 0
7858 0
7858 0
7858 0
7858 0
7858 0
7858 0
7858 0
7858 0
7858 0
7858 0
7858 0
7858 0
7858 0
7858 0
7858 0
7858 0
7858 0
7858 0
7858 0
7858 0
7858 0
7858 0
7858 0
7858 0
8054 0
8054 0
8054 0
8054 0
8054 0
8054 0
8054 0
8054 0
8054 2
8054 0
8054 0
8054 0
8054 0
8054 0
8054 0
8054 0
8054 0
8054 0
8054 0
8054 0
8054 0
8054 0
8054 0
8054 0
8054 0
8054 0
8054 0
8054 0
8054 0
8054 0
8054 0
8054 0
8054 0
8054 0
8054 0
8054 0
8054 0
8054 0
8055 0
8055 0
8055 0
8055 0
8055 0
8055 0
8055 0
8055 0
8055 141
8055 0
8055 0
8055 0
8055 0
8055 0
8055 0
8055 0
8055 0
8055 0
8055 0
8055 0
8055 0
8055 0
8055 0
8055 0
8055 0
8055 0
8055 0
8055 0
8055 0
8055 0
8055 0
8055 0
8055 0
8055 0
8055 0
8055 0
8055 0
8055 0
8056 0
8056 0
8056 0
8056 0
8056 0
8056 0
8056 0
8056 0
8056 7
8056 0
8056 0
8056 0
8056 0
8056 0
8056 0
8056 0
8056 0
8056 0
8056 0
8056 0
8056 0
8056 0
8056 0
8056 0
8056 0
8056 0
8056 0
8056 1
8056 0
8056 0
8056 0
8056 0
8056 0
8056 0
8056 0
8056 0
8056 0
8056 0
8057 0
8057 0
8057 0
8057 0
8057 0
8057 0
8057 0
8057 0
8057 138
8057 0
8057 0
8057 0
8057 136
8057 0
8057 0
8057 0
8057 0
8057 0
8057 0
8057 0
8057 0
8057 0
8057 0
8057 0
8057 0
8057 0
8057 0
8057 10
8057 0
8057 0
8057 0
8057 0
8057 0
8057 0
8057 0
8057 0
8057 0
8057 0
8058 0
8058 0
8058 0
8058 0
8058 0
8058 0
8058 0
8058 0
8058 222
8058 0
8058 0
8058 0
8058 131
8058 0
8058 0
8058 0
8058 0
8058 0
8058 0
8058 0
8058 0
8058 0
8058 0
8058 0
8058 0
8058 0
8058 0
8058 14
8058 0
8058 0
8058 0
8058 0
8058 0
8058 0
8058 0
8058 0
8058 0
8058 0
8059 0
8059 0
8059 0
8059 0
8059 0
8059 0
8059 0
8059 0
8059 46
8059 0
8059 0
8059 0
8059 68
8059 0
8059 0
8059 0
8059 0
8059 0
8059 0
8059 0
8059 0
8059 0
8059 0
8059 0
8059 0
8059 0
8059 0
8059 0
8059 0
8059 0
8059 0
8059 0
8059 0
8059 0
8059 0
8059 0
8059 0
8059 0
8060 0
8060 1
8060 0
8060 0
8060 0
8060 0
8060 0
8060 0
8060 17
8060 0
8060 0
8060 0
8060 74
8060 0
8060 0
8060 0
8060 0
8060 0
8060 0
8060 0
8060 0
8060 0
8060 0
8060 0
8060 0
8060 0
8060 0
8060 0
8060 0
8060 0
8060 0
8060 0
8060 0
8060 0
8060 0
8060 0
8060 0
8060 0
8114 0
8114 0
8114 0
8114 0
8114 0
8114 0
8114 0
8114 0
8114 2
8114 0
8114 0
8114 0
8114 0
8114 0
8114 0
8114 0
8114 0
8114 0
8114 0
8114 0
8114 0
8114 0
8114 0
8114 0
8114 0
8114 0
8114 0
8114 0
8114 0
8114 0
8114 0
8114 0
8114 0
8114 0
8114 0
8114 0
8114 0
8114 0
8116 0
8116 0
8116 0
8116 0
8116 0
8116 0
8116 0
8116 0
8116 1
8116 0
8116 0
8116 0
8116 0
8116 0
8116 0
8116 0
8116 0
8116 0
8116 0
8116 0
8116 0
8116 0
8116 0
8116 0
8116 0
8116 0
8116 0
8116 0
8116 0
8116 0
8116 0
8116 0
8116 0
8116 0
8116 0
8116 0
8116 0
8116 0
8117 0
8117 0
8117 0
8117 0
8117 0
8117 0
8117 0
8117 0
8117 5
8117 0
8117 0
8117 0
8117 0
8117 0
8117 0
8117 0
8117 0
8117 0
8117 0
8117 0
8117 0
8117 0
8117 0
8117 0
8117 0
8117 0
8117 0
8117 1
8117 0
8117 0
8117 0
8117 0
8117 0
8117 0
8117 0
8117 0
8117 0
8117 0
8118 0
8118 0
8118 0
8118 0
8118 0
8118 0
8118 0
8118 0
8118 2
8118 0
8118 0
8118 0
8118 0
8118 0
8118 0
8118 0
8118 0
8118 0
8118 0
8118 0
8118 0
8118 0
8118 0
8118 0
8118 0
8118 0
8118 0
8118 0
8118 0
8118 0
8118 0
8118 0
8118 0
8118 0
8118 0
8118 0
8118 0
8118 0
8119 0
8119 0
8119 0
8119 0
8119 0
8119 0
8119 0
8119 0
8119 162
8119 0
8119 0
8119 0
8119 329
8119 0
8119 0
8119 0
8119 0
8119 0
8119 0
8119 0
8119 0
8119 0
8119 0
8119 0
8119 0
8119 0
8119 0
8119 9
8119 0
8119 0
8119 0
8119 0
8119 0
8119 0
8119 0
8119 0
8119 0
8119 0
8120 0
8120 1
8120 0
8120 0
8120 0
8120 0
8120 0
8120 0
8120 17
8120 0
8120 0
8120 0
8120 74
8120 0
8120 0
8120 0
8120 0
8120 0
8120 0
8120 0
8120 0
8120 0
8120 0
8120 0
8120 0
8120 0
8120 0
8120 0
8120 0
8120 0
8120 0
8120 0
8120 0
8120 0
8120 0
8120 0
8120 0
8120 0
