pt_graph cpue_kghour
9572 0
9572 0
9572 0
9572 0
9572 0
9572 0
9572 0
9572 0
9572 0
9572 0
9572 0
9572 0
9572 0
9572 0
9572 0
9572 0
9572 0
9572 0
9572 0
9572 0
9572 0
9572 0
9572 1
9572 0
9572 0
9572 0
9572 8
9572 0
9572 0
9572 0
9572 0
9572 0
9572 0
9572 0
9572 0
9572 0
9572 0
9572 0
9827 0
9827 0
9827 0
9827 0
9827 0
9827 0
9827 0
9827 0
9827 1
9827 0
9827 0
9827 0
9827 0
9827 0
9827 0
9827 0
9827 0
9827 0
9827 0
9827 0
9827 0
9827 0
9827 3
9827 0
9827 0
9827 0
9827 68
9827 0
9827 0
9827 1
9827 0
9827 0
9827 0
9827 0
9827 0
9827 0
9827 0
9827 0
9828 0
9828 0
9828 0
9828 0
9828 0
9828 0
9828 0
9828 0
9828 0
9828 0
9828 0
9828 0
9828 0
9828 0
9828 0
9828 0
9828 0
9828 0
9828 0
9828 0
9828 0
9828 0
9828 8
9828 0
9828 0
9828 0
9828 93
9828 0
9828 0
9828 2
9828 0
9828 0
9828 0
9828 0
9828 0
9828 0
9828 0
9828 0
