pt_graph shape
2361 0
2361 0
2361 0
2361 0
2361 0
2361 0
2361 0
2361 0
2361 0
2361 0
2361 0
2361 1.57
2361 0
2361 0
2361 0
2361 0
2361 0
2361 0
2361 0
2361 0
2361 0
2361 0
2361 0
2361 0
2361 0
2361 31.91
2361 0
2361 0
2361 34.59
2361 0
2361 0
2361 0
2361 0
2361 0
2361 0
2361 0
2361 0
2361 0
2447 0
2447 0
2447 0
2447 0
2447 0
2447 0
2447 0
2447 0
2447 0
2447 0
2447 0
2447 27.9
2447 0
2447 0
2447 0
2447 0
2447 0
2447 0
2447 0
2447 0
2447 0
2447 0
2447 0
2447 0
2447 0
2447 0
2447 0
2447 0
2447 0
2447 0
2447 0
2447 0
2447 0
2447 0
2447 0
2447 0
2447 0
2447 0
2448 0
2448 0
2448 0
2448 0
2448 0
2448 0
2448 0
2448 0
2448 0
2448 0
2448 0
2448 0.87
2448 0
2448 0
2448 0
2448 0
2448 0
2448 0
2448 0
2448 0
2448 0
2448 0
2448 0
2448 0
2448 0
2448 40.95
2448 0
2448 0
2448 1.37
2448 0
2448 0
2448 0
2448 0
2448 0
2448 0
2448 0
2448 0
2448 0
2450 0
2450 0
2450 0
2450 0
2450 0
2450 0
2450 0
2450 0
2450 0
2450 0
2450 0
2450 1.68
2450 0
2450 0
2450 0
2450 0
2450 0
2450 0
2450 0
2450 0
2450 0
2450 0
2450 0
2450 0
2450 0
2450 28.12
2450 0
2450 0
2450 26.02
2450 0
2450 0
2450 0
2450 0
2450 0
2450 0
2450 0
2450 0
2450 0
2533 0
2533 0
2533 0
2533 0
2533 0
2533 0
2533 0
2533 0
2533 0
2533 0
2533 0
2533 0.94
2533 0
2533 0
2533 0
2533 0
2533 0
2533 0
2533 0
2533 0
2533 0
2533 0
2533 0
2533 0
2533 0
2533 31.91
2533 0
2533 0
2533 34.59
2533 0
2533 0
2533 0
2533 0
2533 0
2533 0
2533 0
2533 0
2533 0
2535 0
2535 0
2535 0
2535 0
2535 0
2535 0
2535 0
2535 0
2535 0
2535 0
2535 0
2535 1.68
2535 0
2535 0
2535 0
2535 0
2535 0
2535 0
2535 0
2535 0
2535 0
2535 0
2535 0
2535 0
2535 0
2535 28.12
2535 0
2535 0
2535 26.02
2535 0
2535 0
2535 0
2535 0
2535 0
2535 0
2535 0
2535 0
2535 0
2620 0
2620 0
2620 0
2620 0
2620 0
2620 0
2620 0
2620 0
2620 0
2620 0
2620 0
2620 0.85
2620 0
2620 0
2620 0
2620 0
2620 0
2620 0
2620 0
2620 0
2620 0
2620 0
2620 0
2620 0
2620 0
2620 28.12
2620 0
2620 0
2620 26.02
2620 0
2620 0
2620 0
2620 0
2620 0
2620 0
2620 0
2620 0
2620 0
2787 0
2787 0
2787 0
2787 0
2787 0
2787 0
2787 0
2787 0
2787 0
2787 0
2787 0
2787 1.68
2787 0
2787 0
2787 0
2787 0
2787 0
2787 0
2787 0
2787 0
2787 0
2787 0
2787 0
2787 0
2787 0
2787 28.12
2787 0
2787 0
2787 26.02
2787 0
2787 0
2787 0
2787 0
2787 0
2787 0
2787 0
2787 0
2787 0
2788 0
2788 0
2788 0
2788 0
2788 0
2788 0
2788 0
2788 0
2788 0
2788 0
2788 0
2788 27.9
2788 0
2788 0
2788 0
2788 0
2788 0
2788 0
2788 0
2788 0
2788 0
2788 0
2788 0
2788 0
2788 0
2788 0
2788 0
2788 0
2788 0
2788 0
2788 0
2788 0
2788 0
2788 0
2788 0
2788 0
2788 0
2788 0
3158 0
3158 0
3158 0
3158 0
3158 0
3158 0
3158 0
3158 0
3158 0
3158 0
3158 0
3158 1.2
3158 0
3158 0
3158 0
3158 0
3158 0
3158 0
3158 0
3158 0
3158 0
3158 0
3158 0
3158 0
3158 0
3158 7.32
3158 0
3158 0
3158 1.79
3158 0
3158 0
3158 0
3158 32.3
3158 0
3158 0
3158 0
3158 0
3158 0
3159 0
3159 0
3159 0
3159 0
3159 0
3159 0
3159 0
3159 0
3159 0
3159 0
3159 0
3159 1.65
3159 0
3159 0
3159 0
3159 0
3159 0
3159 0
3159 0
3159 0
3159 0
3159 0
3159 0
3159 0
3159 0
3159 4.11
3159 0
3159 0
3159 1.87
3159 0
3159 0
3159 0
3159 0
3159 0
3159 0
3159 0
3159 0
3159 0
3250 0
3250 0
3250 0
3250 0
3250 0
3250 0
3250 0
3250 0
3250 0
3250 0
3250 0
3250 0.86
3250 0
3250 0
3250 0
3250 0
3250 0
3250 0
3250 0
3250 0
3250 0
3250 0
3250 0
3250 0
3250 0
3250 3.37
3250 0
3250 0
3250 1.79
3250 0
3250 0
3250 0
3250 28.71
3250 0
3250 0
3250 0
3250 0
3250 0
3251 0
3251 0
3251 0
3251 0
3251 0
3251 0
3251 0
3251 0
3251 0
3251 0
3251 0
3251 1.22
3251 0
3251 0
3251 0
3251 0
3251 0
3251 0
3251 0
3251 0
3251 0
3251 0
3251 0
3251 0
3251 0
3251 10.78
3251 0
3251 0
3251 5.16
3251 0
3251 0
3251 0
3251 28.71
3251 0
3251 0
3251 0
3251 0
3251 0
3342 0
3342 0
3342 0
3342 0
3342 0
3342 0
3342 0
3342 0
3342 0
3342 0
3342 0
3342 1.56
3342 0
3342 0
3342 0
3342 0
3342 0
3342 0
3342 0
3342 0
3342 0
3342 0
3342 0
3342 0
3342 0
3342 1.8
3342 0
3342 0
3342 2.23
3342 0
3342 0
3342 0
3342 0
3342 0
3342 0
3342 0
3342 0
3342 0
3343 0
3343 0
3343 0
3343 0
3343 0
3343 0
3343 0
3343 0
3343 0
3343 0
3343 0
3343 0.62
3343 0
3343 0
3343 0
3343 0
3343 0
3343 0
3343 0
3343 0
3343 0
3343 0
3343 0
3343 0
3343 0
3343 7.7
3343 0
3343 0
3343 2.84
3343 0
3343 0
3343 0
3343 36.52
3343 0
3343 0
3343 0
3343 0
3343 0
3344 0
3344 0
3344 0
3344 0
3344 0
3344 0
3344 0
3344 0
3344 0
3344 0
3344 0
3344 0.95
3344 0
3344 0
3344 0
3344 0
3344 0
3344 0
3344 0
3344 0
3344 0
3344 0
3344 0
3344 0
3344 0
3344 1.19
3344 0
3344 0
3344 8.55
3344 0
3344 0
3344 0
3344 36.52
3344 0
3344 0
3344 0
3344 0
3344 0
3426 0
3426 0
3426 0
3426 0
3426 0
3426 0
3426 0
3426 0
3426 0
3426 0
3426 0
3426 0.85
3426 0
3426 0
3426 0
3426 0
3426 0
3426 0
3426 0
3426 0
3426 0
3426 0
3426 0
3426 0
3426 0
3426 0
3426 0
3426 0
3426 0.95
3426 0
3426 0
3426 0
3426 0
3426 0
3426 0
3426 0
3426 0
3426 0
3427 0
3427 0
3427 0
3427 0
3427 0
3427 0
3427 0
3427 0
3427 0
3427 0
3427 0
3427 1.59
3427 0
3427 0
3427 0
3427 0
3427 0
3427 0
3427 0
3427 0
3427 0
3427 0
3427 0
3427 0
3427 0
3427 0
3427 0
3427 0
3427 1.58
3427 0
3427 0
3427 0
3427 0
3427 0
3427 0
3427 0
3427 0
3427 0
3510 0
3510 0
3510 0
3510 0
3510 0
3510 0
3510 0
3510 0
3510 0
3510 0
3510 0
3510 1.47
3510 0
3510 0
3510 0
3510 0
3510 0
3510 0
3510 0
3510 0
3510 0
3510 0
3510 0
3510 0
3510 0
3510 0
3510 0
3510 0
3510 1.66
3510 0
3510 0
3510 0
3510 0
3510 0
3510 0
3510 0
3510 0
3510 0
3596 0
3596 0
3596 0
3596 0
3596 0
3596 0
3596 0
3596 0
3596 0
3596 0
3596 0
3596 1.59
3596 0
3596 0
3596 0
3596 0
3596 0
3596 0
3596 0
3596 0
3596 0
3596 0
3596 0
3596 0
3596 0
3596 0
3596 0
3596 0
3596 1.58
3596 0
3596 0
3596 0
3596 0
3596 0
3596 0
3596 0
3596 0
3596 0
