pt_graph shape
6938 0
6938 0
6938 0
6938 0
6938 0
6938 0
6938 0
6938 0
6938 33.1
6938 0
6938 0
6938 0
6938 0
6938 0
6938 0
6938 0
6938 0
6938 0
6938 0
6938 0
6938 0
6938 0
6938 0
6938 0
6938 33.61
6938 0
6938 0
6938 1.57
6938 0
6938 0
6938 30.26
6938 0
6938 0
6938 0
6938 0
6938 0
6938 0
6938 0
7014 0
7014 0
7014 0
7014 0
7014 0
7014 0
7014 0
7014 0
7014 4.7
7014 0
7014 0
7014 0
7014 0
7014 0
7014 0
7014 0
7014 0
7014 0
7014 0
7014 0
7014 0
7014 0
7014 0
7014 0
7014 1.67
7014 0
7014 0
7014 0.65
7014 0
7014 0
7014 7.13
7014 0
7014 0
7014 0
7014 0
7014 0
7014 0
7014 0
7083 0
7083 0
7083 0
7083 0
7083 0
7083 0
7083 0
7083 0
7083 1.13
7083 0
7083 0
7083 0
7083 0
7083 0
7083 0
7083 0
7083 0
7083 0
7083 0
7083 0
7083 0
7083 0
7083 0
7083 0
7083 43.65
7083 0
7083 0
7083 0.99
7083 0
7083 0
7083 47.53
7083 0
7083 0
7083 0
7083 0
7083 0
7083 0
7083 0
7084 0
7084 0
7084 0
7084 0
7084 0
7084 0
7084 0
7084 0
7084 2.4
7084 0
7084 0
7084 0
7084 0
7084 0
7084 0
7084 0
7084 0
7084 0
7084 0
7084 0
7084 0
7084 0
7084 0
7084 0
7084 1.4
7084 0
7084 0
7084 5.73
7084 0
7084 0
7084 5.99
7084 0
7084 0
7084 0
7084 0
7084 0
7084 0
7084 0
7152 0
7152 0
7152 0
7152 0
7152 0
7152 0
7152 0
7152 0
7152 2.25
7152 0
7152 0
7152 0
7152 0
7152 0
7152 0
7152 0
7152 0
7152 0
7152 0
7152 0
7152 0
7152 0
7152 0
7152 0
7152 1.84
7152 0
7152 0
7152 1.74
7152 0
7152 0
7152 7.35
7152 0
7152 0
7152 0
7152 0
7152 0
7152 0
7152 0
7153 0
7153 0
7153 0
7153 0
7153 0
7153 0
7153 0
7153 0
7153 1.15
7153 0
7153 0
7153 0
7153 0
7153 0
7153 0
7153 0
7153 0
7153 0
7153 0
7153 0
7153 0
7153 0
7153 0
7153 0
7153 3.62
7153 0
7153 0
7153 1.04
7153 0
7153 0
7153 6.63
7153 0
7153 0
7153 0
7153 0
7153 0
7153 0
7153 0
7217 0
7217 0
7217 0
7217 0
7217 0
7217 0
7217 0
7217 0
7217 1.07
7217 0
7217 0
7217 0
7217 0
7217 0
7217 0
7217 0
7217 0
7217 0
7217 0
7217 0
7217 0
7217 0
7217 0
7217 0
7217 2.85
7217 0
7217 0
7217 4.88
7217 0
7217 0
7217 2.52
7217 0
7217 0
7217 0
7217 0
7217 0
7217 0
7217 0
7218 0
7218 0
7218 0
7218 0
7218 0
7218 0
7218 0
7218 0
7218 0.96
7218 0
7218 0
7218 0
7218 0
7218 0
7218 0
7218 0
7218 0
7218 0
7218 0
7218 0
7218 0
7218 0
7218 0
7218 0
7218 2.02
7218 0
7218 0
7218 1.02
7218 0
7218 0
7218 1.86
7218 0
7218 0
7218 0
7218 0
7218 0
7218 0
7218 0
7280 0
7280 0
7280 0
7280 0
7280 0
7280 0
7280 0
7280 0
7280 48.05
7280 0
7280 0
7280 0
7280 0
7280 0
7280 0
7280 0
7280 0
7280 0
7280 0
7280 0
7280 0
7280 0
7280 0
7280 0
7280 59.78
7280 0
7280 0
7280 0.96
7280 0
7280 0
7280 0
7280 0
7280 0
7280 0
7280 0
7280 0
7280 0
7280 0
7284 0
7284 0
7284 0
7284 0
7284 0
7284 0
7284 0
7284 0
7284 4.48
7284 0
7284 0
7284 0
7284 0
7284 0
7284 0
7284 0
7284 0
7284 0
7284 0
7284 0
7284 0
7284 0
7284 0
7284 0
7284 2.08
7284 0
7284 0
7284 1.25
7284 0
7284 0
7284 2.06
7284 0
7284 0
7284 0
7284 0
7284 0
7284 0
7284 0
7285 0
7285 0
7285 0
7285 0
7285 0
7285 0
7285 0
7285 0
7285 10.99
7285 0
7285 0
7285 0
7285 0
7285 0
7285 0
7285 0
7285 0
7285 0
7285 0
7285 0
7285 0
7285 0
7285 0
7285 0
7285 2.34
7285 0
7285 0
7285 1.85
7285 0
7285 0
7285 10.69
7285 0
7285 0
7285 0
7285 0
7285 0
7285 0
7285 0
7348 0
7348 0
7348 0
7348 0
7348 0
7348 0
7348 0
7348 0
7348 2.15
7348 0
7348 0
7348 0
7348 0
7348 0
7348 0
7348 0
7348 0
7348 0
7348 0
7348 0
7348 0
7348 0
7348 0
7348 0
7348 34.01
7348 0
7348 0
7348 36.04
7348 0
7348 0
7348 0
7348 0
7348 0
7348 0
7348 0
7348 0
7348 0
7348 0
7349 0
7349 0
7349 0
7349 0
7349 0
7349 0
7349 0
7349 0
7349 49.66
7349 0
7349 0
7349 0
7349 0
7349 0
7349 0
7349 0
7349 0
7349 0
7349 0
7349 0
7349 0
7349 0
7349 0
7349 0
7349 79.53
7349 0
7349 0
7349 89
7349 0
7349 0
7349 0
7349 0
7349 0
7349 0
7349 0
7349 0
7349 0
7349 0
7350 0
7350 0
7350 0
7350 0
7350 0
7350 0
7350 0
7350 0
7350 1.38
7350 0
7350 0
7350 0
7350 0
7350 0
7350 0
7350 0
7350 0
7350 0
7350 0
7350 0
7350 0
7350 0
7350 0
7350 0
7350 13.28
7350 0
7350 0
7350 2.13
7350 0
7350 0
7350 0
7350 0
7350 0
7350 0
7350 0
7350 0
7350 0
7350 0
7351 0
7351 0
7351 0
7351 0
7351 0
7351 0
7351 0
7351 0
7351 2.25
7351 0
7351 0
7351 0
7351 0
7351 0
7351 0
7351 0
7351 0
7351 0
7351 0
7351 0
7351 0
7351 0
7351 0
7351 0
7351 18.93
7351 0
7351 0
7351 0.96
7351 0
7351 0
7351 59.82
7351 0
7351 0
7351 0
7351 0
7351 0
7351 0
7351 0
7352 0
7352 0
7352 0
7352 0
7352 0
7352 0
7352 0
7352 0
7352 33.49
7352 0
7352 0
7352 0
7352 0
7352 0
7352 0
7352 0
7352 0
7352 0
7352 0
7352 0
7352 0
7352 0
7352 0
7352 0
7352 0
7352 0
7352 0
7352 1.79
7352 0
7352 0
7352 36.4
7352 0
7352 0
7352 0
7352 0
7352 0
7352 0
7352 0
7418 0
7418 0
7418 0
7418 0
7418 0
7418 0
7418 0
7418 0
7418 2.95
7418 0
7418 0
7418 0
7418 0
7418 0
7418 0
7418 0
7418 0
7418 0
7418 0
7418 0
7418 0
7418 0
7418 0
7418 0
7418 8.21
7418 0
7418 0
7418 9.12
7418 0
7418 0
7418 0
7418 0
7418 0
7418 0
7418 0
7418 0
7418 0
7418 0
7419 0
7419 0
7419 0
7419 0
7419 0
7419 0
7419 0
7419 0
7419 2.28
7419 0
7419 0
7419 0
7419 0
7419 0
7419 0
7419 0
7419 0
7419 0
7419 0
7419 0
7419 0
7419 0
7419 0
7419 0
7419 17.01
7419 0
7419 0
7419 0.9
7419 0
7419 0
7419 32.82
7419 0
7419 0
7419 0
7419 0
7419 0
7419 0
7419 0
7420 0
7420 0
7420 0
7420 0
7420 0
7420 0
7420 0
7420 0
7420 52.61
7420 0
7420 0
7420 0
7420 0
7420 0
7420 0
7420 0
7420 0
7420 0
7420 0
7420 0
7420 0
7420 0
7420 0
7420 0
7420 96.01
7420 0
7420 0
7420 37.53
7420 0
7420 0
7420 72.43
7420 0
7420 0
7420 0
7420 0
7420 0
7420 0
7420 0
7483 0
7483 0
7483 0
7483 0
7483 0
7483 0
7483 0
7483 0
7483 43.17
7483 0
7483 0
7483 0
7483 0
7483 0
7483 0
7483 0
7483 0
7483 0
7483 0
7483 0
7483 0
7483 0
7483 0
7483 0
7483 33.57
7483 0
7483 0
7483 0.95
7483 0
7483 0
7483 0
7483 0
7483 0
7483 0
7483 0
7483 0
7483 0
7483 0
7484 0
7484 0
7484 0
7484 0
7484 0
7484 0
7484 0
7484 0
7484 3.19
7484 0
7484 0
7484 0
7484 0
7484 0
7484 0
7484 0
7484 0
7484 0
7484 0
7484 0
7484 0
7484 0
7484 0
7484 0
7484 7.58
7484 0
7484 0
7484 0.91
7484 0
7484 0
7484 0
7484 0
7484 0
7484 0
7484 0
7484 0
7484 0
7484 0
7485 0
7485 0
7485 0
7485 0
7485 0
7485 0
7485 0
7485 0
7485 48.79
7485 0
7485 0
7485 0
7485 0
7485 0
7485 0
7485 0
7485 0
7485 0
7485 0
7485 0
7485 0
7485 0
7485 0
7485 0
7485 38.08
7485 0
7485 0
7485 1.6
7485 0
7485 0
7485 0
7485 0
7485 0
7485 0
7485 0
7485 0
7485 0
7485 0
7487 0
7487 0
7487 0
7487 0
7487 0
7487 0
7487 0
7487 0
7487 0.65
7487 0
7487 0
7487 0
7487 0
7487 0
7487 0
7487 0
7487 0
7487 0
7487 0
7487 0
7487 0
7487 0
7487 0
7487 0
7487 1.14
7487 0
7487 0
7487 0.69
7487 0
7487 0
7487 1.94
7487 0
7487 0
7487 0
7487 0
7487 0
7487 0
7487 0
7544 0
7544 0
7544 0
7544 0
7544 0
7544 0
7544 0
7544 0
7544 16.09
7544 0
7544 0
7544 0
7544 0
7544 0
7544 0
7544 0
7544 0
7544 0
7544 0
7544 0
7544 0
7544 0
7544 0
7544 0
7544 3.28
7544 0
7544 0
7544 6.67
7544 0
7544 0
7544 68.25
7544 0
7544 0
7544 0
7544 0
7544 0
7544 0
7544 0
7545 0
7545 0
7545 0
7545 0
7545 0
7545 0
7545 0
7545 0
7545 8.07
7545 0
7545 0
7545 0
7545 0
7545 0
7545 0
7545 0
7545 0
7545 0
7545 0
7545 0
7545 0
7545 0
7545 0
7545 0
7545 2.45
7545 0
7545 0
7545 0.71
7545 0
7545 0
7545 41.19
7545 0
7545 0
7545 0
7545 0
7545 0
7545 0
7545 0
7546 0
7546 0
7546 0
7546 0
7546 0
7546 0
7546 0
7546 0
7546 5.64
7546 0
7546 0
7546 0
7546 0
7546 0
7546 0
7546 0
7546 0
7546 0
7546 0
7546 0
7546 0
7546 0
7546 0
7546 0
7546 3.01
7546 0
7546 0
7546 3.15
7546 0
7546 0
7546 0
7546 0
7546 0
7546 0
7546 0
7546 0
7546 0
7546 0
7547 0
7547 0
7547 0
7547 0
7547 0
7547 0
7547 0
7547 0
7547 31.26
7547 0
7547 0
7547 0
7547 0
7547 0
7547 0
7547 0
7547 0
7547 0
7547 0
7547 0
7547 0
7547 0
7547 0
7547 0
7547 43.71
7547 0
7547 0
7547 1.92
7547 0
7547 0
7547 0
7547 0
7547 0
7547 0
7547 0
7547 0
7547 0
7547 0
7552 0
7552 0
7552 0
7552 0
7552 0
7552 0
7552 0
7552 0
7552 65.18
7552 0
7552 0
7552 0
7552 0
7552 0
7552 0
7552 0
7552 0
7552 0
7552 0
7552 0
7552 0
7552 0
7552 0
7552 0
7552 56.81
7552 0
7552 0
7552 0.98
7552 0
7552 0
7552 0
7552 0
7552 0
7552 0
7552 0
7552 0
7552 0
7552 0
7555 0
7555 0
7555 0
7555 0
7555 0
7555 0
7555 0
7555 0
7555 0.86
7555 0
7555 0
7555 0
7555 0
7555 0
7555 0
7555 0
7555 0
7555 0
7555 0
7555 0
7555 0
7555 0
7555 0
7555 0
7555 3.66
7555 0
7555 0
7555 0.5
7555 0
7555 0
7555 12.21
7555 0
7555 0
7555 0
7555 0
7555 0
7555 0
7555 0
7556 0
7556 0
7556 0
7556 0
7556 0
7556 0
7556 0
7556 0
7556 0
7556 0
7556 0
7556 0
7556 0
7556 0
7556 0
7556 0
7556 0
7556 0
7556 0
7556 0
7556 0
7556 0
7556 0
7556 0
7556 0
7556 0
7556 0
7556 24.91
7556 0
7556 0
7556 0
7556 0
7556 0
7556 0
7556 0
7556 0
7556 0
7556 0
7630 0
7630 0
7630 0
7630 0
7630 0
7630 0
7630 0
7630 0
7630 0
7630 0
7630 0
7630 0
7630 0
7630 0
7630 0
7630 0
7630 0
7630 0
7630 0
7630 0
7630 0
7630 0
7630 0
7630 0
7630 0
7630 0
7630 0
7630 1.14
7630 0
7630 0
7630 68.09
7630 0
7630 0
7630 0
7630 0
7630 0
7630 0
7630 0
7631 0
7631 0
7631 0
7631 0
7631 0
7631 0
7631 0
7631 0
7631 0
7631 0
7631 0
7631 0
7631 0
7631 0
7631 0
7631 0
7631 0
7631 0
7631 0
7631 0
7631 0
7631 0
7631 0
7631 0
7631 0
7631 0
7631 0
7631 0.76
7631 0
7631 0
7631 63.15
7631 0
7631 0
7631 0
7631 0
7631 0
7631 0
7631 0
