pt_graph shape
2315 0
2315 0
2315 0
2315 1.46
2315 0
2315 0
2315 0
2315 0
2315 0
2315 0
2315 0
2315 0
2315 0
2315 0
2315 0
2315 0
2315 0
2315 0
2315 0
2315 0
2315 0
2315 0
2315 0
2315 0
2315 0
2315 0
2315 0
2315 0
2315 0
2315 0
2315 0
2315 0
2315 0
2315 0
2315 0
2315 0
2315 0
2315 0
2403 0
2403 0
2403 0
2403 4.62
2403 0
2403 0
2403 0
2403 0
2403 0
2403 0
2403 0
2403 0
2403 0
2403 0
2403 0
2403 0
2403 0
2403 0
2403 0
2403 0
2403 0
2403 0
2403 0
2403 0
2403 0
2403 0
2403 0
2403 0
2403 0
2403 0
2403 0
2403 0
2403 0
2403 0
2403 0
2403 0
2403 0
2403 0
2406 0
2406 0
2406 0
2406 5.49
2406 0
2406 0
2406 0
2406 0
2406 0
2406 0
2406 0
2406 0
2406 0
2406 0
2406 0
2406 0
2406 0
2406 0
2406 0
2406 0
2406 0
2406 0
2406 0
2406 0
2406 0
2406 0
2406 0
2406 0
2406 0
2406 0
2406 0
2406 0
2406 0
2406 0
2406 0
2406 0
2406 0
2406 0
2486 0
2486 0
2486 0
2486 1.46
2486 0
2486 0
2486 0
2486 0
2486 0
2486 0
2486 0
2486 0
2486 0
2486 0
2486 0
2486 0
2486 0
2486 0
2486 0
2486 0
2486 0
2486 0
2486 0
2486 0
2486 0
2486 0
2486 0
2486 0
2486 0
2486 0
2486 0
2486 0
2486 0
2486 0
2486 0
2486 0
2486 0
2486 0
2574 0
2574 0
2574 0
2574 0.85
2574 0
2574 0
2574 0
2574 0
2574 0
2574 0
2574 0
2574 0
2574 0
2574 0
2574 0
2574 0
2574 0
2574 0
2574 0
2574 0
2574 0
2574 0
2574 0
2574 0
2574 0
2574 0
2574 0
2574 0
2574 0
2574 0
2574 0
2574 0
2574 0
2574 0
2574 0
2574 0
2574 0
2574 0
2660 0
2660 0
2660 0
2660 5.49
2660 0
2660 0
2660 0
2660 0
2660 0
2660 0
2660 0
2660 0
2660 0
2660 0
2660 0
2660 0
2660 0
2660 0
2660 0
2660 0
2660 0
2660 0
2660 0
2660 0
2660 0
2660 0
2660 0
2660 0
2660 0
2660 0
2660 0
2660 0
2660 0
2660 0
2660 0
2660 0
2660 0
2660 0
2749 0
2749 0
2749 0
2749 2.07
2749 0
2749 0
2749 0
2749 0
2749 0
2749 0
2749 0
2749 0
2749 0
2749 0
2749 0
2749 0
2749 0
2749 0
2749 0
2749 0
2749 0
2749 0
2749 0
2749 0
2749 0
2749 0
2749 0
2749 0
2749 0
2749 0
2749 0
2749 0
2749 0
2749 0
2749 0
2749 0
2749 0
2749 0
2836 0
2836 0
2836 0
2836 0.85
2836 0
2836 0
2836 0
2836 0
2836 0
2836 0
2836 0
2836 0
2836 0
2836 0
2836 0
2836 0
2836 0
2836 0
2836 0
2836 0
2836 0
2836 0
2836 0
2836 0
2836 0
2836 0
2836 0
2836 0
2836 0
2836 0
2836 0
2836 0
2836 0
2836 0
2836 0
2836 0
2836 0
2836 0
2850 0
2850 0
2850 0
2850 0.93
2850 0
2850 0
2850 0
2850 0
2850 0
2850 0
2850 0
2850 0
2850 0
2850 0
2850 0
2850 0
2850 0
2850 0
2850 0
2850 0
2850 0
2850 0
2850 0
2850 0
2850 0
2850 0
2850 0
2850 0
2850 0
2850 0
2850 0
2850 0
2850 0
2850 0
2850 0
2850 0
2850 0
2850 0
2952 0
2952 0
2952 0
2952 1.46
2952 0
2952 0
2952 0
2952 0
2952 0
2952 0
2952 0
2952 0
2952 0
2952 0
2952 0
2952 0
2952 0
2952 0
2952 0
2952 0
2952 0
2952 0
2952 0
2952 0
2952 0
2952 0
2952 0
2952 0
2952 0
2952 0
2952 0
2952 0
2952 0
2952 0
2952 0
2952 0
2952 0
2952 0
4189 0
4189 0
4189 0
4189 5.49
4189 0
4189 0
4189 0
4189 0
4189 0
4189 0
4189 0
4189 0
4189 0
4189 0
4189 0
4189 0
4189 0
4189 0
4189 0
4189 0
4189 0
4189 0
4189 0
4189 0
4189 0
4189 0
4189 0
4189 0
4189 0
4189 0
4189 0
4189 0
4189 0
4189 0
4189 0
4189 0
4189 0
4189 0
4554 0
4554 0
4554 0
4554 1.46
4554 0
4554 0
4554 1.52
4554 0
4554 0
4554 0
4554 0
4554 0
4554 0
4554 0
4554 0
4554 0
4554 0
4554 0
4554 0
4554 0
4554 0
4554 0
4554 0
4554 0
4554 0
4554 0
4554 0
4554 0
4554 0
4554 0
4554 0
4554 0
4554 0
4554 0
4554 0
4554 0
4554 0
4554 0
4639 0
4639 0
4639 0
4639 1.46
4639 0
4639 0
4639 1.56
4639 0
4639 0
4639 0
4639 0
4639 0
4639 0
4639 0
4639 0
4639 0
4639 0
4639 0
4639 0
4639 0
4639 0
4639 0
4639 0
4639 0
4639 0
4639 0
4639 0
4639 0
4639 0
4639 0
4639 0
4639 0
4639 0
4639 0
4639 0
4639 0
4639 0
4639 0
4725 0
4725 0
4725 0
4725 5.49
4725 0
4725 0
4725 0
4725 0
4725 0
4725 0
4725 0
4725 0
4725 0
4725 0
4725 0
4725 0
4725 0
4725 0
4725 0
4725 0
4725 0
4725 0
4725 0
4725 0
4725 0
4725 0
4725 0
4725 0
4725 0
4725 0
4725 0
4725 0
4725 0
4725 0
4725 0
4725 0
4725 0
4725 0
4726 0
4726 0
4726 0
4726 5.49
4726 0
4726 0
4726 0
4726 0
4726 0
4726 0
4726 0
4726 0
4726 0
4726 0
4726 0
4726 0
4726 0
4726 0
4726 0
4726 0
4726 0
4726 0
4726 0
4726 0
4726 0
4726 0
4726 0
4726 0
4726 0
4726 0
4726 0
4726 0
4726 0
4726 0
4726 0
4726 0
4726 0
4726 0
4814 0
4814 0
4814 0
4814 5.49
4814 0
4814 0
4814 0
4814 0
4814 0
4814 0
4814 0
4814 0
4814 0
4814 0
4814 0
4814 0
4814 0
4814 0
4814 0
4814 0
4814 0
4814 0
4814 0
4814 0
4814 0
4814 0
4814 0
4814 0
4814 0
4814 0
4814 0
4814 0
4814 0
4814 0
4814 0
4814 0
4814 0
4814 0
5141 0
5141 0
5141 0
5141 1.46
5141 0
5141 0
5141 0
5141 0
5141 0
5141 0
5141 0
5141 0
5141 0
5141 0
5141 0
5141 0
5141 0
5141 0
5141 0
5141 0
5141 0
5141 0
5141 0
5141 0
5141 0
5141 0
5141 0
5141 0
5141 0
5141 0
5141 0
5141 0
5141 0
5141 0
5141 0
5141 0
5141 0
5141 0
5222 0
5222 0
5222 0
5222 5.49
5222 0
5222 0
5222 0
5222 0
5222 0
5222 0
5222 0
5222 0
5222 0
5222 0
5222 0
5222 0
5222 0
5222 0
5222 0
5222 0
5222 0
5222 0
5222 0
5222 0
5222 0
5222 0
5222 0
5222 0
5222 0
5222 0
5222 0
5222 0
5222 0
5222 0
5222 0
5222 0
5222 0
5222 0
5308 0
5308 0
5308 0
5308 1.46
5308 0
5308 0
5308 0
5308 0
5308 0
5308 0
5308 0
5308 0
5308 0
5308 0
5308 0
5308 0
5308 0
5308 0
5308 0
5308 0
5308 0
5308 0
5308 0
5308 0
5308 0
5308 0
5308 0
5308 0
5308 0
5308 0
5308 0
5308 0
5308 0
5308 0
5308 0
5308 0
5308 0
5308 0
5399 0
5399 0
5399 0
5399 5.49
5399 0
5399 0
5399 0
5399 0
5399 0
5399 0
5399 0
5399 0
5399 0
5399 0
5399 0
5399 0
5399 0
5399 0
5399 0
5399 0
5399 0
5399 0
5399 0
5399 0
5399 0
5399 0
5399 0
5399 0
5399 0
5399 0
5399 0
5399 0
5399 0
5399 0
5399 0
5399 0
5399 0
5399 0
5400 0
5400 0
5400 0
5400 1.46
5400 0
5400 0
5400 0
5400 0
5400 0
5400 0
5400 0
5400 0
5400 0
5400 0
5400 0
5400 0
5400 0
5400 0
5400 0
5400 0
5400 0
5400 0
5400 0
5400 0
5400 0
5400 0
5400 0
5400 0
5400 0
5400 0
5400 0
5400 0
5400 0
5400 0
5400 0
5400 0
5400 0
5400 0
