pt_graph cpue_kghour
1004 0
1004 0
1004 0
1004 0
1004 0
1004 0
1004 0
1004 0
1004 0
1004 0
1004 133
1004 0
1004 0
1004 0
1004 0
1004 0
1004 0
1004 0
1004 0
1004 0
1004 0
1004 0
1004 0
1004 0
1004 0
1004 6
1004 0
1004 0
1004 4
1004 0
1004 0
1004 0
1004 0
1004 0
1004 0
1004 0
1004 0
1004 0
1074 0
1074 0
1074 0
1074 0
1074 0
1074 0
1074 0
1074 0
1074 0
1074 0
1074 133
1074 0
1074 0
1074 0
1074 0
1074 0
1074 0
1074 0
1074 0
1074 0
1074 0
1074 0
1074 0
1074 0
1074 0
1074 6
1074 0
1074 0
1074 4
1074 0
1074 0
1074 0
1074 0
1074 0
1074 0
1074 0
1074 0
1074 0
1142 0
1142 0
1142 0
1142 0
1142 0
1142 0
1142 0
1142 0
1142 0
1142 0
1142 109
1142 0
1142 0
1142 0
1142 0
1142 0
1142 0
1142 0
1142 0
1142 0
1142 0
1142 0
1142 0
1142 0
1142 0
1142 12
1142 0
1142 0
1142 17
1142 0
1142 0
1142 0
1142 0
1142 0
1142 0
1142 0
1142 0
1142 0
1143 0
1143 0
1143 0
1143 0
1143 0
1143 0
1143 0
1143 0
1143 0
1143 0
1143 133
1143 0
1143 0
1143 0
1143 0
1143 0
1143 0
1143 0
1143 0
1143 0
1143 0
1143 0
1143 0
1143 0
1143 0
1143 6
1143 0
1143 0
1143 4
1143 0
1143 0
1143 0
1143 0
1143 0
1143 0
1143 0
1143 0
1143 0
1224 0
1224 0
1224 0
1224 0
1224 0
1224 0
1224 0
1224 0
1224 0
1224 0
1224 112
1224 0
1224 0
1224 0
1224 0
1224 0
1224 0
1224 0
1224 0
1224 0
1224 0
1224 0
1224 0
1224 0
1224 0
1224 12
1224 0
1224 0
1224 17
1224 0
1224 0
1224 0
1224 0
1224 0
1224 0
1224 0
1224 0
1224 0
1225 0
1225 0
1225 0
1225 0
1225 0
1225 0
1225 0
1225 0
1225 0
1225 0
1225 129
1225 0
1225 0
1225 0
1225 0
1225 0
1225 0
1225 0
1225 0
1225 0
1225 0
1225 0
1225 0
1225 0
1225 0
1225 6
1225 0
1225 0
1225 4
1225 0
1225 0
1225 0
1225 0
1225 0
1225 0
1225 0
1225 0
1225 0
1304 0
1304 0
1304 0
1304 0
1304 0
1304 0
1304 0
1304 0
1304 0
1304 0
1304 151
1304 0
1304 0
1304 0
1304 0
1304 0
1304 0
1304 0
1304 0
1304 0
1304 0
1304 0
1304 0
1304 8
1304 0
1304 18
1304 0
1304 0
1304 19
1304 0
1304 0
1304 0
1304 0
1304 0
1304 0
1304 0
1304 0
1304 0
1308 0
1308 0
1308 0
1308 0
1308 0
1308 0
1308 0
1308 0
1308 0
1308 0
1308 298
1308 0
1308 0
1308 0
1308 0
1308 0
1308 0
1308 0
1308 0
1308 0
1308 0
1308 0
1308 0
1308 0
1308 0
1308 21
1308 0
1308 0
1308 17
1308 0
1308 0
1308 0
1308 0
1308 0
1308 0
1308 0
1308 0
1308 0
1309 0
1309 0
1309 0
1309 0
1309 0
1309 0
1309 0
1309 0
1309 0
1309 0
1309 133
1309 0
1309 0
1309 0
1309 0
1309 0
1309 0
1309 0
1309 0
1309 0
1309 0
1309 0
1309 0
1309 0
1309 0
1309 6
1309 0
1309 0
1309 4
1309 0
1309 0
1309 0
1309 0
1309 0
1309 0
1309 0
1309 0
1309 0
1392 0
1392 0
1392 0
1392 0
1392 0
1392 0
1392 0
1392 0
1392 0
1392 0
1392 115
1392 0
1392 0
1392 0
1392 0
1392 0
1392 0
1392 0
1392 0
1392 0
1392 0
1392 0
1392 0
1392 15
1392 0
1392 22
1392 0
1392 0
1392 34
1392 0
1392 0
1392 0
1392 0
1392 0
1392 0
1392 0
1392 0
1392 0
1395 0
1395 0
1395 0
1395 0
1395 0
1395 0
1395 0
1395 0
1395 0
1395 0
1395 184
1395 0
1395 0
1395 0
1395 0
1395 0
1395 0
1395 0
1395 0
1395 0
1395 0
1395 0
1395 0
1395 42
1395 0
1395 66
1395 0
1395 0
1395 100
1395 0
1395 0
1395 0
1395 0
1395 0
1395 0
1395 0
1395 0
1395 0
1396 0
1396 0
1396 0
1396 0
1396 0
1396 0
1396 0
1396 0
1396 0
1396 0
1396 298
1396 0
1396 0
1396 0
1396 0
1396 0
1396 0
1396 0
1396 0
1396 0
1396 0
1396 0
1396 0
1396 0
1396 0
1396 21
1396 0
1396 0
1396 17
1396 0
1396 0
1396 0
1396 0
1396 0
1396 0
1396 0
1396 0
1396 0
1398 0
1398 0
1398 0
1398 0
1398 0
1398 0
1398 0
1398 0
1398 0
1398 0
1398 239
1398 0
1398 0
1398 0
1398 0
1398 0
1398 0
1398 0
1398 0
1398 0
1398 0
1398 0
1398 0
1398 70
1398 0
1398 92
1398 0
1398 0
1398 140
1398 0
1398 0
1398 0
1398 0
1398 0
1398 0
1398 0
1398 0
1398 0
1484 0
1484 0
1484 0
1484 0
1484 0
1484 0
1484 0
1484 0
1484 0
1484 0
1484 92
1484 0
1484 0
1484 0
1484 0
1484 0
1484 0
1484 0
1484 0
1484 0
1484 0
1484 0
1484 0
1484 19
1484 0
1484 27
1484 0
1484 0
1484 43
1484 0
1484 0
1484 0
1484 0
1484 0
1484 0
1484 0
1484 0
1484 0
1485 0
1485 0
1485 0
1485 0
1485 0
1485 0
1485 0
1485 0
1485 0
1485 0
1485 100
1485 0
1485 0
1485 0
1485 0
1485 0
1485 0
1485 0
1485 0
1485 0
1485 0
1485 0
1485 0
1485 9
1485 0
1485 18
1485 0
1485 0
1485 22
1485 0
1485 0
1485 0
1485 0
1485 0
1485 0
1485 0
1485 0
1485 0
1486 0
1486 0
1486 0
1486 0
1486 0
1486 0
1486 0
1486 0
1486 0
1486 0
1486 215
1486 0
1486 0
1486 0
1486 0
1486 0
1486 0
1486 0
1486 0
1486 0
1486 0
1486 0
1486 0
1486 12
1486 0
1486 12
1486 0
1486 0
1486 29
1486 0
1486 0
1486 0
1486 0
1486 0
1486 0
1486 0
1486 0
1486 0
1492 0
1492 0
1492 0
1492 0
1492 0
1492 0
1492 0
1492 0
1492 0
1492 0
1492 567
1492 0
1492 0
1492 0
1492 0
1492 0
1492 0
1492 0
1492 0
1492 0
1492 0
1492 0
1492 0
1492 28
1492 0
1492 75
1492 0
1492 0
1492 74
1492 0
1492 0
1492 0
1492 2
1492 0
1492 0
1492 0
1492 0
1492 0
1493 0
1493 0
1493 0
1493 0
1493 0
1493 0
1493 0
1493 0
1493 0
1493 0
1493 221
1493 0
1493 0
1493 0
1493 0
1493 0
1493 0
1493 0
1493 0
1493 0
1493 0
1493 0
1493 0
1493 24
1493 0
1493 33
1493 0
1493 0
1493 61
1493 0
1493 0
1493 0
1493 0
1493 0
1493 0
1493 0
1493 0
1493 0
1583 0
1583 0
1583 0
1583 0
1583 0
1583 0
1583 0
1583 0
1583 0
1583 0
1583 84
1583 0
1583 0
1583 0
1583 0
1583 0
1583 0
1583 0
1583 0
1583 0
1583 0
1583 0
1583 0
1583 7
1583 0
1583 12
1583 0
1583 0
1583 19
1583 0
1583 0
1583 0
1583 0
1583 0
1583 0
1583 0
1583 0
1583 0
1584 0
1584 0
1584 0
1584 0
1584 0
1584 0
1584 0
1584 0
1584 0
1584 0
1584 84
1584 0
1584 0
1584 0
1584 0
1584 0
1584 0
1584 0
1584 0
1584 0
1584 0
1584 0
1584 0
1584 7
1584 0
1584 11
1584 0
1584 0
1584 16
1584 0
1584 0
1584 0
1584 0
1584 0
1584 0
1584 0
1584 0
1584 0
1585 0
1585 0
1585 0
1585 0
1585 0
1585 0
1585 0
1585 0
1585 0
1585 0
1585 79
1585 0
1585 0
1585 0
1585 0
1585 0
1585 0
1585 0
1585 0
1585 0
1585 0
1585 0
1585 0
1585 5
1585 0
1585 15
1585 0
1585 0
1585 2
1585 0
1585 0
1585 0
1585 0
1585 0
1585 0
1585 0
1585 0
1585 0
1586 0
1586 0
1586 0
1586 0
1586 0
1586 0
1586 0
1586 0
1586 0
1586 0
1586 29
1586 0
1586 0
1586 0
1586 0
1586 0
1586 0
1586 0
1586 0
1586 0
1586 0
1586 0
1586 0
1586 6
1586 0
1586 13
1586 0
1586 0
1586 20
1586 0
1586 0
1586 0
1586 0
1586 0
1586 0
1586 0
1586 0
1586 0
1675 0
1675 0
1675 0
1675 0
1675 0
1675 0
1675 0
1675 0
1675 0
1675 0
1675 29
1675 0
1675 0
1675 0
1675 0
1675 0
1675 0
1675 0
1675 0
1675 0
1675 0
1675 0
1675 0
1675 6
1675 0
1675 13
1675 0
1675 0
1675 20
1675 0
1675 0
1675 0
1675 0
1675 0
1675 0
1675 0
1675 0
1675 0
1676 0
1676 0
1676 0
1676 0
1676 0
1676 0
1676 0
1676 0
1676 0
1676 0
1676 57
1676 0
1676 0
1676 0
1676 0
1676 0
1676 0
1676 0
1676 0
1676 0
1676 0
1676 0
1676 0
1676 8
1676 0
1676 18
1676 0
1676 0
1676 19
1676 0
1676 0
1676 0
1676 0
1676 0
1676 0
1676 0
1676 0
1676 0
1677 0
1677 0
1677 0
1677 0
1677 0
1677 0
1677 0
1677 0
1677 0
1677 0
1677 34
1677 0
1677 0
1677 0
1677 0
1677 0
1677 0
1677 0
1677 0
1677 0
1677 0
1677 0
1677 0
1677 3
1677 0
1677 10
1677 0
1677 0
1677 5
1677 0
1677 0
1677 0
1677 0
1677 0
1677 0
1677 0
1677 0
1677 0
1678 0
1678 0
1678 0
1678 0
1678 0
1678 0
1678 0
1678 0
1678 0
1678 0
1678 72
1678 0
1678 0
1678 0
1678 0
1678 0
1678 0
1678 0
1678 0
1678 0
1678 0
1678 0
1678 0
1678 7
1678 0
1678 8
1678 0
1678 0
1678 22
1678 0
1678 0
1678 0
1678 0
1678 0
1678 0
1678 0
1678 0
1678 0
2307 0
2307 0
2307 0
2307 0
2307 0
2307 0
2307 0
2307 0
2307 0
2307 0
2307 6
2307 0
2307 0
2307 0
2307 0
2307 0
2307 0
2307 0
2307 0
2307 0
2307 0
2307 0
2307 0
2307 25
2307 0
2307 81
2307 0
2307 0
2307 101
2307 0
2307 0
2307 0
2307 0
2307 0
2307 0
2307 0
2307 0
2307 0
2395 0
2395 0
2395 0
2395 0
2395 0
2395 0
2395 0
2395 0
2395 0
2395 0
2395 37
2395 0
2395 0
2395 0
2395 0
2395 0
2395 0
2395 0
2395 0
2395 0
2395 0
2395 0
2395 0
2395 39
2395 0
2395 63
2395 0
2395 0
2395 124
2395 0
2395 0
2395 1
2395 1
2395 0
2395 0
2395 0
2395 0
2395 0
2481 0
2481 0
2481 0
2481 0
2481 0
2481 0
2481 0
2481 0
2481 0
2481 0
2481 35
2481 0
2481 0
2481 0
2481 0
2481 0
2481 0
2481 0
2481 0
2481 0
2481 0
2481 0
2481 0
2481 28
2481 0
2481 109
2481 0
2481 0
2481 135
2481 0
2481 0
2481 1
2481 1
2481 0
2481 0
2481 0
2481 0
2481 0
2483 0
2483 0
2483 0
2483 0
2483 0
2483 0
2483 0
2483 0
2483 0
2483 0
2483 58
2483 0
2483 0
2483 0
2483 0
2483 0
2483 0
2483 0
2483 0
2483 0
2483 0
2483 0
2483 0
2483 23
2483 0
2483 67
2483 0
2483 0
2483 31
2483 0
2483 0
2483 0
2483 0
2483 0
2483 0
2483 0
2483 0
2483 0
2563 0
2563 0
2563 0
2563 0
2563 0
2563 0
2563 0
2563 0
2563 0
2563 0
2563 40
2563 0
2563 0
2563 0
2563 0
2563 0
2563 0
2563 0
2563 0
2563 0
2563 0
2563 0
2563 0
2563 26
2563 0
2563 62
2563 0
2563 0
2563 67
2563 0
2563 0
2563 1
2563 0
2563 0
2563 0
2563 0
2563 0
2563 0
2566 0
2566 0
2566 0
2566 0
2566 0
2566 0
2566 0
2566 0
2566 0
2566 0
2566 56
2566 0
2566 0
2566 0
2566 0
2566 0
2566 0
2566 0
2566 0
2566 0
2566 0
2566 0
2566 0
2566 22
2566 0
2566 118
2566 0
2566 0
2566 124
2566 0
2566 0
2566 1
2566 0
2566 0
2566 0
2566 0
2566 0
2566 0
2653 0
2653 0
2653 0
2653 0
2653 0
2653 0
2653 0
2653 0
2653 0
2653 0
2653 49
2653 0
2653 0
2653 0
2653 0
2653 0
2653 0
2653 0
2653 0
2653 0
2653 0
2653 0
2653 0
2653 24
2653 0
2653 118
2653 0
2653 0
2653 37
2653 0
2653 0
2653 0
2653 2
2653 0
2653 0
2653 0
2653 0
2653 0
2741 0
2741 0
2741 0
2741 0
2741 0
2741 0
2741 0
2741 0
2741 0
2741 0
2741 94
2741 0
2741 0
2741 0
2741 0
2741 0
2741 0
2741 0
2741 0
2741 0
2741 0
2741 0
2741 0
2741 16
2741 0
2741 122
2741 0
2741 0
2741 184
2741 0
2741 0
2741 1
2741 0
2741 0
2741 0
2741 0
2741 0
2741 0
2742 0
2742 0
2742 0
2742 0
2742 0
2742 0
2742 0
2742 0
2742 0
2742 0
2742 76
2742 0
2742 0
2742 0
2742 0
2742 0
2742 0
2742 0
2742 0
2742 0
2742 0
2742 0
2742 0
2742 25
2742 0
2742 108
2742 0
2742 0
2742 50
2742 0
2742 0
2742 1
2742 0
2742 0
2742 0
2742 0
2742 0
2742 0
2926 0
2926 0
2926 0
2926 0
2926 0
2926 0
2926 0
2926 0
2926 0
2926 0
2926 134
2926 0
2926 0
2926 0
2926 0
2926 0
2926 0
2926 0
2926 0
2926 0
2926 0
2926 0
2926 0
2926 10
2926 0
2926 75
2926 0
2926 0
2926 152
2926 0
2926 0
2926 1
2926 0
2926 0
2926 0
2926 0
2926 0
2926 0
