pt_graph scale
6007 0
6007 0
6007 0
6007 0
6007 0
6007 0
6007 0
6007 0
6007 0
6007 0
6007 0
6007 0
6007 0
6007 0
6007 0
6007 0
6007 0
6007 0
6007 0
6007 0
6007 0
6007 0
6007 18
6007 0
6007 0
6007 0
6007 1519
6007 0
6007 0
6007 0
6007 0
6007 0
6007 0
6007 0
6007 0
6007 0
6007 0
6007 0
6087 0
6087 0
6087 0
6087 0
6087 0
6087 0
6087 0
6087 0
6087 0
6087 0
6087 0
6087 0
6087 0
6087 0
6087 0
6087 0
6087 0
6087 0
6087 0
6087 0
6087 0
6087 0
6087 1
6087 0
6087 0
6087 0
6087 160
6087 0
6087 0
6087 0
6087 0
6087 0
6087 0
6087 0
6087 0
6087 0
6087 0
6087 0
6156 0
6156 0
6156 0
6156 0
6156 0
6156 0
6156 0
6156 0
6156 55
6156 0
6156 0
6156 0
6156 1
6156 0
6156 0
6156 0
6156 0
6156 1
6156 0
6156 0
6156 0
6156 0
6156 1
6156 0
6156 0
6156 0
6156 4
6156 0
6156 0
6156 0
6156 0
6156 0
6156 0
6156 0
6156 0
6156 0
6156 0
6156 0
6164 0
6164 0
6164 0
6164 0
6164 0
6164 0
6164 0
6164 0
6164 0
6164 0
6164 0
6164 0
6164 0
6164 0
6164 0
6164 0
6164 0
6164 0
6164 0
6164 0
6164 0
6164 0
6164 1
6164 0
6164 0
6164 0
6164 974
6164 0
6164 0
6164 0
6164 0
6164 0
6164 0
6164 0
6164 0
6164 0
6164 0
6164 0
6233 0
6233 0
6233 0
6233 0
6233 0
6233 0
6233 0
6233 0
6233 0
6233 0
6233 0
6233 0
6233 0
6233 0
6233 0
6233 0
6233 0
6233 0
6233 0
6233 0
6233 0
6233 0
6233 78
6233 0
6233 0
6233 0
6233 86
6233 0
6233 0
6233 0
6233 0
6233 0
6233 0
6233 0
6233 0
6233 0
6233 0
6233 0
6238 0
6238 0
6238 0
6238 0
6238 0
6238 0
6238 0
6238 0
6238 0
6238 0
6238 0
6238 0
6238 0
6238 0
6238 0
6238 0
6238 0
6238 0
6238 0
6238 0
6238 0
6238 0
6238 0
6238 0
6238 0
6238 0
6238 664
6238 0
6238 0
6238 0
6238 0
6238 0
6238 0
6238 0
6238 0
6238 0
6238 0
6238 0
6239 0
6239 0
6239 0
6239 0
6239 0
6239 0
6239 0
6239 0
6239 0
6239 0
6239 0
6239 0
6239 0
6239 0
6239 0
6239 0
6239 0
6239 5
6239 0
6239 0
6239 0
6239 0
6239 35
6239 0
6239 0
6239 0
6239 2942
6239 0
6239 0
6239 0
6239 0
6239 0
6239 0
6239 0
6239 0
6239 0
6239 0
6239 0
6313 0
6313 0
6313 0
6313 0
6313 0
6313 0
6313 0
6313 0
6313 0
6313 0
6313 0
6313 0
6313 0
6313 0
6313 0
6313 0
6313 0
6313 0
6313 0
6313 0
6313 0
6313 0
6313 0
6313 0
6313 0
6313 0
6313 0
6313 948
6313 0
6313 0
6313 0
6313 0
6313 0
6313 0
6313 0
6313 0
6313 0
6313 0
6862 0
6862 0
6862 0
6862 0
6862 0
6862 0
6862 0
6862 0
6862 0
6862 0
6862 0
6862 0
6862 0
6862 0
6862 0
6862 0
6862 0
6862 0
6862 0
6862 0
6862 0
6862 0
6862 0
6862 0
6862 0
6862 0
6862 0
6862 1892
6862 0
6862 0
6862 0
6862 0
6862 0
6862 0
6862 0
6862 0
6862 0
6862 0
6863 0
6863 0
6863 0
6863 0
6863 0
6863 0
6863 0
6863 0
6863 0
6863 0
6863 0
6863 0
6863 0
6863 0
6863 0
6863 0
6863 0
6863 0
6863 0
6863 0
6863 0
6863 0
6863 0
6863 0
6863 0
6863 0
6863 0
6863 1892
6863 0
6863 0
6863 0
6863 0
6863 0
6863 0
6863 0
6863 0
6863 0
6863 0
6864 0
6864 0
6864 0
6864 0
6864 0
6864 0
6864 0
6864 0
6864 0
6864 0
6864 0
6864 0
6864 0
6864 0
6864 0
6864 0
6864 0
6864 0
6864 0
6864 0
6864 0
6864 0
6864 0
6864 0
6864 0
6864 0
6864 0
6864 809
6864 0
6864 0
6864 0
6864 0
6864 0
6864 0
6864 0
6864 0
6864 0
6864 0
6935 0
6935 0
6935 0
6935 0
6935 0
6935 0
6935 0
6935 0
6935 0
6935 0
6935 0
6935 0
6935 0
6935 0
6935 0
6935 0
6935 0
6935 0
6935 0
6935 0
6935 0
6935 0
6935 0
6935 0
6935 0
6935 0
6935 0
6935 3272
6935 0
6935 0
6935 0
6935 0
6935 0
6935 0
6935 0
6935 0
6935 0
6935 0
6936 0
6936 0
6936 0
6936 0
6936 0
6936 0
6936 0
6936 0
6936 0
6936 0
6936 0
6936 0
6936 0
6936 0
6936 0
6936 0
6936 0
6936 0
6936 0
6936 0
6936 0
6936 0
6936 0
6936 0
6936 0
6936 0
6936 0
6936 1610
6936 0
6936 0
6936 0
6936 0
6936 0
6936 0
6936 0
6936 0
6936 0
6936 0
6982 0
6982 0
6982 0
6982 0
6982 0
6982 0
6982 0
6982 0
6982 97
6982 0
6982 0
6982 0
6982 251
6982 0
6982 0
6982 0
6982 0
6982 0
6982 0
6982 0
6982 0
6982 0
6982 1
6982 0
6982 0
6982 0
6982 129
6982 0
6982 0
6982 0
6982 0
6982 0
6982 0
6982 0
6982 0
6982 0
6982 0
6982 0
6983 0
6983 0
6983 0
6983 0
6983 0
6983 0
6983 0
6983 0
6983 2
6983 0
6983 0
6983 0
6983 71
6983 0
6983 0
6983 0
6983 0
6983 4
6983 0
6983 0
6983 0
6983 0
6983 6
6983 0
6983 0
6983 0
6983 289
6983 0
6983 0
6983 0
6983 0
6983 0
6983 0
6983 0
6983 0
6983 0
6983 0
6983 0
6984 0
6984 0
6984 0
6984 0
6984 0
6984 0
6984 0
6984 0
6984 1
6984 0
6984 0
6984 0
6984 149
6984 0
6984 0
6984 0
6984 0
6984 7
6984 0
6984 0
6984 0
6984 0
6984 5
6984 0
6984 0
6984 0
6984 110
6984 0
6984 0
6984 0
6984 0
6984 0
6984 0
6984 0
6984 0
6984 0
6984 0
6984 0
6986 0
6986 0
6986 0
6986 0
6986 0
6986 0
6986 0
6986 0
6986 55
6986 0
6986 0
6986 0
6986 1
6986 0
6986 0
6986 0
6986 0
6986 1
6986 0
6986 0
6986 0
6986 0
6986 1
6986 0
6986 0
6986 0
6986 4
6986 0
6986 0
6986 0
6986 0
6986 0
6986 0
6986 0
6986 0
6986 0
6986 0
6986 0
7067 0
7067 0
7067 0
7067 0
7067 0
7067 0
7067 0
7067 0
7067 228
7067 0
7067 0
7067 0
7067 932
7067 0
7067 0
7067 0
7067 0
7067 0
7067 0
7067 0
7067 0
7067 0
7067 0
7067 0
7067 1
7067 0
7067 0
7067 401
7067 0
7067 0
7067 0
7067 0
7067 0
7067 0
7067 0
7067 0
7067 0
7067 0
7068 0
7068 0
7068 0
7068 0
7068 0
7068 0
7068 0
7068 0
7068 108
7068 0
7068 0
7068 0
7068 461
7068 0
7068 0
7068 0
7068 0
7068 0
7068 0
7068 0
7068 0
7068 0
7068 0
7068 0
7068 1
7068 0
7068 0
7068 167
7068 0
7068 0
7068 0
7068 0
7068 0
7068 0
7068 0
7068 0
7068 0
7068 0
7136 0
7136 0
7136 0
7136 0
7136 0
7136 0
7136 0
7136 0
7136 433
7136 0
7136 0
7136 0
7136 3853
7136 0
7136 0
7136 0
7136 0
7136 0
7136 0
7136 0
7136 0
7136 0
7136 0
7136 0
7136 0
7136 0
7136 0
7136 390
7136 0
7136 0
7136 0
7136 0
7136 0
7136 0
7136 0
7136 0
7136 0
7136 0
7137 0
7137 0
7137 0
7137 0
7137 0
7137 0
7137 0
7137 0
7137 390
7137 0
7137 0
7137 0
7137 4123
7137 0
7137 0
7137 0
7137 0
7137 0
7137 0
7137 0
7137 0
7137 0
7137 0
7137 0
7137 63
7137 0
7137 0
7137 2384
7137 0
7137 0
7137 0
7137 0
7137 0
7137 0
7137 0
7137 0
7137 0
7137 0
7144 0
7144 0
7144 0
7144 0
7144 0
7144 0
7144 0
7144 0
7144 0
7144 0
7144 0
7144 0
7144 0
7144 0
7144 0
7144 0
7144 0
7144 0
7144 0
7144 0
7144 0
7144 0
7144 0
7144 0
7144 0
7144 0
7144 0
7144 1118
7144 0
7144 0
7144 0
7144 0
7144 0
7144 0
7144 0
7144 0
7144 0
7144 0
7201 0
7201 0
7201 0
7201 0
7201 0
7201 0
7201 0
7201 0
7201 35
7201 0
7201 0
7201 0
7201 2466
7201 0
7201 0
7201 0
7201 0
7201 0
7201 0
7201 0
7201 0
7201 0
7201 0
7201 0
7201 4
7201 0
7201 0
7201 316
7201 0
7201 0
7201 0
7201 0
7201 0
7201 0
7201 0
7201 0
7201 0
7201 0
7267 0
7267 0
7267 0
7267 0
7267 0
7267 0
7267 0
7267 0
7267 100
7267 0
7267 0
7267 0
7267 709
7267 0
7267 0
7267 0
7267 0
7267 0
7267 0
7267 0
7267 0
7267 0
7267 0
7267 0
7267 0
7267 0
7267 0
7267 84
7267 0
7267 0
7267 0
7267 0
7267 0
7267 0
7267 0
7267 0
7267 0
7267 0
7269 0
7269 0
7269 0
7269 0
7269 0
7269 0
7269 0
7269 0
7269 155
7269 0
7269 0
7269 0
7269 178
7269 0
7269 0
7269 0
7269 0
7269 0
7269 0
7269 0
7269 0
7269 0
7269 0
7269 0
7269 0
7269 0
7269 0
7269 275
7269 0
7269 0
7269 0
7269 0
7269 0
7269 0
7269 0
7269 0
7269 0
7269 0
7334 0
7334 0
7334 0
7334 0
7334 0
7334 0
7334 0
7334 0
7334 6
7334 0
7334 0
7334 0
7334 0
7334 0
7334 0
7334 0
7334 0
7334 0
7334 0
7334 0
7334 0
7334 0
7334 0
7334 0
7334 3
7334 0
7334 0
7334 0
7334 0
7334 0
7334 0
7334 0
7334 0
7334 0
7334 0
7334 0
7334 0
7334 0
7336 0
7336 0
7336 0
7336 0
7336 0
7336 0
7336 0
7336 0
7336 155
7336 0
7336 0
7336 0
7336 178
7336 0
7336 0
7336 0
7336 0
7336 0
7336 0
7336 0
7336 0
7336 0
7336 0
7336 0
7336 0
7336 0
7336 0
7336 275
7336 0
7336 0
7336 0
7336 0
7336 0
7336 0
7336 0
7336 0
7336 0
7336 0
7346 0
7346 0
7346 0
7346 0
7346 0
7346 0
7346 0
7346 0
7346 0
7346 0
7346 0
7346 0
7346 0
7346 0
7346 0
7346 0
7346 0
7346 0
7346 0
7346 0
7346 0
7346 0
7346 0
7346 0
7346 0
7346 0
7346 0
7346 1100
7346 0
7346 0
7346 0
7346 0
7346 0
7346 0
7346 0
7346 0
7346 0
7346 0
7402 0
7402 0
7402 0
7402 0
7402 0
7402 0
7402 0
7402 0
7402 0
7402 0
7402 0
7402 0
7402 0
7402 0
7402 0
7402 0
7402 0
7402 0
7402 0
7402 0
7402 0
7402 0
7402 0
7402 0
7402 0
7402 0
7402 0
7402 0
7402 0
7402 0
7402 0
7402 0
7402 0
7402 0
7402 0
7402 0
7402 0
7402 0
7403 0
7403 0
7403 0
7403 0
7403 0
7403 0
7403 0
7403 0
7403 1
7403 0
7403 0
7403 0
7403 0
7403 0
7403 0
7403 0
7403 0
7403 0
7403 0
7403 0
7403 0
7403 0
7403 0
7403 0
7403 0
7403 0
7403 0
7403 0
7403 0
7403 0
7403 0
7403 0
7403 0
7403 0
7403 0
7403 0
7403 0
7403 0
7405 0
7405 0
7405 0
7405 0
7405 0
7405 0
7405 0
7405 0
7405 155
7405 0
7405 0
7405 0
7405 178
7405 0
7405 0
7405 0
7405 0
7405 0
7405 0
7405 0
7405 0
7405 0
7405 0
7405 0
7405 0
7405 0
7405 0
7405 275
7405 0
7405 0
7405 0
7405 0
7405 0
7405 0
7405 0
7405 0
7405 0
7405 0
7411 0
7411 0
7411 0
7411 0
7411 0
7411 0
7411 0
7411 0
7411 0
7411 0
7411 0
7411 0
7411 1
7411 0
7411 0
7411 0
7411 0
7411 0
7411 0
7411 0
7411 0
7411 0
7411 0
7411 0
7411 0
7411 0
7411 0
7411 564
7411 0
7411 0
7411 0
7411 0
7411 0
7411 0
7411 0
7411 0
7411 0
7411 0
7415 0
7415 0
7415 0
7415 0
7415 0
7415 0
7415 0
7415 0
7415 1
7415 0
7415 0
7415 0
7415 0
7415 0
7415 0
7415 0
7415 0
7415 0
7415 0
7415 0
7415 0
7415 0
7415 0
7415 0
7415 5
7415 0
7415 0
7415 3175
7415 0
7415 0
7415 0
7415 0
7415 0
7415 0
7415 0
7415 0
7415 0
7415 0
7469 0
7469 0
7469 0
7469 0
7469 0
7469 0
7469 0
7469 0
7469 4
7469 0
7469 0
7469 0
7469 0
7469 0
7469 0
7469 0
7469 0
7469 0
7469 0
7469 0
7469 0
7469 0
7469 0
7469 0
7469 1
7469 0
7469 0
7469 0
7469 0
7469 0
7469 0
7469 0
7469 0
7469 0
7469 0
7469 0
7469 0
7469 0
7470 0
7470 0
7470 0
7470 0
7470 0
7470 0
7470 0
7470 0
7470 1
7470 0
7470 0
7470 0
7470 0
7470 0
7470 0
7470 0
7470 0
7470 0
7470 0
7470 0
7470 0
7470 0
7470 0
7470 0
7470 0
7470 0
7470 0
7470 0
7470 0
7470 0
7470 0
7470 0
7470 0
7470 0
7470 0
7470 0
7470 0
7470 0
7476 0
7476 0
7476 0
7476 0
7476 0
7476 0
7476 0
7476 0
7476 0
7476 0
7476 0
7476 0
7476 0
7476 0
7476 0
7476 0
7476 0
7476 0
7476 0
7476 0
7476 0
7476 0
7476 0
7476 0
7476 0
7476 0
7476 0
7476 2289
7476 0
7476 0
7476 0
7476 0
7476 0
7476 0
7476 0
7476 0
7476 0
7476 0
7481 0
7481 0
7481 0
7481 0
7481 0
7481 0
7481 0
7481 0
7481 53
7481 0
7481 0
7481 0
7481 0
7481 0
7481 0
7481 0
7481 0
7481 0
7481 0
7481 0
7481 0
7481 0
7481 0
7481 0
7481 5
7481 0
7481 0
7481 3078
7481 0
7481 0
7481 0
7481 0
7481 0
7481 0
7481 0
7481 0
7481 0
7481 0
7536 0
7536 0
7536 0
7536 0
7536 0
7536 0
7536 0
7536 0
7536 8
7536 0
7536 0
7536 0
7536 47
7536 0
7536 0
7536 0
7536 0
7536 0
7536 0
7536 0
7536 0
7536 0
7536 0
7536 0
7536 2
7536 0
7536 0
7536 0
7536 0
7536 0
7536 0
7536 0
7536 0
7536 0
7536 0
7536 0
7536 0
7536 0
7537 0
7537 0
7537 0
7537 0
7537 0
7537 0
7537 0
7537 0
7537 0
7537 0
7537 0
7537 0
7537 113
7537 0
7537 0
7537 0
7537 0
7537 0
7537 0
7537 0
7537 0
7537 0
7537 0
7537 0
7537 0
7537 0
7537 0
7537 0
7537 0
7537 0
7537 0
7537 0
7537 0
7537 0
7537 0
7537 0
7537 0
7537 0
7538 0
7538 0
7538 0
7538 0
7538 0
7538 0
7538 0
7538 0
7538 0
7538 0
7538 0
7538 0
7538 113
7538 0
7538 0
7538 0
7538 0
7538 0
7538 0
7538 0
7538 0
7538 0
7538 0
7538 0
7538 0
7538 0
7538 0
7538 0
7538 0
7538 0
7538 0
7538 0
7538 0
7538 0
7538 0
7538 0
7538 0
7538 0
7550 0
7550 0
7550 0
7550 0
7550 0
7550 0
7550 0
7550 0
7550 0
7550 0
7550 0
7550 0
7550 0
7550 0
7550 0
7550 0
7550 0
7550 0
7550 0
7550 0
7550 0
7550 0
7550 0
7550 0
7550 0
7550 0
7550 0
7550 7157
7550 0
7550 0
7550 0
7550 0
7550 0
7550 0
7550 0
7550 0
7550 0
7550 0
7551 0
7551 0
7551 0
7551 0
7551 0
7551 0
7551 0
7551 0
7551 0
7551 0
7551 0
7551 0
7551 0
7551 0
7551 0
7551 0
7551 0
7551 0
7551 0
7551 0
7551 0
7551 0
7551 0
7551 0
7551 0
7551 0
7551 0
7551 1715
7551 0
7551 0
7551 0
7551 0
7551 0
7551 0
7551 0
7551 0
7551 0
7551 0
7613 0
7613 0
7613 0
7613 0
7613 0
7613 0
7613 0
7613 0
7613 25
7613 0
7613 0
7613 0
7613 29
7613 0
7613 0
7613 0
7613 0
7613 0
7613 0
7613 0
7613 0
7613 0
7613 0
7613 0
7613 0
7613 0
7613 0
7613 669
7613 0
7613 0
7613 0
7613 0
7613 0
7613 0
7613 0
7613 0
7613 0
7613 0
7622 0
7622 0
7622 0
7622 0
7622 0
7622 0
7622 0
7622 0
7622 0
7622 0
7622 0
7622 0
7622 0
7622 0
7622 0
7622 0
7622 0
7622 0
7622 0
7622 0
7622 0
7622 0
7622 0
7622 0
7622 0
7622 0
7622 0
7622 3785
7622 0
7622 0
7622 0
7622 0
7622 0
7622 0
7622 0
7622 0
7622 0
7622 0
7623 0
7623 0
7623 0
7623 0
7623 0
7623 0
7623 0
7623 0
7623 0
7623 0
7623 0
7623 0
7623 0
7623 0
7623 0
7623 0
7623 0
7623 0
7623 0
7623 0
7623 0
7623 0
7623 0
7623 0
7623 0
7623 0
7623 0
7623 4142
7623 0
7623 0
7623 0
7623 0
7623 0
7623 0
7623 0
7623 0
7623 0
7623 0
7685 0
7685 0
7685 0
7685 0
7685 0
7685 0
7685 0
7685 0
7685 0
7685 0
7685 0
7685 0
7685 1
7685 0
7685 0
7685 0
7685 0
7685 0
7685 0
7685 0
7685 0
7685 0
7685 0
7685 0
7685 0
7685 0
7685 0
7685 564
7685 0
7685 0
7685 0
7685 0
7685 0
7685 0
7685 0
7685 0
7685 0
7685 0
7686 0
7686 0
7686 0
7686 0
7686 0
7686 0
7686 0
7686 0
7686 25
7686 0
7686 0
7686 0
7686 29
7686 0
7686 0
7686 0
7686 0
7686 0
7686 0
7686 0
7686 0
7686 0
7686 0
7686 0
7686 0
7686 0
7686 0
7686 669
7686 0
7686 0
7686 0
7686 0
7686 0
7686 0
7686 0
7686 0
7686 0
7686 0
7689 0
7689 0
7689 0
7689 0
7689 0
7689 0
7689 0
7689 0
7689 75
7689 0
7689 0
7689 0
7689 80
7689 0
7689 0
7689 0
7689 0
7689 0
7689 0
7689 0
7689 0
7689 0
7689 0
7689 0
7689 0
7689 0
7689 0
7689 1363
7689 0
7689 0
7689 0
7689 0
7689 0
7689 0
7689 0
7689 0
7689 0
7689 0
7690 0
7690 0
7690 0
7690 0
7690 0
7690 0
7690 0
7690 0
7690 42
7690 0
7690 0
7690 0
7690 0
7690 0
7690 0
7690 0
7690 0
7690 0
7690 0
7690 0
7690 0
7690 0
7690 0
7690 0
7690 0
7690 0
7690 0
7690 495
7690 0
7690 0
7690 0
7690 0
7690 0
7690 0
7690 0
7690 0
7690 0
7690 0
7757 0
7757 0
7757 0
7757 0
7757 0
7757 0
7757 0
7757 0
7757 0
7757 0
7757 0
7757 0
7757 3
7757 0
7757 0
7757 0
7757 0
7757 0
7757 0
7757 0
7757 0
7757 0
7757 0
7757 0
7757 0
7757 0
7757 0
7757 1126
7757 0
7757 0
7757 0
7757 0
7757 0
7757 0
7757 0
7757 0
7757 0
7757 0
7761 0
7761 0
7761 0
7761 0
7761 0
7761 0
7761 0
7761 0
7761 1
7761 0
7761 0
7761 0
7761 80
7761 0
7761 0
7761 0
7761 0
7761 0
7761 0
7761 0
7761 0
7761 0
7761 0
7761 0
7761 1
7761 0
7761 0
7761 2443
7761 0
7761 0
7761 0
7761 0
7761 0
7761 0
7761 0
7761 0
7761 0
7761 0
7762 0
7762 0
7762 0
7762 0
7762 0
7762 0
7762 0
7762 0
7762 1
7762 0
7762 0
7762 0
7762 0
7762 0
7762 0
7762 0
7762 0
7762 0
7762 0
7762 0
7762 0
7762 0
7762 0
7762 0
7762 0
7762 0
7762 0
7762 2502
7762 0
7762 0
7762 0
7762 0
7762 0
7762 0
7762 0
7762 0
7762 0
7762 0
7835 0
7835 0
7835 0
7835 0
7835 0
7835 0
7835 0
7835 0
7835 42
7835 0
7835 0
7835 0
7835 0
7835 0
7835 0
7835 0
7835 0
7835 0
7835 0
7835 0
7835 0
7835 0
7835 0
7835 0
7835 0
7835 0
7835 0
7835 495
7835 0
7835 0
7835 0
7835 0
7835 0
7835 0
7835 0
7835 0
7835 0
7835 0
