pt_graph shape
7422 0
7422 0
7422 0
7422 0
7422 0
7422 0
7422 0
7422 0
7422 0
7422 0
7422 0
7422 0
7422 0
7422 0
7422 0
7422 0
7422 0
7422 0
7422 0
7422 0
7422 0
7422 0
7422 0
7422 0
7422 0
7422 0
7422 0
7422 20.47
7422 0
7422 0
7422 0
7422 0
7422 0
7422 0
7422 0
7422 0
7422 0
7422 0
7489 0
7489 0
7489 0
7489 0
7489 0
7489 0
7489 0
7489 0
7489 0
7489 28
7489 0
7489 0
7489 0
7489 0
7489 0
7489 0
7489 0
7489 0
7489 0
7489 0
7489 0
7489 0
7489 0
7489 0
7489 0
7489 0
7489 0
7489 1.67
7489 0
7489 0
7489 0
7489 0
7489 0
7489 0
7489 0
7489 0
7489 0
7489 0
7555 0
7555 0
7555 0
7555 0
7555 0
7555 0
7555 0
7555 0
7555 28
7555 0
7555 0
7555 0
7555 0
7555 0
7555 0
7555 0
7555 0
7555 0
7555 0
7555 0
7555 0
7555 0
7555 0
7555 0
7555 0
7555 0
7555 0
7555 1.59
7555 0
7555 0
7555 0
7555 0
7555 0
7555 0
7555 0
7555 0
7555 0
7555 0
7627 0
7627 0
7627 0
7627 0
7627 0
7627 0
7627 0
7627 0
7627 41.71
7627 0
7627 0
7627 0
7627 43.99
7627 0
7627 0
7627 0
7627 0
7627 0
7627 0
7627 0
7627 0
7627 0
7627 0
7627 0
7627 0
7627 0
7627 0
7627 0.77
7627 0
7627 0
7627 0
7627 0
7627 0
7627 0
7627 0
7627 0
7627 0
7627 0
7697 0
7697 0
7697 0
7697 0
7697 0
7697 0
7697 0
7697 0
7697 0.55
7697 0
7697 0
7697 0
7697 0
7697 0
7697 0
7697 0
7697 0
7697 0
7697 0
7697 0
7697 0
7697 0
7697 0
7697 0
7697 35.28
7697 0
7697 0
7697 0.78
7697 0
7697 0
7697 0
7697 0
7697 0
7697 0
7697 0
7697 0
7697 0
7697 0
7698 0
7698 0
7698 0
7698 0
7698 0
7698 0
7698 0
7698 0
7698 0.59
7698 0
7698 0
7698 0
7698 0
7698 0
7698 0
7698 0
7698 0
7698 0
7698 0
7698 0
7698 0
7698 0
7698 0
7698 0
7698 35.28
7698 0
7698 0
7698 0.43
7698 0
7698 0
7698 0
7698 0
7698 0
7698 0
7698 0
7698 0
7698 0
7698 0
7699 0
7699 0
7699 0
7699 0
7699 0
7699 0
7699 0
7699 0
7699 1.92
7699 0
7699 0
7699 0
7699 0
7699 0
7699 0
7699 0
7699 0
7699 0
7699 0
7699 0
7699 0
7699 0
7699 0
7699 0
7699 0
7699 0
7699 0
7699 0.68
7699 0
7699 0
7699 0
7699 0
7699 0
7699 0
7699 0
7699 0
7699 0
7699 0
7770 0
7770 0
7770 0
7770 0
7770 0
7770 0
7770 0
7770 0
7770 12.01
7770 0
7770 0
7770 0
7770 0
7770 0
7770 0
7770 0
7770 0
7770 0
7770 0
7770 0
7770 0
7770 0
7770 0
7770 0
7770 0
7770 0
7770 0
7770 0.84
7770 0
7770 0
7770 0
7770 0
7770 0
7770 0
7770 0
7770 0
7770 0
7770 0
7771 0
7771 0
7771 0
7771 0
7771 0
7771 0
7771 0
7771 0
7771 41.97
7771 0
7771 0
7771 0
7771 0
7771 0
7771 0
7771 0
7771 0
7771 0
7771 0
7771 0
7771 0
7771 0
7771 0
7771 0
7771 0
7771 0
7771 0
7771 0.93
7771 0
7771 0
7771 0
7771 0
7771 0
7771 0
7771 0
7771 0
7771 0
7771 0
7772 0
7772 0
7772 0
7772 0
7772 0
7772 0
7772 0
7772 0
7772 41.69
7772 0
7772 0
7772 0
7772 0
7772 0
7772 0
7772 0
7772 0
7772 0
7772 0
7772 0
7772 0
7772 0
7772 0
7772 0
7772 0
7772 0
7772 0
7772 1.47
7772 0
7772 0
7772 0
7772 0
7772 0
7772 0
7772 0
7772 0
7772 0
7772 0
7773 0
7773 0
7773 0
7773 0
7773 0
7773 0
7773 0
7773 0
7773 0.96
7773 0
7773 0
7773 0
7773 11.05
7773 0
7773 0
7773 0
7773 0
7773 0
7773 0
7773 0
7773 0
7773 0
7773 0
7773 0
7773 24.99
7773 0
7773 0
7773 0.67
7773 0
7773 0
7773 0
7773 0
7773 0
7773 0
7773 0
7773 0
7773 0
7773 0
7774 0
7774 0
7774 0
7774 0
7774 0
7774 0
7774 0
7774 0
7774 7.93
7774 0
7774 0
7774 0
7774 20.2
7774 0
7774 0
7774 0
7774 0
7774 0
7774 0
7774 0
7774 0
7774 0
7774 0
7774 0
7774 45.37
7774 0
7774 0
7774 0.45
7774 0
7774 0
7774 0
7774 0
7774 0
7774 0
7774 0
7774 0
7774 0
7774 0
7776 0
7776 0
7776 0
7776 0
7776 0
7776 0
7776 0
7776 0
7776 35.56
7776 0
7776 0
7776 0
7776 0
7776 0
7776 0
7776 0
7776 0
7776 0
7776 0
7776 0
7776 0
7776 0
7776 0
7776 0
7776 0
7776 0
7776 0
7776 1.48
7776 0
7776 0
7776 0
7776 0
7776 0
7776 0
7776 0
7776 0
7776 0
7776 0
7847 0
7847 0
7847 0
7847 0
7847 0
7847 0
7847 0
7847 0
7847 1.07
7847 0
7847 0
7847 0
7847 3.3
7847 0
7847 0
7847 0
7847 0
7847 0
7847 0
7847 0
7847 0
7847 0
7847 0
7847 0
7847 4.07
7847 0
7847 0
7847 0.65
7847 0
7847 0
7847 0
7847 0
7847 0
7847 0
7847 0
7847 0
7847 0
7847 0
7848 0
7848 0
7848 0
7848 0
7848 0
7848 0
7848 0
7848 0
7848 1.37
7848 0
7848 0
7848 0
7848 2.35
7848 0
7848 0
7848 0
7848 0
7848 0
7848 0
7848 0
7848 0
7848 0
7848 0
7848 0
7848 49.95
7848 0
7848 0
7848 0.6
7848 0
7848 0
7848 0
7848 0
7848 0
7848 0
7848 0
7848 0
7848 0
7848 0
7849 0
7849 0
7849 0
7849 0
7849 0
7849 0
7849 0
7849 0
7849 0.89
7849 0
7849 0
7849 0
7849 2.04
7849 0
7849 0
7849 0
7849 0
7849 0
7849 0
7849 0
7849 0
7849 0
7849 0
7849 0
7849 26.88
7849 0
7849 0
7849 0.61
7849 0
7849 0
7849 0
7849 0
7849 0
7849 0
7849 0
7849 0
7849 0
7849 0
7850 0
7850 0
7850 0
7850 0
7850 0
7850 0
7850 0
7850 0
7850 8.05
7850 0
7850 0
7850 0
7850 5.26
7850 0
7850 0
7850 0
7850 0
7850 0
7850 0
7850 0
7850 0
7850 0
7850 0
7850 0
7850 30.9
7850 0
7850 0
7850 0.58
7850 0
7850 0
7850 0
7850 0
7850 0
7850 0
7850 0
7850 0
7850 0
7850 0
7851 0
7851 0
7851 0
7851 0
7851 0
7851 0
7851 0
7851 0
7851 38.57
7851 0
7851 0
7851 0
7851 56.84
7851 0
7851 0
7851 0
7851 0
7851 0
7851 0
7851 0
7851 0
7851 0
7851 0
7851 0
7851 0
7851 0
7851 0
7851 0.94
7851 0
7851 0
7851 0
7851 0
7851 0
7851 0
7851 0
7851 0
7851 0
7851 0
7921 0
7921 0
7921 0
7921 0
7921 0
7921 0
7921 0
7921 0
7921 0
7921 0
7921 0
7921 0
7921 0
7921 0
7921 0
7921 0
7921 0
7921 0
7921 0
7921 0
7921 0
7921 0
7921 0
7921 0
7921 0
7921 0
7921 0
7921 0.93
7921 0
7921 0
7921 0
7921 0
7921 0
7921 0
7921 0
7921 0
7921 0
7921 0
7922 0
7922 0
7922 0
7922 0
7922 0
7922 0
7922 0
7922 0
7922 10.13
7922 0
7922 0
7922 0
7922 2.8
7922 0
7922 0
7922 0
7922 0
7922 0
7922 0
7922 0
7922 0
7922 0
7922 0
7922 0
7922 56.84
7922 0
7922 0
7922 0.58
7922 0
7922 0
7922 0
7922 0
7922 0
7922 0
7922 0
7922 0
7922 0
7922 0
7923 0
7923 0
7923 0
7923 0
7923 0
7923 0
7923 0
7923 0
7923 1.85
7923 0
7923 0
7923 0
7923 1.61
7923 0
7923 0
7923 0
7923 0
7923 0
7923 0
7923 0
7923 0
7923 0
7923 0
7923 0
7923 1.9
7923 0
7923 0
7923 0.49
7923 0
7923 0
7923 0
7923 0
7923 0
7923 0
7923 0
7923 0
7923 0
7923 0
7924 0
7924 0
7924 0
7924 0
7924 0
7924 0
7924 0
7924 0
7924 4.86
7924 0
7924 0
7924 0
7924 1.56
7924 0
7924 0
7924 0
7924 0
7924 0
7924 0
7924 0
7924 0
7924 0
7924 0
7924 0
7924 31.93
7924 0
7924 0
7924 1.6
7924 0
7924 0
7924 0
7924 0
7924 0
7924 0
7924 0
7924 0
7924 0
7924 0
7993 0
7993 0
7993 0
7993 0
7993 0
7993 0
7993 0
7993 0
7993 8.69
7993 0
7993 0
7993 0
7993 47.09
7993 0
7993 0
7993 0
7993 0
7993 0
7993 0
7993 0
7993 0
7993 0
7993 0
7993 0
7993 41.71
7993 0
7993 0
7993 0.94
7993 0
7993 0
7993 0
7993 0
7993 0
7993 0
7993 0
7993 0
7993 0
7993 0
7994 0
7994 0
7994 0
7994 0
7994 0
7994 0
7994 0
7994 0
7994 1.26
7994 0
7994 0
7994 0
7994 1.34
7994 0
7994 0
7994 0
7994 0
7994 0
7994 0
7994 0
7994 0
7994 0
7994 0
7994 0
7994 3.81
7994 0
7994 0
7994 0.48
7994 0
7994 0
7994 0
7994 0
7994 0
7994 0
7994 0
7994 0
7994 0
7994 0
8058 0
8058 0
8058 0
8058 0
8058 0
8058 0
8058 0
8058 0
8058 27.91
8058 0
8058 0
8058 0
8058 28.7
8058 0
8058 0
8058 0
8058 0
8058 0
8058 0
8058 0
8058 0
8058 0
8058 0
8058 0
8058 32.76
8058 0
8058 0
8058 1.67
8058 0
8058 0
8058 0
8058 0
8058 0
8058 0
8058 0
8058 0
8058 0
8058 0
8118 0
8118 0
8118 0
8118 0
8118 0
8118 0
8118 0
8118 0
8118 48.04
8118 0
8118 0
8118 0
8118 74.4
8118 0
8118 0
8118 0
8118 0
8118 0
8118 0
8118 0
8118 0
8118 0
8118 0
8118 0
8118 0
8118 0
8118 0
8118 0.75
8118 0
8118 0
8118 0
8118 0
8118 0
8118 0
8118 0
8118 0
8118 0
8118 0
8120 0
8120 0
8120 0
8120 0
8120 0
8120 0
8120 0
8120 0
8120 1.66
8120 0
8120 0
8120 0
8120 1.88
8120 0
8120 0
8120 0
8120 0
8120 0
8120 0
8120 0
8120 0
8120 0
8120 0
8120 0
8120 32.39
8120 0
8120 0
8120 35.56
8120 0
8120 0
8120 0
8120 0
8120 0
8120 0
8120 0
8120 0
8120 0
8120 0
8176 0
8176 0
8176 0
8176 0
8176 0
8176 0
8176 0
8176 0
8176 1.66
8176 0
8176 0
8176 0
8176 1.88
8176 0
8176 0
8176 0
8176 0
8176 0
8176 0
8176 0
8176 0
8176 0
8176 0
8176 0
8176 32.39
8176 0
8176 0
8176 35.56
8176 0
8176 0
8176 0
8176 0
8176 0
8176 0
8176 0
8176 0
8176 0
8176 0
8178 0
8178 0
8178 0
8178 0
8178 0
8178 0
8178 0
8178 0
8178 1.66
8178 0
8178 0
8178 0
8178 1.88
8178 0
8178 0
8178 0
8178 0
8178 0
8178 0
8178 0
8178 0
8178 0
8178 0
8178 0
8178 32.39
8178 0
8178 0
8178 35.56
8178 0
8178 0
8178 0
8178 0
8178 0
8178 0
8178 0
8178 0
8178 0
8178 0
