pt_graph scale
5733 0
5733 3
5733 0
5733 0
5733 0
5733 0
5733 0
5733 0
5733 0
5733 0
5733 0
5733 0
5733 0
5733 0
5733 0
5733 0
5733 0
5733 0
5733 0
5733 0
5733 0
5733 0
5733 0
5733 0
5733 0
5733 0
5733 0
5733 0
5733 0
5733 0
5733 0
5733 0
5733 0
5733 0
5733 0
5733 0
5733 0
5733 0
5735 0
5735 5
5735 0
5735 0
5735 0
5735 0
5735 0
5735 0
5735 0
5735 0
5735 0
5735 0
5735 0
5735 0
5735 0
5735 0
5735 0
5735 0
5735 0
5735 0
5735 0
5735 0
5735 0
5735 0
5735 0
5735 0
5735 0
5735 0
5735 0
5735 0
5735 0
5735 0
5735 0
5735 0
5735 0
5735 0
5735 0
5735 0
5736 0
5736 1
5736 0
5736 0
5736 0
5736 0
5736 0
5736 0
5736 0
5736 0
5736 0
5736 0
5736 0
5736 0
5736 0
5736 0
5736 0
5736 0
5736 0
5736 0
5736 0
5736 0
5736 0
5736 0
5736 0
5736 0
5736 0
5736 0
5736 0
5736 0
5736 0
5736 0
5736 0
5736 0
5736 0
5736 0
5736 0
5736 0
5737 0
5737 53
5737 0
5737 0
5737 0
5737 0
5737 0
5737 0
5737 0
5737 0
5737 0
5737 0
5737 0
5737 0
5737 0
5737 0
5737 0
5737 0
5737 0
5737 0
5737 0
5737 0
5737 0
5737 0
5737 0
5737 0
5737 0
5737 0
5737 0
5737 0
5737 0
5737 0
5737 0
5737 0
5737 0
5737 0
5737 0
5737 0
5809 0
5809 7
5809 0
5809 0
5809 0
5809 0
5809 0
5809 0
5809 0
5809 0
5809 0
5809 0
5809 0
5809 0
5809 0
5809 0
5809 0
5809 0
5809 0
5809 0
5809 0
5809 0
5809 0
5809 0
5809 0
5809 0
5809 0
5809 0
5809 0
5809 0
5809 0
5809 0
5809 0
5809 0
5809 0
5809 0
5809 0
5809 0
5810 0
5810 9
5810 0
5810 0
5810 0
5810 0
5810 0
5810 0
5810 0
5810 0
5810 0
5810 0
5810 0
5810 0
5810 0
5810 0
5810 0
5810 0
5810 0
5810 0
5810 0
5810 0
5810 0
5810 0
5810 0
5810 0
5810 0
5810 0
5810 0
5810 0
5810 0
5810 0
5810 0
5810 0
5810 0
5810 0
5810 0
5810 0
5811 0
5811 7
5811 0
5811 0
5811 0
5811 0
5811 0
5811 0
5811 0
5811 0
5811 0
5811 0
5811 0
5811 0
5811 0
5811 0
5811 0
5811 0
5811 0
5811 0
5811 0
5811 0
5811 0
5811 0
5811 0
5811 0
5811 0
5811 0
5811 0
5811 0
5811 0
5811 0
5811 0
5811 0
5811 0
5811 0
5811 0
5811 0
5812 0
5812 33
5812 0
5812 0
5812 0
5812 0
5812 0
5812 0
5812 0
5812 0
5812 0
5812 0
5812 0
5812 0
5812 0
5812 0
5812 0
5812 0
5812 0
5812 0
5812 0
5812 0
5812 0
5812 0
5812 0
5812 0
5812 0
5812 0
5812 0
5812 0
5812 0
5812 0
5812 0
5812 0
5812 0
5812 0
5812 0
5812 0
5813 0
5813 125
5813 0
5813 0
5813 0
5813 0
5813 0
5813 0
5813 0
5813 0
5813 0
5813 0
5813 0
5813 0
5813 0
5813 0
5813 0
5813 0
5813 0
5813 0
5813 0
5813 0
5813 0
5813 0
5813 0
5813 0
5813 0
5813 0
5813 0
5813 0
5813 0
5813 0
5813 0
5813 0
5813 0
5813 0
5813 0
5813 0
5883 0
5883 1
5883 0
5883 0
5883 0
5883 0
5883 0
5883 0
5883 0
5883 0
5883 0
5883 0
5883 0
5883 0
5883 0
5883 0
5883 0
5883 0
5883 0
5883 0
5883 0
5883 0
5883 0
5883 0
5883 0
5883 0
5883 0
5883 0
5883 0
5883 0
5883 0
5883 0
5883 0
5883 0
5883 0
5883 0
5883 0
5883 0
5884 0
5884 7
5884 0
5884 0
5884 0
5884 0
5884 0
5884 0
5884 0
5884 0
5884 0
5884 0
5884 0
5884 0
5884 0
5884 0
5884 0
5884 0
5884 0
5884 0
5884 0
5884 0
5884 0
5884 0
5884 0
5884 0
5884 0
5884 1
5884 0
5884 0
5884 0
5884 0
5884 0
5884 0
5884 0
5884 0
5884 0
5884 0
5885 0
5885 9
5885 0
5885 0
5885 0
5885 0
5885 0
5885 0
5885 0
5885 0
5885 0
5885 0
5885 0
5885 0
5885 0
5885 0
5885 0
5885 0
5885 0
5885 0
5885 0
5885 0
5885 0
5885 0
5885 0
5885 0
5885 0
5885 0
5885 0
5885 0
5885 0
5885 0
5885 0
5885 0
5885 0
5885 0
5885 0
5885 0
5886 0
5886 0
5886 0
5886 0
5886 0
5886 0
5886 0
5886 0
5886 0
5886 0
5886 0
5886 0
5886 0
5886 0
5886 0
5886 0
5886 0
5886 0
5886 0
5886 0
5886 0
5886 0
5886 0
5886 0
5886 0
5886 0
5886 0
5886 0
5886 0
5886 0
5886 0
5886 0
5886 0
5886 0
5886 0
5886 0
5886 0
5886 0
5887 0
5887 125
5887 0
5887 0
5887 0
5887 0
5887 0
5887 0
5887 0
5887 0
5887 0
5887 0
5887 0
5887 0
5887 0
5887 0
5887 0
5887 0
5887 0
5887 0
5887 0
5887 0
5887 0
5887 0
5887 0
5887 0
5887 0
5887 0
5887 0
5887 0
5887 0
5887 0
5887 0
5887 0
5887 0
5887 0
5887 0
5887 0
5952 0
5952 1
5952 0
5952 0
5952 0
5952 0
5952 0
5952 0
5952 0
5952 0
5952 0
5952 0
5952 0
5952 0
5952 0
5952 0
5952 0
5952 0
5952 0
5952 0
5952 0
5952 0
5952 0
5952 0
5952 0
5952 0
5952 0
5952 0
5952 0
5952 0
5952 0
5952 0
5952 0
5952 0
5952 0
5952 0
5952 0
5952 0
5954 0
5954 14
5954 0
5954 0
5954 0
5954 0
5954 0
5954 0
5954 0
5954 0
5954 0
5954 0
5954 0
5954 0
5954 0
5954 0
5954 0
5954 0
5954 0
5954 0
5954 0
5954 0
5954 0
5954 0
5954 0
5954 0
5954 0
5954 0
5954 0
5954 0
5954 0
5954 0
5954 0
5954 0
5954 0
5954 0
5954 0
5954 0
5955 0
5955 132
5955 0
5955 0
5955 0
5955 0
5955 0
5955 0
5955 0
5955 0
5955 0
5955 0
5955 0
5955 0
5955 0
5955 0
5955 0
5955 0
5955 0
5955 0
5955 0
5955 0
5955 0
5955 0
5955 0
5955 0
5955 0
5955 2
5955 0
5955 0
5955 0
5955 0
5955 0
5955 0
5955 0
5955 0
5955 0
5955 0
5956 0
5956 7
5956 0
5956 0
5956 0
5956 0
5956 0
5956 0
5956 0
5956 0
5956 0
5956 0
5956 0
5956 0
5956 0
5956 0
5956 0
5956 0
5956 0
5956 0
5956 0
5956 0
5956 0
5956 0
5956 0
5956 0
5956 0
5956 1
5956 0
5956 0
5956 0
5956 0
5956 0
5956 0
5956 0
5956 0
5956 0
5956 0
5957 0
5957 9
5957 0
5957 0
5957 0
5957 0
5957 0
5957 0
5957 0
5957 0
5957 0
5957 0
5957 0
5957 0
5957 0
5957 0
5957 0
5957 0
5957 0
5957 0
5957 0
5957 0
5957 0
5957 0
5957 0
5957 0
5957 0
5957 2
5957 0
5957 0
5957 0
5957 0
5957 0
5957 0
5957 0
5957 0
5957 0
5957 0
5958 0
5958 11
5958 0
5958 0
5958 0
5958 0
5958 0
5958 0
5958 0
5958 0
5958 0
5958 0
5958 0
5958 0
5958 0
5958 0
5958 0
5958 0
5958 0
5958 0
5958 0
5958 0
5958 0
5958 0
5958 0
5958 0
5958 0
5958 0
5958 0
5958 0
5958 0
5958 0
5958 0
5958 0
5958 0
5958 0
5958 0
5958 0
5959 0
5959 17
5959 0
5959 0
5959 0
5959 0
5959 0
5959 0
5959 0
5959 0
5959 0
5959 0
5959 0
5959 0
5959 0
5959 0
5959 0
5959 0
5959 0
5959 0
5959 0
5959 0
5959 0
5959 0
5959 0
5959 0
5959 0
5959 0
5959 0
5959 0
5959 0
5959 0
5959 0
5959 0
5959 0
5959 0
5959 0
5959 0
5960 0
5960 129
5960 0
5960 0
5960 0
5960 0
5960 0
5960 0
5960 0
5960 0
5960 0
5960 0
5960 0
5960 0
5960 0
5960 0
5960 0
5960 0
5960 0
5960 0
5960 0
5960 0
5960 0
5960 0
5960 0
5960 0
5960 0
5960 0
5960 0
5960 0
5960 0
5960 0
5960 0
5960 0
5960 0
5960 0
5960 0
5960 0
6033 0
6033 49
6033 0
6033 0
6033 0
6033 0
6033 0
6033 0
6033 0
6033 0
6033 0
6033 0
6033 0
6033 0
6033 0
6033 0
6033 0
6033 0
6033 0
6033 0
6033 0
6033 0
6033 0
6033 0
6033 0
6033 0
6033 0
6033 0
6033 0
6033 0
6033 0
6033 0
6033 0
6033 0
6033 0
6033 0
6033 0
6033 0
6036 0
6036 2
6036 0
6036 0
6036 0
6036 0
6036 0
6036 0
6036 0
6036 0
6036 0
6036 0
6036 0
6036 0
6036 0
6036 0
6036 0
6036 0
6036 0
6036 0
6036 0
6036 0
6036 0
6036 0
6036 0
6036 0
6036 0
6036 0
6036 0
6036 0
6036 0
6036 0
6036 0
6036 0
6036 0
6036 0
6036 0
6036 0
6037 0
6037 1
6037 0
6037 0
6037 0
6037 0
6037 0
6037 0
6037 0
6037 0
6037 0
6037 0
6037 0
6037 0
6037 0
6037 0
6037 0
6037 0
6037 0
6037 0
6037 0
6037 0
6037 0
6037 0
6037 0
6037 0
6037 0
6037 0
6037 0
6037 0
6037 0
6037 0
6037 0
6037 0
6037 0
6037 0
6037 0
6037 0
6038 0
6038 24
6038 0
6038 0
6038 0
6038 0
6038 0
6038 0
6038 0
6038 0
6038 0
6038 0
6038 0
6038 0
6038 0
6038 0
6038 0
6038 0
6038 0
6038 0
6038 0
6038 0
6038 0
6038 0
6038 0
6038 0
6038 0
6038 2
6038 0
6038 0
6038 0
6038 0
6038 0
6038 0
6038 0
6038 0
6038 0
6038 0
6039 0
6039 115
6039 0
6039 0
6039 0
6039 0
6039 0
6039 0
6039 0
6039 0
6039 0
6039 0
6039 0
6039 0
6039 0
6039 0
6039 0
6039 0
6039 0
6039 0
6039 0
6039 0
6039 0
6039 0
6039 0
6039 0
6039 0
6039 0
6039 0
6039 0
6039 0
6039 0
6039 0
6039 0
6039 0
6039 0
6039 0
6039 0
6040 0
6040 109
6040 0
6040 0
6040 0
6040 0
6040 0
6040 0
6040 0
6040 0
6040 0
6040 0
6040 0
6040 0
6040 0
6040 0
6040 0
6040 0
6040 0
6040 0
6040 0
6040 0
6040 0
6040 0
6040 0
6040 0
6040 0
6040 0
6040 0
6040 0
6040 0
6040 0
6040 0
6040 0
6040 0
6040 0
6040 0
6040 0
6110 0
6110 2
6110 0
6110 0
6110 0
6110 0
6110 0
6110 0
6110 0
6110 0
6110 0
6110 0
6110 0
6110 0
6110 0
6110 0
6110 0
6110 0
6110 0
6110 0
6110 0
6110 0
6110 0
6110 0
6110 0
6110 0
6110 0
6110 0
6110 0
6110 0
6110 0
6110 0
6110 0
6110 0
6110 0
6110 0
6110 0
6110 0
6112 0
6112 1
6112 0
6112 0
6112 0
6112 0
6112 0
6112 0
6112 0
6112 0
6112 0
6112 0
6112 0
6112 0
6112 0
6112 0
6112 0
6112 0
6112 0
6112 0
6112 0
6112 0
6112 0
6112 0
6112 0
6112 0
6112 0
6112 0
6112 0
6112 0
6112 0
6112 0
6112 0
6112 0
6112 0
6112 0
6112 0
6112 0
6114 0
6114 13
6114 0
6114 0
6114 0
6114 0
6114 0
6114 0
6114 0
6114 0
6114 0
6114 0
6114 0
6114 0
6114 0
6114 0
6114 0
6114 0
6114 0
6114 0
6114 0
6114 0
6114 0
6114 0
6114 0
6114 0
6114 0
6114 0
6114 0
6114 0
6114 0
6114 0
6114 0
6114 0
6114 0
6114 0
6114 0
6114 0
6116 0
6116 1
6116 0
6116 0
6116 0
6116 0
6116 0
6116 0
6116 0
6116 0
6116 0
6116 0
6116 0
6116 0
6116 0
6116 0
6116 0
6116 0
6116 0
6116 0
6116 0
6116 0
6116 0
6116 0
6116 0
6116 0
6116 0
6116 0
6116 0
6116 0
6116 0
6116 0
6116 0
6116 0
6116 0
6116 0
6116 0
6116 0
6117 0
6117 2
6117 0
6117 0
6117 0
6117 0
6117 0
6117 0
6117 0
6117 0
6117 0
6117 0
6117 0
6117 0
6117 0
6117 0
6117 0
6117 0
6117 0
6117 0
6117 0
6117 0
6117 0
6117 0
6117 0
6117 0
6117 0
6117 0
6117 0
6117 0
6117 0
6117 0
6117 0
6117 0
6117 0
6117 0
6117 0
6117 0
6118 0
6118 1
6118 0
6118 0
6118 0
6118 0
6118 0
6118 0
6118 0
6118 0
6118 0
6118 0
6118 0
6118 0
6118 0
6118 0
6118 0
6118 0
6118 0
6118 0
6118 0
6118 0
6118 0
6118 0
6118 0
6118 0
6118 0
6118 0
6118 0
6118 0
6118 0
6118 0
6118 0
6118 0
6118 0
6118 0
6118 0
6118 0
6119 0
6119 25
6119 0
6119 0
6119 0
6119 0
6119 0
6119 0
6119 0
6119 0
6119 0
6119 0
6119 0
6119 0
6119 0
6119 0
6119 0
6119 0
6119 0
6119 0
6119 0
6119 0
6119 0
6119 0
6119 0
6119 0
6119 0
6119 1
6119 0
6119 0
6119 0
6119 0
6119 0
6119 0
6119 0
6119 0
6119 0
6119 0
6120 0
6120 125
6120 0
6120 0
6120 0
6120 0
6120 0
6120 0
6120 0
6120 0
6120 0
6120 0
6120 0
6120 0
6120 0
6120 0
6120 0
6120 0
6120 0
6120 0
6120 0
6120 0
6120 0
6120 0
6120 0
6120 0
6120 0
6120 1
6120 0
6120 0
6120 0
6120 0
6120 0
6120 0
6120 0
6120 0
6120 0
6120 0
6122 0
6122 0
6122 0
6122 0
6122 0
6122 0
6122 0
6122 0
6122 0
6122 0
6122 0
6122 0
6122 0
6122 0
6122 0
6122 0
6122 0
6122 0
6122 0
6122 0
6122 0
6122 0
6122 0
6122 0
6122 0
6122 0
6122 0
6122 0
6122 0
6122 0
6122 0
6122 0
6122 0
6122 0
6122 0
6122 0
6122 0
6122 0
6189 0
6189 1
6189 0
6189 0
6189 0
6189 0
6189 0
6189 0
6189 0
6189 0
6189 0
6189 0
6189 0
6189 0
6189 0
6189 0
6189 0
6189 0
6189 0
6189 0
6189 0
6189 0
6189 0
6189 0
6189 0
6189 0
6189 0
6189 0
6189 0
6189 0
6189 0
6189 0
6189 0
6189 0
6189 0
6189 0
6189 0
6189 0
6190 0
6190 6
6190 0
6190 0
6190 0
6190 0
6190 0
6190 0
6190 0
6190 0
6190 0
6190 0
6190 0
6190 0
6190 0
6190 0
6190 0
6190 0
6190 0
6190 0
6190 0
6190 0
6190 0
6190 0
6190 0
6190 0
6190 0
6190 3
6190 0
6190 0
6190 0
6190 0
6190 0
6190 0
6190 0
6190 0
6190 0
6190 0
6191 0
6191 105
6191 0
6191 0
6191 0
6191 0
6191 0
6191 0
6191 0
6191 0
6191 0
6191 0
6191 0
6191 0
6191 0
6191 0
6191 0
6191 0
6191 0
6191 0
6191 0
6191 0
6191 0
6191 0
6191 0
6191 0
6191 0
6191 3
6191 0
6191 0
6191 0
6191 0
6191 0
6191 0
6191 0
6191 0
6191 0
6191 0
6192 0
6192 126
6192 0
6192 0
6192 0
6192 0
6192 0
6192 0
6192 0
6192 0
6192 0
6192 0
6192 0
6192 0
6192 0
6192 0
6192 0
6192 0
6192 0
6192 0
6192 0
6192 0
6192 0
6192 0
6192 0
6192 0
6192 0
6192 1
6192 0
6192 0
6192 0
6192 0
6192 0
6192 0
6192 0
6192 0
6192 0
6192 0
6193 0
6193 126
6193 0
6193 0
6193 0
6193 0
6193 0
6193 0
6193 0
6193 0
6193 0
6193 0
6193 0
6193 0
6193 0
6193 0
6193 0
6193 0
6193 0
6193 0
6193 0
6193 0
6193 0
6193 0
6193 0
6193 0
6193 0
6193 1
6193 0
6193 0
6193 0
6193 0
6193 0
6193 0
6193 0
6193 0
6193 0
6193 0
6194 0
6194 23
6194 0
6194 0
6194 0
6194 0
6194 0
6194 0
6194 0
6194 0
6194 0
6194 0
6194 0
6194 0
6194 0
6194 0
6194 0
6194 0
6194 0
6194 0
6194 0
6194 0
6194 0
6194 0
6194 0
6194 0
6194 0
6194 5
6194 0
6194 0
6194 0
6194 0
6194 0
6194 0
6194 0
6194 0
6194 0
6194 0
6195 0
6195 11
6195 0
6195 0
6195 0
6195 0
6195 0
6195 0
6195 0
6195 0
6195 0
6195 0
6195 0
6195 0
6195 0
6195 0
6195 0
6195 0
6195 0
6195 0
6195 0
6195 0
6195 0
6195 0
6195 0
6195 0
6195 0
6195 1
6195 0
6195 0
6195 0
6195 0
6195 0
6195 0
6195 0
6195 0
6195 0
6195 0
6196 0
6196 30
6196 0
6196 0
6196 0
6196 0
6196 0
6196 0
6196 0
6196 0
6196 0
6196 0
6196 0
6196 0
6196 0
6196 0
6196 0
6196 0
6196 0
6196 0
6196 0
6196 0
6196 0
6196 0
6196 0
6196 0
6196 0
6196 0
6196 0
6196 0
6196 0
6196 0
6196 0
6196 0
6196 0
6196 0
6196 0
6196 0
6197 0
6197 1
6197 0
6197 0
6197 0
6197 0
6197 0
6197 0
6197 0
6197 0
6197 0
6197 0
6197 0
6197 0
6197 0
6197 0
6197 0
6197 0
6197 0
6197 0
6197 0
6197 0
6197 0
6197 0
6197 0
6197 0
6197 0
6197 0
6197 0
6197 0
6197 0
6197 0
6197 0
6197 0
6197 0
6197 0
6197 0
6197 0
6262 0
6262 2
6262 0
6262 0
6262 0
6262 0
6262 0
6262 0
6262 0
6262 0
6262 0
6262 0
6262 0
6262 0
6262 0
6262 0
6262 0
6262 0
6262 0
6262 0
6262 0
6262 0
6262 0
6262 0
6262 0
6262 0
6262 0
6262 0
6262 0
6262 0
6262 0
6262 0
6262 0
6262 0
6262 0
6262 0
6262 0
6262 0
6263 0
6263 1
6263 0
6263 0
6263 0
6263 0
6263 0
6263 0
6263 0
6263 0
6263 0
6263 0
6263 0
6263 0
6263 0
6263 0
6263 0
6263 0
6263 0
6263 0
6263 0
6263 0
6263 0
6263 0
6263 0
6263 0
6263 0
6263 0
6263 0
6263 0
6263 0
6263 0
6263 0
6263 0
6263 0
6263 0
6263 0
6263 0
6264 0
6264 7
6264 0
6264 0
6264 0
6264 0
6264 0
6264 0
6264 0
6264 0
6264 0
6264 0
6264 0
6264 0
6264 0
6264 0
6264 0
6264 0
6264 0
6264 0
6264 0
6264 0
6264 0
6264 0
6264 0
6264 0
6264 0
6264 2
6264 0
6264 0
6264 0
6264 0
6264 0
6264 0
6264 0
6264 0
6264 0
6264 0
6265 0
6265 13
6265 0
6265 0
6265 0
6265 0
6265 0
6265 0
6265 0
6265 0
6265 0
6265 0
6265 0
6265 0
6265 0
6265 0
6265 0
6265 0
6265 0
6265 0
6265 0
6265 0
6265 0
6265 0
6265 0
6265 0
6265 0
6265 0
6265 0
6265 0
6265 0
6265 0
6265 0
6265 0
6265 0
6265 0
6265 0
6265 0
6269 0
6269 103
6269 0
6269 0
6269 0
6269 0
6269 0
6269 0
6269 0
6269 0
6269 0
6269 0
6269 0
6269 0
6269 0
6269 0
6269 0
6269 0
6269 0
6269 0
6269 0
6269 0
6269 0
6269 0
6269 0
6269 0
6269 0
6269 0
6269 0
6269 0
6269 0
6269 0
6269 0
6269 0
6269 0
6269 0
6269 0
6269 0
6270 0
6270 162
6270 0
6270 0
6270 0
6270 0
6270 0
6270 0
6270 0
6270 0
6270 0
6270 0
6270 0
6270 0
6270 0
6270 0
6270 0
6270 0
6270 0
6270 0
6270 0
6270 0
6270 0
6270 0
6270 0
6270 0
6270 0
6270 1
6270 0
6270 0
6270 0
6270 0
6270 0
6270 0
6270 0
6270 0
6270 0
6270 0
6271 0
6271 103
6271 0
6271 0
6271 0
6271 0
6271 0
6271 0
6271 0
6271 0
6271 0
6271 0
6271 0
6271 0
6271 0
6271 0
6271 0
6271 0
6271 0
6271 0
6271 0
6271 0
6271 0
6271 0
6271 0
6271 0
6271 0
6271 0
6271 0
6271 0
6271 0
6271 0
6271 0
6271 0
6271 0
6271 0
6271 0
6271 0
6339 0
6339 1
6339 0
6339 0
6339 0
6339 0
6339 0
6339 0
6339 0
6339 0
6339 0
6339 0
6339 0
6339 0
6339 0
6339 0
6339 0
6339 0
6339 0
6339 0
6339 0
6339 0
6339 0
6339 0
6339 0
6339 0
6339 0
6339 0
6339 0
6339 0
6339 0
6339 0
6339 0
6339 0
6339 0
6339 0
6339 0
6339 0
6340 0
6340 1
6340 0
6340 0
6340 0
6340 0
6340 0
6340 0
6340 0
6340 0
6340 0
6340 0
6340 0
6340 0
6340 0
6340 0
6340 0
6340 0
6340 0
6340 0
6340 0
6340 0
6340 0
6340 0
6340 0
6340 0
6340 0
6340 0
6340 0
6340 0
6340 0
6340 0
6340 0
6340 0
6340 0
6340 0
6340 0
6340 0
6341 0
6341 4
6341 0
6341 0
6341 0
6341 0
6341 0
6341 0
6341 0
6341 0
6341 0
6341 0
6341 0
6341 0
6341 0
6341 0
6341 0
6341 0
6341 0
6341 0
6341 0
6341 0
6341 0
6341 0
6341 0
6341 0
6341 0
6341 2
6341 0
6341 0
6341 0
6341 0
6341 0
6341 0
6341 0
6341 0
6341 0
6341 0
6343 0
6343 13
6343 0
6343 0
6343 0
6343 0
6343 0
6343 0
6343 0
6343 0
6343 0
6343 0
6343 0
6343 0
6343 0
6343 0
6343 0
6343 0
6343 0
6343 0
6343 0
6343 0
6343 0
6343 0
6343 0
6343 0
6343 0
6343 0
6343 0
6343 0
6343 0
6343 0
6343 0
6343 0
6343 0
6343 0
6343 0
6343 0
6348 0
6348 162
6348 0
6348 0
6348 0
6348 0
6348 0
6348 0
6348 0
6348 0
6348 0
6348 0
6348 0
6348 0
6348 0
6348 0
6348 0
6348 0
6348 0
6348 0
6348 0
6348 0
6348 0
6348 0
6348 0
6348 0
6348 0
6348 1
6348 0
6348 0
6348 0
6348 0
6348 0
6348 0
6348 0
6348 0
6348 0
6348 0
6418 0
6418 43
6418 0
6418 0
6418 0
6418 0
6418 0
6418 0
6418 0
6418 0
6418 0
6418 0
6418 0
6418 0
6418 0
6418 0
6418 0
6418 0
6418 0
6418 0
6418 0
6418 0
6418 0
6418 0
6418 0
6418 0
6418 0
6418 0
6418 0
6418 0
6418 0
6418 0
6418 0
6418 0
6418 0
6418 0
6418 0
6418 0
6420 0
6420 101
6420 0
6420 0
6420 0
6420 0
6420 0
6420 0
6420 0
6420 0
6420 0
6420 0
6420 0
6420 0
6420 0
6420 0
6420 0
6420 0
6420 0
6420 0
6420 0
6420 0
6420 0
6420 0
6420 0
6420 0
6420 0
6420 5
6420 0
6420 0
6420 0
6420 0
6420 0
6420 0
6420 0
6420 0
6420 0
6420 0
6421 0
6421 1
6421 0
6421 0
6421 0
6421 0
6421 0
6421 0
6421 0
6421 0
6421 0
6421 0
6421 0
6421 0
6421 0
6421 0
6421 0
6421 0
6421 0
6421 0
6421 0
6421 0
6421 0
6421 0
6421 0
6421 0
6421 0
6421 0
6421 0
6421 0
6421 0
6421 0
6421 0
6421 0
6421 0
6421 0
6421 0
6421 0
6422 0
6422 126
6422 0
6422 0
6422 0
6422 0
6422 0
6422 0
6422 0
6422 0
6422 0
6422 0
6422 0
6422 0
6422 0
6422 0
6422 0
6422 0
6422 0
6422 0
6422 0
6422 0
6422 0
6422 0
6422 0
6422 0
6422 0
6422 1
6422 0
6422 0
6422 0
6422 0
6422 0
6422 0
6422 0
6422 0
6422 0
6422 0
6500 0
6500 43
6500 0
6500 0
6500 0
6500 0
6500 0
6500 0
6500 0
6500 0
6500 0
6500 0
6500 0
6500 0
6500 0
6500 0
6500 0
6500 0
6500 0
6500 0
6500 0
6500 0
6500 0
6500 0
6500 0
6500 0
6500 0
6500 0
6500 0
6500 0
6500 0
6500 0
6500 0
6500 0
6500 0
6500 0
6500 0
6500 0
6582 0
6582 55
6582 0
6582 0
6582 0
6582 0
6582 0
6582 0
6582 0
6582 0
6582 0
6582 0
6582 0
6582 0
6582 0
6582 0
6582 0
6582 0
6582 0
6582 0
6582 0
6582 0
6582 0
6582 0
6582 0
6582 0
6582 0
6582 0
6582 0
6582 0
6582 0
6582 0
6582 0
6582 0
6582 0
6582 0
6582 0
6582 0
7357 0
7357 1
7357 0
7357 0
7357 0
7357 0
7357 0
7357 0
7357 0
7357 0
7357 0
7357 0
7357 0
7357 0
7357 0
7357 0
7357 0
7357 0
7357 0
7357 0
7357 0
7357 0
7357 0
7357 0
7357 0
7357 0
7357 0
7357 0
7357 0
7357 0
7357 0
7357 0
7357 0
7357 0
7357 0
7357 0
7357 0
7357 0
7358 0
7358 1
7358 0
7358 0
7358 0
7358 0
7358 0
7358 0
7358 0
7358 0
7358 0
7358 0
7358 0
7358 0
7358 0
7358 0
7358 0
7358 0
7358 0
7358 0
7358 0
7358 0
7358 0
7358 0
7358 0
7358 0
7358 0
7358 0
7358 0
7358 0
7358 0
7358 0
7358 0
7358 0
7358 0
7358 0
7358 0
7358 0
7424 0
7424 163
7424 0
7424 0
7424 0
7424 0
7424 0
7424 0
7424 0
7424 0
7424 0
7424 0
7424 0
7424 0
7424 0
7424 0
7424 0
7424 0
7424 0
7424 0
7424 0
7424 0
7424 0
7424 0
7424 0
7424 0
7424 0
7424 1
7424 0
7424 0
7424 0
7424 0
7424 0
7424 0
7424 0
7424 0
7424 0
7424 0
7425 0
7425 51
7425 0
7425 0
7425 0
7425 0
7425 0
7425 0
7425 0
7425 0
7425 0
7425 0
7425 0
7425 0
7425 0
7425 0
7425 0
7425 0
7425 0
7425 0
7425 0
7425 0
7425 0
7425 0
7425 0
7425 0
7425 0
7425 0
7425 0
7425 0
7425 0
7425 0
7425 0
7425 0
7425 0
7425 0
7425 0
7425 0
7426 0
7426 107
7426 0
7426 0
7426 0
7426 0
7426 0
7426 0
7426 0
7426 0
7426 0
7426 0
7426 0
7426 0
7426 0
7426 0
7426 0
7426 0
7426 0
7426 0
7426 0
7426 0
7426 0
7426 0
7426 0
7426 0
7426 0
7426 0
7426 0
7426 0
7426 0
7426 0
7426 0
7426 0
7426 0
7426 0
7426 0
7426 0
7490 0
7490 163
7490 0
7490 0
7490 0
7490 0
7490 0
7490 0
7490 0
7490 0
7490 0
7490 0
7490 0
7490 0
7490 0
7490 0
7490 0
7490 0
7490 0
7490 0
7490 0
7490 0
7490 0
7490 0
7490 0
7490 0
7490 0
7490 1
7490 0
7490 0
7490 0
7490 0
7490 0
7490 0
7490 0
7490 0
7490 0
7490 0
7491 0
7491 4
7491 0
7491 0
7491 0
7491 0
7491 0
7491 0
7491 0
7491 0
7491 0
7491 0
7491 0
7491 0
7491 0
7491 0
7491 0
7491 0
7491 0
7491 0
7491 0
7491 0
7491 0
7491 0
7491 0
7491 0
7491 0
7491 0
7491 0
7491 0
7491 0
7491 0
7491 0
7491 0
7491 0
7491 0
7491 0
7491 0
7561 0
7561 4
7561 0
7561 0
7561 0
7561 0
7561 0
7561 0
7561 0
7561 0
7561 0
7561 0
7561 0
7561 0
7561 0
7561 0
7561 0
7561 0
7561 0
7561 0
7561 0
7561 0
7561 0
7561 0
7561 0
7561 0
7561 0
7561 0
7561 0
7561 0
7561 0
7561 0
7561 0
7561 0
7561 0
7561 0
7561 0
7561 0
7563 0
7563 4
7563 0
7563 0
7563 0
7563 0
7563 0
7563 0
7563 0
7563 0
7563 0
7563 0
7563 0
7563 0
7563 0
7563 0
7563 0
7563 0
7563 0
7563 0
7563 0
7563 0
7563 0
7563 0
7563 0
7563 0
7563 0
7563 0
7563 0
7563 0
7563 0
7563 0
7563 0
7563 0
7563 0
7563 0
7563 0
7563 0
7564 0
7564 25
7564 0
7564 0
7564 0
7564 0
7564 0
7564 0
7564 0
7564 0
7564 0
7564 0
7564 0
7564 0
7564 0
7564 0
7564 0
7564 0
7564 0
7564 0
7564 0
7564 0
7564 0
7564 0
7564 0
7564 0
7564 0
7564 3
7564 0
7564 0
7564 0
7564 0
7564 0
7564 0
7564 0
7564 0
7564 0
7564 0
7637 0
7637 4
7637 0
7637 0
7637 0
7637 0
7637 0
7637 0
7637 0
7637 0
7637 0
7637 0
7637 0
7637 0
7637 0
7637 0
7637 0
7637 0
7637 0
7637 0
7637 0
7637 0
7637 0
7637 0
7637 0
7637 0
7637 0
7637 0
7637 0
7637 0
7637 0
7637 0
7637 0
7637 0
7637 0
7637 0
7637 0
7637 0
7638 0
7638 25
7638 0
7638 0
7638 0
7638 0
7638 0
7638 0
7638 0
7638 0
7638 0
7638 0
7638 0
7638 0
7638 0
7638 0
7638 0
7638 0
7638 0
7638 0
7638 0
7638 0
7638 0
7638 0
7638 0
7638 0
7638 0
7638 3
7638 0
7638 0
7638 0
7638 0
7638 0
7638 0
7638 0
7638 0
7638 0
7638 0
7639 0
7639 59
7639 0
7639 0
7639 0
7639 0
7639 0
7639 0
7639 0
7639 0
7639 0
7639 0
7639 0
7639 0
7639 0
7639 0
7639 0
7639 0
7639 0
7639 0
7639 0
7639 0
7639 0
7639 0
7639 0
7639 0
7639 0
7639 0
7639 0
7639 0
7639 0
7639 0
7639 0
7639 0
7639 0
7639 0
7639 0
7639 0
7711 0
7711 0
7711 0
7711 0
7711 0
7711 0
7711 0
7711 0
7711 0
7711 0
7711 0
7711 0
7711 0
7711 0
7711 0
7711 0
7711 0
7711 0
7711 0
7711 0
7711 0
7711 0
7711 0
7711 0
7711 0
7711 0
7711 0
7711 0
7711 0
7711 0
7711 0
7711 0
7711 0
7711 0
7711 0
7711 0
7711 0
7711 0
7786 0
7786 1
7786 0
7786 0
7786 0
7786 0
7786 0
7786 0
7786 0
7786 0
7786 0
7786 0
7786 0
7786 0
7786 0
7786 0
7786 0
7786 0
7786 0
7786 0
7786 0
7786 0
7786 0
7786 0
7786 0
7786 0
7786 0
7786 0
7786 0
7786 0
7786 0
7786 0
7786 0
7786 0
7786 0
7786 0
7786 0
7786 0
7788 0
7788 107
7788 0
7788 0
7788 0
7788 0
7788 0
7788 0
7788 0
7788 0
7788 0
7788 0
7788 0
7788 0
7788 0
7788 0
7788 0
7788 0
7788 0
7788 0
7788 0
7788 0
7788 0
7788 0
7788 0
7788 0
7788 0
7788 0
7788 0
7788 0
7788 0
7788 0
7788 0
7788 0
7788 0
7788 0
7788 0
7788 0
7789 0
7789 4
7789 0
7789 0
7789 0
7789 0
7789 0
7789 0
7789 0
7789 0
7789 0
7789 0
7789 0
7789 0
7789 0
7789 0
7789 0
7789 0
7789 0
7789 0
7789 0
7789 0
7789 0
7789 0
7789 0
7789 0
7789 0
7789 0
7789 0
7789 0
7789 0
7789 0
7789 0
7789 0
7789 0
7789 0
7789 0
7789 0
7790 0
7790 1
7790 0
7790 0
7790 0
7790 0
7790 0
7790 0
7790 0
7790 0
7790 0
7790 0
7790 0
7790 0
7790 0
7790 0
7790 0
7790 0
7790 0
7790 0
7790 0
7790 0
7790 0
7790 0
7790 0
7790 0
7790 0
7790 0
7790 0
7790 0
7790 0
7790 0
7790 0
7790 0
7790 0
7790 0
7790 0
7790 0
7860 0
7860 59
7860 0
7860 0
7860 0
7860 0
7860 0
7860 0
7860 0
7860 0
7860 0
7860 0
7860 0
7860 0
7860 0
7860 0
7860 0
7860 0
7860 0
7860 0
7860 0
7860 0
7860 0
7860 0
7860 0
7860 0
7860 0
7860 0
7860 0
7860 0
7860 0
7860 0
7860 0
7860 0
7860 0
7860 0
7860 0
7860 0
7861 0
7861 22
7861 0
7861 0
7861 0
7861 0
7861 0
7861 0
7861 0
7861 0
7861 0
7861 0
7861 0
7861 0
7861 0
7861 0
7861 0
7861 0
7861 0
7861 0
7861 0
7861 0
7861 0
7861 0
7861 0
7861 0
7861 0
7861 0
7861 0
7861 0
7861 0
7861 0
7861 0
7861 0
7861 0
7861 0
7861 0
7861 0
7862 0
7862 1
7862 0
7862 0
7862 0
7862 0
7862 0
7862 0
7862 0
7862 0
7862 0
7862 0
7862 0
7862 0
7862 0
7862 0
7862 0
7862 0
7862 0
7862 0
7862 0
7862 0
7862 0
7862 0
7862 0
7862 0
7862 0
7862 0
7862 0
7862 0
7862 0
7862 0
7862 0
7862 0
7862 0
7862 0
7862 0
7862 0
7863 0
7863 1
7863 0
7863 0
7863 0
7863 0
7863 0
7863 0
7863 0
7863 0
7863 0
7863 0
7863 0
7863 0
7863 0
7863 0
7863 0
7863 0
7863 0
7863 0
7863 0
7863 0
7863 0
7863 0
7863 0
7863 0
7863 0
7863 0
7863 0
7863 0
7863 0
7863 0
7863 0
7863 0
7863 0
7863 0
7863 0
7863 0
7917 0
7917 0
7917 0
7917 0
7917 0
7917 0
7917 0
7917 0
7917 0
7917 0
7917 0
7917 0
7917 0
7917 0
7917 0
7917 0
7917 0
7917 0
7917 0
7917 0
7917 0
7917 0
7917 0
7917 0
7917 0
7917 0
7917 0
7917 0
7917 0
7917 0
7917 0
7917 0
7917 0
7917 0
7917 0
7917 0
7917 0
7917 0
7918 0
7918 0
7918 0
7918 0
7918 0
7918 0
7918 0
7918 0
7918 0
7918 0
7918 0
7918 0
7918 0
7918 0
7918 0
7918 0
7918 0
7918 0
7918 0
7918 0
7918 0
7918 0
7918 0
7918 0
7918 0
7918 0
7918 0
7918 0
7918 0
7918 0
7918 0
7918 0
7918 0
7918 0
7918 0
7918 0
7918 0
7918 0
7919 0
7919 0
7919 0
7919 0
7919 0
7919 0
7919 0
7919 0
7919 0
7919 0
7919 0
7919 0
7919 0
7919 0
7919 0
7919 0
7919 0
7919 0
7919 0
7919 0
7919 0
7919 0
7919 0
7919 0
7919 0
7919 0
7919 0
7919 0
7919 0
7919 0
7919 0
7919 0
7919 0
7919 0
7919 0
7919 0
7919 0
7919 0
7933 0
7933 0
7933 0
7933 0
7933 0
7933 0
7933 0
7933 0
7933 0
7933 0
7933 0
7933 0
7933 0
7933 0
7933 0
7933 0
7933 0
7933 0
7933 0
7933 0
7933 0
7933 0
7933 0
7933 0
7933 0
7933 0
7933 0
7933 0
7933 0
7933 0
7933 0
7933 0
7933 0
7933 0
7933 0
7933 0
7933 0
7933 0
7934 0
7934 69
7934 0
7934 0
7934 0
7934 0
7934 0
7934 0
7934 0
7934 0
7934 0
7934 0
7934 0
7934 0
7934 0
7934 0
7934 0
7934 0
7934 0
7934 0
7934 0
7934 0
7934 0
7934 0
7934 0
7934 0
7934 0
7934 0
7934 0
7934 0
7934 0
7934 0
7934 0
7934 0
7934 0
7934 0
7934 0
7934 0
7935 0
7935 107
7935 0
7935 0
7935 0
7935 0
7935 0
7935 0
7935 0
7935 0
7935 0
7935 0
7935 0
7935 0
7935 0
7935 0
7935 0
7935 0
7935 0
7935 0
7935 0
7935 0
7935 0
7935 0
7935 0
7935 0
7935 0
7935 0
7935 0
7935 0
7935 0
7935 0
7935 0
7935 0
7935 0
7935 0
7935 0
7935 0
7936 0
7936 1
7936 0
7936 0
7936 0
7936 0
7936 0
7936 0
7936 0
7936 0
7936 0
7936 0
7936 0
7936 0
7936 0
7936 0
7936 0
7936 0
7936 0
7936 0
7936 0
7936 0
7936 0
7936 0
7936 0
7936 0
7936 0
7936 0
7936 0
7936 0
7936 0
7936 0
7936 0
7936 0
7936 0
7936 0
7936 0
7936 0
7987 0
7987 0
7987 0
7987 0
7987 0
7987 0
7987 0
7987 0
7987 0
7987 0
7987 0
7987 0
7987 0
7987 0
7987 0
7987 0
7987 0
7987 0
7987 0
7987 0
7987 0
7987 0
7987 0
7987 0
7987 0
7987 0
7987 0
7987 0
7987 0
7987 0
7987 0
7987 0
7987 0
7987 0
7987 0
7987 0
7987 0
7987 0
8004 0
8004 29
8004 0
8004 0
8004 0
8004 0
8004 0
8004 0
8004 0
8004 0
8004 0
8004 0
8004 0
8004 0
8004 0
8004 0
8004 0
8004 0
8004 0
8004 0
8004 0
8004 0
8004 0
8004 0
8004 0
8004 0
8004 0
8004 0
8004 0
8004 0
8004 0
8004 0
8004 0
8004 0
8004 0
8004 0
8004 0
8004 0
8005 0
8005 25
8005 0
8005 0
8005 0
8005 0
8005 0
8005 0
8005 0
8005 0
8005 0
8005 0
8005 0
8005 0
8005 0
8005 0
8005 0
8005 0
8005 0
8005 0
8005 0
8005 0
8005 0
8005 0
8005 0
8005 0
8005 0
8005 0
8005 0
8005 0
8005 0
8005 0
8005 0
8005 0
8005 0
8005 0
8005 0
8005 0
8006 0
8006 1
8006 0
8006 0
8006 0
8006 0
8006 0
8006 0
8006 0
8006 0
8006 0
8006 0
8006 0
8006 0
8006 0
8006 0
8006 0
8006 0
8006 0
8006 0
8006 0
8006 0
8006 0
8006 0
8006 0
8006 0
8006 0
8006 0
8006 0
8006 0
8006 0
8006 0
8006 0
8006 0
8006 0
8006 0
8006 0
8006 0
8049 0
8049 0
8049 0
8049 0
8049 0
8049 0
8049 0
8049 0
8049 0
8049 0
8049 0
8049 0
8049 0
8049 0
8049 0
8049 0
8049 0
8049 0
8049 0
8049 0
8049 0
8049 0
8049 0
8049 0
8049 0
8049 0
8049 0
8049 0
8049 0
8049 0
8049 0
8049 0
8049 0
8049 0
8049 0
8049 0
8049 0
8049 0
8066 0
8066 0
8066 0
8066 0
8066 0
8066 0
8066 0
8066 0
8066 0
8066 0
8066 0
8066 0
8066 0
8066 0
8066 0
8066 0
8066 0
8066 0
8066 0
8066 0
8066 0
8066 0
8066 0
8066 0
8066 0
8066 0
8066 0
8066 0
8066 0
8066 0
8066 0
8066 0
8066 0
8066 0
8066 0
8066 0
8066 0
8066 0
8067 0
8067 28
8067 0
8067 0
8067 0
8067 0
8067 0
8067 0
8067 0
8067 0
8067 0
8067 0
8067 0
8067 0
8067 0
8067 0
8067 0
8067 0
8067 0
8067 0
8067 0
8067 0
8067 0
8067 0
8067 0
8067 0
8067 0
8067 0
8067 0
8067 0
8067 0
8067 0
8067 0
8067 0
8067 0
8067 0
8067 0
8067 0
8068 0
8068 1
8068 0
8068 0
8068 0
8068 0
8068 0
8068 0
8068 0
8068 0
8068 0
8068 0
8068 0
8068 0
8068 0
8068 0
8068 0
8068 0
8068 0
8068 0
8068 0
8068 0
8068 0
8068 0
8068 0
8068 0
8068 0
8068 0
8068 0
8068 0
8068 0
8068 0
8068 0
8068 0
8068 0
8068 0
8068 0
8068 0
8125 0
8125 0
8125 0
8125 0
8125 0
8125 0
8125 0
8125 0
8125 0
8125 0
8125 0
8125 0
8125 0
8125 0
8125 0
8125 0
8125 0
8125 0
8125 0
8125 0
8125 0
8125 0
8125 0
8125 0
8125 0
8125 0
8125 0
8125 0
8125 0
8125 0
8125 0
8125 0
8125 0
8125 0
8125 0
8125 0
8125 0
8125 0
8126 0
8126 1
8126 0
8126 0
8126 0
8126 0
8126 0
8126 0
8126 0
8126 0
8126 0
8126 0
8126 0
8126 0
8126 0
8126 0
8126 0
8126 0
8126 0
8126 0
8126 0
8126 0
8126 0
8126 0
8126 0
8126 0
8126 0
8126 0
8126 0
8126 0
8126 0
8126 0
8126 0
8126 0
8126 0
8126 0
8126 0
8126 0
8127 0
8127 1
8127 0
8127 0
8127 0
8127 0
8127 0
8127 0
8127 0
8127 0
8127 0
8127 0
8127 0
8127 0
8127 0
8127 0
8127 0
8127 0
8127 0
8127 0
8127 0
8127 0
8127 0
8127 0
8127 0
8127 0
8127 0
8127 0
8127 0
8127 0
8127 0
8127 0
8127 0
8127 0
8127 0
8127 0
8127 0
8127 0
8166 0
8166 0
8166 0
8166 0
8166 0
8166 0
8166 0
8166 0
8166 0
8166 0
8166 0
8166 0
8166 0
8166 0
8166 0
8166 0
8166 0
8166 0
8166 0
8166 0
8166 0
8166 0
8166 0
8166 0
8166 0
8166 0
8166 0
8166 0
8166 0
8166 0
8166 0
8166 0
8166 0
8166 0
8166 0
8166 0
8166 0
8166 0
8175 0
8175 17
8175 0
8175 0
8175 0
8175 0
8175 0
8175 0
8175 0
8175 0
8175 0
8175 0
8175 0
8175 0
8175 0
8175 0
8175 0
8175 0
8175 0
8175 0
8175 0
8175 0
8175 0
8175 0
8175 0
8175 0
8175 0
8175 0
8175 0
8175 0
8175 0
8175 0
8175 0
8175 0
8175 0
8175 0
8175 0
8175 0
8182 0
8182 1
8182 0
8182 0
8182 0
8182 0
8182 0
8182 0
8182 0
8182 0
8182 0
8182 0
8182 0
8182 0
8182 0
8182 0
8182 0
8182 0
8182 0
8182 0
8182 0
8182 0
8182 0
8182 0
8182 0
8182 0
8182 0
8182 0
8182 0
8182 0
8182 0
8182 0
8182 0
8182 0
8182 0
8182 0
8182 0
8182 0
8183 0
8183 1
8183 0
8183 0
8183 0
8183 0
8183 0
8183 0
8183 0
8183 0
8183 0
8183 0
8183 0
8183 0
8183 0
8183 0
8183 0
8183 0
8183 0
8183 0
8183 0
8183 0
8183 0
8183 0
8183 0
8183 0
8183 0
8183 0
8183 0
8183 0
8183 0
8183 0
8183 0
8183 0
8183 0
8183 0
8183 0
8183 0
8184 0
8184 1
8184 0
8184 0
8184 0
8184 0
8184 0
8184 0
8184 0
8184 0
8184 0
8184 0
8184 0
8184 0
8184 0
8184 0
8184 0
8184 0
8184 0
8184 0
8184 0
8184 0
8184 0
8184 0
8184 0
8184 0
8184 0
8184 0
8184 0
8184 0
8184 0
8184 0
8184 0
8184 0
8184 0
8184 0
8184 0
8184 0
8232 0
8232 17
8232 0
8232 0
8232 0
8232 0
8232 0
8232 0
8232 0
8232 0
8232 0
8232 0
8232 0
8232 0
8232 0
8232 0
8232 0
8232 0
8232 0
8232 0
8232 0
8232 0
8232 0
8232 0
8232 0
8232 0
8232 0
8232 0
8232 0
8232 0
8232 0
8232 0
8232 0
8232 0
8232 0
8232 0
8232 0
8232 0
8239 0
8239 1
8239 0
8239 0
8239 0
8239 0
8239 0
8239 0
8239 0
8239 0
8239 0
8239 0
8239 0
8239 0
8239 0
8239 0
8239 0
8239 0
8239 0
8239 0
8239 0
8239 0
8239 0
8239 0
8239 0
8239 0
8239 0
8239 0
8239 0
8239 0
8239 0
8239 0
8239 0
8239 0
8239 0
8239 0
8239 0
8239 0
8240 0
8240 1
8240 0
8240 0
8240 0
8240 0
8240 0
8240 0
8240 0
8240 0
8240 0
8240 0
8240 0
8240 0
8240 0
8240 0
8240 0
8240 0
8240 0
8240 0
8240 0
8240 0
8240 0
8240 0
8240 0
8240 0
8240 0
8240 0
8240 0
8240 0
8240 0
8240 0
8240 0
8240 0
8240 0
8240 0
8240 0
8240 0
8241 0
8241 1
8241 0
8241 0
8241 0
8241 0
8241 0
8241 0
8241 0
8241 0
8241 0
8241 0
8241 0
8241 0
8241 0
8241 0
8241 0
8241 0
8241 0
8241 0
8241 0
8241 0
8241 0
8241 0
8241 0
8241 0
8241 0
8241 0
8241 0
8241 0
8241 0
8241 0
8241 0
8241 0
8241 0
8241 0
8241 0
8241 0
8293 0
8293 1
8293 0
8293 0
8293 0
8293 0
8293 0
8293 0
8293 0
8293 0
8293 0
8293 0
8293 0
8293 0
8293 0
8293 0
8293 0
8293 0
8293 0
8293 0
8293 0
8293 0
8293 0
8293 0
8293 0
8293 0
8293 0
8293 0
8293 0
8293 0
8293 0
8293 0
8293 0
8293 0
8293 0
8293 0
8293 0
8293 0
8294 0
8294 0
8294 0
8294 0
8294 0
8294 0
8294 0
8294 0
8294 0
8294 0
8294 0
8294 0
8294 0
8294 0
8294 0
8294 0
8294 0
8294 0
8294 0
8294 0
8294 0
8294 0
8294 0
8294 0
8294 0
8294 0
8294 0
8294 0
8294 0
8294 0
8294 0
8294 0
8294 0
8294 0
8294 0
8294 0
8294 0
8294 0
8334 0
8334 67
8334 0
8334 0
8334 0
8334 0
8334 0
8334 0
8334 0
8334 0
8334 0
8334 0
8334 0
8334 0
8334 0
8334 0
8334 0
8334 0
8334 0
8334 0
8334 0
8334 0
8334 0
8334 0
8334 0
8334 0
8334 0
8334 0
8334 0
8334 0
8334 0
8334 0
8334 0
8334 0
8334 0
8334 0
8334 0
8334 0
8341 0
8341 1
8341 0
8341 0
8341 0
8341 0
8341 0
8341 0
8341 0
8341 0
8341 0
8341 0
8341 0
8341 0
8341 0
8341 0
8341 0
8341 0
8341 0
8341 0
8341 0
8341 0
8341 0
8341 0
8341 0
8341 0
8341 0
8341 0
8341 0
8341 0
8341 0
8341 0
8341 0
8341 0
8341 0
8341 0
8341 0
8341 0
8343 0
8343 1
8343 0
8343 0
8343 0
8343 0
8343 0
8343 0
8343 0
8343 0
8343 0
8343 0
8343 0
8343 0
8343 0
8343 0
8343 0
8343 0
8343 0
8343 0
8343 0
8343 0
8343 0
8343 0
8343 0
8343 0
8343 0
8343 0
8343 0
8343 0
8343 0
8343 0
8343 0
8343 0
8343 0
8343 0
8343 0
8343 0
8391 0
8391 1
8391 0
8391 0
8391 0
8391 0
8391 0
8391 0
8391 0
8391 0
8391 0
8391 0
8391 0
8391 0
8391 0
8391 0
8391 0
8391 0
8391 0
8391 0
8391 0
8391 0
8391 0
8391 0
8391 0
8391 0
8391 0
8391 0
8391 0
8391 0
8391 0
8391 0
8391 0
8391 0
8391 0
8391 0
8391 0
8391 0
8985 0
8985 71
8985 0
8985 0
8985 0
8985 0
8985 0
8985 0
8985 0
8985 0
8985 0
8985 0
8985 0
8985 0
8985 0
8985 0
8985 0
8985 0
8985 0
8985 0
8985 0
8985 0
8985 0
8985 0
8985 0
8985 0
8985 0
8985 0
8985 0
8985 0
8985 0
8985 0
8985 0
8985 0
8985 0
8985 0
8985 0
8985 0
9016 0
9016 1
9016 0
9016 0
9016 0
9016 0
9016 0
9016 0
9016 0
9016 0
9016 0
9016 0
9016 0
9016 0
9016 0
9016 0
9016 0
9016 0
9016 0
9016 0
9016 0
9016 0
9016 0
9016 0
9016 0
9016 0
9016 0
9016 0
9016 0
9016 0
9016 0
9016 0
9016 0
9016 0
9016 0
9016 0
9016 0
9016 0
9046 0
9046 0
9046 0
9046 0
9046 0
9046 0
9046 0
9046 0
9046 0
9046 0
9046 0
9046 0
9046 0
9046 0
9046 0
9046 0
9046 0
9046 0
9046 0
9046 0
9046 0
9046 0
9046 0
9046 0
9046 0
9046 0
9046 0
9046 0
9046 0
9046 0
9046 0
9046 0
9046 0
9046 0
9046 0
9046 0
9046 0
9046 0
9074 0
9074 1
9074 0
9074 0
9074 0
9074 0
9074 0
9074 0
9074 0
9074 0
9074 0
9074 0
9074 0
9074 0
9074 0
9074 0
9074 0
9074 0
9074 0
9074 0
9074 0
9074 0
9074 0
9074 0
9074 0
9074 0
9074 0
9074 0
9074 0
9074 0
9074 0
9074 0
9074 0
9074 0
9074 0
9074 0
9074 0
9074 0
9100 0
9100 71
9100 0
9100 0
9100 0
9100 0
9100 0
9100 0
9100 0
9100 0
9100 0
9100 0
9100 0
9100 0
9100 0
9100 0
9100 0
9100 0
9100 0
9100 0
9100 0
9100 0
9100 0
9100 0
9100 0
9100 0
9100 0
9100 0
9100 0
9100 0
9100 0
9100 0
9100 0
9100 0
9100 0
9100 0
9100 0
9100 0
9101 0
9101 1
9101 0
9101 0
9101 0
9101 0
9101 0
9101 0
9101 0
9101 0
9101 0
9101 0
9101 0
9101 0
9101 0
9101 0
9101 0
9101 0
9101 0
9101 0
9101 0
9101 0
9101 0
9101 0
9101 0
9101 0
9101 0
9101 0
9101 0
9101 0
9101 0
9101 0
9101 0
9101 0
9101 0
9101 0
9101 0
9101 0
9102 0
9102 1
9102 0
9102 0
9102 0
9102 0
9102 0
9102 0
9102 0
9102 0
9102 0
9102 0
9102 0
9102 0
9102 0
9102 0
9102 0
9102 0
9102 0
9102 0
9102 0
9102 0
9102 0
9102 0
9102 0
9102 0
9102 0
9102 0
9102 0
9102 0
9102 0
9102 0
9102 0
9102 0
9102 0
9102 0
9102 0
9102 0
9126 0
9126 71
9126 0
9126 0
9126 0
9126 0
9126 0
9126 0
9126 0
9126 0
9126 0
9126 0
9126 0
9126 0
9126 0
9126 0
9126 0
9126 0
9126 0
9126 0
9126 0
9126 0
9126 0
9126 0
9126 0
9126 0
9126 0
9126 0
9126 0
9126 0
9126 0
9126 0
9126 0
9126 0
9126 0
9126 0
9126 0
9126 0
9153 0
9153 71
9153 0
9153 0
9153 0
9153 0
9153 0
9153 0
9153 0
9153 0
9153 0
9153 0
9153 0
9153 0
9153 0
9153 0
9153 0
9153 0
9153 0
9153 0
9153 0
9153 0
9153 0
9153 0
9153 0
9153 0
9153 0
9153 0
9153 0
9153 0
9153 0
9153 0
9153 0
9153 0
9153 0
9153 0
9153 0
9153 0
9178 0
9178 71
9178 0
9178 0
9178 0
9178 0
9178 0
9178 0
9178 0
9178 0
9178 0
9178 0
9178 0
9178 0
9178 0
9178 0
9178 0
9178 0
9178 0
9178 0
9178 0
9178 0
9178 0
9178 0
9178 0
9178 0
9178 0
9178 0
9178 0
9178 0
9178 0
9178 0
9178 0
9178 0
9178 0
9178 0
9178 0
9178 0
