pt_graph shape
6007 0
6007 0
6007 0
6007 0
6007 0
6007 0
6007 0
6007 0
6007 0
6007 0
6007 0
6007 0
6007 0
6007 0
6007 0
6007 0
6007 0
6007 0
6007 0
6007 0
6007 0
6007 0
6007 0
6007 0
6007 0
6007 0
6007 0
6007 0
6007 0
6007 0
6007 0
6007 0
6007 0
6007 0
6007 0
6007 0
6007 0
6007 0
6317 0
6317 0
6317 0
6317 0
6317 0
6317 0
6317 0
6317 0
6317 0
6317 0
6317 0
6317 0
6317 0
6317 0
6317 0
6317 0
6317 0
6317 0
6317 0
6317 0
6317 0
6317 0
6317 0
6317 0
6317 0
6317 0
6317 0
6317 0
6317 0
6317 0
6317 0
6317 0
6317 0
6317 0
6317 0
6317 0
6317 0
6317 0
