pt_graph scale
6239 0
6239 0
6239 0
6239 0
6239 0
6239 0
6239 0
6239 0
6239 451
6239 0
6239 0
6239 0
6239 0
6239 0
6239 0
6239 0
6239 0
6239 0
6239 0
6239 0
6239 0
6239 0
6239 0
6239 0
6239 0
6239 0
6239 1
6239 0
6239 0
6239 0
6239 0
6239 0
6239 0
6239 0
6239 0
6239 0
6239 0
6239 0
6313 0
6313 0
6313 0
6313 0
6313 0
6313 0
6313 0
6313 0
6313 31
6313 0
6313 0
6313 0
6313 0
6313 0
6313 0
6313 0
6313 0
6313 0
6313 0
6313 0
6313 0
6313 0
6313 0
6313 0
6313 0
6313 0
6313 0
6313 0
6313 0
6313 0
6313 0
6313 0
6313 0
6313 0
6313 0
6313 0
6313 0
6313 0
6539 0
6539 0
6539 0
6539 0
6539 0
6539 0
6539 0
6539 0
6539 451
6539 0
6539 0
6539 0
6539 0
6539 0
6539 0
6539 0
6539 0
6539 0
6539 0
6539 0
6539 0
6539 0
6539 0
6539 0
6539 0
6539 0
6539 1
6539 0
6539 0
6539 0
6539 0
6539 0
6539 0
6539 0
6539 0
6539 0
6539 0
6539 0
6540 0
6540 0
6540 0
6540 0
6540 0
6540 0
6540 0
6540 0
6540 1
6540 0
6540 0
6540 0
6540 0
6540 0
6540 0
6540 0
6540 0
6540 0
6540 0
6540 0
6540 0
6540 0
6540 0
6540 0
6540 0
6540 0
6540 1
6540 0
6540 0
6540 0
6540 0
6540 0
6540 0
6540 0
6540 0
6540 0
6540 0
6540 0
6541 0
6541 0
6541 0
6541 0
6541 0
6541 0
6541 0
6541 0
6541 1104
6541 0
6541 0
6541 0
6541 0
6541 0
6541 0
6541 0
6541 0
6541 0
6541 0
6541 0
6541 0
6541 0
6541 0
6541 0
6541 0
6541 0
6541 0
6541 0
6541 0
6541 0
6541 0
6541 0
6541 0
6541 0
6541 0
6541 0
6541 0
6541 0
6619 0
6619 0
6619 0
6619 0
6619 0
6619 0
6619 0
6619 0
6619 483
6619 0
6619 0
6619 0
6619 1
6619 0
6619 0
6619 0
6619 0
6619 0
6619 0
6619 0
6619 0
6619 0
6619 0
6619 0
6619 0
6619 0
6619 37
6619 0
6619 0
6619 0
6619 0
6619 0
6619 0
6619 0
6619 0
6619 0
6619 0
6619 0
6620 0
6620 0
6620 0
6620 0
6620 0
6620 0
6620 0
6620 0
6620 711
6620 0
6620 0
6620 0
6620 1
6620 0
6620 0
6620 0
6620 0
6620 0
6620 0
6620 0
6620 0
6620 0
6620 0
6620 0
6620 0
6620 0
6620 2
6620 0
6620 0
6620 0
6620 0
6620 0
6620 0
6620 0
6620 0
6620 0
6620 0
6620 0
6621 0
6621 0
6621 0
6621 0
6621 0
6621 0
6621 0
6621 0
6621 450
6621 0
6621 0
6621 0
6621 0
6621 0
6621 0
6621 0
6621 0
6621 0
6621 0
6621 0
6621 0
6621 0
6621 0
6621 0
6621 0
6621 0
6621 0
6621 0
6621 0
6621 0
6621 0
6621 0
6621 0
6621 0
6621 0
6621 0
6621 0
6621 0
6698 0
6698 0
6698 0
6698 0
6698 0
6698 0
6698 0
6698 0
6698 483
6698 0
6698 0
6698 0
6698 1
6698 0
6698 0
6698 0
6698 0
6698 0
6698 0
6698 0
6698 0
6698 0
6698 0
6698 0
6698 0
6698 0
6698 0
6698 37
6698 0
6698 0
6698 0
6698 0
6698 0
6698 0
6698 0
6698 0
6698 0
6698 0
6910 0
6910 0
6910 0
6910 0
6910 0
6910 0
6910 0
6910 0
6910 1060
6910 0
6910 0
6910 0
6910 1
6910 0
6910 0
6910 3
6910 0
6910 0
6910 5
6910 0
6910 0
6910 0
6910 0
6910 0
6910 0
6910 0
6910 0
6910 0
6910 0
6910 0
6910 0
6910 0
6910 0
6910 0
6910 0
6910 0
6910 0
6910 0
6911 0
6911 0
6911 0
6911 0
6911 0
6911 0
6911 0
6911 0
6911 133
6911 0
6911 0
6911 0
6911 0
6911 0
6911 0
6911 0
6911 0
6911 0
6911 0
6911 0
6911 0
6911 0
6911 0
6911 0
6911 0
6911 0
6911 0
6911 0
6911 0
6911 0
6911 0
6911 0
6911 0
6911 0
6911 0
6911 0
6911 0
6911 0
6912 0
6912 0
6912 0
6912 0
6912 0
6912 0
6912 0
6912 0
6912 1
6912 0
6912 0
6912 0
6912 0
6912 0
6912 0
6912 0
6912 0
6912 0
6912 0
6912 0
6912 0
6912 0
6912 0
6912 0
6912 0
6912 0
6912 0
6912 0
6912 0
6912 0
6912 0
6912 0
6912 0
6912 0
6912 0
6912 0
6912 0
6912 0
6913 0
6913 0
6913 0
6913 0
6913 0
6913 0
6913 0
6913 0
6913 86
6913 0
6913 0
6913 0
6913 0
6913 0
6913 0
6913 0
6913 0
6913 0
6913 0
6913 0
6913 0
6913 0
6913 0
6913 0
6913 0
6913 0
6913 0
6913 0
6913 0
6913 0
6913 0
6913 0
6913 0
6913 0
6913 0
6913 0
6913 0
6913 0
6976 0
6976 0
6976 0
6976 0
6976 0
6976 0
6976 0
6976 0
6976 698
6976 0
6976 0
6976 0
6976 3
6976 0
6976 0
6976 5
6976 0
6976 0
6976 4
6976 0
6976 0
6976 0
6976 0
6976 0
6976 0
6976 0
6976 0
6976 0
6976 0
6976 0
6976 0
6976 0
6976 0
6976 0
6976 0
6976 0
6976 0
6976 0
6981 0
6981 0
6981 0
6981 0
6981 0
6981 0
6981 0
6981 0
6981 837
6981 0
6981 0
6981 0
6981 0
6981 0
6981 0
6981 153
6981 0
6981 0
6981 28
6981 0
6981 0
6981 0
6981 0
6981 0
6981 0
6981 0
6981 0
6981 0
6981 0
6981 0
6981 0
6981 0
6981 0
6981 0
6981 0
6981 0
6981 0
6981 0
6982 0
6982 0
6982 0
6982 0
6982 0
6982 0
6982 0
6982 0
6982 510
6982 0
6982 0
6982 0
6982 0
6982 0
6982 0
6982 122
6982 0
6982 0
6982 2
6982 0
6982 0
6982 0
6982 0
6982 0
6982 0
6982 0
6982 0
6982 0
6982 0
6982 0
6982 0
6982 0
6982 0
6982 0
6982 0
6982 0
6982 0
6982 0
6983 0
6983 0
6983 0
6983 0
6983 0
6983 0
6983 0
6983 0
6983 359
6983 0
6983 0
6983 0
6983 0
6983 0
6983 0
6983 45
6983 0
6983 0
6983 68
6983 0
6983 0
6983 0
6983 0
6983 0
6983 0
6983 0
6983 0
6983 0
6983 0
6983 0
6983 0
6983 0
6983 0
6983 0
6983 0
6983 0
6983 0
6983 0
6984 0
6984 0
6984 0
6984 0
6984 0
6984 0
6984 0
6984 0
6984 547
6984 0
6984 0
6984 0
6984 0
6984 0
6984 0
6984 41
6984 0
6984 0
6984 38
6984 0
6984 0
6984 0
6984 0
6984 0
6984 0
6984 0
6984 0
6984 0
6984 0
6984 0
6984 0
6984 0
6984 0
6984 0
6984 0
6984 0
6984 0
6984 0
6985 0
6985 0
6985 0
6985 0
6985 0
6985 0
6985 0
6985 0
6985 156
6985 0
6985 0
6985 0
6985 0
6985 0
6985 0
6985 34
6985 0
6985 0
6985 0
6985 0
6985 0
6985 0
6985 0
6985 0
6985 0
6985 0
6985 0
6985 0
6985 0
6985 0
6985 0
6985 0
6985 0
6985 0
6985 0
6985 0
6985 0
6985 0
9592 0
9592 0
9592 0
9592 0
9592 0
9592 0
9592 0
9592 0
9592 2828
9592 0
9592 0
9592 0
9592 2
9592 0
9592 0
9592 5
9592 0
9592 0
9592 2
9592 0
9592 0
9592 0
9592 0
9592 0
9592 0
9592 0
9592 0
9592 0
9592 0
9592 0
9592 0
9592 0
9592 0
9592 0
9592 0
9592 0
9592 0
9592 0
9593 0
9593 0
9593 0
9593 0
9593 0
9593 0
9593 0
9593 0
9593 1520
9593 0
9593 0
9593 0
9593 1
9593 0
9593 0
9593 6
9593 0
9593 0
9593 6
9593 0
9593 0
9593 0
9593 0
9593 0
9593 0
9593 0
9593 0
9593 0
9593 0
9593 0
9593 0
9593 0
9593 0
9593 0
9593 0
9593 0
9593 0
9593 0
9613 0
9613 0
9613 0
9613 0
9613 0
9613 0
9613 0
9613 0
9613 3426
9613 0
9613 0
9613 0
9613 0
9613 0
9613 0
9613 9
9613 0
9613 0
9613 0
9613 0
9613 0
9613 0
9613 0
9613 0
9613 0
9613 0
9613 0
9613 0
9613 0
9613 0
9613 0
9613 0
9613 0
9613 0
9613 0
9613 0
9613 0
9613 0
9614 0
9614 0
9614 0
9614 0
9614 0
9614 0
9614 0
9614 0
9614 330
9614 0
9614 0
9614 0
9614 0
9614 0
9614 0
9614 11
9614 0
9614 0
9614 1
9614 0
9614 0
9614 0
9614 0
9614 0
9614 0
9614 0
9614 0
9614 0
9614 0
9614 0
9614 0
9614 0
9614 0
9614 0
9614 0
9614 0
9614 0
9614 0
