pt_graph scale
9494 0
9494 0
9494 0
9494 0
9494 0
9494 0
9494 0
9494 0
9494 0
9494 0
9494 0
9494 0
9494 0
9494 0
9494 0
9494 0
9494 0
9494 0
9494 0
9494 0
9494 0
9494 0
9494 0
9494 0
9494 0
9494 0
9494 1
9494 0
9494 0
9494 6
9494 0
9494 0
9494 0
9494 0
9494 0
9494 0
9494 0
9494 0
9495 0
9495 0
9495 0
9495 0
9495 0
9495 0
9495 0
9495 0
9495 0
9495 0
9495 0
9495 0
9495 0
9495 0
9495 0
9495 0
9495 0
9495 0
9495 0
9495 0
9495 0
9495 0
9495 1
9495 0
9495 0
9495 0
9495 1
9495 0
9495 0
9495 183
9495 0
9495 0
9495 0
9495 0
9495 0
9495 0
9495 0
9495 0
9512 0
9512 0
9512 0
9512 0
9512 0
9512 0
9512 0
9512 0
9512 0
9512 0
9512 0
9512 0
9512 0
9512 0
9512 0
9512 0
9512 0
9512 0
9512 0
9512 0
9512 0
9512 0
9512 2
9512 0
9512 0
9512 0
9512 2
9512 0
9512 0
9512 19
9512 0
9512 0
9512 0
9512 0
9512 0
9512 0
9512 0
9512 0
9513 0
9513 0
9513 0
9513 0
9513 0
9513 0
9513 0
9513 0
9513 0
9513 0
9513 0
9513 0
9513 0
9513 0
9513 0
9513 0
9513 0
9513 0
9513 0
9513 0
9513 0
9513 0
9513 0
9513 0
9513 0
9513 0
9513 0
9513 0
9513 0
9513 64
9513 0
9513 0
9513 0
9513 0
9513 0
9513 0
9513 0
9513 0
9570 0
9570 0
9570 0
9570 0
9570 0
9570 0
9570 0
9570 0
9570 0
9570 0
9570 0
9570 0
9570 0
9570 0
9570 0
9570 0
9570 0
9570 0
9570 0
9570 0
9570 0
9570 0
9570 0
9570 0
9570 0
9570 0
9570 512
9570 0
9570 0
9570 0
9570 0
9570 0
9570 0
9570 0
9570 0
9570 0
9570 0
9570 0
9571 0
9571 0
9571 0
9571 0
9571 0
9571 0
9571 0
9571 0
9571 6
9571 0
9571 0
9571 0
9571 1
9571 0
9571 0
9571 0
9571 0
9571 0
9571 1
9571 0
9571 0
9571 0
9571 1
9571 0
9571 0
9571 0
9571 387
9571 0
9571 0
9571 0
9571 0
9571 0
9571 0
9571 0
9571 0
9571 0
9571 0
9571 0
9572 0
9572 0
9572 0
9572 0
9572 0
9572 0
9572 0
9572 0
9572 0
9572 0
9572 0
9572 0
9572 0
9572 0
9572 0
9572 0
9572 0
9572 0
9572 0
9572 0
9572 0
9572 0
9572 0
9572 0
9572 0
9572 0
9572 39
9572 0
9572 0
9572 0
9572 0
9572 0
9572 0
9572 0
9572 0
9572 0
9572 0
9572 0
9591 0
9591 0
9591 0
9591 0
9591 0
9591 0
9591 0
9591 0
9591 0
9591 0
9591 0
9591 0
9591 0
9591 0
9591 0
9591 0
9591 0
9591 0
9591 0
9591 0
9591 0
9591 0
9591 0
9591 0
9591 0
9591 0
9591 299
9591 0
9591 0
9591 0
9591 0
9591 0
9591 0
9591 0
9591 0
9591 0
9591 0
9591 0
9592 0
9592 0
9592 0
9592 0
9592 0
9592 0
9592 0
9592 0
9592 5
9592 0
9592 0
9592 0
9592 1
9592 0
9592 0
9592 1
9592 0
9592 0
9592 6
9592 0
9592 0
9592 0
9592 0
9592 0
9592 0
9592 0
9592 150
9592 0
9592 0
9592 0
9592 0
9592 0
9592 0
9592 0
9592 0
9592 0
9592 0
9592 0
9593 0
9593 0
9593 0
9593 0
9593 0
9593 0
9593 0
9593 0
9593 12
9593 0
9593 0
9593 0
9593 4
9593 0
9593 0
9593 2
9593 0
9593 1
9593 2
9593 0
9593 0
9593 0
9593 3
9593 0
9593 0
9593 0
9593 1402
9593 0
9593 0
9593 0
9593 0
9593 0
9593 0
9593 0
9593 0
9593 0
9593 0
9593 0
9612 0
9612 0
9612 0
9612 0
9612 0
9612 0
9612 0
9612 0
9612 0
9612 0
9612 0
9612 0
9612 0
9612 0
9612 0
9612 0
9612 0
9612 0
9612 0
9612 0
9612 0
9612 0
9612 0
9612 0
9612 0
9612 0
9612 1620
9612 0
9612 0
9612 0
9612 0
9612 0
9612 0
9612 0
9612 0
9612 0
9612 0
9612 0
9613 0
9613 0
9613 0
9613 0
9613 0
9613 0
9613 0
9613 0
9613 0
9613 0
9613 0
9613 0
9613 0
9613 0
9613 0
9613 0
9613 0
9613 0
9613 4
9613 0
9613 0
9613 0
9613 129
9613 0
9613 0
9613 0
9613 180
9613 0
9613 0
9613 0
9613 0
9613 0
9613 0
9613 0
9613 0
9613 0
9613 0
9613 0
9614 0
9614 0
9614 0
9614 0
9614 0
9614 0
9614 0
9614 0
9614 0
9614 0
9614 0
9614 0
9614 0
9614 0
9614 0
9614 0
9614 0
9614 0
9614 2
9614 0
9614 0
9614 0
9614 0
9614 0
9614 0
9614 0
9614 15
9614 0
9614 0
9614 0
9614 0
9614 0
9614 0
9614 0
9614 0
9614 0
9614 0
9614 0
9828 0
9828 0
9828 0
9828 0
9828 0
9828 0
9828 0
9828 0
9828 0
9828 0
9828 0
9828 0
9828 0
9828 0
9828 0
9828 0
9828 0
9828 0
9828 0
9828 0
9828 0
9828 0
9828 0
9828 0
9828 0
9828 0
9828 11
9828 0
9828 0
9828 1
9828 0
9828 0
9828 0
9828 0
9828 0
9828 0
9828 0
9828 0
