pt_graph freq
1925 1
1926 1
2098 1
2104 1
2105 1
2188 1
2189 1
2193 1
2196 1
2272 1
2275 1
2361 1
2362 1
2369 1
2370 1
2448 1
2454 1
2533 1
2534 1
2535 1
2536 1
2537 1
2538 1
2539 1
2544 1
2619 1
2621 1
2623 1
2624 1
2625 1
2629 1
2703 1
2704 1
2705 1
2706 1
2707 1
2708 1
2712 1
2783 1
2790 1
2791 1
2792 1
2793 1
2794 1
2879 1
2880 1
2881 1
2882 1
2883 1
2981 1
2982 1
2983 1
2984 1
3075 1
3076 1
3078 1
3080 1
3171 1
3174 1
3262 1
3263 1
3264 1
3265 1
3266 1
3267 1
3269 1
3270 1
3356 1
3357 1
3358 1
3359 1
3361 1
3439 1
3443 1
3444 1
3446 1
3448 1
3524 1
3529 1
3530 1
3531 1
3532 1
3533 1
3607 1
3608 1
3609 1
3617 1
3618 1
3691 1
3692 1
3693 1
3694 1
3700 1
3782 1
3783 1
3787 1
3788 1
3789 1
3870 1
3871 1
3875 1
