pt_graph shape
4546 0
4546 0
4546 0
4546 0
4546 0
4546 0
4546 1.48
4546 0
4546 0
4546 0
4546 0
4546 0
4546 0
4546 0
4546 0
4546 0
4546 0
4546 0
4546 0
4546 0
4546 0
4546 0
4546 0
4546 0
4546 0
4546 0
4546 0
4546 0
4546 0
4546 0
4546 0
4546 0
4546 0
4546 0
4546 0
4546 0
4546 0
4546 0
4708 0
4708 0
4708 0
4708 0
4708 0
4708 0
4708 0
4708 0
4708 0
4708 0
4708 0
4708 0
4708 0
4708 0
4708 0
4708 0
4708 0
4708 0
4708 0
4708 0
4708 0
4708 0
4708 0
4708 0
4708 0
4708 0
4708 0
4708 31.09
4708 0
4708 0
4708 31.35
4708 0
4708 0
4708 0
4708 0
4708 0
4708 0
4708 0
4716 0
4716 0
4716 0
4716 0
4716 0
4716 0
4716 0.93
4716 0
4716 0
4716 0
4716 0
4716 0
4716 0
4716 0
4716 0
4716 0
4716 0
4716 0
4716 0
4716 0
4716 0
4716 0
4716 0
4716 0
4716 0
4716 0
4716 0
4716 0
4716 0
4716 0
4716 0
4716 0
4716 0
4716 0
4716 0
4716 0
4716 0
4716 0
4795 0
4795 36.4
4795 0
4795 0
4795 0
4795 0
4795 0
4795 0
4795 0
4795 36.99
4795 0
4795 0
4795 0
4795 0
4795 0
4795 0
4795 0
4795 0
4795 0
4795 0
4795 0
4795 0
4795 0
4795 0
4795 0
4795 0
4795 0
4795 5.86
4795 0
4795 0
4795 14.15
4795 0
4795 0
4795 0
4795 0
4795 0
4795 0
4795 0
4881 0
4881 36.4
4881 0
4881 0
4881 0
4881 0
4881 0
4881 0
4881 0
4881 36.99
4881 0
4881 0
4881 0
4881 0
4881 0
4881 0
4881 0
4881 0
4881 0
4881 0
4881 0
4881 0
4881 0
4881 0
4881 0
4881 0
4881 0
4881 5.86
4881 0
4881 0
4881 6.84
4881 0
4881 0
4881 0
4881 0
4881 0
4881 0
4881 0
4882 0
4882 0
4882 0
4882 0
4882 0
4882 0
4882 0
4882 0
4882 0
4882 41.78
4882 0
4882 0
4882 0
4882 0
4882 0
4882 0
4882 0
4882 0
4882 0
4882 0
4882 0
4882 0
4882 0
4882 0
4882 30.07
4882 0
4882 0
4882 0
4882 0
4882 0
4882 1.78
4882 0
4882 0
4882 0
4882 0
4882 0
4882 0
4882 0
4966 0
4966 36.4
4966 0
4966 0
4966 0
4966 0
4966 0
4966 0
4966 0
4966 36.99
4966 0
4966 0
4966 0
4966 0
4966 0
4966 0
4966 0
4966 0
4966 0
4966 0
4966 0
4966 0
4966 0
4966 0
4966 0
4966 0
4966 0
4966 29.5
4966 0
4966 0
4966 25.85
4966 0
4966 0
4966 0
4966 0
4966 0
4966 0
4966 0
4967 0
4967 0
4967 0
4967 0
4967 0
4967 0
4967 0
4967 0
4967 0
4967 41.78
4967 0
4967 0
4967 0
4967 0
4967 0
4967 0
4967 0
4967 0
4967 0
4967 0
4967 0
4967 0
4967 0
4967 0
4967 30.07
4967 0
4967 0
4967 0
4967 0
4967 0
4967 1.78
4967 0
4967 0
4967 0
4967 0
4967 0
4967 0
4967 0
5047 0
5047 0
5047 0
5047 0
5047 0
5047 0
5047 0
5047 0
5047 0
5047 0
5047 0
5047 0
5047 0
5047 0
5047 0
5047 0
5047 0
5047 0
5047 0
5047 0
5047 0
5047 0
5047 0
5047 0
5047 0
5047 0
5047 0
5047 0
5047 0
5047 0
5047 31.33
5047 0
5047 0
5047 0
5047 0
5047 0
5047 0
5047 0
5050 0
5050 0
5050 0
5050 0
5050 0
5050 0
5050 0
5050 0
5050 0
5050 41.78
5050 0
5050 0
5050 0
5050 0
5050 0
5050 0
5050 0
5050 0
5050 0
5050 0
5050 0
5050 0
5050 0
5050 0
5050 30.07
5050 0
5050 0
5050 0
5050 0
5050 0
5050 23.72
5050 0
5050 0
5050 0
5050 0
5050 0
5050 0
5050 0
5647 0
5647 31.91
5647 0
5647 0
5647 0
5647 0
5647 0
5647 0
5647 0
5647 0
5647 0
5647 0
5647 0
5647 0
5647 0
5647 0
5647 0
5647 0
5647 0
5647 0
5647 0
5647 0
5647 0
5647 0
5647 0
5647 0
5647 0
5647 0
5647 0
5647 0
5647 52.78
5647 0
5647 0
5647 0
5647 0
5647 0
5647 0
5647 0
5727 0
5727 31.91
5727 0
5727 0
5727 0
5727 0
5727 0
5727 0
5727 0
5727 0
5727 0
5727 0
5727 0
5727 0
5727 0
5727 0
5727 0
5727 0
5727 0
5727 0
5727 0
5727 0
5727 0
5727 0
5727 0
5727 0
5727 0
5727 0
5727 0
5727 0
5727 52.78
5727 0
5727 0
5727 0
5727 0
5727 0
5727 0
5727 0
5802 0
5802 31.91
5802 0
5802 0
5802 0
5802 0
5802 0
5802 0
5802 0
5802 0
5802 0
5802 0
5802 0
5802 0
5802 0
5802 0
5802 0
5802 0
5802 0
5802 0
5802 0
5802 0
5802 0
5802 0
5802 0
5802 0
5802 0
5802 0
5802 0
5802 0
5802 52.78
5802 0
5802 0
5802 0
5802 0
5802 0
5802 0
5802 0
5877 0
5877 31.91
5877 0
5877 0
5877 0
5877 0
5877 0
5877 0
5877 0
5877 0
5877 0
5877 0
5877 0
5877 0
5877 0
5877 0
5877 0
5877 0
5877 0
5877 0
5877 0
5877 0
5877 0
5877 0
5877 0
5877 0
5877 0
5877 0
5877 0
5877 0
5877 52.78
5877 0
5877 0
5877 0
5877 0
5877 0
5877 0
5877 0
5950 0
5950 37.53
5950 0
5950 0
5950 0
5950 0
5950 0
5950 0
5950 0
5950 32.74
5950 0
5950 0
5950 0
5950 0
5950 0
5950 0
5950 0
5950 0
5950 0
5950 0
5950 0
5950 0
5950 0
5950 0
5950 0
5950 0
5950 0
5950 0
5950 0
5950 0
5950 32.74
5950 0
5950 0
5950 0
5950 0
5950 0
5950 0
5950 0
5951 0
5951 31.91
5951 0
5951 0
5951 0
5951 0
5951 0
5951 0
5951 0
5951 0
5951 0
5951 0
5951 0
5951 0
5951 0
5951 0
5951 0
5951 0
5951 0
5951 0
5951 0
5951 0
5951 0
5951 0
5951 0
5951 0
5951 0
5951 0
5951 0
5951 0
5951 52.78
5951 0
5951 0
5951 0
5951 0
5951 0
5951 0
5951 0
6032 0
6032 10.45
6032 0
6032 0
6032 0
6032 0
6032 0
6032 0
6032 0
6032 32.74
6032 0
6032 0
6032 0
6032 0
6032 0
6032 0
6032 0
6032 0
6032 0
6032 0
6032 0
6032 0
6032 0
6032 0
6032 0
6032 0
6032 0
6032 0
6032 0
6032 0
6032 46.04
6032 0
6032 0
6032 0
6032 0
6032 0
6032 0
6032 0
6109 0
6109 27.56
6109 0
6109 0
6109 0
6109 0
6109 0
6109 0
6109 0
6109 39.21
6109 0
6109 0
6109 0
6109 0
6109 0
6109 0
6109 0
6109 0
6109 0
6109 0
6109 0
6109 0
6109 0
6109 0
6109 0
6109 0
6109 0
6109 41.09
6109 0
6109 0
6109 37.41
6109 0
6109 0
6109 0
6109 0
6109 0
6109 0
6109 0
6110 0
6110 4.59
6110 0
6110 0
6110 0
6110 0
6110 0
6110 0
6110 0
6110 47.73
6110 0
6110 0
6110 0
6110 0
6110 0
6110 0
6110 0
6110 0
6110 0
6110 0
6110 0
6110 0
6110 0
6110 0
6110 0
6110 0
6110 0
6110 10.22
6110 0
6110 0
6110 5.49
6110 0
6110 0
6110 0
6110 0
6110 0
6110 0
6110 0
6111 0
6111 4.59
6111 0
6111 0
6111 0
6111 0
6111 0
6111 0
6111 0
6111 47.73
6111 0
6111 0
6111 0
6111 0
6111 0
6111 0
6111 0
6111 0
6111 0
6111 0
6111 0
6111 0
6111 0
6111 0
6111 0
6111 0
6111 0
6111 10.22
6111 0
6111 0
6111 5.49
6111 0
6111 0
6111 0
6111 0
6111 0
6111 0
6111 0
6113 0
6113 37.53
6113 0
6113 0
6113 0
6113 0
6113 0
6113 0
6113 0
6113 32.74
6113 0
6113 0
6113 0
6113 0
6113 0
6113 0
6113 0
6113 0
6113 0
6113 0
6113 0
6113 0
6113 0
6113 0
6113 0
6113 0
6113 0
6113 0
6113 0
6113 0
6113 32.74
6113 0
6113 0
6113 0
6113 0
6113 0
6113 0
6113 0
6188 0
6188 2.57
6188 0
6188 0
6188 0
6188 0
6188 0
6188 0
6188 0
6188 42.44
6188 0
6188 0
6188 0
6188 0
6188 0
6188 0
6188 0
6188 0
6188 0
6188 0
6188 0
6188 0
6188 0
6188 0
6188 0
6188 0
6188 0
6188 41.09
6188 0
6188 0
6188 3.95
6188 0
6188 0
6188 0
6188 0
6188 0
6188 0
6188 0
6189 0
6189 39.6
6189 0
6189 0
6189 0
6189 0
6189 0
6189 0
6189 0
6189 28.15
6189 0
6189 0
6189 0
6189 0
6189 0
6189 0
6189 0
6189 0
6189 0
6189 0
6189 0
6189 0
6189 0
6189 0
6189 0
6189 0
6189 0
6189 0
6189 0
6189 0
6189 31.4
6189 0
6189 0
6189 0
6189 0
6189 0
6189 0
6189 0
6190 0
6190 20.62
6190 0
6190 0
6190 0
6190 0
6190 0
6190 0
6190 0
6190 48.91
6190 0
6190 0
6190 0
6190 0
6190 0
6190 0
6190 0
6190 0
6190 0
6190 0
6190 0
6190 0
6190 0
6190 0
6190 0
6190 0
6190 0
6190 32.72
6190 0
6190 0
6190 15.54
6190 0
6190 0
6190 0
6190 0
6190 0
6190 0
6190 0
6261 0
6261 38.77
6261 0
6261 0
6261 0
6261 0
6261 0
6261 0
6261 0
6261 33.12
6261 0
6261 0
6261 0
6261 0
6261 0
6261 0
6261 0
6261 0
6261 0
6261 0
6261 0
6261 0
6261 0
6261 0
6261 0
6261 0
6261 0
6261 32.72
6261 0
6261 0
6261 47.61
6261 0
6261 0
6261 0
6261 0
6261 0
6261 0
6261 0
6262 0
6262 38.06
6262 0
6262 0
6262 0
6262 0
6262 0
6262 0
6262 0
6262 29.65
6262 0
6262 0
6262 0
6262 0
6262 0
6262 0
6262 0
6262 0
6262 0
6262 0
6262 0
6262 0
6262 0
6262 0
6262 0
6262 0
6262 0
6262 53.38
6262 0
6262 0
6262 15.73
6262 0
6262 0
6262 0
6262 0
6262 0
6262 0
6262 0
6263 0
6263 3.04
6263 0
6263 0
6263 0
6263 0
6263 0
6263 0
6263 0
6263 59.86
6263 0
6263 0
6263 0
6263 0
6263 0
6263 0
6263 0
6263 0
6263 0
6263 0
6263 0
6263 0
6263 0
6263 0
6263 0
6263 0
6263 0
6263 10.68
6263 0
6263 0
6263 8.58
6263 0
6263 0
6263 0
6263 0
6263 0
6263 0
6263 0
6264 0
6264 37.53
6264 0
6264 0
6264 0
6264 0
6264 0
6264 0
6264 0
6264 32.74
6264 0
6264 0
6264 0
6264 0
6264 0
6264 0
6264 0
6264 0
6264 0
6264 0
6264 0
6264 0
6264 0
6264 0
6264 0
6264 0
6264 0
6264 0
6264 0
6264 0
6264 32.74
6264 0
6264 0
6264 0
6264 0
6264 0
6264 0
6264 0
6339 0
6339 48.21
6339 0
6339 0
6339 0
6339 0
6339 0
6339 0
6339 0
6339 37.78
6339 0
6339 0
6339 0
6339 0
6339 0
6339 0
6339 0
6339 0
6339 0
6339 0
6339 0
6339 0
6339 0
6339 0
6339 0
6339 0
6339 0
6339 0
6339 0
6339 0
6339 32.59
6339 0
6339 0
6339 0
6339 0
6339 0
6339 0
6339 0
6340 0
6340 27.56
6340 0
6340 0
6340 0
6340 0
6340 0
6340 0
6340 0
6340 39.21
6340 0
6340 0
6340 0
6340 0
6340 0
6340 0
6340 0
6340 0
6340 0
6340 0
6340 0
6340 0
6340 0
6340 0
6340 0
6340 0
6340 0
6340 41.09
6340 0
6340 0
6340 37.41
6340 0
6340 0
6340 0
6340 0
6340 0
6340 0
6340 0
7028 0
7028 2.03
7028 0
7028 0
7028 0
7028 0
7028 0
7028 0
7028 0
7028 36.84
7028 0
7028 0
7028 0
7028 0
7028 0
7028 0
7028 0
7028 0
7028 0
7028 0
7028 0
7028 0
7028 0
7028 0
7028 0
7028 0
7028 0
7028 0
7028 0
7028 0
7028 31.69
7028 0
7028 0
7028 0
7028 0
7028 0
7028 0
7028 0
7099 0
7099 2.03
7099 0
7099 0
7099 0
7099 0
7099 0
7099 0
7099 0
7099 36.84
7099 0
7099 0
7099 0
7099 0
7099 0
7099 0
7099 0
7099 0
7099 0
7099 0
7099 0
7099 0
7099 0
7099 0
7099 0
7099 0
7099 0
7099 0
7099 0
7099 0
7099 31.69
7099 0
7099 0
7099 0
7099 0
7099 0
7099 0
7099 0
7168 0
7168 3.42
7168 0
7168 0
7168 0
7168 0
7168 0
7168 0
7168 0
7168 27.83
7168 0
7168 0
7168 0
7168 0
7168 0
7168 0
7168 0
7168 0
7168 0
7168 0
7168 0
7168 0
7168 0
7168 0
7168 0
7168 0
7168 0
7168 0
7168 0
7168 0
7168 28.72
7168 0
7168 0
7168 0
7168 0
7168 0
7168 0
7168 0
7169 0
7169 2.19
7169 0
7169 0
7169 0
7169 0
7169 0
7169 0
7169 0
7169 42.54
7169 0
7169 0
7169 0
7169 0
7169 0
7169 0
7169 0
7169 0
7169 0
7169 0
7169 0
7169 0
7169 0
7169 0
7169 0
7169 0
7169 0
7169 0
7169 0
7169 0
7169 2.24
7169 0
7169 0
7169 0
7169 0
7169 0
7169 0
7169 0
7234 0
7234 62.32
7234 0
7234 0
7234 0
7234 0
7234 0
7234 0
7234 0
7234 0
7234 0
7234 0
7234 0
7234 0
7234 0
7234 0
7234 0
7234 0
7234 0
7234 0
7234 0
7234 0
7234 0
7234 0
7234 0
7234 0
7234 0
7234 0
7234 0
7234 0
7234 0
7234 0
7234 0
7234 0
7234 0
7234 0
7234 0
7234 0
7235 0
7235 1.95
7235 0
7235 0
7235 0
7235 0
7235 0
7235 0
7235 0
7235 42.54
7235 0
7235 0
7235 0
7235 0
7235 0
7235 0
7235 0
7235 0
7235 0
7235 0
7235 0
7235 0
7235 0
7235 0
7235 0
7235 0
7235 0
7235 0
7235 0
7235 0
7235 2.24
7235 0
7235 0
7235 0
7235 0
7235 0
7235 0
7235 0
7237 0
7237 16.06
7237 0
7237 0
7237 0
7237 0
7237 0
7237 0
7237 0
7237 0
7237 0
7237 0
7237 0
7237 0
7237 0
7237 0
7237 0
7237 0
7237 0
7237 0
7237 0
7237 0
7237 0
7237 0
7237 0
7237 0
7237 0
7237 0
7237 0
7237 0
7237 0
7237 0
7237 0
7237 0
7237 0
7237 0
7237 0
7237 0
7300 0
7300 0.85
7300 0
7300 0
7300 0
7300 0
7300 0
7300 0
7300 0
7300 31.56
7300 0
7300 0
7300 0
7300 0
7300 0
7300 0
7300 0
7300 0
7300 0
7300 0
7300 0
7300 0
7300 0
7300 0
7300 0
7300 0
7300 0
7300 0
7300 0
7300 0
7300 36.49
7300 0
7300 0
7300 0
7300 0
7300 0
7300 0
7300 0
7301 0
7301 3.52
7301 0
7301 0
7301 0
7301 0
7301 0
7301 0
7301 0
7301 36.84
7301 0
7301 0
7301 0
7301 0
7301 0
7301 0
7301 0
7301 0
7301 0
7301 0
7301 0
7301 0
7301 0
7301 0
7301 0
7301 0
7301 0
7301 0
7301 0
7301 0
7301 31.69
7301 0
7301 0
7301 0
7301 0
7301 0
7301 0
7301 0
7302 0
7302 51.54
7302 0
7302 0
7302 0
7302 0
7302 0
7302 0
7302 0
7302 36.84
7302 0
7302 0
7302 0
7302 0
7302 0
7302 0
7302 0
7302 0
7302 0
7302 0
7302 0
7302 0
7302 0
7302 0
7302 0
7302 0
7302 0
7302 0
7302 0
7302 0
7302 31.69
7302 0
7302 0
7302 0
7302 0
7302 0
7302 0
7302 0
7369 0
7369 1.03
7369 0
7369 0
7369 0
7369 0
7369 0
7369 0
7369 0
7369 31.56
7369 0
7369 0
7369 0
7369 0
7369 0
7369 0
7369 0
7369 0
7369 0
7369 0
7369 0
7369 0
7369 0
7369 0
7369 0
7369 0
7369 0
7369 0
7369 0
7369 0
7369 36.49
7369 0
7369 0
7369 0
7369 0
7369 0
7369 0
7369 0
7371 0
7371 0.96
7371 0
7371 0
7371 0
7371 0
7371 0
7371 0
7371 0
7371 42.54
7371 0
7371 0
7371 0
7371 0
7371 0
7371 0
7371 0
7371 0
7371 0
7371 0
7371 0
7371 0
7371 0
7371 0
7371 0
7371 0
7371 0
7371 0
7371 0
7371 0
7371 2.24
7371 0
7371 0
7371 0
7371 0
7371 0
7371 0
7371 0
7427 0
7427 43.3
7427 0
7427 0
7427 0
7427 0
7427 0
7427 0
7427 0
7427 31.77
7427 0
7427 0
7427 0
7427 0
7427 0
7427 0
7427 0
7427 0
7427 0
7427 0
7427 0
7427 0
7427 0
7427 0
7427 0
7427 0
7427 0
7427 0
7427 0
7427 0
7427 28.48
7427 0
7427 0
7427 0
7427 0
7427 0
7427 0
7427 0
7428 0
7428 26.73
7428 0
7428 0
7428 0
7428 0
7428 0
7428 0
7428 0
7428 37.24
7428 0
7428 0
7428 0
7428 0
7428 0
7428 0
7428 0
7428 0
7428 0
7428 0
7428 0
7428 0
7428 0
7428 0
7428 0
7428 0
7428 0
7428 0
7428 0
7428 0
7428 0
7428 0
7428 0
7428 0
7428 0
7428 0
7428 0
7428 0
7494 0
7494 43.3
7494 0
7494 0
7494 0
7494 0
7494 0
7494 0
7494 0
7494 31.77
7494 0
7494 0
7494 0
7494 0
7494 0
7494 0
7494 0
7494 0
7494 0
7494 0
7494 0
7494 0
7494 0
7494 0
7494 0
7494 0
7494 0
7494 0
7494 0
7494 0
7494 28.48
7494 0
7494 0
7494 0
7494 0
7494 0
7494 0
7494 0
7495 0
7495 26.73
7495 0
7495 0
7495 0
7495 0
7495 0
7495 0
7495 0
7495 37.24
7495 0
7495 0
7495 0
7495 0
7495 0
7495 0
7495 0
7495 0
7495 0
7495 0
7495 0
7495 0
7495 0
7495 0
7495 0
7495 0
7495 0
7495 0
7495 0
7495 0
7495 0
7495 0
7495 0
7495 0
7495 0
7495 0
7495 0
7495 0
7567 0
7567 12.92
7567 0
7567 0
7567 0
7567 0
7567 0
7567 0
7567 0
7567 58.49
7567 0
7567 0
7567 0
7567 0
7567 0
7567 0
7567 0
7567 0
7567 0
7567 0
7567 0
7567 0
7567 0
7567 0
7567 0
7567 0
7567 0
7567 0
7567 0
7567 0
7567 0
7567 0
7567 0
7567 0
7567 0
7567 0
7567 0
7567 0
7641 0
7641 12.92
7641 0
7641 0
7641 0
7641 0
7641 0
7641 0
7641 0
7641 58.49
7641 0
7641 0
7641 0
7641 0
7641 0
7641 0
7641 0
7641 0
7641 0
7641 0
7641 0
7641 0
7641 0
7641 0
7641 0
7641 0
7641 0
7641 0
7641 0
7641 0
7641 0
7641 0
7641 0
7641 0
7641 0
7641 0
7641 0
7641 0
7642 0
7642 12.92
7642 0
7642 0
7642 0
7642 0
7642 0
7642 0
7642 0
7642 58.49
7642 0
7642 0
7642 0
7642 0
7642 0
7642 0
7642 0
7642 0
7642 0
7642 0
7642 0
7642 0
7642 0
7642 0
7642 0
7642 0
7642 0
7642 0
7642 0
7642 0
7642 0
7642 0
7642 0
7642 0
7642 0
7642 0
7642 0
7642 0
7715 0
7715 26.73
7715 0
7715 0
7715 0
7715 0
7715 0
7715 0
7715 0
7715 37.24
7715 0
7715 0
7715 0
7715 0
7715 0
7715 0
7715 0
7715 0
7715 0
7715 0
7715 0
7715 0
7715 0
7715 0
7715 0
7715 0
7715 0
7715 0
7715 0
7715 0
7715 0
7715 0
7715 0
7715 0
7715 0
7715 0
7715 0
7715 0
7917 0
7917 1.21
7917 0
7917 0
7917 0
7917 0
7917 0
7917 0
7917 30.59
7917 0
7917 0
7917 0
7917 0
7917 0
7917 0
7917 0
7917 0
7917 0
7917 0
7917 0
7917 0
7917 0
7917 0
7917 0
7917 0
7917 0
7917 0
7917 32.62
7917 0
7917 0
7917 0
7917 0
7917 0
7917 0
7917 0
7917 0
7917 0
7917 0
7918 0
7918 2.53
7918 0
7918 0
7918 0
7918 0
7918 0
7918 0
7918 30.59
7918 0
7918 0
7918 0
7918 0
7918 0
7918 0
7918 0
7918 0
7918 0
7918 0
7918 0
7918 0
7918 0
7918 0
7918 0
7918 0
7918 0
7918 0
7918 32.62
7918 0
7918 0
7918 0
7918 0
7918 0
7918 0
7918 0
7918 0
7918 0
7918 0
7919 0
7919 1.3
7919 0
7919 0
7919 0
7919 0
7919 0
7919 0
7919 0
7919 0
7919 0
7919 0
7919 0
7919 0
7919 0
7919 0
7919 0
7919 0
7919 0
7919 0
7919 0
7919 0
7919 0
7919 0
7919 0
7919 0
7919 0
7919 0
7919 0
7919 0
7919 0
7919 0
7919 0
7919 0
7919 0
7919 0
7919 0
7919 0
7921 0
7921 43.3
7921 0
7921 0
7921 0
7921 0
7921 0
7921 0
7921 0
7921 0
7921 0
7921 0
7921 0
7921 0
7921 0
7921 0
7921 0
7921 0
7921 0
7921 0
7921 0
7921 0
7921 0
7921 0
7921 0
7921 0
7921 0
7921 0
7921 0
7921 0
7921 0
7921 0
7921 0
7921 0
7921 0
7921 0
7921 0
7921 0
7988 0
7988 43.3
7988 0
7988 0
7988 0
7988 0
7988 0
7988 0
7988 0
7988 0
7988 0
7988 0
7988 0
7988 0
7988 0
7988 0
7988 0
7988 0
7988 0
7988 0
7988 0
7988 0
7988 0
7988 0
7988 0
7988 0
7988 0
7988 0
7988 0
7988 0
7988 0
7988 0
7988 0
7988 0
7988 0
7988 0
7988 0
7988 0
7989 0
7989 25.24
7989 0
7989 0
7989 0
7989 0
7989 0
7989 0
7989 43.13
7989 0
7989 0
7989 0
7989 0
7989 0
7989 0
7989 0
7989 0
7989 0
7989 0
7989 0
7989 0
7989 0
7989 0
7989 0
7989 0
7989 0
7989 0
7989 62.66
7989 0
7989 0
7989 0
7989 0
7989 0
7989 0
7989 0
7989 0
7989 0
7989 0
7990 0
7990 3.01
7990 0
7990 0
7990 0
7990 0
7990 0
7990 0
7990 6.78
7990 0
7990 0
7990 0
7990 0
7990 0
7990 0
7990 0
7990 0
7990 0
7990 0
7990 0
7990 0
7990 0
7990 0
7990 0
7990 0
7990 0
7990 0
7990 42.33
7990 0
7990 0
7990 0
7990 0
7990 0
7990 0
7990 0
7990 0
7990 0
7990 0
7991 0
7991 3.34
7991 0
7991 0
7991 0
7991 0
7991 0
7991 0
7991 6.78
7991 0
7991 0
7991 0
7991 0
7991 0
7991 0
7991 0
7991 0
7991 0
7991 0
7991 0
7991 0
7991 0
7991 0
7991 0
7991 0
7991 0
7991 0
7991 42.33
7991 0
7991 0
7991 0
7991 0
7991 0
7991 0
7991 0
7991 0
7991 0
7991 0
7992 0
7992 24.97
7992 0
7992 0
7992 0
7992 0
7992 0
7992 0
7992 30.59
7992 0
7992 0
7992 0
7992 0
7992 0
7992 0
7992 0
7992 0
7992 0
7992 0
7992 0
7992 0
7992 0
7992 0
7992 0
7992 0
7992 0
7992 0
7992 32.62
7992 0
7992 0
7992 0
7992 0
7992 0
7992 0
7992 0
7992 0
7992 0
7992 0
8051 0
8051 43.3
8051 0
8051 0
8051 0
8051 0
8051 0
8051 0
8051 0
8051 0
8051 0
8051 0
8051 0
8051 0
8051 0
8051 0
8051 0
8051 0
8051 0
8051 0
8051 0
8051 0
8051 0
8051 0
8051 0
8051 0
8051 0
8051 0
8051 0
8051 0
8051 0
8051 0
8051 0
8051 0
8051 0
8051 0
8051 0
8051 0
8052 0
8052 43.3
8052 0
8052 0
8052 0
8052 0
8052 0
8052 0
8052 0
8052 0
8052 0
8052 0
8052 0
8052 0
8052 0
8052 0
8052 0
8052 0
8052 0
8052 0
8052 0
8052 0
8052 0
8052 0
8052 0
8052 0
8052 0
8052 0
8052 0
8052 0
8052 0
8052 0
8052 0
8052 0
8052 0
8052 0
8052 0
8052 0
8053 0
8053 48.9
8053 0
8053 0
8053 0
8053 0
8053 0
8053 0
8053 0
8053 0
8053 0
8053 0
8053 0
8053 0
8053 0
8053 0
8053 0
8053 0
8053 0
8053 0
8053 0
8053 0
8053 0
8053 0
8053 0
8053 0
8053 0
8053 0
8053 0
8053 0
8053 0
8053 0
8053 0
8053 0
8053 0
8053 0
8053 0
8053 0
8054 0
8054 24.44
8054 0
8054 0
8054 0
8054 0
8054 0
8054 0
8054 36.02
8054 0
8054 0
8054 0
8054 0
8054 0
8054 0
8054 0
8054 0
8054 0
8054 0
8054 0
8054 0
8054 0
8054 0
8054 0
8054 0
8054 0
8054 0
8054 33.21
8054 0
8054 0
8054 0
8054 0
8054 0
8054 0
8054 0
8054 0
8054 0
8054 0
8055 0
8055 24.97
8055 0
8055 0
8055 0
8055 0
8055 0
8055 0
8055 30.59
8055 0
8055 0
8055 0
8055 0
8055 0
8055 0
8055 0
8055 0
8055 0
8055 0
8055 0
8055 0
8055 0
8055 0
8055 0
8055 0
8055 0
8055 0
8055 32.62
8055 0
8055 0
8055 0
8055 0
8055 0
8055 0
8055 0
8055 0
8055 0
8055 0
8056 0
8056 24.44
8056 0
8056 0
8056 0
8056 0
8056 0
8056 0
8056 36.02
8056 0
8056 0
8056 0
8056 0
8056 0
8056 0
8056 0
8056 0
8056 0
8056 0
8056 0
8056 0
8056 0
8056 0
8056 0
8056 0
8056 0
8056 0
8056 33.21
8056 0
8056 0
8056 0
8056 0
8056 0
8056 0
8056 0
8056 0
8056 0
8056 0
8057 0
8057 24.44
8057 0
8057 0
8057 0
8057 0
8057 0
8057 0
8057 36.02
8057 0
8057 0
8057 0
8057 0
8057 0
8057 0
8057 0
8057 0
8057 0
8057 0
8057 0
8057 0
8057 0
8057 0
8057 0
8057 0
8057 0
8057 0
8057 33.21
8057 0
8057 0
8057 0
8057 0
8057 0
8057 0
8057 0
8057 0
8057 0
8057 0
8166 0
8166 1.09
8166 0
8166 0
8166 0
8166 0
8166 0
8166 0
8166 0
8166 0
8166 0
8166 0
8166 0
8166 0
8166 0
8166 0
8166 0
8166 0
8166 0
8166 0
8166 0
8166 0
8166 0
8166 0
8166 35.7
8166 0
8166 0
8166 32.94
8166 0
8166 0
8166 35.28
8166 0
8166 0
8166 0
8166 0
8166 0
8166 0
8166 0
8167 0
8167 9.23
8167 0
8167 0
8167 0
8167 0
8167 0
8167 0
8167 0
8167 0
8167 0
8167 0
8167 0
8167 0
8167 0
8167 0
8167 0
8167 0
8167 0
8167 0
8167 0
8167 0
8167 0
8167 0
8167 0
8167 0
8167 0
8167 0
8167 0
8167 0
8167 0
8167 0
8167 0
8167 0
8167 0
8167 0
8167 0
8167 0
8168 0
8168 9.23
8168 0
8168 0
8168 0
8168 0
8168 0
8168 0
8168 0
8168 0
8168 0
8168 0
8168 0
8168 0
8168 0
8168 0
8168 0
8168 0
8168 0
8168 0
8168 0
8168 0
8168 0
8168 0
8168 0
8168 0
8168 0
8168 0
8168 0
8168 0
8168 0
8168 0
8168 0
8168 0
8168 0
8168 0
8168 0
8168 0
8169 0
8169 9.23
8169 0
8169 0
8169 0
8169 0
8169 0
8169 0
8169 0
8169 0
8169 0
8169 0
8169 0
8169 0
8169 0
8169 0
8169 0
8169 0
8169 0
8169 0
8169 0
8169 0
8169 0
8169 0
8169 0
8169 0
8169 0
8169 0
8169 0
8169 0
8169 0
8169 0
8169 0
8169 0
8169 0
8169 0
8169 0
8169 0
8224 0
8224 9.23
8224 0
8224 0
8224 0
8224 0
8224 0
8224 0
8224 0
8224 0
8224 0
8224 0
8224 0
8224 0
8224 0
8224 0
8224 0
8224 0
8224 0
8224 0
8224 0
8224 0
8224 0
8224 0
8224 0
8224 0
8224 0
8224 0
8224 0
8224 0
8224 0
8224 0
8224 0
8224 0
8224 0
8224 0
8224 0
8224 0
8225 0
8225 9.23
8225 0
8225 0
8225 0
8225 0
8225 0
8225 0
8225 0
8225 0
8225 0
8225 0
8225 0
8225 0
8225 0
8225 0
8225 0
8225 0
8225 0
8225 0
8225 0
8225 0
8225 0
8225 0
8225 0
8225 0
8225 0
8225 0
8225 0
8225 0
8225 0
8225 0
8225 0
8225 0
8225 0
8225 0
8225 0
8225 0
8226 0
8226 9.23
8226 0
8226 0
8226 0
8226 0
8226 0
8226 0
8226 0
8226 0
8226 0
8226 0
8226 0
8226 0
8226 0
8226 0
8226 0
8226 0
8226 0
8226 0
8226 0
8226 0
8226 0
8226 0
8226 0
8226 0
8226 0
8226 0
8226 0
8226 0
8226 0
8226 0
8226 0
8226 0
8226 0
8226 0
8226 0
8226 0
