pt_graph scale
9528 0
9528 0
9528 0
9528 0
9528 0
9528 0
9528 0
9528 0
9528 0
9528 0
9528 0
9528 0
9528 0
9528 0
9528 0
9528 0
9528 0
9528 0
9528 0
9528 0
9528 0
9528 0
9528 0
9528 0
9528 0
9528 0
9528 788
9528 0
9528 0
9528 0
9528 0
9528 0
9528 0
9528 0
9528 0
9528 0
9528 0
9528 0
9529 0
9529 0
9529 0
9529 0
9529 0
9529 0
9529 0
9529 0
9529 0
9529 0
9529 0
9529 0
9529 0
9529 0
9529 0
9529 0
9529 0
9529 0
9529 0
9529 0
9529 0
9529 0
9529 0
9529 0
9529 0
9529 0
9529 1139
9529 0
9529 0
9529 0
9529 0
9529 0
9529 0
9529 0
9529 0
9529 0
9529 0
9529 0
9548 0
9548 0
9548 0
9548 0
9548 0
9548 0
9548 0
9548 0
9548 0
9548 0
9548 0
9548 0
9548 0
9548 0
9548 0
9548 0
9548 0
9548 0
9548 0
9548 0
9548 0
9548 0
9548 0
9548 0
9548 0
9548 0
9548 302
9548 0
9548 0
9548 0
9548 0
9548 0
9548 0
9548 0
9548 0
9548 0
9548 0
9548 0
9549 0
9549 0
9549 0
9549 0
9549 0
9549 0
9549 0
9549 0
9549 0
9549 0
9549 0
9549 0
9549 0
9549 0
9549 0
9549 0
9549 0
9549 0
9549 0
9549 0
9549 0
9549 0
9549 0
9549 0
9549 0
9549 0
9549 0
9549 0
9549 0
9549 0
9549 0
9549 0
9549 0
9549 0
9549 0
9549 0
9549 0
9549 0
9571 0
9571 0
9571 0
9571 0
9571 0
9571 0
9571 0
9571 0
9571 0
9571 0
9571 0
9571 0
9571 0
9571 0
9571 0
9571 0
9571 0
9571 0
9571 0
9571 0
9571 0
9571 0
9571 0
9571 0
9571 0
9571 0
9571 458
9571 0
9571 0
9571 0
9571 0
9571 0
9571 0
9571 0
9571 0
9571 0
9571 0
9571 0
9572 0
9572 0
9572 0
9572 0
9572 0
9572 0
9572 0
9572 0
9572 0
9572 0
9572 0
9572 0
9572 0
9572 0
9572 0
9572 0
9572 0
9572 0
9572 0
9572 0
9572 0
9572 0
9572 2
9572 0
9572 0
9572 0
9572 350
9572 0
9572 0
9572 0
9572 0
9572 0
9572 0
9572 0
9572 0
9572 0
9572 0
9572 0
