pt_graph LE_MET_level6
6950 11
6951 11
6953 11
6954 11
7026 11
7027 11
7028 11
7029 11
7095 11
7096 11
7097 11
7098 11
7099 11
7100 11
7157 11
7162 11
7165 11
7166 11
7167 11
7168 11
7169 11
7170 11
7222 11
7228 11
7229 11
7230 11
7231 11
7232 11
7233 11
7235 11
7236 11
7237 11
7238 11
7287 11
7288 11
7289 11
7290 11
7298 11
7299 11
7301 11
7302 11
7303 11
7304 11
7356 11
7357 11
7359 11
7360 11
7369 11
7370 11
7371 11
7372 11
7422 11
7423 11
7424 11
7425 11
7435 11
7436 11
7437 11
7438 11
7439 11
7440 11
7490 11
7491 11
7501 11
7561 11
7562 11
7573 11
7634 11
7635 11
7645 11
7707 11
7708 11
7710 11
7781 11
7782 11
7783 11
