pt_graph LE_MET_level6
6001 21
6002 21
6006 21
6007 21
6081 21
6082 21
6084 21
6087 21
6157 21
6160 21
6232 21
6233 21
6234 21
6235 21
6236 21
6237 21
6238 21
6239 21
6307 21
6308 21
6311 21
6313 21
6314 21
6390 21
6391 21
6466 21
6467 21
6468 21
6469 21
6470 21
6548 21
6549 21
6552 21
6553 21
6629 21
6630 21
6631 21
6703 21
6704 21
6705 21
6707 21
6708 21
6709 21
6780 21
6781 21
6782 21
6847 21
6853 21
6922 21
6924 21
6925 21
6994 21
7000 21
7067 21
7068 21
7069 21
7070 21
7131 21
7133 21
7136 21
7137 21
7138 21
7198 21
7201 21
7202 21
7203 21
7264 21
7265 21
7269 21
7331 21
7337 21
7404 21
7405 21
7406 21
7472 21
7473 21
7481 21
7482 21
7484 21
7485 21
7549 21
7550 21
7555 21
9571 21
