pt_graph scale
1346 0
1346 0
1346 0
1346 0
1346 0
1346 0
1346 0
1346 0
1346 0
1346 0
1346 474
1346 0
1346 0
1346 0
1346 28
1346 0
1346 0
1346 0
1346 0
1346 0
1346 0
1346 0
1346 0
1346 0
1346 0
1346 0
1346 0
1346 0
1346 25
1346 0
1346 0
1346 0
1346 0
1346 0
1346 0
1346 0
1346 0
1346 0
1529 0
1529 0
1529 0
1529 0
1529 0
1529 0
1529 0
1529 0
1529 0
1529 0
1529 516
1529 0
1529 0
1529 0
1529 1
1529 0
1529 0
1529 0
1529 0
1529 0
1529 0
1529 0
1529 0
1529 0
1529 0
1529 0
1529 0
1529 0
1529 0
1529 0
1529 0
1529 0
1529 0
1529 0
1529 0
1529 0
1529 0
1529 0
1530 0
1530 0
1530 0
1530 0
1530 0
1530 0
1530 0
1530 0
1530 0
1530 0
1530 516
1530 0
1530 0
1530 0
1530 1
1530 0
1530 0
1530 0
1530 0
1530 0
1530 0
1530 0
1530 0
1530 0
1530 0
1530 0
1530 0
1530 0
1530 0
1530 0
1530 0
1530 0
1530 0
1530 0
1530 0
1530 0
1530 0
1530 0
1625 0
1625 0
1625 0
1625 0
1625 0
1625 0
1625 0
1625 0
1625 0
1625 0
1625 499
1625 0
1625 0
1625 0
1625 1
1625 0
1625 0
1625 0
1625 0
1625 0
1625 0
1625 0
1625 0
1625 0
1625 0
1625 0
1625 0
1625 0
1625 0
1625 0
1625 0
1625 0
1625 0
1625 0
1625 0
1625 0
1625 0
1625 0
1722 0
1722 0
1722 0
1722 0
1722 0
1722 0
1722 0
1722 0
1722 0
1722 0
1722 579
1722 0
1722 0
1722 0
1722 3
1722 0
1722 0
1722 0
1722 0
1722 0
1722 0
1722 0
1722 0
1722 0
1722 0
1722 0
1722 0
1722 0
1722 0
1722 0
1722 0
1722 0
1722 0
1722 0
1722 0
1722 0
1722 0
1722 0
1814 0
1814 0
1814 0
1814 0
1814 0
1814 0
1814 0
1814 0
1814 0
1814 0
1814 1580
1814 0
1814 0
1814 0
1814 121
1814 0
1814 0
1814 0
1814 0
1814 0
1814 0
1814 0
1814 0
1814 0
1814 0
1814 0
1814 0
1814 0
1814 14
1814 0
1814 0
1814 0
1814 0
1814 0
1814 0
1814 0
1814 0
1814 0
1896 0
1896 0
1896 0
1896 0
1896 0
1896 0
1896 0
1896 0
1896 0
1896 0
1896 474
1896 0
1896 0
1896 0
1896 28
1896 0
1896 0
1896 0
1896 0
1896 0
1896 0
1896 0
1896 0
1896 0
1896 0
1896 0
1896 0
1896 0
1896 25
1896 0
1896 0
1896 0
1896 0
1896 0
1896 0
1896 0
1896 0
1896 0
1897 0
1897 0
1897 0
1897 0
1897 0
1897 0
1897 0
1897 0
1897 0
1897 0
1897 1580
1897 0
1897 0
1897 0
1897 121
1897 0
1897 0
1897 0
1897 0
1897 0
1897 0
1897 0
1897 0
1897 0
1897 0
1897 0
1897 0
1897 0
1897 14
1897 0
1897 0
1897 0
1897 0
1897 0
1897 0
1897 0
1897 0
1897 0
1986 0
1986 0
1986 0
1986 0
1986 0
1986 0
1986 0
1986 0
1986 0
1986 0
1986 1000
1986 0
1986 0
1986 0
1986 61
1986 0
1986 0
1986 0
1986 0
1986 0
1986 0
1986 0
1986 0
1986 0
1986 0
1986 0
1986 0
1986 0
1986 26
1986 0
1986 0
1986 0
1986 0
1986 0
1986 0
1986 0
1986 0
1986 0
2005 0
2005 0
2005 0
2005 0
2005 0
2005 0
2005 0
2005 0
2005 0
2005 0
2005 1609
2005 0
2005 0
2005 0
2005 0
2005 0
2005 0
2005 0
2005 0
2005 0
2005 0
2005 0
2005 0
2005 0
2005 0
2005 0
2005 0
2005 0
2005 0
2005 0
2005 0
2005 0
2005 0
2005 0
2005 0
2005 0
2005 0
2005 0
2014 0
2014 0
2014 0
2014 0
2014 0
2014 0
2014 0
2014 0
2014 0
2014 0
2014 0
2014 7215
2014 0
2014 0
2014 0
2014 0
2014 0
2014 0
2014 0
2014 0
2014 0
2014 0
2014 0
2014 0
2014 0
2014 0
2014 0
2014 0
2014 0
2014 0
2014 0
2014 0
2014 0
2014 0
2014 0
2014 0
2014 0
2014 0
2015 0
2015 0
2015 0
2015 0
2015 0
2015 0
2015 0
2015 0
2015 0
2015 0
2015 0
2015 5758
2015 0
2015 0
2015 0
2015 0
2015 0
2015 0
2015 0
2015 0
2015 0
2015 0
2015 0
2015 0
2015 0
2015 0
2015 0
2015 0
2015 0
2015 0
2015 0
2015 0
2015 0
2015 0
2015 0
2015 0
2015 0
2015 0
2076 0
2076 0
2076 0
2076 0
2076 0
2076 0
2076 0
2076 0
2076 0
2076 0
2076 474
2076 0
2076 0
2076 0
2076 28
2076 0
2076 0
2076 0
2076 0
2076 0
2076 0
2076 0
2076 0
2076 0
2076 0
2076 0
2076 0
2076 0
2076 25
2076 0
2076 0
2076 0
2076 0
2076 0
2076 0
2076 0
2076 0
2076 0
2095 0
2095 0
2095 0
2095 0
2095 0
2095 0
2095 0
2095 0
2095 0
2095 0
2095 3217
2095 0
2095 0
2095 0
2095 0
2095 0
2095 0
2095 0
2095 0
2095 0
2095 0
2095 0
2095 0
2095 0
2095 0
2095 0
2095 0
2095 0
2095 0
2095 0
2095 0
2095 0
2095 0
2095 0
2095 0
2095 0
2095 0
2095 0
2103 0
2103 0
2103 0
2103 0
2103 0
2103 0
2103 0
2103 0
2103 0
2103 0
2103 0
2103 720
2103 0
2103 0
2103 0
2103 0
2103 0
2103 0
2103 0
2103 0
2103 0
2103 0
2103 0
2103 0
2103 0
2103 0
2103 0
2103 0
2103 0
2103 0
2103 0
2103 0
2103 0
2103 0
2103 0
2103 0
2103 0
2103 0
2105 0
2105 0
2105 0
2105 0
2105 0
2105 0
2105 0
2105 0
2105 0
2105 0
2105 0
2105 3841
2105 0
2105 0
2105 0
2105 0
2105 0
2105 0
2105 0
2105 0
2105 0
2105 0
2105 0
2105 0
2105 0
2105 0
2105 0
2105 0
2105 0
2105 0
2105 0
2105 0
2105 0
2105 0
2105 0
2105 0
2105 0
2105 0
2106 0
2106 0
2106 0
2106 0
2106 0
2106 0
2106 0
2106 0
2106 0
2106 0
2106 0
2106 9072
2106 0
2106 0
2106 0
2106 0
2106 0
2106 0
2106 0
2106 0
2106 0
2106 0
2106 0
2106 0
2106 0
2106 0
2106 0
2106 0
2106 0
2106 0
2106 0
2106 0
2106 0
2106 0
2106 0
2106 0
2106 0
2106 0
2107 0
2107 0
2107 0
2107 0
2107 0
2107 0
2107 0
2107 0
2107 0
2107 0
2107 0
2107 3315
2107 0
2107 0
2107 0
2107 0
2107 0
2107 0
2107 0
2107 0
2107 0
2107 0
2107 0
2107 0
2107 0
2107 0
2107 0
2107 0
2107 0
2107 0
2107 0
2107 0
2107 0
2107 0
2107 0
2107 0
2107 0
2107 0
2185 0
2185 0
2185 0
2185 0
2185 0
2185 0
2185 0
2185 0
2185 0
2185 0
2185 3289
2185 0
2185 0
2185 0
2185 0
2185 0
2185 0
2185 0
2185 0
2185 0
2185 0
2185 0
2185 0
2185 0
2185 0
2185 0
2185 0
2185 0
2185 1
2185 0
2185 0
2185 0
2185 0
2185 0
2185 0
2185 0
2185 0
2185 0
2187 0
2187 0
2187 0
2187 0
2187 0
2187 0
2187 0
2187 0
2187 0
2187 0
2187 0
2187 831
2187 0
2187 0
2187 0
2187 0
2187 0
2187 0
2187 0
2187 0
2187 0
2187 0
2187 0
2187 0
2187 0
2187 0
2187 0
2187 0
2187 1
2187 0
2187 0
2187 0
2187 0
2187 0
2187 0
2187 0
2187 0
2187 0
2189 0
2189 0
2189 0
2189 0
2189 0
2189 0
2189 0
2189 0
2189 0
2189 0
2189 0
2189 347
2189 0
2189 0
2189 0
2189 0
2189 0
2189 0
2189 0
2189 0
2189 0
2189 0
2189 0
2189 0
2189 0
2189 0
2189 0
2189 0
2189 0
2189 0
2189 0
2189 0
2189 0
2189 0
2189 0
2189 0
2189 0
2189 0
2191 0
2191 0
2191 0
2191 0
2191 0
2191 0
2191 0
2191 0
2191 0
2191 0
2191 0
2191 1201
2191 0
2191 0
2191 0
2191 0
2191 0
2191 0
2191 0
2191 0
2191 0
2191 0
2191 0
2191 0
2191 0
2191 0
2191 0
2191 0
2191 0
2191 0
2191 0
2191 0
2191 0
2191 0
2191 0
2191 0
2191 0
2191 0
2192 0
2192 0
2192 0
2192 0
2192 0
2192 0
2192 0
2192 0
2192 0
2192 0
2192 0
2192 2723
2192 0
2192 0
2192 0
2192 0
2192 0
2192 0
2192 0
2192 0
2192 0
2192 0
2192 0
2192 0
2192 0
2192 0
2192 0
2192 0
2192 0
2192 0
2192 0
2192 0
2192 0
2192 0
2192 0
2192 0
2192 0
2192 0
2193 0
2193 0
2193 0
2193 0
2193 0
2193 0
2193 0
2193 0
2193 0
2193 0
2193 0
2193 1400
2193 0
2193 0
2193 0
2193 0
2193 0
2193 0
2193 0
2193 0
2193 0
2193 0
2193 0
2193 0
2193 0
2193 0
2193 0
2193 0
2193 0
2193 0
2193 0
2193 0
2193 0
2193 0
2193 0
2193 0
2193 0
2193 0
2194 0
2194 0
2194 0
2194 0
2194 0
2194 0
2194 0
2194 0
2194 0
2194 0
2194 0
2194 5314
2194 0
2194 0
2194 0
2194 0
2194 0
2194 0
2194 0
2194 0
2194 0
2194 0
2194 0
2194 0
2194 0
2194 0
2194 0
2194 0
2194 0
2194 0
2194 0
2194 0
2194 0
2194 0
2194 0
2194 0
2194 0
2194 0
2195 0
2195 0
2195 0
2195 0
2195 0
2195 0
2195 0
2195 0
2195 0
2195 0
2195 0
2195 4003
2195 0
2195 0
2195 0
2195 0
2195 0
2195 0
2195 0
2195 0
2195 0
2195 0
2195 0
2195 0
2195 0
2195 0
2195 0
2195 0
2195 0
2195 0
2195 0
2195 0
2195 0
2195 0
2195 0
2195 0
2195 0
2195 0
2196 0
2196 0
2196 0
2196 0
2196 0
2196 0
2196 0
2196 0
2196 0
2196 0
2196 0
2196 495
2196 0
2196 0
2196 0
2196 0
2196 0
2196 0
2196 0
2196 0
2196 0
2196 0
2196 0
2196 0
2196 0
2196 0
2196 0
2196 0
2196 0
2196 0
2196 0
2196 0
2196 0
2196 0
2196 0
2196 0
2196 0
2196 0
2270 0
2270 0
2270 0
2270 0
2270 0
2270 0
2270 0
2270 0
2270 0
2270 0
2270 831
2270 0
2270 0
2270 0
2270 0
2270 0
2270 0
2270 0
2270 0
2270 0
2270 0
2270 0
2270 0
2270 0
2270 0
2270 0
2270 0
2270 0
2270 1
2270 0
2270 0
2270 0
2270 0
2270 0
2270 0
2270 0
2270 0
2270 0
2274 0
2274 0
2274 0
2274 0
2274 0
2274 0
2274 0
2274 0
2274 0
2274 0
2274 0
2274 63
2274 0
2274 0
2274 0
2274 0
2274 0
2274 0
2274 0
2274 0
2274 0
2274 0
2274 0
2274 0
2274 0
2274 0
2274 0
2274 0
2274 0
2274 0
2274 0
2274 0
2274 0
2274 0
2274 0
2274 0
2274 0
2274 0
2275 0
2275 0
2275 0
2275 0
2275 0
2275 0
2275 0
2275 0
2275 0
2275 0
2275 0
2275 542
2275 0
2275 0
2275 0
2275 0
2275 0
2275 0
2275 0
2275 0
2275 0
2275 0
2275 0
2275 0
2275 0
2275 0
2275 0
2275 0
2275 0
2275 0
2275 0
2275 0
2275 0
2275 0
2275 0
2275 0
2275 0
2275 0
2276 0
2276 0
2276 0
2276 0
2276 0
2276 0
2276 0
2276 0
2276 0
2276 0
2276 0
2276 5427
2276 0
2276 0
2276 0
2276 0
2276 0
2276 0
2276 0
2276 0
2276 0
2276 0
2276 0
2276 0
2276 0
2276 0
2276 0
2276 0
2276 0
2276 0
2276 0
2276 0
2276 0
2276 0
2276 0
2276 0
2276 0
2276 0
2277 0
2277 0
2277 0
2277 0
2277 0
2277 0
2277 0
2277 0
2277 0
2277 0
2277 0
2277 1677
2277 0
2277 0
2277 0
2277 0
2277 0
2277 0
2277 0
2277 0
2277 0
2277 0
2277 0
2277 0
2277 0
2277 0
2277 0
2277 0
2277 0
2277 0
2277 0
2277 0
2277 0
2277 0
2277 0
2277 0
2277 0
2277 0
2278 0
2278 0
2278 0
2278 0
2278 0
2278 0
2278 0
2278 0
2278 0
2278 0
2278 0
2278 6473
2278 0
2278 0
2278 0
2278 0
2278 0
2278 0
2278 0
2278 0
2278 0
2278 0
2278 0
2278 0
2278 0
2278 0
2278 0
2278 0
2278 0
2278 0
2278 0
2278 0
2278 0
2278 0
2278 0
2278 0
2278 0
2278 0
2279 0
2279 0
2279 0
2279 0
2279 0
2279 0
2279 0
2279 0
2279 0
2279 0
2279 0
2279 495
2279 0
2279 0
2279 0
2279 0
2279 0
2279 0
2279 0
2279 0
2279 0
2279 0
2279 0
2279 0
2279 0
2279 0
2279 0
2279 0
2279 0
2279 0
2279 0
2279 0
2279 0
2279 0
2279 0
2279 0
2279 0
2279 0
2280 0
2280 0
2280 0
2280 0
2280 0
2280 0
2280 0
2280 0
2280 0
2280 0
2280 0
2280 4055
2280 0
2280 0
2280 0
2280 0
2280 0
2280 0
2280 0
2280 0
2280 0
2280 0
2280 0
2280 0
2280 0
2280 0
2280 0
2280 0
2280 0
2280 0
2280 0
2280 0
2280 0
2280 0
2280 0
2280 0
2280 0
2280 0
2281 0
2281 0
2281 0
2281 0
2281 0
2281 0
2281 0
2281 0
2281 0
2281 0
2281 0
2281 2198
2281 0
2281 0
2281 0
2281 0
2281 0
2281 0
2281 0
2281 0
2281 0
2281 0
2281 0
2281 0
2281 0
2281 0
2281 0
2281 0
2281 0
2281 0
2281 0
2281 0
2281 0
2281 0
2281 0
2281 0
2281 0
2281 0
2282 0
2282 0
2282 0
2282 0
2282 0
2282 0
2282 0
2282 0
2282 0
2282 0
2282 0
2282 4953
2282 0
2282 0
2282 0
2282 0
2282 0
2282 0
2282 0
2282 0
2282 0
2282 0
2282 0
2282 0
2282 0
2282 0
2282 0
2282 0
2282 0
2282 0
2282 0
2282 0
2282 0
2282 0
2282 0
2282 0
2282 0
2282 0
2284 0
2284 0
2284 0
2284 0
2284 0
2284 0
2284 0
2284 0
2284 0
2284 0
2284 0
2284 518
2284 0
2284 0
2284 0
2284 0
2284 0
2284 0
2284 0
2284 0
2284 0
2284 0
2284 0
2284 0
2284 0
2284 0
2284 0
2284 0
2284 0
2284 0
2284 0
2284 0
2284 0
2284 0
2284 0
2284 0
2284 0
2284 0
2343 0
2343 0
2343 0
2343 0
2343 0
2343 0
2343 0
2343 0
2343 0
2343 0
2343 1284
2343 0
2343 0
2343 0
2343 28
2343 0
2343 0
2343 0
2343 0
2343 0
2343 0
2343 0
2343 0
2343 0
2343 0
2343 0
2343 0
2343 0
2343 62
2343 0
2343 0
2343 0
2343 0
2343 0
2343 0
2343 0
2343 0
2343 0
2359 0
2359 0
2359 0
2359 0
2359 0
2359 0
2359 0
2359 0
2359 0
2359 0
2359 812
2359 0
2359 0
2359 0
2359 0
2359 0
2359 0
2359 0
2359 0
2359 0
2359 0
2359 0
2359 0
2359 0
2359 0
2359 0
2359 0
2359 0
2359 0
2359 0
2359 0
2359 0
2359 0
2359 0
2359 0
2359 0
2359 0
2359 0
2363 0
2363 0
2363 0
2363 0
2363 0
2363 0
2363 0
2363 0
2363 0
2363 0
2363 0
2363 1670
2363 0
2363 0
2363 0
2363 0
2363 0
2363 0
2363 0
2363 0
2363 0
2363 0
2363 0
2363 0
2363 0
2363 0
2363 0
2363 0
2363 0
2363 0
2363 0
2363 0
2363 0
2363 0
2363 0
2363 0
2363 0
2363 0
2364 0
2364 0
2364 0
2364 0
2364 0
2364 0
2364 0
2364 0
2364 0
2364 0
2364 0
2364 6473
2364 0
2364 0
2364 0
2364 0
2364 0
2364 0
2364 0
2364 0
2364 0
2364 0
2364 0
2364 0
2364 0
2364 0
2364 0
2364 0
2364 0
2364 0
2364 0
2364 0
2364 0
2364 0
2364 0
2364 0
2364 0
2364 0
2366 0
2366 0
2366 0
2366 0
2366 0
2366 0
2366 0
2366 0
2366 0
2366 0
2366 0
2366 4538
2366 0
2366 0
2366 0
2366 0
2366 0
2366 0
2366 0
2366 0
2366 0
2366 0
2366 0
2366 0
2366 0
2366 0
2366 0
2366 0
2366 0
2366 0
2366 0
2366 0
2366 0
2366 0
2366 0
2366 0
2366 0
2366 0
2367 0
2367 0
2367 0
2367 0
2367 0
2367 0
2367 0
2367 0
2367 0
2367 0
2367 0
2367 667
2367 0
2367 0
2367 0
2367 0
2367 0
2367 0
2367 0
2367 0
2367 0
2367 0
2367 0
2367 0
2367 0
2367 0
2367 0
2367 0
2367 0
2367 0
2367 0
2367 0
2367 0
2367 0
2367 0
2367 0
2367 0
2367 0
2368 0
2368 0
2368 0
2368 0
2368 0
2368 0
2368 0
2368 0
2368 0
2368 0
2368 0
2368 1251
2368 0
2368 0
2368 0
2368 0
2368 0
2368 0
2368 0
2368 0
2368 0
2368 0
2368 0
2368 0
2368 0
2368 0
2368 0
2368 0
2368 0
2368 0
2368 0
2368 0
2368 0
2368 0
2368 0
2368 0
2368 0
2368 0
2369 0
2369 0
2369 0
2369 0
2369 0
2369 0
2369 0
2369 0
2369 0
2369 0
2369 0
2369 7946
2369 0
2369 0
2369 0
2369 0
2369 0
2369 0
2369 0
2369 0
2369 0
2369 0
2369 0
2369 0
2369 0
2369 0
2369 0
2369 0
2369 0
2369 0
2369 0
2369 0
2369 0
2369 0
2369 0
2369 0
2369 0
2369 0
2370 0
2370 0
2370 0
2370 0
2370 0
2370 0
2370 0
2370 0
2370 0
2370 0
2370 0
2370 1053
2370 0
2370 0
2370 0
2370 0
2370 0
2370 0
2370 0
2370 0
2370 0
2370 0
2370 0
2370 0
2370 0
2370 0
2370 0
2370 0
2370 0
2370 0
2370 0
2370 0
2370 0
2370 0
2370 0
2370 0
2370 0
2370 0
2396 0
2396 0
2396 0
2396 0
2396 0
2396 0
2396 0
2396 0
2396 0
2396 0
2396 1
2396 0
2396 0
2396 0
2396 0
2396 0
2396 0
2396 0
2396 0
2396 0
2396 0
2396 0
2396 0
2396 0
2396 0
2396 27
2396 0
2396 0
2396 26
2396 0
2396 0
2396 0
2396 0
2396 0
2396 0
2396 0
2396 0
2396 0
2431 0
2431 0
2431 0
2431 0
2431 0
2431 0
2431 0
2431 0
2431 0
2431 0
2431 460
2431 0
2431 0
2431 0
2431 0
2431 0
2431 0
2431 0
2431 0
2431 0
2431 0
2431 0
2431 0
2431 0
2431 0
2431 0
2431 0
2431 0
2431 205
2431 0
2431 0
2431 0
2431 0
2431 0
2431 0
2431 0
2431 0
2431 0
2449 0
2449 0
2449 0
2449 0
2449 0
2449 0
2449 0
2449 0
2449 0
2449 0
2449 0
2449 6339
2449 0
2449 0
2449 0
2449 0
2449 0
2449 0
2449 0
2449 0
2449 0
2449 0
2449 0
2449 0
2449 0
2449 0
2449 0
2449 0
2449 0
2449 0
2449 0
2449 0
2449 0
2449 0
2449 0
2449 0
2449 0
2449 0
2450 0
2450 0
2450 0
2450 0
2450 0
2450 0
2450 0
2450 0
2450 0
2450 0
2450 0
2450 1135
2450 0
2450 0
2450 0
2450 0
2450 0
2450 0
2450 0
2450 0
2450 0
2450 0
2450 0
2450 0
2450 0
2450 0
2450 0
2450 0
2450 0
2450 0
2450 0
2450 0
2450 0
2450 0
2450 0
2450 0
2450 0
2450 0
2451 0
2451 0
2451 0
2451 0
2451 0
2451 0
2451 0
2451 0
2451 0
2451 0
2451 0
2451 314
2451 0
2451 0
2451 0
2451 0
2451 0
2451 0
2451 0
2451 0
2451 0
2451 0
2451 0
2451 0
2451 0
2451 0
2451 0
2451 0
2451 0
2451 0
2451 0
2451 0
2451 0
2451 0
2451 0
2451 0
2451 0
2451 0
2453 0
2453 0
2453 0
2453 0
2453 0
2453 0
2453 0
2453 0
2453 0
2453 0
2453 0
2453 314
2453 0
2453 0
2453 0
2453 0
2453 0
2453 0
2453 0
2453 0
2453 0
2453 0
2453 0
2453 0
2453 0
2453 0
2453 0
2453 0
2453 0
2453 0
2453 0
2453 0
2453 0
2453 0
2453 0
2453 0
2453 0
2453 0
2454 0
2454 0
2454 0
2454 0
2454 0
2454 0
2454 0
2454 0
2454 0
2454 0
2454 0
2454 1651
2454 0
2454 0
2454 0
2454 0
2454 0
2454 0
2454 0
2454 0
2454 0
2454 0
2454 0
2454 0
2454 0
2454 0
2454 0
2454 0
2454 0
2454 0
2454 0
2454 0
2454 0
2454 0
2454 0
2454 0
2454 0
2454 0
2455 0
2455 0
2455 0
2455 0
2455 0
2455 0
2455 0
2455 0
2455 0
2455 0
2455 0
2455 2996
2455 0
2455 0
2455 0
2455 0
2455 0
2455 0
2455 0
2455 0
2455 0
2455 0
2455 0
2455 0
2455 0
2455 0
2455 0
2455 0
2455 0
2455 0
2455 0
2455 0
2455 0
2455 0
2455 0
2455 0
2455 0
2455 0
2456 0
2456 0
2456 0
2456 0
2456 0
2456 0
2456 0
2456 0
2456 0
2456 0
2456 0
2456 2650
2456 0
2456 0
2456 0
2456 0
2456 0
2456 0
2456 0
2456 0
2456 0
2456 0
2456 0
2456 0
2456 0
2456 0
2456 0
2456 0
2456 0
2456 0
2456 0
2456 0
2456 0
2456 0
2456 0
2456 0
2456 0
2456 0
2481 0
2481 0
2481 0
2481 0
2481 0
2481 0
2481 0
2481 0
2481 0
2481 0
2481 1
2481 0
2481 0
2481 0
2481 0
2481 0
2481 0
2481 0
2481 0
2481 0
2481 0
2481 0
2481 0
2481 0
2481 0
2481 27
2481 0
2481 0
2481 26
2481 0
2481 0
2481 0
2481 0
2481 0
2481 0
2481 0
2481 0
2481 0
2486 0
2486 0
2486 0
2486 0
2486 0
2486 0
2486 0
2486 0
2486 0
2486 0
2486 1284
2486 0
2486 0
2486 0
2486 28
2486 0
2486 0
2486 0
2486 0
2486 0
2486 0
2486 0
2486 0
2486 0
2486 0
2486 0
2486 0
2486 0
2486 62
2486 0
2486 0
2486 0
2486 0
2486 0
2486 0
2486 0
2486 0
2486 0
2516 0
2516 0
2516 0
2516 0
2516 0
2516 0
2516 0
2516 0
2516 0
2516 0
2516 1284
2516 0
2516 0
2516 0
2516 28
2516 0
2516 0
2516 0
2516 0
2516 0
2516 0
2516 0
2516 0
2516 0
2516 0
2516 0
2516 0
2516 0
2516 62
2516 0
2516 0
2516 0
2516 0
2516 0
2516 0
2516 0
2516 0
2516 0
2531 0
2531 0
2531 0
2531 0
2531 0
2531 0
2531 0
2531 0
2531 0
2531 0
2531 0
2531 812
2531 0
2531 0
2531 0
2531 0
2531 0
2531 0
2531 0
2531 0
2531 0
2531 0
2531 0
2531 0
2531 0
2531 0
2531 0
2531 0
2531 0
2531 0
2531 0
2531 0
2531 0
2531 0
2531 0
2531 0
2531 0
2531 0
2535 0
2535 0
2535 0
2535 0
2535 0
2535 0
2535 0
2535 0
2535 0
2535 0
2535 0
2535 888
2535 0
2535 0
2535 0
2535 0
2535 0
2535 0
2535 0
2535 0
2535 0
2535 0
2535 0
2535 0
2535 0
2535 0
2535 0
2535 0
2535 0
2535 0
2535 0
2535 0
2535 0
2535 0
2535 0
2535 0
2535 0
2535 0
2536 0
2536 0
2536 0
2536 0
2536 0
2536 0
2536 0
2536 0
2536 0
2536 0
2536 0
2536 1795
2536 0
2536 0
2536 0
2536 0
2536 0
2536 0
2536 0
2536 0
2536 0
2536 0
2536 0
2536 0
2536 0
2536 0
2536 0
2536 0
2536 0
2536 0
2536 0
2536 0
2536 0
2536 0
2536 0
2536 0
2536 0
2536 0
2538 0
2538 0
2538 0
2538 0
2538 0
2538 0
2538 0
2538 0
2538 0
2538 0
2538 0
2538 314
2538 0
2538 0
2538 0
2538 0
2538 0
2538 0
2538 0
2538 0
2538 0
2538 0
2538 0
2538 0
2538 0
2538 0
2538 0
2538 0
2538 0
2538 0
2538 0
2538 0
2538 0
2538 0
2538 0
2538 0
2538 0
2538 0
2539 0
2539 0
2539 0
2539 0
2539 0
2539 0
2539 0
2539 0
2539 0
2539 0
2539 0
2539 2162
2539 0
2539 0
2539 0
2539 0
2539 0
2539 0
2539 0
2539 0
2539 0
2539 0
2539 0
2539 0
2539 0
2539 0
2539 0
2539 0
2539 0
2539 0
2539 0
2539 0
2539 0
2539 0
2539 0
2539 0
2539 0
2539 0
2540 0
2540 0
2540 0
2540 0
2540 0
2540 0
2540 0
2540 0
2540 0
2540 0
2540 0
2540 2492
2540 0
2540 0
2540 0
2540 0
2540 0
2540 0
2540 0
2540 0
2540 0
2540 0
2540 0
2540 0
2540 0
2540 0
2540 0
2540 0
2540 0
2540 0
2540 0
2540 0
2540 0
2540 0
2540 0
2540 0
2540 0
2540 0
2541 0
2541 0
2541 0
2541 0
2541 0
2541 0
2541 0
2541 0
2541 0
2541 0
2541 0
2541 1317
2541 0
2541 0
2541 0
2541 0
2541 0
2541 0
2541 0
2541 0
2541 0
2541 0
2541 0
2541 0
2541 0
2541 0
2541 0
2541 0
2541 0
2541 0
2541 0
2541 0
2541 0
2541 0
2541 0
2541 0
2541 0
2541 0
2566 0
2566 0
2566 0
2566 0
2566 0
2566 0
2566 0
2566 0
2566 0
2566 0
2566 1
2566 0
2566 0
2566 0
2566 0
2566 0
2566 0
2566 0
2566 0
2566 0
2566 0
2566 0
2566 0
2566 0
2566 0
2566 27
2566 0
2566 0
2566 26
2566 0
2566 0
2566 0
2566 0
2566 0
2566 0
2566 0
2566 0
2566 0
2600 0
2600 0
2600 0
2600 0
2600 0
2600 0
2600 0
2600 0
2600 0
2600 0
2600 460
2600 0
2600 0
2600 0
2600 0
2600 0
2600 0
2600 0
2600 0
2600 0
2600 0
2600 0
2600 0
2600 0
2600 0
2600 0
2600 0
2600 0
2600 205
2600 0
2600 0
2600 0
2600 0
2600 0
2600 0
2600 0
2600 0
2600 0
2602 0
2602 0
2602 0
2602 0
2602 0
2602 0
2602 0
2602 0
2602 0
2602 0
2602 201
2602 0
2602 0
2602 0
2602 0
2602 0
2602 0
2602 0
2602 0
2602 0
2602 0
2602 0
2602 0
2602 0
2602 0
2602 0
2602 0
2602 0
2602 110
2602 0
2602 0
2602 0
2602 0
2602 0
2602 0
2602 0
2602 0
2602 0
2620 0
2620 0
2620 0
2620 0
2620 0
2620 0
2620 0
2620 0
2620 0
2620 0
2620 0
2620 520
2620 0
2620 0
2620 0
2620 0
2620 0
2620 0
2620 0
2620 0
2620 0
2620 0
2620 0
2620 0
2620 0
2620 0
2620 0
2620 0
2620 0
2620 0
2620 0
2620 0
2620 0
2620 0
2620 0
2620 0
2620 0
2620 0
2622 0
2622 0
2622 0
2622 0
2622 0
2622 0
2622 0
2622 0
2622 0
2622 0
2622 0
2622 3178
2622 0
2622 0
2622 0
2622 0
2622 0
2622 0
2622 0
2622 0
2622 0
2622 0
2622 0
2622 0
2622 0
2622 0
2622 0
2622 0
2622 0
2622 0
2622 0
2622 0
2622 0
2622 0
2622 0
2622 0
2622 0
2622 0
2623 0
2623 0
2623 0
2623 0
2623 0
2623 0
2623 0
2623 0
2623 0
2623 0
2623 0
2623 2523
2623 0
2623 0
2623 0
2623 0
2623 0
2623 0
2623 0
2623 0
2623 0
2623 0
2623 0
2623 0
2623 0
2623 0
2623 0
2623 0
2623 0
2623 0
2623 0
2623 0
2623 0
2623 0
2623 0
2623 0
2623 0
2623 0
2624 0
2624 0
2624 0
2624 0
2624 0
2624 0
2624 0
2624 0
2624 0
2624 0
2624 0
2624 3532
2624 0
2624 0
2624 0
2624 0
2624 0
2624 0
2624 0
2624 0
2624 0
2624 0
2624 0
2624 0
2624 0
2624 0
2624 0
2624 0
2624 0
2624 0
2624 0
2624 0
2624 0
2624 0
2624 0
2624 0
2624 0
2624 0
2625 0
2625 0
2625 0
2625 0
2625 0
2625 0
2625 0
2625 0
2625 0
2625 0
2625 0
2625 518
2625 0
2625 0
2625 0
2625 0
2625 0
2625 0
2625 0
2625 0
2625 0
2625 0
2625 0
2625 0
2625 0
2625 0
2625 0
2625 0
2625 0
2625 0
2625 0
2625 0
2625 0
2625 0
2625 0
2625 0
2625 0
2625 0
2626 0
2626 0
2626 0
2626 0
2626 0
2626 0
2626 0
2626 0
2626 0
2626 0
2626 0
2626 1984
2626 0
2626 0
2626 0
2626 0
2626 0
2626 0
2626 0
2626 0
2626 0
2626 0
2626 0
2626 0
2626 0
2626 0
2626 0
2626 0
2626 0
2626 0
2626 0
2626 0
2626 0
2626 0
2626 0
2626 0
2626 0
2626 0
2687 0
2687 0
2687 0
2687 0
2687 0
2687 0
2687 0
2687 0
2687 0
2687 0
2687 460
2687 0
2687 0
2687 0
2687 0
2687 0
2687 0
2687 0
2687 0
2687 0
2687 0
2687 0
2687 0
2687 0
2687 0
2687 0
2687 0
2687 0
2687 205
2687 0
2687 0
2687 0
2687 0
2687 0
2687 0
2687 0
2687 0
2687 0
2694 0
2694 0
2694 0
2694 0
2694 0
2694 0
2694 0
2694 0
2694 0
2694 0
2694 1284
2694 0
2694 0
2694 0
2694 28
2694 0
2694 0
2694 0
2694 0
2694 0
2694 0
2694 0
2694 0
2694 0
2694 0
2694 0
2694 0
2694 0
2694 62
2694 0
2694 0
2694 0
2694 0
2694 0
2694 0
2694 0
2694 0
2694 0
2699 0
2699 0
2699 0
2699 0
2699 0
2699 0
2699 0
2699 0
2699 0
2699 0
2699 0
2699 812
2699 0
2699 0
2699 0
2699 0
2699 0
2699 0
2699 0
2699 0
2699 0
2699 0
2699 0
2699 0
2699 0
2699 0
2699 0
2699 0
2699 0
2699 0
2699 0
2699 0
2699 0
2699 0
2699 0
2699 0
2699 0
2699 0
2704 0
2704 0
2704 0
2704 0
2704 0
2704 0
2704 0
2704 0
2704 0
2704 0
2704 0
2704 841
2704 0
2704 0
2704 0
2704 0
2704 0
2704 0
2704 0
2704 0
2704 0
2704 0
2704 0
2704 0
2704 0
2704 0
2704 0
2704 0
2704 0
2704 0
2704 0
2704 0
2704 0
2704 0
2704 0
2704 0
2704 0
2704 0
2706 0
2706 0
2706 0
2706 0
2706 0
2706 0
2706 0
2706 0
2706 0
2706 0
2706 0
2706 2067
2706 0
2706 0
2706 0
2706 0
2706 0
2706 0
2706 0
2706 0
2706 0
2706 0
2706 0
2706 0
2706 0
2706 0
2706 0
2706 0
2706 0
2706 0
2706 0
2706 0
2706 0
2706 0
2706 0
2706 0
2706 0
2706 0
2707 0
2707 0
2707 0
2707 0
2707 0
2707 0
2707 0
2707 0
2707 0
2707 0
2707 0
2707 2719
2707 0
2707 0
2707 0
2707 0
2707 0
2707 0
2707 0
2707 0
2707 0
2707 0
2707 0
2707 0
2707 0
2707 0
2707 0
2707 0
2707 0
2707 0
2707 0
2707 0
2707 0
2707 0
2707 0
2707 0
2707 0
2707 0
2709 0
2709 0
2709 0
2709 0
2709 0
2709 0
2709 0
2709 0
2709 0
2709 0
2709 0
2709 2419
2709 0
2709 0
2709 0
2709 0
2709 0
2709 0
2709 0
2709 0
2709 0
2709 0
2709 0
2709 0
2709 0
2709 0
2709 0
2709 0
2709 0
2709 0
2709 0
2709 0
2709 0
2709 0
2709 0
2709 0
2709 0
2709 0
2741 0
2741 0
2741 0
2741 0
2741 0
2741 0
2741 0
2741 0
2741 0
2741 0
2741 1
2741 0
2741 0
2741 0
2741 0
2741 0
2741 0
2741 0
2741 0
2741 0
2741 0
2741 0
2741 0
2741 0
2741 0
2741 27
2741 0
2741 0
2741 26
2741 0
2741 0
2741 0
2741 0
2741 0
2741 0
2741 0
2741 0
2741 0
2773 0
2773 0
2773 0
2773 0
2773 0
2773 0
2773 0
2773 0
2773 0
2773 0
2773 575
2773 0
2773 0
2773 0
2773 0
2773 0
2773 0
2773 0
2773 0
2773 0
2773 0
2773 0
2773 0
2773 0
2773 0
2773 0
2773 0
2773 0
2773 165
2773 0
2773 0
2773 0
2773 0
2773 0
2773 0
2773 0
2773 0
2773 0
2774 0
2774 0
2774 0
2774 0
2774 0
2774 0
2774 0
2774 0
2774 0
2774 0
2774 575
2774 0
2774 0
2774 0
2774 0
2774 0
2774 0
2774 0
2774 0
2774 0
2774 0
2774 0
2774 0
2774 0
2774 0
2774 0
2774 0
2774 0
2774 165
2774 0
2774 0
2774 0
2774 0
2774 0
2774 0
2774 0
2774 0
2774 0
2776 0
2776 0
2776 0
2776 0
2776 0
2776 0
2776 0
2776 0
2776 0
2776 0
2776 460
2776 0
2776 0
2776 0
2776 0
2776 0
2776 0
2776 0
2776 0
2776 0
2776 0
2776 0
2776 0
2776 0
2776 0
2776 0
2776 0
2776 0
2776 205
2776 0
2776 0
2776 0
2776 0
2776 0
2776 0
2776 0
2776 0
2776 0
2783 0
2783 0
2783 0
2783 0
2783 0
2783 0
2783 0
2783 0
2783 0
2783 0
2783 0
2783 1007
2783 0
2783 0
2783 0
2783 0
2783 0
2783 0
2783 0
2783 0
2783 0
2783 0
2783 0
2783 0
2783 0
2783 0
2783 0
2783 0
2783 0
2783 0
2783 0
2783 0
2783 0
2783 0
2783 0
2783 0
2783 0
2783 0
2787 0
2787 0
2787 0
2787 0
2787 0
2787 0
2787 0
2787 0
2787 0
2787 0
2787 0
2787 183
2787 0
2787 0
2787 0
2787 0
2787 0
2787 0
2787 0
2787 0
2787 0
2787 0
2787 0
2787 0
2787 0
2787 0
2787 0
2787 0
2787 0
2787 0
2787 0
2787 0
2787 0
2787 0
2787 0
2787 0
2787 0
2787 0
2788 0
2788 0
2788 0
2788 0
2788 0
2788 0
2788 0
2788 0
2788 0
2788 0
2788 0
2788 841
2788 0
2788 0
2788 0
2788 0
2788 0
2788 0
2788 0
2788 0
2788 0
2788 0
2788 0
2788 0
2788 0
2788 0
2788 0
2788 0
2788 0
2788 0
2788 0
2788 0
2788 0
2788 0
2788 0
2788 0
2788 0
2788 0
2790 0
2790 0
2790 0
2790 0
2790 0
2790 0
2790 0
2790 0
2790 0
2790 0
2790 0
2790 416
2790 0
2790 0
2790 0
2790 0
2790 0
2790 0
2790 0
2790 0
2790 0
2790 0
2790 0
2790 0
2790 0
2790 0
2790 0
2790 0
2790 0
2790 0
2790 0
2790 0
2790 0
2790 0
2790 0
2790 0
2790 0
2790 0
2791 0
2791 0
2791 0
2791 0
2791 0
2791 0
2791 0
2791 0
2791 0
2791 0
2791 0
2791 32
2791 0
2791 0
2791 0
2791 0
2791 0
2791 0
2791 0
2791 0
2791 0
2791 0
2791 0
2791 0
2791 0
2791 0
2791 0
2791 0
2791 0
2791 0
2791 0
2791 0
2791 0
2791 0
2791 0
2791 0
2791 0
2791 0
2792 0
2792 0
2792 0
2792 0
2792 0
2792 0
2792 0
2792 0
2792 0
2792 0
2792 0
2792 1631
2792 0
2792 0
2792 0
2792 0
2792 0
2792 0
2792 0
2792 0
2792 0
2792 0
2792 0
2792 0
2792 0
2792 0
2792 0
2792 0
2792 0
2792 0
2792 0
2792 0
2792 0
2792 0
2792 0
2792 0
2792 0
2792 0
2793 0
2793 0
2793 0
2793 0
2793 0
2793 0
2793 0
2793 0
2793 0
2793 0
2793 0
2793 2771
2793 0
2793 0
2793 0
2793 0
2793 0
2793 0
2793 0
2793 0
2793 0
2793 0
2793 0
2793 0
2793 0
2793 0
2793 0
2793 0
2793 0
2793 0
2793 0
2793 0
2793 0
2793 0
2793 0
2793 0
2793 0
2793 0
2794 0
2794 0
2794 0
2794 0
2794 0
2794 0
2794 0
2794 0
2794 0
2794 0
2794 0
2794 2830
2794 0
2794 0
2794 0
2794 0
2794 0
2794 0
2794 0
2794 0
2794 0
2794 0
2794 0
2794 0
2794 0
2794 0
2794 0
2794 0
2794 0
2794 0
2794 0
2794 0
2794 0
2794 0
2794 0
2794 0
2794 0
2794 0
2795 0
2795 0
2795 0
2795 0
2795 0
2795 0
2795 0
2795 0
2795 0
2795 0
2795 0
2795 433
2795 0
2795 0
2795 0
2795 0
2795 0
2795 0
2795 0
2795 0
2795 0
2795 0
2795 0
2795 0
2795 0
2795 0
2795 0
2795 0
2795 0
2795 0
2795 0
2795 0
2795 0
2795 0
2795 0
2795 0
2795 0
2795 0
2876 0
2876 0
2876 0
2876 0
2876 0
2876 0
2876 0
2876 0
2876 0
2876 0
2876 0
2876 183
2876 0
2876 0
2876 0
2876 0
2876 0
2876 0
2876 0
2876 0
2876 0
2876 0
2876 0
2876 0
2876 0
2876 0
2876 0
2876 0
2876 0
2876 0
2876 0
2876 0
2876 0
2876 0
2876 0
2876 0
2876 0
2876 0
2877 0
2877 0
2877 0
2877 0
2877 0
2877 0
2877 0
2877 0
2877 0
2877 0
2877 0
2877 183
2877 0
2877 0
2877 0
2877 0
2877 0
2877 0
2877 0
2877 0
2877 0
2877 0
2877 0
2877 0
2877 0
2877 0
2877 0
2877 0
2877 0
2877 0
2877 0
2877 0
2877 0
2877 0
2877 0
2877 0
2877 0
2877 0
2881 0
2881 0
2881 0
2881 0
2881 0
2881 0
2881 0
2881 0
2881 0
2881 0
2881 0
2881 806
2881 0
2881 0
2881 0
2881 0
2881 0
2881 0
2881 0
2881 0
2881 0
2881 0
2881 0
2881 0
2881 0
2881 0
2881 0
2881 0
2881 0
2881 0
2881 0
2881 0
2881 0
2881 0
2881 0
2881 0
2881 0
2881 0
2882 0
2882 0
2882 0
2882 0
2882 0
2882 0
2882 0
2882 0
2882 0
2882 0
2882 0
2882 2805
2882 0
2882 0
2882 0
2882 0
2882 0
2882 0
2882 0
2882 0
2882 0
2882 0
2882 0
2882 0
2882 0
2882 0
2882 0
2882 0
2882 0
2882 0
2882 0
2882 0
2882 0
2882 0
2882 0
2882 0
2882 0
2882 0
2883 0
2883 0
2883 0
2883 0
2883 0
2883 0
2883 0
2883 0
2883 0
2883 0
2883 0
2883 1690
2883 0
2883 0
2883 0
2883 0
2883 0
2883 0
2883 0
2883 0
2883 0
2883 0
2883 0
2883 0
2883 0
2883 0
2883 0
2883 0
2883 0
2883 0
2883 0
2883 0
2883 0
2883 0
2883 0
2883 0
2883 0
2883 0
2884 0
2884 0
2884 0
2884 0
2884 0
2884 0
2884 0
2884 0
2884 0
2884 0
2884 0
2884 1402
2884 0
2884 0
2884 0
2884 0
2884 0
2884 0
2884 0
2884 0
2884 0
2884 0
2884 0
2884 0
2884 0
2884 0
2884 0
2884 0
2884 0
2884 0
2884 0
2884 0
2884 0
2884 0
2884 0
2884 0
2884 0
2884 0
2975 0
2975 0
2975 0
2975 0
2975 0
2975 0
2975 0
2975 0
2975 0
2975 0
2975 0
2975 183
2975 0
2975 0
2975 0
2975 0
2975 0
2975 0
2975 0
2975 0
2975 0
2975 0
2975 0
2975 0
2975 0
2975 0
2975 0
2975 0
2975 0
2975 0
2975 0
2975 0
2975 0
2975 0
2975 0
2975 0
2975 0
2975 0
2981 0
2981 0
2981 0
2981 0
2981 0
2981 0
2981 0
2981 0
2981 0
2981 0
2981 0
2981 348
2981 0
2981 0
2981 0
2981 0
2981 0
2981 0
2981 0
2981 0
2981 0
2981 0
2981 0
2981 0
2981 0
2981 0
2981 0
2981 0
2981 0
2981 0
2981 0
2981 0
2981 0
2981 0
2981 0
2981 0
2981 0
2981 0
2982 0
2982 0
2982 0
2982 0
2982 0
2982 0
2982 0
2982 0
2982 0
2982 0
2982 0
2982 1828
2982 0
2982 0
2982 0
2982 0
2982 0
2982 0
2982 0
2982 0
2982 0
2982 0
2982 0
2982 0
2982 0
2982 0
2982 0
2982 0
2982 0
2982 0
2982 0
2982 0
2982 0
2982 0
2982 0
2982 0
2982 0
2982 0
2985 0
2985 0
2985 0
2985 0
2985 0
2985 0
2985 0
2985 0
2985 0
2985 0
2985 0
2985 1385
2985 0
2985 0
2985 0
2985 0
2985 0
2985 0
2985 0
2985 0
2985 0
2985 0
2985 0
2985 0
2985 0
2985 0
2985 0
2985 0
2985 0
2985 0
2985 0
2985 0
2985 0
2985 0
2985 0
2985 0
2985 0
2985 0
3074 0
3074 0
3074 0
3074 0
3074 0
3074 0
3074 0
3074 0
3074 0
3074 0
3074 0
3074 921
3074 0
3074 0
3074 0
3074 0
3074 0
3074 0
3074 0
3074 0
3074 0
3074 0
3074 0
3074 0
3074 0
3074 0
3074 0
3074 0
3074 0
3074 0
3074 0
3074 0
3074 0
3074 0
3074 0
3074 0
3074 0
3074 0
3075 0
3075 0
3075 0
3075 0
3075 0
3075 0
3075 0
3075 0
3075 0
3075 0
3075 0
3075 1194
3075 0
3075 0
3075 0
3075 0
3075 0
3075 0
3075 0
3075 0
3075 0
3075 0
3075 0
3075 0
3075 0
3075 0
3075 0
3075 0
3075 0
3075 0
3075 0
3075 0
3075 0
3075 0
3075 0
3075 0
3075 0
3075 0
3076 0
3076 0
3076 0
3076 0
3076 0
3076 0
3076 0
3076 0
3076 0
3076 0
3076 0
3076 764
3076 0
3076 0
3076 0
3076 0
3076 0
3076 0
3076 0
3076 0
3076 0
3076 0
3076 0
3076 0
3076 0
3076 0
3076 0
3076 0
3076 0
3076 0
3076 0
3076 0
3076 0
3076 0
3076 0
3076 0
3076 0
3076 0
3077 0
3077 0
3077 0
3077 0
3077 0
3077 0
3077 0
3077 0
3077 0
3077 0
3077 0
3077 677
3077 0
3077 0
3077 0
3077 0
3077 0
3077 0
3077 0
3077 0
3077 0
3077 0
3077 0
3077 0
3077 0
3077 0
3077 0
3077 0
3077 0
3077 0
3077 0
3077 0
3077 0
3077 0
3077 0
3077 0
3077 0
3077 0
3168 0
3168 0
3168 0
3168 0
3168 0
3168 0
3168 0
3168 0
3168 0
3168 0
3168 0
3168 1557
3168 0
3168 0
3168 0
3168 0
3168 0
3168 0
3168 0
3168 0
3168 0
3168 0
3168 0
3168 0
3168 0
3168 0
3168 0
3168 0
3168 0
3168 0
3168 0
3168 0
3168 0
3168 0
3168 0
3168 0
3168 0
3168 0
3169 0
3169 0
3169 0
3169 0
3169 0
3169 0
3169 0
3169 0
3169 0
3169 0
3169 0
3169 565
3169 0
3169 0
3169 0
3169 0
3169 0
3169 0
3169 0
3169 0
3169 0
3169 0
3169 0
3169 0
3169 0
3169 0
3169 0
3169 0
3169 0
3169 0
3169 0
3169 0
3169 0
3169 0
3169 0
3169 0
3169 0
3169 0
3170 0
3170 0
3170 0
3170 0
3170 0
3170 0
3170 0
3170 0
3170 0
3170 0
3170 0
3170 3513
3170 0
3170 0
3170 0
3170 0
3170 0
3170 0
3170 0
3170 0
3170 0
3170 0
3170 0
3170 0
3170 0
3170 0
3170 0
3170 0
3170 0
3170 0
3170 0
3170 0
3170 0
3170 0
3170 0
3170 0
3170 0
3170 0
3171 0
3171 0
3171 0
3171 0
3171 0
3171 0
3171 0
3171 0
3171 0
3171 0
3171 0
3171 1534
3171 0
3171 0
3171 0
3171 0
3171 0
3171 0
3171 0
3171 0
3171 0
3171 0
3171 0
3171 0
3171 0
3171 0
3171 0
3171 0
3171 0
3171 0
3171 0
3171 0
3171 0
3171 0
3171 0
3171 0
3171 0
3171 0
3172 0
3172 0
3172 0
3172 0
3172 0
3172 0
3172 0
3172 0
3172 0
3172 0
3172 0
3172 1353
3172 0
3172 0
3172 0
3172 0
3172 0
3172 0
3172 0
3172 0
3172 0
3172 0
3172 0
3172 0
3172 0
3172 0
3172 0
3172 0
3172 0
3172 0
3172 0
3172 0
3172 0
3172 0
3172 0
3172 0
3172 0
3172 0
3261 0
3261 0
3261 0
3261 0
3261 0
3261 0
3261 0
3261 0
3261 0
3261 0
3261 0
3261 1557
3261 0
3261 0
3261 0
3261 0
3261 0
3261 0
3261 0
3261 0
3261 0
3261 0
3261 0
3261 0
3261 0
3261 0
3261 0
3261 0
3261 0
3261 0
3261 0
3261 0
3261 0
3261 0
3261 0
3261 0
3261 0
3261 0
3262 0
3262 0
3262 0
3262 0
3262 0
3262 0
3262 0
3262 0
3262 0
3262 0
3262 0
3262 1206
3262 0
3262 0
3262 0
3262 0
3262 0
3262 0
3262 0
3262 0
3262 0
3262 0
3262 0
3262 0
3262 0
3262 0
3262 0
3262 0
3262 0
3262 0
3262 0
3262 0
3262 0
3262 0
3262 0
3262 0
3262 0
3262 0
3263 0
3263 0
3263 0
3263 0
3263 0
3263 0
3263 0
3263 0
3263 0
3263 0
3263 0
3263 5370
3263 0
3263 0
3263 0
3263 0
3263 0
3263 0
3263 0
3263 0
3263 0
3263 0
3263 0
3263 0
3263 0
3263 0
3263 0
3263 0
3263 0
3263 0
3263 0
3263 0
3263 0
3263 0
3263 0
3263 0
3263 0
3263 0
3264 0
3264 0
3264 0
3264 0
3264 0
3264 0
3264 0
3264 0
3264 0
3264 0
3264 0
3264 2821
3264 0
3264 0
3264 0
3264 0
3264 0
3264 0
3264 0
3264 0
3264 0
3264 0
3264 0
3264 0
3264 0
3264 0
3264 0
3264 0
3264 0
3264 0
3264 0
3264 0
3264 0
3264 0
3264 0
3264 0
3264 0
3264 0
3265 0
3265 0
3265 0
3265 0
3265 0
3265 0
3265 0
3265 0
3265 0
3265 0
3265 0
3265 4017
3265 0
3265 0
3265 0
3265 0
3265 0
3265 0
3265 0
3265 0
3265 0
3265 0
3265 0
3265 0
3265 0
3265 0
3265 0
3265 0
3265 0
3265 0
3265 0
3265 0
3265 0
3265 0
3265 0
3265 0
3265 0
3265 0
3266 0
3266 0
3266 0
3266 0
3266 0
3266 0
3266 0
3266 0
3266 0
3266 0
3266 0
3266 677
3266 0
3266 0
3266 0
3266 0
3266 0
3266 0
3266 0
3266 0
3266 0
3266 0
3266 0
3266 0
3266 0
3266 0
3266 0
3266 0
3266 0
3266 0
3266 0
3266 0
3266 0
3266 0
3266 0
3266 0
3266 0
3266 0
3351 0
3351 0
3351 0
3351 0
3351 0
3351 0
3351 0
3351 0
3351 0
3351 0
3351 0
3351 348
3351 0
3351 0
3351 0
3351 0
3351 0
3351 0
3351 0
3351 0
3351 0
3351 0
3351 0
3351 0
3351 0
3351 0
3351 0
3351 0
3351 0
3351 0
3351 0
3351 0
3351 0
3351 0
3351 0
3351 0
3351 0
3351 0
3353 0
3353 0
3353 0
3353 0
3353 0
3353 0
3353 0
3353 0
3353 0
3353 0
3353 0
3353 348
3353 0
3353 0
3353 0
3353 0
3353 0
3353 0
3353 0
3353 0
3353 0
3353 0
3353 0
3353 0
3353 0
3353 0
3353 0
3353 0
3353 0
3353 0
3353 0
3353 0
3353 0
3353 0
3353 0
3353 0
3353 0
3353 0
3355 0
3355 0
3355 0
3355 0
3355 0
3355 0
3355 0
3355 0
3355 0
3355 0
3355 0
3355 583
3355 0
3355 0
3355 0
3355 0
3355 0
3355 0
3355 0
3355 0
3355 0
3355 0
3355 0
3355 0
3355 0
3355 0
3355 0
3355 0
3355 0
3355 0
3355 0
3355 0
3355 0
3355 0
3355 0
3355 0
3355 0
3355 0
3356 0
3356 0
3356 0
3356 0
3356 0
3356 0
3356 0
3356 0
3356 0
3356 0
3356 0
3356 3523
3356 0
3356 0
3356 0
3356 0
3356 0
3356 0
3356 0
3356 0
3356 0
3356 0
3356 0
3356 0
3356 0
3356 0
3356 0
3356 0
3356 0
3356 0
3356 0
3356 0
3356 0
3356 0
3356 0
3356 0
3356 0
3356 0
3357 0
3357 0
3357 0
3357 0
3357 0
3357 0
3357 0
3357 0
3357 0
3357 0
3357 0
3357 3458
3357 0
3357 0
3357 0
3357 0
3357 0
3357 0
3357 0
3357 0
3357 0
3357 0
3357 0
3357 0
3357 0
3357 0
3357 0
3357 0
3357 0
3357 0
3357 0
3357 0
3357 0
3357 0
3357 0
3357 0
3357 0
3357 0
3358 0
3358 0
3358 0
3358 0
3358 0
3358 0
3358 0
3358 0
3358 0
3358 0
3358 0
3358 2323
3358 0
3358 0
3358 0
3358 0
3358 0
3358 0
3358 0
3358 0
3358 0
3358 0
3358 0
3358 0
3358 0
3358 0
3358 0
3358 0
3358 0
3358 0
3358 0
3358 0
3358 0
3358 0
3358 0
3358 0
3358 0
3358 0
3360 0
3360 0
3360 0
3360 0
3360 0
3360 0
3360 0
3360 0
3360 0
3360 0
3360 0
3360 3812
3360 0
3360 0
3360 0
3360 0
3360 0
3360 0
3360 0
3360 0
3360 0
3360 0
3360 0
3360 0
3360 0
3360 0
3360 0
3360 0
3360 0
3360 0
3360 0
3360 0
3360 0
3360 0
3360 0
3360 0
3360 0
3360 0
3433 0
3433 0
3433 0
3433 0
3433 0
3433 0
3433 0
3433 0
3433 0
3433 0
3433 0
3433 1253
3433 0
3433 0
3433 0
3433 0
3433 0
3433 0
3433 0
3433 0
3433 0
3433 0
3433 0
3433 0
3433 0
3433 0
3433 0
3433 0
3433 0
3433 0
3433 0
3433 0
3433 0
3433 0
3433 0
3433 0
3433 0
3433 0
3434 0
3434 0
3434 0
3434 0
3434 0
3434 0
3434 0
3434 0
3434 0
3434 0
3434 0
3434 2532
3434 0
3434 0
3434 0
3434 0
3434 0
3434 0
3434 0
3434 0
3434 0
3434 0
3434 0
3434 0
3434 0
3434 0
3434 0
3434 0
3434 0
3434 0
3434 0
3434 0
3434 0
3434 0
3434 0
3434 0
3434 0
3434 0
3435 0
3435 0
3435 0
3435 0
3435 0
3435 0
3435 0
3435 0
3435 0
3435 0
3435 0
3435 1012
3435 0
3435 0
3435 0
3435 0
3435 0
3435 0
3435 0
3435 0
3435 0
3435 0
3435 0
3435 0
3435 0
3435 0
3435 0
3435 0
3435 0
3435 0
3435 0
3435 0
3435 0
3435 0
3435 0
3435 0
3435 0
3435 0
3437 0
3437 0
3437 0
3437 0
3437 0
3437 0
3437 0
3437 0
3437 0
3437 0
3437 0
3437 336
3437 0
3437 0
3437 0
3437 0
3437 0
3437 0
3437 0
3437 0
3437 0
3437 0
3437 0
3437 0
3437 0
3437 0
3437 0
3437 0
3437 0
3437 0
3437 0
3437 0
3437 0
3437 0
3437 0
3437 0
3437 0
3437 0
3438 0
3438 0
3438 0
3438 0
3438 0
3438 0
3438 0
3438 0
3438 0
3438 0
3438 0
3438 2164
3438 0
3438 0
3438 0
3438 0
3438 0
3438 0
3438 0
3438 0
3438 0
3438 0
3438 0
3438 0
3438 0
3438 0
3438 0
3438 0
3438 0
3438 0
3438 0
3438 0
3438 0
3438 0
3438 0
3438 0
3438 0
3438 0
3439 0
3439 0
3439 0
3439 0
3439 0
3439 0
3439 0
3439 0
3439 0
3439 0
3439 0
3439 579
3439 0
3439 0
3439 0
3439 0
3439 0
3439 0
3439 0
3439 0
3439 0
3439 0
3439 0
3439 0
3439 0
3439 0
3439 0
3439 0
3439 0
3439 0
3439 0
3439 0
3439 0
3439 0
3439 0
3439 0
3439 0
3439 0
3440 0
3440 0
3440 0
3440 0
3440 0
3440 0
3440 0
3440 0
3440 0
3440 0
3440 0
3440 6713
3440 0
3440 0
3440 0
3440 0
3440 0
3440 0
3440 0
3440 0
3440 0
3440 0
3440 0
3440 0
3440 0
3440 0
3440 0
3440 0
3440 0
3440 0
3440 0
3440 0
3440 0
3440 0
3440 0
3440 0
3440 0
3440 0
3441 0
3441 0
3441 0
3441 0
3441 0
3441 0
3441 0
3441 0
3441 0
3441 0
3441 0
3441 4870
3441 0
3441 0
3441 0
3441 0
3441 0
3441 0
3441 0
3441 0
3441 0
3441 0
3441 0
3441 0
3441 0
3441 0
3441 0
3441 0
3441 0
3441 0
3441 0
3441 0
3441 0
3441 0
3441 0
3441 0
3441 0
3441 0
3442 0
3442 0
3442 0
3442 0
3442 0
3442 0
3442 0
3442 0
3442 0
3442 0
3442 0
3442 4893
3442 0
3442 0
3442 0
3442 0
3442 0
3442 0
3442 0
3442 0
3442 0
3442 0
3442 0
3442 0
3442 0
3442 0
3442 0
3442 0
3442 0
3442 0
3442 0
3442 0
3442 0
3442 0
3442 0
3442 0
3442 0
3442 0
3443 0
3443 0
3443 0
3443 0
3443 0
3443 0
3443 0
3443 0
3443 0
3443 0
3443 0
3443 555
3443 0
3443 0
3443 0
3443 0
3443 0
3443 0
3443 0
3443 0
3443 0
3443 0
3443 0
3443 0
3443 0
3443 0
3443 0
3443 0
3443 0
3443 0
3443 0
3443 0
3443 0
3443 0
3443 0
3443 0
3443 0
3443 0
3518 0
3518 0
3518 0
3518 0
3518 0
3518 0
3518 0
3518 0
3518 0
3518 0
3518 0
3518 1253
3518 0
3518 0
3518 0
3518 0
3518 0
3518 0
3518 0
3518 0
3518 0
3518 0
3518 0
3518 0
3518 0
3518 0
3518 0
3518 0
3518 0
3518 0
3518 0
3518 0
3518 0
3518 0
3518 0
3518 0
3518 0
3518 0
3519 0
3519 0
3519 0
3519 0
3519 0
3519 0
3519 0
3519 0
3519 0
3519 0
3519 0
3519 1253
3519 0
3519 0
3519 0
3519 0
3519 0
3519 0
3519 0
3519 0
3519 0
3519 0
3519 0
3519 0
3519 0
3519 0
3519 0
3519 0
3519 0
3519 0
3519 0
3519 0
3519 0
3519 0
3519 0
3519 0
3519 0
3519 0
3521 0
3521 0
3521 0
3521 0
3521 0
3521 0
3521 0
3521 0
3521 0
3521 0
3521 0
3521 1012
3521 0
3521 0
3521 0
3521 0
3521 0
3521 0
3521 0
3521 0
3521 0
3521 0
3521 0
3521 0
3521 0
3521 0
3521 0
3521 0
3521 0
3521 0
3521 0
3521 0
3521 0
3521 0
3521 0
3521 0
3521 0
3521 0
3522 0
3522 0
3522 0
3522 0
3522 0
3522 0
3522 0
3522 0
3522 0
3522 0
3522 0
3522 1603
3522 0
3522 0
3522 0
3522 0
3522 0
3522 0
3522 0
3522 0
3522 0
3522 0
3522 0
3522 0
3522 0
3522 0
3522 0
3522 0
3522 0
3522 0
3522 0
3522 0
3522 0
3522 0
3522 0
3522 0
3522 0
3522 0
3523 0
3523 0
3523 0
3523 0
3523 0
3523 0
3523 0
3523 0
3523 0
3523 0
3523 0
3523 1546
3523 0
3523 0
3523 0
3523 0
3523 0
3523 0
3523 0
3523 0
3523 0
3523 0
3523 0
3523 0
3523 0
3523 0
3523 0
3523 0
3523 0
3523 0
3523 0
3523 0
3523 0
3523 0
3523 0
3523 0
3523 0
3523 0
3524 0
3524 0
3524 0
3524 0
3524 0
3524 0
3524 0
3524 0
3524 0
3524 0
3524 0
3524 2577
3524 0
3524 0
3524 0
3524 0
3524 0
3524 0
3524 0
3524 0
3524 0
3524 0
3524 0
3524 0
3524 0
3524 0
3524 0
3524 0
3524 0
3524 0
3524 0
3524 0
3524 0
3524 0
3524 0
3524 0
3524 0
3524 0
3525 0
3525 0
3525 0
3525 0
3525 0
3525 0
3525 0
3525 0
3525 0
3525 0
3525 0
3525 4326
3525 0
3525 0
3525 0
3525 0
3525 0
3525 0
3525 0
3525 0
3525 0
3525 0
3525 0
3525 0
3525 0
3525 0
3525 0
3525 0
3525 0
3525 0
3525 0
3525 0
3525 0
3525 0
3525 0
3525 0
3525 0
3525 0
3526 0
3526 0
3526 0
3526 0
3526 0
3526 0
3526 0
3526 0
3526 0
3526 0
3526 0
3526 2174
3526 0
3526 0
3526 0
3526 0
3526 0
3526 0
3526 0
3526 0
3526 0
3526 0
3526 0
3526 0
3526 0
3526 0
3526 0
3526 0
3526 0
3526 0
3526 0
3526 0
3526 0
3526 0
3526 0
3526 0
3526 0
3526 0
3527 0
3527 0
3527 0
3527 0
3527 0
3527 0
3527 0
3527 0
3527 0
3527 0
3527 0
3527 951
3527 0
3527 0
3527 0
3527 0
3527 0
3527 0
3527 0
3527 0
3527 0
3527 0
3527 0
3527 0
3527 0
3527 0
3527 0
3527 0
3527 0
3527 0
3527 0
3527 0
3527 0
3527 0
3527 0
3527 0
3527 0
3527 0
3528 0
3528 0
3528 0
3528 0
3528 0
3528 0
3528 0
3528 0
3528 0
3528 0
3528 0
3528 579
3528 0
3528 0
3528 0
3528 0
3528 0
3528 0
3528 0
3528 0
3528 0
3528 0
3528 0
3528 0
3528 0
3528 0
3528 0
3528 0
3528 0
3528 0
3528 0
3528 0
3528 0
3528 0
3528 0
3528 0
3528 0
3528 0
3529 0
3529 0
3529 0
3529 0
3529 0
3529 0
3529 0
3529 0
3529 0
3529 0
3529 0
3529 1442
3529 0
3529 0
3529 0
3529 0
3529 0
3529 0
3529 0
3529 0
3529 0
3529 0
3529 0
3529 0
3529 0
3529 0
3529 0
3529 0
3529 0
3529 0
3529 0
3529 0
3529 0
3529 0
3529 0
3529 0
3529 0
3529 0
3530 0
3530 0
3530 0
3530 0
3530 0
3530 0
3530 0
3530 0
3530 0
3530 0
3530 0
3530 828
3530 0
3530 0
3530 0
3530 0
3530 0
3530 0
3530 0
3530 0
3530 0
3530 0
3530 0
3530 0
3530 0
3530 0
3530 0
3530 0
3530 0
3530 0
3530 0
3530 0
3530 0
3530 0
3530 0
3530 0
3530 0
3530 0
3604 0
3604 0
3604 0
3604 0
3604 0
3604 0
3604 0
3604 0
3604 0
3604 0
3604 0
3604 554
3604 0
3604 0
3604 0
3604 0
3604 0
3604 0
3604 0
3604 0
3604 0
3604 0
3604 0
3604 0
3604 0
3604 0
3604 0
3604 0
3604 0
3604 0
3604 0
3604 0
3604 0
3604 0
3604 0
3604 0
3604 0
3604 0
3606 0
3606 0
3606 0
3606 0
3606 0
3606 0
3606 0
3606 0
3606 0
3606 0
3606 0
3606 571
3606 0
3606 0
3606 0
3606 0
3606 0
3606 0
3606 0
3606 0
3606 0
3606 0
3606 0
3606 0
3606 0
3606 0
3606 0
3606 0
3606 0
3606 0
3606 0
3606 0
3606 0
3606 0
3606 0
3606 0
3606 0
3606 0
3607 0
3607 0
3607 0
3607 0
3607 0
3607 0
3607 0
3607 0
3607 0
3607 0
3607 0
3607 2553
3607 0
3607 0
3607 0
3607 0
3607 0
3607 0
3607 0
3607 0
3607 0
3607 0
3607 0
3607 0
3607 0
3607 0
3607 0
3607 0
3607 0
3607 0
3607 0
3607 0
3607 0
3607 0
3607 0
3607 0
3607 0
3607 0
3608 0
3608 0
3608 0
3608 0
3608 0
3608 0
3608 0
3608 0
3608 0
3608 0
3608 0
3608 3687
3608 0
3608 0
3608 0
3608 0
3608 0
3608 0
3608 0
3608 0
3608 0
3608 0
3608 0
3608 0
3608 0
3608 0
3608 0
3608 0
3608 0
3608 0
3608 0
3608 0
3608 0
3608 0
3608 0
3608 0
3608 0
3608 0
3609 0
3609 0
3609 0
3609 0
3609 0
3609 0
3609 0
3609 0
3609 0
3609 0
3609 0
3609 409
3609 0
3609 0
3609 0
3609 0
3609 0
3609 0
3609 0
3609 0
3609 0
3609 0
3609 0
3609 0
3609 0
3609 0
3609 0
3609 0
3609 0
3609 0
3609 0
3609 0
3609 0
3609 0
3609 0
3609 0
3609 0
3609 0
3610 0
3610 0
3610 0
3610 0
3610 0
3610 0
3610 0
3610 0
3610 0
3610 0
3610 0
3610 336
3610 0
3610 0
3610 0
3610 0
3610 0
3610 0
3610 0
3610 0
3610 0
3610 0
3610 0
3610 0
3610 0
3610 0
3610 0
3610 0
3610 0
3610 0
3610 0
3610 0
3610 0
3610 0
3610 0
3610 0
3610 0
3610 0
3611 0
3611 0
3611 0
3611 0
3611 0
3611 0
3611 0
3611 0
3611 0
3611 0
3611 0
3611 1868
3611 0
3611 0
3611 0
3611 0
3611 0
3611 0
3611 0
3611 0
3611 0
3611 0
3611 0
3611 0
3611 0
3611 0
3611 0
3611 0
3611 0
3611 0
3611 0
3611 0
3611 0
3611 0
3611 0
3611 0
3611 0
3611 0
3612 0
3612 0
3612 0
3612 0
3612 0
3612 0
3612 0
3612 0
3612 0
3612 0
3612 0
3612 1150
3612 0
3612 0
3612 0
3612 0
3612 0
3612 0
3612 0
3612 0
3612 0
3612 0
3612 0
3612 0
3612 0
3612 0
3612 0
3612 0
3612 0
3612 0
3612 0
3612 0
3612 0
3612 0
3612 0
3612 0
3612 0
3612 0
3613 0
3613 0
3613 0
3613 0
3613 0
3613 0
3613 0
3613 0
3613 0
3613 0
3613 0
3613 1150
3613 0
3613 0
3613 0
3613 0
3613 0
3613 0
3613 0
3613 0
3613 0
3613 0
3613 0
3613 0
3613 0
3613 0
3613 0
3613 0
3613 0
3613 0
3613 0
3613 0
3613 0
3613 0
3613 0
3613 0
3613 0
3613 0
3615 0
3615 0
3615 0
3615 0
3615 0
3615 0
3615 0
3615 0
3615 0
3615 0
3615 0
3615 2278
3615 0
3615 0
3615 0
3615 0
3615 0
3615 0
3615 0
3615 0
3615 0
3615 0
3615 0
3615 0
3615 0
3615 0
3615 0
3615 0
3615 0
3615 0
3615 0
3615 0
3615 0
3615 0
3615 0
3615 0
3615 0
3615 0
3685 0
3685 0
3685 0
3685 0
3685 0
3685 0
3685 0
3685 0
3685 0
3685 0
3685 0
3685 801
3685 0
3685 0
3685 0
3685 0
3685 0
3685 0
3685 0
3685 0
3685 0
3685 0
3685 0
3685 0
3685 0
3685 0
3685 0
3685 0
3685 0
3685 0
3685 0
3685 0
3685 0
3685 0
3685 0
3685 0
3685 0
3685 0
3686 0
3686 0
3686 0
3686 0
3686 0
3686 0
3686 0
3686 0
3686 0
3686 0
3686 0
3686 2885
3686 0
3686 0
3686 0
3686 0
3686 0
3686 0
3686 0
3686 0
3686 0
3686 0
3686 0
3686 0
3686 0
3686 0
3686 0
3686 0
3686 0
3686 0
3686 0
3686 0
3686 0
3686 0
3686 0
3686 0
3686 0
3686 0
3687 0
3687 0
3687 0
3687 0
3687 0
3687 0
3687 0
3687 0
3687 0
3687 0
3687 0
3687 276
3687 0
3687 0
3687 0
3687 0
3687 0
3687 0
3687 0
3687 0
3687 0
3687 0
3687 0
3687 0
3687 0
3687 0
3687 0
3687 0
3687 0
3687 0
3687 0
3687 0
3687 0
3687 0
3687 0
3687 0
3687 0
3687 0
3688 0
3688 0
3688 0
3688 0
3688 0
3688 0
3688 0
3688 0
3688 0
3688 0
3688 0
3688 571
3688 0
3688 0
3688 0
3688 0
3688 0
3688 0
3688 0
3688 0
3688 0
3688 0
3688 0
3688 0
3688 0
3688 0
3688 0
3688 0
3688 0
3688 0
3688 0
3688 0
3688 0
3688 0
3688 0
3688 0
3688 0
3688 0
3690 0
3690 0
3690 0
3690 0
3690 0
3690 0
3690 0
3690 0
3690 0
3690 0
3690 0
3690 1603
3690 0
3690 0
3690 0
3690 0
3690 0
3690 0
3690 0
3690 0
3690 0
3690 0
3690 0
3690 0
3690 0
3690 0
3690 0
3690 0
3690 0
3690 0
3690 0
3690 0
3690 0
3690 0
3690 0
3690 0
3690 0
3690 0
3691 0
3691 0
3691 0
3691 0
3691 0
3691 0
3691 0
3691 0
3691 0
3691 0
3691 0
3691 940
3691 0
3691 0
3691 0
3691 0
3691 0
3691 0
3691 0
3691 0
3691 0
3691 0
3691 0
3691 0
3691 0
3691 0
3691 0
3691 0
3691 0
3691 0
3691 0
3691 0
3691 0
3691 0
3691 0
3691 0
3691 0
3691 0
3692 0
3692 0
3692 0
3692 0
3692 0
3692 0
3692 0
3692 0
3692 0
3692 0
3692 0
3692 3535
3692 0
3692 0
3692 0
3692 0
3692 0
3692 0
3692 0
3692 0
3692 0
3692 0
3692 0
3692 0
3692 0
3692 0
3692 0
3692 0
3692 0
3692 0
3692 0
3692 0
3692 0
3692 0
3692 0
3692 0
3692 0
3692 0
3693 0
3693 0
3693 0
3693 0
3693 0
3693 0
3693 0
3693 0
3693 0
3693 0
3693 0
3693 1474
3693 0
3693 0
3693 0
3693 0
3693 0
3693 0
3693 0
3693 0
3693 0
3693 0
3693 0
3693 0
3693 0
3693 0
3693 0
3693 0
3693 0
3693 0
3693 0
3693 0
3693 0
3693 0
3693 0
3693 0
3693 0
3693 0
3694 0
3694 0
3694 0
3694 0
3694 0
3694 0
3694 0
3694 0
3694 0
3694 0
3694 0
3694 2976
3694 0
3694 0
3694 0
3694 0
3694 0
3694 0
3694 0
3694 0
3694 0
3694 0
3694 0
3694 0
3694 0
3694 0
3694 0
3694 0
3694 0
3694 0
3694 0
3694 0
3694 0
3694 0
3694 0
3694 0
3694 0
3694 0
3698 0
3698 0
3698 0
3698 0
3698 0
3698 0
3698 0
3698 0
3698 0
3698 0
3698 0
3698 828
3698 0
3698 0
3698 0
3698 0
3698 0
3698 0
3698 0
3698 0
3698 0
3698 0
3698 0
3698 0
3698 0
3698 0
3698 0
3698 0
3698 0
3698 0
3698 0
3698 0
3698 0
3698 0
3698 0
3698 0
3698 0
3698 0
3773 0
3773 0
3773 0
3773 0
3773 0
3773 0
3773 0
3773 0
3773 0
3773 0
3773 0
3773 1620
3773 0
3773 0
3773 0
3773 0
3773 0
3773 0
3773 0
3773 0
3773 0
3773 0
3773 0
3773 0
3773 0
3773 0
3773 0
3773 0
3773 0
3773 0
3773 0
3773 0
3773 0
3773 0
3773 0
3773 0
3773 0
3773 0
3774 0
3774 0
3774 0
3774 0
3774 0
3774 0
3774 0
3774 0
3774 0
3774 0
3774 0
3774 801
3774 0
3774 0
3774 0
3774 0
3774 0
3774 0
3774 0
3774 0
3774 0
3774 0
3774 0
3774 0
3774 0
3774 0
3774 0
3774 0
3774 0
3774 0
3774 0
3774 0
3774 0
3774 0
3774 0
3774 0
3774 0
3774 0
3775 0
3775 0
3775 0
3775 0
3775 0
3775 0
3775 0
3775 0
3775 0
3775 0
3775 0
3775 276
3775 0
3775 0
3775 0
3775 0
3775 0
3775 0
3775 0
3775 0
3775 0
3775 0
3775 0
3775 0
3775 0
3775 0
3775 0
3775 0
3775 0
3775 0
3775 0
3775 0
3775 0
3775 0
3775 0
3775 0
3775 0
3775 0
3777 0
3777 0
3777 0
3777 0
3777 0
3777 0
3777 0
3777 0
3777 0
3777 0
3777 0
3777 1292
3777 0
3777 0
3777 0
3777 0
3777 0
3777 0
3777 0
3777 0
3777 0
3777 0
3777 0
3777 0
3777 0
3777 0
3777 0
3777 0
3777 0
3777 0
3777 0
3777 0
3777 0
3777 0
3777 0
3777 0
3777 0
3777 0
3778 0
3778 0
3778 0
3778 0
3778 0
3778 0
3778 0
3778 0
3778 0
3778 0
3778 0
3778 4098
3778 0
3778 0
3778 0
3778 0
3778 0
3778 0
3778 0
3778 0
3778 0
3778 0
3778 0
3778 0
3778 0
3778 0
3778 0
3778 0
3778 0
3778 0
3778 0
3778 0
3778 0
3778 0
3778 0
3778 0
3778 0
3778 0
3779 0
3779 0
3779 0
3779 0
3779 0
3779 0
3779 0
3779 0
3779 0
3779 0
3779 0
3779 4073
3779 0
3779 0
3779 0
3779 0
3779 0
3779 0
3779 0
3779 0
3779 0
3779 0
3779 0
3779 0
3779 0
3779 0
3779 0
3779 0
3779 0
3779 0
3779 0
3779 0
3779 0
3779 0
3779 0
3779 0
3779 0
3779 0
3780 0
3780 0
3780 0
3780 0
3780 0
3780 0
3780 0
3780 0
3780 0
3780 0
3780 0
3780 3609
3780 0
3780 0
3780 0
3780 0
3780 0
3780 0
3780 0
3780 0
3780 0
3780 0
3780 0
3780 0
3780 0
3780 0
3780 0
3780 0
3780 0
3780 0
3780 0
3780 0
3780 0
3780 0
3780 0
3780 0
3780 0
3780 0
3781 0
3781 0
3781 0
3781 0
3781 0
3781 0
3781 0
3781 0
3781 0
3781 0
3781 0
3781 2491
3781 0
3781 0
3781 0
3781 0
3781 0
3781 0
3781 0
3781 0
3781 0
3781 0
3781 0
3781 0
3781 0
3781 0
3781 0
3781 0
3781 0
3781 0
3781 0
3781 0
3781 0
3781 0
3781 0
3781 0
3781 0
3781 0
3782 0
3782 0
3782 0
3782 0
3782 0
3782 0
3782 0
3782 0
3782 0
3782 0
3782 0
3782 1500
3782 0
3782 0
3782 0
3782 0
3782 0
3782 0
3782 0
3782 0
3782 0
3782 0
3782 0
3782 0
3782 0
3782 0
3782 0
3782 0
3782 0
3782 0
3782 0
3782 0
3782 0
3782 0
3782 0
3782 0
3782 0
3782 0
3783 0
3783 0
3783 0
3783 0
3783 0
3783 0
3783 0
3783 0
3783 0
3783 0
3783 0
3783 336
3783 0
3783 0
3783 0
3783 0
3783 0
3783 0
3783 0
3783 0
3783 0
3783 0
3783 0
3783 0
3783 0
3783 0
3783 0
3783 0
3783 0
3783 0
3783 0
3783 0
3783 0
3783 0
3783 0
3783 0
3783 0
3783 0
3784 0
3784 0
3784 0
3784 0
3784 0
3784 0
3784 0
3784 0
3784 0
3784 0
3784 0
3784 2912
3784 0
3784 0
3784 0
3784 0
3784 0
3784 0
3784 0
3784 0
3784 0
3784 0
3784 0
3784 0
3784 0
3784 0
3784 0
3784 0
3784 0
3784 0
3784 0
3784 0
3784 0
3784 0
3784 0
3784 0
3784 0
3784 0
3785 0
3785 0
3785 0
3785 0
3785 0
3785 0
3785 0
3785 0
3785 0
3785 0
3785 0
3785 1442
3785 0
3785 0
3785 0
3785 0
3785 0
3785 0
3785 0
3785 0
3785 0
3785 0
3785 0
3785 0
3785 0
3785 0
3785 0
3785 0
3785 0
3785 0
3785 0
3785 0
3785 0
3785 0
3785 0
3785 0
3785 0
3785 0
3786 0
3786 0
3786 0
3786 0
3786 0
3786 0
3786 0
3786 0
3786 0
3786 0
3786 0
3786 940
3786 0
3786 0
3786 0
3786 0
3786 0
3786 0
3786 0
3786 0
3786 0
3786 0
3786 0
3786 0
3786 0
3786 0
3786 0
3786 0
3786 0
3786 0
3786 0
3786 0
3786 0
3786 0
3786 0
3786 0
3786 0
3786 0
3860 0
3860 0
3860 0
3860 0
3860 0
3860 0
3860 0
3860 0
3860 0
3860 0
3860 0
3860 801
3860 0
3860 0
3860 0
3860 0
3860 0
3860 0
3860 0
3860 0
3860 0
3860 0
3860 0
3860 0
3860 0
3860 0
3860 0
3860 0
3860 0
3860 0
3860 0
3860 0
3860 0
3860 0
3860 0
3860 0
3860 0
3860 0
3862 0
3862 0
3862 0
3862 0
3862 0
3862 0
3862 0
3862 0
3862 0
3862 0
3862 0
3862 276
3862 0
3862 0
3862 0
3862 0
3862 0
3862 0
3862 0
3862 0
3862 0
3862 0
3862 0
3862 0
3862 0
3862 0
3862 0
3862 0
3862 0
3862 0
3862 0
3862 0
3862 0
3862 0
3862 0
3862 0
3862 0
3862 0
3863 0
3863 0
3863 0
3863 0
3863 0
3863 0
3863 0
3863 0
3863 0
3863 0
3863 0
3863 276
3863 0
3863 0
3863 0
3863 0
3863 0
3863 0
3863 0
3863 0
3863 0
3863 0
3863 0
3863 0
3863 0
3863 0
3863 0
3863 0
3863 0
3863 0
3863 0
3863 0
3863 0
3863 0
3863 0
3863 0
3863 0
3863 0
3865 0
3865 0
3865 0
3865 0
3865 0
3865 0
3865 0
3865 0
3865 0
3865 0
3865 0
3865 1192
3865 0
3865 0
3865 0
3865 0
3865 0
3865 0
3865 0
3865 0
3865 0
3865 0
3865 0
3865 0
3865 0
3865 0
3865 0
3865 0
3865 0
3865 0
3865 0
3865 0
3865 0
3865 0
3865 0
3865 0
3865 0
3865 0
3866 0
3866 0
3866 0
3866 0
3866 0
3866 0
3866 0
3866 0
3866 0
3866 0
3866 0
3866 1917
3866 0
3866 0
3866 0
3866 0
3866 0
3866 0
3866 0
3866 0
3866 0
3866 0
3866 0
3866 0
3866 0
3866 0
3866 0
3866 0
3866 0
3866 0
3866 0
3866 0
3866 0
3866 0
3866 0
3866 0
3866 0
3866 0
3867 0
3867 0
3867 0
3867 0
3867 0
3867 0
3867 0
3867 0
3867 0
3867 0
3867 0
3867 2112
3867 0
3867 0
3867 0
3867 0
3867 0
3867 0
3867 0
3867 0
3867 0
3867 0
3867 0
3867 0
3867 0
3867 0
3867 0
3867 0
3867 0
3867 0
3867 0
3867 0
3867 0
3867 0
3867 0
3867 0
3867 0
3867 0
3868 0
3868 0
3868 0
3868 0
3868 0
3868 0
3868 0
3868 0
3868 0
3868 0
3868 0
3868 1012
3868 0
3868 0
3868 0
3868 0
3868 0
3868 0
3868 0
3868 0
3868 0
3868 0
3868 0
3868 0
3868 0
3868 0
3868 0
3868 0
3868 0
3868 0
3868 0
3868 0
3868 0
3868 0
3868 0
3868 0
3868 0
3868 0
3869 0
3869 0
3869 0
3869 0
3869 0
3869 0
3869 0
3869 0
3869 0
3869 0
3869 0
3869 585
3869 0
3869 0
3869 0
3869 0
3869 0
3869 0
3869 0
3869 0
3869 0
3869 0
3869 0
3869 0
3869 0
3869 0
3869 0
3869 0
3869 0
3869 0
3869 0
3869 0
3869 0
3869 0
3869 0
3869 0
3869 0
3869 0
3871 0
3871 0
3871 0
3871 0
3871 0
3871 0
3871 0
3871 0
3871 0
3871 0
3871 0
3871 1757
3871 0
3871 0
3871 0
3871 0
3871 0
3871 0
3871 0
3871 0
3871 0
3871 0
3871 0
3871 0
3871 0
3871 0
3871 0
3871 0
3871 0
3871 0
3871 0
3871 0
3871 0
3871 0
3871 0
3871 0
3871 0
3871 0
3872 0
3872 0
3872 0
3872 0
3872 0
3872 0
3872 0
3872 0
3872 0
3872 0
3872 0
3872 2278
3872 0
3872 0
3872 0
3872 0
3872 0
3872 0
3872 0
3872 0
3872 0
3872 0
3872 0
3872 0
3872 0
3872 0
3872 0
3872 0
3872 0
3872 0
3872 0
3872 0
3872 0
3872 0
3872 0
3872 0
3872 0
3872 0
3949 0
3949 0
3949 0
3949 0
3949 0
3949 0
3949 0
3949 0
3949 0
3949 0
3949 0
3949 276
3949 0
3949 0
3949 0
3949 0
3949 0
3949 0
3949 0
3949 0
3949 0
3949 0
3949 0
3949 0
3949 0
3949 0
3949 0
3949 0
3949 0
3949 0
3949 0
3949 0
3949 0
3949 0
3949 0
3949 0
3949 0
3949 0
3953 0
3953 0
3953 0
3953 0
3953 0
3953 0
3953 0
3953 0
3953 0
3953 0
3953 0
3953 1292
3953 0
3953 0
3953 0
3953 0
3953 0
3953 0
3953 0
3953 0
3953 0
3953 0
3953 0
3953 0
3953 0
3953 0
3953 0
3953 0
3953 0
3953 0
3953 0
3953 0
3953 0
3953 0
3953 0
3953 0
3953 0
3953 0
3954 0
3954 0
3954 0
3954 0
3954 0
3954 0
3954 0
3954 0
3954 0
3954 0
3954 0
3954 555
3954 0
3954 0
3954 0
3954 0
3954 0
3954 0
3954 0
3954 0
3954 0
3954 0
3954 0
3954 0
3954 0
3954 0
3954 0
3954 0
3954 0
3954 0
3954 0
3954 0
3954 0
3954 0
3954 0
3954 0
3954 0
3954 0
3955 0
3955 0
3955 0
3955 0
3955 0
3955 0
3955 0
3955 0
3955 0
3955 0
3955 0
3955 324
3955 0
3955 0
3955 0
3955 0
3955 0
3955 0
3955 0
3955 0
3955 0
3955 0
3955 0
3955 0
3955 0
3955 0
3955 0
3955 0
3955 0
3955 0
3955 0
3955 0
3955 0
3955 0
3955 0
3955 0
3955 0
3955 0
3956 0
3956 0
3956 0
3956 0
3956 0
3956 0
3956 0
3956 0
3956 0
3956 0
3956 0
3956 1048
3956 0
3956 0
3956 0
3956 0
3956 0
3956 0
3956 0
3956 0
3956 0
3956 0
3956 0
3956 0
3956 0
3956 0
3956 0
3956 0
3956 0
3956 0
3956 0
3956 0
3956 0
3956 0
3956 0
3956 0
3956 0
3956 0
3957 0
3957 0
3957 0
3957 0
3957 0
3957 0
3957 0
3957 0
3957 0
3957 0
3957 0
3957 585
3957 0
3957 0
3957 0
3957 0
3957 0
3957 0
3957 0
3957 0
3957 0
3957 0
3957 0
3957 0
3957 0
3957 0
3957 0
3957 0
3957 0
3957 0
3957 0
3957 0
3957 0
3957 0
3957 0
3957 0
3957 0
3957 0
3960 0
3960 0
3960 0
3960 0
3960 0
3960 0
3960 0
3960 0
3960 0
3960 0
3960 0
3960 828
3960 0
3960 0
3960 0
3960 0
3960 0
3960 0
3960 0
3960 0
3960 0
3960 0
3960 0
3960 0
3960 0
3960 0
3960 0
3960 0
3960 0
3960 0
3960 0
3960 0
3960 0
3960 0
3960 0
3960 0
3960 0
3960 0
3961 0
3961 0
3961 0
3961 0
3961 0
3961 0
3961 0
3961 0
3961 0
3961 0
3961 0
3961 828
3961 0
3961 0
3961 0
3961 0
3961 0
3961 0
3961 0
3961 0
3961 0
3961 0
3961 0
3961 0
3961 0
3961 0
3961 0
3961 0
3961 0
3961 0
3961 0
3961 0
3961 0
3961 0
3961 0
3961 0
3961 0
3961 0
3962 0
3962 0
3962 0
3962 0
3962 0
3962 0
3962 0
3962 0
3962 0
3962 0
3962 0
3962 940
3962 0
3962 0
3962 0
3962 0
3962 0
3962 0
3962 0
3962 0
3962 0
3962 0
3962 0
3962 0
3962 0
3962 0
3962 0
3962 0
3962 0
3962 0
3962 0
3962 0
3962 0
3962 0
3962 0
3962 0
3962 0
3962 0
4040 0
4040 0
4040 0
4040 0
4040 0
4040 0
4040 0
4040 0
4040 0
4040 0
4040 0
4040 276
4040 0
4040 0
4040 0
4040 0
4040 0
4040 0
4040 0
4040 0
4040 0
4040 0
4040 0
4040 0
4040 0
4040 0
4040 0
4040 0
4040 0
4040 0
4040 0
4040 0
4040 0
4040 0
4040 0
4040 0
4040 0
4040 0
4044 0
4044 0
4044 0
4044 0
4044 0
4044 0
4044 0
4044 0
4044 0
4044 0
4044 0
4044 1292
4044 0
4044 0
4044 0
4044 0
4044 0
4044 0
4044 0
4044 0
4044 0
4044 0
4044 0
4044 0
4044 0
4044 0
4044 0
4044 0
4044 0
4044 0
4044 0
4044 0
4044 0
4044 0
4044 0
4044 0
4044 0
4044 0
4045 0
4045 0
4045 0
4045 0
4045 0
4045 0
4045 0
4045 0
4045 0
4045 0
4045 0
4045 2125
4045 0
4045 0
4045 0
4045 0
4045 0
4045 0
4045 0
4045 0
4045 0
4045 0
4045 0
4045 0
4045 0
4045 0
4045 0
4045 0
4045 0
4045 0
4045 0
4045 0
4045 0
4045 0
4045 0
4045 0
4045 0
4045 0
4046 0
4046 0
4046 0
4046 0
4046 0
4046 0
4046 0
4046 0
4046 0
4046 0
4046 0
4046 585
4046 0
4046 0
4046 0
4046 0
4046 0
4046 0
4046 0
4046 0
4046 0
4046 0
4046 0
4046 0
4046 0
4046 0
4046 0
4046 0
4046 0
4046 0
4046 0
4046 0
4046 0
4046 0
4046 0
4046 0
4046 0
4046 0
4047 0
4047 0
4047 0
4047 0
4047 0
4047 0
4047 0
4047 0
4047 0
4047 0
4047 0
4047 585
4047 0
4047 0
4047 0
4047 0
4047 0
4047 0
4047 0
4047 0
4047 0
4047 0
4047 0
4047 0
4047 0
4047 0
4047 0
4047 0
4047 0
4047 0
4047 0
4047 0
4047 0
4047 0
4047 0
4047 0
4047 0
4047 0
4051 0
4051 0
4051 0
4051 0
4051 0
4051 0
4051 0
4051 0
4051 0
4051 0
4051 0
4051 940
4051 0
4051 0
4051 0
4051 0
4051 0
4051 0
4051 0
4051 0
4051 0
4051 0
4051 0
4051 0
4051 0
4051 0
4051 0
4051 0
4051 0
4051 0
4051 0
4051 0
4051 0
4051 0
4051 0
4051 0
4051 0
4051 0
4135 0
4135 0
4135 0
4135 0
4135 0
4135 0
4135 0
4135 0
4135 0
4135 0
4135 0
4135 377
4135 0
4135 0
4135 0
4135 0
4135 0
4135 0
4135 0
4135 0
4135 0
4135 0
4135 0
4135 0
4135 0
4135 0
4135 0
4135 0
4135 0
4135 0
4135 0
4135 0
4135 0
4135 0
4135 0
4135 0
4135 0
4135 0
4233 0
4233 0
4233 0
4233 0
4233 0
4233 0
4233 0
4233 0
4233 0
4233 0
4233 0
4233 940
4233 0
4233 0
4233 0
4233 0
4233 0
4233 0
4233 0
4233 0
4233 0
4233 0
4233 0
4233 0
4233 0
4233 0
4233 0
4233 0
4233 0
4233 0
4233 0
4233 0
4233 0
4233 0
4233 0
4233 0
4233 0
4233 0
4319 0
4319 0
4319 0
4319 0
4319 0
4319 0
4319 0
4319 0
4319 0
4319 0
4319 0
4319 722
4319 0
4319 0
4319 0
4319 0
4319 0
4319 0
4319 0
4319 0
4319 0
4319 0
4319 0
4319 0
4319 0
4319 0
4319 0
4319 0
4319 0
4319 0
4319 0
4319 0
4319 0
4319 0
4319 0
4319 0
4319 0
4319 0
4411 0
4411 0
4411 0
4411 0
4411 0
4411 0
4411 0
4411 0
4411 0
4411 0
4411 0
4411 722
4411 0
4411 0
4411 0
4411 0
4411 0
4411 0
4411 0
4411 0
4411 0
4411 0
4411 0
4411 0
4411 0
4411 0
4411 0
4411 0
4411 0
4411 0
4411 0
4411 0
4411 0
4411 0
4411 0
4411 0
4411 0
4411 0
4502 0
4502 0
4502 0
4502 0
4502 0
4502 0
4502 0
4502 0
4502 0
4502 0
4502 0
4502 452
4502 0
4502 0
4502 0
4502 0
4502 0
4502 0
4502 0
4502 0
4502 0
4502 0
4502 0
4502 0
4502 0
4502 0
4502 0
4502 0
4502 0
4502 0
4502 0
4502 0
4502 0
4502 0
4502 0
4502 0
4502 0
4502 0
4503 0
4503 0
4503 0
4503 0
4503 0
4503 0
4503 0
4503 0
4503 0
4503 0
4503 0
4503 452
4503 0
4503 0
4503 0
4503 0
4503 0
4503 0
4503 0
4503 0
4503 0
4503 0
4503 0
4503 0
4503 0
4503 0
4503 0
4503 0
4503 0
4503 0
4503 0
4503 0
4503 0
4503 0
4503 0
4503 0
4503 0
4503 0
4504 0
4504 0
4504 0
4504 0
4504 0
4504 0
4504 0
4504 0
4504 0
4504 0
4504 0
4504 452
4504 0
4504 0
4504 0
4504 0
4504 0
4504 0
4504 0
4504 0
4504 0
4504 0
4504 0
4504 0
4504 0
4504 0
4504 0
4504 0
4504 0
4504 0
4504 0
4504 0
4504 0
4504 0
4504 0
4504 0
4504 0
4504 0
