pt_graph cpue_kghour
5953 0
5953 11
5953 0
5953 0
5953 0
5953 0
5953 0
5953 0
5953 0
5953 0
5953 0
5953 0
5953 0
5953 0
5953 0
5953 0
5953 0
5953 0
5953 0
5953 0
5953 0
5953 0
5953 0
5953 0
5953 0
5953 0
5953 0
5953 0
5953 0
5953 0
5953 0
5953 0
5953 0
5953 0
5953 0
5953 0
5953 0
5953 0
6034 0
6034 41
6034 0
6034 0
6034 0
6034 0
6034 0
6034 0
6034 0
6034 0
6034 0
6034 0
6034 0
6034 0
6034 0
6034 0
6034 0
6034 0
6034 0
6034 0
6034 0
6034 0
6034 0
6034 0
6034 0
6034 0
6034 0
6034 0
6034 0
6034 0
6034 0
6034 0
6034 0
6034 0
6034 0
6034 0
6034 0
6034 0
6114 0
6114 36
6114 0
6114 0
6114 0
6114 0
6114 0
6114 0
6114 0
6114 0
6114 0
6114 0
6114 0
6114 0
6114 0
6114 0
6114 0
6114 0
6114 0
6114 0
6114 0
6114 0
6114 0
6114 0
6114 0
6114 0
6114 0
6114 0
6114 0
6114 0
6114 0
6114 0
6114 0
6114 0
6114 0
6114 0
6114 0
6114 0
6115 0
6115 82
6115 0
6115 0
6115 0
6115 0
6115 0
6115 0
6115 0
6115 0
6115 0
6115 0
6115 0
6115 0
6115 0
6115 0
6115 0
6115 0
6115 0
6115 0
6115 0
6115 0
6115 0
6115 0
6115 0
6115 0
6115 0
6115 0
6115 0
6115 0
6115 0
6115 0
6115 0
6115 0
6115 0
6115 0
6115 0
6115 0
6191 0
6191 24
6191 0
6191 0
6191 0
6191 0
6191 0
6191 0
6191 0
6191 0
6191 0
6191 0
6191 0
6191 0
6191 0
6191 0
6191 0
6191 0
6191 0
6191 0
6191 0
6191 0
6191 0
6191 0
6191 0
6191 0
6191 0
6191 0
6191 0
6191 0
6191 0
6191 0
6191 0
6191 0
6191 0
6191 0
6191 0
6191 0
6265 0
6265 6
6265 0
6265 0
6265 0
6265 0
6265 0
6265 0
6265 0
6265 0
6265 0
6265 0
6265 0
6265 0
6265 0
6265 0
6265 0
6265 0
6265 0
6265 0
6265 0
6265 0
6265 0
6265 0
6265 0
6265 0
6265 0
6265 0
6265 0
6265 0
6265 0
6265 0
6265 0
6265 0
6265 0
6265 0
6265 0
6265 0
6266 0
6266 16
6266 0
6266 0
6266 0
6266 0
6266 0
6266 0
6266 0
6266 0
6266 0
6266 0
6266 0
6266 0
6266 0
6266 0
6266 0
6266 0
6266 0
6266 0
6266 0
6266 0
6266 0
6266 0
6266 0
6266 0
6266 0
6266 0
6266 0
6266 0
6266 0
6266 0
6266 0
6266 0
6266 0
6266 0
6266 0
6266 0
6343 0
6343 82
6343 0
6343 0
6343 0
6343 0
6343 0
6343 0
6343 0
6343 0
6343 0
6343 0
6343 0
6343 0
6343 0
6343 0
6343 0
6343 0
6343 0
6343 0
6343 0
6343 0
6343 0
6343 0
6343 0
6343 0
6343 0
6343 0
6343 0
6343 0
6343 0
6343 0
6343 0
6343 0
6343 0
6343 0
6343 0
6343 0
6500 0
6500 47
6500 0
6500 0
6500 0
6500 0
6500 0
6500 0
6500 0
6500 0
6500 0
6500 0
6500 0
6500 0
6500 0
6500 0
6500 0
6500 0
6500 0
6500 0
6500 0
6500 0
6500 0
6500 0
6500 0
6500 0
6500 0
6500 1
6500 0
6500 0
6500 0
6500 0
6500 0
6500 0
6500 0
6500 0
6500 0
6500 0
6582 0
6582 40
6582 0
6582 0
6582 0
6582 0
6582 0
6582 0
6582 0
6582 1
6582 0
6582 0
6582 0
6582 0
6582 0
6582 0
6582 0
6582 0
6582 0
6582 0
6582 0
6582 0
6582 0
6582 0
6582 0
6582 0
6582 0
6582 3
6582 0
6582 0
6582 0
6582 0
6582 0
6582 0
6582 0
6582 0
6582 0
6582 0
6583 0
6583 121
6583 0
6583 0
6583 0
6583 0
6583 0
6583 0
6583 0
6583 3
6583 0
6583 0
6583 0
6583 0
6583 0
6583 0
6583 0
6583 0
6583 0
6583 0
6583 0
6583 0
6583 0
6583 0
6583 1
6583 0
6583 0
6583 5
6583 0
6583 0
6583 1
6583 0
6583 0
6583 0
6583 0
6583 0
6583 0
6583 0
6661 0
6661 181
6661 0
6661 0
6661 0
6661 0
6661 0
6661 0
6661 0
6661 1
6661 0
6661 0
6661 0
6661 0
6661 0
6661 0
6661 0
6661 0
6661 0
6661 0
6661 0
6661 0
6661 0
6661 0
6661 1
6661 0
6661 0
6661 6
6661 0
6661 0
6661 0
6661 0
6661 0
6661 0
6661 0
6661 0
6661 0
6661 0
6662 0
6662 47
6662 0
6662 0
6662 0
6662 0
6662 0
6662 0
6662 0
6662 1
6662 0
6662 0
6662 0
6662 0
6662 0
6662 0
6662 0
6662 0
6662 0
6662 0
6662 0
6662 0
6662 0
6662 0
6662 0
6662 0
6662 0
6662 0
6662 0
6662 0
6662 0
6662 0
6662 0
6662 0
6662 0
6662 0
6662 0
6662 0
6666 0
6666 37
6666 0
6666 0
6666 0
6666 0
6666 0
6666 0
6666 0
6666 1
6666 0
6666 0
6666 0
6666 0
6666 0
6666 0
6666 0
6666 0
6666 0
6666 0
6666 0
6666 0
6666 0
6666 0
6666 0
6666 0
6666 0
6666 1
6666 0
6666 0
6666 0
6666 0
6666 0
6666 0
6666 0
6666 0
6666 0
6666 0
6741 0
6741 30
6741 0
6741 0
6741 0
6741 0
6741 0
6741 0
6741 0
6741 0
6741 0
6741 0
6741 0
6741 0
6741 0
6741 0
6741 0
6741 0
6741 0
6741 0
6741 0
6741 0
6741 0
6741 0
6741 0
6741 0
6741 0
6741 0
6741 0
6741 0
6741 0
6741 0
6741 0
6741 0
6741 0
6741 0
6741 0
6741 0
6742 0
6742 15
6742 0
6742 0
6742 0
6742 0
6742 0
6742 0
6742 0
6742 0
6742 0
6742 0
6742 0
6742 0
6742 0
6742 0
6742 0
6742 0
6742 0
6742 0
6742 0
6742 0
6742 0
6742 0
6742 0
6742 0
6742 0
6742 0
6742 0
6742 0
6742 0
6742 0
6742 0
6742 0
6742 0
6742 0
6742 0
6742 0
6810 0
6810 16
6810 0
6810 0
6810 0
6810 0
6810 0
6810 0
6810 0
6810 1
6810 0
6810 0
6810 0
6810 0
6810 0
6810 0
6810 0
6810 0
6810 0
6810 0
6810 0
6810 0
6810 0
6810 0
6810 0
6810 0
6810 0
6810 2
6810 0
6810 0
6810 0
6810 0
6810 0
6810 0
6810 0
6810 0
6810 0
6810 0
6816 0
6816 93
6816 0
6816 0
6816 0
6816 0
6816 0
6816 0
6816 0
6816 1
6816 0
6816 0
6816 0
6816 0
6816 0
6816 0
6816 0
6816 0
6816 0
6816 0
6816 0
6816 0
6816 0
6816 0
6816 1
6816 0
6816 0
6816 3
6816 0
6816 0
6816 0
6816 0
6816 0
6816 0
6816 0
6816 0
6816 0
6816 0
6817 0
6817 37
6817 0
6817 0
6817 0
6817 0
6817 0
6817 0
6817 0
6817 0
6817 0
6817 0
6817 0
6817 0
6817 0
6817 0
6817 0
6817 0
6817 0
6817 0
6817 0
6817 0
6817 0
6817 0
6817 0
6817 0
6817 0
6817 0
6817 0
6817 0
6817 0
6817 0
6817 0
6817 0
6817 0
6817 0
6817 0
6817 0
6880 0
6880 40
6880 0
6880 0
6880 0
6880 0
6880 0
6880 0
6880 0
6880 0
6880 0
6880 0
6880 0
6880 0
6880 0
6880 0
6880 0
6880 0
6880 0
6880 0
6880 0
6880 0
6880 0
6880 0
6880 0
6880 0
6880 0
6880 4
6880 0
6880 0
6880 1
6880 0
6880 0
6880 0
6880 0
6880 0
6880 0
6880 0
6881 0
6881 16
6881 0
6881 0
6881 0
6881 0
6881 0
6881 0
6881 0
6881 1
6881 0
6881 0
6881 0
6881 0
6881 0
6881 0
6881 0
6881 0
6881 0
6881 0
6881 0
6881 0
6881 0
6881 0
6881 0
6881 0
6881 0
6881 2
6881 0
6881 0
6881 0
6881 0
6881 0
6881 0
6881 0
6881 0
6881 0
6881 0
6887 0
6887 181
6887 0
6887 0
6887 0
6887 0
6887 0
6887 0
6887 0
6887 1
6887 0
6887 0
6887 0
6887 0
6887 0
6887 0
6887 0
6887 0
6887 0
6887 0
6887 0
6887 0
6887 0
6887 0
6887 1
6887 0
6887 0
6887 6
6887 0
6887 0
6887 0
6887 0
6887 0
6887 0
6887 0
6887 0
6887 0
6887 0
6949 0
6949 46
6949 0
6949 0
6949 0
6949 0
6949 0
6949 0
6949 0
6949 0
6949 0
6949 0
6949 0
6949 0
6949 0
6949 0
6949 0
6949 0
6949 0
6949 0
6949 0
6949 0
6949 0
6949 0
6949 0
6949 0
6949 0
6949 5
6949 0
6949 0
6949 3
6949 0
6949 0
6949 0
6949 0
6949 0
6949 0
6949 0
6950 0
6950 37
6950 0
6950 0
6950 0
6950 0
6950 0
6950 0
6950 0
6950 0
6950 0
6950 0
6950 0
6950 0
6950 0
6950 0
6950 0
6950 0
6950 0
6950 0
6950 0
6950 0
6950 0
6950 0
6950 0
6950 0
6950 0
6950 4
6950 0
6950 0
6950 2
6950 0
6950 0
6950 0
6950 0
6950 0
6950 0
6950 0
6951 0
6951 17
6951 0
6951 0
6951 0
6951 0
6951 0
6951 0
6951 0
6951 1
6951 0
6951 0
6951 0
6951 0
6951 0
6951 0
6951 0
6951 0
6951 0
6951 0
6951 0
6951 0
6951 0
6951 0
6951 0
6951 0
6951 0
6951 2
6951 0
6951 0
6951 0
6951 0
6951 0
6951 0
6951 0
6951 0
6951 0
6951 0
6952 0
6952 58
6952 0
6952 0
6952 0
6952 0
6952 0
6952 0
6952 0
6952 2
6952 0
6952 0
6952 0
6952 0
6952 0
6952 0
6952 0
6952 0
6952 0
6952 0
6952 0
6952 0
6952 0
6952 0
6952 0
6952 0
6952 0
6952 2
6952 0
6952 0
6952 0
6952 0
6952 0
6952 0
6952 0
6952 0
6952 0
6952 0
6954 0
6954 20
6954 0
6954 0
6954 0
6954 0
6954 0
6954 0
6954 0
6954 2
6954 0
6954 0
6954 0
6954 0
6954 0
6954 0
6954 0
6954 0
6954 0
6954 0
6954 0
6954 0
6954 0
6954 0
6954 0
6954 0
6954 0
6954 2
6954 0
6954 0
6954 0
6954 0
6954 0
6954 0
6954 0
6954 0
6954 0
6954 0
7023 0
7023 27
7023 0
7023 0
7023 0
7023 0
7023 0
7023 0
7023 0
7023 0
7023 0
7023 0
7023 0
7023 0
7023 0
7023 0
7023 0
7023 0
7023 0
7023 0
7023 0
7023 0
7023 0
7023 0
7023 0
7023 0
7023 0
7023 3
7023 0
7023 0
7023 1
7023 0
7023 0
7023 0
7023 0
7023 0
7023 0
7023 0
7024 0
7024 16
7024 0
7024 0
7024 0
7024 0
7024 0
7024 0
7024 0
7024 0
7024 0
7024 0
7024 0
7024 0
7024 0
7024 0
7024 0
7024 0
7024 0
7024 0
7024 0
7024 0
7024 0
7024 0
7024 0
7024 0
7024 0
7024 2
7024 0
7024 0
7024 1
7024 0
7024 0
7024 0
7024 0
7024 0
7024 0
7024 0
7025 0
7025 51
7025 0
7025 0
7025 0
7025 0
7025 0
7025 0
7025 0
7025 1
7025 0
7025 0
7025 0
7025 0
7025 0
7025 0
7025 0
7025 0
7025 0
7025 0
7025 0
7025 0
7025 0
7025 0
7025 0
7025 0
7025 0
7025 1
7025 0
7025 0
7025 0
7025 0
7025 0
7025 0
7025 0
7025 0
7025 0
7025 0
7026 0
7026 13
7026 0
7026 0
7026 0
7026 0
7026 0
7026 0
7026 0
7026 1
7026 0
7026 0
7026 0
7026 0
7026 0
7026 0
7026 0
7026 0
7026 0
7026 0
7026 0
7026 0
7026 0
7026 0
7026 0
7026 0
7026 0
7026 1
7026 0
7026 0
7026 0
7026 0
7026 0
7026 0
7026 0
7026 0
7026 0
7026 0
7027 0
7027 20
7027 0
7027 0
7027 0
7027 0
7027 0
7027 0
7027 0
7027 1
7027 0
7027 0
7027 0
7027 0
7027 0
7027 0
7027 0
7027 0
7027 0
7027 0
7027 0
7027 0
7027 0
7027 0
7027 0
7027 0
7027 0
7027 1
7027 0
7027 0
7027 0
7027 0
7027 0
7027 0
7027 0
7027 0
7027 0
7027 0
7028 0
7028 12
7028 0
7028 0
7028 0
7028 0
7028 0
7028 0
7028 0
7028 1
7028 0
7028 0
7028 0
7028 0
7028 0
7028 0
7028 0
7028 0
7028 0
7028 0
7028 0
7028 0
7028 0
7028 0
7028 0
7028 0
7028 0
7028 1
7028 0
7028 0
7028 0
7028 0
7028 0
7028 0
7028 0
7028 0
7028 0
7028 0
7031 0
7031 52
7031 0
7031 0
7031 0
7031 0
7031 0
7031 0
7031 0
7031 2
7031 0
7031 0
7031 0
7031 0
7031 0
7031 0
7031 0
7031 0
7031 0
7031 0
7031 0
7031 0
7031 0
7031 0
7031 0
7031 0
7031 0
7031 0
7031 0
7031 0
7031 0
7031 0
7031 0
7031 0
7031 0
7031 0
7031 0
7031 0
7032 0
7032 70
7032 0
7032 0
7032 0
7032 0
7032 0
7032 0
7032 0
7032 22
7032 0
7032 0
7032 0
7032 0
7032 0
7032 0
7032 0
7032 0
7032 0
7032 0
7032 0
7032 0
7032 0
7032 0
7032 2
7032 0
7032 0
7032 33
7032 0
7032 0
7032 0
7032 0
7032 0
7032 0
7032 0
7032 0
7032 0
7032 0
7094 0
7094 37
7094 0
7094 0
7094 0
7094 0
7094 0
7094 0
7094 0
7094 0
7094 0
7094 0
7094 0
7094 0
7094 0
7094 0
7094 0
7094 0
7094 0
7094 0
7094 0
7094 0
7094 0
7094 0
7094 0
7094 0
7094 0
7094 4
7094 0
7094 0
7094 2
7094 0
7094 0
7094 0
7094 0
7094 0
7094 0
7094 0
7095 0
7095 28
7095 0
7095 0
7095 0
7095 0
7095 0
7095 0
7095 0
7095 1
7095 0
7095 0
7095 0
7095 0
7095 0
7095 0
7095 0
7095 0
7095 0
7095 0
7095 0
7095 0
7095 0
7095 0
7095 0
7095 0
7095 0
7095 3
7095 0
7095 0
7095 1
7095 0
7095 0
7095 0
7095 0
7095 0
7095 0
7095 0
7096 0
7096 23
7096 0
7096 0
7096 0
7096 0
7096 0
7096 0
7096 0
7096 1
7096 0
7096 0
7096 0
7096 0
7096 0
7096 0
7096 0
7096 0
7096 0
7096 0
7096 0
7096 0
7096 0
7096 0
7096 0
7096 0
7096 0
7096 2
7096 0
7096 0
7096 1
7096 0
7096 0
7096 0
7096 0
7096 0
7096 0
7096 0
7097 0
7097 25
7097 0
7097 0
7097 0
7097 0
7097 0
7097 0
7097 0
7097 1
7097 0
7097 0
7097 0
7097 0
7097 0
7097 0
7097 0
7097 0
7097 0
7097 0
7097 0
7097 0
7097 0
7097 0
7097 0
7097 0
7097 0
7097 2
7097 0
7097 0
7097 0
7097 0
7097 0
7097 0
7097 0
7097 0
7097 0
7097 0
7099 0
7099 36
7099 0
7099 0
7099 0
7099 0
7099 0
7099 0
7099 0
7099 0
7099 0
7099 0
7099 0
7099 0
7099 0
7099 0
7099 0
7099 0
7099 0
7099 0
7099 0
7099 0
7099 0
7099 0
7099 0
7099 0
7099 0
7099 0
7099 0
7099 0
7099 0
7099 0
7099 0
7099 0
7099 0
7099 0
7099 0
7099 0
7100 0
7100 29
7100 0
7100 0
7100 0
7100 0
7100 0
7100 0
7100 0
7100 0
7100 0
7100 0
7100 0
7100 0
7100 0
7100 0
7100 0
7100 0
7100 0
7100 0
7100 0
7100 0
7100 0
7100 0
7100 0
7100 0
7100 0
7100 0
7100 0
7100 0
7100 0
7100 0
7100 0
7100 0
7100 0
7100 0
7100 0
7100 0
7103 0
7103 88
7103 0
7103 0
7103 0
7103 0
7103 0
7103 0
7103 0
7103 41
7103 0
7103 0
7103 0
7103 0
7103 0
7103 0
7103 0
7103 0
7103 0
7103 0
7103 0
7103 0
7103 0
7103 0
7103 5
7103 0
7103 0
7103 66
7103 0
7103 0
7103 0
7103 0
7103 0
7103 0
7103 0
7103 0
7103 0
7103 0
7164 0
7164 26
7164 0
7164 0
7164 0
7164 0
7164 0
7164 0
7164 0
7164 0
7164 0
7164 0
7164 0
7164 0
7164 0
7164 0
7164 0
7164 0
7164 0
7164 0
7164 0
7164 0
7164 0
7164 0
7164 0
7164 0
7164 0
7164 3
7164 0
7164 0
7164 1
7164 0
7164 0
7164 0
7164 0
7164 0
7164 0
7164 0
7165 0
7165 38
7165 0
7165 0
7165 0
7165 0
7165 0
7165 0
7165 0
7165 1
7165 0
7165 0
7165 0
7165 0
7165 0
7165 0
7165 0
7165 0
7165 0
7165 0
7165 0
7165 0
7165 0
7165 0
7165 0
7165 0
7165 0
7165 3
7165 0
7165 0
7165 1
7165 0
7165 0
7165 0
7165 0
7165 0
7165 0
7165 0
7166 0
7166 38
7166 0
7166 0
7166 0
7166 0
7166 0
7166 0
7166 0
7166 1
7166 0
7166 0
7166 0
7166 0
7166 0
7166 0
7166 0
7166 0
7166 0
7166 0
7166 0
7166 0
7166 0
7166 0
7166 0
7166 0
7166 0
7166 3
7166 0
7166 0
7166 1
7166 0
7166 0
7166 0
7166 0
7166 0
7166 0
7166 0
7167 0
7167 29
7167 0
7167 0
7167 0
7167 0
7167 0
7167 0
7167 0
7167 1
7167 0
7167 0
7167 0
7167 0
7167 0
7167 0
7167 0
7167 0
7167 0
7167 0
7167 0
7167 0
7167 0
7167 0
7167 0
7167 0
7167 0
7167 2
7167 0
7167 0
7167 0
7167 0
7167 0
7167 0
7167 0
7167 0
7167 0
7167 0
7168 0
7168 20
7168 0
7168 0
7168 0
7168 0
7168 0
7168 0
7168 0
7168 1
7168 0
7168 0
7168 0
7168 0
7168 0
7168 0
7168 0
7168 0
7168 0
7168 0
7168 0
7168 0
7168 0
7168 0
7168 0
7168 0
7168 0
7168 1
7168 0
7168 0
7168 2
7168 0
7168 0
7168 0
7168 0
7168 0
7168 0
7168 0
7169 0
7169 25
7169 0
7169 0
7169 0
7169 0
7169 0
7169 0
7169 0
7169 0
7169 0
7169 0
7169 0
7169 0
7169 0
7169 0
7169 0
7169 0
7169 0
7169 0
7169 0
7169 0
7169 0
7169 0
7169 0
7169 0
7169 0
7169 1
7169 0
7169 0
7169 3
7169 0
7169 0
7169 0
7169 0
7169 0
7169 0
7169 0
7170 0
7170 21
7170 0
7170 0
7170 0
7170 0
7170 0
7170 0
7170 0
7170 0
7170 0
7170 0
7170 0
7170 0
7170 0
7170 0
7170 0
7170 0
7170 0
7170 0
7170 0
7170 0
7170 0
7170 0
7170 0
7170 0
7170 0
7170 0
7170 0
7170 0
7170 0
7170 0
7170 0
7170 0
7170 0
7170 0
7170 0
7170 0
7221 0
7221 24
7221 0
7221 0
7221 0
7221 0
7221 0
7221 0
7221 0
7221 0
7221 0
7221 0
7221 0
7221 0
7221 0
7221 0
7221 0
7221 0
7221 0
7221 0
7221 0
7221 0
7221 0
7221 0
7221 0
7221 0
7221 0
7221 0
7221 0
7221 0
7221 1
7221 0
7221 0
7221 0
7221 0
7221 0
7221 0
7221 0
7228 0
7228 57
7228 0
7228 0
7228 0
7228 0
7228 0
7228 0
7228 0
7228 1
7228 0
7228 0
7228 0
7228 0
7228 0
7228 0
7228 0
7228 0
7228 0
7228 0
7228 0
7228 0
7228 0
7228 0
7228 0
7228 0
7228 0
7228 4
7228 0
7228 0
7228 0
7228 0
7228 0
7228 0
7228 0
7228 0
7228 0
7228 0
7230 0
7230 23
7230 0
7230 0
7230 0
7230 0
7230 0
7230 0
7230 0
7230 1
7230 0
7230 0
7230 0
7230 0
7230 0
7230 0
7230 0
7230 0
7230 0
7230 0
7230 0
7230 0
7230 0
7230 0
7230 0
7230 0
7230 0
7230 1
7230 0
7230 0
7230 10
7230 0
7230 0
7230 0
7230 0
7230 0
7230 0
7230 0
7231 0
7231 19
7231 0
7231 0
7231 0
7231 0
7231 0
7231 0
7231 0
7231 1
7231 0
7231 0
7231 0
7231 0
7231 0
7231 0
7231 0
7231 0
7231 0
7231 0
7231 0
7231 0
7231 0
7231 0
7231 0
7231 0
7231 0
7231 2
7231 0
7231 0
7231 2
7231 0
7231 0
7231 0
7231 0
7231 0
7231 0
7231 0
7232 0
7232 36
7232 0
7232 0
7232 0
7232 0
7232 0
7232 0
7232 0
7232 1
7232 0
7232 0
7232 0
7232 0
7232 0
7232 0
7232 0
7232 0
7232 0
7232 0
7232 0
7232 0
7232 0
7232 0
7232 0
7232 0
7232 0
7232 2
7232 0
7232 0
7232 2
7232 0
7232 0
7232 0
7232 0
7232 0
7232 0
7232 0
7233 0
7233 32
7233 0
7233 0
7233 0
7233 0
7233 0
7233 0
7233 0
7233 1
7233 0
7233 0
7233 0
7233 0
7233 0
7233 0
7233 0
7233 0
7233 0
7233 0
7233 0
7233 0
7233 0
7233 0
7233 0
7233 0
7233 0
7233 2
7233 0
7233 0
7233 3
7233 0
7233 0
7233 0
7233 0
7233 0
7233 0
7233 0
7234 0
7234 27
7234 0
7234 0
7234 0
7234 0
7234 0
7234 0
7234 0
7234 1
7234 0
7234 0
7234 0
7234 0
7234 0
7234 0
7234 0
7234 0
7234 0
7234 0
7234 0
7234 0
7234 0
7234 0
7234 0
7234 0
7234 0
7234 2
7234 0
7234 0
7234 3
7234 0
7234 0
7234 0
7234 0
7234 0
7234 0
7234 0
7235 0
7235 30
7235 0
7235 0
7235 0
7235 0
7235 0
7235 0
7235 0
7235 0
7235 0
7235 0
7235 0
7235 0
7235 0
7235 0
7235 0
7235 0
7235 0
7235 0
7235 0
7235 0
7235 0
7235 0
7235 0
7235 0
7235 0
7235 1
7235 0
7235 0
7235 0
7235 0
7235 0
7235 0
7235 0
7235 0
7235 0
7235 0
7236 0
7236 29
7236 0
7236 0
7236 0
7236 0
7236 0
7236 0
7236 0
7236 0
7236 0
7236 0
7236 0
7236 0
7236 0
7236 0
7236 0
7236 0
7236 0
7236 0
7236 0
7236 0
7236 0
7236 0
7236 0
7236 0
7236 0
7236 1
7236 0
7236 0
7236 2
7236 0
7236 0
7236 0
7236 0
7236 0
7236 0
7236 0
7237 0
7237 121
7237 0
7237 0
7237 0
7237 0
7237 0
7237 0
7237 0
7237 0
7237 0
7237 0
7237 0
7237 0
7237 0
7237 0
7237 0
7237 0
7237 0
7237 0
7237 0
7237 0
7237 0
7237 0
7237 0
7237 0
7237 0
7237 1
7237 0
7237 0
7237 0
7237 0
7237 0
7237 0
7237 0
7237 0
7237 0
7237 0
7287 0
7287 28
7287 0
7287 0
7287 0
7287 0
7287 0
7287 0
7287 0
7287 0
7287 0
7287 0
7287 0
7287 0
7287 0
7287 0
7287 0
7287 0
7287 0
7287 0
7287 0
7287 0
7287 0
7287 0
7287 0
7287 0
7287 0
7287 0
7287 0
7287 0
7287 2
7287 0
7287 0
7287 0
7287 0
7287 0
7287 0
7287 0
7288 0
7288 26
7288 0
7288 0
7288 0
7288 0
7288 0
7288 0
7288 0
7288 1
7288 0
7288 0
7288 0
7288 0
7288 0
7288 0
7288 0
7288 0
7288 0
7288 0
7288 0
7288 0
7288 0
7288 0
7288 0
7288 0
7288 0
7288 0
7288 0
7288 0
7288 2
7288 0
7288 0
7288 0
7288 0
7288 0
7288 0
7288 0
7296 0
7296 14
7296 0
7296 0
7296 0
7296 0
7296 0
7296 0
7296 0
7296 0
7296 0
7296 0
7296 0
7296 0
7296 0
7296 0
7296 0
7296 0
7296 0
7296 0
7296 0
7296 0
7296 0
7296 0
7296 0
7296 0
7296 0
7296 1
7296 0
7296 0
7296 5
7296 0
7296 0
7296 0
7296 0
7296 0
7296 0
7296 0
7297 0
7297 23
7297 0
7297 0
7297 0
7297 0
7297 0
7297 0
7297 0
7297 1
7297 0
7297 0
7297 0
7297 0
7297 0
7297 0
7297 0
7297 0
7297 0
7297 0
7297 0
7297 0
7297 0
7297 0
7297 0
7297 0
7297 0
7297 2
7297 0
7297 0
7297 8
7297 0
7297 0
7297 0
7297 0
7297 0
7297 0
7297 0
7298 0
7298 49
7298 0
7298 0
7298 0
7298 0
7298 0
7298 0
7298 0
7298 0
7298 0
7298 0
7298 0
7298 0
7298 0
7298 0
7298 0
7298 0
7298 0
7298 0
7298 0
7298 0
7298 0
7298 0
7298 0
7298 0
7298 0
7298 1
7298 0
7298 0
7298 0
7298 0
7298 0
7298 0
7298 0
7298 0
7298 0
7298 0
7299 0
7299 57
7299 0
7299 0
7299 0
7299 0
7299 0
7299 0
7299 0
7299 1
7299 0
7299 0
7299 0
7299 0
7299 0
7299 0
7299 0
7299 0
7299 0
7299 0
7299 0
7299 0
7299 0
7299 0
7299 0
7299 0
7299 0
7299 3
7299 0
7299 0
7299 2
7299 0
7299 0
7299 0
7299 0
7299 0
7299 0
7299 0
7300 0
7300 24
7300 0
7300 0
7300 0
7300 0
7300 0
7300 0
7300 0
7300 1
7300 0
7300 0
7300 0
7300 0
7300 0
7300 0
7300 0
7300 0
7300 0
7300 0
7300 0
7300 0
7300 0
7300 0
7300 0
7300 0
7300 0
7300 1
7300 0
7300 0
7300 4
7300 0
7300 0
7300 0
7300 0
7300 0
7300 0
7300 0
7301 0
7301 25
7301 0
7301 0
7301 0
7301 0
7301 0
7301 0
7301 0
7301 0
7301 0
7301 0
7301 0
7301 0
7301 0
7301 0
7301 0
7301 0
7301 0
7301 0
7301 0
7301 0
7301 0
7301 0
7301 0
7301 0
7301 0
7301 1
7301 0
7301 0
7301 3
7301 0
7301 0
7301 0
7301 0
7301 0
7301 0
7301 0
7302 0
7302 28
7302 0
7302 0
7302 0
7302 0
7302 0
7302 0
7302 0
7302 0
7302 0
7302 0
7302 0
7302 0
7302 0
7302 0
7302 0
7302 0
7302 0
7302 0
7302 0
7302 0
7302 0
7302 0
7302 0
7302 0
7302 0
7302 1
7302 0
7302 0
7302 2
7302 0
7302 0
7302 0
7302 0
7302 0
7302 0
7302 0
7303 0
7303 24
7303 0
7303 0
7303 0
7303 0
7303 0
7303 0
7303 0
7303 0
7303 0
7303 0
7303 0
7303 0
7303 0
7303 0
7303 0
7303 0
7303 0
7303 0
7303 0
7303 0
7303 0
7303 0
7303 0
7303 0
7303 0
7303 0
7303 0
7303 0
7303 2
7303 0
7303 0
7303 0
7303 0
7303 0
7303 0
7303 0
7304 0
7304 13
7304 0
7304 0
7304 0
7304 0
7304 0
7304 0
7304 0
7304 3
7304 0
7304 0
7304 0
7304 0
7304 0
7304 0
7304 0
7304 0
7304 0
7304 0
7304 0
7304 0
7304 0
7304 0
7304 0
7304 0
7304 0
7304 4
7304 0
7304 0
7304 0
7304 0
7304 0
7304 0
7304 0
7304 0
7304 0
7304 0
7356 0
7356 51
7356 0
7356 0
7356 0
7356 0
7356 0
7356 0
7356 0
7356 0
7356 0
7356 0
7356 0
7356 0
7356 0
7356 0
7356 0
7356 0
7356 0
7356 0
7356 0
7356 0
7356 0
7356 0
7356 0
7356 0
7356 0
7356 0
7356 0
7356 0
7356 4
7356 0
7356 0
7356 0
7356 0
7356 0
7356 0
7356 0
7357 0
7357 41
7357 0
7357 0
7357 0
7357 0
7357 0
7357 0
7357 0
7357 1
7357 0
7357 0
7357 0
7357 0
7357 0
7357 0
7357 0
7357 0
7357 0
7357 0
7357 0
7357 0
7357 0
7357 0
7357 0
7357 0
7357 0
7357 1
7357 0
7357 0
7357 2
7357 0
7357 0
7357 0
7357 0
7357 0
7357 0
7357 0
7358 0
7358 34
7358 0
7358 0
7358 0
7358 0
7358 0
7358 0
7358 0
7358 0
7358 0
7358 0
7358 0
7358 0
7358 0
7358 0
7358 0
7358 0
7358 0
7358 0
7358 0
7358 0
7358 0
7358 0
7358 0
7358 0
7358 0
7358 1
7358 0
7358 0
7358 1
7358 0
7358 0
7358 0
7358 0
7358 0
7358 0
7358 0
7365 0
7365 25
7365 0
7365 0
7365 0
7365 0
7365 0
7365 0
7365 0
7365 1
7365 0
7365 0
7365 0
7365 0
7365 0
7365 0
7365 0
7365 0
7365 0
7365 0
7365 0
7365 0
7365 0
7365 0
7365 0
7365 0
7365 0
7365 1
7365 0
7365 0
7365 9
7365 0
7365 0
7365 0
7365 0
7365 0
7365 0
7365 0
7366 0
7366 60
7366 0
7366 0
7366 0
7366 0
7366 0
7366 0
7366 0
7366 0
7366 0
7366 0
7366 0
7366 0
7366 0
7366 0
7366 0
7366 0
7366 0
7366 0
7366 0
7366 0
7366 0
7366 0
7366 0
7366 0
7366 0
7366 0
7366 0
7366 0
7366 35
7366 0
7366 0
7366 0
7366 0
7366 0
7366 0
7366 0
7369 0
7369 29
7369 0
7369 0
7369 0
7369 0
7369 0
7369 0
7369 0
7369 0
7369 0
7369 0
7369 0
7369 0
7369 0
7369 0
7369 0
7369 0
7369 0
7369 0
7369 0
7369 0
7369 0
7369 0
7369 0
7369 0
7369 0
7369 1
7369 0
7369 0
7369 0
7369 0
7369 0
7369 0
7369 0
7369 0
7369 0
7369 0
7370 0
7370 26
7370 0
7370 0
7370 0
7370 0
7370 0
7370 0
7370 0
7370 1
7370 0
7370 0
7370 0
7370 0
7370 0
7370 0
7370 0
7370 0
7370 0
7370 0
7370 0
7370 0
7370 0
7370 0
7370 0
7370 0
7370 0
7370 1
7370 0
7370 0
7370 0
7370 0
7370 0
7370 0
7370 0
7370 0
7370 0
7370 0
7371 0
7371 24
7371 0
7371 0
7371 0
7371 0
7371 0
7371 0
7371 0
7371 0
7371 0
7371 0
7371 0
7371 0
7371 0
7371 0
7371 0
7371 0
7371 0
7371 0
7371 0
7371 0
7371 0
7371 0
7371 0
7371 0
7371 0
7371 0
7371 0
7371 0
7371 0
7371 0
7371 0
7371 0
7371 0
7371 0
7371 0
7371 0
7372 0
7372 69
7372 0
7372 0
7372 0
7372 0
7372 0
7372 0
7372 0
7372 3
7372 0
7372 0
7372 0
7372 0
7372 0
7372 0
7372 0
7372 0
7372 0
7372 0
7372 0
7372 0
7372 0
7372 0
7372 0
7372 0
7372 0
7372 2
7372 0
7372 0
7372 0
7372 0
7372 0
7372 0
7372 0
7372 0
7372 0
7372 0
7422 0
7422 30
7422 0
7422 0
7422 0
7422 0
7422 0
7422 0
7422 0
7422 1
7422 0
7422 0
7422 0
7422 0
7422 0
7422 0
7422 0
7422 0
7422 0
7422 0
7422 0
7422 0
7422 0
7422 0
7422 0
7422 0
7422 0
7422 0
7422 0
7422 0
7422 1
7422 0
7422 0
7422 0
7422 0
7422 0
7422 0
7422 0
7424 0
7424 32
7424 0
7424 0
7424 0
7424 0
7424 0
7424 0
7424 0
7424 2
7424 0
7424 0
7424 0
7424 0
7424 0
7424 0
7424 0
7424 0
7424 0
7424 0
7424 0
7424 0
7424 0
7424 0
7424 0
7424 0
7424 0
7424 0
7424 0
7424 0
7424 2
7424 0
7424 0
7424 0
7424 0
7424 0
7424 0
7424 0
7425 0
7425 75
7425 0
7425 0
7425 0
7425 0
7425 0
7425 0
7425 0
7425 0
7425 0
7425 0
7425 0
7425 0
7425 0
7425 0
7425 0
7425 0
7425 0
7425 0
7425 0
7425 0
7425 0
7425 0
7425 0
7425 0
7425 0
7425 3
7425 0
7425 0
7425 4
7425 0
7425 0
7425 0
7425 0
7425 0
7425 0
7425 0
7426 0
7426 91
7426 0
7426 0
7426 0
7426 0
7426 0
7426 0
7426 0
7426 0
7426 0
7426 0
7426 0
7426 0
7426 0
7426 0
7426 0
7426 0
7426 0
7426 0
7426 0
7426 0
7426 0
7426 0
7426 0
7426 0
7426 0
7426 0
7426 0
7426 0
7426 0
7426 0
7426 0
7426 0
7426 0
7426 0
7426 0
7426 0
7427 0
7427 34
7427 0
7427 0
7427 0
7427 0
7427 0
7427 0
7427 0
7427 0
7427 0
7427 0
7427 0
7427 0
7427 0
7427 0
7427 0
7427 0
7427 0
7427 0
7427 0
7427 0
7427 0
7427 0
7427 0
7427 0
7427 0
7427 1
7427 0
7427 0
7427 1
7427 0
7427 0
7427 0
7427 0
7427 0
7427 0
7427 0
7428 0
7428 30
7428 0
7428 0
7428 0
7428 0
7428 0
7428 0
7428 0
7428 0
7428 0
7428 0
7428 0
7428 0
7428 0
7428 0
7428 0
7428 0
7428 0
7428 0
7428 0
7428 0
7428 0
7428 0
7428 0
7428 0
7428 0
7428 1
7428 0
7428 0
7428 0
7428 0
7428 0
7428 0
7428 0
7428 0
7428 0
7428 0
7429 0
7429 30
7429 0
7429 0
7429 0
7429 0
7429 0
7429 0
7429 0
7429 0
7429 0
7429 0
7429 0
7429 0
7429 0
7429 0
7429 0
7429 0
7429 0
7429 0
7429 0
7429 0
7429 0
7429 0
7429 0
7429 0
7429 0
7429 1
7429 0
7429 0
7429 0
7429 0
7429 0
7429 0
7429 0
7429 0
7429 0
7429 0
7430 0
7430 24
7430 0
7430 0
7430 0
7430 0
7430 0
7430 0
7430 0
7430 2
7430 0
7430 0
7430 0
7430 0
7430 0
7430 0
7430 0
7430 0
7430 0
7430 0
7430 0
7430 0
7430 0
7430 0
7430 0
7430 0
7430 0
7430 1
7430 0
7430 0
7430 0
7430 0
7430 0
7430 0
7430 0
7430 0
7430 0
7430 0
7437 0
7437 21
7437 0
7437 0
7437 0
7437 0
7437 0
7437 0
7437 0
7437 1
7437 0
7437 0
7437 0
7437 0
7437 0
7437 0
7437 0
7437 0
7437 0
7437 0
7437 0
7437 0
7437 0
7437 0
7437 0
7437 0
7437 0
7437 1
7437 0
7437 0
7437 0
7437 0
7437 0
7437 0
7437 0
7437 0
7437 0
7437 0
7438 0
7438 24
7438 0
7438 0
7438 0
7438 0
7438 0
7438 0
7438 0
7438 1
7438 0
7438 0
7438 0
7438 0
7438 0
7438 0
7438 0
7438 0
7438 0
7438 0
7438 0
7438 0
7438 0
7438 0
7438 0
7438 0
7438 0
7438 1
7438 0
7438 0
7438 0
7438 0
7438 0
7438 0
7438 0
7438 0
7438 0
7438 0
7439 0
7439 58
7439 0
7439 0
7439 0
7439 0
7439 0
7439 0
7439 0
7439 1
7439 0
7439 0
7439 0
7439 0
7439 0
7439 0
7439 0
7439 0
7439 0
7439 0
7439 0
7439 0
7439 0
7439 0
7439 0
7439 0
7439 0
7439 1
7439 0
7439 0
7439 0
7439 0
7439 0
7439 0
7439 0
7439 0
7439 0
7439 0
7440 0
7440 154
7440 0
7440 0
7440 0
7440 0
7440 0
7440 0
7440 0
7440 0
7440 0
7440 0
7440 0
7440 0
7440 0
7440 0
7440 0
7440 0
7440 0
7440 0
7440 0
7440 0
7440 0
7440 0
7440 0
7440 0
7440 0
7440 0
7440 0
7440 0
7440 0
7440 0
7440 0
7440 0
7440 0
7440 0
7440 0
7440 0
7441 0
7441 49
7441 0
7441 0
7441 0
7441 0
7441 0
7441 0
7441 0
7441 1
7441 0
7441 0
7441 0
7441 0
7441 0
7441 0
7441 0
7441 0
7441 0
7441 0
7441 0
7441 0
7441 0
7441 0
7441 0
7441 0
7441 0
7441 0
7441 0
7441 0
7441 0
7441 0
7441 0
7441 0
7441 0
7441 0
7441 0
7441 0
7492 0
7492 27
7492 0
7492 0
7492 0
7492 0
7492 0
7492 0
7492 0
7492 0
7492 0
7492 0
7492 0
7492 0
7492 0
7492 0
7492 0
7492 0
7492 0
7492 0
7492 0
7492 0
7492 0
7492 0
7492 0
7492 0
7492 0
7492 1
7492 0
7492 0
7492 0
7492 0
7492 0
7492 0
7492 0
7492 0
7492 0
7492 0
7493 0
7493 21
7493 0
7493 0
7493 0
7493 0
7493 0
7493 0
7493 0
7493 0
7493 0
7493 0
7493 0
7493 0
7493 0
7493 0
7493 0
7493 0
7493 0
7493 0
7493 0
7493 0
7493 0
7493 0
7493 0
7493 0
7493 0
7493 3
7493 0
7493 0
7493 0
7493 0
7493 0
7493 0
7493 0
7493 0
7493 0
7493 0
7496 0
7496 48
7496 0
7496 0
7496 0
7496 0
7496 0
7496 0
7496 0
7496 4
7496 0
7496 0
7496 0
7496 0
7496 0
7496 0
7496 0
7496 0
7496 0
7496 0
7496 0
7496 0
7496 0
7496 0
7496 0
7496 0
7496 0
7496 1
7496 0
7496 0
7496 0
7496 0
7496 0
7496 0
7496 0
7496 0
7496 0
7496 0
7497 0
7497 30
7497 0
7497 0
7497 0
7497 0
7497 0
7497 0
7497 0
7497 2
7497 0
7497 0
7497 0
7497 0
7497 0
7497 0
7497 0
7497 0
7497 0
7497 0
7497 0
7497 0
7497 0
7497 0
7497 0
7497 0
7497 0
7497 4
7497 0
7497 0
7497 1
7497 0
7497 0
7497 0
7497 0
7497 0
7497 0
7497 0
7502 0
7502 206
7502 0
7502 0
7502 0
7502 0
7502 0
7502 0
7502 0
7502 1
7502 0
7502 0
7502 0
7502 0
7502 0
7502 0
7502 0
7502 0
7502 0
7502 0
7502 0
7502 0
7502 0
7502 0
7502 0
7502 0
7502 0
7502 5
7502 0
7502 0
7502 1
7502 0
7502 0
7502 0
7502 0
7502 0
7502 0
7502 0
7503 0
7503 33
7503 0
7503 0
7503 0
7503 0
7503 0
7503 0
7503 0
7503 1
7503 0
7503 0
7503 0
7503 0
7503 0
7503 0
7503 0
7503 0
7503 0
7503 0
7503 0
7503 0
7503 0
7503 0
7503 0
7503 0
7503 0
7503 2
7503 0
7503 0
7503 0
7503 0
7503 0
7503 0
7503 0
7503 0
7503 0
7503 0
7506 0
7506 82
7506 0
7506 0
7506 0
7506 0
7506 0
7506 0
7506 0
7506 0
7506 0
7506 0
7506 0
7506 0
7506 0
7506 0
7506 0
7506 0
7506 0
7506 0
7506 0
7506 0
7506 0
7506 0
7506 0
7506 0
7506 0
7506 0
7506 0
7506 0
7506 0
7506 0
7506 0
7506 0
7506 0
7506 0
7506 0
7506 0
7507 0
7507 81
7507 0
7507 0
7507 0
7507 0
7507 0
7507 0
7507 0
7507 0
7507 0
7507 0
7507 0
7507 0
7507 0
7507 0
7507 0
7507 0
7507 0
7507 0
7507 0
7507 0
7507 0
7507 0
7507 0
7507 0
7507 0
7507 0
7507 0
7507 0
7507 0
7507 0
7507 0
7507 0
7507 0
7507 0
7507 0
7507 0
7563 0
7563 22
7563 0
7563 0
7563 0
7563 0
7563 0
7563 0
7563 0
7563 0
7563 0
7563 0
7563 0
7563 0
7563 0
7563 0
7563 0
7563 0
7563 0
7563 0
7563 0
7563 0
7563 0
7563 0
7563 0
7563 0
7563 0
7563 0
7563 0
7563 0
7563 0
7563 0
7563 0
7563 0
7563 0
7563 0
7563 0
7563 0
7564 0
7564 22
7564 0
7564 0
7564 0
7564 0
7564 0
7564 0
7564 0
7564 0
7564 0
7564 0
7564 0
7564 0
7564 0
7564 0
7564 0
7564 0
7564 0
7564 0
7564 0
7564 0
7564 0
7564 0
7564 0
7564 0
7564 0
7564 1
7564 0
7564 0
7564 0
7564 0
7564 0
7564 0
7564 0
7564 0
7564 0
7564 0
7565 0
7565 21
7565 0
7565 0
7565 0
7565 0
7565 0
7565 0
7565 0
7565 0
7565 0
7565 0
7565 0
7565 0
7565 0
7565 0
7565 0
7565 0
7565 0
7565 0
7565 0
7565 0
7565 0
7565 0
7565 0
7565 0
7565 0
7565 1
7565 0
7565 0
7565 0
7565 0
7565 0
7565 0
7565 0
7565 0
7565 0
7565 0
7569 0
7569 42
7569 0
7569 0
7569 0
7569 0
7569 0
7569 0
7569 0
7569 0
7569 0
7569 0
7569 0
7569 0
7569 0
7569 0
7569 0
7569 0
7569 0
7569 0
7569 0
7569 0
7569 0
7569 0
7569 0
7569 0
7569 0
7569 1
7569 0
7569 0
7569 1
7569 0
7569 0
7569 0
7569 0
7569 0
7569 0
7569 0
7570 0
7570 38
7570 0
7570 0
7570 0
7570 0
7570 0
7570 0
7570 0
7570 1
7570 0
7570 0
7570 0
7570 0
7570 0
7570 0
7570 0
7570 0
7570 0
7570 0
7570 0
7570 0
7570 0
7570 0
7570 0
7570 0
7570 0
7570 2
7570 0
7570 0
7570 1
7570 0
7570 0
7570 0
7570 0
7570 0
7570 0
7570 0
7572 0
7572 42
7572 0
7572 0
7572 0
7572 0
7572 0
7572 0
7572 0
7572 0
7572 0
7572 0
7572 0
7572 0
7572 0
7572 0
7572 0
7572 0
7572 0
7572 0
7572 0
7572 0
7572 0
7572 0
7572 0
7572 0
7572 0
7572 1
7572 0
7572 0
7572 0
7572 0
7572 0
7572 0
7572 0
7572 0
7572 0
7572 0
7573 0
7573 16
7573 0
7573 0
7573 0
7573 0
7573 0
7573 0
7573 0
7573 0
7573 0
7573 0
7573 0
7573 0
7573 0
7573 0
7573 0
7573 0
7573 0
7573 0
7573 0
7573 0
7573 0
7573 0
7573 0
7573 0
7573 0
7573 0
7573 0
7573 0
7573 0
7573 0
7573 0
7573 0
7573 0
7573 0
7573 0
7573 0
7635 0
7635 27
7635 0
7635 0
7635 0
7635 0
7635 0
7635 0
7635 0
7635 0
7635 0
7635 0
7635 0
7635 0
7635 0
7635 0
7635 0
7635 0
7635 0
7635 0
7635 0
7635 0
7635 0
7635 0
7635 0
7635 0
7635 0
7635 1
7635 0
7635 0
7635 0
7635 0
7635 0
7635 0
7635 0
7635 0
7635 0
7635 0
7636 0
7636 27
7636 0
7636 0
7636 0
7636 0
7636 0
7636 0
7636 0
7636 0
7636 0
7636 0
7636 0
7636 0
7636 0
7636 0
7636 0
7636 0
7636 0
7636 0
7636 0
7636 0
7636 0
7636 0
7636 0
7636 0
7636 0
7636 1
7636 0
7636 0
7636 0
7636 0
7636 0
7636 0
7636 0
7636 0
7636 0
7636 0
7637 0
7637 21
7637 0
7637 0
7637 0
7637 0
7637 0
7637 0
7637 0
7637 0
7637 0
7637 0
7637 0
7637 0
7637 0
7637 0
7637 0
7637 0
7637 0
7637 0
7637 0
7637 0
7637 0
7637 0
7637 0
7637 0
7637 0
7637 2
7637 0
7637 0
7637 0
7637 0
7637 0
7637 0
7637 0
7637 0
7637 0
7637 0
7638 0
7638 21
7638 0
7638 0
7638 0
7638 0
7638 0
7638 0
7638 0
7638 0
7638 0
7638 0
7638 0
7638 0
7638 0
7638 0
7638 0
7638 0
7638 0
7638 0
7638 0
7638 0
7638 0
7638 0
7638 0
7638 0
7638 0
7638 1
7638 0
7638 0
7638 0
7638 0
7638 0
7638 0
7638 0
7638 0
7638 0
7638 0
7643 0
7643 46
7643 0
7643 0
7643 0
7643 0
7643 0
7643 0
7643 0
7643 0
7643 0
7643 0
7643 0
7643 0
7643 0
7643 0
7643 0
7643 0
7643 0
7643 0
7643 0
7643 0
7643 0
7643 0
7643 0
7643 0
7643 0
7643 1
7643 0
7643 0
7643 0
7643 0
7643 0
7643 0
7643 0
7643 0
7643 0
7643 0
7644 0
7644 38
7644 0
7644 0
7644 0
7644 0
7644 0
7644 0
7644 0
7644 1
7644 0
7644 0
7644 0
7644 0
7644 0
7644 0
7644 0
7644 0
7644 0
7644 0
7644 0
7644 0
7644 0
7644 0
7644 0
7644 0
7644 0
7644 2
7644 0
7644 0
7644 1
7644 0
7644 0
7644 0
7644 0
7644 0
7644 0
7644 0
7645 0
7645 42
7645 0
7645 0
7645 0
7645 0
7645 0
7645 0
7645 0
7645 0
7645 0
7645 0
7645 0
7645 0
7645 0
7645 0
7645 0
7645 0
7645 0
7645 0
7645 0
7645 0
7645 0
7645 0
7645 0
7645 0
7645 0
7645 1
7645 0
7645 0
7645 0
7645 0
7645 0
7645 0
7645 0
7645 0
7645 0
7645 0
7709 0
7709 22
7709 0
7709 0
7709 0
7709 0
7709 0
7709 0
7709 0
7709 0
7709 0
7709 0
7709 0
7709 0
7709 0
7709 0
7709 0
7709 0
7709 0
7709 0
7709 0
7709 0
7709 0
7709 0
7709 0
7709 0
7709 0
7709 0
7709 0
7709 0
7709 0
7709 0
7709 0
7709 0
7709 0
7709 0
7709 0
7709 0
7711 0
7711 26
7711 0
7711 0
7711 0
7711 0
7711 0
7711 0
7711 0
7711 0
7711 0
7711 0
7711 0
7711 0
7711 0
7711 0
7711 0
7711 0
7711 0
7711 0
7711 0
7711 0
7711 0
7711 0
7711 0
7711 0
7711 0
7711 3
7711 0
7711 0
7711 0
7711 0
7711 0
7711 0
7711 0
7711 0
7711 0
7711 0
7718 0
7718 33
7718 0
7718 0
7718 0
7718 0
7718 0
7718 0
7718 0
7718 0
7718 0
7718 0
7718 0
7718 0
7718 0
7718 0
7718 0
7718 0
7718 0
7718 0
7718 0
7718 0
7718 0
7718 0
7718 0
7718 0
7718 0
7718 1
7718 0
7718 0
7718 2
7718 0
7718 0
7718 0
7718 0
7718 0
7718 0
7718 0
7782 0
7782 43
7782 0
7782 0
7782 0
7782 0
7782 0
7782 0
7782 0
7782 1
7782 0
7782 0
7782 0
7782 0
7782 0
7782 0
7782 0
7782 0
7782 0
7782 0
7782 0
7782 0
7782 0
7782 0
7782 0
7782 0
7782 0
7782 1
7782 0
7782 0
7782 0
7782 0
7782 0
7782 0
7782 0
7782 0
7782 0
7782 0
7783 0
7783 61
7783 0
7783 0
7783 0
7783 0
7783 0
7783 0
7783 0
7783 1
7783 0
7783 0
7783 0
7783 0
7783 0
7783 0
7783 0
7783 0
7783 0
7783 0
7783 0
7783 0
7783 0
7783 0
7783 0
7783 0
7783 0
7783 0
7783 0
7783 0
7783 1
7783 0
7783 0
7783 0
7783 0
7783 0
7783 0
7783 0
7784 0
7784 29
7784 0
7784 0
7784 0
7784 0
7784 0
7784 0
7784 0
7784 1
7784 0
7784 0
7784 0
7784 0
7784 0
7784 0
7784 0
7784 0
7784 0
7784 0
7784 0
7784 0
7784 0
7784 0
7784 0
7784 0
7784 0
7784 4
7784 0
7784 0
7784 0
7784 0
7784 0
7784 0
7784 0
7784 0
7784 0
7784 0
7855 0
7855 64
7855 0
7855 0
7855 0
7855 0
7855 0
7855 0
7855 0
7855 1
7855 0
7855 0
7855 0
7855 0
7855 0
7855 0
7855 0
7855 0
7855 0
7855 0
7855 0
7855 0
7855 0
7855 0
7855 0
7855 0
7855 0
7855 0
7855 0
7855 0
7855 1
7855 0
7855 0
7855 0
7855 0
7855 0
7855 0
7855 0
7856 0
7856 28
7856 0
7856 0
7856 0
7856 0
7856 0
7856 0
7856 0
7856 0
7856 0
7856 0
7856 0
7856 0
7856 0
7856 0
7856 0
7856 0
7856 0
7856 0
7856 0
7856 0
7856 0
7856 0
7856 0
7856 0
7856 0
7856 2
7856 0
7856 0
7856 0
7856 0
7856 0
7856 0
7856 0
7856 0
7856 0
7856 0
7857 0
7857 27
7857 0
7857 0
7857 0
7857 0
7857 0
7857 0
7857 0
7857 0
7857 0
7857 0
7857 0
7857 0
7857 0
7857 0
7857 0
7857 0
7857 0
7857 0
7857 0
7857 0
7857 0
7857 0
7857 0
7857 0
7857 0
7857 0
7857 0
7857 0
7857 0
7857 0
7857 0
7857 0
7857 0
7857 0
7857 0
7857 0
7915 0
7915 50
7915 0
7915 0
7915 0
7915 0
7915 0
7915 0
7915 1
7915 0
7915 0
7915 0
7915 0
7915 0
7915 0
7915 0
7915 0
7915 0
7915 0
7915 0
7915 0
7915 0
7915 0
7915 0
7915 0
7915 0
7915 0
7915 4
7915 0
7915 0
7915 0
7915 0
7915 0
7915 0
7915 0
7915 0
7915 0
7915 0
7916 0
7916 49
7916 0
7916 0
7916 0
7916 0
7916 0
7916 0
7916 1
7916 0
7916 0
7916 0
7916 0
7916 0
7916 0
7916 0
7916 0
7916 0
7916 0
7916 0
7916 0
7916 0
7916 0
7916 0
7916 0
7916 0
7916 0
7916 1
7916 0
7916 0
7916 0
7916 0
7916 0
7916 0
7916 0
7916 0
7916 0
7916 0
7983 0
7983 50
7983 0
7983 0
7983 0
7983 0
7983 0
7983 0
7983 1
7983 0
7983 0
7983 0
7983 0
7983 0
7983 0
7983 0
7983 0
7983 0
7983 0
7983 0
7983 0
7983 0
7983 0
7983 0
7983 0
7983 0
7983 0
7983 7
7983 0
7983 0
7983 0
7983 0
7983 0
7983 0
7983 0
7983 0
7983 0
7983 0
7984 0
7984 50
7984 0
7984 0
7984 0
7984 0
7984 0
7984 0
7984 1
7984 0
7984 0
7984 0
7984 0
7984 0
7984 0
7984 0
7984 0
7984 0
7984 0
7984 0
7984 0
7984 0
7984 0
7984 0
7984 0
7984 0
7984 0
7984 4
7984 0
7984 0
7984 0
7984 0
7984 0
7984 0
7984 0
7984 0
7984 0
7984 0
7985 0
7985 37
7985 0
7985 0
7985 0
7985 0
7985 0
7985 0
7985 1
7985 0
7985 0
7985 0
7985 0
7985 0
7985 0
7985 0
7985 0
7985 0
7985 0
7985 0
7985 0
7985 0
7985 0
7985 0
7985 0
7985 0
7985 0
7985 4
7985 0
7985 0
7985 0
7985 0
7985 0
7985 0
7985 0
7985 0
7985 0
7985 0
7986 0
7986 50
7986 0
7986 0
7986 0
7986 0
7986 0
7986 0
7986 1
7986 0
7986 0
7986 0
7986 0
7986 0
7986 0
7986 0
7986 0
7986 0
7986 0
7986 0
7986 0
7986 0
7986 0
7986 0
7986 0
7986 0
7986 0
7986 3
7986 0
7986 0
7986 0
7986 0
7986 0
7986 0
7986 0
7986 0
7986 0
7986 0
8046 0
8046 85
8046 0
8046 0
8046 0
8046 0
8046 0
8046 0
8046 3
8046 0
8046 0
8046 0
8046 0
8046 0
8046 0
8046 0
8046 0
8046 0
8046 0
8046 0
8046 0
8046 0
8046 0
8046 0
8046 0
8046 0
8046 0
8046 7
8046 0
8046 0
8046 0
8046 0
8046 0
8046 0
8046 0
8046 0
8046 0
8046 0
8047 0
8047 76
8047 0
8047 0
8047 0
8047 0
8047 0
8047 0
8047 4
8047 0
8047 0
8047 0
8047 0
8047 0
8047 0
8047 0
8047 0
8047 0
8047 0
8047 0
8047 0
8047 0
8047 0
8047 0
8047 0
8047 0
8047 0
8047 5
8047 0
8047 0
8047 0
8047 0
8047 0
8047 0
8047 0
8047 0
8047 0
8047 0
8048 0
8048 88
8048 0
8048 0
8048 0
8048 0
8048 0
8048 0
8048 3
8048 0
8048 0
8048 0
8048 0
8048 0
8048 0
8048 0
8048 0
8048 0
8048 0
8048 0
8048 0
8048 0
8048 0
8048 0
8048 0
8048 0
8048 0
8048 6
8048 0
8048 0
8048 0
8048 0
8048 0
8048 0
8048 0
8048 0
8048 0
8048 0
8049 0
8049 78
8049 0
8049 0
8049 0
8049 0
8049 0
8049 0
8049 5
8049 0
8049 0
8049 0
8049 0
8049 0
8049 0
8049 0
8049 0
8049 0
8049 0
8049 0
8049 0
8049 0
8049 0
8049 0
8049 0
8049 0
8049 0
8049 5
8049 0
8049 0
8049 0
8049 0
8049 0
8049 0
8049 0
8049 0
8049 0
8049 0
8106 0
8106 54
8106 0
8106 0
8106 0
8106 0
8106 0
8106 0
8106 11
8106 0
8106 0
8106 0
8106 0
8106 0
8106 0
8106 0
8106 0
8106 0
8106 0
8106 0
8106 0
8106 0
8106 0
8106 0
8106 0
8106 0
8106 0
8106 3
8106 0
8106 0
8106 0
8106 0
8106 0
8106 0
8106 0
8106 0
8106 0
8106 0
8107 0
8107 74
8107 0
8107 0
8107 0
8107 0
8107 0
8107 0
8107 6
8107 0
8107 0
8107 0
8107 0
8107 0
8107 0
8107 0
8107 0
8107 0
8107 0
8107 0
8107 0
8107 0
8107 0
8107 0
8107 0
8107 0
8107 0
8107 4
8107 0
8107 0
8107 0
8107 0
8107 0
8107 0
8107 0
8107 0
8107 0
8107 0
8108 0
8108 78
8108 0
8108 0
8108 0
8108 0
8108 0
8108 0
8108 5
8108 0
8108 0
8108 0
8108 0
8108 0
8108 0
8108 0
8108 0
8108 0
8108 0
8108 0
8108 0
8108 0
8108 0
8108 0
8108 0
8108 0
8108 0
8108 4
8108 0
8108 0
8108 0
8108 0
8108 0
8108 0
8108 0
8108 0
8108 0
8108 0
