pt_graph LE_MET_level6
7779 11
7786 11
7787 11
7858 11
7859 11
7860 11
7861 11
7862 11
7918 11
7919 11
7920 11
7927 11
7930 11
7931 11
7933 11
7934 11
7987 11
7988 11
7989 11
7990 11
7991 11
7992 11
7993 11
8000 11
8001 11
8002 11
8003 11
8004 11
8005 11
8006 11
8050 11
8051 11
8053 11
8055 11
8056 11
8058 11
8059 11
8064 11
8065 11
8066 11
8067 11
8068 11
8069 11
8108 11
8109 11
8110 11
8115 11
8116 11
8117 11
8118 11
8125 11
8127 11
8166 11
8172 11
8173 11
8174 11
8175 11
8177 11
8181 11
8182 11
8183 11
8184 11
8229 11
8239 11
8240 11
8241 11
8292 11
8293 11
8294 11
8343 11
