pt_graph shape
7057 0
7057 28.12
7057 0
7057 0
7057 0
7057 0
7057 0
7057 0
7057 0
7057 0
7057 0
7057 0
7057 0
7057 0
7057 0
7057 0
7057 0
7057 0
7057 0
7057 0
7057 0
7057 0
7057 0
7057 0
7057 0
7057 0
7057 0
7057 0
7057 0
7057 0
7057 0
7057 0
7057 0
7057 0
7057 0
7057 0
7057 0
7057 0
7058 0
7058 44.67
7058 0
7058 0
7058 0
7058 0
7058 0
7058 0
7058 0
7058 0
7058 0
7058 0
7058 0
7058 0
7058 0
7058 0
7058 0
7058 0
7058 0
7058 0
7058 0
7058 0
7058 0
7058 0
7058 0
7058 0
7058 0
7058 0
7058 0
7058 0
7058 0
7058 0
7058 0
7058 0
7058 0
7058 0
7058 0
7058 0
7127 0
7127 28.12
7127 0
7127 0
7127 0
7127 0
7127 0
7127 0
7127 0
7127 0
7127 0
7127 0
7127 0
7127 0
7127 0
7127 0
7127 0
7127 0
7127 0
7127 0
7127 0
7127 0
7127 0
7127 0
7127 0
7127 0
7127 0
7127 0
7127 0
7127 0
7127 0
7127 0
7127 0
7127 0
7127 0
7127 0
7127 0
7127 0
7128 0
7128 44.67
7128 0
7128 0
7128 0
7128 0
7128 0
7128 0
7128 0
7128 0
7128 0
7128 0
7128 0
7128 0
7128 0
7128 0
7128 0
7128 0
7128 0
7128 0
7128 0
7128 0
7128 0
7128 0
7128 0
7128 0
7128 0
7128 0
7128 0
7128 0
7128 0
7128 0
7128 0
7128 0
7128 0
7128 0
7128 0
7128 0
7129 0
7129 44.67
7129 0
7129 0
7129 0
7129 0
7129 0
7129 0
7129 0
7129 0
7129 0
7129 0
7129 0
7129 0
7129 0
7129 0
7129 0
7129 0
7129 0
7129 0
7129 0
7129 0
7129 0
7129 0
7129 0
7129 0
7129 0
7129 0
7129 0
7129 0
7129 0
7129 0
7129 0
7129 0
7129 0
7129 0
7129 0
7129 0
7130 0
7130 28.12
7130 0
7130 0
7130 0
7130 0
7130 0
7130 0
7130 0
7130 0
7130 0
7130 0
7130 0
7130 0
7130 0
7130 0
7130 0
7130 0
7130 0
7130 0
7130 0
7130 0
7130 0
7130 0
7130 0
7130 0
7130 0
7130 0
7130 0
7130 0
7130 0
7130 0
7130 0
7130 0
7130 0
7130 0
7130 0
7130 0
7195 0
7195 28.12
7195 0
7195 0
7195 0
7195 0
7195 0
7195 0
7195 0
7195 0
7195 0
7195 0
7195 0
7195 0
7195 0
7195 0
7195 0
7195 0
7195 0
7195 0
7195 0
7195 0
7195 0
7195 0
7195 0
7195 0
7195 0
7195 0
7195 0
7195 0
7195 0
7195 0
7195 0
7195 0
7195 0
7195 0
7195 0
7195 0
7261 0
7261 28.12
7261 0
7261 0
7261 0
7261 0
7261 0
7261 0
7261 0
7261 0
7261 0
7261 0
7261 0
7261 0
7261 0
7261 0
7261 0
7261 0
7261 0
7261 0
7261 0
7261 0
7261 0
7261 0
7261 0
7261 0
7261 0
7261 0
7261 0
7261 0
7261 0
7261 0
7261 0
7261 0
7261 0
7261 0
7261 0
7261 0
7262 0
7262 28.12
7262 0
7262 0
7262 0
7262 0
7262 0
7262 0
7262 0
7262 0
7262 0
7262 0
7262 0
7262 0
7262 0
7262 0
7262 0
7262 0
7262 0
7262 0
7262 0
7262 0
7262 0
7262 0
7262 0
7262 0
7262 0
7262 0
7262 0
7262 0
7262 0
7262 0
7262 0
7262 0
7262 0
7262 0
7262 0
7262 0
7263 0
7263 8.37
7263 0
7263 0
7263 0
7263 0
7263 0
7263 0
7263 0
7263 0
7263 0
7263 0
7263 0
7263 0
7263 0
7263 0
7263 0
7263 0
7263 0
7263 0
7263 0
7263 0
7263 0
7263 0
7263 0
7263 0
7263 0
7263 0
7263 0
7263 0
7263 0
7263 0
7263 0
7263 0
7263 0
7263 0
7263 0
7263 0
7264 0
7264 8.07
7264 0
7264 0
7264 0
7264 0
7264 0
7264 0
7264 0
7264 0
7264 0
7264 0
7264 0
7264 0
7264 0
7264 0
7264 0
7264 0
7264 0
7264 0
7264 0
7264 0
7264 0
7264 0
7264 0
7264 0
7264 0
7264 0
7264 0
7264 0
7264 0
7264 0
7264 0
7264 0
7264 0
7264 0
7264 0
7264 0
7266 0
7266 26.37
7266 0
7266 0
7266 0
7266 0
7266 0
7266 0
7266 0
7266 0
7266 0
7266 0
7266 0
7266 0
7266 0
7266 0
7266 0
7266 0
7266 0
7266 0
7266 0
7266 0
7266 0
7266 0
7266 0
7266 0
7266 0
7266 0
7266 0
7266 0
7266 0
7266 0
7266 0
7266 0
7266 0
7266 0
7266 0
7266 0
7267 0
7267 26.37
7267 0
7267 0
7267 0
7267 0
7267 0
7267 0
7267 0
7267 0
7267 0
7267 0
7267 0
7267 0
7267 0
7267 0
7267 0
7267 0
7267 0
7267 0
7267 0
7267 0
7267 0
7267 0
7267 0
7267 0
7267 0
7267 0
7267 0
7267 0
7267 0
7267 0
7267 0
7267 0
7267 0
7267 0
7267 0
7267 0
7332 0
7332 8.37
7332 0
7332 0
7332 0
7332 0
7332 0
7332 0
7332 0
7332 0
7332 0
7332 0
7332 0
7332 0
7332 0
7332 0
7332 0
7332 0
7332 0
7332 0
7332 0
7332 0
7332 0
7332 0
7332 0
7332 0
7332 0
7332 0
7332 0
7332 0
7332 0
7332 0
7332 0
7332 0
7332 0
7332 0
7332 0
7332 0
7333 0
7333 41.86
7333 0
7333 0
7333 0
7333 0
7333 0
7333 0
7333 0
7333 0
7333 0
7333 0
7333 0
7333 0
7333 0
7333 0
7333 0
7333 0
7333 0
7333 0
7333 0
7333 0
7333 0
7333 0
7333 0
7333 0
7333 0
7333 0
7333 0
7333 0
7333 0
7333 0
7333 0
7333 0
7333 0
7333 0
7333 0
7333 0
7336 0
7336 26.37
7336 0
7336 0
7336 0
7336 0
7336 0
7336 0
7336 0
7336 0
7336 0
7336 0
7336 0
7336 0
7336 0
7336 0
7336 0
7336 0
7336 0
7336 0
7336 0
7336 0
7336 0
7336 0
7336 0
7336 0
7336 0
7336 0
7336 0
7336 0
7336 0
7336 0
7336 0
7336 0
7336 0
7336 0
7336 0
7336 0
7401 0
7401 44.67
7401 0
7401 0
7401 0
7401 0
7401 0
7401 0
7401 0
7401 0
7401 0
7401 0
7401 0
7401 0
7401 0
7401 0
7401 0
7401 0
7401 0
7401 0
7401 0
7401 0
7401 0
7401 0
7401 0
7401 0
7401 0
7401 0
7401 0
7401 0
7401 0
7401 0
7401 0
7401 0
7401 0
7401 0
7401 0
7401 0
7402 0
7402 8.07
7402 0
7402 0
7402 0
7402 0
7402 0
7402 0
7402 0
7402 0
7402 0
7402 0
7402 0
7402 0
7402 0
7402 0
7402 0
7402 0
7402 0
7402 0
7402 0
7402 0
7402 0
7402 0
7402 0
7402 0
7402 0
7402 0
7402 0
7402 0
7402 0
7402 0
7402 0
7402 0
7402 0
7402 0
7402 0
7402 0
7403 0
7403 26.37
7403 0
7403 0
7403 0
7403 0
7403 0
7403 0
7403 0
7403 0
7403 0
7403 0
7403 0
7403 0
7403 0
7403 0
7403 0
7403 0
7403 0
7403 0
7403 0
7403 0
7403 0
7403 0
7403 0
7403 0
7403 0
7403 0
7403 0
7403 0
7403 0
7403 0
7403 0
7403 0
7403 0
7403 0
7403 0
7403 0
7405 0
7405 26.37
7405 0
7405 0
7405 0
7405 0
7405 0
7405 0
7405 0
7405 0
7405 0
7405 0
7405 0
7405 0
7405 0
7405 0
7405 0
7405 0
7405 0
7405 0
7405 0
7405 0
7405 0
7405 0
7405 0
7405 0
7405 0
7405 0
7405 0
7405 0
7405 0
7405 0
7405 0
7405 0
7405 0
7405 0
7405 0
7405 0
7406 0
7406 26.37
7406 0
7406 0
7406 0
7406 0
7406 0
7406 0
7406 0
7406 0
7406 0
7406 0
7406 0
7406 0
7406 0
7406 0
7406 0
7406 0
7406 0
7406 0
7406 0
7406 0
7406 0
7406 0
7406 0
7406 0
7406 0
7406 0
7406 0
7406 0
7406 0
7406 0
7406 0
7406 0
7406 0
7406 0
7406 0
7406 0
7468 0
7468 9.74
7468 0
7468 0
7468 0
7468 0
7468 0
7468 0
7468 0
7468 0
7468 0
7468 0
7468 0
7468 0
7468 0
7468 0
7468 0
7468 0
7468 0
7468 0
7468 0
7468 0
7468 0
7468 0
7468 0
7468 0
7468 0
7468 0
7468 0
7468 0
7468 0
7468 0
7468 0
7468 0
7468 0
7468 0
7468 0
7468 0
7469 0
7469 59.75
7469 0
7469 0
7469 0
7469 0
7469 0
7469 0
7469 0
7469 0
7469 0
7469 0
7469 0
7469 0
7469 0
7469 0
7469 0
7469 0
7469 0
7469 0
7469 0
7469 0
7469 0
7469 0
7469 0
7469 0
7469 0
7469 0
7469 0
7469 0
7469 0
7469 0
7469 0
7469 0
7469 0
7469 0
7469 0
7469 0
7483 0
7483 0
7483 0
7483 0
7483 0
7483 0
7483 0
7483 0
7483 0
7483 0
7483 0
7483 0
7483 0
7483 0
7483 0
7483 0
7483 0
7483 0
7483 0
7483 0
7483 0
7483 0
7483 0
7483 0
7483 34.37
7483 0
7483 0
7483 1.78
7483 0
7483 0
7483 36.56
7483 0
7483 0
7483 0
7483 0
7483 0
7483 0
7483 0
7484 0
7484 0
7484 0
7484 0
7484 0
7484 0
7484 0
7484 0
7484 0
7484 0
7484 0
7484 0
7484 0
7484 0
7484 0
7484 0
7484 0
7484 0
7484 0
7484 0
7484 0
7484 0
7484 0
7484 0
7484 42.42
7484 0
7484 0
7484 0.75
7484 0
7484 0
7484 18.33
7484 0
7484 0
7484 0
7484 0
7484 0
7484 0
7484 0
7536 0
7536 44.67
7536 0
7536 0
7536 0
7536 0
7536 0
7536 0
7536 0
7536 0
7536 0
7536 0
7536 0
7536 0
7536 0
7536 0
7536 0
7536 0
7536 0
7536 0
7536 0
7536 0
7536 0
7536 0
7536 0
7536 0
7536 0
7536 0
7536 0
7536 0
7536 0
7536 0
7536 0
7536 0
7536 0
7536 0
7536 0
7536 0
7537 0
7537 9.74
7537 0
7537 0
7537 0
7537 0
7537 0
7537 0
7537 0
7537 0
7537 0
7537 0
7537 0
7537 0
7537 0
7537 0
7537 0
7537 0
7537 0
7537 0
7537 0
7537 0
7537 0
7537 0
7537 0
7537 0
7537 0
7537 0
7537 0
7537 0
7537 0
7537 0
7537 0
7537 0
7537 0
7537 0
7537 0
7537 0
7552 0
7552 1.07
7552 0
7552 0
7552 0
7552 0
7552 0
7552 0
7552 0
7552 0
7552 0
7552 0
7552 0
7552 0
7552 0
7552 0
7552 0
7552 0
7552 0
7552 0
7552 0
7552 0
7552 0
7552 0
7552 46.94
7552 0
7552 0
7552 6.97
7552 0
7552 0
7552 2.79
7552 0
7552 0
7552 0
7552 0
7552 0
7552 0
7552 0
7553 0
7553 0
7553 0
7553 0
7553 0
7553 0
7553 0
7553 0
7553 0
7553 0
7553 0
7553 0
7553 0
7553 0
7553 0
7553 0
7553 0
7553 0
7553 0
7553 0
7553 0
7553 0
7553 0
7553 0
7553 0.55
7553 0
7553 0
7553 0.51
7553 0
7553 0
7553 0.46
7553 0
7553 0
7553 0
7553 0
7553 0
7553 0
7553 0
7554 0
7554 0
7554 0
7554 0
7554 0
7554 0
7554 0
7554 0
7554 0
7554 0
7554 0
7554 0
7554 0
7554 0
7554 0
7554 0
7554 0
7554 0
7554 0
7554 0
7554 0
7554 0
7554 0
7554 0
7554 0
7554 0
7554 0
7554 41.14
7554 0
7554 0
7554 37.99
7554 0
7554 0
7554 0
7554 0
7554 0
7554 0
7554 0
7555 0
7555 22.54
7555 0
7555 0
7555 0
7555 0
7555 0
7555 0
7555 0
7555 0
7555 0
7555 0
7555 0
7555 0
7555 0
7555 0
7555 0
7555 0
7555 0
7555 0
7555 0
7555 0
7555 0
7555 0
7555 0
7555 0
7555 0
7555 1.27
7555 0
7555 0
7555 12.21
7555 0
7555 0
7555 0
7555 0
7555 0
7555 0
7555 0
7609 0
7609 8.37
7609 0
7609 0
7609 0
7609 0
7609 0
7609 0
7609 0
7609 0
7609 0
7609 0
7609 0
7609 0
7609 0
7609 0
7609 0
7609 0
7609 0
7609 0
7609 0
7609 0
7609 0
7609 0
7609 0
7609 0
7609 0
7609 0
7609 0
7609 0
7609 0
7609 0
7609 0
7609 0
7609 0
7609 0
7609 0
7609 0
7610 0
7610 26.37
7610 0
7610 0
7610 0
7610 0
7610 0
7610 0
7610 0
7610 0
7610 0
7610 0
7610 0
7610 0
7610 0
7610 0
7610 0
7610 0
7610 0
7610 0
7610 0
7610 0
7610 0
7610 0
7610 0
7610 0
7610 0
7610 0
7610 0
7610 0
7610 0
7610 0
7610 0
7610 0
7610 0
7610 0
7610 0
7610 0
7613 0
7613 39.07
7613 0
7613 0
7613 0
7613 0
7613 0
7613 0
7613 30.07
7613 0
7613 0
7613 0
7613 0.91
7613 39.28
7613 0
7613 0
7613 0
7613 0
7613 0
7613 0
7613 0
7613 0
7613 0
7613 0
7613 4.39
7613 0
7613 0
7613 0.93
7613 0
7613 0
7613 0
7613 0
7613 0
7613 0
7613 0
7613 0
7613 0
7613 0
7614 0
7614 0
7614 0
7614 0
7614 0
7614 0
7614 0
7614 0
7614 0
7614 0
7614 0
7614 0
7614 1.72
7614 39.28
7614 0
7614 0
7614 0
7614 0
7614 0
7614 0
7614 0
7614 0
7614 0
7614 0
7614 44.56
7614 0
7614 0
7614 1.69
7614 0
7614 0
7614 0
7614 0
7614 0
7614 0
7614 0
7614 0
7614 0
7614 0
7624 0
7624 1.09
7624 0
7624 0
7624 0
7624 0
7624 0
7624 0
7624 0
7624 0
7624 0
7624 0
7624 0
7624 0
7624 0
7624 0
7624 0
7624 0
7624 0
7624 0
7624 0
7624 0
7624 0
7624 0
7624 37.42
7624 0
7624 0
7624 0.69
7624 0
7624 0
7624 3.67
7624 0
7624 0
7624 0
7624 0
7624 0
7624 0
7624 0
7625 0
7625 2.46
7625 0
7625 0
7625 0
7625 0
7625 0
7625 0
7625 0
7625 0
7625 0
7625 0
7625 0
7625 0
7625 0
7625 0
7625 0
7625 0
7625 0
7625 0
7625 0
7625 0
7625 0
7625 0
7625 45.39
7625 0
7625 0
7625 2.7
7625 0
7625 0
7625 2.73
7625 0
7625 0
7625 0
7625 0
7625 0
7625 0
7625 0
7626 0
7626 1.48
7626 0
7626 0
7626 0
7626 0
7626 0
7626 0
7626 0
7626 0
7626 0
7626 0
7626 0
7626 0
7626 0
7626 0
7626 0
7626 0
7626 0
7626 0
7626 0
7626 0
7626 0
7626 0
7626 10.92
7626 0
7626 0
7626 1.04
7626 0
7626 0
7626 4.04
7626 0
7626 0
7626 0
7626 0
7626 0
7626 0
7626 0
7627 0
7627 27.14
7627 0
7627 0
7627 0
7627 0
7627 0
7627 0
7627 0
7627 0
7627 0
7627 0
7627 0
7627 0
7627 0
7627 0
7627 0
7627 0
7627 0
7627 0
7627 0
7627 0
7627 0
7627 0
7627 0
7627 0
7627 0
7627 41.58
7627 0
7627 0
7627 0
7627 0
7627 0
7627 0
7627 0
7627 0
7627 0
7627 0
7628 0
7628 0
7628 0
7628 0
7628 0
7628 0
7628 0
7628 0
7628 0
7628 0
7628 0
7628 0
7628 0
7628 0
7628 0
7628 0
7628 0
7628 0
7628 0
7628 0
7628 0
7628 0
7628 0
7628 0
7628 32.76
7628 0
7628 0
7628 1.54
7628 0
7628 0
7628 45.71
7628 0
7628 0
7628 0
7628 0
7628 0
7628 0
7628 0
7682 0
7682 28.12
7682 0
7682 0
7682 0
7682 0
7682 0
7682 0
7682 0
7682 0
7682 0
7682 0
7682 0
7682 0
7682 0
7682 0
7682 0
7682 0
7682 0
7682 0
7682 0
7682 0
7682 0
7682 0
7682 0
7682 0
7682 0
7682 0
7682 0
7682 0
7682 0
7682 0
7682 0
7682 0
7682 0
7682 0
7682 0
7682 0
7683 0
7683 44.67
7683 0
7683 0
7683 0
7683 0
7683 0
7683 0
7683 0
7683 0
7683 0
7683 0
7683 0
7683 0
7683 0
7683 0
7683 0
7683 0
7683 0
7683 0
7683 0
7683 0
7683 0
7683 0
7683 0
7683 0
7683 0
7683 0
7683 0
7683 0
7683 0
7683 0
7683 0
7683 0
7683 0
7683 0
7683 0
7683 0
7687 0
7687 39.07
7687 0
7687 0
7687 0
7687 0
7687 0
7687 0
7687 30.07
7687 0
7687 0
7687 0
7687 28.14
7687 0
7687 0
7687 0
7687 0
7687 0
7687 0
7687 0
7687 0
7687 0
7687 0
7687 0
7687 32.72
7687 0
7687 0
7687 1.56
7687 0
7687 0
7687 0
7687 0
7687 0
7687 0
7687 0
7687 0
7687 0
7687 0
7688 0
7688 39.07
7688 0
7688 0
7688 0
7688 0
7688 0
7688 0
7688 30.07
7688 0
7688 0
7688 0
7688 0.91
7688 39.28
7688 0
7688 0
7688 0
7688 0
7688 0
7688 0
7688 0
7688 0
7688 0
7688 0
7688 4.39
7688 0
7688 0
7688 0.93
7688 0
7688 0
7688 0
7688 0
7688 0
7688 0
7688 0
7688 0
7688 0
7688 0
7689 0
7689 39.07
7689 0
7689 0
7689 0
7689 0
7689 0
7689 0
7689 30.07
7689 0
7689 0
7689 0
7689 0.91
7689 39.28
7689 0
7689 0
7689 0
7689 0
7689 0
7689 0
7689 0
7689 0
7689 0
7689 0
7689 4.39
7689 0
7689 0
7689 0.93
7689 0
7689 0
7689 0
7689 0
7689 0
7689 0
7689 0
7689 0
7689 0
7689 0
7690 0
7690 0
7690 0
7690 0
7690 0
7690 0
7690 0
7690 0
7690 0
7690 0
7690 0
7690 0
7690 11.36
7690 0
7690 0
7690 0
7690 0
7690 0
7690 0
7690 0
7690 0
7690 0
7690 0
7690 0
7690 39.28
7690 0
7690 0
7690 1.7
7690 0
7690 0
7690 0
7690 0
7690 0
7690 0
7690 0
7690 0
7690 0
7690 0
7699 0
7699 0
7699 0
7699 0
7699 0
7699 0
7699 0
7699 0
7699 0
7699 0
7699 0
7699 0
7699 0
7699 0
7699 0
7699 0
7699 0
7699 0
7699 0
7699 0
7699 0
7699 0
7699 0
7699 0
7699 34.37
7699 0
7699 0
7699 1.78
7699 0
7699 0
7699 36.56
7699 0
7699 0
7699 0
7699 0
7699 0
7699 0
7699 0
7756 0
7756 28.12
7756 0
7756 0
7756 0
7756 0
7756 0
7756 0
7756 0
7756 0
7756 0
7756 0
7756 0
7756 0
7756 0
7756 0
7756 0
7756 0
7756 0
7756 0
7756 0
7756 0
7756 0
7756 0
7756 0
7756 0
7756 0
7756 0
7756 0
7756 0
7756 0
7756 0
7756 0
7756 0
7756 0
7756 0
7756 0
7756 0
7757 0
7757 1.08
7757 0
7757 0
7757 0
7757 0
7757 0
7757 0
7757 0
7757 0
7757 0
7757 0
7757 0.39
7757 27.9
7757 0
7757 0
7757 0
7757 0
7757 0
7757 0
7757 0
7757 0
7757 0
7757 0
7757 8.76
7757 0
7757 0
7757 1.96
7757 0
7757 0
7757 0
7757 0
7757 0
7757 0
7757 0
7757 0
7757 0
7757 0
7758 0
7758 34.78
7758 0
7758 0
7758 0
7758 0
7758 0
7758 0
7758 0
7758 0
7758 0
7758 0
7758 32.77
7758 0
7758 0
7758 0
7758 0
7758 0
7758 0
7758 0
7758 0
7758 0
7758 0
7758 0
7758 0
7758 0
7758 0
7758 0
7758 0
7758 0
7758 0
7758 0
7758 0
7758 0
7758 0
7758 0
7758 0
7758 0
7770 0
7770 22.38
7770 0
7770 0
7770 0
7770 0
7770 0
7770 0
7770 0
7770 0
7770 0
7770 0
7770 0
7770 0
7770 0
7770 0
7770 0
7770 0
7770 0
7770 0
7770 0
7770 0
7770 0
7770 0
7770 0
7770 0
7770 0
7770 1.31
7770 0
7770 0
7770 0
7770 0
7770 0
7770 0
7770 0
7770 0
7770 0
7770 0
7771 0
7771 20.79
7771 0
7771 0
7771 0
7771 0
7771 0
7771 0
7771 0
7771 0
7771 0
7771 0
7771 0
7771 0
7771 0
7771 0
7771 0
7771 0
7771 0
7771 0
7771 0
7771 0
7771 0
7771 0
7771 0
7771 0
7771 0
7771 40.38
7771 0
7771 0
7771 0
7771 0
7771 0
7771 0
7771 0
7771 0
7771 0
7771 0
7831 0
7831 34.78
7831 0
7831 0
7831 0
7831 0
7831 0
7831 0
7831 0
7831 0
7831 0
7831 0
7831 32.77
7831 0
7831 0
7831 0
7831 0
7831 0
7831 0
7831 0
7831 0
7831 0
7831 0
7831 0
7831 0
7831 0
7831 0
7831 0
7831 0
7831 0
7831 0
7831 0
7831 0
7831 0
7831 0
7831 0
7831 0
7831 0
7832 0
7832 3.5
7832 0
7832 0
7832 0
7832 0
7832 0
7832 0
7832 0
7832 0
7832 0
7832 0
7832 38.76
7832 0
7832 0
7832 0
7832 0
7832 0
7832 0
7832 0
7832 0
7832 0
7832 0
7832 0
7832 42.66
7832 0
7832 0
7832 0
7832 0
7832 0
7832 0
7832 0
7832 0
7832 0
7832 0
7832 0
7832 0
7832 0
7836 0
7836 39.07
7836 0
7836 0
7836 0
7836 0
7836 0
7836 0
7836 30.07
7836 0
7836 0
7836 0
7836 28.14
7836 0
7836 0
7836 0
7836 0
7836 0
7836 0
7836 0
7836 0
7836 0
7836 0
7836 0
7836 32.72
7836 0
7836 0
7836 1.56
7836 0
7836 0
7836 0
7836 0
7836 0
7836 0
7836 0
7836 0
7836 0
7836 0
7843 0
7843 26.57
7843 0
7843 0
7843 0
7843 0
7843 0
7843 0
7843 0
7843 0
7843 0
7843 0
7843 0
7843 0
7843 0
7843 0
7843 0
7843 0
7843 0
7843 0
7843 0
7843 0
7843 0
7843 0
7843 0
7843 0
7843 0
7843 3.29
7843 0
7843 0
7843 0
7843 0
7843 0
7843 0
7843 0
7843 0
7843 0
7843 0
7844 0
7844 5.29
7844 0
7844 0
7844 0
7844 0
7844 0
7844 0
7844 42.83
7844 0
7844 0
7844 0
7844 38.24
7844 0
7844 0
7844 0
7844 0
7844 0
7844 0
7844 0
7844 0
7844 0
7844 0
7844 0
7844 34.34
7844 0
7844 0
7844 1.44
7844 0
7844 0
7844 38.73
7844 0
7844 0
7844 0
7844 0
7844 0
7844 0
7844 0
7905 0
7905 2.45
7905 0
7905 0
7905 0
7905 0
7905 0
7905 0
7905 0
7905 0
7905 0
7905 0
7905 58.29
7905 0
7905 0
7905 0
7905 0
7905 0
7905 0
7905 0
7905 0
7905 0
7905 0
7905 0
7905 45.92
7905 0
7905 0
7905 0
7905 0
7905 0
7905 0
7905 0
7905 0
7905 0
7905 0
7905 0
7905 0
7905 0
7906 0
7906 3.1
7906 0
7906 0
7906 0
7906 0
7906 0
7906 0
7906 0
7906 0
7906 0
7906 0
7906 31.68
7906 0
7906 0
7906 0
7906 0
7906 0
7906 0
7906 0
7906 0
7906 0
7906 0
7906 0
7906 42.66
7906 0
7906 0
7906 0
7906 0
7906 0
7906 0
7906 0
7906 0
7906 0
7906 0
7906 0
7906 0
7906 0
7909 0
7909 39.07
7909 0
7909 0
7909 0
7909 0
7909 0
7909 0
7909 30.07
7909 0
7909 0
7909 0
7909 28.14
7909 0
7909 0
7909 0
7909 0
7909 0
7909 0
7909 0
7909 0
7909 0
7909 0
7909 0
7909 32.72
7909 0
7909 0
7909 1.56
7909 0
7909 0
7909 0
7909 0
7909 0
7909 0
7909 0
7909 0
7909 0
7909 0
7910 0
7910 39.07
7910 0
7910 0
7910 0
7910 0
7910 0
7910 0
7910 30.07
7910 0
7910 0
7910 0
7910 28.14
7910 0
7910 0
7910 0
7910 0
7910 0
7910 0
7910 0
7910 0
7910 0
7910 0
7910 0
7910 32.72
7910 0
7910 0
7910 1.56
7910 0
7910 0
7910 0
7910 0
7910 0
7910 0
7910 0
7910 0
7910 0
7910 0
7911 0
7911 1.96
7911 0
7911 0
7911 0
7911 0
7911 0
7911 0
7911 30.07
7911 0
7911 0
7911 0
7911 28.14
7911 0
7911 0
7911 0
7911 0
7911 0
7911 0
7911 0
7911 0
7911 0
7911 0
7911 0
7911 32.72
7911 0
7911 0
7911 0.85
7911 0
7911 0
7911 0
7911 0
7911 0
7911 0
7911 0
7911 0
7911 0
7911 0
7912 0
7912 31.41
7912 0
7912 0
7912 0
7912 0
7912 0
7912 0
7912 0
7912 0
7912 0
7912 0
7912 0
7912 0
7912 0
7912 0
7912 0
7912 0
7912 0
7912 0
7912 0
7912 0
7912 0
7912 0
7912 0
7912 0
7912 0
7912 33.08
7912 0
7912 0
7912 0
7912 0
7912 0
7912 0
7912 0
7912 0
7912 0
7912 0
7913 0
7913 31.41
7913 0
7913 0
7913 0
7913 0
7913 0
7913 0
7913 0
7913 0
7913 0
7913 0
7913 0
7913 0
7913 0
7913 0
7913 0
7913 0
7913 0
7913 0
7913 0
7913 0
7913 0
7913 0
7913 0
7913 0
7913 0
7913 33.08
7913 0
7913 0
7913 0
7913 0
7913 0
7913 0
7913 0
7913 0
7913 0
7913 0
7914 0
7914 42.43
7914 0
7914 0
7914 0
7914 0
7914 0
7914 0
7914 0
7914 0
7914 0
7914 0
7914 0
7914 0
7914 0
7914 0
7914 0
7914 0
7914 0
7914 0
7914 0
7914 0
7914 0
7914 0
7914 0
7914 0
7914 0
7914 3.41
7914 0
7914 0
7914 0
7914 0
7914 0
7914 0
7914 0
7914 0
7914 0
7914 0
7915 0
7915 1.25
7915 0
7915 0
7915 0
7915 0
7915 0
7915 0
7915 0
7915 0
7915 0
7915 0
7915 0
7915 0
7915 0
7915 0
7915 0
7915 0
7915 0
7915 0
7915 0
7915 0
7915 0
7915 0
7915 0
7915 0
7915 0
7915 2.68
7915 0
7915 0
7915 0
7915 0
7915 0
7915 0
7915 0
7915 0
7915 0
7915 0
7916 0
7916 5.26
7916 0
7916 0
7916 0
7916 0
7916 0
7916 0
7916 0
7916 0
7916 0
7916 0
7916 0
7916 0
7916 0
7916 0
7916 0
7916 0
7916 0
7916 0
7916 0
7916 0
7916 0
7916 0
7916 0
7916 0
7916 0
7916 2.47
7916 0
7916 0
7916 36.17
7916 0
7916 0
7916 0
7916 0
7916 0
7916 0
7916 0
7917 0
7917 2.7
7917 0
7917 0
7917 0
7917 0
7917 0
7917 0
7917 0
7917 0
7917 0
7917 0
7917 0
7917 0
7917 0
7917 0
7917 0
7917 0
7917 0
7917 0
7917 0
7917 0
7917 0
7917 0
7917 0
7917 0
7917 0
7917 1.37
7917 0
7917 0
7917 0
7917 0
7917 0
7917 0
7917 0
7917 0
7917 0
7917 0
7976 0
7976 2.35
7976 0
7976 0
7976 0
7976 0
7976 0
7976 0
7976 0
7976 0
7976 0
7976 0
7976 32.77
7976 0
7976 0
7976 0
7976 0
7976 0
7976 0
7976 0
7976 0
7976 0
7976 0
7976 0
7976 27.54
7976 0
7976 0
7976 0
7976 0
7976 0
7976 0
7976 0
7976 0
7976 0
7976 0
7976 0
7976 0
7976 0
7977 0
7977 2.71
7977 0
7977 0
7977 0
7977 0
7977 0
7977 0
7977 0
7977 0
7977 0
7977 0
7977 43.65
7977 0
7977 0
7977 0
7977 0
7977 0
7977 0
7977 0
7977 0
7977 0
7977 0
7977 0
7977 45.92
7977 0
7977 0
7977 0
7977 0
7977 0
7977 0
7977 0
7977 0
7977 0
7977 0
7977 0
7977 0
7977 0
7978 0
7978 3.08
7978 0
7978 0
7978 0
7978 0
7978 0
7978 0
7978 0
7978 0
7978 0
7978 0
7978 32.77
7978 0
7978 0
7978 0
7978 0
7978 0
7978 0
7978 0
7978 0
7978 0
7978 0
7978 0
7978 42.66
7978 0
7978 0
7978 0
7978 0
7978 0
7978 0
7978 0
7978 0
7978 0
7978 0
7978 0
7978 0
7978 0
7982 0
7982 0.87
7982 0
7982 0
7982 0
7982 0
7982 0
7982 0
7982 42.83
7982 0
7982 0
7982 0
7982 38.24
7982 0
7982 0
7982 0
7982 0
7982 0
7982 0
7982 0
7982 0
7982 0
7982 0
7982 0
7982 34.34
7982 0
7982 0
7982 0.95
7982 0
7982 0
7982 0
7982 0
7982 0
7982 0
7982 0
7982 0
7982 0
7982 0
7983 0
7983 1.68
7983 0
7983 0
7983 0
7983 0
7983 0
7983 0
7983 30.07
7983 0
7983 0
7983 0
7983 28.14
7983 0
7983 0
7983 0
7983 0
7983 0
7983 0
7983 0
7983 0
7983 0
7983 0
7983 0
7983 32.72
7983 0
7983 0
7983 0.63
7983 0
7983 0
7983 0
7983 0
7983 0
7983 0
7983 0
7983 0
7983 0
7983 0
7984 0
7984 3.24
7984 0
7984 0
7984 0
7984 0
7984 0
7984 0
7984 0
7984 0
7984 0
7984 0
7984 0
7984 0
7984 0
7984 0
7984 0
7984 0
7984 0
7984 0
7984 0
7984 0
7984 0
7984 0
7984 0
7984 0
7984 0
7984 2.51
7984 0
7984 0
7984 0
7984 0
7984 0
7984 0
7984 0
7984 0
7984 0
7984 0
7985 0
7985 2.57
7985 0
7985 0
7985 0
7985 0
7985 0
7985 0
7985 0
7985 0
7985 0
7985 0
7985 0
7985 0
7985 0
7985 0
7985 0
7985 0
7985 0
7985 0
7985 0
7985 0
7985 0
7985 0
7985 0
7985 0
7985 0
7985 1.68
7985 0
7985 0
7985 0
7985 0
7985 0
7985 0
7985 0
7985 0
7985 0
7985 0
7986 0
7986 3.15
7986 0
7986 0
7986 0
7986 0
7986 0
7986 0
7986 42.83
7986 0
7986 0
7986 0
7986 11.27
7986 0
7986 0
7986 0
7986 0
7986 0
7986 0
7986 0
7986 0
7986 0
7986 0
7986 0
7986 35.21
7986 0
7986 0
7986 0.74
7986 0
7986 0
7986 36.17
7986 0
7986 0
7986 0
7986 0
7986 0
7986 0
7986 0
7987 0
7987 2.53
7987 0
7987 0
7987 0
7987 0
7987 0
7987 0
7987 0
7987 0
7987 0
7987 0
7987 37.05
7987 0
7987 0
7987 0
7987 0
7987 0
7987 0
7987 0
7987 0
7987 0
7987 0
7987 0
7987 48.35
7987 0
7987 0
7987 0.76
7987 0
7987 0
7987 0
7987 0
7987 0
7987 0
7987 0
7987 0
7987 0
7987 0
8040 0
8040 32.84
8040 0
8040 0
8040 0
8040 0
8040 0
8040 0
8040 0
8040 0
8040 0
8040 0
8040 44.27
8040 0
8040 0
8040 0
8040 0
8040 0
8040 0
8040 0
8040 0
8040 0
8040 0
8040 0
8040 0
8040 0
8040 0
8040 0
8040 0
8040 0
8040 0
8040 0
8040 0
8040 0
8040 0
8040 0
8040 0
8040 0
8041 0
8041 2.45
8041 0
8041 0
8041 0
8041 0
8041 0
8041 0
8041 0
8041 0
8041 0
8041 0
8041 58.29
8041 0
8041 0
8041 0
8041 0
8041 0
8041 0
8041 0
8041 0
8041 0
8041 0
8041 0
8041 45.92
8041 0
8041 0
8041 0
8041 0
8041 0
8041 0
8041 0
8041 0
8041 0
8041 0
8041 0
8041 0
8041 0
8043 0
8043 39.57
8043 0
8043 0
8043 0
8043 0
8043 0
8043 0
8043 0
8043 0
8043 0
8043 0
8043 33.12
8043 0
8043 0
8043 0
8043 0
8043 0
8043 0
8043 0
8043 0
8043 0
8043 0
8043 0
8043 28.79
8043 0
8043 0
8043 0
8043 0
8043 0
8043 0
8043 0
8043 0
8043 0
8043 0
8043 0
8043 0
8043 0
8044 0
8044 35.15
8044 0
8044 0
8044 0
8044 0
8044 0
8044 0
8044 0
8044 0
8044 0
8044 0
8044 40.19
8044 0
8044 0
8044 0
8044 0
8044 0
8044 0
8044 0
8044 0
8044 0
8044 0
8044 0
8044 31.26
8044 0
8044 0
8044 26.05
8044 0
8044 0
8044 0
8044 0
8044 0
8044 0
8044 0
8044 0
8044 0
8044 0
8045 0
8045 14.05
8045 0
8045 0
8045 0
8045 0
8045 0
8045 0
8045 0
8045 0
8045 0
8045 0
8045 10.42
8045 0
8045 0
8045 0
8045 0
8045 0
8045 0
8045 0
8045 0
8045 0
8045 0
8045 0
8045 10.41
8045 0
8045 0
8045 9.96
8045 0
8045 0
8045 0
8045 0
8045 0
8045 0
8045 0
8045 0
8045 0
8045 0
8046 0
8046 1.12
8046 0
8046 0
8046 0
8046 0
8046 0
8046 0
8046 36.47
8046 0
8046 0
8046 0
8046 39.29
8046 0
8046 0
8046 0
8046 0
8046 0
8046 0
8046 0
8046 0
8046 0
8046 0
8046 0
8046 38.99
8046 0
8046 0
8046 1.04
8046 0
8046 0
8046 36.17
8046 0
8046 0
8046 0
8046 0
8046 0
8046 0
8046 0
8047 0
8047 1.33
8047 0
8047 0
8047 0
8047 0
8047 0
8047 0
8047 0
8047 0
8047 0
8047 0
8047 0
8047 0
8047 0
8047 0
8047 0
8047 0
8047 0
8047 0
8047 0
8047 0
8047 0
8047 0
8047 0
8047 0
8047 0
8047 0.76
8047 0
8047 0
8047 36.17
8047 0
8047 0
8047 0
8047 0
8047 0
8047 0
8047 0
8048 0
8048 1.17
8048 0
8048 0
8048 0
8048 0
8048 0
8048 0
8048 0
8048 0
8048 0
8048 0
8048 0
8048 0
8048 0
8048 0
8048 0
8048 0
8048 0
8048 0
8048 0
8048 0
8048 0
8048 0
8048 0
8048 0
8048 0
8048 0.54
8048 0
8048 0
8048 0
8048 0
8048 0
8048 0
8048 0
8048 0
8048 0
8048 0
8049 0
8049 0.93
8049 0
8049 0
8049 0
8049 0
8049 0
8049 0
8049 0
8049 0
8049 0
8049 0
8049 0
8049 0
8049 0
8049 0
8049 0
8049 0
8049 0
8049 0
8049 0
8049 0
8049 0
8049 0
8049 0
8049 0
8049 0
8049 0.73
8049 0
8049 0
8049 0
8049 0
8049 0
8049 0
8049 0
8049 0
8049 0
8049 0
8100 0
8100 45.16
8100 0
8100 0
8100 0
8100 0
8100 0
8100 0
8100 0
8100 0
8100 0
8100 0
8100 0
8100 0
8100 0
8100 0
8100 0
8100 0
8100 0
8100 0
8100 0
8100 0
8100 0
8100 0
8100 27.54
8100 0
8100 0
8100 0
8100 0
8100 0
8100 0
8100 0
8100 0
8100 0
8100 0
8100 0
8100 0
8100 0
8101 0
8101 47.7
8101 0
8101 0
8101 0
8101 0
8101 0
8101 0
8101 0
8101 0
8101 0
8101 0
8101 14.16
8101 0
8101 0
8101 0
8101 0
8101 0
8101 0
8101 0
8101 0
8101 0
8101 0
8101 0
8101 28.5
8101 0
8101 0
8101 23.21
8101 0
8101 0
8101 0
8101 0
8101 0
8101 0
8101 0
8101 0
8101 0
8101 0
8102 0
8102 50.43
8102 0
8102 0
8102 0
8102 0
8102 0
8102 0
8102 0
8102 0
8102 0
8102 0
8102 3.45
8102 0
8102 0
8102 0
8102 0
8102 0
8102 0
8102 0
8102 0
8102 0
8102 0
8102 0
8102 28.79
8102 0
8102 0
8102 23.21
8102 0
8102 0
8102 0
8102 0
8102 0
8102 0
8102 0
8102 0
8102 0
8102 0
8103 0
8103 39.57
8103 0
8103 0
8103 0
8103 0
8103 0
8103 0
8103 0
8103 0
8103 0
8103 0
8103 33.12
8103 0
8103 0
8103 0
8103 0
8103 0
8103 0
8103 0
8103 0
8103 0
8103 0
8103 0
8103 28.79
8103 0
8103 0
8103 0
8103 0
8103 0
8103 0
8103 0
8103 0
8103 0
8103 0
8103 0
8103 0
8103 0
8105 0
8105 35.15
8105 0
8105 0
8105 0
8105 0
8105 0
8105 0
8105 0
8105 0
8105 0
8105 0
8105 40.19
8105 0
8105 0
8105 0
8105 0
8105 0
8105 0
8105 0
8105 0
8105 0
8105 0
8105 0
8105 31.26
8105 0
8105 0
8105 26.05
8105 0
8105 0
8105 0
8105 0
8105 0
8105 0
8105 0
8105 0
8105 0
8105 0
8106 0
8106 1.36
8106 0
8106 0
8106 0
8106 0
8106 0
8106 0
8106 0
8106 0
8106 0
8106 0
8106 44.95
8106 0
8106 0
8106 0
8106 0
8106 0
8106 0
8106 0
8106 0
8106 0
8106 0
8106 0
8106 43.28
8106 0
8106 0
8106 5.28
8106 0
8106 0
8106 0
8106 0
8106 0
8106 0
8106 0
8106 0
8106 0
8106 0
8107 0
8107 1.69
8107 0
8107 0
8107 0
8107 0
8107 0
8107 0
8107 36.47
8107 0
8107 0
8107 0
8107 6.15
8107 0
8107 0
8107 0
8107 0
8107 0
8107 0
8107 0
8107 0
8107 0
8107 0
8107 0
8107 2.84
8107 0
8107 0
8107 0.83
8107 0
8107 0
8107 36.17
8107 0
8107 0
8107 0
8107 0
8107 0
8107 0
8107 0
8108 0
8108 1.53
8108 0
8108 0
8108 0
8108 0
8108 0
8108 0
8108 0
8108 0
8108 0
8108 0
8108 0
8108 0
8108 0
8108 0
8108 0
8108 0
8108 0
8108 0
8108 0
8108 0
8108 0
8108 0
8108 0
8108 0
8108 0
8108 1.5
8108 0
8108 0
8108 36.17
8108 0
8108 0
8108 0
8108 0
8108 0
8108 0
8108 0
8159 0
8159 39.64
8159 0
8159 0
8159 0
8159 0
8159 0
8159 0
8159 0
8159 0
8159 0
8159 0
8159 29.5
8159 0
8159 0
8159 0
8159 0
8159 0
8159 0
8159 0
8159 0
8159 0
8159 0
8159 0
8159 0
8159 0
8159 0
8159 23.21
8159 0
8159 0
8159 0
8159 0
8159 0
8159 0
8159 0
8159 0
8159 0
8159 0
8160 0
8160 1.46
8160 0
8160 0
8160 0
8160 0
8160 0
8160 0
8160 0
8160 0
8160 0
8160 0
8160 39.07
8160 0
8160 0
8160 0
8160 0
8160 0
8160 0
8160 0
8160 0
8160 0
8160 0
8160 0
8160 8.18
8160 0
8160 0
8160 30.97
8160 0
8160 0
8160 0
8160 0
8160 0
8160 0
8160 0
8160 0
8160 0
8160 0
8161 0
8161 51.22
8161 0
8161 0
8161 0
8161 0
8161 0
8161 0
8161 0
8161 0
8161 0
8161 0
8161 7.94
8161 0
8161 0
8161 0
8161 0
8161 0
8161 0
8161 0
8161 0
8161 0
8161 0
8161 0
8161 50.11
8161 0
8161 0
8161 23.21
8161 0
8161 0
8161 0
8161 0
8161 0
8161 0
8161 0
8161 0
8161 0
8161 0
8162 0
8162 56.25
8162 0
8162 0
8162 0
8162 0
8162 0
8162 0
8162 0
8162 0
8162 0
8162 0
8162 6.53
8162 0
8162 0
8162 0
8162 0
8162 0
8162 0
8162 0
8162 0
8162 0
8162 0
8162 0
8162 28.79
8162 0
8162 0
8162 23.21
8162 0
8162 0
8162 0
8162 0
8162 0
8162 0
8162 0
8162 0
8162 0
8162 0
8218 0
8218 39.19
8218 0
8218 0
8218 0
8218 0
8218 0
8218 0
8218 0
8218 0
8218 0
8218 0
8218 6.09
8218 0
8218 0
8218 0
8218 0
8218 0
8218 0
8218 0
8218 0
8218 0
8218 0
8218 0
8218 44.41
8218 0
8218 0
8218 2.93
8218 0
8218 0
8218 0
8218 0
8218 0
8218 0
8218 0
8218 0
8218 0
8218 0
8219 0
8219 1.03
8219 0
8219 0
8219 0
8219 0
8219 0
8219 0
8219 0
8219 0
8219 0
8219 0
8219 43.23
8219 0
8219 0
8219 0
8219 0
8219 0
8219 0
8219 0
8219 0
8219 0
8219 0
8219 0
8219 56.52
8219 0
8219 0
8219 0
8219 0
8219 0
8219 0
8219 0
8219 0
8219 0
8219 0
8219 0
8219 0
8219 0
8220 0
8220 32.74
8220 0
8220 0
8220 0
8220 0
8220 0
8220 0
8220 0
8220 0
8220 0
8220 0
8220 47.08
8220 0
8220 0
8220 0
8220 0
8220 0
8220 0
8220 0
8220 0
8220 0
8220 0
8220 0
8220 8.18
8220 0
8220 0
8220 30.97
8220 0
8220 0
8220 0
8220 0
8220 0
8220 0
8220 0
8220 0
8220 0
8220 0
8272 0
8272 39.05
8272 0
8272 0
8272 0
8272 0
8272 0
8272 0
8272 0
8272 0
8272 0
8272 0
8272 0
8272 0
8272 0
8272 0
8272 0
8272 0
8272 0
8272 0
8272 0
8272 0
8272 0
8272 0
8272 0
8272 0
8272 0
8272 0
8272 0
8272 0
8272 0
8272 0
8272 0
8272 0
8272 0
8272 0
8272 0
8272 0
8273 0
8273 9.64
8273 0
8273 0
8273 0
8273 0
8273 0
8273 0
8273 0
8273 0
8273 0
8273 0
8273 40.34
8273 0
8273 0
8273 0
8273 0
8273 0
8273 0
8273 0
8273 0
8273 0
8273 0
8273 0
8273 0
8273 0
8273 0
8273 0
8273 0
8273 0
8273 0
8273 0
8273 0
8273 0
8273 0
8273 0
8273 0
8273 0
8323 0
8323 7.69
8323 0
8323 0
8323 0
8323 0
8323 0
8323 0
8323 0
8323 0
8323 0
8323 0
8323 40.34
8323 0
8323 0
8323 0
8323 0
8323 0
8323 0
8323 0
8323 0
8323 0
8323 0
8323 0
8323 0
8323 0
8323 0
8323 0
8323 0
8323 0
8323 0
8323 0
8323 0
8323 0
8323 0
8323 0
8323 0
8323 0
8324 0
8324 11.61
8324 0
8324 0
8324 0
8324 0
8324 0
8324 0
8324 0
8324 0
8324 0
8324 0
8324 40.34
8324 0
8324 0
8324 0
8324 0
8324 0
8324 0
8324 0
8324 0
8324 0
8324 0
8324 0
8324 0
8324 0
8324 0
8324 0
8324 0
8324 0
8324 0
8324 0
8324 0
8324 0
8324 0
8324 0
8324 0
8324 0
8334 0
8334 35.32
8334 0
8334 0
8334 0
8334 0
8334 0
8334 0
8334 0
8334 0
8334 0
8334 0
8334 40.34
8334 0
8334 0
8334 0
8334 0
8334 0
8334 0
8334 0
8334 0
8334 0
8334 0
8334 0
8334 0
8334 0
8334 0
8334 0
8334 0
8334 0
8334 0
8334 0
8334 0
8334 0
8334 0
8334 0
8334 0
8334 0
8373 0
8373 49.46
8373 0
8373 0
8373 0
8373 0
8373 0
8373 0
8373 0
8373 0
8373 0
8373 0
8373 0
8373 0
8373 0
8373 0
8373 0
8373 0
8373 0
8373 0
8373 0
8373 0
8373 0
8373 0
8373 0
8373 0
8373 0
8373 0
8373 0
8373 0
8373 0
8373 0
8373 0
8373 0
8373 0
8373 0
8373 0
8373 0
8374 0
8374 59.59
8374 0
8374 0
8374 0
8374 0
8374 0
8374 0
8374 0
8374 0
8374 0
8374 0
8374 0
8374 0
8374 0
8374 0
8374 0
8374 0
8374 0
8374 0
8374 0
8374 0
8374 0
8374 0
8374 0
8374 0
8374 0
8374 0
8374 0
8374 0
8374 0
8374 0
8374 0
8374 0
8374 0
8374 0
8374 0
8374 0
8375 0
8375 35.32
8375 0
8375 0
8375 0
8375 0
8375 0
8375 0
8375 0
8375 0
8375 0
8375 0
8375 40.34
8375 0
8375 0
8375 0
8375 0
8375 0
8375 0
8375 0
8375 0
8375 0
8375 0
8375 0
8375 0
8375 0
8375 0
8375 0
8375 0
8375 0
8375 0
8375 0
8375 0
8375 0
8375 0
8375 0
8375 0
8375 0
8382 0
8382 30.46
8382 0
8382 0
8382 0
8382 0
8382 0
8382 0
8382 0
8382 0
8382 0
8382 0
8382 0
8382 0
8382 0
8382 0
8382 0
8382 0
8382 0
8382 0
8382 0
8382 0
8382 0
8382 0
8382 0
8382 0
8382 0
8382 0
8382 0
8382 0
8382 0
8382 0
8382 0
8382 0
8382 0
8382 0
8382 0
8382 0
8383 0
8383 30.46
8383 0
8383 0
8383 0
8383 0
8383 0
8383 0
8383 0
8383 0
8383 0
8383 0
8383 0
8383 0
8383 0
8383 0
8383 0
8383 0
8383 0
8383 0
8383 0
8383 0
8383 0
8383 0
8383 0
8383 0
8383 0
8383 0
8383 0
8383 0
8383 0
8383 0
8383 0
8383 0
8383 0
8383 0
8383 0
8383 0
8423 0
8423 5.8
8423 0
8423 0
8423 0
8423 0
8423 0
8423 0
8423 0
8423 0
8423 0
8423 0
8423 40.34
8423 0
8423 0
8423 0
8423 0
8423 0
8423 0
8423 0
8423 0
8423 0
8423 0
8423 0
8423 0
8423 0
8423 0
8423 0
8423 0
8423 0
8423 0
8423 0
8423 0
8423 0
8423 0
8423 0
8423 0
8423 0
8424 0
8424 12.76
8424 0
8424 0
8424 0
8424 0
8424 0
8424 0
8424 0
8424 0
8424 0
8424 0
8424 40.34
8424 0
8424 0
8424 0
8424 0
8424 0
8424 0
8424 0
8424 0
8424 0
8424 0
8424 0
8424 0
8424 0
8424 0
8424 0
8424 0
8424 0
8424 0
8424 0
8424 0
8424 0
8424 0
8424 0
8424 0
8424 0
8425 0
8425 47.11
8425 0
8425 0
8425 0
8425 0
8425 0
8425 0
8425 0
8425 0
8425 0
8425 0
8425 54.68
8425 0
8425 0
8425 0
8425 0
8425 0
8425 0
8425 0
8425 0
8425 0
8425 0
8425 0
8425 0
8425 0
8425 0
8425 0
8425 0
8425 0
8425 0
8425 0
8425 0
8425 0
8425 0
8425 0
8425 0
8425 0
8426 0
8426 35.32
8426 0
8426 0
8426 0
8426 0
8426 0
8426 0
8426 0
8426 0
8426 0
8426 0
8426 40.34
8426 0
8426 0
8426 0
8426 0
8426 0
8426 0
8426 0
8426 0
8426 0
8426 0
8426 0
8426 0
8426 0
8426 0
8426 0
8426 0
8426 0
8426 0
8426 0
8426 0
8426 0
8426 0
8426 0
8426 0
8426 0
8430 0
8430 39.05
8430 0
8430 0
8430 0
8430 0
8430 0
8430 0
8430 0
8430 0
8430 0
8430 0
8430 0
8430 0
8430 0
8430 0
8430 0
8430 0
8430 0
8430 0
8430 0
8430 0
8430 0
8430 0
8430 0
8430 0
8430 0
8430 0
8430 0
8430 0
8430 0
8430 0
8430 0
8430 0
8430 0
8430 0
8430 0
8430 0
8431 0
8431 5.8
8431 0
8431 0
8431 0
8431 0
8431 0
8431 0
8431 0
8431 0
8431 0
8431 0
8431 40.34
8431 0
8431 0
8431 0
8431 0
8431 0
8431 0
8431 0
8431 0
8431 0
8431 0
8431 0
8431 0
8431 0
8431 0
8431 0
8431 0
8431 0
8431 0
8431 0
8431 0
8431 0
8431 0
8431 0
8431 0
8431 0
8472 0
8472 11.5
8472 0
8472 0
8472 0
8472 0
8472 0
8472 0
8472 0
8472 0
8472 0
8472 0
8472 0
8472 0
8472 0
8472 0
8472 0
8472 0
8472 0
8472 0
8472 0
8472 0
8472 0
8472 0
8472 0
8472 0
8472 0
8472 0
8472 0
8472 0
8472 0
8472 0
8472 0
8472 0
8472 0
8472 0
8472 0
8472 0
8473 0
8473 37.39
8473 0
8473 0
8473 0
8473 0
8473 0
8473 0
8473 0
8473 0
8473 0
8473 0
8473 40.34
8473 0
8473 0
8473 0
8473 0
8473 0
8473 0
8473 0
8473 0
8473 0
8473 0
8473 0
8473 0
8473 0
8473 0
8473 0
8473 0
8473 0
8473 0
8473 0
8473 0
8473 0
8473 0
8473 0
8473 0
8473 0
8474 0
8474 7.69
8474 0
8474 0
8474 0
8474 0
8474 0
8474 0
8474 0
8474 0
8474 0
8474 0
8474 40.34
8474 0
8474 0
8474 0
8474 0
8474 0
8474 0
8474 0
8474 0
8474 0
8474 0
8474 0
8474 0
8474 0
8474 0
8474 0
8474 0
8474 0
8474 0
8474 0
8474 0
8474 0
8474 0
8474 0
8474 0
8474 0
8475 0
8475 7.08
8475 0
8475 0
8475 0
8475 0
8475 0
8475 0
8475 0
8475 0
8475 0
8475 0
8475 40.34
8475 0
8475 0
8475 0
8475 0
8475 0
8475 0
8475 0
8475 0
8475 0
8475 0
8475 0
8475 0
8475 0
8475 0
8475 0
8475 0
8475 0
8475 0
8475 0
8475 0
8475 0
8475 0
8475 0
8475 0
8475 0
8476 0
8476 7.08
8476 0
8476 0
8476 0
8476 0
8476 0
8476 0
8476 0
8476 0
8476 0
8476 0
8476 40.34
8476 0
8476 0
8476 0
8476 0
8476 0
8476 0
8476 0
8476 0
8476 0
8476 0
8476 0
8476 0
8476 0
8476 0
8476 0
8476 0
8476 0
8476 0
8476 0
8476 0
8476 0
8476 0
8476 0
8476 0
8476 0
8477 0
8477 5.8
8477 0
8477 0
8477 0
8477 0
8477 0
8477 0
8477 0
8477 0
8477 0
8477 0
8477 40.34
8477 0
8477 0
8477 0
8477 0
8477 0
8477 0
8477 0
8477 0
8477 0
8477 0
8477 0
8477 0
8477 0
8477 0
8477 0
8477 0
8477 0
8477 0
8477 0
8477 0
8477 0
8477 0
8477 0
8477 0
8477 0
8478 0
8478 11.5
8478 0
8478 0
8478 0
8478 0
8478 0
8478 0
8478 0
8478 0
8478 0
8478 0
8478 0
8478 0
8478 0
8478 0
8478 0
8478 0
8478 0
8478 0
8478 0
8478 0
8478 0
8478 0
8478 0
8478 0
8478 0
8478 0
8478 0
8478 0
8478 0
8478 0
8478 0
8478 0
8478 0
8478 0
8478 0
8478 0
8479 0
8479 30.46
8479 0
8479 0
8479 0
8479 0
8479 0
8479 0
8479 0
8479 0
8479 0
8479 0
8479 0
8479 0
8479 0
8479 0
8479 0
8479 0
8479 0
8479 0
8479 0
8479 0
8479 0
8479 0
8479 0
8479 0
8479 0
8479 0
8479 0
8479 0
8479 0
8479 0
8479 0
8479 0
8479 0
8479 0
8479 0
8479 0
8521 0
8521 39.05
8521 0
8521 0
8521 0
8521 0
8521 0
8521 0
8521 0
8521 0
8521 0
8521 0
8521 0
8521 0
8521 0
8521 0
8521 0
8521 0
8521 0
8521 0
8521 0
8521 0
8521 0
8521 0
8521 0
8521 0
8521 0
8521 0
8521 0
8521 0
8521 0
8521 0
8521 0
8521 0
8521 0
8521 0
8521 0
8521 0
8522 0
8522 39.05
8522 0
8522 0
8522 0
8522 0
8522 0
8522 0
8522 0
8522 0
8522 0
8522 0
8522 0
8522 0
8522 0
8522 0
8522 0
8522 0
8522 0
8522 0
8522 0
8522 0
8522 0
8522 0
8522 0
8522 0
8522 0
8522 0
8522 0
8522 0
8522 0
8522 0
8522 0
8522 0
8522 0
8522 0
8522 0
8522 0
8523 0
8523 11.5
8523 0
8523 0
8523 0
8523 0
8523 0
8523 0
8523 0
8523 0
8523 0
8523 0
8523 0
8523 0
8523 0
8523 0
8523 0
8523 0
8523 0
8523 0
8523 0
8523 0
8523 0
8523 0
8523 0
8523 0
8523 0
8523 0
8523 0
8523 0
8523 0
8523 0
8523 0
8523 0
8523 0
8523 0
8523 0
8523 0
