pt_graph shape
1485 0
1485 0
1485 0
1485 0
1485 0
1485 0
1485 0
1485 0
1485 0
1485 0
1485 0
1485 0
1485 0
1485 0
1485 0
1485 0
1485 0
1485 0
1485 0
1485 0
1485 0
1485 0
1485 0
1485 0
1485 0
1485 0
1485 0
1485 0
1485 0
1485 0
1485 0
1485 0
1485 0
1485 0
1485 0
1485 0
1485 0
1485 1.46
1579 0
1579 0
1579 0
1579 0
1579 0
1579 0
1579 0
1579 0
1579 0
1579 0
1579 0
1579 0
1579 0
1579 0
1579 0
1579 0
1579 0
1579 0
1579 0
1579 0
1579 0
1579 0
1579 0
1579 0
1579 0
1579 0
1579 0
1579 0
1579 0
1579 0
1579 0
1579 0
1579 0
1579 0
1579 0
1579 0
1579 0
1579 2.41
1582 0
1582 0
1582 0
1582 0
1582 0
1582 0
1582 0
1582 0
1582 0
1582 0
1582 0
1582 0
1582 0
1582 0
1582 0
1582 0
1582 0
1582 0
1582 0
1582 0
1582 0
1582 0
1582 0
1582 0
1582 0
1582 0
1582 0
1582 0
1582 0
1582 0
1582 0
1582 0
1582 0
1582 0
1582 0
1582 0
1582 0
1582 1.46
1673 0
1673 0
1673 0
1673 0
1673 0
1673 0
1673 0
1673 0
1673 0
1673 0
1673 0
1673 0
1673 0
1673 0
1673 0
1673 0
1673 0
1673 0
1673 0
1673 0
1673 0
1673 0
1673 0
1673 0
1673 0
1673 0
1673 0
1673 0
1673 0
1673 0
1673 0
1673 0
1673 0
1673 0
1673 0
1673 0
1673 0
1673 1.46
1674 0
1674 0
1674 0
1674 0
1674 0
1674 0
1674 0
1674 0
1674 0
1674 0
1674 0
1674 0
1674 0
1674 0
1674 0
1674 0
1674 0
1674 0
1674 0
1674 0
1674 0
1674 0
1674 0
1674 0
1674 0
1674 0
1674 0
1674 0
1674 0
1674 0
1674 0
1674 0
1674 0
1674 0
1674 0
1674 0
1674 0
1674 5.49
1675 0
1675 0
1675 0
1675 0
1675 0
1675 0
1675 0
1675 0
1675 0
1675 0
1675 0
1675 0
1675 0
1675 0
1675 0
1675 0
1675 0
1675 0
1675 0
1675 0
1675 0
1675 0
1675 0
1675 0
1675 0
1675 0
1675 0
1675 0
1675 0
1675 0
1675 0
1675 0
1675 0
1675 0
1675 0
1675 0
1675 0
1675 2.48
1676 0
1676 0
1676 0
1676 0
1676 0
1676 0
1676 0
1676 0
1676 0
1676 0
1676 0
1676 0
1676 0
1676 0
1676 0
1676 0
1676 0
1676 0
1676 0
1676 0
1676 0
1676 0
1676 0
1676 0
1676 0
1676 0
1676 0
1676 0
1676 0
1676 0
1676 0
1676 0
1676 0
1676 0
1676 0
1676 0
1676 0
1676 2.86
1771 0
1771 0
1771 0
1771 0
1771 0
1771 0
1771 0
1771 0
1771 0
1771 0
1771 0
1771 0
1771 0
1771 0
1771 0
1771 0
1771 0
1771 0
1771 0
1771 0
1771 0
1771 0
1771 0
1771 0
1771 0
1771 0
1771 0
1771 0
1771 0
1771 0
1771 0
1771 0
1771 0
1771 0
1771 0
1771 0
1771 0
1771 0.92
1772 0
1772 0
1772 0
1772 0
1772 0
1772 0
1772 0
1772 0
1772 0
1772 0
1772 0
1772 0
1772 0
1772 0
1772 0
1772 0
1772 0
1772 0
1772 0
1772 0
1772 0
1772 0
1772 0
1772 0
1772 0
1772 0
1772 0
1772 0
1772 0
1772 0
1772 0
1772 0
1772 0
1772 0
1772 0
1772 0
1772 0
1772 2.87
1862 0
1862 0
1862 0
1862 0
1862 0
1862 0
1862 0
1862 0
1862 0
1862 0
1862 0
1862 0
1862 0
1862 0
1862 0
1862 0
1862 0
1862 0
1862 0
1862 0
1862 0
1862 0
1862 0
1862 0
1862 0
1862 0
1862 0
1862 0
1862 0
1862 0
1862 0
1862 0
1862 0
1862 0
1862 0
1862 0
1862 0
1862 0.92
1947 0
1947 0
1947 0
1947 0
1947 0
1947 0
1947 0
1947 0
1947 0
1947 0
1947 0
1947 0
1947 0
1947 0
1947 0
1947 0
1947 0
1947 0
1947 0
1947 0
1947 0
1947 0
1947 0
1947 0
1947 0
1947 0
1947 0
1947 0
1947 0
1947 0
1947 0
1947 0
1947 0
1947 0
1947 0
1947 0
1947 0
1947 1.62
2033 0
2033 0
2033 0
2033 0
2033 0
2033 0
2033 0
2033 0
2033 0
2033 0
2033 0
2033 0
2033 0
2033 0
2033 0
2033 0
2033 0
2033 0
2033 0
2033 0
2033 0
2033 0
2033 0
2033 0
2033 0
2033 0
2033 0
2033 0
2033 0
2033 0
2033 0
2033 0
2033 0
2033 0
2033 0
2033 0
2033 0
2033 5.49
2034 0
2034 0
2034 0
2034 0
2034 0
2034 0
2034 0
2034 0
2034 0
2034 0
2034 0
2034 0
2034 0
2034 0
2034 0
2034 0
2034 0
2034 0
2034 0
2034 0
2034 0
2034 0
2034 0
2034 0
2034 0
2034 0
2034 0
2034 0
2034 0
2034 0
2034 0
2034 0
2034 0
2034 0
2034 0
2034 0
2034 0
2034 4.04
2036 0
2036 0
2036 0
2036 0
2036 0
2036 0
2036 0
2036 0
2036 0
2036 0
2036 0
2036 0
2036 0
2036 0
2036 0
2036 0
2036 0
2036 0
2036 0
2036 0
2036 0
2036 0
2036 0
2036 0
2036 0
2036 0
2036 0
2036 0
2036 0
2036 0
2036 0
2036 0
2036 0
2036 0
2036 0
2036 0
2036 0
2036 1.66
2126 0
2126 0
2126 0
2126 0
2126 0
2126 0
2126 0
2126 0
2126 0
2126 0
2126 0
2126 0
2126 0
2126 0
2126 0
2126 0
2126 0
2126 0
2126 0
2126 0
2126 0
2126 0
2126 0
2126 0
2126 0
2126 0
2126 0
2126 0
2126 0
2126 0
2126 0
2126 0
2126 0
2126 0
2126 0
2126 0
2126 0
2126 2.98
2127 0
2127 0
2127 0
2127 0
2127 0
2127 0
2127 0
2127 0
2127 0
2127 0
2127 0
2127 0
2127 0
2127 0
2127 0
2127 0
2127 0
2127 0
2127 0
2127 0
2127 0
2127 0
2127 0
2127 0
2127 0
2127 0
2127 0
2127 0
2127 0
2127 0
2127 0
2127 0
2127 0
2127 0
2127 0
2127 0
2127 0
2127 2.96
2128 0
2128 0
2128 0
2128 0
2128 0
2128 0
2128 0
2128 0
2128 0
2128 0
2128 0
2128 0
2128 0
2128 0
2128 0
2128 0
2128 0
2128 0
2128 0
2128 0
2128 0
2128 0
2128 0
2128 0
2128 0
2128 0
2128 0
2128 0
2128 0
2128 0
2128 0
2128 0
2128 0
2128 0
2128 0
2128 0
2128 0
2128 4.65
2217 0
2217 0
2217 0
2217 0
2217 0
2217 0
2217 0
2217 0
2217 0
2217 0
2217 0
2217 0
2217 0
2217 0
2217 0
2217 0
2217 0
2217 0
2217 0
2217 0
2217 0
2217 0
2217 0
2217 0
2217 0
2217 0
2217 0
2217 0
2217 0
2217 0
2217 0
2217 0
2217 0
2217 0
2217 0
2217 0
2217 0
2217 4.84
2392 0
2392 0
2392 0
2392 0
2392 0
2392 0
2392 0
2392 0
2392 0
2392 0
2392 0
2392 0
2392 0
2392 0
2392 0
2392 0
2392 0
2392 0
2392 0
2392 0
2392 0
2392 0
2392 0
2392 0
2392 0
2392 0
2392 0
2392 0
2392 0
2392 0
2392 0
2392 0
2392 0
2392 0
2392 0
2392 0
2392 0
2392 1.46
2479 0
2479 0
2479 0
2479 0
2479 0
2479 0
2479 0
2479 0
2479 0
2479 0
2479 0
2479 0
2479 0
2479 0
2479 0
2479 0
2479 0
2479 0
2479 0
2479 0
2479 0
2479 0
2479 0
2479 0
2479 0
2479 0
2479 0
2479 0
2479 0
2479 0
2479 0
2479 0
2479 0
2479 0
2479 0
2479 0
2479 0
2479 1.46
2649 0
2649 0
2649 0
2649 0
2649 0
2649 0
2649 0
2649 0
2649 0
2649 0
2649 0
2649 0
2649 0
2649 0
2649 0
2649 0
2649 0
2649 0
2649 0
2649 0
2649 0
2649 0
2649 0
2649 0
2649 0
2649 0
2649 0
2649 0
2649 0
2649 0
2649 0
2649 0
2649 0
2649 0
2649 0
2649 0
2649 0
2649 6.57
2650 0
2650 0
2650 0
2650 0
2650 0
2650 0
2650 0
2650 0
2650 0
2650 0
2650 0
2650 0
2650 0
2650 0
2650 0
2650 0
2650 0
2650 0
2650 0
2650 0
2650 0
2650 0
2650 0
2650 0
2650 0
2650 0
2650 0
2650 0
2650 0
2650 0
2650 0
2650 0
2650 0
2650 0
2650 0
2650 0
2650 0
2650 12.99
2736 0
2736 0
2736 0
2736 0
2736 0
2736 0
2736 0
2736 0
2736 0
2736 0
2736 0
2736 0
2736 0
2736 0
2736 0
2736 0
2736 0
2736 0
2736 0
2736 0
2736 0
2736 0
2736 0
2736 0
2736 0
2736 0
2736 0
2736 0
2736 0
2736 0
2736 0
2736 0
2736 0
2736 0
2736 0
2736 0
2736 0
2736 5.49
