0.7657554 0.2298032 0.0044414 0 0 0 0 0 0 0 0
0 0.6688563 0.3309505 0.0001932 0 0 0 0 0 0 0
0 0.0072254 0.9618497 0.0309249 0 0 0 0 0 0 0
0 0 0.5546773 0.4417891 0.0035336 0 0 0 0 0 0
0 0 0.0492233 0.8459592 0.1041194 0.0006982 0 0 0 0 0
0 0 0.0002494 0.4017456 0.576143 0.0216958 0.0001663 0 0 0 0
0 0 0 0.03088 0.6961535 0.2666202 0.0062689 0.0000774 0 0 0
0 0 0 0.0000727 0.1994037 0.684023 0.114319 0.0021817 0 0 0
0 0 0 0 0.0067732 0.41398 0.5214711 0.0568952 0.0008805 0 0
0 0 0 0 0.0000625 0.0473421 0.5397749 0.3793621 0.032833 0.0006254 0
0 0 0 0 0 0.0006339 0.1127118 0.5637893 0.2965887 0.025873 0.0004034
0 0 0 0 0 0 0.0030406 0.1651376 0.5431193 0.2628571 0.0258453
0 0 0 0 0 0 0.000049 0.0063241 0.1870281 0.5275517 0.279047
0 0 0 0 0 0 0 0 0.0079034 0.2126002 0.7794964
